0.382075
0.00570739
0.229705
0.325994
0.0722716
0.375298
0.276646
0.627306
0.390366
0.221336
0.360397
0.00010451
0.751511
0.194862
0.000302848
0.412906
0.0373715
0.112377
0.00880443
0.0100688
0.518184
0.259817
0.430722
0.00867615
0.180977
0.187914
0.221477
0.192435
0.217107
0.0531043
0.492124
0.0910161
0.522937
0.382861
0.000605177
0.679864
0.36032
0.172469
0.000157045
0.00108169
0.533846
0.000887798
0.500614
0.00486728
0.0435602
0.0044531
0.560633
0.438683
0.137461
0.403276
0.289149
0.147288
0.741014
0.467122
0.000114113
0.010964
0.308487
0.765658
0.589191
0.687031
0.0210633
0.409453
0.23837
0.0657449
0.0625714
0.106158
0.347747
0.250701
0.456959
0.745569
0.57877
0.606407
0.000613528
0.000583263
0.627992
0.046389
0.404498
0.370979
0.399523
0.0298671
0.00385766
0.0324836
0.00305857
0.169336
0.501387
0.215164
0.646616
0.86225
0.0489887
0.000850615
0.0846289
0.322349
0.00715713
0.0531337
0.0700346
0.518971
0.290569
0.406563
0.131855
0.329581
0.0912084
0.251676
0.022801
0.0837359
0.000427859
0.0670072
0.574137
0.00519792
0.0516854
0.263303
0.763489
0.435253
0.0577387
0.0148645
0.434935
0.67736
0.0488255
0.81235
0.610245
0.491981
0.0400126
0.571997
0.0977184
0.0318297
0.0532954
0.256919
0.079654
0.275854
0.52276
0.201591
0.13759
0.00642785
0.0952418
0.00191071
0.217385
0.451984
0.361535
0.0212954
0.0396537
0.160103
0.245989
0.00780378
0.133832
0.384227
0.0110064
0.715109
0.0475578
0.60522
0.200953
0.426668
0.0945214
0.0675581
0.519379
0.630591
0.0552269
0.176819
0.296578
0.0301521
0.537818
0.191979
0.338729
0.00200151
0.825493
0.357244
0.216026
0.643179
0.0024609
0.30286
0.181978
0.492933
0.0305651
0.733911
0.0807413
0.0196875
0.0353828
0.00093841
0.486704
0.102529
0.43603
0.328681
0.560462
0.307303
0.000111669
0.527053
0.633255
0.000142383
0.324051
0.312287
0.163955
0.407914
0.460588
0.00352363
0.820115
0.237301
0.0825815
0.481678
0.0145843
0.486599
0.643311
0.0384142
0.472313
0.559768
0.00327126
0.399409
0.0277569
0.0688118
0.525229
0.0461837
0.0239315
0.00981928
0.539219
0.706302
0.0980053
0.308935
0.513072
0.407928
0.10121
0.00142529
0.317844
0.315953
0.248021
0.712948
0.00101297
0.796887
0.769034
0.308904
0.837458
0.64917
0.158088
0.479502
0.14466
0.0329876
0.585271
0.252724
0.0120703
0.00248162
0.401239
0.811796
0.523117
0.349003
7.00036e-05
0.0340298
0.273113
0.0292789
0.105675
0.164683
0.0270673
0.310191
0.0309618
0.290361
0.34054
0.267923
0.101111
0.336912
0.824888
0.408393
0.362376
0.22734
0.155194
0.0500788
0.367359
0.247309
0.428127
0.562221
0.345117
0.605979
0.848642
0.0132809
0.139364
0.778823
0.434774
0.425081
0.0259356
0.441775
0.0051599
0.527171
0.175801
0.281919
0.716117
0.610653
0.10177
0.185704
0.176293
0.00492885
0.0905993
0.00214254
0.0181834
0.180476
0.0719117
0.0382093
0.00468087
0.0018179
0.0563268
0.306414
0.285344
0.466324
8.34094e-05
0.303157
0.124926
0.00912491
0.0246902
0.0556144
0.368276
0.19408
0.255027
0.400499
0.470522
0.0091428
0.300906
0.146628
0.40574
0.00356571
0.158657
0.793063
0.717962
0.399915
0.737218
0.177198
0.0587207
0.0570622
0.236613
0.472529
0.0975633
0.637469
0.78673
0.163032
0.0455181
0.0581186
0.179353
0.0132651
0.100388
0.0251304
0.236955
0.0274359
0.0417941
0.328298
0.0388671
0.0189159
0.320198
0.194721
0.450491
0.128061
0.0417214
0.581059
0.277316
0.187551
0.306215
0.230546
0.0086306
0.00626544
0.0658927
0.00113839
0.124428
0.0246327
0.53973
0.155852
0.699923
0.056687
0.18898
0.346688
0.0785907
0.178363
0.000186359
0.34696
0.00180719
0.549188
0.548062
0.899835
0.417273
0.105238
0.650332
0.0134606
0.00104191
0.786276
0.102021
0.0932213
0.54662
0.650268
0.0898295
0.0560914
0.0107206
0.0763838
0.0204696
0.582432
0.241889
0.21502
0.0116982
0.618763
0.436126
0.379598
0.0104182
0.0169649
0.283582
0.286551
0.528201
0.12356
0.199403
0.447557
0.440206
0.72954
0.0049666
0.240171
0.331631
0.0274764
0.00124553
0.310379
0.0232533
0.41962
0.000161883
0.566175
0.375347
0.318879
0.678033
0.027664
0.069434
4.05469e-05
0.529609
0.490408
0.785341
0.0309849
0.392314
0.574044
0.105412
0.635367
0.399549
0.00661447
0.410027
0.877014
0.669787
0.0745856
0.44581
0.405865
0.139085
0.408027
0.453522
0.138065
0.594892
0.324824
0.233375
0.482525
0.0116296
0.349504
0.00249002
0.465851
0.59787
0.103345
0.735183
0.136735
0.0383269
0.204309
0.693498
0.0739053
0.440708
0.696383
0.0291318
0.476911
0.584658
0.279969
0.631036
0.621417
0.403585
0.234839
0.100443
0.609621
0.138309
0.0332979
0.253728
0.141851
0.452465
0.037999
0.549118
0.0471921
0.000965403
0.445432
0.473225
0.0726352
0.56242
0.646981
0.324306
0.342884
0.440725
0.00204819
0.0022579
0.801681
0.412794
0.418972
0.0229073
0.0304694
0.582934
0.0763283
0.000380942
0.46765
0.0745211
0.00387628
0.087107
0.0011079
0.127756
0.341511
0.0202485
0.174023
0.532441
0.153972
0.18804
0.43445
0.00396521
0.100476
0.325487
0.0082794
0.684419
0.151839
0.0730585
0.00421307
0.000825351
0.0560044
0.0752058
0.0852471
0.0404491
0.00617713
0.466748
0.0792395
0.288515
0.00269207
0.346873
0.0789342
0.254083
0.597298
0.764952
0.0781159
0.765927
0.0452252
0.0259629
0.498625
0.100894
0.0188319
0.0337767
0.0246105
0.0516164
0.181933
0.523928
0.565011
0.00186983
0.444429
0.0711971
0.0119279
0.000864121
0.016323
0.017498
0.28204
0.0494695
0.447358
0.286139
0.450484
0.0229579
0.156611
0.0249214
0.363011
0.311143
0.176777
0.0807732
9.05312e-05
0.0197554
0.112575
0.088427
0.610297
0.148406
0.421956
0.0900553
0.763947
0.678124
0.169405
0.501186
0.0704638
0.0283941
0.427929
0.533886
0.173906
0.00148265
0.301397
0.00443343
0.265788
0.182156
0.653619
0.242383
0.911555
0.0248388
0.286868
0.44195
0.347146
0.000333856
0.00121233
0.131504
0.154512
0.00329226
0.0541399
0.175257
0.587209
0.206379
0.707915
0.484711
0.0418085
0.268353
0.143227
0.438483
0.0019468
0.000183997
0.00528043
0.636736
0.686572
0.081114
0.000249712
0.0102497
0.173525
0.00872523
0.000902238
0.0249304
0.56721
0.264685
0.477241
0.48029
0.0818011
0.16412
0.47193
0.0209205
0.533198
0.0115228
0.000285311
0.0527033
0.36104
0.0207942
0.590161
0.50093
0.199308
0.14048
0.272518
0.249826
0.571359
0.011578
0.818693
0.377659
0.539016
0.54706
0.366127
0.726538
0.00957943
0.277622
0.157513
0.583492
0.77421
0.544435
0.134585
0.0951575
0.457365
0.110362
0.781201
0.135666
0.73838
0.0394344
0.596097
0.589597
0.335288
0.144854
0.410288
0.0011272
0.429538
0.0763469
0.557655
0.00352995
0.260759
0.272657
0.446453
0.00436087
0.488645
0.808464
0.106452
0.63999
0.655666
0.333701
0.11547
0.902611
0.377552
0.26195
0.00162665
0.784533
0.573754
0.0135362
0.486581
0.112245
0.453134
0.303263
0.672312
0.448357
0.0240934
0.207457
0.0142082
0.00184265
0.0197036
0.187515
0.0865967
0.0113941
0.292646
0.0444975
0.0236666
0.450899
0.0300741
0.555065
0.536034
0.0856482
0.620933
0.145317
0.000673621
0.611562
0.266184
0.0225351
0.0445821
0.153141
0.493201
0.448767
0.773094
0.569897
0.231437
0.493187
0.00434644
7.19723e-05
0.00348212
0.0255903
0.670498
0.00939755
0.545507
0.441825
0.184783
0.532934
0.264546
0.0126919
0.0247712
0.493829
0.590585
0.641136
0.676354
0.0135585
0.14684
0.459235
0.00493146
0.194705
0.00664389
0.653215
0.0272761
0.796456
0.00408967
0.157928
0.436134
0.014903
0.223893
0.470458
0.00317016
0.00632646
0.683817
0.0246581
0.00263263
0.00389317
0.00357109
0.659376
0.242105
0.276821
0.388215
0.0031658
0.00995725
0.515074
0.37405
0.213265
0.486212
0.786398
0.310885
0.0980135
0.316271
0.210813
0.167005
0.688432
0.0059181
0.0155997
0.297933
0.0180606
0.0261395
0.0157766
0.0881571
0.0287127
0.559814
0.118674
0.166141
0.817037
0.00952623
0.0637796
0.00485796
0.746111
0.465721
0.246833
0.304919
0.695513
0.607535
0.429157
0.728639
0.00292504
0.000105465
0.305847
0.00514488
0.505623
0.708988
0.229138
0.291523
0.615727
0.616557
0.390216
0.218981
0.133346
0.0371207
0.174247
0.00396969
0.0580783
0.512192
0.858896
0.575053
0.846548
0.343002
0.131261
0.0122138
0.0483162
0.583746
0.58774
0.00771996
0.439086
0.695586
0.44486
0.272352
0.025057
0.0676119
0.440726
0.767091
0.284279
0.509837
0.505901
9.10738e-05
0.00298108
0.194962
0.000344287
0.0351167
0.167395
0.590725
0.516406
0.0627629
0.091813
0.0433682
0.641
0.0935099
0.102409
0.0236543
0.00852599
0.446665
0.122273
0.508529
0.0311573
0.00304357
0.144962
0.260529
0.211965
0.591767
0.0282446
0.0169397
0.732983
0.289671
0.0857291
0.117261
0.287605
2.20724e-05
0.592733
0.0434018
0.158665
0.00453997
0.0804097
0.104819
0.619108
0.230286
0.00192477
0.421788
0.848763
0.133926
0.237802
0.220278
0.213747
0.281681
0.424161
0.473944
0.253486
0.424119
0.365108
0.328799
0.0256099
0.207381
0.175888
0.059226
0.55927
0.286739
0.627743
0.101159
0.00176142
0.0635712
0.586088
0.251714
0.0208845
0.0866433
0.0116312
0.00562272
0.517281
0.0229875
0.748039
0.549085
0.667861
0.00741518
0.713521
0.0961029
0.00805745
0.342946
0.295633
0.000234946
0.348731
0.477722
0.389565
0.318311
0.409434
0.469894
0.0639976
0.227782
0.137206
0.0296568
0.718752
0.642182
4.38397e-05
0.564959
0.036918
0.0560369
0.124402
0.41626
0.0173148
0.615883
0.0659592
0.728865
0.244691
0.332126
0.258192
0.0245847
0.823247
0.0433312
0.131095
0.00622628
0.141126
0.747212
0.271933
0.00382627
0.517508
0.437133
0.0213269
5.21841e-06
0.0983422
0.543374
0.0181559
0.0494599
0.379175
0.674992
0.575281
0.161587
0.00314727
0.0393434
0.161211
0.181919
0.500997
0.010408
0.398851
0.0323975
0.578357
0.00216657
0.0579085
0.0843768
0.0671834
0.199264
0.5052
0.0957637
0.0038829
0.017245
0.692523
0.00438772
0.459284
0.483806
9.04589e-05
0.44089
0.001558
0.277106
0.505531
0.423567
0.0540518
0.0133212
0.00348903
0.000288369
0.0367345
0.286337
0.136687
0.0383691
0.0522357
0.0388956
0.0591023
0.481574
0.656599
0.530393
0.00591124
0.000702501
0.705925
0.0249795
0.613838
0.0460272
0.0149253
0.00543688
0.0625746
0.8005
0.0216077
0.0696813
0.698613
0.345169
0.496084
0.426975
0.438623
0.291503
0.0717452
0.00192125
0.0600573
0.335026
0.712354
0.257428
0.375898
0.787244
0.591857
0.0241442
0.015706
0.584843
0.646881
0.0135687
0.755897
0.4737
0.00068716
0.176352
0.0189446
0.0641957
0.00153152
0.0563359
0.673255
0.695059
0.0754672
0.0944646
0.0373732
0.0383435
0.306463
0.869273
0.677575
0.052797
0.00198039
0.232853
0.307859
0.0625876
0.833228
0.340661
0.130799
0.0761393
0.00119436
0.0292712
0.376522
0.000713092
0.0224962
0.00544669
0.389176
0.112702
0.310194
0.00282694
0.0251908
0.284766
0.0114605
0.0429867
0.202262
0.181871
0.237742
0.326888
0.0866829
0.0830901
0.336022
0.00174553
0.397048
0.00220547
0.459125
0.62169
0.668295
0.423214
0.0116889
0.0331509
0.000315708
0.0151486
0.297739
0.0327084
0.00130195
0.413301
0.176177
0.399018
0.00210143
0.0115565
0.280758
0.372359
0.0809471
0.00489096
0.724093
0.206624
0.0359471
0.000490104
0.0543353
0.156557
0.377653
0.00012065
0.511992
0.543821
0.0755865
0.229377
0.295045
0.00371883
0.233004
0.000502875
0.600603
0.578886
0.364694
0.0239008
0.480401
0.425597
0.321981
0.18041
0.183456
0.694202
0.537031
0.0289007
0.00687255
0.0431994
0.000149585
0.0577144
0.101384
0.622687
0.357496
0.498029
0.00598219
0.218875
0.205936
0.181284
0.460422
0.11751
0.225427
0.745284
0.204594
0.473095
0.00342652
0.101585
0.0298193
0.256404
0.00477356
0.363052
0.00388057
0.509243
0.672519
0.63549
0.29263
0.220059
0.0689594
0.016651
0.42985
0.126315
0.11596
0.000775296
0.00210209
0.293984
0.186969
0.0860403
0.404452
0.705982
0.000629506
0.282248
0.148548
0.402763
0.456379
0.0268549
0.0451912
0.256187
0.00891979
0.251652
0.486793
0.540319
0.759502
0.118676
0.0248709
0.0102487
0.0277519
0.622102
0.07676
0.371932
0.0566297
0.379513
0.0117377
0.171675
0.00900763
0.247738
0.787268
0.175812
0.00694959
0.492805
0.248927
0.0204505
0.0128291
0.0053237
0.379769
0.719126
0.0235931
0.0964149
0.759507
0.10705
0.18462
0.413013
0.471085
0.316587
0.00982481
0.518673
0.731301
0.00355775
0.331787
0.0162008
0.111024
0.575856
0.00624291
0.168344
0.673882
0.271776
0.00461023
0.443722
0.378421
0.409655
0.575427
0.00187814
0.425811
0.250806
0.0304075
0.707707
0.721223
0.156995
0.0461118
0.345895
0.0206822
0.0233148
0.0386558
0.46424
0.101771
0.0195737
0.555021
9.14965e-05
0.0593671
0.441167
0.0146649
0.17375
0.0402904
0.23941
0.297391
0.121476
0.360573
0.382512
0.272165
0.0060882
0.544092
0.547617
0.123002
0.271345
0.33441
0.146665
0.0586133
0.385791
0.481153
0.00208672
0.00884852
0.579428
0.122108
0.726229
0.029839
0.0216209
0.00497695
0.0326063
0.379641
0.0432597
0.723612
0.449076
0.361641
0.00246807
0.138632
0.318036
0.000174403
0.361568
0.809187
0.000763147
0.625522
0.309506
0.334495
0.0419817
0.502699
0.278704
0.587642
0.144678
0.101594
0.00218589
0.184404
0.000129137
0.035958
0.59501
0.0104852
9.5402e-05
0.425207
0.0675418
0.0639123
0.465579
0.697012
0.400105
0.379421
0.1316
0.315598
0.00205172
0.396821
0.295437
0.600052
0.464695
0.0979667
0.689887
0.118202
0.0218506
0.0855265
0.185044
0.002033
0.504021
0.108403
0.0570282
0.81823
0.334969
0.378659
0.440357
0.809932
0.017753
0.481905
0.00228439
0.587264
0.00638252
0.289585
0.672551
0.00521272
0.715289
0.653663
0.0111846
0.0482276
0.000614718
0.0530917
0.191477
0.00467911
0.00485929
0.0326798
0.0775535
0.0110762
0.0118392
0.517408
0.0065249
0.02904
0.0349367
0.220127
0.373806
0.0646925
0.334939
0.231085
0.53475
0.00056992
0.21507
0.809368
0.182071
0.282306
0.0307152
0.0878372
0.241127
0.104972
0.00309337
0.556468
0.423973
0.0172511
0.688311
0.00499426
0.585965
0.741922
0.391462
0.01562
0.139193
0.695193
0.117334
0.196295
0.447012
0.0872258
0.45758
0.00597579
0.533332
0.0895568
0.0273467
0.176003
0.170556
0.00855188
0.0604914
0.0109788
0.219052
0.0045134
0.192615
0.57303
0.173632
0.378076
0.000245567
0.365302
0.0726775
0.209592
0.397874
0.309963
0.368426
0.017419
0.301083
0.193218
0.725318
0.333951
0.434601
0.000396055
0.169369
0.517117
0.403737
0.640106
0.0291582
0.266008
0.387295
0.166102
0.252
0.32563
0.747671
0.0773872
0.245937
0.340533
0.000825119
0.356116
0.000455098
0.0255845
0.373081
0.176041
0.731967
0.308771
0.658074
0.560107
0.000307682
0.282613
0.0118048
0.0366281
0.241877
0.492146
0.271201
0.123389
0.2587
0.13947
0.0861912
0.341549
0.544834
0.253542
0.254121
0.122067
0.000149805
0.240592
0.0063875
0.00565824
0.317051
0.336438
0.540399
0.497473
0.00549683
0.543359
0.001528
0.365866
0.320066
0.0202059
0.199911
0.00173716
0.20454
0.00257503
0.826732
0.402801
0.537592
0.827059
0.178932
0.272922
0.00561201
0.288305
0.0152852
0.000982128
0.667155
0.0181024
0.4579
0.198484
0.20219
0.051497
0.628251
0.0017608
0.219416
0.0127137
0.0160848
0.00746488
0.651715
0.435731
0.321548
0.464614
0.00301043
0.273765
0.0520897
0.229336
0.379045
0.149934
0.0764107
0.39547
0.734127
0.185721
0.400902
0.00547087
0.32707
0.608926
0.157711
0.0661235
0.420014
0.152207
0.302527
0.510747
0.275584
0.811864
0.0678265
0.000804425
0.113103
0.0346648
0.085374
0.311383
0.409552
0.0409808
0.306481
0.463689
0.368228
0.317087
0.046116
0.336159
0.29001
0.496789
0.136178
0.0525587
0.000986847
0.358904
0.386197
0.0823717
0.0842658
0.00475482
0.00131518
0.0830259
0.185288
0.342328
0.623058
0.188838
0.167945
0.285081
0.421137
0.468356
0.295485
0.631071
0.222606
0.678039
0.68439
0.0266507
0.120221
0.321319
0.651021
0.00752968
0.564917
0.640393
0.217484
0.000756235
0.357819
0.108591
0.193779
0.582413
0.218319
0.672097
0.241345
0.492347
0.552956
0.362797
0.402226
0.0646718
0.036055
0.376154
0.0169818
0.0480956
0.447406
0.00352949
0.561565
0.580285
0.627368
0.23656
0.57646
0.863527
0.0193874
0.695531
0.0420243
0.00185373
0.0864132
0.0857916
0.00386063
0.597854
0.0691145
0.434996
0.349236
0.748798
0.471149
0.210887
0.478277
0.698573
0.00549963
0.580208
0.0287624
0.0537584
0.263208
0.462816
0.484168
0.0975658
0.0159129
0.565049
0.550446
0.461976
0.00848503
0.522665
0.0842077
0.266295
0.000387319
0.654842
0.22979
0.042661
0.00609559
0.0285327
0.165682
0.000884453
0.258438
0.146101
0.0176646
0.108123
6.90272e-06
0.156067
0.00280823
0.411473
0.128778
0.246863
0.0619104
0.578526
0.317639
0.127613
0.0151828
0.307136
0.220653
0.346068
0.362041
0.47137
0.0131032
0.0269529
0.412122
0.0716458
0.6753
0.00288153
0.000478189
0.00495585
0.141534
0.0538494
0.657985
0.00890444
0.25388
0.211458
0.761863
0.449683
0.24342
0.274569
0.691108
0.615223
0.00100282
0.102613
0.00898509
0.0103297
0.00828939
0.670019
0.0579675
0.166629
0.00782621
0.328347
0.278709
0.0519435
0.049684
0.513506
0.280888
0.00894296
0.00976793
0.575372
0.0642169
0.475698
0.00853377
0.100542
0.440558
0.40947
0.58898
0.00495297
0.0625628
0.434988
0.0999129
0.413449
0.815947
0.260615
0.801391
0.687888
0.110078
0.103432
0.485265
0.325169
0.000496244
0.887567
0.393341
0.0561806
0.204638
0.222703
0.194729
0.7174
0.554764
0.457864
0.710498
0.121022
0.628869
3.36949e-05
0.00128942
0.0575846
0.0502
0.450403
0.259694
0.111437
0.511469
0.322431
0.00237699
0.324955
0.349301
0.131846
0.455026
0.632767
0.450314
0.0226207
0.398488
0.258892
0.0368377
0.454908
0.196262
0.546794
0.797433
0.319442
0.351097
0.381028
0.434207
0.171287
0.300648
0.383153
0.269625
0.4349
0.0687383
0.449297
0.383365
0.0206084
0.0977243
0.183749
0.000364627
0.659444
0.021697
0.00511964
0.212536
0.0100091
0.686619
0.64967
0.17666
0.6486
0.439583
8.02119e-05
0.345455
0.538812
0.268535
0.387883
0.0210219
0.684709
0.619585
0.524354
0.0011886
0.105381
0.429759
0.853288
0.000787743
0.219586
0.754368
0.00526796
0.0028208
0.00337279
0.0624221
0.141634
0.707518
0.383079
0.00328798
0.386527
0.184058
0.152998
0.0463235
0.0164621
0.742942
0.597917
0.740687
0.00829427
0.000391631
0.00407492
0.0728494
0.600762
0.508106
0.256481
0.110117
0.269426
1.81594e-05
0.126872
0.579739
0.298734
0.538883
0.8801
0.000227693
0.597797
0.504279
0.078886
0.00907925
0.00636264
0.273284
0.0916539
0.373898
0.102126
0.000322966
0.821904
0.324494
0.645544
0.000374717
0.50984
0.0229455
7.18596e-05
0.0023357
0.741304
0.0109192
0.569512
0.481407
0.619321
0.610256
0.0427292
0.0327707
9.08216e-06
0.68708
0.0732572
0.0189727
0.168071
0.4846
0.553581
0.163436
0.00141594
0.0912503
0.11949
0.268247
0.14633
0.0218286
0.0578869
0.0224452
0.0367136
0.571969
0.600869
0.758361
0.611405
0.636535
0.0849219
0.00290052
0.522301
0.000104097
0.653764
0.00543352
0.0552584
0.608301
0.226032
0.208013
0.761466
0.00568537
0.000445438
0.0441266
0.0991568
0.0285766
0.063269
0.656704
0.759534
0.0759444
0.322083
0.633689
0.593419
0.346593
0.176624
0.247919
0.016947
0.00154153
0.782056
0.00919671
0.217236
0.261739
0.0046793
0.4826
0.0496814
0.0625105
0.631877
0.0796447
0.301271
0.391238
0.259864
0.224103
0.0633239
0.0656503
0.500559
0.161543
0.339344
0.519343
0.515538
0.456745
0.299729
0.724256
0.357451
0.500261
0.210086
0.00106897
0.807683
0.271255
0.0232546
0.587853
0.302878
0.505714
0.458694
0.07352
0.130527
0.593794
0.614316
0.364838
0.057269
0.81786
0.713081
0.517768
0.267211
0.331362
0.0203997
0.159428
0.142952
0.106528
0.00126872
0.0245116
6.97629e-06
0.370989
0.36674
0.404265
0.308012
0.303381
0.00354602
0.775622
0.129884
0.278019
0.101381
0.511471
0.233482
0.656289
0.0198057
0.801231
0.0968303
0.378275
0.365591
0.00223008
0.034392
0.496773
0.363652
0.000206111
0.0916649
0.178682
0.174833
0.0392827
0.48406
0.218902
0.425694
0.00757923
0.0968386
0.68671
0.668312
0.516097
0.058952
0.431466
0.0024786
0.0505239
0.0084028
0.0148372
0.777362
0.509388
0.0109653
0.781225
0.0141476
0.570821
0.0678114
0.593046
0.0586489
0.746708
0.00336333
0.157227
0.386948
0.578796
0.24343
0.0456492
0.324631
0.805636
0.0375181
0.177587
0.177815
0.00384197
0.91717
0.416705
0.415386
0.274142
0.401208
0.438648
0.72988
0.432586
0.0200452
0.204954
0.000584429
0.160017
0.511627
0.00467423
0.53055
0.0912065
0.00162605
0.500623
0.0502746
0.153217
7.84873e-06
0.164147
0.145561
0.0169081
0.0347195
0.0276941
0.210227
0.385102
0.338811
0.470313
0.540643
0.0143357
0.0013905
0.69725
0.371701
0.181463
0.347216
0.348305
0.0103049
0.054907
0.867096
0.076441
0.000537273
0.424275
0.0953849
0.122352
0.633781
0.175437
0.355958
0.361139
0.00450632
0.831394
0.00207283
0.227266
0.248347
0.603056
0.268636
0.0182494
0.177389
0.739628
0.0601852
0.00171921
0.10684
0.17517
0.213946
0.0686352
0.586348
0.0223909
0.0270756
0.114569
0.191491
0.109468
0.0212297
0.680935
0.167329
0.0927855
0.316018
0.159049
0.30849
0.314439
0.0191355
0.000923855
0.0966968
0.0198256
0.0155042
0.350517
0.00127262
0.240736
0.608764
0.545567
0.00395232
0.00832669
0.00932184
0.0262659
0.183491
0.479403
0.126722
0.0514661
0.35236
0.519606
0.0388122
0.372924
0.692064
0.0012648
0.657609
0.162834
0.00590412
0.0330012
0.023163
0.338601
0.229551
0.0683551
0.270334
0.0522167
0.0166295
0.236996
0.176392
0.186443
0.128503
0.88188
0.509048
0.218243
0.505234
0.102486
0.00676704
0.515493
0.0356327
0.773877
0.0245844
0.589979
0.640923
0.141325
0.0300708
0.574648
0.310105
0.265548
0.308409
0.0204167
0.00186949
0.171479
0.49238
0.683338
0.407
0.563052
0.272573
0.0592478
0.0329453
0.00380148
0.277876
0.63955
0.0551676
0.167424
0.00229796
0.0953991
0.850056
0.538399
0.000425536
0.000944665
0.272617
0.557018
0.523127
0.320063
0.000239432
0.722614
0.00210956
0.00736765
0.0865069
0.705072
0.211869
0.0543465
0.0160956
0.144719
0.0609683
0.256973
0.308096
0.422276
0.00938091
0.730901
0.202282
0.0113047
0.00478903
0.17034
0.728104
0.497567
0.67342
0.000736645
0.00958285
0.117055
0.000782784
0.0677161
0.113853
0.00647639
0.420644
0.0370863
0.00561685
0.0900955
0.160223
0.115551
0.345033
0.210959
0.560508
0.635359
0.107124
0.0286089
0.65922
0.385978
0.00240151
0.108676
0.183692
0.0640941
0.53437
0.665941
0.335217
0.0754155
0.529391
0.0403114
0.483895
0.00619678
0.728319
0.536584
0.0558074
0.755405
0.0079478
0.443428
0.633604
0.0373383
0.0174199
0.149561
0.0782264
0.0339967
0.509579
0.0451094
0.468686
3.07232e-05
0.000394814
0.612228
0.0108997
0.0730255
0.743511
0.280984
0.0137554
0.372962
0.0232758
0.330879
0.393931
0.424222
0.00332793
0.00227704
0.686628
0.0192495
0.124075
0.695699
0.018284
0.163659
0.577749
0.181581
0.625181
0.00367597
0.00188718
0.00887354
0.172132
0.203469
0.655855
0.000165459
0.0144069
0.0184619
0.135247
0.208919
0.68669
0.24556
0.0122923
0.216349
0.0975374
0.553904
0.144129
0.0112457
0.0862129
0.409848
0.521709
0.297855
0.122827
0.638384
0.346948
0.00438565
0.608734
0.077931
0.00836496
0.380212
0.662081
0.70842
0.306762
0.239524
0.321053
0.739656
8.76225e-05
0.624947
0.0185271
0.368106
0.155217
0.356968
0.0823667
0.044306
0.765656
0.331105
0.0251988
0.0266006
0.285226
0.163863
0.016753
0.316366
0.622409
0.466495
0.0347431
0.000250694
0.0296
0.075432
0.809969
0.0579635
0.401936
0.219776
0.640516
0.609142
0.000860883
0.463085
0.319981
0.0235121
0.614305
0.280095
0.464344
0.168798
0.471605
0.261593
0.011629
0.283348
0.628863
0.090682
0.121786
0.0115162
0.0538734
0.583221
0.497373
0.0027746
0.00134589
0.233803
0.802069
0.27995
0.0432861
0.087093
0.00694364
0.0895729
0.000449675
0.591336
0.247284
0.823776
0.662255
0.497659
0.366016
0.00161974
0.741425
0.379801
0.552939
0.362297
0.20233
0.500311
0.905069
0.510062
0.0322305
8.9079e-05
0.02036
0.603852
1.38929e-05
0.306771
0.57496
0.00893627
0.081702
0.0436344
0.135729
0.313109
0.120944
0.0915703
0.288631
0.515452
0.539233
0.24783
0.767443
0.126206
0.000727404
0.364417
0.719209
0.101044
0.775709
0.228185
0.0577486
0.146798
0.171676
0.476706
0.0317291
0.00365759
0.200308
0.000620222
0.222902
0.0242601
0.290512
0.404145
0.419094
0.0868203
0.357665
0.000380029
0.641975
0.346469
0.569914
0.131548
0.39659
0.000177071
0.203803
0.717203
0.0950129
0.464001
0.0538144
0.00890287
0.530397
0.402249
0.214938
0.606651
0.0200844
7.25642e-05
0.0267019
0.0506982
0.179793
0.134182
0.0253937
0.0944784
0.217856
0.0228242
0.273302
0.0225229
0.272658
0.0113529
0.0503948
0.0180584
0.484998
0.0796042
0.348929
0.0306341
0.000104682
0.0378081
0.00302211
0.287798
0.0206774
0.558356
0.279417
0.43745
0.00202931
0.00339373
0.604641
0.553989
0.0046515
0.541547
0.611544
0.301787
0.0175172
0.290654
0.425071
0.203166
0.379642
0.519727
0.361303
0.303652
0.597065
0.147256
0.0107926
0.229043
0.301838
0.012372
0.934028
0.501807
0.173217
0.600329
0.359403
0.225817
0.0792714
0.000102527
0.889054
0.120186
0.258223
0.0642668
0.0308903
0.293489
0.610026
0.508632
0.086157
0.626181
0.844169
0.729
0.592055
0.00455638
0.0654535
0.365848
0.582187
0.151001
0.19699
0.582871
0.0482216
0.50028
0.0362493
0.0228442
0.532575
0.290378
0.309242
0.000234326
0.474485
0.208796
0.246996
0.507938
0.000693938
0.153949
0.419835
0.259204
0.268886
0.178009
0.0295222
0.00137125
0.534016
0.289041
0.199077
0.184993
0.218393
0.0936585
0.344332
0.00613684
0.27479
0.287087
0.0389863
0.588566
0.122774
0.380636
0.760289
0.163349
0.653347
0.254485
0.286409
0.432402
2.72032e-05
0.585657
0.0511779
0.149839
0.0487031
0.0450869
0.429426
0.743329
0.0273965
0.00499465
0.109291
0.143234
0.60152
0.2137
0.310191
0.313764
0.76178
0.00104174
0.600392
0.0114662
0.133749
0.593129
0.771647
0.665894
0.176986
0.466496
0.00624725
6.35563e-05
0.001441
0.716157
0.00438811
0.399042
0.35779
0.00276605
0.282916
0.499314
0.0014884
0.753318
0.604736
0.438383
0.294457
0.0110328
0.0282625
0.224135
0.0494387
0.301701
0.00162697
0.00304421
0.327254
0.425771
0.549488
0.0139687
0.448588
0.0192306
0.285911
0.566059
0.440604
0.140863
0.550014
0.36342
0.536095
0.489265
0.00731676
0.208269
0.479043
0.0341771
0.00275597
0.530671
0.213112
0.543956
0.102838
0.00409337
0.427057
0.130218
0.720935
0.00618992
0.912977
0.667146
0.00640405
0.647904
0.0551734
0.320226
0.0382099
0.0925456
0.00438862
0.171784
0.153557
0.26771
0.60596
0.038295
0.151508
0.0170409
0.0495306
0.00535358
0.423054
0.0583258
0.136747
0.813582
0.613142
0.659996
0.404312
0.810584
0.243772
0.0978714
0.128895
0.691167
0.0217229
0.0955018
0.0237944
0.00265293
0.530563
0.648992
0.259692
9.432e-05
0.356994
0.503795
0.521356
0.00736865
0.0307356
0.00520077
0.0018804
0.504666
0.664463
0.69044
0.0601493
0.497855
0.19031
0.54481
0.445509
0.316018
0.843379
0.307994
0.23721
0.0358672
0.717515
0.459192
0.0469273
0.102563
0.118519
0.000644121
0.439003
0.0100526
0.399088
0.390148
0.521553
0.441946
0.144179
0.31119
0.718177
0.551102
0.0633983
0.15245
0.0931812
0.000573077
0.386065
0.474237
0.252603
0.0929904
0.0143721
0.611935
0.00553314
0.0328388
0.330238
0.515033
0.342129
0.0110691
0.506649
0.00639976
0.230364
0.0308564
0.00139502
0.00010996
0.477388
0.838917
0.00346602
0.0365788
0.182646
0.361415
0.246854
0.0600855
0.218945
0.141753
0.772256
0.176603
0.0568686
0.297095
0.431109
0.450551
0.283538
0.208496
0.0017295
0.0430831
0.0243279
0.586271
0.35977
0.619081
0.892532
0.127247
0.204482
0.692124
0.350801
0.216641
0.163123
0.273693
0.168922
0.427231
0.00730176
0.16555
0.672608
0.605952
0.0106807
0.533706
0.234993
0.170789
0.688838
0.0478021
0.000511771
0.371803
0.0148399
0.083276
0.616169
0.712265
0.0280246
0.285205
0.111216
0.000123468
0.168908
0.341
0.00105218
0.0028804
0.743438
0.0798908
0.269107
0.575463
0.589511
0.442921
0.668122
0.468111
0.368249
0.0246163
0.274571
0.55914
0.332435
0.0714277
0.39584
0.0235312
0.0110503
0.655529
0.580551
0.726813
0.125518
0.326007
0.179659
0.00670596
0.0189135
0.777234
0.0016779
0.718336
0.524823
0.00116445
0.097787
0.804755
0.35617
0.000192047
0.171938
0.00304561
0.391911
0.50777
0.434665
0.63468
0.787237
0.525518
0.00958005
0.364618
0.129073
0.536899
0.141055
0.18065
0.523761
0.00687445
0.39018
0.644914
0.00107659
0.0964569
0.220774
0.739565
0.480459
0.0356013
0.192452
0.462777
0.0251424
0.0260275
0.0717322
0.444076
0.630704
0.614235
0.0171908
0.547658
0.0459729
0.559045
0.218154
0.308428
0.055257
0.153382
0.495343
0.240331
0.00290724
0.402086
0.166078
0.000352068
0.44009
0.0523483
0.588271
0.0411522
0.521129
0.507337
0.435632
0.431486
0.290434
7.9507e-05
0.0756497
0.660282
0.00119323
0.160321
0.475796
0.756613
0.611337
0.028174
0.0297174
0.0826887
0.108107
0.681434
0.47273
0.0520534
0.155598
0.212843
0.308323
0.00348957
0.794468
0.0267545
0.465967
0.00332743
0.285817
0.0027933
0.0573394
8.99349e-05
0.720396
4.19797e-05
0.0250128
0.379884
0.00246202
0.599947
0.000252237
0.00219354
0.000991961
0.00593852
0.641991
0.325503
0.0328362
0.261827
0.255299
0.107978
0.0281303
0.353213
0.303996
0.0644115
0.106775
0.634204
0.00619855
0.120104
0.0553795
0.424613
0.0179681
0.00130075
0.690525
0.400533
0.207998
0.0708033
0.496609
2.32969e-05
0.36218
0.657667
0.296415
0.681846
0.5584
0.741879
0.719466
0.258141
0.555151
0.318258
0.252074
0.133315
0.381242
0.0351453
0.221021
0.311268
0.487319
0.0650344
0.331556
0.159922
0.242709
0.785682
0.640781
0.671538
0.38645
0.231594
4.60895e-05
0.771797
0.0170146
0.0452156
0.0092735
0.661067
0.0152445
0.879715
0.534425
0.173388
0.461135
0.17039
0.58221
0.29077
0.00583392
0.548624
0.353719
0.0976377
0.280688
0.346571
0.0196993
9.37364e-05
0.015265
0.241611
0.155184
0.599083
0.174856
0.0407526
0.313337
0.0414493
0.0726462
0.47715
0.593046
0.654436
0.793144
0.265824
0.368505
0.0265243
0.0676573
0.517685
0.337731
0.0140594
0.0789384
0.65081
0.0388122
0.683556
0.55579
0.0170402
0.00749845
0.149484
0.406793
0.195717
0.670593
0.00576086
0.0469423
0.51717
0.317895
0.0964586
0.645273
0.0183129
0.0102413
0.473891
0.226945
0.258228
0.136114
0.110875
0.00133204
0.31244
0.160374
0.396206
0.319874
0.312797
0.465269
0.474567
0.496954
0.188476
0.559852
0.0193369
0.0052478
0.806249
0.454294
0.404298
0.00414604
0.297625
0.0217754
0.46592
0.376085
0.522385
0.264489
0.702802
0.259345
0.0727331
0.471394
0.519896
0.014778
0.696797
0.00119913
0.00101747
0.0087229
0.390502
0.226922
0.00135148
0.228852
0.179489
0.657586
0.585756
0.000268174
0.312112
0.388516
0.00224918
0.441679
0.132676
0.565706
0.114762
0.261463
0.79904
0.00960242
0.515838
0.0614881
0.000575029
0.394235
0.00222203
0.131793
0.396079
0.0142314
0.641123
0.124066
0.605432
0.139834
0.0462818
0.578875
0.338661
0.262496
0.509131
0.474861
0.162772
0.0592986
0.150352
0.126416
0.522883
0.155066
0.00112845
0.0271861
0.00295752
0.438827
0.105708
0.000425296
0.410515
0.0226286
0.36705
0.257944
0.0933623
0.0353816
0.296308
0.155625
0.517589
0.149296
0.387406
0.00120645
0.626925
0.0273882
0.00458322
0.363221
0.501788
0.0138076
0.371331
0.641445
0.00826829
0.0410971
0.0552229
0.149824
0.0399313
0.000711667
0.0250239
0.269958
0.000978183
8.17109e-05
3.87695e-05
0.0243715
0.284825
0.392302
0.0218716
0.00946415
0.589596
0.207171
0.717388
0.19635
0.273679
0.796991
0.122832
0.470443
0.128817
0.091557
0.0895822
0.278534
0.00068292
0.00165714
0.197913
0.316308
0.0404551
0.481357
0.30351
0.000347329
0.459411
0.165692
0.196202
0.560754
0.0533105
0.342106
0.00621997
0.327376
0.634557
0.494001
0.291483
0.495443
0.226031
0.359155
0.0516173
0.419398
0.00117237
0.559549
0.213025
0.523875
0.0181707
0.082142
0.00505858
0.363661
0.705545
0.214998
0.503364
0.251302
0.8954
0.139694
0.0580771
0.563322
0.0175287
0.6411
0.00220293
0.673139
0.466271
0.572324
0.166461
0.193966
0.191305
0.00226112
0.001504
0.411888
0.397671
0.510521
0.325323
0.613228
0.472657
0.276584
0.00084485
0.166193
0.0724313
0.38322
0.288535
0.117606
0.00798318
0.768171
0.00198349
0.553933
0.0311064
0.114549
0.00442136
0.603805
0.0440776
0.0616589
0.128931
0.544565
0.120618
0.154531
0.84858
0.352065
0.157292
0.025941
0.212179
0.369082
0.192381
0.0220082
0.0161654
0.451742
0.0672866
0.658407
0.00444045
0.115186
0.46808
0.0133461
0.00332408
0.000247268
0.16756
0.00804792
0.000315831
0.359134
0.795612
0.367303
0.000950278
0.317846
0.11237
0.317349
0.0108647
0.290831
0.45452
0.498482
0.00241152
0.000869474
0.161399
0.012069
0.00339679
0.132737
0.228986
0.11718
0.000587364
0.042545
0.0247873
0.034447
0.812144
0.157623
0.493268
0.328072
0.65258
0.120128
0.060079
0.018739
5.45894e-05
0.517484
0.00331264
0.0536635
0.712967
0.343084
0.391115
0.899338
0.00118982
0.301835
0.364528
0.00167205
0.000198283
0.457018
0.782432
0.743596
0.589305
0.0322307
0.0722676
0.746346
0.397585
0.207195
0.70326
0.529744
0.56178
0.392146
0.000652349
0.440688
0.302604
0.340432
0.560223
0.495515
0.531087
0.445781
0.707577
0.0623554
0.0074263
0.725113
0.532861
0.276664
0.00539997
0.552744
0.203854
0.258986
0.385852
0.196394
0.00387292
0.492435
0.501761
0.859018
0.90793
0.613239
0.856521
0.64512
0.821242
0.400534
0.658741
0.00304954
0.467793
0.579918
0.398283
0.14437
0.200735
0.00634412
0.221402
0.0156644
0.428838
0.000855366
0.923651
0.181991
0.565677
0.10432
0.0331791
0.451862
0.464783
0.00839009
0.305847
0.32465
0.000141342
0.287928
0.000545095
0.00634917
0.545115
0.0638103
0.00370145
0.211795
0.650796
0.317894
0.0165226
0.010913
2.4264e-06
0.343791
0.247599
0.30638
0.104418
0.722827
0.200084
0.464536
8.62999e-05
0.0195195
0.373197
0.0133675
0.0129212
0.371921
0.000646858
0.0153386
0.545419
0.383299
0.726065
0.230603
0.708247
0.588456
0.716709
0.0686157
0.408099
0.283964
0.730792
0.58766
0.00382215
0.00256629
0.614378
0.046682
0.105805
0.66059
0.347375
0.263257
0.0617571
0.3093
0.727381
0.211432
0.145826
0.590462
0.00391113
0.00593192
0.706015
0.424589
0.302349
0.525336
0.172257
0.477431
0.0316484
0.529249
0.0841907
0.475849
0.696495
0.137213
0.0140138
0.510593
0.00453596
0.0088324
0.399956
0.294481
0.573463
0.164497
0.600312
0.00608152
0.488371
0.0609184
0.615678
0.200089
0.155159
0.0154855
0.324995
0.027821
0.0692612
0.63647
0.00432377
0.201871
0.00186085
0.846738
0.394944
0.410929
0.459037
0.123663
0.611577
0.0298967
0.178428
0.405669
0.017818
0.112323
0.290986
0.0130283
0.00261968
0.00810504
0.368321
0.681681
0.52222
0.0275375
0.408622
0.520709
0.453976
0.817488
0.533302
0.803905
0.00555911
0.130864
0.0518615
0.69967
0.685454
0.00269468
0.49688
0.815415
0.237228
0.146411
0.663717
0.538362
0.394485
0.25715
0.582106
0.481629
0.00154309
0.00971057
0.472618
0.330084
0.00872663
0.0304208
0.0111185
0.0175341
0.364836
0.372334
0.848854
0.0228488
0.242558
0.0158152
0.17719
0.0109611
0.248107
0.0332352
0.0250704
0.868317
0.00308209
0.163223
0.0465111
0.073251
0.751901
0.0251807
0.00502071
0.000364128
0.085246
0.30081
0.145377
0.277957
0.0127796
0.0748399
0.00677376
0.285849
0.214589
0.00851069
0.49524
0.0526246
0.685355
0.010265
0.406394
0.0589583
0.239192
0.110114
0.433658
0.0292458
0.00300218
0.556203
0.0672927
0.189028
0.000443548
0.0818051
0.600645
0.280491
0.562389
0.520715
0.0119245
0.852974
0.284081
0.491201
0.297851
0.23552
0.0241226
0.782612
0.419532
0.0438097
0.00480169
0.378104
4.44146e-05
0.00792454
0.553683
0.00046508
0.0517538
0.00156194
0.399207
0.0178596
0.615867
0.217376
0.329648
0.351551
0.118493
0.00940296
0.0201023
0.640826
0.54462
0.63997
0.538083
0.00343126
0.528518
0.119722
0.155001
0.165999
0.000499398
0.346395
0.0723828
0.0790468
0.0686688
0.564053
0.378312
0.165996
0.197494
0.251957
0.167261
0.280766
0.716509
0.608004
0.124766
0.520488
0.0721019
0.0130188
0.915611
0.177246
0.4828
0.000908748
0.532474
0.00349271
0.0276087
0.578899
0.169885
0.654521
0.158893
0.0937158
0.0394187
0.0927243
0.335774
0.0131995
0.00580722
0.580058
0.0414455
0.403061
0.0933196
0.0493443
0.163512
0.107838
0.0973076
0.0469555
0.515375
0.545601
0.442807
0.143112
0.0322712
0.645018
0.0889687
0.297277
0.00157984
0.386387
0.014808
0.0163813
0.389008
0.00562508
0.0497654
0.103009
0.287014
0.0430266
0.0587306
0.00957954
0.516664
0.2696
0.0527603
0.323026
0.65256
0.00984262
0.0366378
0.586528
0.313618
0.614953
0.719274
0.211721
0.00154382
0.0138894
0.284292
0.472997
0.596968
0.0779641
0.00619427
0.206284
0.613598
0.310352
0.011078
0.235728
0.727559
0.0345835
0.00549776
0.327396
0.0198046
0.174614
0.181925
0.747457
0.0526568
0.127503
0.300749
0.540096
0.44272
0.217594
0.232854
0.727808
0.108786
0.411708
0.543575
0.565453
0.00147803
0.0122179
0.0914057
0.0118616
0.346209
0.000924926
0.0664704
0.61248
0.0572435
0.768988
0.0225639
0.694043
0.00282126
0.0666062
0.141868
0.109545
0.593248
0.138201
0.587908
0.328682
0.0765868
0.0358544
0.00178618
0.0365851
0.37192
0.0895038
0.0497723
0.0720475
0.0204126
0.573883
0.0828058
0.069799
0.00283836
0.199805
0.0186325
0.743708
0.671065
0.428035
0.767138
0.512829
0.556157
0.171755
0.361642
0.00283506
0.650104
0.524375
0.423805
0.163166
0.397681
0.482011
0.0482425
0.545953
0.565045
0.134735
0.189766
0.367794
0.223981
0.325152
0.0818004
0.681793
0.191587
0.349755
0.76483
0.201135
0.116647
0.0147359
0.0399145
0.248177
0.562766
0.555855
0.646284
0.0359352
0.587207
0.170445
0.29697
0.220115
0.382807
0.0119416
0.0192546
0.0410787
0.453342
0.0102883
0.628804
0.0572644
0.158638
0.0644393
0.000315162
0.57046
0.000379166
0.790468
0.01036
0.475834
0.53137
0.352843
0.0183295
0.172058
0.00416759
0.00530562
0.46084
0.647813
0.00490623
0.0206907
0.344937
0.168664
0.598993
0.52286
0.160391
0.210537
0.185888
0.0205993
0.562235
0.790092
0.42363
0.215091
0.448125
0.118495
0.503102
0.0646854
0.459004
0.00144914
0.00179897
0.141235
0.0365119
0.57189
0.000176033
0.0154764
0.289933
0.388318
0.166502
0.0436251
0.283084
0.230352
0.578466
0.355052
0.269148
0.0262277
0.369007
0.182396
0.000368446
0.121894
0.273232
0.0521108
0.676993
0.00169576
0.0860578
0.839475
0.425833
0.675483
0.0798647
0.304762
0.161902
0.696346
0.00825945
0.0161162
0.0111809
0.648934
0.204606
0.0499061
0.607782
0.0281058
0.161442
0.279391
0.0240768
0.416736
0.222314
0.111242
0.510429
0.3857
0.551804
0.00268956
0.585223
0.0538508
0.00258964
0.320271
0.241305
0.431605
0.320197
0.0301649
0.247333
0.374927
0.396583
0.0274338
0.631454
0.643534
0.90073
0.0221217
0.0883137
0.00102639
0.773991
0.403066
0.282836
0.00311755
0.188413
0.671774
0.000405973
0.100575
0.00652142
0.100983
0.8101
0.0196365
0.579114
0.0368959
0.0293422
0.680174
0.452649
0.716776
0.705341
0.549349
0.031272
0.000158243
0.331321
0.793402
0.483119
0.0314354
0.00158333
0.206736
0.650465
0.584827
0.252477
0.0225652
0.000203269
0.000129351
0.139682
0.160082
0.140563
0.145787
0.0269435
0.0234798
0.246703
0.000152356
0.294449
0.284602
0.444434
0.00966527
0.0128291
0.206555
0.799867
0.0927024
0.149458
0.702272
0.412847
0.0049862
0.178136
0.0456943
0.00418039
0.241672
0.628577
0.193067
0.233689
0.357313
0.397952
0.446246
0.114974
0.595422
0.204497
0.00324851
0.379998
0.00135367
0.0149585
0.0725682
0.120193
0.0485469
0.0563039
0.243101
0.419554
1.61673e-05
0.228165
0.0524495
0.0315265
0.660405
0.0119375
0.588983
0.00378758
0.135623
0.00242647
0.0839422
0.0361793
0.00571525
0.463871
0.815242
0.346502
0.367225
0.433627
0.783882
0.49202
0.812796
0.138806
0.317827
0.34448
0.00039471
0.0762033
0.0109239
0.319446
0.523075
0.68116
0.823901
0.856529
0.00103705
0.000733039
0.394635
0.142419
0.0809044
0.0172958
0.202582
0.00236389
0.175032
0.568191
0.0363755
0.352755
0.0143012
0.590558
0.108017
0.672728
0.0298347
0.277511
0.325157
0.528605
0.00261171
0.0323029
0.38699
0.016244
0.202424
0.0367017
0.149619
0.0188738
0.404321
0.364365
0.441521
0.0241043
0.00235569
0.209644
0.60103
0.448893
0.554778
0.66541
0.0652304
0.298851
0.405017
0.588595
0.175283
0.651153
0.607
0.00574345
0.00692801
0.0491434
0.258655
0.334203
0.0112165
0.370065
0.452743
0.0268866
0.0617803
0.0695868
0.00422435
0.585399
0.0107871
0.142372
0.492272
0.0524616
0.145631
0.324265
0.23215
0.000272144
0.00556606
0.557613
0.0100242
0.00152638
0.187434
0.66904
0.0035303
0.0857055
0.00252109
0.505269
0.440949
0.000792118
0.102123
0.49371
0.278163
0.0997494
0.178864
0.611037
0.243541
0.706393
0.00151561
0.579814
0.0911163
0.725525
0.226589
0.00794335
0.327147
0.514726
0.0703942
0.262952
0.0822615
0.944347
0.0792411
0.0254031
0.592017
0.314496
0.0355858
0.593752
0.430691
0.274725
0.477565
0.390677
0.0967042
0.0731833
0.0362581
0.447358
0.103785
0.424712
0.0123218
0.0241319
0.60288
0.00675508
0.190454
0.200474
0.266468
0.218932
0.136309
0.668834
0.0959443
0.529425
0.561917
0.00150458
0.044651
0.0849967
0.024741
0.00052233
0.243987
0.201096
0.202545
0.530327
0.0335578
0.602891
0.567046
0.00541178
0.0020758
0.357302
0.0450964
0.775293
0.460291
0.363642
0.544357
0.0708326
0.0779815
0.315277
0.0995292
0.253661
0.612302
0.0171076
0.00463146
0.375342
0.415443
0.233472
0.315043
0.683576
0.564784
0.545246
0.0475805
0.361882
0.000656328
0.399916
0.471122
0.0273371
0.0750258
0.00485445
0.22858
0.0229951
0.011127
0.181307
0.00875618
0.0579007
0.313967
0.000388682
0.462664
0.0709298
0.191761
0.323827
0.00144248
0.666324
0.220538
0.0181236
0.354334
0.00173984
0.403647
0.198751
0.573843
0.0502801
0.0193241
0.0738243
0.560444
0.398222
0.48618
0.278814
0.0635215
0.000993663
0.0967163
0.170138
0.112227
0.388906
0.00109458
0.0335465
0.809991
0.40206
0.000582295
0.537408
0.127107
0.13464
0.336928
0.402755
0.52417
0.0274065
0.280076
0.0130795
0.00570323
0.125515
0.000865132
0.0340758
0.0138613
0.146568
0.455251
0.126462
0.0219683
0.123936
0.0144699
0.022064
0.681736
0.202271
0.0204805
0.583024
0.298212
0.0616263
0.516425
0.503137
0.107216
0.00311836
0.00101983
0.623261
0.000173684
0.00150626
0.38329
0.118762
0.00207886
0.336714
0.320563
0.0398438
0.469003
0.286719
0.541753
0.603069
0.46689
0.425439
0.407978
0.0398052
0.000628604
0.214836
0.0350911
0.245461
0.41228
0.583335
0.000323606
0.113886
0.306164
0.4817
0.501468
0.168076
0.00354505
0.73575
0.364656
0.778567
0.0108218
0.253773
0.227249
0.765695
8.37075e-05
0.447732
0.469473
0.107938
0.100578
0.0228855
0.0326592
0.819165
0.0357127
0.49437
0.259422
0.128586
0.813365
0.077319
0.165252
0.606302
0.183066
0.70641
0.32826
0.00156765
0.432793
0.688654
0.000106609
0.776624
0.0389575
0.00279473
0.00296093
0.146898
0.556424
0.0966662
0.298358
0.0054445
0.00259969
0.353777
0.593068
0.0226311
0.0105192
0.609679
0.0150259
0.619898
0.383227
0.200163
0.60845
0.374131
0.04545
0.0335043
0.00255259
0.020335
0.00913145
0.00186897
0.0912018
0.17332
0.457534
0.344246
0.0977879
0.00927185
0.0806068
0.108668
0.0201391
0.000635818
0.628333
0.568264
0.206543
0.494004
0.0288673
0.671779
0.414449
0.0775312
0.317838
0.000879268
0.0842903
0.0175701
0.0161909
0.034723
0.638003
0.20385
0.805295
0.0312416
0.00141614
0.014936
0.00403375
0.098597
0.284955
0.601623
0.504616
0.108104
0.0724433
0.000848825
0.495282
0.522405
0.232717
0.621498
0.18776
0.222522
0.155342
0.183435
0.209384
0.000139582
0.00425353
0.313174
0.516179
0.381759
0.00228797
0.0131146
0.00032389
0.136611
0.743524
0.242761
0.230618
0.0060594
0.159194
0.593575
0.676926
0.0283155
0.0577737
0.030545
0.611518
0.486162
0.644519
0.613724
0.0370562
0.0045056
0.0154888
0.0888807
0.201548
0.0121465
0.00316199
0.0783085
0.174163
0.482669
0.502168
0.49209
0.000600472
0.000479801
0.0107278
0.139647
0.164414
0.0371847
0.190861
0.101781
0.0980918
0.00343661
0.0732343
0.540774
0.722687
0.205878
0.410338
0.253516
0.406048
0.482869
0.824697
0.0941835
0.0101
0.0305527
0.836402
0.710682
0.352249
0.193713
0.560373
0.121033
0.488815
0.272086
0.00338591
0.000341248
0.000196984
0.572072
0.0539826
0.0114963
0.0096922
0.0585346
0.485694
0.648148
0.0453387
0.423143
0.00278976
0.35541
0.414137
0.0198606
0.566992
0.0604802
0.184735
0.204953
0.364648
0.706474
0.485137
0.647233
0.0256549
0.118439
0.10908
0.28279
0.0494069
0.194209
0.0973495
0.178887
0.604945
0.402904
0.0123925
3.78415e-05
0.881493
0.418608
0.00256875
0.481037
0.0382599
0.199066
0.0240794
0.000754478
0.00071412
0.52174
0.613338
0.133857
0.0545623
0.838263
0.603505
0.556428
0.0170583
0.106412
0.21003
0.0627445
0.0641597
0.0099204
0.298952
0.603571
0.332923
0.0266642
0.196793
0.0124543
0.000406953
0.602657
0.637469
0.692843
0.0510748
0.549935
0.124286
0.741441
0.38902
0.371556
0.762587
0.0928375
0.20672
0.026244
0.00478924
0.560396
0.017282
0.0137287
0.560536
0.575984
0.308612
0.0301223
0.275843
0.0230291
0.720198
0.032884
0.0234537
0.638295
0.44069
0.530533
0.804963
0.00911979
0.885506
0.479375
0.321792
0.329967
0.0705316
0.760052
0.167686
0.0700905
0.0169679
0.735535
0.0106133
0.334643
0.597437
0.50476
0.0949127
0.583636
0.0528145
0.373174
0.0231782
0.000617733
0.54715
0.39076
0.533283
0.472553
0.658682
0.0467499
0.448183
0.581372
0.836912
0.128725
0.309412
0.477343
0.366209
0.0290624
0.473287
0.438767
0.382854
0.0701539
0.410524
0.724607
0.0596684
0.00278756
0.0330651
0.320774
0.0188646
0.696036
0.60492
0.189567
0.0407895
0.390261
0.654528
0.0366655
0.00111063
0.552926
0.272547
0.524618
0.720231
0.0110714
0.508779
0.600327
0.778541
0.000295491
0.248959
0.3862
0.503898
0.425019
0.446676
0.689997
0.500758
0.0151535
0.0363871
0.136015
0.326351
0.039316
0.276664
0.179913
0.240744
0.513934
0.640221
0.0340391
0.549268
0.00629102
0.77268
0.00899132
0.568176
0.00841415
0.0194742
0.22242
0.170908
0.404884
0.00223053
0.0162017
0.336938
0.414452
0.288122
0.156344
0.480639
0.101071
0.0442626
0.00306318
0.444125
0.0020525
0.812856
0.0772577
0.237448
0.637106
0.00124923
0.00265822
0.0398489
0.212822
0.6544
0.484413
0.0384199
1.70861e-05
0.347635
0.348545
0.272049
0.370432
0.0975865
0.159995
0.270606
0.000785525
0.0289307
0.115582
0.336696
0.472379
0.0934482
0.0414412
0.269577
0.826076
0.00530286
0.433331
0.383194
0.0386457
0.090334
0.396505
0.126904
0.56142
0.0174699
0.00171756
0.114756
0.306787
0.685517
0.400308
0.0359347
0.144579
0.441864
0.270774
0.360071
0.564805
0.64887
0.170421
0.0516941
0.23387
0.00250414
0.807386
0.0310055
0.462493
0.0973294
0.166296
0.585205
0.000950711
0.357713
0.000163245
0.00024954
0.328539
0.0947827
0.680902
0.712601
0.00380043
0.209809
0.326202
0.715581
0.000136599
0.195496
0.289844
0.327382
0.0143553
0.0337036
0.717999
0.438535
0.257184
0.624274
0.33169
0.266805
0.428771
0.00371692
0.00210747
0.26135
0.338098
0.650718
0.24237
0.0021395
0.0306971
0.550384
0.706553
0.0654682
0.410925
0.955943
0.536733
0.87296
0.555638
0.0674412
0.689295
0.258468
0.00438731
0.558573
0.378001
0.574503
0.0294934
0.582111
0.00874811
0.261541
0.136625
0.152411
0.601436
0.0161018
0.267733
0.00422737
0.00010321
0.53934
0.333805
0.0013268
1.32229e-05
0.533685
0.269282
0.608397
0.0911575
0.0376296
0.120736
0.363577
0.0730754
0.0143257
0.464264
0.256816
0.058709
0.898754
4.90239e-05
0.126404
0.41987
0.307735
0.534606
0.328397
0.271721
0.145305
0.479512
0.0341592
0.157662
0.608025
0.580258
0.00083927
0.275721
0.023469
0.279742
0.236058
0.572681
0.00267202
0.0506686
0.498716
0.109142
0.00291249
0.377929
0.492992
0.000283417
0.425295
0.547532
0.331388
0.0582385
0.0975086
0.132542
0.132838
0.895587
0.0124117
0.641545
0.00246932
0.45461
0.632572
0.00204934
0.50021
0.389343
0.371689
0.011249
0.513629
0.683992
0.681069
0.000264303
0.251983
0.00235226
0.403909
0.0842749
0.033893
0.000267828
0.137151
0.00587214
0.175097
0.33935
0.0430615
0.374779
0.000419854
0.483429
0.270279
0.00291659
0.25315
0.0264989
0.0580366
0.0427729
0.00905239
0.000479264
0.122095
0.0350303
0.12571
0.477208
0.618055
0.000943964
0.832334
0.781366
0.147292
0.401
0.492058
0.00127602
0.268904
0.379561
0.149488
0.487716
0.17385
0.0400278
0.375863
0.0196985
0.462162
0.0122642
0.472166
0.000901714
0.0166581
0.331908
0.588513
0.016622
0.000502328
0.118048
0.225682
0.677355
0.00168007
0.205258
0.142947
0.0927631
0.610683
0.103419
0.016418
0.525663
0.0146214
0.245984
0.174569
0.0254062
0.47931
0.310721
0.86332
0.00805515
0.678874
0.390954
0.733565
0.112561
0.0774255
0.0259368
0.00398547
0.163939
0.246044
0.00371715
0.392758
0.834476
0.174444
0.0585416
0.0228408
0.708203
0.240803
0.186166
0.602881
0.124214
0.86433
0.0430204
0.0228443
0.174153
0.0845938
0.306591
0.309305
0.621163
0.00712032
0.237961
0.433707
0.333477
0.663357
0.184304
0.0429388
0.0498362
0.670697
0.596724
0.000279023
0.0936797
0.724584
0.425508
0.00635607
0.00607704
0.00989104
0.149996
0.285921
0.0359258
0.100161
0.607788
0.174311
0.509578
0.111574
0.0264116
0.0862761
0.00318363
0.553847
0.503959
0.717129
0.790912
0.199847
0.404737
0.00922039
0.0463204
0.519751
0.00490736
0.544027
0.52143
0.21834
0.247515
0.371985
0.0371449
0.032295
0.208501
0.622539
0.596199
0.474364
0.620958
0.557003
0.606593
0.656615
0.191668
0.231269
0.00869884
0.0960451
0.122518
0.00759493
0.748665
0.000147451
0.339224
0.445635
0.498731
0.595672
0.00367886
0.000814222
0.000412289
0.0331412
0.366393
0.511568
0.444075
0.606636
0.126037
0.321396
0.559689
0.0719243
0.73039
0.211451
0.703547
0.0316017
0.0285551
0.206513
0.166231
0.500573
0.00375082
0.137432
0.0395118
0.391581
0.749536
0.016825
0.230429
0.0888748
0.333475
0.0965095
0.551068
0.478085
0.919936
0.0703548
0.333678
0.425923
0.0283585
0.0403723
0.498168
0.546103
0.00780564
0.613534
0.384094
0.0638031
0.43832
0.331907
0.110979
0.408634
0.105281
0.334084
0.148388
0.274253
0.0243123
0.711291
0.717911
0.000364287
0.0336671
0.640065
0.455258
0.307643
0.629489
0.527205
0.186693
0.0484811
0.0306423
0.00881964
0.290345
0.126247
0.254969
0.431015
0.379802
0.351018
0.793423
0.121496
0.0126445
0.644258
0.549744
0.00439584
0.352326
0.000820951
0.0193833
0.428536
0.650814
0.213226
0.0968627
0.481507
0.245776
0.675711
0.354323
0.83147
0.0964388
0.502454
0.118854
0.335
0.327205
0.04839
0.0120698
0.495037
0.238571
0.750254
0.534933
0.0802407
0.467174
0.729358
0.646493
0.327109
0.229921
0.600717
0.0635553
0.0551907
0.0937831
0.00804165
0.186383
0.72509
0.288344
0.031496
0.552394
0.493843
0.250784
0.25733
0.714169
0.0537265
0.0214747
0.135722
0.137672
0.0337638
0.0355302
0.443093
0.195644
0.417696
0.388631
0.557126
0.185713
0.00341634
0.0093237
0.693137
0.00133223
0.203716
0.00563955
0.00147578
0.110581
0.00840389
0.806777
0.00671822
0.000313656
0.810286
0.266081
0.581061
0.386677
0.229378
0.143414
0.291775
0.820481
0.130235
0.0409666
0.765627
0.412414
0.125175
0.0129985
0.249089
0.416877
0.147535
0.232879
0.546224
0.497319
0.163562
0.0692781
0.465301
0.261929
0.0659429
0.0493314
0.0151409
0.0752416
0.694363
0.426054
0.110898
0.0190913
0.59195
0.737596
0.283028
0.212327
0.185043
0.0389608
0.614904
0.703725
0.700848
0.672797
0.115134
0.759565
0.0086925
0.351145
0.0639201
0.61483
0.304904
0.704084
0.805882
0.465448
0.00937751
0.852697
0.731585
0.497078
0.437919
0.263937
0.231912
0.34967
0.340822
0.148568
0.691368
0.533354
0.303807
0.0147685
0.562876
0.528838
0.499987
0.672725
0.267505
0.726
0.183188
0.0152582
0.449883
0.518859
0.165878
0.103929
0.424408
0.0376267
0.365042
0.299534
3.91277e-05
0.628966
0.0303899
0.455843
0.377573
0.540852
0.653588
0.363151
0.604518
0.506961
0.304904
0.585775
0.288206
0.326772
0.660616
0.335878
0.0119416
0.000619391
0.0177175
0.00455716
0.281278
0.202826
0.151427
0.0111408
0.123121
0.415154
0.157257
0.0751145
0.161342
0.0618928
0.300022
0.142008
0.537823
0.376489
0.0841834
0.552126
0.121026
0.0415486
0.0101231
0.187049
0.437087
0.218909
0.640336
0.364622
0.0054527
0.475811
0.358205
0.625004
0.226281
0.0233854
0.0285589
0.591711
0.389205
0.607382
0.722425
0.528693
0.0391523
0.691893
0.00562724
0.146035
0.0585722
0.64022
0.191051
0.505916
0.514256
0.51298
0.451668
0.0640894
0.00920303
0.122376
0.0559176
0.587959
0.544903
0.00843645
0.00212753
0.104512
0.345953
0.047619
0.414511
0.286408
0.0399649
0.0097971
0.200292
0.434241
0.495267
0.883493
0.0145578
0.58378
0.612016
0.000429095
0.0216892
0.556872
0.401143
0.0481736
0.471306
0.0375628
0.225524
0.000385865
0.693731
6.52281e-05
0.455465
0.77903
0.470512
0.359929
0.713691
0.0236049
0.0355982
0.0540013
0.277735
0.449091
0.00645314
0.0513977
0.46361
0.529009
0.582445
0.27714
0.808202
0.676766
0.373682
0.671042
0.451684
0.0824876
0.0966549
0.173692
0.0497195
0.304992
0.707733
0.0745878
0.609605
0.0100357
0.085319
0.378654
0.162835
0.0387816
0.636915
0.51253
0.439122
0.0268405
0.721167
0.312261
0.472349
0.284344
0.300246
0.146587
0.448936
0.444378
0.143578
0.286753
0.344046
0.15464
0.262108
0.777169
0.497364
0.364471
0.186358
0.479834
0.0133233
0.0712874
0.0657006
0.52064
0.00182412
0.490392
0.44561
0.706882
0.00768598
0.00789709
0.53126
0.388007
0.0064849
0.153055
0.701752
0.127897
0.877066
0.763696
0.186198
0.400236
0.197939
0.0146221
0.547681
0.1832
0.0479826
0.304842
0.0183197
0.00494556
0.507171
0.163132
0.0107556
0.306705
0.258433
0.336176
0.0164826
0.581992
0.00187511
0.301976
0.0236966
0.180207
0.129948
0.041293
0.502452
0.786531
0.307642
0.0151384
0.719557
0.00401315
0.327008
0.00216005
0.158164
0.396444
0.542587
0.768603
0.218827
0.223985
0.23835
0.000955772
0.00502784
0.475624
0.417749
0.345614
0.00969324
0.0559248
0.790077
0.0728733
0.00225603
0.00561801
0.475409
0.000976246
0.265039
0.391453
0.202114
0.787591
0.508926
0.00202302
0.816054
0.411221
0.169781
0.631417
0.307534
0.388758
0.319616
0.00466518
0.601024
0.661319
0.852753
0.493117
0.0136959
0.0327481
0.044524
0.0907018
0.0392105
0.0481875
0.266093
0.25983
0.0407867
0.0811731
0.0145119
0.510567
0.360939
0.0200338
0.0033438
0.0561792
0.50156
0.378851
0.295941
0.151163
0.562066
0.28963
0.386364
0.624884
0.000530631
0.454024
0.783952
0.704545
0.185697
0.212567
0.0180501
0.113537
0.013492
0.00396806
0.683996
0.269668
0.826414
0.484451
0.641188
0.152863
0.401065
0.00759203
0.0194418
0.0275565
0.0351204
0.540239
0.44028
0.124357
0.807358
0.0516982
0.556695
0.034322
0.535774
0.147897
0.0857434
0.349246
0.00140851
0.0332551
0.100863
0.416007
0.673351
0.0133063
0.554096
0.162398
0.517871
0.118423
0.0340705
0.382269
0.288293
0.53434
0.0840046
0.0788028
0.000220123
0.00291488
0.756896
0.0876334
0.028515
0.562422
0.511412
0.510355
0.177924
0.723421
0.506414
0.0514681
0.496798
0.41376
0.363117
0.545221
0.375449
0.0615753
0.446742
0.00863241
0.469349
0.0385473
0.193649
0.633078
0.00293671
0.120827
0.0270721
0.440396
0.0477918
0.638117
0.232864
0.634164
0.00377554
0.490686
0.060637
0.184745
0.513455
0.251966
0.507739
0.672123
0.777852
0.0112499
0.0196453
0.295784
0.231191
0.0496249
0.41565
0.0152042
0.267204
0.232291
0.221994
0.270926
0.0412502
0.459159
0.0024001
0.442898
0.138574
0.0487364
0.424701
0.0241542
0.107067
0.550864
2.1309e-05
0.382997
0.0561121
0.618243
0.0304756
0.701176
0.62519
0.609841
0.00263077
0.53938
0.00614577
0.0234404
0.0405538
0.468738
0.414697
0.000264767
0.610978
0.508565
0.0339021
0.00592306
0.00524863
0.259881
0.569667
0.041506
0.300249
0.151752
0.449282
0.431962
0.730125
0.0203972
0.445889
0.0587925
0.17051
0.0390019
0.357174
0.648665
0.506853
0.100375
0.496614
0.269775
0.1684
0.459367
0.299283
0.192864
0.445875
0.225928
0.470629
0.166337
0.0138617
0.0259863
0.697408
0.081116
0.717313
0.526347
0.540037
0.840745
0.128341
0.505816
0.660605
0.00455545
0.149919
0.24117
0.0465094
0.195016
0.000440264
0.816237
0.612269
0.701881
0.000122964
0.0901374
0.13019
0.2246
0.0520226
0.248655
0.711173
0.737813
0.354197
0.569063
0.566659
0.25663
0.244211
0.0751927
0.316284
0.126528
0.000489236
0.151004
0.230402
0.144876
0.0160302
0.0665039
0.132866
0.00511204
0.501371
0.00138639
0.44288
0.0488405
0.6366
0.361636
0.208719
0.318589
0.0828893
0.0473839
0.00968489
0.0249689
0.447307
0.550696
0.0264038
0.113258
0.152107
0.193185
0.537416
0.0701686
0.336132
0.791659
0.219141
0.34468
0.00101877
0.41091
0.409736
0.00079374
0.315543
0.374039
0.00105907
0.166613
0.00801772
0.21473
0.714564
0.413964
0.404352
0.282308
0.28813
0.0802946
0.483605
0.327134
0.547051
0.0640855
0.136092
0.0837967
0.435785
0.155767
0.013079
0.559631
0.00520916
0.295405
0.0206098
0.406435
0.105179
0.701072
0.623602
0.140266
0.196624
0.711526
0.365322
0.0923019
0.0101028
0.296164
0.022936
0.158975
0.27311
0.222009
0.00970341
0.012409
0.0599223
0.0139439
0.0128831
0.25553
0.000199889
0.342261
0.000653249
0.492145
0.475998
0.233987
0.278725
0.0155963
0.00987165
0.727835
0.000331737
0.499392
0.136288
0.315034
0.0265767
0.000836293
0.723114
0.815705
0.014435
0.187376
0.317607
0.284468
0.382083
0.0437213
0.726307
0.327155
0.0998713
0.732306
0.344247
0.516044
0.132393
0.14664
0.574823
0.336427
0.526323
0.296379
0.165653
0.00455019
0.385958
0.757473
0.0325811
0.399876
0.582899
0.594947
0.550799
0.176961
0.541868
0.697896
0.0415423
0.343144
0.508579
0.865661
0.717789
0.0025203
0.106602
0.561006
0.423582
0.197722
0.047628
0.115672
0.583473
0.344027
0.148
0.729536
0.188945
0.842568
0.401491
0.535814
0.80517
0.366415
0.109472
0.225481
0.489569
0.0597637
0.0604321
0.00593673
0.0109196
0.00626929
0.757954
0.611602
0.743651
0.0056489
0.322692
0.0679504
0.595555
0.519252
0.133205
0.159926
0.00720457
0.18548
0.241882
0.258298
0.518629
0.206694
0.445378
0.0468378
0.0126918
0.0307107
0.0267817
0.629333
0.621998
0.523484
0.769952
0.717795
0.708002
0.0179805
0.147718
0.00076162
0.471072
0.188303
0.317103
0.240097
0.16511
0.512091
0.773138
0.0682342
0.725199
0.0109775
0.640603
0.521142
0.445991
0.133499
0.0704268
0.29262
0.0615204
0.0165796
0.720932
0.254933
0.00360558
0.0067677
0.263046
0.572239
0.00644355
0.249979
0.0207167
0.028407
0.149455
0.721935
0.72568
0.601272
0.596501
0.214064
0.737741
0.00749578
0.116766
0.139945
0.00189687
0.341078
0.000237614
0.631785
0.252864
0.0375331
0.367561
0.0695109
0.22498
0.516334
0.513548
0.396101
0.414118
0.209046
0.499603
0.566019
0.143157
0.720319
0.416866
0.00128675
0.0464791
0.0263842
0.16026
0.304172
0.217601
0.18712
0.152585
0.359145
0.153302
0.318686
0.153796
0.00630601
0.28964
0.00242307
0.107143
0.0304585
0.105966
0.629828
0.0101198
0.389408
0.559066
0.625351
0.0678414
0.559835
0.658494
0.775285
0.191181
0.29693
0.0172671
0.0205875
0.00159911
5.30556e-05
0.363124
0.650439
0.0417603
0.0305804
0.238833
0.32424
0.00835598
0.0337713
0.24073
0.106801
0.0976593
0.50518
0.000548879
0.389598
0.0620263
0.127332
0.548627
0.775842
0.534844
0.646496
0.005733
2.62156e-05
0.0290323
0.575989
0.302216
6.66733e-06
0.706767
0.183193
0.414805
0.447745
0.0657559
0.436982
0.166159
0.416084
0.0420343
0.0391688
0.123134
0.119294
0.430795
0.0137345
0.699048
0.689651
0.305491
0.674155
0.668984
0.293631
0.868754
0.159596
0.455305
0.622768
0.672406
0.0061773
0.145596
0.685453
0.660044
0.6594
0.187593
0.730772
0.584344
0.26849
0.744107
0.430818
0.0549629
0.619234
0.130814
0.0362093
0.22133
0.596156
0.0793259
0.20741
0.576305
0.066285
0.375252
0.633322
0.335326
0.138846
0.420384
0.00178522
0.0385435
0.0788432
0.000134283
1.16621e-05
0.631947
0.415734
8.46872e-06
0.121073
0.404755
0.226339
0.378791
0.261788
0.00104011
0.0208609
0.696371
0.337228
0.630951
0.652173
0.189842
0.465204
0.0768688
0.166956
0.444317
0.103644
0.110968
0.454137
0.0711759
0.0280187
0.322073
0.498079
0.76713
0.394083
0.00245953
0.614177
0.00809999
0.175737
0.537019
0.65835
0.0827804
0.665157
0.00611247
0.0940467
0.0355303
0.361123
0.104059
0.0664274
0.0388503
0.159751
0.172685
0.287713
0.0389931
0.383449
0.251989
0.129622
0.0808032
0.380481
0.665465
0.239851
5.0537e-06
0.0364682
0.0197744
0.000618438
0.539034
0.13942
0.0435778
0.565358
0.141736
0.643548
0.0182102
0.00362132
0.726073
0.0137467
0.343172
0.00498605
0.0110097
0.556873
0.267388
0.122328
0.598052
0.344303
0.295314
0.718349
0.112358
0.240949
0.637229
0.168764
0.28562
0.548033
0.882654
0.796942
0.717024
0.131887
0.749152
0.167653
0.016214
0.0177088
0.602927
0.308516
0.256299
0.553467
0.148732
0.00463286
0.147137
0.00409968
0.0121907
0.627516
0.16719
0.402696
0.702721
0.0420605
0.00427383
0.222854
0.776445
0.001068
0.770385
0.628148
0.737076
0.593867
0.797174
0.556744
0.485676
0.522134
0.409193
0.230337
0.0464381
0.269142
0.0259621
0.00158017
0.208361
0.389854
0.0135257
0.257364
0.685518
0.0618619
0.625359
0.0214355
0.0034844
0.332301
0.058504
0.630995
0.0926562
0.0105199
0.0776521
0.0489045
0.501885
0.345681
0.00404729
0.0369872
0.537582
0.519188
0.45969
0.652186
8.14061e-05
0.0112557
0.330366
0.455408
0.636729
0.154582
0.167816
0.00212576
0.427032
0.00046252
0.00344049
0.0251815
0.728712
0.000170827
0.0812216
0.631789
0.614566
0.0448117
0.0652332
0.0100564
0.809496
0.145259
0.102256
0.142239
0.000747963
0.0028568
0.0206027
0.208891
0.0689289
0.524394
0.310262
0.417157
0.0182883
0.411857
0.320588
0.00334607
0.736833
0.537753
0.0446954
0.541069
0.0205935
0.104299
0.139861
0.373964
0.506558
0.778422
0.000569981
0.854863
0.0134243
0.188029
0.166022
0.0379215
0.800511
0.484323
0.255266
0.58919
0.213093
0.126935
0.0106089
0.404322
0.022836
0.0223293
0.180471
0.443968
0.0177789
0.176626
0.53017
0.175831
0.0554818
0.336691
0.0964193
0.138111
0.199849
0.695759
0.320397
0.497484
0.00332867
0.0196923
0.49375
0.198942
0.368387
0.00158073
0.66462
0.0333896
0.289039
0.109899
0.322964
0.31466
0.0441603
0.220113
0.175751
0.290716
0.199846
0.0141271
0.197167
0.145875
0.138598
0.031033
0.00209317
0.0166084
0.592905
0.784344
0.427311
0.00582209
0.647473
0.0481158
0.0301557
0.583104
0.090389
0.52491
0.0987471
0.0237584
0.00367339
0.344782
0.0470893
0.000357249
0.252699
0.8262
0.128422
0.519536
0.083265
0.046518
0.743503
0.131274
0.18454
0.0326877
0.00383846
0.00529441
0.671321
0.0290624
0.25941
0.433126
0.448141
0.303657
0.568839
0.0174103
0.336264
0.028654
0.537698
3.59005e-05
0.311581
0.369668
0.103715
0.12915
0.0199573
0.00283542
0.541558
0.501832
0.000451104
0.0835202
0.0053547
0.347984
0.0370339
0.299203
0.141844
0.413253
0.64987
0.418183
0.0506429
0.322247
0.00123075
0.316912
0.115707
0.574225
0.00318248
0.000567988
0.761534
0.0308883
0.169656
0.643953
0.0794522
0.0574379
0.559222
0.274145
0.0283761
0.523161
0.0327276
0.201273
0.00287717
0.303395
0.202103
0.0136646
0.710041
0.165126
0.62325
0.259211
0.512391
0.219235
0.735228
0.631536
0.75825
0.355539
0.00119493
0.0204933
0.171014
0.495007
0.401533
0.000587941
0.514813
0.214797
0.637296
0.0313808
0.577604
0.703968
0.367303
0.0295329
0.0593102
0.0870656
0.66778
0.0274238
0.0720209
0.16566
0.000142212
0.0492922
0.464745
0.247834
0.571126
0.127478
0.0126725
0.0249323
0.0609311
0.394159
0.119301
0.263096
0.580645
0.48217
0.264389
0.474331
0.00287212
0.0160174
0.465194
0.39315
0.139408
0.0598348
0.434462
0.0438903
0.125439
0.00413162
0.252747
0.515632
0.579348
0.119706
0.296284
0.46586
0.637526
0.484834
0.529449
0.0995439
0.719977
0.447931
0.308762
0.00156864
0.0392841
0.119786
0.451546
0.407289
0.748347
0.0116167
0.0468871
0.524814
0.0255653
0.0106224
0.615556
0.714156
0.134145
0.0144022
0.218717
0.625723
0.908949
0.0589974
2.15008e-05
0.280745
0.339506
0.417104
0.0268141
0.0862881
0.102357
0.350435
0.103115
0.463981
0.33015
0.183371
0.472581
0.852043
0.22197
0.0582191
0.00171269
0.16269
0.561982
0.00536261
0.375495
0.0729753
0.308694
0.364135
0.0380536
0.564582
0.477275
0.0549954
0.67892
0.198148
0.389109
0.222366
0.820146
0.376919
0.414466
0.137281
0.16618
0.418279
0.0495221
0.809916
0.00431777
0.0470586
0.822916
0.0353631
0.0231217
0.182941
0.44328
0.373009
0.334151
0.213398
0.121261
0.132218
0.273881
0.240448
0.0730891
0.461364
0.0799815
0.325624
0.00541231
0.283702
0.457634
0.332743
0.0799428
0.400562
0.675338
0.716488
0.000124625
0.53718
0.333019
0.712453
0.41704
0.0540466
0.0263175
0.0127004
0.428275
0.651803
0.16414
0.452826
0.00386275
0.0854354
0.038061
0.409964
0.0141975
0.433699
0.0040046
0.467347
0.277346
0.0214248
0.381236
0.00729665
0.458073
0.288808
0.190228
0.180611
0.513706
0.304619
0.459045
0.00489934
0.614193
0.382712
0.0419499
0.423833
0.0875321
0.128794
0.0470007
0.523155
0.557689
0.12264
0.566033
0.235293
0.0685093
0.00421286
0.789747
0.612466
0.00719032
0.0214234
0.401144
0.00132537
0.0207091
0.234014
0.355329
0.382268
0.159675
0.313506
0.000498493
0.426261
0.550186
0.352414
0.106542
0.324404
0.722264
0.401516
0.045104
0.214322
0.00154073
0.0370738
0.524951
0.57085
0.848111
0.24648
0.519866
0.315575
0.000602056
0.003818
0.502527
0.0213909
0.353443
0.0856334
0.610489
0.28455
0.030713
0.257992
0.546791
0.05179
0.0172867
0.325729
0.273742
0.534055
0.0333657
0.237563
0.527433
0.33481
0.0454278
0.450468
0.0558798
0.135523
0.642924
0.226401
0.0506537
0.610692
0.0627323
0.136847
0.356691
0.528221
0.177226
0.237095
0.144427
0.168616
0.807726
0.710274
0.0596943
0.110884
0.259162
0.121092
0.159547
0.335842
0.395926
0.282495
0.610364
0.0640681
0.306523
0.202133
0.0050514
0.587316
0.567393
0.0721469
0.22247
0.602077
0.360062
0.263179
0.040017
0.297193
0.760058
0.588951
0.00915563
0.209598
0.0468954
0.309289
0.40504
0.127963
0.73172
0.536484
0.482831
0.418187
0.0964258
0.0730362
0.0577978
0.162856
0.559649
0.422992
0.110189
0.112092
0.518688
0.000766501
0.0352538
0.720796
0.279504
0.56979
0.0788442
0.509415
0.424157
0.0234909
0.467489
0.000649534
0.0223592
0.496271
0.0535945
0.655607
0.476178
0.30773
0.00957609
0.482992
0.556206
0.0378539
0.0572207
0.301891
0.0108923
0.386184
0.0082348
0.0462226
0.00622374
0.153423
0.0627828
0.70795
0.428742
0.0956096
0.0394951
0.000428229
0.712733
0.239019
0.0311788
0.866627
0.0933381
0.00544918
0.446648
0.0603717
0.00649529
0.106021
0.250271
0.817794
0.22495
0.270641
0.0799612
0.356533
0.0220333
0.000326541
0.393707
0.476587
0.35914
0.0800681
0.181174
0.0131835
0.436432
0.00128044
0.0444173
0.495385
0.0279193
0.653501
0.649029
0.0172153
0.00639657
0.647812
0.00699258
0.554317
0.475075
0.506297
0.459407
0.133988
0.00982109
0.00989368
0.379863
0.480006
0.0031877
0.238474
0.186446
0.0536134
0.704829
0.302828
0.108301
0.191688
0.222194
0.43538
0.000133516
0.741167
0.674589
0.535857
0.0209024
0.186596
0.534524
0.0459385
0.00276276
0.0154428
0.532341
0.0402884
0.718764
0.176209
0.00571574
0.841431
0.330647
0.00363562
0.0498848
0.64468
0.62127
0.00131828
0.04415
0.0438343
0.217703
0.0194768
0.00233241
0.00119327
0.164591
0.442259
0.00223409
0.0580294
0.490069
0.171153
0.314834
0.335025
0.00562275
0.29977
0.0130783
0.0535469
0.0856009
0.511257
0.398959
0.0623791
0.38072
0.063456
0.040623
0.492766
0.167121
0.255509
0.249036
0.0186046
0.0468263
0.741046
0.0952169
0.310723
0.133119
0.256037
0.00205553
0.441603
0.0256749
0.373714
0.755324
0.153645
0.00202276
0.728501
0.000381848
0.0151523
0.547486
0.402378
0.288264
0.513042
0.628176
0.446096
0.505154
0.693161
0.582278
0.228092
0.0218123
0.354281
0.135243
0.666154
0.413627
0.0466171
0.467967
0.467739
0.703826
0.119738
0.5113
0.884064
0.390838
0.580136
0.831321
0.356299
0.280372
0.233385
0.815234
0.272465
0.0190549
0.260499
0.124317
0.46541
0.0290052
0.460066
0.00857722
0.530862
0.0349895
0.776894
0.317824
0.0330044
0.083745
0.00475382
0.118411
0.0958814
0.0800168
0.0882269
0.721012
0.251638
0.282014
0.692683
0.413774
0.763131
0.0751773
0.58631
0.499269
0.0450958
0.00858742
0.0431605
0.363161
0.36262
0.0226577
0.0100044
0.788399
0.343516
0.0414445
0.317057
0.888179
0.493302
0.467085
0.250535
0.497008
0.00530362
0.372949
0.0287423
0.538755
0.0196827
0.71603
0.577007
0.20708
0.0228508
0.20003
0.38432
0.00731399
0.646591
0.320224
0.0400298
0.749485
0.0319442
0.483623
0.000810196
0.0459957
0.758919
0.516501
0.146545
0.214575
0.0900327
0.114654
0.0741594
0.373239
0.669245
0.392852
0.83336
0.529309
0.688357
0.720759
0.00852318
0.000924731
0.424289
0.79928
0.640266
0.0105315
0.643112
0.520116
0.868644
0.0563638
0.579144
0.267351
0.17908
0.389801
0.748834
0.723259
0.00166268
0.0224549
0.733704
0.102095
0.207748
0.362397
0.639123
0.61183
0.381328
0.37232
0.176527
0.0710464
0.238344
0.154204
0.546576
0.59196
0.0232043
0.351889
0.278585
0.0665765
0.0645835
0.40515
0.481384
0.451085
0.0643033
0.0728376
0.432799
0.0328931
0.0377059
0.506773
0.0454571
0.550128
0.505128
0.1098
0.516044
0.0322907
0.273813
0.0153871
0.345474
0.0616531
0.293258
0.0520482
0.0292996
0.53871
0.449346
0.465727
0.503802
0.123546
0.0783427
0.00777384
0.412981
0.123681
0.196416
0.0515207
0.185951
0.673365
0.225706
0.163058
0.140699
0.142065
0.309416
0.725043
0.158377
0.320803
0.121341
0.508514
0.613062
0.171172
0.498408
0.860673
0.525163
0.135479
0.00524353
0.47738
0.19194
0.676083
0.0013338
0.0799609
0.00676459
0.226214
0.40634
0.00243571
0.00406986
0.350109
0.609594
0.556782
0.0830212
2.63363e-05
0.362989
0.00549695
0.635153
0.623642
0.306567
0.0844809
0.197544
0.192005
0.0351451
0.423994
0.0348834
0.143935
0.0522849
0.00554283
0.074122
0.664117
0.0753347
0.325384
0.303783
0.0405804
0.000174834
0.817222
0.650473
0.179394
0.295911
0.461283
0.0773937
0.0218202
0.72256
0.00451865
0.266101
0.713435
0.212379
0.0432261
0.220419
0.0093522
0.198668
0.0516863
0.502133
0.00335846
0.0537223
0.649646
0.0563831
0.0713688
0.337344
0.431117
0.689736
0.0410844
0.629696
0.250649
0.703075
0.230874
0.235607
0.113363
0.176022
0.0145518
0.0164521
0.427563
0.645817
0.000459436
0.479532
0.435879
0.00595549
0.00149994
0.0131896
0.42571
0.0921335
0.875687
0.361269
0.413346
0.105395
0.147182
0.0125626
0.772903
0.772976
0.611478
0.049969
0.00446769
0.0131886
0.46687
0.0870014
0.428805
0.125333
0.0486148
0.131554
0.00810279
0.168648
0.38605
0.575867
0.340999
0.522487
0.362574
0.0120154
0.366107
0.400447
0.556912
0.0100867
0.00848931
0.0530123
0.00155365
0.102764
0.0536226
0.757462
0.403943
0.00313204
0.0342242
0.272438
0.00167958
0.00179539
0.303631
0.224657
0.147942
0.181391
0.0438409
0.574964
0.233871
0.10996
0.25228
0.459231
0.192046
0.153037
0.00355161
0.587115
0.308946
0.619218
0.453208
0.13353
0.812488
0.0167731
0.374993
0.0541529
0.00163007
0.185996
0.278556
0.000786861
0.00103417
0.559423
0.0487179
0.496397
0.0254878
0.00932685
0.376784
0.8108
0.628138
0.6511
0.299356
0.0528513
0.172576
0.273754
0.242139
0.0613077
0.381482
0.363862
0.623267
0.701301
0.0150152
0.00192366
0.00220853
0.730193
0.436067
0.283742
0.335411
0.196341
0.402912
0.0797305
0.680031
0.0665278
0.0205409
0.53899
0.781668
0.0699332
0.0751624
0.261434
0.00582283
0.397392
0.000255071
0.216061
0.585241
0.0410757
0.544935
0.0410696
0.314623
0.509674
0.663303
0.0745032
0.0633965
0.0820912
0.236014
0.00120975
0.750701
0.199829
0.112354
0.158183
0.0296825
0.401185
0.0252036
0.838274
0.0212489
0.524795
0.521174
0.349404
0.254877
0.317864
0.359778
0.364056
0.536603
0.364404
0.320792
0.646683
0.0190756
0.0863368
0.0248336
0.477242
0.00922128
0.00954228
0.324398
0.31355
0.0575203
0.239989
0.346386
0.0341942
0.476881
0.0336028
0.00108924
0.653095
0.237922
0.316147
0.0768969
0.499047
0.0427075
0.201252
0.38938
0.00880912
0.680174
0.0227137
0.805008
0.0412995
0.000229825
0.404264
0.250995
0.0380597
0.560905
0.115216
0.0330346
0.0610975
0.292658
0.0154912
0.813368
2.12813e-05
0.183048
0.000847275
0.347078
0.0364498
0.225324
0.718519
0.394631
0.318527
0.0460644
0.286597
0.600407
0.150839
0.355389
0.0972247
0.0946439
0.445797
0.301002
0.0102628
0.180827
0.205993
0.311699
0.245181
0.101529
0.00883381
0.328249
0.381546
0.124387
0.0331682
0.222593
0.101912
0.0407377
0.165792
0.0396629
0.547755
0.436171
0.291715
0.677257
0.122741
0.133911
0.301479
0.106052
0.328589
0.00253312
0.514982
0.259082
0.00277431
0.0225155
0.0200227
0.422905
0.50098
0.0128086
0.0149708
0.66843
0.138646
0.500648
9.806e-05
0.265853
0.262278
0.0262857
0.490468
0.31059
0.040378
0.580556
0.0018187
0.0494641
0.0607794
0.322128
0.707796
0.017379
0.505153
0.280263
0.293394
0.149947
0.0486387
0.0619811
0.114275
0.339212
0.00290272
0.41767
0.204207
0.115063
0.412903
0.139074
0.287497
0.00651226
0.535726
0.0039409
0.536227
0.00482936
0.600631
0.243911
0.543153
0.633404
0.352013
0.541477
0.465454
0.0567114
0.011464
0.172691
0.257895
0.559845
0.00123415
0.757963
0.203304
0.390697
0.485883
0.634734
0.426622
0.558253
0.278917
0.0318615
0.691226
0.666765
0.102268
0.103693
0.22851
0.00225772
0.044545
0.000118423
0.244482
0.051516
0.86087
0.125001
0.473844
0.00442994
0.0132136
0.0156038
0.31676
0.339233
0.486511
0.0717112
0.80863
0.329652
0.00981719
0.438738
0.625945
0.0609627
0.295518
0.745893
0.25156
0.00269847
0.708534
0.023325
0.364219
0.122288
0.244587
0.112627
0.29435
0.637408
0.0609699
0.145162
0.00073205
0.0246543
0.556547
0.073721
0.213908
0.0178766
0.243627
0.00302905
0.00780131
0.000164886
0.164474
0.0167077
0.561966
0.361138
0.15988
0.0276048
0.186451
0.0917592
0.303016
0.352271
0.00102166
0.156617
0.058017
0.662232
0.121761
0.0020095
0.00502949
0.241495
0.00803
0.0783619
0.562382
0.0949955
0.497408
0.249175
0.296948
0.00547346
0.242914
0.652034
0.698553
0.43268
0.0746656
0.188298
0.00927915
0.600088
0.138386
0.521986
0.139781
0.0725961
0.114334
0.395059
0.525133
0.214035
0.214649
0.00185918
0.511122
0.00490293
0.0553381
0.000489143
0.42804
0.660405
0.274224
0.403011
0.0304066
0.0128966
0.135993
0.565559
0.000278758
0.0937047
0.769468
0.00321823
0.761399
0.0717085
0.785855
0.223492
0.378107
0.0432792
0.00536611
0.665616
0.763836
0.0789242
0.652279
0.171154
0.114833
0.0507194
0.0150402
0.252056
0.280555
0.023804
0.000248263
0.22608
0.0841067
0.0885471
0.720544
0.436297
0.300421
0.324571
0.0232889
0.30403
0.62203
0.108862
0.430172
0.230714
0.719254
0.594855
4.178e-05
0.0118062
0.0143224
0.0409001
0.317585
0.092891
0.412883
0.0158883
0.760486
0.186634
0.276586
0.532782
0.000752551
6.91971e-05
0.0309944
0.63386
0.393463
0.0701767
0.189058
0.419022
0.01716
0.00425299
0.000561376
0.690927
0.447201
0.587146
0.385768
0.453266
0.512575
0.00396997
0.0513095
0.146631
0.356853
0.364595
0.0178955
0.204114
0.149368
0.440416
0.0812303
0.43578
0.444792
0.0721512
0.678284
0.669663
0.0525431
0.229049
0.582964
0.318337
0.735178
0.0913863
0.116094
0.198299
0.0474685
0.277611
0.388642
0.0487313
0.483746
0.841097
0.00831626
0.0762917
0.177961
0.119304
0.130162
0.0637578
0.405602
0.674007
0.112392
0.0679755
0.00643758
0.460587
0.0743374
0.00567378
0.00373109
0.021357
0.107159
0.0145259
0.614503
0.259249
0.401192
0.00523828
0.00487123
0.446523
0.477354
0.0130479
0.00235971
0.360915
0.0032426
0.00749573
0.0589762
0.0844014
0.00132888
0.393936
0.244544
0.0981728
0.528119
0.0078073
0.0203007
0.517718
0.00119827
0.536717
0.314677
0.14284
0.0664565
0.513368
0.525151
0.536445
0.40401
0.314513
0.0166635
0.00889734
0.368863
0.648737
0.509055
0.12398
0.175178
5.35175e-06
0.0468815
0.498792
0.0543668
0.137565
0.0580769
0.245681
0.0745812
0.620283
0.590159
0.0682816
0.163923
0.0481247
0.00320662
0.052912
0.12446
0.00117947
0.00279014
0.0125157
0.643202
0.000895652
0.140858
0.0208476
0.0100073
0.0472431
0.00323942
0.0129219
0.23824
0.0322494
0.106776
0.423017
0.656857
0.00622332
0.705951
0.313227
0.64572
0.168776
4.83414e-05
0.104469
0.718169
0.447957
0.66629
0.327488
0.0114506
0.661353
0.702915
0.00108648
0.00190779
0.720615
0.117271
0.063963
0.168156
0.468217
0.00218405
0.00354896
0.151666
0.799184
0.610506
0.510191
0.00218413
0.0155757
0.00158788
0.355862
0.397936
0.0635595
0.388219
0.781372
0.0526644
0.254715
0.482861
0.000737599
0.0890845
0.459659
0.0968344
0.0339679
0.0714186
0.577411
0.0813845
0.555869
0.400702
0.0165576
0.012499
0.574359
0.498546
0.00521493
0.297884
0.0789508
0.00740596
0.373294
0.147941
0.000519891
0.282715
0.00398393
0.368183
0.0960657
0.323066
0.00534669
0.0145328
0.334361
0.00689031
0.815422
0.239521
0.713983
0.288322
0.00127909
0.249175
0.695527
0.63432
0.0496158
0.347239
0.371496
0.154582
0.277103
0.580951
0.0629829
0.040411
0.758443
0.708481
0.000382106
0.210829
0.384007
0.268583
0.320991
0.252489
0.563783
0.418838
0.0825785
0.225431
0.0547102
0.662989
0.00513443
0.058904
0.0271362
0.0813376
0.0568899
0.798113
0.147962
0.725872
0.728339
0.0353968
0.0672307
0.0549889
0.450486
0.330126
0.567216
0.425632
0.106686
0.0589774
0.302945
0.194115
0.190802
0.601456
0.657782
0.430543
2.69988e-05
0.0266351
0.184316
0.0343171
0.0746908
0.00332051
0.00623839
0.755748
0.00174933
0.573017
0.548532
0.632892
0.000592657
0.0690337
0.324684
0.153953
0.386457
0.261232
0.311544
0.394856
0.347069
0.671786
0.0383865
0.375226
0.259741
0.610986
0.364394
0.210072
0.0151579
0.740933
0.188149
0.0554418
0.192042
0.357794
0.119681
0.539673
0.1428
0.117646
0.0803084
0.419296
3.13059e-05
0.235745
0.0464974
0.675325
1.11179e-06
0.531592
0.358136
0.309893
0.180725
0.619311
0.0163338
0.0595093
0.56245
0.569486
8.35892e-05
0.590647
0.00136689
0.0109118
0.10547
0.0104688
0.0286377
0.584329
0.133548
0.229319
0.679609
0.528338
0.0587897
0.25784
0.416356
0.0161265
0.025524
0.0945965
0.247201
0.165333
0.454636
0.0877134
0.488997
0.327393
0.262258
0.060142
0.595996
0.596602
0.0711472
0.561161
0.795427
0.375341
0.523085
0.725585
0.242532
0.557431
0.0947135
0.232642
0.276504
0.103306
0.0799308
0.608426
0.0437713
0.271856
0.179674
0.219195
0.753483
0.751007
0.00138949
0.577964
0.00205723
0.00148418
0.0659563
0.15025
0.498328
0.469695
0.276368
0.116288
0.00121002
0.119972
0.0448304
0.318305
0.00115552
0.516833
0.0111961
0.00188742
0.46086
0.0729417
0.348862
0.0084221
0.612651
0.203578
0.536106
0.716865
0.152514
0.408861
0.625762
0.125765
0.0055218
0.00148231
0.0764295
0.659311
0.00346394
0.238027
0.58868
0.0531188
0.534901
0.00481914
0.339581
0.0029616
0.241081
0.00563382
0.640228
0.340385
0.299609
0.111953
0.00284345
0.570532
0.00491581
0.401119
0.211552
0.0991812
0.332376
0.593923
0.211674
0.17523
0.00176563
0.472489
0.110448
0.00523248
0.0114906
0.0116016
0.431158
0.1518
0.00143456
0.0074885
0.245481
0.557747
0.224249
0.0134058
0.906715
0.579337
0.31554
0.369238
0.299958
0.244261
0.140388
0.000311177
0.313029
0.437023
0.36325
0.217152
0.0600901
0.322937
0.656491
6.41937e-05
0.415386
0.232019
0.120004
0.240775
0.186876
0.789538
0.0113091
0.137957
0.339072
0.475174
0.0125066
0.199879
0.112661
0.730718
0.122294
0.0069265
0.177542
0.00316678
0.0185598
0.758052
0.0018551
0.207743
0.860152
0.101164
0.619394
0.329229
0.219182
0.00732063
0.498496
0.152862
0.101509
0.0999383
0.0111881
0.0738046
0.0544942
0.478374
0.51534
0.0333074
0.000364339
0.0164253
0.36148
0.03187
0.154987
0.0158654
0.664072
0.00255849
0.00867462
0.550017
0.315913
0.600504
0.248688
0.303473
0.285914
0.0175924
0.000416102
0.382736
0.846302
0.641639
0.342744
0.0243758
0.14788
0.0165822
0.246068
0.0250396
0.858741
0.475401
0.0113957
0.00118288
0.164429
0.140645
0.773957
0.175955
0.000253626
0.0201281
0.0622189
0.0466842
0.210236
0.477871
0.623886
0.0115905
0.366255
0.637839
0.191016
0.0737958
0.00036648
0.428883
0.00277183
0.10698
0.355841
0.236904
0.266462
0.0538005
0.0768795
0.561084
0.00639133
0.00469314
0.637849
0.552349
0.170039
0.373543
0.652252
0.504871
0.212602
0.00220318
0.730502
0.0379503
0.676398
0.060731
0.159847
0.390029
0.000334282
0.128518
0.404256
0.623653
0.366424
0.54584
0.444103
0.260399
0.574419
0.163046
0.228756
0.242042
0.0127994
0.252088
0.0876773
0.198664
0.0742762
0.108315
0.00102744
0.00136145
0.00238118
0.745418
0.333197
0.0256751
0.593304
0.0018416
4.18634e-05
8.36313e-05
0.159216
0.528991
0.00271177
0.0620811
0.0138247
0.0348252
0.284714
0.0122639
0.192452
0.535171
0.0433654
0.483506
0.259416
0.652554
0.642848
0.544087
0.526771
0.311949
0.608421
0.00698861
0.150204
0.305732
0.122973
0.0989411
0.314916
0.173862
0.00142739
0.113063
0.0335311
0.0496991
0.50886
0.558644
0.049733
0.442205
0.0605981
0.000151172
0.655123
0.166999
0.442782
0.593451
0.825135
0.358567
0.614189
0.0565936
0.19563
0.190956
0.149979
0.00181297
0.134666
0.337505
0.00352949
0.0484259
0.57592
0.00142255
0.0046967
0.000966313
0.27995
0.000606487
0.609505
0.419627
0.86973
0.0225767
0.280664
0.00194318
0.562722
0.339088
0.84768
0.25836
0.000566965
0.69143
0.0234422
0.655133
0.196009
0.495767
0.397651
0.000113286
0.894953
0.0790256
0.143387
0.00579295
0.0308379
0.507142
0.525855
0.204546
0.756353
0.210116
0.0334457
0.00328537
0.186062
0.130957
0.129154
0.0489754
0.313997
0.083957
0.626483
0.171369
0.0016296
0.357037
0.671723
0.055529
0.0257424
0.613252
0.686963
0.0209609
0.00104483
0.320633
0.31222
0.827583
0.602254
0.340165
0.116967
0.204371
0.309593
0.0754558
0.722562
0.657261
0.517072
0.519135
0.101593
0.154825
0.465408
0.0736187
0.00552234
0.724571
0.103296
0.11685
0.591659
0.00403077
0.000702397
0.356364
0.449195
0.69483
0.84461
0.649098
2.67336e-05
0.223907
0.523249
0.0225386
0.629378
0.0924483
0.773827
0.499128
0.242977
0.164835
0.548597
0.570139
0.572636
0.00597545
0.455062
0.53275
0.590376
0.0396408
0.0846144
0.300012
0.655204
0.353115
0.478461
0.627509
0.658905
0.243133
0.629215
0.526423
0.41967
0.48736
0.557146
0.145377
0.289132
0.399994
0.0225003
0.000406746
0.00110968
0.385769
0.218926
0.814495
0.109837
0.425354
0.463491
0.176708
0.574069
0.00244729
0.427871
0.64424
0.574793
0.358775
0.164281
0.571371
0.44366
0.0529473
0.296185
0.471265
0.548319
0.46864
0.467945
0.0294035
0.71717
9.92626e-05
0.00321393
0.531033
0.0258781
0.267869
0.0367953
0.306945
0.59246
0.583878
0.627125
0.132993
0.00675452
0.11218
0.0232513
0.418641
0.441294
0.471431
0.790892
0.000553793
0.0617566
0.0486183
0.540793
0.00285451
0.434621
3.41921e-07
0.0134044
0.431519
0.0925404
0.48756
0.384016
0.482537
0.821322
0.368808
0.0638183
0.497309
0.0798785
0.0166918
0.139618
0.000987475
0.587143
0.0145311
0.537362
0.481361
0.568038
0.499095
0.398088
0.591297
0.17374
0.0898243
0.524445
0.233764
0.0461983
0.000569815
0.63269
0.0798273
0.471994
0.000411036
0.535379
0.524293
0.0465644
0.0854092
0.311737
0.296732
0.0804153
0.379774
0.36975
0.574417
0.290723
0.0705665
0.294135
0.491975
0.000592563
0.325326
0.664701
0.0220825
0.00130303
0.234536
0.0965119
0.526461
0.00962142
0.580659
0.141978
0.0841314
0.0468715
0.0166211
0.315183
0.000185538
0.0465795
0.475286
0.402369
0.0310338
0.346373
0.0564136
0.430924
0.636296
0.659794
0.909061
0.312619
0.636109
0.766424
0.0229392
0.382716
0.698127
0.0466084
0.00772699
0.00192536
0.329327
0.647633
0.474621
0.398646
0.198416
0.16618
0.31757
0.0161207
0.517165
0.151946
0.424377
0.00897802
0.343306
0.19255
0.317299
0.810536
0.0244706
0.585693
0.666584
0.75565
0.295035
0.124849
0.116986
0.846627
0.199733
0.486716
0.285839
0.586957
0.317937
0.196284
0.642163
0.399885
0.328757
0.885812
0.0591917
0.052273
0.321962
0.245529
0.00610401
0.214974
0.0887928
0.0125686
0.113312
0.358264
0.0393355
0.00396191
0.368881
0.110103
0.0724074
0.000470826
0.0256764
0.0228613
0.0125317
0.614881
0.00120074
0.323814
0.174594
0.862761
0.0800233
0.067759
0.367176
1.0278e-05
0.0654176
0.555257
0.613776
0.545694
0.268292
0.46803
0.527821
0.0387392
0.0186959
0.0631785
0.0727702
0.00776275
0.400267
0.485789
0.0310638
0.525252
0.594616
0.337604
0.115021
0.476264
0.056998
0.0288577
0.435656
0.259407
0.205763
0.589824
0.26958
0.20016
0.314356
0.516039
0.709063
0.138736
0.00120905
0.777846
0.436454
0.482903
0.107631
0.471954
0.0008889
0.69799
0.833666
0.33829
0.117239
0.301631
9.08739e-05
0.0372138
0.540656
0.380665
0.0970492
0.227327
0.47634
0.471426
0.000264293
0.784725
0.344773
0.420638
0.0295733
0.214682
0.496253
0.0192152
0.0102201
0.0659421
0.235048
0.467104
0.00822579
0.0160809
0.462515
0.555247
0.0249458
0.0734446
0.0466883
0.0946719
0.297774
0.223191
0.456372
0.507309
0.158093
0.558164
0.474694
0.153798
0.00372106
0.884495
0.320948
0.686378
0.197752
0.0184991
0.00846008
0.148803
0.222562
0.0430152
0.524096
0.0742358
0.0809915
0.516551
0.156318
0.596237
0.122966
0.618724
0.095383
0.334379
0.0030787
0.523108
0.189465
0.812399
0.00710365
0.692871
0.349181
0.500822
0.164499
0.64617
0.046203
0.741057
0.325034
0.373628
0.31678
0.292952
0.0438772
0.0367417
0.195036
0.547628
0.0845388
0.791488
0.252608
0.790461
0.292721
0.0247019
0.0414495
0.204565
0.518038
0.00347586
0.0739189
0.087053
0.12395
0.305692
0.660709
0.481537
0.505596
0.240742
0.659568
0.49792
0.00812434
0.133928
0.162511
0.541136
0.678974
0.555822
0.527483
0.0659783
0.498393
0.609824
0.350986
0.0193898
0.0460543
0.0329221
0.341716
0.0219782
0.125217
0.356283
0.862328
0.186869
0.0574335
0.596531
0.135692
0.19346
0.285289
0.0546865
0.11799
0.081228
0.810463
0.226347
0.00127304
0.173773
0.0741627
0.0336544
0.00132764
0.558035
0.523783
0.308765
0.000469397
0.43492
0.601342
0.00115836
0.607041
0.0575294
0.0655522
0.701821
0.0746072
0.0420142
0.139712
0.0266145
0.655738
0.404673
0.166463
0.444045
0.0067673
0.0466362
0.0681852
0.292054
0.608489
0.352063
0.315773
0.455302
0.00539756
0.0752254
0.539901
0.613988
0.458848
0.061768
0.0161135
0.166773
0.338252
0.173907
0.39585
0.445655
0.234427
0.361586
0.0489003
0.0925324
0.305642
0.133832
0.0904824
0.000507653
0.138592
0.25258
0.0257177
0.442511
0.958428
0.000774644
0.603711
0.452792
0.390752
0.00643887
0.0630181
0.34627
0.555384
0.254827
0.380589
0.298686
0.396474
0.00647624
0.0355636
0.0112961
0.0192118
0.0762375
0.400536
0.164359
0.136329
0.696679
0.0997103
1.26351e-05
0.150844
0.634577
0.451606
0.291042
0.353718
0.623547
0.475139
0.620738
0.694516
0.0254612
0.61141
0.0271083
0.110272
0.476452
0.539136
0.289915
0.0935057
0.696133
0.435231
0.385738
0.0219501
0.397785
0.0291399
0.00276946
0.048028
0.0857746
0.0714805
0.268385
0.641699
0.00100565
0.576909
0.615796
0.00831491
0.514312
0.000963546
0.15359
0.26148
0.169363
0.843652
0.0201944
0.177832
0.0813836
0.615932
0.420675
0.64283
0.308426
0.00189289
0.291407
0.0511746
0.226749
0.318441
0.406607
0.793427
0.000653585
0.0366067
0.817751
0.00533574
0.000507725
0.209685
0.243207
0.105121
0.0358433
0.344674
0.286175
0.0068073
0.0153291
0.303718
0.769825
0.207724
0.284738
0.217285
0.0869947
0.00527114
0.00249212
0.247284
0.592062
0.184203
0.410857
0.0590498
0.033919
0.179011
0.486745
0.391449
0.15338
0.721327
0.569476
0.179968
0.00490994
0.470489
0.284144
0.40992
0.00209952
0.187131
0.205513
0.000180629
0.493544
0.546311
0.0856117
0.0168533
0.657918
0.0600516
0.557094
0.657651
0.358027
0.589673
0.254862
0.0628235
0.00180238
0.486049
0.579772
0.0514622
0.35563
0.221583
0.751776
0.221495
0.00438796
0.139492
0.00414
0.0127558
0.358665
0.0517478
0.349371
0.0678521
0.279886
0.27131
0.702119
0.0237248
0.734073
0.0395451
0.0673228
0.210707
0.00902795
0.0678662
0.701753
0.0809292
0.385574
0.00263024
0.00665958
0.65704
0.423565
0.00749832
0.0289571
0.2283
0.297694
0.354174
0.582898
0.3944
0.0351139
0.075326
0.0333339
0.627781
0.00450438
0.533113
0.00316441
0.00809472
0.567217
0.00910356
0.519428
0.000104626
0.35476
0.653776
0.205951
0.222431
0.622116
0.362129
0.367934
0.602261
0.799303
0.335404
0.0516659
0.500409
0.14924
0.0168973
0.209745
0.142845
0.435096
0.203811
0.173818
0.00115168
0.596321
0.00229236
0.329784
0.29991
0.668796
0.664259
0.555844
0.0644612
0.519101
0.451959
0.602935
0.0232024
0.574438
0.181102
0.289151
0.784808
0.346001
9.75098e-05
0.309
0.139786
0.551862
0.440073
0.00780356
0.000139585
0.110675
0.742398
0.185499
0.0526086
0.00511458
0.0406244
0.329157
0.678384
0.0242029
0.122738
0.00646773
0.154183
0.00256821
0.0903856
0.00141049
0.355512
0.057205
0.592274
0.00103092
0.0121071
0.30708
0.403026
0.000963757
0.613374
0.000193991
0.0397854
0.312178
0.60668
0.0035611
0.16937
0.748443
0.73194
0.150584
0.809411
0.496012
0.0180981
0.131137
0.0671473
0.031579
0.00839075
0.00187767
0.114389
0.41129
0.0968873
0.0326273
0.0937118
0.227566
0.461727
0.385679
0.495566
0.400572
0.0285803
0.006202
0.806148
0.314508
0.278775
0.00324768
0.202784
0.456677
0.512175
0.182314
0.31107
0.437293
0.618055
0.0628837
0.558319
0.0332436
0.477838
0.0431032
0.0194291
0.16142
0.633604
0.283423
0.506294
0.506458
0.000429873
0.263842
0.267806
0.029766
0.0131321
0.323773
0.015956
0.76027
0.290612
0.30211
0.0422101
0.0054151
0.00612764
0.75663
0.624873
0.531745
0.0331524
0.305198
0.0116086
0.234117
0.732247
0.0197257
0.296751
0.304621
0.0189215
0.157319
0.0817456
0.0701373
0.384816
0.60499
0.00124
0.651573
0.0733838
0.279274
0.0458112
0.0295382
0.33398
0.635633
0.00360575
0.0776503
0.00417306
0.370676
0.738616
0.165345
0.707561
0.106298
0.130361
0.0717582
0.0816142
0.197342
0.00196239
0.108176
0.74116
0.0675599
0.337725
0.251402
0.663712
0.00320543
0.285223
0.0965276
0.00136822
0.0105682
0.122893
0.093161
0.000353634
0.663394
0.101624
0.451964
0.236949
0.697549
0.287469
0.824585
0.295924
0.0202584
0.021163
0.781282
0.355788
0.527354
0.380229
0.00385499
0.399905
0.684597
0.383125
0.238767
0.143842
0.00380184
0.682362
0.00657449
0.22862
0.586559
0.334806
0.193797
0.750532
0.356055
0.287842
0.000781093
0.784352
0.233433
0.576569
0.0400435
0.0268725
0.0392289
0.223954
0.0249513
0.0132849
0.061161
0.365814
0.431768
0.0202326
0.452892
0.0978645
0.34315
0.204782
0.366774
0.730698
0.232875
0.000230037
0.0157281
0.521599
0.717246
0.0227449
0.0691971
0.237774
0.0705674
0.0357092
0.597506
0.114283
0.285805
2.55048e-05
0.00439696
0.0219878
0.000977578
0.000564649
0.100607
0.0770725
0.0515589
0.20079
0.557684
0.674289
0.351241
0.596963
0.076291
0.443196
0.00585885
0.0497842
0.0611753
0.0287736
0.508179
0.000677735
0.0145915
0.291413
0.000268999
0.0619559
0.0804484
0.408391
0.304117
0.06202
0.296646
0.00189178
0.0230963
0.0535992
0.077665
0.396579
0.420652
0.360131
0.707339
0.0401652
0.562388
0.479101
0.00945115
0.534768
0.0453095
0.720728
0.0805118
0.643739
0.24132
0.0644236
0.516045
0.412787
0.45631
0.700865
0.00223641
0.00408702
0.551196
0.0636179
0.0015964
0.687718
0.176042
0.00270313
0.00412205
0.500448
0.0860682
0.170143
0.0478303
0.00655512
0.794516
0.000302897
0.544198
0.164259
0.151094
0.310361
0.698526
0.457912
0.732356
0.370616
0.00105633
0.46925
0.0668133
0.0590624
0.219636
0.00150488
0.864284
0.0541815
0.206208
0.0105638
0.00405874
0.37048
0.555587
0.596786
0.00886393
0.504192
0.0238681
0.568923
0.290533
0.0215476
0.126324
0.314831
0.0599276
0.00041903
0.188712
0.432771
0.649746
0.0131515
0.0157019
0.00157523
0.00338897
0.00703863
0.374451
0.0154435
0.0907416
0.488576
0.405534
0.0438277
0.493032
0.234749
0.154484
0.0320731
0.0391637
0.0321358
0.661146
0.415864
0.61114
0.298868
0.0795306
0.622051
0.0196867
0.0503127
0.306826
0.0304734
0.283502
0.0996859
0.000454387
0.0545858
0.0772924
0.203969
0.577918
0.703018
0.0419173
0.36958
0.000518709
0.104534
0.071939
0.00549555
0.435808
0.304439
0.0744802
0.483513
0.00212345
0.319473
0.581426
0.1334
0.000453373
0.203297
0.0677938
0.105006
0.305477
0.547949
0.482588
0.0252162
0.000646393
0.360338
0.383233
0.0242991
0.364529
0.312077
0.531013
0.00564525
0.483885
0.278504
0.454742
0.250172
0.452876
0.910636
0.203252
0.34615
0.315435
0.016163
0.0175174
0.668288
0.5394
0.368813
0.205595
0.630224
0.0174377
0.150263
0.19967
0.00193468
0.616997
0.711848
0.736579
0.0405972
0.209909
0.000573399
0.00622998
0.336599
0.680935
0.343265
0.0844606
0.00349239
0.390966
0.226213
0.101697
0.706291
0.823522
0.617936
0.0237868
0.0199343
0.0167581
0.000927471
0.00171691
0.000855335
0.73586
0.52764
0.312877
0.012408
0.383526
0.294717
0.355365
0.000599839
0.0101166
0.302911
0.306614
0.308198
0.459442
1.38036e-06
0.630782
0.0424802
0.0214801
0.287609
0.00982489
0.18216
0.00153149
0.132979
0.25401
0.775863
0.0351714
0.606921
0.0616875
0.0616271
0.0376169
0.566578
0.420303
0.431388
0.0354557
0.0872576
0.439785
0.0132547
0.539006
0.604882
0.429729
0.501413
0.0964401
0.473304
0.452696
0.621109
0.374447
0.206471
0.240955
0.235883
0.0245249
0.897336
0.598932
0.317254
0.0219865
0.270942
0.299658
0.491656
0.551568
0.406507
0.456336
0.000201255
0.413946
0.469027
0.561567
0.0468848
0.0190326
0.0480777
0.004291
0.55906
0.489948
0.493011
0.249486
0.305874
0.706143
0.457129
0.0534321
0.550592
0.525603
0.223149
4.3238e-05
0.688805
0.060181
0.170286
0.000479475
0.236687
0.0422416
0.00122646
0.0203978
0.136207
0.0765828
0.0892169
0.331321
0.38497
0.111121
0.371384
0.61748
0.0011397
0.0463569
0.0213892
0.104568
0.126955
0.711127
0.187831
0.531282
0.0660889
0.000927547
0.677732
0.276405
0.253511
0.0268386
0.605918
0.025198
0.55304
0.0175151
0.362186
0.585199
0.110167
0.0294869
0.666263
0.0390425
0.433863
0.174542
0.53695
0.779881
0.129069
0.000119192
0.656914
0.0539683
0.00041596
0.677927
0.537601
0.753726
0.0701154
0.0514827
0.050471
0.00237496
0.582429
0.786764
0.618043
0.0155053
0.0233914
0.00263625
0.228415
0.285042
0.078028
0.21844
0.00231256
0.0832933
0.263581
0.370524
0.59157
0.223657
0.125802
0.307684
0.000815597
0.0338335
0.072704
0.648722
0.210683
0.0476037
0.245059
0.00492125
0.173793
0.000494272
0.856563
0.390789
0.225622
0.0264793
0.444883
0.827743
0.346718
0.513745
0.129452
0.00210172
0.0117363
0.00788573
0.226006
0.000172366
0.240339
0.0202677
0.167298
0.000132133
0.649364
0.0413794
0.0587136
0.789513
0.0414403
0.619729
0.185771
0.022456
0.00103742
0.0154806
0.22189
0.155854
0.0207565
0.370783
0.781726
0.0169582
0.00144486
0.471525
0.0922827
0.000346928
0.622187
0.274266
0.457231
0.179078
0.0811152
0.302505
0.032852
0.0038716
0.669867
0.206435
0.305243
0.623229
0.468554
0.652613
0.570725
0.08402
0.55009
0.0290121
0.00016529
0.588013
0.211052
0.0016038
0.0522163
0.569227
0.013381
0.000843216
0.00339271
0.208092
0.172561
0.806741
0.000378811
0.261031
0.333955
0.102521
0.062575
0.00350749
0.10973
0.135664
0.177669
0.00536114
0.404114
0.0446776
0.430971
0.106028
0.451726
0.0103934
0.0607903
0.65575
0.601222
0.0480808
0.651858
0.377495
0.00198289
0.890295
0.572552
0.553981
0.233763
0.0162013
0.0238905
0.392406
0.420692
0.120157
0.00183988
0.534918
0.431984
0.111561
0.512724
0.0495486
0.0405393
0.000793317
0.220697
0.326085
0.447771
0.66906
0.0286006
0.0413146
0.131358
0.110793
0.0718214
0.0122716
0.0397126
0.000306929
0.496845
0.440806
0.00560782
0.639844
0.161186
0.0123245
0.0576155
0.121722
0.463443
0.053095
0.183605
0.0742933
0.274121
0.0396443
0.204196
0.375945
0.637493
0.317431
0.0770911
0.607474
0.0301777
0.339205
0.0584078
0.0618077
0.113628
0.0501577
0.180958
0.00154554
0.171739
0.700835
0.232823
0.493917
0.530606
0.203514
0.902797
0.483541
0.063356
0.126059
0.0365017
0.000222331
0.338256
0.441769
0.701604
0.229486
6.74098e-06
0.39489
0.314917
0.465976
0.152768
0.11072
0.461574
0.00215878
0.576357
0.00755999
0.554988
0.45699
0.43761
0.109457
0.233827
0.775254
0.358523
0.415707
0.560701
0.506878
0.170852
0.176636
0.0428076
0.407683
0.257462
0.062134
0.115675
0.510573
0.1193
0.267039
0.406385
0.455439
0.785356
0.88368
0.472493
0.00288473
0.720893
0.714284
0.309315
0.549592
0.0137942
0.205987
0.366429
0.0132293
0.000176308
0.138885
0.743863
0.140202
0.659468
0.00907289
0.000250916
0.537414
0.0608373
0.420131
0.22904
0.800458
0.0190884
0.787747
0.815428
0.293862
0.372998
0.49563
0.262146
0.0950359
0.0572239
0.0292727
0.441052
0.583241
0.535416
0.00429964
0.419379
0.477153
0.384315
0.863195
0.587328
0.232084
0.545509
0.00182998
0.0855021
0.00978776
0.0588364
0.0205013
0.680694
0.0107763
0.00343375
0.649728
0.156397
0.00341825
0.145528
0.337601
0.329486
0.157584
0.286552
0.165899
0.00156814
1.33232e-06
0.274584
0.0677492
0.185998
0.28231
0.0121266
0.704787
0.153489
0.157
0.636593
0.362067
0.243787
0.00592919
0.443105
0.271963
0.457455
0.0424595
0.13307
0.319796
0.183123
0.316972
0.0271247
0.0733396
0.21644
0.258631
0.649509
0.400303
0.366563
0.468784
0.00168839
0.309367
0.10549
0.000830359
0.0611284
0.118611
0.355958
0.0286927
0.677433
0.26138
0.62116
0.0563935
0.168206
0.386712
0.317897
0.674684
0.75414
0.321053
0.0470752
0.720473
0.121864
0.554494
0.0292408
0.794476
0.0526356
0.178953
0.182911
0.139185
0.00570197
0.166544
0.60513
0.181777
0.0150266
0.0546135
0.618561
0.435267
0.790769
0.151481
0.173205
0.00143692
0.479099
0.117028
0.00215152
0.371771
0.395883
0.581467
0.14725
0.0235076
0.778107
0.374139
0.355243
0.512153
0.0431403
0.68287
2.66135e-05
0.0831989
0.432675
0.00714564
0.439616
0.526838
0.606534
0.180156
0.135241
0.0311559
0.0237095
0.224007
0.034812
0.21905
0.587409
0.247506
0.0870269
0.00262675
0.143269
0.0813057
0.0351379
0.703208
0.628967
0.0528529
0.143206
0.255151
0.467589
0.768215
0.710218
0.715749
0.175504
0.726051
0.0207446
0.408406
0.00923505
0.10744
0.470781
0.14163
0.000616791
0.0564195
0.210273
0.0815034
0.00492691
0.730905
0.0179695
0.154862
0.76847
0.253766
0.155088
0.0856418
0.227763
0.00124299
0.854109
0.394122
0.0415472
0.00428651
0.112064
0.118219
6.11813e-05
0.200116
0.515721
0.0129214
0.230962
0.0336392
0.0321773
0.185803
0.353593
0.779654
0.43712
0.00228972
0.861243
0.403865
0.37235
0.104794
0.00530556
0.687357
0.189976
0.134784
0.0172615
0.29944
0.246732
0.567563
0.619752
0.162886
0.185205
0.273561
0.0758617
0.428851
0.318535
0.046583
0.19238
5.67456e-05
0.241481
0.167859
0.0545109
0.504963
0.343335
0.0629004
0.795439
0.559194
0.0062725
0.243005
0.0292339