0.334982
0.0093395
0.209648
0.311369
0.100797
0.426106
0.290103
0.68214
0.375192
0.0893255
0.400526
0.000415436
0.71881
0.117926
0.00100835
0.408769
0.0484292
0.114317
0.00481503
0.0230893
0.563774
0.308304
0.540326
0.0264656
0.208688
0.172516
0.244148
0.205172
0.280877
0.0738411
0.499925
0.13746
0.589089
0.395433
0.00122536
0.661962
0.382645
0.288433
0.000694323
0.00268518
0.598319
0.0011181
0.536504
0.00561931
0.0960263
0.00985286
0.598093
0.463787
0.0697858
0.43794
0.387353
0.110515
0.582404
0.454145
9.85177e-05
0.0124095
0.321717
0.822037
0.534098
0.62296
0.0141792
0.358443
0.353492
0.054163
0.0639866
0.118377
0.3244
0.26949
0.491374
0.795078
0.708848
0.603807
0.00138031
0.000769486
0.843127
0.0719182
0.510692
0.422696
0.46234
0.0175231
0.00743936
0.0273296
0.00158189
0.184285
0.381067
0.250583
0.527685
0.874677
0.0450922
0.00408424
0.0915436
0.309882
0.0108775
0.0438293
0.0926515
0.602823
0.348324
0.389549
0.124962
0.392344
0.104489
0.357352
0.063248
0.145366
0.000232956
0.071668
0.693647
0.00784993
0.058816
0.141806
0.742673
0.50014
0.026343
0.0176459
0.294476
0.666565
0.0610254
0.833825
0.641544
0.479966
0.0281418
0.57595
0.0476067
0.0481881
0.049882
0.30517
0.058831
0.318318
0.59954
0.116772
0.223898
0.00354441
0.0896102
0.004025
0.118805
0.527906
0.485962
0.021904
0.0612171
0.11232
0.294884
0.00586509
0.144385
0.40594
0.0198972
0.773666
0.0654429
0.704748
0.175006
0.435732
0.0773873
0.146288
0.603387
0.590668
0.0799814
0.241889
0.331908
0.0521724
0.508615
0.186939
0.228941
0.00234674
0.811122
0.284041
0.339706
0.653011
0.00314507
0.306097
0.150162
0.463345
0.0451373
0.766457
0.274383
0.0141488
0.049327
0.00369043
0.536899
0.0854961
0.41046
0.398506
0.571634
0.315398
4.10283e-05
0.513381
0.625245
0.000161867
0.434804
0.315129
0.153021
0.44689
0.481284
0.00478531
0.799362
0.106385
0.130175
0.598152
0.0141677
0.614621
0.696405
0.0262747
0.48175
0.499712
0.0033806
0.515718
0.0159043
0.0579342
0.569571
0.070923
0.0130598
0.0267564
0.586283
0.720799
0.106773
0.41053
0.502266
0.551088
0.0872456
0.00387934
0.506132
0.203475
0.329325
0.688498
0.00273326
0.80126
0.802608
0.258672
0.835368
0.663123
0.186548
0.479527
0.229566
0.0167532
0.616896
0.365041
0.00630248
0.00311143
0.309064
0.839647
0.544338
0.342979
5.02952e-05
0.0208416
0.334828
0.0299177
0.159417
0.232488
0.0262833
0.267049
0.0437961
0.477728
0.470765
0.230549
0.16549
0.37667
0.86854
0.558927
0.380396
0.194498
0.139145
0.0550899
0.295637
0.185004
0.572982
0.499551
0.372427
0.549212
0.862851
0.0212563
0.112476
0.782392
0.520364
0.379884
0.0419675
0.543213
0.0045179
0.527359
0.254385
0.303948
0.715702
0.527315
0.179709
0.313638
0.259099
0.00174315
0.0908702
0.00688411
0.0134025
0.130087
0.045906
0.0467983
0.00508768
0.00477723
0.047344
0.31198
0.197982
0.454945
8.83117e-05
0.292882
0.11647
0.0176926
0.0328438
0.068373
0.473118
0.239399
0.339925
0.388845
0.458588
0.0128333
0.275006
0.328619
0.345131
0.0028806
0.360335
0.804904
0.71679
0.444336
0.67161
0.189507
0.0986468
0.0817256
0.269273
0.456712
0.162521
0.637276
0.804838
0.101288
0.0307807
0.102293
0.267315
0.0232863
0.0918638
0.0784544
0.251966
0.0258323
0.0407915
0.273139
0.045965
0.00873989
0.29154
0.380353
0.465622
0.172397
0.0294147
0.584435
0.331819
0.203176
0.327892
0.457464
0.0109026
0.0396763
0.196011
0.000491945
0.141905
0.0185428
0.594421
0.136292
0.589104
0.0558946
0.244111
0.351358
0.0766502
0.135211
0.000287585
0.347458
0.00547777
0.743761
0.488461
0.807971
0.462094
0.0480116
0.655272
0.00986917
0.00424196
0.788848
0.103926
0.136904
0.655885
0.617971
0.0822503
0.0466586
0.0122924
0.139803
0.0293068
0.626392
0.2146
0.348849
0.00844991
0.64884
0.487754
0.392511
0.0159904
0.0227663
0.388842
0.319802
0.433414
0.188886
0.334942
0.396508
0.474396
0.826452
0.0110808
0.293267
0.34435
0.0298308
0.00181616
0.378209
0.0455775
0.392745
7.22463e-05
0.573252
0.276176
0.350154
0.718622
0.0521889
0.053679
0.000132378
0.487091
0.6169
0.764984
0.0280412
0.298164
0.648832
0.129789
0.633083
0.456251
0.0141282
0.456
0.886315
0.693361
0.0743671
0.57032
0.292479
0.222685
0.283758
0.306746
0.167546
0.59312
0.445063
0.297477
0.40936
0.00617738
0.301084
0.00635721
0.520888
0.488618
0.143625
0.740891
0.16645
0.0339922
0.152075
0.750197
0.143729
0.374569
0.583936
0.0514155
0.485643
0.51754
0.44433
0.577087
0.551814
0.456654
0.158241
0.0630689
0.6375
0.136192
0.0434315
0.322873
0.129588
0.277404
0.0244585
0.670156
0.0572369
0.00159567
0.55325
0.575954
0.0925238
0.557484
0.726873
0.367192
0.385486
0.314693
0.0018522
0.00468006
0.759728
0.474836
0.45074
0.0460149
0.0683322
0.603304
0.0680867
0.000310186
0.402494
0.0767427
0.00393074
0.0918665
0.00102448
0.120071
0.31496
0.0308324
0.142052
0.707423
0.0772829
0.208489
0.493649
0.0138155
0.0963798
0.340701
0.0117823
0.822255
0.112826
0.148344
0.00356745
0.00101058
0.0280254
0.0462756
0.0696709
0.0454036
0.0255513
0.439153
0.117972
0.296309
0.00320834
0.46524
0.139071
0.297196
0.546157
0.703211
0.0592691
0.83637
0.0576212
0.074951
0.501116
0.0941831
0.0149278
0.0353577
0.0214785
0.0753992
0.199823
0.428592
0.525152
0.000622097
0.342079
0.150789
0.00700657
0.000869923
0.0566296
0.0100872
0.301973
0.0545341
0.407882
0.403595
0.406148
0.0489373
0.363178
0.0369422
0.343098
0.332505
0.15363
0.119724
0.000143995
0.014644
0.0702551
0.100849
0.64825
0.139394
0.502851
0.124095
0.706879
0.755632
0.20244
0.486195
0.058236
0.0316559
0.39165
0.497924
0.238733
0.000907754
0.36773
0.00430842
0.214372
0.266038
0.566932
0.168632
0.912859
0.0368151
0.41849
0.449036
0.380222
0.000232385
0.00141292
0.076
0.301469
0.00450147
0.0808643
0.0810318
0.605307
0.113855
0.636031
0.545066
0.0461526
0.204674
0.119871
0.49408
0.00381345
4.73675e-05
0.00831058
0.657973
0.762225
0.0994561
0.000805891
0.0178082
0.252021
0.0135086
0.000614906
0.066784
0.523045
0.25557
0.53357
0.503035
0.059492
0.132111
0.240868
0.00686051
0.654051
0.0123123
0.00071237
0.102928
0.295822
0.0687291
0.488082
0.493825
0.107151
0.123381
0.380579
0.194291
0.629868
0.00851218
0.851371
0.409292
0.5586
0.580173
0.560337
0.762447
0.00739235
0.412097
0.0919713
0.554233
0.799148
0.60258
0.209726
0.142086
0.534956
0.210031
0.829332
0.1534
0.680662
0.0272505
0.521856
0.46177
0.434453
0.121758
0.442762
0.0007276
0.476992
0.138291
0.585102
0.0103242
0.329901
0.21275
0.458127
0.00876893
0.482729
0.820355
0.136065
0.561533
0.517618
0.43509
0.114101
0.895936
0.430042
0.207803
0.00198658
0.783631
0.727575
0.030407
0.485501
0.175149
0.542469
0.266078
0.767613
0.456148
0.00645575
0.269022
0.0143999
0.00171666
0.0642036
0.0412466
0.115398
0.0063553
0.291639
0.044419
0.0325285
0.480177
0.0345443
0.39805
0.581998
0.100995
0.775903
0.0829204
0.000573384
0.585997
0.267016
0.0164292
0.0608515
0.175407
0.63279
0.490026
0.756588
0.495299
0.341491
0.454985
0.00389688
7.70468e-05
0.00135186
0.0545901
0.663583
0.00387552
0.619141
0.475396
0.369679
0.638861
0.222158
0.0114436
0.0918376
0.353936
0.625582
0.61119
0.685115
0.00614294
0.174029
0.517947
0.00259086
0.313346
0.00718368
0.654442
0.0194999
0.821448
0.00919053
0.260623
0.434305
0.0276699
0.288354
0.516502
0.00154091
0.0106378
0.686824
0.0300418
0.0037891
0.00391298
0.00219179
0.626077
0.357263
0.346993
0.395107
0.00487614
0.0124517
0.595216
0.495773
0.348018
0.526596
0.734737
0.252283
0.120925
0.436107
0.285116
0.252212
0.689472
0.00760401
0.0163614
0.28632
0.0563949
0.0242569
0.0126855
0.138672
0.0259641
0.554208
0.151801
0.228547
0.860961
0.00681651
0.063066
0.0125207
0.806279
0.62429
0.190431
0.281451
0.80031
0.662522
0.394681
0.746616
0.00247763
5.93322e-05
0.357298
0.00378605
0.632668
0.717561
0.235248
0.250828
0.575498
0.601378
0.450413
0.40334
0.0763652
0.0378918
0.269373
0.00664397
0.152868
0.669949
0.856464
0.646268
0.846968
0.289601
0.195283
0.0212469
0.0381686
0.606578
0.652436
0.0156597
0.449289
0.691857
0.439045
0.376394
0.0305505
0.0865793
0.477544
0.761554
0.418085
0.532954
0.583742
8.07683e-05
0.00219855
0.351836
0.000318645
0.0388281
0.215045
0.53741
0.603248
0.0930392
0.11516
0.0456543
0.448704
0.238045
0.0987199
0.0164036
0.00828103
0.5566
0.081142
0.445502
0.0231503
0.00280612
0.135627
0.222325
0.19392
0.568905
0.0380459
0.00691831
0.557885
0.354035
0.145052
0.0861811
0.25764
2.81245e-05
0.502203
0.0486319
0.258802
0.00337538
0.108026
0.211075
0.52332
0.283951
0.00305178
0.493574
0.887405
0.131281
0.393147
0.267208
0.393926
0.254865
0.49234
0.508336
0.315361
0.434206
0.454222
0.425072
0.0312677
0.106937
0.244876
0.0659615
0.555704
0.257185
0.693175
0.0910573
0.00259085
0.0947578
0.494256
0.280382
0.00936108
0.113835
0.0249377
0.010126
0.53813
0.0145852
0.724316
0.635883
0.374399
0.00529056
0.698897
0.166858
0.0131737
0.417643
0.286415
0.000741882
0.27223
0.6419
0.32294
0.381695
0.372187
0.535802
0.0512611
0.247749
0.14702
0.0217326
0.787398
0.640727
7.37372e-05
0.512669
0.066517
0.0485668
0.0677929
0.347126
0.107238
0.562829
0.0676204
0.719746
0.248748
0.447115
0.296413
0.042706
0.908453
0.0672561
0.14424
0.0149375
0.117344
0.784527
0.317255
0.00264686
0.528352
0.252382
0.018561
1.30516e-05
0.162553
0.458321
0.0120429
0.0535281
0.563027
0.66403
0.59349
0.175137
0.00136941
0.0324541
0.298634
0.0717873
0.61774
0.00516371
0.279814
0.0518529
0.707725
0.00137893
0.0712194
0.247858
0.281445
0.317686
0.566492
0.12415
0.00388296
0.0130923
0.648331
0.00540014
0.3882
0.454953
4.34961e-05
0.46336
0.00132931
0.350589
0.546145
0.478399
0.042128
0.0114861
0.00844206
0.000585344
0.025106
0.369476
0.122676
0.104155
0.0449394
0.0162096
0.0360223
0.519586
0.518616
0.539313
0.00808294
0.000634468
0.68746
0.0221136
0.686292
0.0762837
0.0105679
0.00453448
0.0737539
0.775007
0.0138545
0.103189
0.650327
0.332595
0.520727
0.395193
0.477747
0.358456
0.0692309
0.00152785
0.0635804
0.346111
0.805725
0.420147
0.401006
0.742321
0.551981
0.0191
0.00917681
0.735907
0.596576
0.0193248
0.777997
0.38085
0.000712259
0.360233
0.0240789
0.0490977
0.000701687
0.0247957
0.639401
0.787623
0.133516
0.0803807
0.0280096
0.0879674
0.426759
0.823373
0.736886
0.11513
0.00301859
0.0922496
0.321953
0.091471
0.841043
0.35976
0.214368
0.103732
0.00407142
0.0351118
0.457101
0.00130286
0.0102308
0.00283243
0.291498
0.109962
0.395536
0.00250921
0.0393462
0.385584
0.0443517
0.0789096
0.196631
0.256133
0.210717
0.43271
0.143353
0.123413
0.490444
0.00365222
0.460606
0.0025455
0.416493
0.674954
0.677203
0.575312
0.0124412
0.0981414
0.000268402
0.0164974
0.665761
0.0283916
0.00121403
0.412686
0.249507
0.646208
0.00319566
0.0325572
0.234192
0.301365
0.0491078
0.00521618
0.718506
0.208421
0.0669697
0.000716897
0.0751178
0.225253
0.23487
0.000135895
0.534382
0.506541
0.0437265
0.257361
0.311327
0.00612761
0.256648
0.00170794
0.660195
0.596378
0.407945
0.0425675
0.588039
0.336892
0.197619
0.330007
0.256885
0.715674
0.550195
0.0267826
0.00655932
0.0466482
8.01265e-05
0.137911
0.0501329
0.664961
0.413668
0.664916
0.018417
0.262851
0.15453
0.297647
0.500689
0.140364
0.292257
0.753688
0.126896
0.474913
0.000945069
0.0652942
0.0425954
0.323493
0.00207835
0.37341
0.00797832
0.544391
0.734209
0.704246
0.347953
0.228219
0.0433645
0.0466457
0.489919
0.15984
0.0997468
0.0028924
0.00321561
0.144279
0.209479
0.089651
0.357239
0.703068
0.000422569
0.352269
0.192387
0.403258
0.413581
0.0137316
0.068428
0.255245
0.00163541
0.275416
0.677236
0.484257
0.774399
0.124204
0.0392982
0.0290881
0.0312492
0.657161
0.114071
0.299712
0.100991
0.392482
0.0139317
0.190139
0.00691562
0.424558
0.828701
0.0689487
0.0175514
0.479974
0.154747
0.0218752
0.0168497
0.00531242
0.495494
0.716479
0.0420431
0.0948289
0.664964
0.142775
0.164535
0.476013
0.409071
0.32129
0.0108664
0.484696
0.80963
0.00220682
0.329752
0.0389751
0.0959674
0.670414
0.00368646
0.11817
0.696331
0.301713
0.00129669
0.479931
0.389389
0.477111
0.53848
0.014199
0.420247
0.442805
0.0638433
0.738123
0.725137
0.281692
0.026928
0.31559
0.0238882
0.031552
0.0424933
0.453481
0.0898305
0.0140273
0.501653
8.43276e-05
0.0359355
0.495378
0.0235518
0.171687
0.0401909
0.298529
0.246658
0.202246
0.493743
0.425411
0.21962
0.00222038
0.607056
0.664361
0.217319
0.235495
0.564506
0.25048
0.0555889
0.46011
0.453792
0.00291186
0.00714239
0.562111
0.114942
0.793787
0.0316599
0.0505089
0.00635142
0.0346991
0.513895
0.0861153
0.789409
0.456206
0.349404
0.00452255
0.106936
0.292839
0.000725196
0.294539
0.812936
0.000438745
0.620621
0.395281
0.324999
0.0682553
0.483419
0.374956
0.611885
0.18497
0.139568
0.00192614
0.199009
0.00012613
0.0520045
0.665303
0.0201926
0.000548918
0.499744
0.0922504
0.0229942
0.523518
0.705798
0.472227
0.614932
0.166356
0.433887
0.00318805
0.363619
0.236014
0.544804
0.303884
0.0857916
0.721165
0.113385
0.0184311
0.14098
0.174675
0.00437702
0.484496
0.107114
0.120655
0.833219
0.3019
0.266422
0.449169
0.888701
0.0158839
0.48945
0.00149494
0.594716
0.0103421
0.333238
0.672761
0.00316957
0.730135
0.655003
0.0435474
0.066683
0.000901404
0.0564185
0.242423
0.00926675
0.00526971
0.0489019
0.123877
0.0268585
0.020183
0.562104
0.00978392
0.0487699
0.0200876
0.308348
0.320858
0.0533001
0.303061
0.062434
0.661908
0.00062139
0.270642
0.816396
0.329867
0.292578
0.0460041
0.104651
0.228375
0.168138
0.0121709
0.633961
0.449445
0.0271465
0.74207
0.00815914
0.635816
0.752448
0.513028
0.00670028
0.143116
0.708858
0.1429
0.21414
0.630204
0.0346604
0.543981
0.0051185
0.479002
0.12349
0.032942
0.133871
0.210396
0.00728257
0.126988
0.00975287
0.115336
0.00657515
0.11022
0.529778
0.16167
0.284542
0.000309683
0.429535
0.123546
0.295554
0.281749
0.277467
0.367235
0.0192796
0.335924
0.192029
0.769103
0.352629
0.594366
0.00211676
0.185807
0.499563
0.502526
0.735732
0.0248073
0.411565
0.337546
0.083914
0.3463
0.334244
0.730253
0.040207
0.139363
0.313572
0.000603514
0.544205
0.000753506
0.0417298
0.494714
0.270752
0.842639
0.400736
0.675641
0.652372
0.000236699
0.298454
0.0132753
0.0442883
0.316859
0.526901
0.389945
0.0626614
0.320085
0.186186
0.047239
0.327746
0.549248
0.336877
0.212717
0.188616
0.000247132
0.16508
0.0407488
0.0079335
0.250672
0.333335
0.689317
0.454442
0.00611735
0.530116
0.00270448
0.421307
0.237245
0.0138148
0.254042
0.00158117
0.346324
0.00511355
0.886198
0.422379
0.458235
0.875255
0.251808
0.263505
0.0160686
0.290381
0.0260665
0.000395116
0.563189
0.0184752
0.386662
0.14119
0.168567
0.0376015
0.73671
0.00125254
0.0664298
0.0161162
0.0148692
0.00719448
0.767633
0.458266
0.361667
0.449388
0.00170602
0.262741
0.0894502
0.247974
0.442787
0.174199
0.170163
0.422606
0.726667
0.264405
0.503775
0.00704194
0.436749
0.549093
0.113667
0.0773446
0.358934
0.204906
0.427949
0.449375
0.359948
0.720937
0.11968
0.00169812
0.129652
0.0385718
0.121532
0.383136
0.389461
0.0428139
0.298522
0.458396
0.298968
0.344172
0.0766251
0.409855
0.231813
0.501131
0.128529
0.0289078
0.00166646
0.424835
0.482423
0.0823474
0.127904
0.00355754
0.00330332
0.0414642
0.189513
0.389868
0.641217
0.266342
0.107457
0.188432
0.524996
0.704083
0.341256
0.574348
0.275449
0.583827
0.729722
0.031609
0.145358
0.423212
0.698303
0.00975395
0.496556
0.599704
0.185158
0.00161524
0.376646
0.206158
0.277549
0.577093
0.166831
0.673638
0.345603
0.24834
0.496853
0.515157
0.386849
0.141413
0.0615564
0.39963
0.0565152
0.0304517
0.514528
0.00158362
0.514384
0.535547
0.615654
0.460276
0.490697
0.857078
0.0312394
0.693766
0.038989
0.00262291
0.115079
0.0547889
0.00503239
0.56392
0.0945258
0.440191
0.193402
0.721933
0.43966
0.236191
0.539306
0.711021
0.0164756
0.610684
0.0557967
0.12022
0.169956
0.479971
0.455562
0.120748
0.0133201
0.614802
0.501701
0.510039
0.01755
0.571341
0.0931472
0.41914
0.000959089
0.678409
0.166215
0.0385019
0.00349068
0.0148796
0.155935
0.00138463
0.296392
0.172049
0.0796352
0.118334
1.46725e-05
0.107938
0.00301839
0.637465
0.265741
0.298784
0.0748371
0.533381
0.34916
0.148896
0.015546
0.420618
0.225175
0.229176
0.323815
0.552514
0.0143269
0.0337223
0.506273
0.0667299
0.752624
0.00278062
0.000131353
0.00319689
0.108573
0.0468207
0.411821
0.00350978
0.289999
0.225926
0.826304
0.531425
0.283282
0.516435
0.752788
0.542663
0.000812125
0.149577
0.0120185
0.0335495
0.0102193
0.727946
0.10213
0.213746
0.0106805
0.330527
0.37436
0.180467
0.0286877
0.578283
0.407048
0.0103983
0.023142
0.501012
0.049399
0.453538
0.00336414
0.102048
0.464028
0.413831
0.657833
0.00505876
0.0573383
0.333694
0.148211
0.495743
0.80844
0.375895
0.789669
0.724799
0.172738
0.078423
0.555882
0.280945
0.000670383
0.892278
0.368665
0.0510286
0.15124
0.303251
0.184455
0.724024
0.61198
0.367574
0.739698
0.0484084
0.637618
7.62046e-05
0.00168143
0.0691006
0.0840971
0.470595
0.146991
0.142312
0.550049
0.357966
0.00147841
0.367116
0.35903
0.100924
0.419541
0.653934
0.527133
0.0530757
0.361107
0.345505
0.0279724
0.403461
0.190984
0.541069
0.850629
0.266248
0.418235
0.367806
0.381229
0.119623
0.363672
0.392086
0.346567
0.563194
0.0989315
0.515063
0.397093
0.0287248
0.126409
0.182928
0.000434236
0.555833
0.0230986
0.00177931
0.197336
0.0121312
0.588496
0.637288
0.136907
0.606765
0.475439
0.000212722
0.323078
0.531629
0.418185
0.406124
0.0191665
0.672331
0.584092
0.518121
0.00181821
0.122634
0.401039
0.802147
0.000647127
0.303382
0.757138
0.0157058
0.00255001
0.00147487
0.0198136
0.104271
0.748399
0.219225
0.0135895
0.454447
0.246599
0.14754
0.0478072
0.0170866
0.789045
0.648156
0.757418
0.0227182
0.000741941
0.00364364
0.0493761
0.635028
0.400205
0.285742
0.254702
0.349582
2.98474e-05
0.300779
0.441038
0.336856
0.456895
0.847999
0.000169174
0.590776
0.417234
0.113407
0.00903922
0.0163203
0.12631
0.157427
0.391047
0.167195
0.00028296
0.824334
0.324348
0.560403
0.00197747
0.522929
0.0193577
0.000131785
0.00512351
0.711938
0.0163228
0.637417
0.601665
0.610335
0.839924
0.0322617
0.023264
2.02506e-05
0.756526
0.0632531
0.0185971
0.24149
0.476176
0.583066
0.128555
0.00169156
0.0789118
0.226147
0.387188
0.211704
0.0562363
0.0844168
0.0594026
0.0167256
0.585076
0.680315
0.706236
0.587591
0.610747
0.142774
0.0130456
0.556413
0.000117721
0.713315
0.0366242
0.096176
0.617625
0.280112
0.150315
0.805552
0.00627396
0.000173685
0.0587428
0.177273
0.0239409
0.0504989
0.598012
0.729666
0.0387608
0.375917
0.612584
0.508289
0.362774
0.25733
0.421065
0.0166457
0.00246088
0.80629
0.0211017
0.319531
0.414813
0.00547135
0.555686
0.0834033
0.0233367
0.662304
0.118549
0.392752
0.458464
0.309974
0.276136
0.0662739
0.0761994
0.51264
0.223693
0.221915
0.48104
0.559117
0.520568
0.312573
0.737651
0.411279
0.49597
0.243321
0.000291496
0.787499
0.321066
0.0270689
0.523951
0.220281
0.499784
0.593181
0.0574173
0.150507
0.554926
0.758403
0.432437
0.0287624
0.775858
0.787867
0.500741
0.331744
0.22654
0.0379216
0.215131
0.148453
0.107395
0.0006569
0.0110382
4.72742e-05
0.45721
0.178238
0.38475
0.383994
0.350558
0.0078358
0.783024
0.0812041
0.26026
0.0996561
0.563958
0.058988
0.658954
0.0135513
0.866482
0.0695384
0.430196
0.471472
0.00784831
0.0563263
0.656936
0.238324
7.89918e-05
0.11087
0.248915
0.2308
0.0523574
0.617974
0.416574
0.361991
0.0297843
0.0621236
0.70352
0.668463
0.601289
0.0444942
0.478248
0.00202912
0.0651235
0.0127546
0.00655397
0.808069
0.576892
0.0149901
0.831815
0.0291545
0.525572
0.0913602
0.617004
0.0663161
0.714254
0.00447102
0.128406
0.387255
0.637146
0.33927
0.0893357
0.472407
0.836148
0.0317
0.246542
0.277616
0.00225106
0.918702
0.411701
0.423527
0.363708
0.436065
0.349633
0.606067
0.568261
0.0434666
0.199623
0.000374737
0.196569
0.464373
0.00236691
0.527008
0.141449
0.00116994
0.564305
0.0265029
0.198578
9.73089e-06
0.289472
0.145157
0.0234253
0.0394307
0.0412376
0.329122
0.319093
0.368567
0.517247
0.403705
0.00884726
0.00200723
0.690168
0.404464
0.257752
0.289258
0.461653
0.0130142
0.138659
0.842735
0.105874
0.000481215
0.339101
0.121458
0.233158
0.710267
0.136397
0.26353
0.365302
0.0116044
0.845355
0.00163788
0.177889
0.13094
0.638321
0.248316
0.014295
0.299276
0.762291
0.0563869
0.00238968
0.253391
0.209942
0.411538
0.0761092
0.596508
0.0116009
0.044341
0.14475
0.284082
0.0616837
0.0779814
0.716025
0.253702
0.140424
0.474824
0.198155
0.322829
0.306486
0.010249
0.00129096
0.14325
0.0320696
0.0356251
0.268783
0.0019355
0.29103
0.674201
0.668489
0.00728488
0.0193005
0.0178085
0.0376321
0.0893483
0.732414
0.195405
0.0357726
0.260955
0.352813
0.099536
0.316735
0.645197
0.00172979
0.555448
0.295122
0.0149457
0.0187987
0.0413736
0.252827
0.213919
0.210505
0.312383
0.088542
0.028239
0.22845
0.251835
0.208822
0.180247
0.852521
0.509144
0.152602
0.44264
0.145459
0.00280354
0.572803
0.0879153
0.732657
0.0336327
0.572998
0.601833
0.1184
0.0176294
0.575805
0.335047
0.360159
0.390789
0.011939
0.00157417
0.222167
0.483682
0.719438
0.39481
0.712146
0.138481
0.0826393
0.0704907
0.00479491
0.198398
0.678105
0.108332
0.230583
0.00928609
0.162848
0.849689
0.603497
0.00149702
0.000955176
0.299256
0.722832
0.606393
0.393211
0.000274277
0.775504
0.00150217
0.0120115
0.0435897
0.648747
0.196133
0.0608249
0.0506128
0.27623
0.119869
0.299922
0.264031
0.444951
0.0234027
0.762649
0.285022
0.00743787
0.0129405
0.325194
0.762098
0.360607
0.66452
0.00100707
0.0123726
0.232088
0.000599668
0.0666519
0.195363
0.0092586
0.27636
0.0477541
0.00698467
0.116175
0.130025
0.199355
0.308296
0.248955
0.545352
0.656904
0.120847
0.0252686
0.57341
0.412861
0.00152417
0.0274488
0.314795
0.0799463
0.56993
0.773986
0.232603
0.0724168
0.524705
0.085896
0.247076
0.0104045
0.681342
0.471577
0.0742126
0.740809
0.00539842
0.433547
0.551828
0.0486215
0.00565276
0.130478
0.144719
0.0763193
0.552264
0.0602611
0.516197
3.88827e-05
0.000770868
0.641215
0.0164681
0.0773247
0.806963
0.355995
0.0245282
0.403012
0.0240295
0.423125
0.228312
0.338246
0.00589117
0.00191178
0.658572
0.0303527
0.170806
0.705699
0.00835155
0.185359
0.437024
0.113229
0.633009
0.00501304
0.00349553
0.0143312
0.269782
0.181481
0.683659
0.000373987
0.0149113
0.0235621
0.174031
0.269409
0.630586
0.347253
0.0166716
0.258604
0.179838
0.624395
0.237376
0.0124097
0.105096
0.426579
0.356258
0.150523
0.182598
0.6905
0.325385
0.00587571
0.775868
0.0724226
0.0139441
0.230122
0.648743
0.635116
0.289167
0.29045
0.309354
0.790919
6.10545e-05
0.680149
0.0137341
0.461818
0.213873
0.393254
0.0355363
0.052518
0.670787
0.376738
0.0791881
0.022833
0.218111
0.192099
0.00955226
0.359073
0.668508
0.599441
0.0583947
0.000136026
0.0149835
0.0455317
0.801879
0.0480692
0.40097
0.167699
0.708319
0.656158
0.000536803
0.506705
0.37788
0.032211
0.60803
0.475958
0.445161
0.119394
0.518461
0.356703
0.0290961
0.263129
0.514255
0.0873945
0.191579
0.00669517
0.0772352
0.609017
0.451068
0.00241074
0.00214334
0.243043
0.773044
0.260804
0.0286163
0.0666234
0.0100874
0.134453
0.000843635
0.566948
0.321145
0.827668
0.629814
0.517848
0.352151
0.00216705
0.802524
0.437856
0.572254
0.378509
0.331434
0.482072
0.885945
0.510287
0.0266383
0.000152507
0.0109069
0.616346
5.29077e-05
0.263796
0.530913
0.0240703
0.106759
0.0832467
0.170139
0.238027
0.1966
0.105825
0.398468
0.566249
0.628738
0.265248
0.854447
0.115124
0.00108942
0.380677
0.713085
0.0695766
0.686877
0.21695
0.05726
0.122006
0.146333
0.535952
0.0396582
0.00421543
0.111875
0.00164009
0.374392
0.0749077
0.443714
0.412318
0.422786
0.0267527
0.325891
0.000360904
0.612778
0.273628
0.506638
0.225239
0.445056
0.000449021
0.258577
0.555858
0.0693016
0.579135
0.0159561
0.00822793
0.533016
0.353358
0.198676
0.660559
0.0335468
0.000193795
0.0274447
0.0568625
0.210918
0.13899
0.0128654
0.11547
0.245351
0.0541055
0.186099
0.0321167
0.319273
0.0357574
0.0737599
0.0153637
0.500202
0.117783
0.355473
0.0411219
0.000171265
0.0185835
0.0071358
0.420998
0.0281688
0.473889
0.0981569
0.376063
0.00196565
0.00521985
0.674478
0.465513
0.00456189
0.531895
0.600451
0.437666
0.010527
0.238361
0.507143
0.199824
0.405778
0.532812
0.393324
0.320573
0.62514
0.135402
0.0100958
0.171086
0.315454
0.0162977
0.915647
0.484854
0.397878
0.709902
0.382625
0.111657
0.211202
0.000213839
0.87865
0.211523
0.346417
0.203146
0.0195763
0.248675
0.549639
0.472739
0.0306699
0.689529
0.863429
0.756214
0.613569
0.00604611
0.128966
0.388656
0.589772
0.224012
0.13
0.54681
0.136336
0.64949
0.0320796
0.020825
0.658714
0.32289
0.187068
0.000189571
0.494417
0.308452
0.267944
0.633262
0.000723521
0.254714
0.424695
0.36809
0.318917
0.201905
0.0411645
0.00127748
0.580699
0.265335
0.276717
0.265776
0.378232
0.124116
0.360981
0.0170135
0.336116
0.272227
0.0476064
0.403487
0.117393
0.47897
0.890179
0.266422
0.69008
0.376606
0.338246
0.501322
7.32178e-05
0.626786
0.0772645
0.170477
0.0764122
0.0357189
0.3851
0.647225
0.0559546
0.00472137
0.0650249
0.176047
0.749925
0.204624
0.265967
0.372927
0.778394
0.00175892
0.658824
0.0200009
0.160653
0.563836
0.759624
0.652342
0.223965
0.511323
0.00724596
1.83549e-05
0.0020936
0.667704
0.00379041
0.276697
0.315336
0.00346965
0.24802
0.445658
0.00292822
0.814937
0.597431
0.456738
0.304929
0.00433835
0.00692729
0.298758
0.104889
0.331821
0.00183475
0.0011656
0.325349
0.44134
0.575692
0.0393318
0.43898
0.0088394
0.414246
0.555032
0.437268
0.152428
0.610524
0.448542
0.406188
0.575581
0.00383825
0.337089
0.470893
0.0390275
0.0021525
0.546231
0.170241
0.569281
0.0564583
0.00138041
0.366283
0.0808263
0.701047
0.00764305
0.919954
0.714374
0.00658235
0.615921
0.109864
0.383255
0.0507578
0.161489
0.00223964
0.225084
0.155508
0.290435
0.711118
0.134179
0.128037
0.00983479
0.0530257
0.00438238
0.349314
0.100941
0.217767
0.741748
0.690222
0.75945
0.371926
0.827615
0.279498
0.0823985
0.138191
0.748878
0.0301442
0.0561286
0.0200386
0.00728959
0.547904
0.666907
0.317395
0.000194276
0.373576
0.497399
0.435193
0.0106848
0.028431
0.0118655
0.000797197
0.539794
0.713448
0.852743
0.116698
0.404012
0.298621
0.476046
0.444261
0.241798
0.799395
0.2561
0.233325
0.0357442
0.745499
0.546513
0.0357848
0.092969
0.0791579
0.000992863
0.709548
0.00818778
0.439472
0.430763
0.45028
0.434934
0.19531
0.357349
0.700283
0.772555
0.0727812
0.156559
0.0849608
0.00105941
0.528903
0.514095
0.198916
0.0859588
0.0159646
0.65241
0.00858291
0.03941
0.217061
0.49446
0.502293
0.0174441
0.44823
0.0129418
0.411934
0.0499269
0.00908673
8.03948e-05
0.50641
0.835322
0.00225832
0.0272379
0.223875
0.388613
0.305412
0.0548089
0.240125
0.164031
0.760272
0.1807
0.0595282
0.23145
0.461468
0.386182
0.305157
0.224559
0.00247522
0.0892621
0.0366289
0.393951
0.466985
0.653435
0.922273
0.147511
0.373405
0.603086
0.411602
0.319385
0.234437
0.274082
0.11657
0.522872
0.00784471
0.169476
0.604488
0.699202
0.00899882
0.621619
0.376849
0.294835
0.730295
0.0985716
0.000945305
0.33889
0.0218786
0.162493
0.558496
0.753954
0.0129157
0.446684
0.121023
0.000397557
0.240152
0.278157
0.00174917
0.00554818
0.695946
0.111668
0.29139
0.519491
0.673634
0.648371
0.692378
0.309106
0.333064
0.0135265
0.302542
0.534817
0.319982
0.123361
0.502609
0.0153957
0.0132688
0.628401
0.454452
0.722233
0.0499404
0.298184
0.137713
0.0102342
0.0332999
0.733724
0.00248273
0.756484
0.506592
0.00177337
0.135328
0.752577
0.397267
0.000288934
0.233814
0.00407274
0.548647
0.578843
0.347656
0.624447
0.769471
0.589132
0.00797172
0.365257
0.234551
0.653492
0.124059
0.285477
0.650724
0.0203694
0.503185
0.818009
0.00132095
0.156441
0.314161
0.753638
0.594998
0.0833612
0.299167
0.454721
0.0433072
0.0382746
0.084665
0.537975
0.727125
0.570479
0.0478355
0.523364
0.0284125
0.611989
0.166743
0.328799
0.11122
0.264991
0.513388
0.28819
0.00539934
0.334902
0.147384
0.000759459
0.44767
0.0812136
0.605929
0.0821258
0.490914
0.449184
0.479669
0.407572
0.36659
7.78471e-05
0.103644
0.644416
0.000549155
0.216554
0.502474
0.68903
0.599024
0.0158408
0.142918
0.114129
0.0903303
0.697388
0.291078
0.0772312
0.153466
0.281847
0.352568
0.00202292
0.822587
0.0276905
0.590329
0.00531074
0.2348
0.00349901
0.110686
5.18708e-05
0.670854
9.4716e-05
0.0499956
0.431248
0.00132098
0.579575
0.000951512
0.00376423
0.00103493
0.00256996
0.677046
0.490543
0.0468993
0.308008
0.274061
0.125527
0.0443273
0.440311
0.354316
0.0555685
0.145446
0.604344
0.0088323
0.0615221
0.0806408
0.478096
0.0353197
0.000554888
0.730974
0.478217
0.111371
0.071417
0.589096
3.3625e-05
0.239702
0.615278
0.37828
0.711538
0.615147
0.693431
0.761212
0.336651
0.565058
0.461436
0.279153
0.0964742
0.394641
0.0239581
0.259423
0.516432
0.505661
0.102269
0.360992
0.19615
0.272819
0.77408
0.711852
0.741286
0.424267
0.182878
8.58885e-05
0.819614
0.022534
0.0386915
0.0152456
0.679138
0.0281515
0.880451
0.61061
0.252731
0.436916
0.241343
0.56822
0.428006
0.00818035
0.507429
0.426055
0.121624
0.32485
0.506031
0.0256922
3.74722e-05
0.0123846
0.193384
0.23185
0.595923
0.280222
0.0398303
0.341781
0.0381118
0.0730394
0.547463
0.570091
0.702153
0.804941
0.183886
0.29909
0.0366836
0.0649239
0.534195
0.278562
0.022638
0.119282
0.319786
0.0932088
0.708939
0.649257
0.0090619
0.00966382
0.0674086
0.446002
0.225793
0.695345
0.0142634
0.0591822
0.513612
0.477243
0.105566
0.611041
0.0132539
0.00751396
0.432235
0.253698
0.235576
0.0633517
0.171687
0.000669748
0.265429
0.23767
0.338624
0.272344
0.28793
0.51406
0.484604
0.499446
0.299344
0.640782
0.0264655
0.00481013
0.77967
0.357364
0.464356
0.0108923
0.305377
0.0200701
0.459574
0.345175
0.61871
0.26542
0.751324
0.180399
0.102418
0.463
0.469324
0.0119728
0.725282
0.00367082
0.000860265
0.00663901
0.327542
0.135811
0.00381674
0.216425
0.208494
0.727215
0.686556
0.000517251
0.432202
0.476402
0.00222734
0.476263
0.0673573
0.588039
0.118515
0.305348
0.799542
0.0122485
0.564776
0.0783513
0.00124276
0.383283
0.00215117
0.216661
0.380097
0.0119545
0.374953
0.115237
0.624445
0.207788
0.056903
0.467469
0.343796
0.229994
0.464068
0.46747
0.136178
0.0521786
0.236278
0.150459
0.605514
0.205121
0.00513719
0.0217028
0.00228294
0.472561
0.153042
0.00127588
0.492929
0.047909
0.355807
0.362989
0.0713664
0.0284068
0.220484
0.166885
0.502597
0.168741
0.237232
0.00342742
0.764185
0.0266004
0.0100869
0.508447
0.432993
0.00724038
0.52231
0.613678
0.00946045
0.128171
0.0811171
0.241395
0.059599
0.000480229
0.0533802
0.355515
0.000848022
0.00025558
0.000146845
0.0163858
0.362328
0.32228
0.038977
0.0121384
0.686566
0.250861
0.696112
0.284295
0.242787
0.854741
0.159231
0.50828
0.0464267
0.205755
0.179667
0.26434
0.000482777
0.00177575
0.211411
0.503244
0.0778962
0.476649
0.393551
0.000870601
0.33848
0.262368
0.215782
0.459355
0.0296791
0.28814
0.0126807
0.355519
0.584937
0.490095
0.382309
0.44116
0.27577
0.308137
0.0322201
0.390805
0.00182195
0.553931
0.3031
0.487749
0.0365439
0.158912
0.00876307
0.418098
0.773397
0.295314
0.588775
0.343383
0.886981
0.194974
0.134989
0.607152
0.00818702
0.630504
0.00178862
0.727567
0.487735
0.601222
0.263499
0.165353
0.170276
0.00477826
0.00505221
0.527561
0.386211
0.614729
0.450811
0.573812
0.50269
0.226174
0.00200921
0.178828
0.0795063
0.442159
0.351566
0.197742
0.0050655
0.782965
0.00153452
0.63707
0.0431056
0.0992429
0.00208223
0.682783
0.0680065
0.096983
0.125426
0.575075
0.252899
0.14848
0.855581
0.512455
0.281469
0.0641597
0.189223
0.437807
0.194213
0.0275139
0.0183017
0.441041
0.0722342
0.623465
0.00133446
0.0696555
0.376107
0.0126942
0.00210371
0.000381921
0.157456
0.00608639
0.000421404
0.274922
0.820779
0.373801
0.00115567
0.404261
0.163994
0.228066
0.0171326
0.370788
0.480326
0.603401
0.00337013
0.00172594
0.118195
0.0335546
0.0028384
0.136466
0.221161
0.0821479
0.000353149
0.0702212
0.0326971
0.0445426
0.854316
0.194092
0.445925
0.457636
0.670772
0.135612
0.0337722
0.0313674
6.84264e-05
0.387798
0.0100297
0.0771961
0.63785
0.402707
0.564754
0.910317
0.000826278
0.164942
0.43969
0.00139784
0.000243439
0.529887
0.813752
0.641034
0.479953
0.0698345
0.074759
0.781076
0.537016
0.214401
0.743386
0.618972
0.549592
0.35899
0.00129338
0.467942
0.276961
0.375704
0.590304
0.586447
0.488187
0.46097
0.69843
0.102956
0.0048838
0.689529
0.544685
0.358895
0.0103857
0.624902
0.332143
0.163377
0.378096
0.0712187
0.00455581
0.705458
0.452731
0.882399
0.894006
0.611085
0.862934
0.603222
0.802589
0.350109
0.651139
0.00086162
0.575448
0.655117
0.472751
0.456701
0.128403
0.0104047
0.202188
0.00897059
0.495577
0.000374432
0.922369
0.118094
0.471325
0.116243
0.0514955
0.439701
0.579084
0.00554173
0.32281
0.346159
0.000150644
0.395802
0.000280231
0.00700564
0.629069
0.10419
0.00198343
0.218691
0.711374
0.398654
0.022083
0.00894805
3.13316e-05
0.21987
0.294347
0.334714
0.204884
0.734385
0.157395
0.431396
0.000144989
0.0244859
0.25574
0.0218939
0.0105216
0.345273
0.00322785
0.0221327
0.54884
0.355571
0.74627
0.176206
0.667602
0.63652
0.795978
0.0395867
0.610619
0.580025
0.693295
0.636421
0.0112676
0.00633205
0.59265
0.0851089
0.1857
0.609084
0.327209
0.20116
0.0776168
0.349832
0.670119
0.350576
0.149738
0.685889
0.00252118
0.0111228
0.764759
0.455284
0.400263
0.601526
0.207969
0.534652
0.0509697
0.526065
0.0895111
0.534876
0.75066
0.116635
0.0188753
0.50709
0.00974808
0.00736916
0.43765
0.396251
0.598495
0.17852
0.563228
0.00578245
0.510808
0.0454512
0.650794
0.287102
0.22252
0.0253047
0.330203
0.0420482
0.22724
0.569596
0.00381833
0.234314
0.00221381
0.82959
0.321214
0.275489
0.480137
0.255816
0.643488
0.0526317
0.222762
0.313747
0.0299036
0.12216
0.400359
0.0187317
0.00417308
0.00431849
0.497179
0.601495
0.498102
0.04812
0.435658
0.716332
0.381689
0.785017
0.477344
0.884552
0.00811485
0.0696364
0.0254014
0.695111
0.757002
0.0108827
0.445761
0.859659
0.185413
0.19455
0.595043
0.627218
0.337919
0.226635
0.619223
0.501498
0.00128857
0.0301407
0.598568
0.408362
0.0222085
0.0133682
0.0181898
0.0208461
0.409427
0.205151
0.883208
0.0393974
0.222781
0.0134362
0.251354
0.00694151
0.258373
0.0405003
0.0351735
0.812445
0.011805
0.216986
0.0514231
0.0348819
0.71842
0.0261905
0.00958327
0.00153561
0.121519
0.28632
0.0828327
0.194449
0.0174612
0.116934
0.00931876
0.199529
0.206099
0.00898299
0.51248
0.0277085
0.686979
0.0121811
0.525552
0.0681905
0.275005
0.285081
0.432376
0.0355491
0.00484007
0.582838
0.0610833
0.251982
0.000729446
0.137096
0.743627
0.20738
0.677766
0.49681
0.020277
0.843547
0.289282
0.332227
0.212457
0.349622
0.00651368
0.784476
0.518946
0.161529
0.00214237
0.44983
9.25415e-05
0.0140051
0.512614
0.000783233
0.0532969
0.00118027
0.58934
0.0108329
0.662072
0.246443
0.310067
0.34332
0.108039
0.00773772
0.0117759
0.50023
0.44519
0.685869
0.523587
0.0022356
0.584996
0.159027
0.151483
0.207464
0.00327566
0.36876
0.0574056
0.0785905
0.126745
0.534069
0.391387
0.216994
0.268461
0.348433
0.134043
0.378179
0.717582
0.647895
0.131766
0.469386
0.100891
0.0213135
0.917095
0.226957
0.406339
0.000984715
0.495036
0.00296666
0.0550424
0.708691
0.204746
0.7745
0.190569
0.206606
0.0354823
0.100506
0.202004
0.0168502
0.00404263
0.621935
0.0644379
0.332868
0.0741495
0.0244624
0.171084
0.16138
0.0944282
0.0235482
0.301361
0.50284
0.367622
0.122942
0.0322365
0.589265
0.114756
0.327739
0.000305892
0.413566
0.00862493
0.0170656
0.189503
0.0156789
0.0655296
0.186904
0.332572
0.146282
0.116636
0.034425
0.575884
0.340115
0.114605
0.204947
0.622793
0.00628727
0.0375489
0.567324
0.279307
0.6014
0.758748
0.278278
0.00127561
0.015766
0.255913
0.570622
0.613127
0.134758
0.000818288
0.273063
0.580695
0.370116
0.0194613
0.317782
0.712276
0.0610059
0.00934244
0.397963
0.020462
0.161932
0.144985
0.722614
0.0886851
0.109342
0.270449
0.541502
0.394744
0.192679
0.203813
0.735343
0.123477
0.484377
0.434354
0.631878
0.000669778
0.0136426
0.169639
0.0127622
0.361644
0.00105196
0.0312743
0.547744
0.0728785
0.743824
0.0720303
0.787589
0.00250671
0.0568797
0.228458
0.202894
0.586282
0.13773
0.608387
0.389919
0.124987
0.0454688
0.00187775
0.0287656
0.388115
0.219204
0.0821038
0.152966
0.0125307
0.664985
0.201775
0.11784
0.00550862
0.281829
0.025676
0.747642
0.682899
0.559762
0.667681
0.511286
0.714517
0.16611
0.289568
0.00155821
0.698881
0.497912
0.55129
0.143943
0.359225
0.490548
0.143343
0.43725
0.592803
0.187473
0.254129
0.365442
0.327459
0.500239
0.0707311
0.676204
0.130505
0.256433
0.770838
0.330669
0.0948089
0.0110906
0.0506202
0.243779
0.620056
0.497676
0.67663
0.0342553
0.645121
0.14454
0.285844
0.322525
0.485747
0.00611128
0.0110954
0.0395349
0.530625
0.00798009
0.520728
0.0943517
0.127622
0.0916281
0.000456636
0.633737
0.000474143
0.80157
0.00769222
0.414158
0.470386
0.371042
0.0297613
0.308065
0.00509061
0.00260579
0.473927
0.650626
0.00751254
0.0653961
0.292916
0.172073
0.526165
0.51962
0.145082
0.298883
0.178517
0.0216446
0.649947
0.763764
0.450624
0.317457
0.435578
0.129107
0.610528
0.0377845
0.457076
0.00205452
0.00691828
0.111829
0.0394656
0.564799
0.000439093
0.0132966
0.33372
0.473198
0.189684
0.0555196
0.445937
0.278535
0.681957
0.354779
0.235183
0.0163686
0.395421
0.16124
0.000409807
0.245477
0.184257
0.0543764
0.706686
0.000903524
0.099528
0.861794
0.465136
0.711899
0.049929
0.274311
0.28599
0.694335
0.00979351
0.0179023
0.00926286
0.498753
0.241852
0.0695096
0.658636
0.0194438
0.256488
0.192313
0.0291388
0.502058
0.101389
0.0554193
0.591026
0.453724
0.553504
0.00257197
0.561609
0.0693751
0.00278378
0.401035
0.298702
0.487279
0.357538
0.0265506
0.154263
0.350255
0.39406
0.01253
0.707663
0.636086
0.862603
0.0137527
0.167372
0.000918
0.795314
0.476214
0.280679
0.00234353
0.25753
0.525573
0.00222675
0.185496
0.0129934
0.0621262
0.811982
0.045708
0.617344
0.0348355
0.0136868
0.744035
0.411786
0.791
0.738868
0.58162
0.0200969
0.000565605
0.258259
0.776185
0.571493
0.0135101
0.00233015
0.337577
0.565065
0.720514
0.265234
0.0111232
0.000401875
0.000138352
0.186002
0.247616
0.0835471
0.123841
0.0485836
0.0301844
0.321905
0.000221023
0.305742
0.236774
0.370874
0.00775969
0.00562085
0.139964
0.734468
0.148679
0.129793
0.72859
0.467246
0.01529
0.320035
0.0568155
0.0067447
0.160553
0.54388
0.236438
0.243127
0.405938
0.430033
0.49878
0.148903
0.654641
0.329248
0.00226249
0.325927
0.000899932
0.013931
0.0482338
0.146577
0.100616
0.168648
0.363288
0.426844
4.40848e-05
0.266009
0.0481127
0.0385966
0.63367
0.00470253
0.52355
0.0141746
0.165378
0.0054453
0.0871865
0.0254191
0.00679292
0.385036
0.843595
0.272462
0.326084
0.4101
0.812701
0.489598
0.704914
0.178027
0.385624
0.382822
0.000300046
0.0573283
0.00474456
0.472913
0.521912
0.605262
0.809304
0.86715
0.00143634
0.000543193
0.386882
0.22849
0.135822
0.0129582
0.17002
0.00482827
0.230404
0.544568
0.0518693
0.276508
0.0638281
0.331298
0.227622
0.713102
0.0281779
0.451599
0.398107
0.546364
0.00344452
0.108071
0.410241
0.0209275
0.253453
0.0566761
0.256664
0.0177393
0.383859
0.419401
0.498277
0.0295913
0.00243789
0.25525
0.695127
0.455203
0.542014
0.764131
0.110535
0.36125
0.452315
0.662962
0.170719
0.617853
0.581177
0.00480942
0.0162781
0.0424773
0.213713
0.241717
0.00881319
0.414326
0.539349
0.0124909
0.0673215
0.152795
0.0174274
0.66082
0.013741
0.202225
0.564296
0.117637
0.166073
0.450438
0.222641
0.000439893
0.00268632
0.50653
0.017467
0.00104186
0.242715
0.309507
0.00595149
0.0980091
0.00796125
0.667945
0.444512
0.0038329
0.0638644
0.603722
0.236468
0.0568661
0.109476
0.675015
0.418991
0.729232
0.000888719
0.649184
0.100595
0.580024
0.205749
0.00492418
0.394892
0.503736
0.104409
0.293908
0.0697068
0.944404
0.170653
0.0268147
0.615373
0.259821
0.05946
0.722836
0.45305
0.32889
0.499489
0.305272
0.0772886
0.111535
0.0419322
0.604352
0.0933805
0.476306
0.00793313
0.0113
0.539703
0.00341883
0.234168
0.308436
0.17129
0.188848
0.193187
0.658799
0.125246
0.542306
0.491666
0.0014193
0.0304127
0.0670143
0.0160631
0.000694347
0.265254
0.178088
0.246188
0.593553
0.0699673
0.670306
0.541186
0.021285
0.00148864
0.348519
0.0930131
0.796691
0.385979
0.346877
0.550477
0.0527288
0.155876
0.455193
0.0927399
0.346929
0.649298
0.0299054
0.0138314
0.291376
0.345892
0.242739
0.319212
0.69752
0.591777
0.520172
0.0670627
0.370906
0.000329199
0.387431
0.505689
0.0303497
0.0735168
0.00481925
0.109727
0.0222737
0.00700681
0.156637
0.0147029
0.0663016
0.223892
0.00160354
0.451189
0.213551
0.245117
0.295408
0.00314637
0.742953
0.206949
0.0123242
0.432442
0.00177439
0.516087
0.177062
0.730836
0.0936427
0.0144592
0.087914
0.395631
0.342104
0.52797
0.364079
0.0451411
0.00279853
0.105221
0.20088
0.0937039
0.383069
0.00260502
0.084754
0.795059
0.326532
0.000457385
0.523733
0.104712
0.440439
0.36314
0.59436
0.496528
0.0283294
0.325436
0.0173761
0.00969006
0.276127
0.00126668
0.0308306
0.00622378
0.0938895
0.492339
0.165647
0.0237971
0.235795
0.0236164
0.0239904
0.64522
0.219685
0.0337878
0.608399
0.277333
0.0772312
0.476538
0.537079
0.255285
0.0128692
0.000641068
0.679849
0.000324312
0.00477314
0.205502
0.156075
0.00188574
0.285442
0.396783
0.169539
0.440707
0.332905
0.509914
0.637197
0.332721
0.390422
0.446867
0.0298456
0.000360849
0.172761
0.0437604
0.273022
0.398795
0.452453
0.000220292
0.0937049
0.359322
0.478541
0.565573
0.205934
0.0416368
0.656458
0.360873
0.78917
0.00252584
0.311022
0.236635
0.873975
5.99546e-05
0.492852
0.485159
0.135821
0.164442
0.0309121
0.0578493
0.808865
0.0157664
0.448756
0.508041
0.155351
0.850753
0.107179
0.25738
0.592847
0.264626
0.606684
0.372868
0.00194367
0.357133
0.715522
6.80884e-05
0.601543
0.0707174
0.00369577
0.000730863
0.126174
0.61922
0.151827
0.289006
0.00724849
0.0118994
0.282731
0.653234
0.0126876
0.0215416
0.691066
0.0325549
0.692121
0.404357
0.232402
0.627647
0.322819
0.0428477
0.02457
0.00777515
0.0140195
0.0112892
0.00122535
0.116703
0.218231
0.536304
0.438067
0.176838
0.0112297
0.0383046
0.204391
0.0420115
0.000558951
0.705484
0.610732
0.247187
0.570008
0.0261433
0.667583
0.423644
0.106569
0.287953
0.00245166
0.0584526
0.0517177
0.0120827
0.0684486
0.585958
0.152871
0.774078
0.0547357
0.000787743
0.00683865
0.00474589
0.170624
0.331364
0.688306
0.476455
0.190669
0.0464543
0.000569521
0.554044
0.533517
0.191797
0.669295
0.246536
0.140674
0.214832
0.201372
0.301836
0.00036185
0.00378448
0.202624
0.556293
0.419989
0.00243023
0.00809512
0.000666863
0.11052
0.666466
0.315831
0.293294
0.006592
0.175875
0.600849
0.725334
0.0319047
0.0762955
0.0465153
0.433719
0.537906
0.469117
0.627301
0.0289281
0.00353359
0.0301198
0.138708
0.14972
0.0188056
0.0116132
0.0714897
0.176874
0.452464
0.616053
0.485504
0.000388993
0.000340284
0.0135339
0.114334
0.233955
0.0718455
0.171022
0.0893655
0.0837854
0.00338943
0.0471101
0.54513
0.750878
0.33842
0.374286
0.334279
0.476607
0.426947
0.605991
0.196085
0.00693952
0.0984229
0.769304
0.654715
0.505546
0.314579
0.529497
0.0656005
0.4961
0.311248
0.00608658
0.000273636
0.000155916
0.666597
0.097468
0.00840704
0.0317566
0.0920733
0.454543
0.67234
0.0617847
0.469985
0.00096559
0.410007
0.332256
0.0332901
0.509615
0.0872284
0.152476
0.174299
0.296087
0.662557
0.492852
0.752324
0.0340927
0.0886678
0.130585
0.322649
0.0962065
0.0975949
0.111119
0.206712
0.567849
0.437108
0.0137572
2.32206e-05
0.813164
0.422702
0.0023359
0.473368
0.0934495
0.350678
0.0147476
0.00133899
0.000736412
0.57213
0.64332
0.201939
0.0645048
0.846051
0.563651
0.479839
0.00627634
0.122695
0.212401
0.0561004
0.101324
0.00940917
0.260405
0.635451
0.37315
0.0294726
0.130828
0.0103912
0.000417968
0.667458
0.621602
0.756687
0.0903551
0.567315
0.208802
0.798991
0.41332
0.375445
0.73953
0.0852088
0.123943
0.0166098
0.00448906
0.52497
0.0313295
0.0287127
0.43443
0.576541
0.264519
0.0199561
0.328643
0.023522
0.745367
0.0356735
0.0270302
0.676448
0.514643
0.663791
0.778079
0.00775134
0.844748
0.490323
0.324787
0.422836
0.232532
0.728993
0.220519
0.0981627
0.0181036
0.71296
0.00688714
0.341915
0.737506
0.4041
0.0752402
0.64458
0.0602149
0.39914
0.0179314
0.0014437
0.533222
0.441091
0.681999
0.476514
0.592099
0.0327667
0.354719
0.615305
0.843402
0.199424
0.337361
0.485496
0.196441
0.0530475
0.428105
0.48859
0.437414
0.0991155
0.519469
0.694143
0.0327889
0.00331
0.0342062
0.567
0.011266
0.695144
0.69027
0.220687
0.0221082
0.42928
0.721722
0.050462
0.000535296
0.67353
0.343149
0.546115
0.661609
0.0116386
0.585682
0.588475
0.867518
0.000212123
0.165083
0.441484
0.542324
0.47089
0.343416
0.706989
0.550021
0.0621891
0.0372891
0.178393
0.384371
0.0681999
0.304605
0.329091
0.302259
0.453916
0.558538
0.0498085
0.621933
0.0064151
0.726458
0.0103946
0.53272
0.00848674
0.0281216
0.344646
0.268124
0.476514
0.0052719
0.043539
0.307052
0.536231
0.289422
0.1796
0.430702
0.08158
0.0909723
0.00322823
0.487781
0.00271782
0.837937
0.123841
0.15004
0.676112
0.00469539
0.00176152
0.0250996
0.215315
0.709927
0.444369
0.0332732
1.26275e-05
0.423654
0.439035
0.39919
0.433951
0.206596
0.164055
0.253868
0.00126792
0.0582234
0.17581
0.343776
0.390605
0.100098
0.12879
0.366045
0.803801
0.00618517
0.425087
0.367723
0.0807063
0.0808651
0.508266
0.104518
0.528368
0.0221345
0.00121759
0.141178
0.285893
0.549247
0.530781
0.043025
0.250031
0.469543
0.366693
0.419692
0.633194
0.630066
0.345619
0.0733403
0.307027
0.00316137
0.765807
0.0726209
0.450982
0.081793
0.124477
0.589734
0.000920893
0.294258
0.00027723
0.000573722
0.319406
0.185556
0.687506
0.720739
0.00505009
0.145633
0.320392
0.656229
0.000787087
0.28496
0.245567
0.244271
0.0456666
0.0203866
0.640511
0.377269
0.484503
0.656656
0.285823
0.282751
0.422124
0.0030967
0.00330121
0.432547
0.272783
0.710109
0.102428
0.00258405
0.0487773
0.480476
0.720329
0.0994526
0.371964
0.935829
0.469379
0.844682
0.488854
0.0663524
0.663711
0.188653
0.00254842
0.484466
0.422611
0.518574
0.0690873
0.459257
0.00795411
0.165983
0.231606
0.181552
0.546576
0.0070868
0.278981
0.00564227
0.000156851
0.604297
0.344383
0.00212614
4.03441e-06
0.602755
0.251602
0.526045
0.164629
0.0606599
0.257205
0.509555
0.119727
0.0276416
0.501037
0.257883
0.126605
0.916677
2.87973e-05
0.196897
0.461883
0.301502
0.750014
0.342088
0.32526
0.156663
0.421095
0.131537
0.289048
0.650621
0.574555
0.00245607
0.33381
0.0558206
0.165457
0.273422
0.563238
0.00218678
0.0207253
0.487843
0.136215
0.00223013
0.376693
0.461995
0.00035937
0.243501
0.551295
0.37867
0.162615
0.15803
0.11457
0.260415
0.888006
0.00479996
0.625469
0.00619773
0.270691
0.674715
0.00370537
0.572387
0.534954
0.410048
0.0201363
0.641723
0.658189
0.682725
0.000425369
0.3032
0.0017647
0.313933
0.0660076
0.0470289
0.000485741
0.0767959
0.00258972
0.316973
0.529307
0.0333559
0.427508
0.000337838
0.592413
0.158997
0.0037454
0.510115
0.0350077
0.0601737
0.0122323
0.0102421
0.000889441
0.175833
0.0358839
0.148455
0.379361
0.65238
0.000452522
0.819279
0.767805
0.161485
0.392913
0.586568
0.00250199
0.333854
0.398744
0.29615
0.595251
0.191926
0.0152132
0.384741
0.0216098
0.292249
0.0145482
0.51053
0.00104357
0.0225665
0.348501
0.570884
0.0445225
0.000719475
0.360657
0.348241
0.562245
0.000820243
0.289007
0.177653
0.0373371
0.712681
0.0637595
0.0124853
0.536436
0.0404717
0.294444
0.205854
0.0512347
0.478338
0.360829
0.778344
0.00665883
0.655845
0.459821
0.786141
0.110991
0.0796324
0.0620673
0.000953878
0.103894
0.25993
0.00652066
0.40644
0.810469
0.188861
0.035124
0.0241517
0.738899
0.366554
0.0659996
0.679322
0.170088
0.882519
0.0506488
0.0511082
0.307812
0.0781671
0.234735
0.47892
0.678516
0.00738784
0.217829
0.437087
0.375439
0.786761
0.188493
0.0478333
0.0554767
0.665683
0.658055
0.000229203
0.134513
0.762709
0.376597
0.00352264
0.0029775
0.00829243
0.178636
0.288524
0.0631208
0.160965
0.64654
0.189097
0.447484
0.16312
0.0409177
0.155024
0.00270977
0.478095
0.499997
0.723131
0.800923
0.305332
0.543235
0.0131457
0.032015
0.573223
0.00963091
0.641116
0.518941
0.218646
0.287892
0.355224
0.0490269
0.0260892
0.261929
0.590295
0.46836
0.451963
0.668538
0.525557
0.659457
0.66214
0.240787
0.332705
0.0179512
0.278667
0.19582
0.00191602
0.726332
0.000318846
0.299725
0.493061
0.405522
0.586685
0.00254865
0.00108141
0.000402106
0.0442687
0.447448
0.495754
0.502825
0.574405
0.216235
0.288677
0.545547
0.0564379
0.811438
0.330179
0.707509
0.0212312
0.143905
0.294813
0.174615
0.542834
0.00293801
0.103917
0.0260299
0.479071
0.775964
0.00923261
0.326058
0.120606
0.419485
0.159219
0.618487
0.411686
0.897613
0.0384615
0.351763
0.454789
0.0282313
0.0896687
0.353401
0.625396
0.01308
0.799807
0.24966
0.0942059
0.550892
0.406686
0.098502
0.446999
0.0695251
0.241929
0.0806745
0.355342
0.00753467
0.73132
0.645043
0.000423617
0.0280361
0.674819
0.448769
0.286185
0.617084
0.490153
0.136747
0.0787116
0.0583865
0.00940004
0.271631
0.202989
0.304045
0.340452
0.465962
0.317829
0.744536
0.104167
0.0109481
0.715705
0.648212
0.00381711
0.364032
0.00169317
0.011067
0.29317
0.737365
0.233361
0.182001
0.519477
0.182678
0.660541
0.502645
0.699208
0.160325
0.34753
0.105366
0.417582
0.367082
0.106508
0.0159208
0.52769
0.29501
0.728074
0.558502
0.0988232
0.440282
0.638648
0.712607
0.184308
0.124672
0.621012
0.102266
0.0182737
0.169175
0.0186865
0.274565
0.739622
0.307515
0.0330914
0.517752
0.584016
0.211958
0.238349
0.718176
0.0679503
0.0207162
0.295417
0.117649
0.0730145
0.0235345
0.409419
0.217067
0.388162
0.279142
0.625171
0.238312
0.00204349
0.0287985
0.682553
0.0011278
0.277716
0.0182926
0.00341103
0.111133
0.00655454
0.868047
0.0127635
0.000564736
0.837815
0.15398
0.529257
0.547051
0.264549
0.187777
0.246179
0.809977
0.172436
0.104768
0.792775
0.342266
0.0683508
0.015861
0.333425
0.4372
0.176253
0.297794
0.529053
0.495956
0.16176
0.118784
0.507946
0.271663
0.0355563
0.0430172
0.0233807
0.0858398
0.758493
0.493899
0.0959281
0.038812
0.542119
0.804529
0.31486
0.229823
0.296377
0.0486815
0.550883
0.690627
0.675493
0.782477
0.124216
0.722853
0.0107693
0.320943
0.104856
0.619224
0.322834
0.64322
0.823068
0.38594
0.015171
0.898085
0.622788
0.439191
0.503124
0.293636
0.24642
0.413995
0.300295
0.134611
0.723453
0.64046
0.3462
0.00976964
0.504148
0.690353
0.577693
0.693341
0.234529
0.720977
0.285149
0.00639796
0.511432
0.693158
0.30349
0.12077
0.499271
0.0509177
0.452315
0.360098
7.6155e-05
0.684366
0.0523306
0.454382
0.445456
0.69362
0.616746
0.253962
0.6107
0.379292
0.365749
0.617436
0.281776
0.375986
0.648852
0.308088
0.0307084
0.000442419
0.0254885
0.00458796
0.242154
0.204684
0.13887
0.0314652
0.0724728
0.425715
0.136021
0.135526
0.276757
0.190142
0.387848
0.175959
0.569981
0.379123
0.0793279
0.491563
0.159671
0.025184
0.0157268
0.204313
0.419176
0.312881
0.682608
0.461508
0.00383008
0.499178
0.308748
0.736128
0.223349
0.0251011
0.0955562
0.607264
0.376038
0.630031
0.742375
0.617707
0.0600088
0.727337
0.00921351
0.0576497
0.0630248
0.641562
0.237402
0.516717
0.572501
0.492764
0.408472
0.101674
0.0129594
0.137661
0.0887676
0.699798
0.523416
0.00469532
0.00969187
0.125126
0.321718
0.0614579
0.34861
0.411492
0.0806491
0.00384118
0.220659
0.317286
0.471893
0.859494
0.0112333
0.617992
0.520298
0.000922015
0.0662221
0.462176
0.36138
0.0253564
0.564499
0.0380018
0.32509
0.000121507
0.832813
0.000107038
0.551972
0.77051
0.556579
0.430031
0.726692
0.0319082
0.0487194
0.0603286
0.36911
0.410873
0.0109794
0.0573416
0.469728
0.522781
0.635537
0.282235
0.822331
0.656204
0.600213
0.592642
0.598839
0.0757302
0.0664387
0.16081
0.0430035
0.299773
0.680046
0.0226839
0.561628
0.0113385
0.105954
0.388712
0.14216
0.100073
0.632656
0.513567
0.395109
0.0306242
0.785985
0.233303
0.427325
0.217415
0.355432
0.153087
0.485015
0.383938
0.233545
0.283094
0.338729
0.10796
0.201889
0.770845
0.51993
0.383544
0.143895
0.4151
0.0187314
0.0314321
0.0735922
0.657314
0.000994909
0.528366
0.661502
0.725959
0.00682224
0.0263699
0.537611
0.217932
0.0026647
0.204274
0.610301
0.139934
0.865298
0.77754
0.367805
0.360529
0.198325
0.0141721
0.594593
0.167253
0.0514628
0.227723
0.0295175
0.00556979
0.462707
0.279332
0.0194163
0.339747
0.258059
0.365691
0.0077861
0.586374
0.00306466
0.196595
0.0316022
0.18398
0.199532
0.0483375
0.476859
0.769469
0.342194
0.0223208
0.777882
0.00511461
0.27638
0.00130197
0.187424
0.367557
0.588404
0.795731
0.27712
0.28922
0.229301
0.000389606
0.0113409
0.363955
0.518338
0.364811
0.014714
0.0457471
0.766531
0.168233
0.00688913
0.00430191
0.423615
0.00116656
0.329354
0.355467
0.276672
0.765968
0.379283
0.000639402
0.81922
0.471327
0.303807
0.784666
0.359846
0.341233
0.291647
0.00256659
0.526544
0.676853
0.842725
0.572455
0.024184
0.0488182
0.0364699
0.104757
0.0342472
0.0599709
0.344115
0.217672
0.049576
0.143558
0.00184275
0.711461
0.443064
0.0149799
0.0209952
0.0834882
0.560409
0.431341
0.354839
0.106386
0.61449
0.366292
0.53154
0.754705
0.00187284
0.448105
0.837657
0.780768
0.13734
0.218755
0.0138856
0.166684
0.0177866
0.00609652
0.654896
0.242105
0.809189
0.421299
0.566463
0.111629
0.522078
0.0107836
0.0490721
0.0306076
0.0367549
0.564187
0.426944
0.0463832
0.7957
0.118907
0.634186
0.0730571
0.53957
0.12557
0.115135
0.390308
0.00178709
0.0188741
0.175934
0.455188
0.748427
0.0088525
0.59203
0.197687
0.629639
0.172006
0.036802
0.144667
0.283538
0.489217
0.0989769
0.0445692
0.00178089
0.00300329
0.766717
0.0818144
0.015653
0.614539
0.536819
0.579032
0.319203
0.83705
0.539886
0.0408181
0.563161
0.557883
0.46898
0.539694
0.23838
0.229632
0.474978
0.011921
0.345962
0.0296152
0.265929
0.669105
0.003167
0.110622
0.0140613
0.49399
0.0484467
0.67599
0.102215
0.659774
0.00148709
0.5499
0.108618
0.123149
0.464546
0.300487
0.505592
0.486614
0.837809
0.0310107
0.0231683
0.299537
0.303957
0.121258
0.363621
0.0273602
0.325327
0.273785
0.35064
0.185882
0.0952209
0.490586
0.00529629
0.371561
0.0894672
0.0217794
0.601718
0.0278767
0.0951246
0.572083
2.60069e-05
0.357573
0.0614983
0.539459
0.0522307
0.680713
0.677988
0.641863
0.00177961
0.57469
0.00495476
0.0291844
0.0817377
0.427229
0.451328
0.000234507
0.609299
0.450323
0.0319619
0.00419066
0.0016938
0.218147
0.554099
0.0769236
0.209874
0.226046
0.616573
0.558193
0.783063
0.0336893
0.359264
0.0283072
0.194038
0.0170473
0.363118
0.695233
0.501046
0.115112
0.517154
0.193272
0.11558
0.535489
0.228397
0.234666
0.520108
0.167608
0.456363
0.164814
0.0188091
0.0487272
0.71922
0.165299
0.713515
0.495161
0.51817
0.826561
0.246887
0.522362
0.552831
0.00837238
0.190599
0.275555
0.0749052
0.177777
0.000550449
0.787535
0.728432
0.747491
6.98755e-05
0.126766
0.240084
0.194835
0.0903628
0.107256
0.737012
0.75103
0.364491
0.565037
0.614894
0.367245
0.147564
0.076309
0.312467
0.110436
0.000673848
0.165054
0.194449
0.154208
0.0324412
0.0425203
0.0922021
0.00536256
0.382825
0.000910752
0.41379
0.0706884
0.573847
0.372268
0.270327
0.508489
0.189027
0.0294592
0.00506689
0.041493
0.436241
0.623824
0.0264199
0.121901
0.191627
0.181379
0.545497
0.0947559
0.319331
0.812072
0.0775488
0.409323
0.00151387
0.380752
0.388075
0.000906569
0.398819
0.431219
0.000575591
0.34018
0.00479642
0.105708
0.780837
0.433642
0.538044
0.191822
0.378154
0.080591
0.449203
0.162833
0.58641
0.116439
0.257932
0.0222331
0.615759
0.219217
0.0172363
0.554457
0.00325142
0.285855
0.0243745
0.422023
0.169335
0.635632
0.587427
0.207386
0.226171
0.781569
0.371166
0.194175
0.00664434
0.312229
0.0175034
0.130112
0.21217
0.227993
0.0109268
0.0119166
0.0373543
0.0127469
0.0197001
0.405586
0.000148774
0.344723
0.00193729
0.484006
0.540472
0.164834
0.39455
0.0258036
0.0052332
0.756548
0.000313719
0.471511
0.102334
0.409907
0.0504045
0.0010942
0.712276
0.85546
0.0235333
0.175294
0.265522
0.27523
0.398091
0.042893
0.785247
0.330402
0.0967896
0.680013
0.394826
0.490369
0.242859
0.202824
0.595537
0.284676
0.484959
0.29006
0.153399
0.00492813
0.411753
0.770226
0.0760882
0.310255
0.566206
0.459552
0.566794
0.317441
0.520613
0.677384
0.0256352
0.406398
0.550109
0.864076
0.689248
0.00368595
0.143886
0.599778
0.323112
0.300906
0.039553
0.146995
0.593617
0.473197
0.231376
0.73047
0.198303
0.855692
0.404613
0.507561
0.715379
0.41963
0.113176
0.465152
0.373252
0.0526308
0.137616
0.0070603
0.00998518
0.007722
0.798365
0.609543
0.805347
0.0062618
0.345144
0.0605179
0.612704
0.540303
0.212721
0.203734
0.00802272
0.172467
0.265157
0.282599
0.620601
0.210729
0.300058
0.099303
0.0291226
0.0343901
0.0796914
0.705467
0.5682
0.504466
0.704668
0.759268
0.708227
0.00640698
0.126018
0.00406008
0.405818
0.300974
0.30087
0.20343
0.253821
0.606886
0.825372
0.108392
0.69133
0.0048623
0.648227
0.495519
0.369751
0.218307
0.0521933
0.35584
0.104238
0.0192102
0.686724
0.173982
0.0021957
0.00275759
0.175127
0.694725
0.0173272
0.317577
0.02564
0.0192997
0.188142
0.732549
0.486323
0.532642
0.669026
0.231636
0.710158
0.0113148
0.0870487
0.26439
0.00452509
0.467372
0.000240718
0.578643
0.207291
0.0130593
0.214828
0.05018
0.242042
0.594767
0.531413
0.405886
0.34207
0.182079
0.622683
0.698464
0.170096
0.717974
0.341347
0.00151155
0.0949569
0.0176633
0.178445
0.533817
0.247845
0.240575
0.215051
0.365569
0.243003
0.322987
0.115309
0.0107798
0.227913
0.0031409
0.216071
0.0334597
0.188604
0.589692
0.0129196
0.473146
0.53239
0.646675
0.0852323
0.659395
0.700184
0.72892
0.220779
0.279864
0.0194114
0.0228984
0.00387105
0.000304779
0.27101
0.706052
0.03091
0.0169156
0.395498
0.36864
0.0132962
0.0437559
0.212333
0.218734
0.187915
0.613876
0.00187928
0.209001
0.0517292
0.232992
0.566945
0.786017
0.440839
0.654083
0.0084535
3.59723e-05
0.0282175
0.622505
0.15514
1.44348e-05
0.565166
0.218179
0.443816
0.37628
0.0609733
0.490835
0.152855
0.418733
0.0263639
0.0574026
0.0802212
0.314542
0.428573
0.00836005
0.753749
0.668054
0.428462
0.593204
0.733387
0.411635
0.853409
0.0677886
0.551311
0.608772
0.720051
0.00538264
0.141752
0.691144
0.714795
0.590853
0.190803
0.721344
0.56223
0.471239
0.764644
0.390681
0.0956725
0.60694
0.0828124
0.144248
0.169645
0.577519
0.0628017
0.246081
0.61726
0.0744708
0.32857
0.458752
0.398243
0.212977
0.344608
0.00314161
0.0353069
0.0720662
0.000100118
9.12514e-06
0.671204
0.364827
3.78921e-06
0.18498
0.440511
0.219233
0.380222
0.32681
0.000437842
0.126267
0.684222
0.355401
0.686295
0.727854
0.131906
0.512799
0.106216
0.137546
0.290173
0.0996661
0.239048
0.405032
0.142728
0.0627429
0.380822
0.55683
0.694268
0.483442
0.00498924
0.679215
0.00358604
0.308249
0.583297
0.514023
0.0696828
0.651367
0.0107838
0.226242
0.0815357
0.291176
0.0416173
0.129889
0.049049
0.28902
0.132298
0.377173
0.0612512
0.390799
0.386999
0.119216
0.0656775
0.431714
0.736675
0.222665
5.22292e-06
0.0473393
0.0533656
0.00248318
0.631899
0.151832
0.0894001
0.44642
0.197159
0.681716
0.0329953
0.00332619
0.695979
0.00807462
0.370139
0.00328941
0.0147315
0.370757
0.410767
0.22342
0.561099
0.223826
0.266856
0.739902
0.205737
0.319075
0.632786
0.23102
0.208656
0.457087
0.875932
0.772098
0.716665
0.0972143
0.740292
0.230876
0.0627993
0.0134608
0.605403
0.332825
0.166542
0.58165
0.163908
0.0125804
0.241316
0.00407817
0.0086331
0.587783
0.161912
0.435737
0.673598
0.0403253
0.00696226
0.196832
0.714559
0.000238745
0.875396
0.662197
0.67639
0.655219
0.827306
0.740622
0.475603
0.587902
0.383486
0.319743
0.0717299
0.39791
0.0135442
0.00402512
0.351394
0.460342
0.0135451
0.334696
0.55231
0.0444349
0.589681
0.0270335
0.00238839
0.296949
0.054251
0.653059
0.152302
0.0120179
0.151838
0.062758
0.581897
0.281138
0.00600903
0.0594688
0.533815
0.318298
0.559348
0.605432
0.000192518
0.0170347
0.346253
0.587611
0.633599
0.24715
0.113876
0.000653002
0.390398
0.00254632
0.00603216
0.0161528
0.772242
0.000271616
0.06561
0.667317
0.578307
0.0368326
0.0522881
0.0123251
0.794291
0.0822025
0.218023
0.0763755
0.0030055
0.00318015
0.0227566
0.282277
0.0890387
0.475144
0.224095
0.428794
0.0333259
0.470135
0.412483
0.00196766
0.802002
0.51778
0.029023
0.578042
0.0315982
0.0852372
0.182861
0.394947
0.533264
0.766612
0.000707465
0.828521
0.0176766
0.159378
0.160304
0.0310184
0.804366
0.600564
0.27802
0.677377
0.251178
0.304015
0.0148892
0.492682
0.0418025
0.0274354
0.230829
0.421893
0.0273465
0.169933
0.606088
0.24324
0.049777
0.328676
0.174365
0.115179
0.164816
0.776541
0.241051
0.522379
0.00564309
0.0589736
0.431146
0.226687
0.395471
0.000721688
0.612668
0.0702628
0.283092
0.165837
0.333494
0.356202
0.0775676
0.266375
0.287139
0.309133
0.360707
0.0422445
0.144324
0.174236
0.334149
0.0506884
0.00271196
0.0216208
0.585317
0.836841
0.323209
0.0025011
0.607249
0.0810717
0.0427374
0.633444
0.109135
0.52747
0.105606
0.0402318
0.0103646
0.340088
0.0388187
0.000684582
0.216641
0.861347
0.137619
0.577687
0.0591026
0.0524192
0.743234
0.207778
0.150785
0.0508298
0.00367266
0.00358978
0.723622
0.05184
0.349744
0.337048
0.373205
0.275723
0.67058
0.0320689
0.302163
0.0311391
0.540792
8.7991e-05
0.372738
0.343168
0.148256
0.179727
0.0196011
0.00119966
0.554265
0.552653
0.000546949
0.117111
0.00317994
0.320987
0.0871431
0.205625
0.100008
0.459649
0.563666
0.432089
0.0386467
0.273816
0.00122172
0.297765
0.183974
0.637957
0.00463983
0.000990447
0.795043
0.0205842
0.163971
0.657701
0.0529261
0.099502
0.523945
0.205788
0.0274964
0.61139
0.0811829
0.284447
0.00256482
0.216282
0.267564
0.0106657
0.58283
0.125989
0.656864
0.238977
0.534494
0.181084
0.758716
0.661171
0.762908
0.422555
0.000868927
0.0469606
0.233637
0.473396
0.439795
0.000770826
0.565671
0.293723
0.654362
0.013887
0.610365
0.795774
0.353829
0.0929271
0.0254797
0.069853
0.704679
0.0280636
0.0841058
0.180017
0.000337712
0.0583657
0.559961
0.275086
0.601269
0.0973033
0.00765699
0.0190809
0.109645
0.33487
0.0509076
0.363831
0.63277
0.465782
0.358346
0.480037
0.00153042
0.0130227
0.443526
0.270728
0.103244
0.05605
0.418173
0.0302749
0.0569586
0.0111522
0.344264
0.634514
0.586796
0.14333
0.303284
0.533175
0.693426
0.451258
0.386982
0.083958
0.657336
0.447356
0.320908
0.00259891
0.0787494
0.0870327
0.421885
0.312648
0.762766
0.00714475
0.0758575
0.574825
0.0482565
0.0150193
0.48098
0.775773
0.230162
0.0211843
0.198955
0.657782
0.901969
0.149216
6.89089e-05
0.300989
0.230908
0.328504
0.0223962
0.135397
0.138463
0.337939
0.15772
0.620407
0.274083
0.224372
0.320891
0.727481
0.129615
0.0845104
0.000998233
0.282715
0.524344
0.0109729
0.394793
0.0726311
0.439729
0.278371
0.024818
0.632254
0.5313
0.0355847
0.556459
0.207687
0.488761
0.242154
0.820587
0.4334
0.209028
0.18263
0.150565
0.473871
0.0553211
0.850385
0.0104081
0.129928
0.841538
0.056671
0.0534511
0.148891
0.558967
0.506769
0.39375
0.285637
0.2268
0.212791
0.367484
0.221641
0.0512175
0.482842
0.0556508
0.417427
0.00704526
0.265014
0.451508
0.304743
0.143784
0.498981
0.58492
0.780173
9.21829e-05
0.539943
0.239944
0.794778
0.432456
0.0358892
0.0422206
0.00828528
0.556513
0.65523
0.145986
0.490119
0.00696753
0.0718895
0.0735607
0.500326
0.00792057
0.456019
0.00186857
0.58378
0.29582
0.0174989
0.153706
0.0383171
0.379562
0.241238
0.256176
0.314853
0.489724
0.329751
0.375102
0.00946053
0.525721
0.331742
0.111229
0.387357
0.128377
0.162622
0.126462
0.4983
0.497894
0.147811
0.465349
0.158158
0.142576
0.0108799
0.729263
0.592986
0.00829918
0.0275458
0.508873
0.000430918
0.0420524
0.310412
0.478333
0.532936
0.128207
0.481173
0.00138616
0.409246
0.525871
0.347437
0.227193
0.302853
0.749347
0.453941
0.0226327
0.264653
0.000567926
0.044664
0.497238
0.547824
0.857941
0.171524
0.513584
0.411072
0.000433785
0.00501628
0.477619
0.0155561
0.422899
0.111867
0.650568
0.400055
0.0455096
0.247641
0.369031
0.0792491
0.0339621
0.434781
0.382056
0.5003
0.0157408
0.234749
0.64742
0.300933
0.0474023
0.449493
0.0614379
0.169832
0.713408
0.342408
0.0764046
0.549219
0.0378558
0.120154
0.385727
0.481597
0.176147
0.103893
0.14795
0.227281
0.78205
0.705366
0.118769
0.27581
0.383195
0.135156
0.26221
0.335847
0.535136
0.159077
0.68478
0.0786328
0.286394
0.0885033
0.0111994
0.566442
0.550257
0.0453932
0.245223
0.631729
0.352248
0.25657
0.0915669
0.344956
0.831741
0.592282
0.0556873
0.19152
0.0779168
0.215438
0.581753
0.137829
0.707177
0.561288
0.433165
0.366602
0.166936
0.147759
0.035286
0.129518
0.588745
0.354596
0.154711
0.0328801
0.521557
0.000770855
0.0390777
0.785934
0.293848
0.553573
0.0905418
0.39257
0.491441
0.0326166
0.568619
0.000232544
0.0190856
0.365008
0.138671
0.608538
0.565554
0.412027
0.0269531
0.502969
0.600537
0.039585
0.0721997
0.38695
0.00521483
0.427782
0.00831996
0.0518445
0.00656026
0.10375
0.154157
0.553085
0.448911
0.0343285
0.0790492
0.000335344
0.610438
0.206824
0.0229136
0.875414
0.165277
0.00639262
0.517578
0.101282
0.00511373
0.182785
0.303685
0.806354
0.232156
0.474794
0.0985481
0.411495
0.0221116
0.00050966
0.38566
0.453102
0.380789
0.0722149
0.153412
0.0348241
0.564349
0.00174605
0.0688063
0.500062
0.025706
0.69295
0.495599
0.027776
0.00436518
0.562956
0.00850889
0.493063
0.313131
0.485025
0.429695
0.0877706
0.0100209
0.00474567
0.456065
0.65959
0.00165873
0.269864
0.247382
0.0512934
0.675446
0.317704
0.0641102
0.301073
0.302578
0.27606
5.48436e-05
0.744366
0.67435
0.61503
0.0588016
0.286951
0.561857
0.0699028
0.000758283
0.0114032
0.590866
0.0263563
0.787986
0.296707
0.00694191
0.903901
0.366186
0.0114543
0.0750495
0.646061
0.689766
0.0044052
0.0675767
0.0288068
0.322381
0.00948688
0.00137949
0.00102161
0.0917463
0.425722
0.00118953
0.0870056
0.535685
0.22699
0.378856
0.326225
0.00176469
0.14991
0.0135616
0.0844145
0.0799292
0.464566
0.42981
0.112306
0.338614
0.0781499
0.0466589
0.432327
0.200899
0.244486
0.200778
0.0115113
0.0399351
0.658779
0.0565072
0.340927
0.334014
0.259852
0.000753931
0.53417
0.0416566
0.241811
0.774411
0.086758
0.00286956
0.730942
0.00280387
0.0171662
0.503536
0.470885
0.420368
0.579119
0.663646
0.465931
0.563147
0.67219
0.592308
0.325524
0.0181596
0.337164
0.19237
0.648307
0.407691
0.0803699
0.545166
0.406037
0.729316
0.119981
0.565485
0.929507
0.372656
0.66219
0.851591
0.41523
0.196119
0.266867
0.839374
0.264095
0.0345964
0.289536
0.29267
0.441387
0.0493583
0.485751
0.0174528
0.564239
0.0134019
0.693205
0.313204
0.0405832
0.178593
0.0142786
0.125646
0.104321
0.0499623
0.154964
0.739364
0.296409
0.409658
0.688026
0.352891
0.74093
0.132037
0.685552
0.575075
0.0912888
0.0128733
0.0538333
0.419235
0.376313
0.0201901
0.0185252
0.833162
0.454444
0.0991765
0.198836
0.90844
0.592781
0.334418
0.308463
0.45018
0.00737853
0.40111
0.0269257
0.691631
0.0479796
0.680724
0.540091
0.302154
0.0238623
0.156926
0.478237
0.022923
0.66474
0.290617
0.0532443
0.852261
0.0438473
0.409252
0.000996074
0.0394178
0.772605
0.454738
0.141334
0.26443
0.0740359
0.20042
0.0737011
0.318397
0.63633
0.439079
0.884178
0.523217
0.732135
0.650121
0.0090928
0.00107014
0.566235
0.821498
0.688686
0.0252677
0.556751
0.498306
0.765535
0.0685197
0.571013
0.312993
0.307912
0.387588
0.818538
0.670955
0.00233874
0.0100522
0.666637
0.179584
0.291594
0.272074
0.70404
0.647956
0.4039
0.539615
0.186129
0.0270538
0.202343
0.105207
0.424
0.723763
0.0221884
0.367135
0.275139
0.109832
0.036519
0.487469
0.551933
0.503018
0.0474201
0.0933783
0.342836
0.039992
0.0448567
0.501014
0.0134944
0.582543
0.596975
0.166481
0.508497
0.0539983
0.125867
0.0078542
0.371245
0.0546338
0.260227
0.0545991
0.00824299
0.635191
0.542867
0.420923
0.690245
0.144827
0.138882
0.00871515
0.478827
0.175863
0.333291
0.0537162
0.190951
0.877335
0.296751
0.265146
0.256812
0.150007
0.379946
0.535877
0.076502
0.326539
0.134254
0.605699
0.571329
0.291555
0.568363
0.847236
0.499866
0.0783706
0.00942882
0.366088
0.297894
0.586156
0.0020371
0.130662
0.013713
0.360673
0.496975
0.00104786
0.00336421
0.192958
0.543094
0.612487
0.0732746
2.8791e-05
0.422502
0.00506432
0.696908
0.614734
0.191338
0.0819041
0.246604
0.268284
0.055955
0.444957
0.0416388
0.095166
0.0375554
0.00724514
0.0745353
0.575555
0.0783168
0.277695
0.298907
0.0197088
0.000139092
0.80261
0.717153
0.155195
0.343205
0.45634
0.148583
0.0131336
0.704177
0.00977945
0.293119
0.655752
0.245781
0.0492237
0.382006
0.015988
0.33479
0.104206
0.461909
0.00319781
0.0691866
0.786753
0.077006
0.084458
0.406355
0.404266
0.715981
0.0247214
0.667271
0.348669
0.656815
0.208898
0.335546
0.120905
0.290245
0.00940615
0.0140251
0.382173
0.759458
0.000590608
0.587923
0.380261
0.0139603
0.00564165
0.0158531
0.461039
0.169938
0.792454
0.336066
0.380966
0.094903
0.158769
0.020913
0.838664
0.734922
0.612662
0.0271208
0.00615755
0.0155302
0.502912
0.156223
0.380169
0.25125
0.0725317
0.170861
0.00299077
0.145589
0.277967
0.587746
0.317786
0.539168
0.333687
0.00648146
0.489143
0.492838
0.5515
0.0246994
0.00666712
0.0701526
0.00160468
0.248154
0.0581199
0.797864
0.387451
0.003022
0.0485496
0.314336
0.000516086
0.000748757
0.386722
0.113837
0.350712
0.256589
0.0465579
0.492419
0.170744
0.0805845
0.451636
0.521313
0.225981
0.230257
0.00309301
0.685682
0.267834
0.66916
0.524912
0.176561
0.706278
0.0351692
0.420062
0.0681461
0.00394729
0.123629
0.241939
0.0012581
0.00150876
0.562246
0.0525918
0.548633
0.0779942
0.0110364
0.3774
0.896353
0.626236
0.612641
0.325486
0.0944665
0.148344
0.350861
0.106948
0.07257
0.425983
0.337592
0.626442
0.75642
0.0278765
0.0014726
0.00597852
0.796142
0.5669
0.365258
0.445066
0.217786
0.4009
0.117939
0.643681
0.0446572
0.0119567
0.496294
0.801581
0.0698823
0.106764
0.20666
0.0166622
0.383683
0.00147438
0.278917
0.530885
0.0554609
0.558641
0.129424
0.357276
0.547638
0.804718
0.0461126
0.0872171
0.0997392
0.172384
0.000696534
0.820329
0.299036
0.0788817
0.173893
0.0300969
0.502086
0.0336275
0.847069
0.0321088
0.571391
0.541666
0.398115
0.138951
0.214017
0.295609
0.468776
0.637503
0.377175
0.290713
0.703293
0.0233115
0.0441804
0.0853953
0.463795
0.0103024
0.0276271
0.336884
0.39885
0.0417334
0.288565
0.416376
0.0533706
0.471598
0.0214669
0.00211491
0.705979
0.344741
0.402114
0.0658006
0.575496
0.0487801
0.208469
0.508408
0.0239717
0.704365
0.0255233
0.783133
0.062751
0.000307794
0.428674
0.294871
0.0329378
0.638292
0.148647
0.0166543
0.103028
0.292726
0.00777243
0.816079
3.21171e-05
0.230369
0.000653846
0.35348
0.0462266
0.220621
0.74175
0.44575
0.308701
0.0466551
0.212104
0.349594
0.31626
0.407653
0.139771
0.150391
0.486627
0.243732
0.0141341
0.189008
0.180533
0.384329
0.147288
0.0888558
0.00883786
0.272046
0.369448
0.105588
0.0963868
0.400132
0.157441
0.0563736
0.437373
0.035574
0.517899
0.41862
0.298893
0.71575
0.0620469
0.194983
0.311134
0.184361
0.409286
0.0110453
0.356267
0.22963
0.00275471
0.0305532
0.012598
0.527635
0.488595
0.00876816
0.0052951
0.64812
0.110984
0.5851
2.65821e-05
0.386838
0.201225
0.0241803
0.508581
0.325882
0.0260959
0.512901
0.00201021
0.0375188
0.053572
0.393246
0.705625
0.0128473
0.545894
0.4339
0.15509
0.0819151
0.0264297
0.137615
0.255388
0.301879
0.00569504
0.507293
0.176659
0.0807256
0.582549
0.15203
0.33246
0.00474707
0.486476
0.00475572
0.565903
0.00613339
0.643687
0.21302
0.459484
0.603497
0.32342
0.555477
0.492497
0.0563126
0.0109771
0.198786
0.397157
0.651859
0.00204869
0.770785
0.425369
0.496469
0.387554
0.576412
0.394585
0.63046
0.544548
0.0342099
0.672616
0.642216
0.0762065
0.105235
0.310036
0.0113092
0.0510695
0.000107582
0.320871
0.0573015
0.861125
0.111789
0.566194
0.00344008
0.0249739
0.0649922
0.242928
0.36596
0.614121
0.0926931
0.794619
0.376881
0.00809364
0.607785
0.664
0.0330185
0.262221
0.763831
0.288569
0.00665831
0.759155
0.0211959
0.364744
0.239514
0.462309
0.101179
0.296456
0.625497
0.115706
0.261378
0.000822953
0.0176918
0.525084
0.0724569
0.236726
0.0310889
0.237239
0.00598276
0.0139691
0.000287701
0.211559
0.026966
0.538272
0.417059
0.108668
0.0645331
0.247635
0.0720837
0.272613
0.343768
0.00149886
0.115179
0.0858235
0.733461
0.0489758
0.00181945
0.00822333
0.276112
0.00661354
0.0722137
0.526813
0.167846
0.496402
0.140977
0.3042
0.0149471
0.199718
0.610911
0.791853
0.484866
0.0764846
0.167448
0.021231
0.503248
0.174904
0.683171
0.122483
0.0927537
0.124897
0.412603
0.272537
0.196802
0.193904
0.0128981
0.55635
0.00227068
0.135991
0.000253174
0.52814
0.748198
0.373883
0.435479
0.0357859
0.0238663
0.159497
0.655356
0.000678141
0.121913
0.780972
0.00853436
0.699799
0.1321
0.825658
0.105677
0.429178
0.0554387
0.00398604
0.78011
0.836389
0.0986841
0.768978
0.167444
0.112136
0.0937326
0.0184846
0.294932
0.261521
0.0346701
0.00123801
0.358971
0.131721
0.127246
0.704965
0.478985
0.415154
0.384745
0.0129504
0.309076
0.505767
0.126836
0.418528
0.236593
0.797041
0.54331
0.000244392
0.0209714
0.0195604
0.0636102
0.325605
0.0654382
0.456061
0.00650419
0.770721
0.111051
0.191815
0.587527
0.000667433
4.65776e-05
0.0459341
0.697451
0.429068
0.0875012
0.314296
0.489342
0.0109842
0.00262329
0.00153509
0.671135
0.51845
0.552255
0.258366
0.540591
0.558668
0.00843359
0.0600764
0.107383
0.265055
0.381003
0.0612044
0.215984
0.110566
0.409036
0.0946953
0.567761
0.495283
0.0503687
0.718366
0.639058
0.0602991
0.27646
0.683872
0.309793
0.669334
0.160742
0.209694
0.170363
0.0949402
0.320098
0.403593
0.07764
0.460229
0.802127
0.00704944
0.119182
0.0978463
0.140766
0.106426
0.0541607
0.402085
0.505329
0.0905329
0.146092
0.00411384
0.423524
0.131021
0.00463932
0.0102044
0.0404428
0.0488374
0.0228687
0.536787
0.254395
0.495063
0.00719446
0.00435222
0.44186
0.589991
0.0276343
0.00423269
0.313578
0.00757347
0.00898017
0.0417906
0.125985
0.00150894
0.488942
0.237543
0.0563544
0.525319
0.00544075
0.0649875
0.536363
0.00508409
0.527919
0.368726
0.281056
0.0983844
0.468331
0.596045
0.412538
0.377625
0.36115
0.0226867
0.0151043
0.471424
0.599383
0.577638
0.128714
0.310382
7.99174e-06
0.0477057
0.493119
0.079387
0.116256
0.0783504
0.161599
0.0250363
0.483992
0.634046
0.0720073
0.145697
0.0549809
0.0102086
0.0886138
0.0626448
0.00219914
0.0027943
0.0276187
0.661694
0.00243286
0.126213
0.0209946
0.0273087
0.0908878
0.00195046
0.00766295
0.358644
0.0306172
0.0609611
0.439507
0.784492
0.00863781
0.738292
0.23571
0.554093
0.205625
2.23679e-05
0.146014
0.715268
0.453729
0.481477
0.336056
0.026986
0.463015
0.660421
0.000656029
0.00489972
0.777405
0.138144
0.0312185
0.273808
0.489911
0.000735859
0.00245555
0.292198
0.746231
0.560256
0.533001
0.00648925
0.0277857
0.0022931
0.502831
0.391328
0.0786057
0.448182
0.82208
0.100862
0.268678
0.604746
0.00213514
0.0614558
0.482437
0.0771364
0.0866381
0.189564
0.627858
0.0392748
0.673315
0.540571
0.014574
0.0149643
0.635795
0.381119
0.00617704
0.429386
0.197982
0.0163057
0.411042
0.163812
0.000701367
0.212929
0.00902412
0.472356
0.165838
0.54191
0.00627028
0.0341151
0.347785
0.0148292
0.850062
0.355059
0.705345
0.386163
0.000626205
0.290576
0.651019
0.752461
0.0991976
0.376116
0.4169
0.312926
0.351129
0.595674
0.0279245
0.0282849
0.770559
0.562424
0.000293512
0.228795
0.458463
0.311445
0.332791
0.22893
0.595407
0.49171
0.114201
0.241775
0.0928121
0.693711
0.00433344
0.114618
0.0362763
0.171963
0.122259
0.801143
0.148486
0.53864
0.707799
0.0339813
0.144259
0.0860298
0.367942
0.373645
0.567864
0.39396
0.1582
0.0564973
0.172171
0.340965
0.22815
0.547747
0.692117
0.444338
4.23159e-05
0.017248
0.356114
0.0352261
0.125166
0.00283982
0.00673222
0.789815
0.000795769
0.643507
0.663958
0.65985
0.00116243
0.0526169
0.199894
0.232399
0.384753
0.301463
0.407315
0.413345
0.300581
0.741112
0.0653625
0.407694
0.36052
0.653665
0.499909
0.233408
0.0145802
0.758373
0.159483
0.0874746
0.12341
0.338699
0.11838
0.537596
0.241823
0.190556
0.144823
0.474055
0.000337255
0.217374
0.0745535
0.629465
1.41815e-06
0.507108
0.193981
0.272111
0.299112
0.615408
0.0205608
0.114806
0.420139
0.43526
4.80721e-05
0.519294
0.000578801
0.0061889
0.201932
0.0192709
0.0251612
0.484461
0.0597037
0.444399
0.589501
0.617105
0.0112927
0.232336
0.42242
0.0070478
0.0158443
0.0998323
0.183317
0.206062
0.414346
0.192336
0.405936
0.350238
0.259727
0.0643579
0.629044
0.446874
0.065768
0.534258
0.79852
0.475358
0.53482
0.741513
0.305968
0.76219
0.076796
0.377561
0.287378
0.118711
0.129524
0.506001
0.0693259
0.305882
0.241749
0.253299
0.746798
0.667303
0.000800057
0.454366
0.00119191
0.00129573
0.0761021
0.169503
0.578688
0.374085
0.147495
0.0677657
0.00272001
0.183567
0.0395934
0.285624
0.000568156
0.261706
0.0243046
0.00267552
0.558281
0.034195
0.467264
0.0106399
0.603057
0.274716
0.565285
0.647176
0.192587
0.321711
0.673205
0.159627
0.00552878
0.00260967
0.0505957
0.662487
0.00763849
0.435207
0.629657
0.0816136
0.544568
0.0020258
0.438239
0.00203813
0.146606
0.00474545
0.502301
0.364045
0.328106
0.198135
0.0129667
0.395913
0.00294455
0.480664
0.255065
0.124186
0.319159
0.469563
0.188425
0.275811
0.00165177
0.569586
0.0956345
0.00793674
0.00812158
0.00721711
0.463611
0.158866
0.00712589
0.0100591
0.149487
0.612122
0.377377
0.0111294
0.911398
0.558031
0.395449
0.398735
0.278515
0.242152
0.143809
0.00028008
0.38236
0.413371
0.335763
0.235254
0.05268
0.318625
0.659203
2.31295e-05
0.504384
0.208949
0.151938
0.245541
0.24176
0.809366
0.0108727
0.148043
0.205659
0.458376
0.011507
0.343409
0.17576
0.615916
0.221646
0.00524244
0.209183
0.00518013
0.0218118
0.866919
0.00274086
0.143837
0.749645
0.275298
0.658257
0.296029
0.309599
0.00701704
0.43527
0.271398
0.0591524
0.0504052
0.026463
0.0530554
0.0334254
0.521866
0.425332
0.0232547
0.000766645
0.0150713
0.446173
0.0485588
0.250337
0.0225398
0.767432
0.00444514
0.0362069
0.564241
0.247331
0.643718
0.229534
0.318538
0.303507
0.0247749
0.000321603
0.305444
0.860465
0.645478
0.427135
0.0346029
0.15027
0.0338741
0.212612
0.0323791
0.931167
0.382591
0.00947974
0.00644871
0.214698
0.10941
0.847035
0.130016
0.000239996
0.0518463
0.104784
0.0308048
0.129324
0.476748
0.660431
0.00733581
0.347159
0.615211
0.264899
0.087547
0.000314267
0.45783
0.00711854
0.14659
0.442713
0.21828
0.33818
0.0801057
0.132242
0.570965
0.0192407
0.00747928
0.637813
0.527078
0.207354
0.279245
0.617097
0.274195
0.146566
0.00234872
0.794003
0.0950903
0.777202
0.0910223
0.192024
0.417694
0.000412504
0.0469164
0.446085
0.656553
0.330264
0.58051
0.441972
0.270504
0.641023
0.191594
0.11655
0.300145
0.0377872
0.211506
0.228104
0.244428
0.118669
0.196222
0.00114868
0.00275345
0.00176572
0.829074
0.414574
0.016601
0.760338
0.0011982
7.63223e-05
0.000158855
0.273855
0.572816
0.00925896
0.0627047
0.0259556
0.013345
0.552685
0.0134825
0.200452
0.625962
0.0828844
0.449799
0.516499
0.558186
0.701388
0.520941
0.652342
0.412767
0.737708
0.0279822
0.103358
0.339826
0.125159
0.200546
0.363936
0.253091
0.00307681
0.198885
0.0525032
0.0368721
0.537169
0.532915
0.0492105
0.478606
0.0543702
0.000237724
0.768865
0.100381
0.412929
0.48736
0.817952
0.328457
0.519738
0.0707646
0.277444
0.173484
0.156728
0.00170679
0.13532
0.432518
0.00388343
0.167282
0.628055
0.00221943
0.00210462
0.00071201
0.382299
0.00257277
0.589317
0.456107
0.866917
0.0120594
0.156678
0.00257244
0.58961
0.398559
0.849136
0.260524
0.000642171
0.769186
0.0278254
0.692201
0.292306
0.55799
0.283476
5.69866e-05
0.908874
0.0936844
0.164425
0.00397371
0.0310669
0.463954
0.519753
0.260729
0.63276
0.285099
0.0483733
0.00444767
0.0945127
0.13159
0.17634
0.075825
0.371152
0.11046
0.645521
0.247592
0.00243187
0.375207
0.664277
0.140562
0.0227583
0.579464
0.717156
0.0340077
0.000935882
0.346991
0.302109
0.8641
0.639559
0.493322
0.0991665
0.215023
0.410726
0.180638
0.763909
0.703835
0.564672
0.467738
0.0457395
0.170162
0.49708
0.118862
0.00532601
0.624972
0.0713537
0.132044
0.599731
0.0107976
0.000894915
0.343414
0.413656
0.773106
0.777891
0.701918
4.90608e-05
0.191282
0.582098
0.00903579
0.667871
0.1438
0.752897
0.57285
0.233965
0.279549
0.573926
0.57547
0.600447
0.0124053
0.307139
0.550259
0.59487
0.0175003
0.142527
0.317183
0.645579
0.321883
0.536346
0.54534
0.576381
0.142219
0.679469
0.624021
0.496829
0.571646
0.647923
0.164022
0.385605
0.416783
0.0249645
0.000494343
0.00145568
0.349963
0.323447
0.732793
0.141891
0.47296
0.440332
0.177627
0.518933
0.00238877
0.495937
0.648796
0.523946
0.453664
0.234952
0.666881
0.442938
0.025815
0.314161
0.534619
0.567654
0.549671
0.530707
0.0206236
0.730936
0.000658298
0.00217574
0.612729
0.0361723
0.299235
0.0153392
0.281832
0.670783
0.669296
0.635926
0.100841
0.00318072
0.102807
0.0263918
0.414269
0.382057
0.406867
0.803253
0.000700165
0.0584305
0.0533639
0.419414
0.00415795
0.48042
2.99986e-07
0.0227431
0.439996
0.14076
0.527911
0.367248
0.4579
0.822264
0.416263
0.0555704
0.442523
0.0652972
0.0101712
0.144252
0.000981714
0.596256
0.00756894
0.510581
0.474213
0.592552
0.547178
0.504829
0.623992
0.289955
0.111078
0.508365
0.160438
0.127175
0.000560319
0.659901
0.0503386
0.477911
0.00066409
0.66192
0.597197
0.0714863
0.13469
0.343306
0.167876
0.0705955
0.339565
0.440504
0.652738
0.299433
0.0804822
0.291426
0.545967
0.0020455
0.403262
0.634074
0.0817366
0.00456775
0.22655
0.244769
0.597734
0.0174392
0.731868
0.102256
0.0510809
0.0343147
0.0155816
0.341686
0.000156393
0.0853943
0.45257
0.346696
0.0207283
0.352154
0.107193
0.561138
0.333535
0.655195
0.950882
0.413156
0.655475
0.786666
0.0101947
0.236154
0.71893
0.0494954
0.0145722
0.000892572
0.232089
0.64518
0.538704
0.643643
0.121779
0.254247
0.382342
0.0205384
0.49625
0.0775717
0.316957
0.0105712
0.349407
0.217929
0.314441
0.816475
0.0276876
0.560469
0.632759
0.792015
0.38903
0.118316
0.135143
0.768867
0.200899
0.445198
0.444477
0.667061
0.252544
0.199018
0.562688
0.417257
0.306876
0.908554
0.0319278
0.0900927
0.356643
0.171788
0.0151866
0.363395
0.110577
0.0106193
0.11698
0.306613
0.081879
0.00942948
0.281084
0.0583754
0.159947
0.000371049
0.0232222
0.0592547
0.02368
0.622456
0.00181603
0.29154
0.0745935
0.876069
0.0421503
0.122089
0.406294
7.86734e-06
0.0482533
0.574637
0.72096
0.584037
0.311506
0.455901
0.520889
0.0776294
0.0222564
0.19176
0.10692
0.00916478
0.404256
0.489251
0.0351868
0.599122
0.592405
0.287688
0.138072
0.414533
0.0724982
0.0267929
0.396622
0.189994
0.171464
0.633946
0.287873
0.140255
0.187946
0.522576
0.761096
0.207452
0.00168125
0.79646
0.391566
0.556355
0.0899264
0.373398
0.00141017
0.667455
0.81086
0.332018
0.0388618
0.325369
0.000339903
0.0308638
0.535225
0.491119
0.0744025
0.31216
0.545057
0.449126
0.000750328
0.785112
0.425242
0.492704
0.0119351
0.301638
0.362136
0.0338116
0.0424581
0.0644078
0.279364
0.462326
0.0119648
0.0249141
0.469048
0.530869
0.0268172
0.115371
0.0235009
0.0899417
0.1976
0.355069
0.385564
0.446261
0.223052
0.630266
0.492346
0.148398
0.00169796
0.850947
0.352066
0.734608
0.142656
0.037315
0.00713977
0.142271
0.157657
0.0680615
0.615809
0.0375548
0.0968412
0.568789
0.197932
0.598745
0.286321
0.603016
0.0909662
0.48551
0.00178463
0.508062
0.27446
0.736005
0.0117835
0.581073
0.499254
0.470828
0.228405
0.508816
0.0401427
0.760282
0.322755
0.574702
0.427042
0.231018
0.0221291
0.0162731
0.15321
0.545648
0.0964281
0.785653
0.278224
0.82838
0.263887
0.0239616
0.0864031
0.287065
0.64778
0.00971954
0.0704084
0.118467
0.0670829
0.193955
0.709666
0.580162
0.566505
0.13946
0.602638
0.523798
0.00268609
0.236627
0.224181
0.502337
0.646247
0.468637
0.535468
0.12666
0.51063
0.571301
0.411283
0.00975182
0.0233675
0.0834349
0.443107
0.0181504
0.0694512
0.508723
0.874739
0.250243
0.0277889
0.574722
0.135742
0.305356
0.3347
0.0370008
0.169797
0.041182
0.841387
0.214191
0.00431859
0.267007
0.102855
0.00989739
0.000725908
0.555676
0.480503
0.365486
0.000414314
0.44181
0.631268
0.000726285
0.625227
0.0847364
0.0574085
0.778077
0.0524726
0.0219598
0.191125
0.0328299
0.543197
0.468814
0.160318
0.618788
0.00335937
0.018441
0.0632508
0.300566
0.719417
0.304965
0.137276
0.462865
0.00848556
0.158078
0.551773
0.669596
0.55195
0.0531011
0.0775304
0.26443
0.262434
0.172106
0.411607
0.330876
0.231685
0.462274
0.0630347
0.125649
0.35852
0.228675
0.088528
0.000334831
0.106404
0.254457
0.0161178
0.448051
0.949821
0.00190212
0.587397
0.489206
0.158781
0.0182862
0.0810776
0.355735
0.648059
0.250209
0.310038
0.236018
0.421354
0.00809447
0.170849
0.0105697
0.0284155
0.0843696
0.386986
0.100363
0.147703
0.664851
0.157734
4.70641e-06
0.119877
0.693169
0.458274
0.38938
0.379982
0.601324
0.517003
0.612716
0.692231
0.0244015
0.655436
0.0223051
0.102905
0.5516
0.625271
0.354375
0.10311
0.775752
0.464356
0.325361
0.0209128
0.430054
0.0453608
0.00765143
0.0696231
0.0891241
0.0479947
0.263717
0.680882
0.0016649
0.545188
0.604686
0.0185339
0.602063
0.00203172
0.273289
0.290182
0.295138
0.833176
0.0242705
0.105053
0.11653
0.654639
0.228161
0.667714
0.544546
0.00428059
0.348518
0.0267545
0.276749
0.218513
0.47676
0.762105
0.00132998
0.0545896
0.850314
0.00795466
0.00128929
0.372634
0.286504
0.166165
0.0711124
0.353784
0.369578
0.00604395
0.0351476
0.293233
0.774031
0.277147
0.327229
0.252719
0.143998
0.00509384
0.00763884
0.368574
0.584196
0.321391
0.277206
0.156192
0.0523991
0.139395
0.4695
0.353306
0.160231
0.687021
0.790862
0.271722
0.00267696
0.470864
0.398842
0.496641
0.00493325
0.107092
0.231634
0.000330646
0.433596
0.487323
0.0576378
0.0262946
0.721292
0.103641
0.509671
0.642918
0.437184
0.319587
0.331803
0.109165
0.000729048
0.462252
0.544126
0.0442269
0.329839
0.222862
0.807393
0.294834
0.00245059
0.127832
0.00677005
0.042542
0.254719
0.121056
0.180906
0.137465
0.355948
0.283391
0.707182
0.0498513
0.700271
0.0255304
0.0845054
0.257558
0.00725641
0.215452
0.659007
0.0535275
0.405463
0.00626236
0.00723216
0.755475
0.537575
0.00433227
0.0406518
0.311049
0.286775
0.336068
0.51608
0.479371
0.0437141
0.0935927
0.0812866
0.612928
0.00610108
0.453135
0.0081917
0.0200598
0.642739
0.0629661
0.559926
0.000176728
0.311647
0.701743
0.164652
0.291062
0.761031
0.378925
0.2208
0.68068
0.73035
0.446118
0.0666466
0.542898
0.113989
0.0115383
0.241442
0.247054
0.504148
0.165026
0.248754
0.000509023
0.718105
0.00479102
0.371515
0.326125
0.749076
0.628145
0.542742
0.0502212
0.518701
0.472861
0.76923
0.0270027
0.63003
0.245948
0.281187
0.77988
0.212533
0.000203385
0.276438
0.164245
0.637212
0.493189
0.0156769
0.000137063
0.145162
0.703563
0.176134
0.083019
0.0254222
0.0844549
0.373061
0.666533
0.0496976
0.186821
0.0196248
0.148081
0.00644295
0.167032
0.000899215
0.269151
0.125417
0.628804
0.000911759
0.0318005
0.303046
0.527233
0.00303836
0.571454
0.000251012
0.0378851
0.405724
0.606019
0.00642021
0.106914
0.798794
0.674401
0.182953
0.79155
0.307868
0.0503547
0.126459
0.0426915
0.0267997
0.0169837
0.0016814
0.23318
0.337424
0.25357
0.0377436
0.0819342
0.153934
0.35205
0.417377
0.550649
0.416903
0.0552653
0.00725754
0.787557
0.203263
0.296164
0.0485406
0.30069
0.474035
0.483375
0.121263
0.244305
0.431744
0.657203
0.0721511
0.572393
0.0170845
0.605178
0.0276692
0.0302546
0.259014
0.730859
0.414135
0.449853
0.613314
0.000268573
0.262834
0.243538
0.020791
0.0197811
0.313657
0.0205962
0.74198
0.313873
0.622269
0.0381654
0.0207432
0.00413072
0.682549
0.546394
0.509474
0.0842767
0.166464
0.0457058
0.270757
0.73689
0.0276526
0.359508
0.360007
0.0299109
0.11454
0.14167
0.0653254
0.359703
0.395195
0.00165176
0.596892
0.0815773
0.308266
0.125784
0.0468346
0.459577
0.603589
0.00958596
0.148102
0.00539585
0.459055
0.645051
0.113789
0.748826
0.188427
0.13157
0.102195
0.204446
0.327568
0.00224766
0.097122
0.735113
0.103041
0.369855
0.325022
0.618619
0.00639351
0.281581
0.0309981
0.0029252
0.0360135
0.172178
0.101069
0.00035895
0.743888
0.156137
0.492274
0.299309
0.687105
0.307544
0.882586
0.231449
0.023648
0.0254547
0.77434
0.455074
0.519781
0.380324
0.00491492
0.297224
0.672178
0.43014
0.393151
0.0840756
0.00535921
0.743291
0.00787455
0.258502
0.415737
0.33718
0.225617
0.784875
0.35631
0.302691
0.00161079
0.784928
0.243401
0.705942
0.0522829
0.0665544
0.0533388
0.214723
0.0504555
0.0216336
0.0591429
0.285644
0.486162
0.0340367
0.389079
0.125139
0.305828
0.297587
0.261434
0.731289
0.185378
0.000658545
0.0105048
0.367332
0.752166
0.0513948
0.0890673
0.421326
0.103778
0.0562918
0.586035
0.240583
0.23141
1.89125e-05
0.0111333
0.0356492
0.00161616
0.000492271
0.142277
0.0532831
0.0399455
0.141996
0.530386
0.710489
0.472354
0.536156
0.0769463
0.478961
0.00941559
0.0526137
0.0495256
0.00707698
0.522409
0.00158266
0.0286416
0.311673
0.000292768
0.0467639
0.0758855
0.333914
0.190239
0.212722
0.325547
0.00137435
0.0235414
0.0343504
0.117174
0.365486
0.413402
0.405078
0.70853
0.0833793
0.656653
0.481168
0.00579858
0.507753
0.0615328
0.620572
0.102669
0.717208
0.292883
0.11506
0.48535
0.45428
0.452192
0.660994
0.00188592
0.00650353
0.579217
0.0562183
0.00411705
0.667347
0.212561
0.00612945
0.00188062
0.524639
0.10552
0.154277
0.0259657
0.00424028
0.858034
0.00115417
0.55899
0.266155
0.200185
0.357092
0.684848
0.398876
0.700423
0.388605
0.002378
0.559537
0.122466
0.0682558
0.246426
0.0042346
0.854061
0.0722828
0.294418
0.00916816
0.00473897
0.299554
0.556642
0.605742
0.0201736
0.549181
0.0276185
0.534469
0.308153
0.03286
0.125104
0.337914
0.0488988
0.00145399
0.317147
0.510763
0.726106
0.0212951
0.0124351
0.00205278
0.00261706
0.0255077
0.246452
0.017112
0.130166
0.517581
0.397062
0.0287517
0.512719
0.288909
0.140308
0.0208099
0.0310301
0.0472506
0.685051
0.66417
0.675229
0.238632
0.11845
0.52395
0.0192744
0.0506056
0.302061
0.0762646
0.401867
0.159969
0.000879683
0.0553062
0.0918474
0.148067
0.631947
0.727971
0.0335616
0.378254
0.00145084
0.174823
0.0663889
0.00396338
0.433362
0.212103
0.13274
0.397085
0.00192615
0.297164
0.632551
0.132709
0.00241585
0.294489
0.0456814
0.236565
0.277865
0.723294
0.463847
0.0281241
0.000323544
0.58739
0.426359
0.0540135
0.269854
0.317249
0.479991
0.00654946
0.616083
0.114634
0.405589
0.23103
0.427129
0.89708
0.174272
0.36774
0.350693
0.0332862
0.0109428
0.651256
0.584878
0.333941
0.274439
0.631278
0.0153704
0.131422
0.432967
0.0048336
0.603031
0.672864
0.702203
0.0561082
0.11055
0.000306985
0.00649037
0.385027
0.70542
0.465626
0.228269
0.00260757
0.435687
0.299083
0.0829537
0.608047
0.839125
0.66358
0.0323359
0.0149617
0.0502662
0.00183947
0.00230469
0.00236319
0.676494
0.480356
0.206568
0.00926433
0.330798
0.412654
0.355581
0.000404321
0.0162463
0.435021
0.293685
0.344716
0.506498
3.01418e-06
0.679556
0.0421917
0.0397993
0.407878
0.00951741
0.0545679
0.00109897
0.188575
0.247851
0.754097
0.0666576
0.684574
0.146744
0.0457138
0.0942473
0.422415
0.380424
0.45843
0.0402014
0.0641985
0.472186
0.0083654
0.470489
0.611404
0.522677
0.595999
0.0288217
0.425531
0.359912
0.693513
0.424307
0.146886
0.158327
0.279047
0.049814
0.927539
0.614688
0.276537
0.0393634
0.289466
0.386265
0.531417
0.602973
0.302963
0.425341
0.000194602
0.416826
0.459021
0.564915
0.0374675
0.0117134
0.0143907
0.00294774
0.581593
0.493804
0.573657
0.199898
0.319914
0.594714
0.404392
0.0521643
0.578028
0.46924
0.209446
0.000113604
0.746835
0.07732
0.19027
0.00129475
0.231125
0.0423717
0.0013893
0.0163647
0.0852198
0.0576556
0.150417
0.393141
0.4066
0.153136
0.243582
0.666522
0.00053253
0.143487
0.02322
0.126054
0.0899549
0.543295
0.216904
0.413732
0.0936634
0.000412075
0.721948
0.353311
0.369281
0.040083
0.594469
0.034946
0.623266
0.0299247
0.461177
0.396789
0.0851463
0.026962
0.62598
0.0235181
0.507481
0.169774
0.573709
0.77698
0.220781
0.000569938
0.655733
0.0350939
0.00100688
0.722931
0.567244
0.760503
0.143859
0.0472994
0.0434913
0.00392062
0.627154
0.763355
0.612085
0.0139537
0.0210781
0.00415325
0.334233
0.312939
0.0550674
0.253351
0.00156507
0.0384306
0.445494
0.255559
0.56154
0.194835
0.198783
0.416052
0.0010487
0.0489523
0.0642579
0.714511
0.339028
0.0554342
0.118254
0.00878108
0.123623
0.000321102
0.914829
0.531592
0.240488
0.0673215
0.546002
0.880615
0.446572
0.709283
0.131729
0.00579316
0.0126638
0.015187
0.192357
0.000316784
0.332924
0.0142319
0.192631
0.000105168
0.693303
0.127406
0.146602
0.802538
0.039599
0.761806
0.197164
0.0357283
0.000533078
0.0236412
0.332913
0.188338
0.033818
0.479736
0.73916
0.00831214
0.00486479
0.56101
0.0491421
8.14434e-05
0.639231
0.315323
0.352194
0.286363
0.104027
0.279211
0.0605354
0.00320161
0.599669
0.252225
0.424796
0.710078
0.582809
0.70717
0.586618
0.117574
0.569682
0.0600556
0.000169153
0.62017
0.210934
0.00354418
0.0653311
0.560978
0.0154918
0.00039444
0.00771749
0.113032
0.219352
0.828959
0.00160467
0.188182
0.33291
0.0576701
0.177149
0.00798218
0.10678
0.281348
0.153397
0.00398396
0.490768
0.0126569
0.279727
0.200435
0.564972
0.0258179
0.107131
0.702019
0.561101
0.102787
0.680268
0.414289
0.0018407
0.831836
0.632841
0.600907
0.309945
0.00457199
0.019673
0.239009
0.500167
0.223875
0.000977086
0.342281
0.430871
0.144307
0.50635
0.0521385
0.0529513
0.000317887
0.115235
0.305417
0.420082
0.65906
0.0452454
0.0742688
0.111146
0.108412
0.0624069
0.0112989
0.154352
0.00138991
0.518376
0.579965
0.0095899
0.693452
0.316529
0.00782249
0.0475329
0.119356
0.450625
0.0378051
0.134535
0.0675974
0.305754
0.0630491
0.293932
0.368701
0.717172
0.337275
0.105007
0.658107
0.0578595
0.167368
0.0691204
0.0503803
0.0753838
0.04976
0.312295
0.000843448
0.264955
0.642112
0.393489
0.504624
0.497749
0.399526
0.902986
0.545642
0.099318
0.0774761
0.040588
0.000197998
0.467757
0.249977
0.705775
0.300381
1.0212e-05
0.400653
0.393294
0.587548
0.12371
0.126634
0.421891
0.00921106
0.588683
0.00283276
0.553619
0.498591
0.515846
0.142123
0.30078
0.734148
0.473986
0.462424
0.652881
0.472287
0.0312038
0.130084
0.0874777
0.595321
0.15864
0.174425
0.216447
0.519406
0.132003
0.280501
0.48576
0.469493
0.703468
0.915462
0.452691
0.01061
0.719412
0.746137
0.409472
0.530931
0.0677478
0.248297
0.498301
0.016361
0.000168142
0.114023
0.648902
0.156115
0.608171
0.00730479
0.000345371
0.611697
0.118231
0.416991
0.249302
0.835708
0.0453055
0.782608
0.856677
0.296301
0.514357
0.544664
0.183221
0.202995
0.0596773
0.0643106
0.505246
0.520399
0.471645
0.00186496
0.476056
0.556158
0.427922
0.831095
0.480694
0.384504
0.594212
0.00490461
0.0295392
0.0237552
0.0286694
0.0119989
0.737218
0.0503936
0.00190023
0.644911
0.124402
0.00400885
0.146115
0.418482
0.286566
0.139471
0.219733
0.455319
0.00110512
3.18006e-06
0.191928
0.0576381
0.0913765
0.643741
0.0140345
0.694446
0.266289
0.251691
0.647661
0.29477
0.311225
0.0508336
0.474439
0.295943
0.481484
0.0282018
0.116269
0.497733
0.102248
0.329071
0.0265693
0.0811012
0.343973
0.360292
0.605985
0.35091
0.37229
0.513615
0.00223344
0.359627
0.114873
0.00120882
0.103415
0.106574
0.313695
0.0279598
0.752277
0.312664
0.692698
0.0630749
0.129997
0.488387
0.311745
0.657498
0.83099
0.188263
0.0439434
0.778605
0.236735
0.447275
0.0180881
0.746468
0.087696
0.323945
0.117865
0.17952
0.0209681
0.208474
0.512274
0.13116
0.0387027
0.0348035
0.675926
0.436374
0.758764
0.163151
0.169639
0.00130743
0.467639
0.09625
0.00384273
0.390121
0.465503
0.57435
0.129387
0.0275675
0.745854
0.355026
0.390823
0.453828
0.10374
0.701675
1.9201e-05
0.0563858
0.404382
0.00415046
0.311725
0.552011
0.621835
0.326983
0.171794
0.0414587
0.0143501
0.206782
0.0210059
0.14341
0.549599
0.328714
0.0656358
0.00266359
0.100551
0.0457492
0.0569044
0.618529
0.686475
0.0833082
0.103939
0.435246
0.65587
0.86371
0.714617
0.798507
0.225024
0.73217
0.0303724
0.403456
0.0133547
0.138761
0.462781
0.0518837
0.000392704
0.119924
0.356712
0.0758493
0.0100562
0.731137
0.00579922
0.0888109
0.77845
0.193814
0.106304
0.100104
0.243685
0.00292615
0.892811
0.380291
0.0364987
0.0103904
0.054584
0.157632
7.13068e-05
0.258552
0.546256
0.032709
0.163704
0.0532011
0.0434791
0.392003
0.362112
0.779204
0.357936
0.00667145
0.82927
0.435821
0.481581
0.122199
0.00584409
0.719221
0.192062
0.0781153
0.0218353
0.26288
0.327954
0.630796
0.589837
0.186332
0.111188
0.36739
0.0672961
0.356346
0.371508
0.051574
0.231384
0.000130015
0.264085
0.19188
0.0667195
0.375428
0.318848
0.0990639
0.775659
0.632298
0.0121406
0.203702
0.0192195