0.636211
0.408208
0.640501
0.343406
0.683166
0.900386
0.609533
0.635771
0.534908
0.218645
0.717606
0.344332
0.751214
0.389347
0.396607
0.942661
0.565304
0.838942
0.055761
0.6907
0.597937
0.372807
0.675778
0.314737
0.597065
0.74672
0.538901
0.818865
0.596891
0.661457
0.786815
0.828183
0.909994
0.62418
0.514051
0.775904
0.754744
0.395674
0.530398
0.623874
0.643281
0.555228
0.601487
0.596089
0.440269
0.761153
0.616571
0.812445
0.694998
0.579421
0.820355
0.776618
0.636587
0.721365
0.0470104
0.246619
0.496179
0.899069
0.813758
0.750046
0.496842
0.754029
0.827782
0.933705
0.843961
0.639741
0.384153
0.241891
0.528318
0.859279
0.900562
0.926001
0.413547
0.0765817
0.631895
0.619447
0.760548
0.615917
0.620799
0.49806
0.226209
0.646867
0.482876
0.683255
0.72984
0.658073
0.743982
0.736986
0.851118
0.391001
0.429817
0.712287
0.397086
0.900002
0.7625
0.763435
0.650951
0.703532
0.755866
0.850458
0.796069
0.703048
0.72004
0.654902
0.246867
0.246763
0.858881
0.165443
0.735113
0.510069
0.729614
0.377381
0.662944
0.838799
0.593778
0.885849
0.51502
0.670847
0.65702
0.686615
0.591969
0.678174
0.718601
0.540883
0.522394
0.88669
0.533465
0.58278
0.837064
0.868798
0.65611
0.592985
0.656128
0.365827
0.78582
0.730143
0.718514
0.674524
0.453022
0.154199
0.866014
0.5502
0.799851
0.723316
0.3321
0.695133
0.727544
0.740483
0.667144
0.476805
0.535833
0.769709
0.93654
0.906341
0.439892
0.78546
0.608755
0.683725
0.710787
0.851278
0.728827
0.415277
0.887085
0.448809
0.393567
0.805004
0.388722
0.775357
0.369811
0.71268
0.762652
0.746218
0.571479
0.667748
0.656353
0.469658
0.826498
0.794141
0.672672
0.765859
0.814022
0.506764
0.697477
0.969551
0.654942
0.417569
0.560479
0.745847
0.600613
0.262572
0.773636
0.878054
0.881912
0.73406
0.781418
0.664816
0.655359
0.617877
0.659257
0.9189
0.625741
0.486224
0.419574
0.764621
0.475317
0.543923
0.340884
0.664313
0.702891
0.629481
0.727329
0.637847
0.659152
0.639676
0.869729
0.763797
0.874788
0.320503
0.610519
0.628413
0.732882
0.746447
0.652625
0.691306
0.794784
0.761275
0.939782
0.791338
0.698893
0.921226
0.674707
0.324193
0.815255
0.75867
0.182282
0.128482
0.581027
0.781157
0.582655
0.700408
0.600804
0.886531
0.75339
0.704482
0.65845
0.881799
0.881145
0.543831
0.699852
0.857645
0.722795
0.579506
0.508735
0.825953
0.766602
0.906197
0.723671
0.515944
0.460141
0.846876
0.885344
0.723519
0.921143
0.817366
0.601701
0.181952
0.822851
0.653689
0.484795
0.790305
0.774729
0.509614
0.240649
0.582533
0.172345
0.841182
0.549188
0.639925
0.723059
0.587316
0.580665
0.637015
0.811506
0.199574
0.718491
0.283664
0.69818
0.487115
0.62705
0.686964
0.165553
0.66437
0.550773
0.414955
0.596025
0.700928
0.334844
0.186608
0.685706
0.37912
0.665519
0.753826
0.710674
0.804445
0.779165
0.348172
0.945591
0.77
0.23123
0.644981
0.274956
0.246351
0.399131
0.723313
0.787542
0.80548
0.790823
0.760744
0.682049
0.693868
0.537687
0.503228
0.627847
0.699393
0.808937
0.823566
0.868452
0.728664
0.927843
0.651375
0.706839
0.461934
0.796015
0.134912
0.600861
0.790668
0.724591
0.12888
0.369576
0.853568
0.762712
0.777804
0.510377
0.785425
0.3877
0.6146
0.528787
0.902674
0.435955
0.333486
0.68027
0.378716
0.16099
0.790254
0.887383
0.608937
0.803556
0.856263
0.525083
0.568723
0.894604
0.33517
0.383846
0.586721
0.609284
0.415624
0.797358
0.797928
0.566588
0.717982
0.821538
0.598745
0.31467
0.800273
0.507376
0.808179
0.593433
0.84364
0.88928
0.462289
0.740026
0.816658
0.224672
0.58099
0.550676
0.226245
0.229979
0.480439
0.483603
0.601291
0.255123
0.621735
0.35142
0.765377
0.846051
0.379795
0.610769
0.820112
0.491313
0.913859
0.669795
0.494443
0.563788
0.459242
0.145152
0.618759
0.261927
0.563753
0.521366
0.548509
0.919855
0.334407
0.784378
0.672881
0.353381
0.493703
0.838496
0.864446
0.793828
0.846969
0.675928
0.763248
0.493817
0.895763
0.836434
0.871587
0.647188
0.729204
0.557741
0.647867
0.782053
0.614461
0.498478
0.788332
0.843644
0.547302
0.868168
0.62356
0.774885
0.596522
0.587099
0.74847
0.537502
0.532349
0.838479
0.63148
0.878203
0.184554
0.638548
0.601819
0.870744
0.631365
0.483122
0.663884
0.685879
0.711224
0.506607
0.789991
0.629309
0.498968
0.798276
0.757687
0.527293
0.523791
0.657249
0.713651
0.664155
0.686415
0.63797
0.842183
0.685987
0.892603
0.104741
0.539271
0.625953
0.670856
0.696951
0.562656
0.695255
0.8565
0.532393
0.236611
0.433373
0.799588
0.786029
0.83234
0.339318
0.47631
0.701448
0.313945
0.463188
0.910192
0.616991
0.450617
0.50229
0.465057
0.946832
0.712241
0.645988
0.285899
0.595415
0.75651
0.730951
0.8576
0.477491
0.738867
0.692461
0.701502
0.705151
0.663237
0.754799
0.425786
0.595669
0.421149
0.521785
0.679702
0.151264
0.620694
0.695915
0.257901
0.592231
0.370201
0.723923
0.412659
0.280673
0.705326
0.955231
0.120133
0.813899
0.366978
0.232481
0.825229
0.64862
0.805104
0.532166
0.423079
0.524913
0.690903
0.541771
0.791517
0.337947
0.556481
0.377247
0.441873
0.329664
0.771645
0.314309
0.509208
0.683397
0.529451
0.541362
0.550136
0.660163
0.741157
0.690775
0.863817
0.765181
0.657481
0.725773
0.741462
0.287456
0.746935
0.751648
0.821377
0.675216
0.715942
0.683682
0.817705
0.596066
0.71713
0.734326
0.240845
0.41866
0.833964
0.469666
0.745096
0.431116
0.767901
0.426734
0.827605
0.575528
0.749318
0.395736
0.930347
0.493593
0.697089
0.870126
0.936541
0.0885419
0.725003
0.66004
0.384255
0.627045
0.634584
0.599097
0.827734
0.880907
0.794259
0.797941
0.616264
0.906276
0.61598
0.271397
0.845046
0.365653
0.333372
0.914057
0.736539
0.62242
0.198562
0.56933
0.793684
0.273139
0.430385
0.796371
0.760866
0.789301
0.831268
0.64546
0.307352
0.517184
0.696182
0.214928
0.650678
0.606113
0.422945
0.362929
0.65824
0.455308
0.901237
0.603552
0.630361
0.685008
0.640996
0.702471
0.882326
0.45533
0.93544
0.211386
0.659546
0.628945
0.574452
0.850259
0.257758
0.728779
0.511719
0.681894
0.738467
0.807487
0.52055
0.677152
0.736495
0.617502
0.675042
0.798114
0.625758
0.314526
0.771388
0.79345
0.868409
0.771136
0.581308
0.151702
0.572592
0.562479
0.374868
0.732716
0.225567
0.503299
0.529851
0.738926
0.631728
0.748997
0.638803
0.75265
0.763285
0.530103
0.724379
0.830026
0.668197
0.931432
0.384879
0.897225
0.677574
0.74536
0.754162
0.896854
0.610274
0.846227
0.869087
0.768723
0.647546
0.607759
0.318625
0.179675
0.792533
0.103711
0.951098
0.33881
0.728041
0.931797
0.313252
0.704289
0.87175
0.837832
0.707364
0.609013
0.859216
0.446281
0.120966
0.748613
0.358848
0.271395
0.525885
0.776788
0.840605
0.763148
0.685849
0.596123
0.761162
0.889199
0.35723
0.204887
0.405879
0.308329
0.850521
0.593623
0.827792
0.57419
0.819715
0.63788
0.500573
0.860956
0.917931
0.744458
0.776773
0.814337
0.678609
0.325478
0.566658
0.512888
0.106893
0.644267
0.268886
0.867069
0.720618
0.699873
0.707785
0.700886
0.677544
0.566503
0.58213
0.724696
0.173792
0.484048
0.789006
0.520999
0.437485
0.825734
0.212743
0.927326
0.710016
0.943663
0.694048
0.503443
0.451971
0.852902
0.913581
0.696309
0.76582
0.950155
0.54103
0.453779
0.722431
0.311085
0.388473
0.807841
0.766142
0.640826
0.660148
0.472239
0.637245
0.637101
0.875042
0.974477
0.694497
0.798439
0.678109
0.894132
0.156406
0.70012
0.595004
0.828229
0.901088
0.688237
0.480108
0.580082
0.78562
0.774863
0.927086
0.70305
0.185889
0.696266
0.607154
0.736391
0.56505
0.293617
0.599988
0.843563
0.876061
0.643662
0.752058
0.525867
0.525028
0.488746
0.04298
0.865398
0.679321
0.586352
0.829939
0.816778
0.779022
0.475419
0.0441386
0.500258
0.915381
0.929659
0.463114
0.587565
0.729894
0.516458
0.74058
0.718343
0.67864
0.464093
0.709376
0.564966
0.695801
0.753398
0.689647
0.116138
0.564473
0.256618
0.749102
0.739369
0.889298
0.742053
0.527894
0.867103
0.690864
0.586893
0.560765
0.602185
0.601484
0.430605
0.701254
0.805274
0.52571
0.614657
0.850516
0.447734
0.750819
0.768717
0.706155
0.0914264
0.322786
0.855398
0.678201
0.208738
0.617517
0.75844
0.442718
0.652952
0.590536
0.50638
0.194872
0.539361
0.594503
0.721794
0.460636
0.366921
0.819906
0.798531
0.774837
0.906128
0.269934
0.567965
0.430808
0.875205
0.636458
0.745496
0.442727
0.693141
0.546004
0.759683
0.24729
0.635882
0.878098
0.710752
0.574115
0.664571
0.810251
0.407059
0.743606
0.675
0.830465
0.31805
0.598728
0.51271
0.857535
0.422639
0.567753
0.797463
0.660992
0.779393
0.502206
0.904464
0.402844
0.278355
0.70733
0.826767
0.4951
0.806444
0.790833
0.725084
0.58561
0.744863
0.767281
0.47008
0.213139
0.788421
0.610296
0.831416
0.6775
0.177834
0.548307
0.736307
0.339539
0.703737
0.784989
0.26823
0.757609
0.249144
0.476468
0.450493
0.503256
0.54645
0.766749
0.800342
0.770353
0.826914
0.569087
0.612363
0.541838
0.60308
0.649661
0.538228
0.704064
0.695599
0.290913
0.27207
0.85985
0.535237
0.214859
0.571696
0.764531
0.908797
0.465379
0.360533
0.788517
0.739491
0.555961
0.738904
0.239982
0.672217
0.368807
0.906253
0.279983
0.509165
0.542083
0.766967
0.830236
0.734695
0.920551
0.424013
0.333674
0.668427
0.452233
0.732684
0.736093
0.456978
0.752017
0.482614
0.690379
0.562557
0.756058
0.414357
0.539715
0.643274
0.139164
0.492803
0.817876
0.901442
0.684352
0.481806
0.634761
0.815836
0.43494
0.880525
0.703056
0.168552
0.218954
0.600123
0.528353
0.756178
0.704902
0.544577
0.368117
0.388743
0.792136
0.328371
0.752401
0.269008
0.674176
0.657986
0.526661
0.673062
0.6944
0.692735
0.326928
0.65899
0.537833
0.751983
0.83818
0.744054
0.854726
0.847226
0.817758
0.68761
0.710544
0.553197
0.378091
0.841639
0.628762
0.0595768
0.608599
0.668982
0.468805
0.55603
0.716364
0.693283
0.846587
0.391508
0.429918
0.692141
0.691584
0.592428
0.778642
0.872865
0.704448
0.725142
0.725295
0.840447
0.755199
0.7799
0.730744
0.63939
0.729465
0.527248
0.291554
0.645808
0.179601
0.632013
0.478979
0.792925
0.708629
0.456157
0.167671
0.0975196
0.793489
0.244986
0.717446
0.621434
0.569418
0.74295
0.484269
0.71759
0.852361
0.71773
0.389975
0.394368
0.207031
0.812707
0.803599
0.710595
0.624303
0.246086
0.88918
0.674178
0.871887
0.817672
0.117762
0.446039
0.37757
0.785403
0.637413
0.405242
0.508638
0.655756
0.592289
0.773803
0.387104
0.582345
0.574045
0.78212
0.355099
0.679606
0.808254
0.617237
0.140794
0.653718
0.808865
0.171821
0.81648
0.745701
0.535814
0.358405
0.378986
0.651602
0.863539
0.912597
0.451661
0.907778
0.804184
0.598045
0.69356
0.286472
0.938309
0.789676
0.580944
0.763915
0.946472
0.484701
0.609795
0.272765
0.784926
0.389382
0.791117
0.648157
0.896857
0.750351
0.578245
0.641207
0.641101
0.512753
0.731955
0.842578
0.838797
0.211385
0.440285
0.799657
0.76484
0.364754
0.663059
0.698792
0.621426
0.950754
0.816843
0.824163
0.881036
0.73703
0.77905
0.665423
0.747415
0.479228
0.68775
0.571015
0.715519
0.634969
0.706493
0.924522
0.854901
0.52905
0.890963
0.894296
0.570236
0.605181
0.401928
0.484279
0.639192
0.273088
0.814593
0.830568
0.62118
0.669155
0.471787
0.689011
0.375022
0.716027
0.53124
0.522765
0.514966
0.85605
0.323794
0.351653
0.751465
0.475364
0.535355
0.893868
0.473102
0.840696
0.92988
0.88925
0.460125
0.801771
0.224598
0.429777
0.741718
0.244069
0.50648
0.877097
0.845043
0.801376
0.472173
0.806655
0.601428
0.732031
0.881657
0.923747
0.69203
0.743002
0.708596
0.684743
0.866066
0.420061
0.684711
0.824534
0.515303
0.582985
0.712268
0.733429
0.252594
0.632596
0.607511
0.631568
0.7457
0.818165
0.742561
0.8997
0.57418
0.466002
0.687353
0.378663
0.680987
0.569982
0.782466
0.402517
0.614297
0.731537
0.103705
0.478684
0.73928
0.350534
0.17743
0.412454
0.463787
0.190281
0.629003
0.847451
0.714596
0.433972
0.206336
0.775594
0.558349
0.659906
0.544567
0.87906
0.747842
0.724629
0.810265
0.648304
0.538051
0.660915
0.658114
0.91464
0.848354
0.549472
0.810397
0.655933
0.752285
0.834574
0.560981
0.91847
0.812686
0.618058
0.230701
0.711561
0.761087
0.402045
0.873792
0.660039
0.373181
0.665259
0.564787
0.795429
0.65581
0.804272
0.622718
0.827925
0.39
0.256897
0.0887393
0.658583
0.367813
0.414779
0.670178
0.493533
0.445128
0.577767
0.243182
0.540837
0.620753
0.812385
0.514189
0.885997
0.689795
0.874886
0.803126
0.531728
0.813281
0.659028
0.644347
0.796806
0.821387
0.705255
0.684104
0.766569
0.707334
0.282224
0.57088
0.669804
0.814792
0.751872
0.456393
0.907264
0.844344
0.783982
0.3532
0.762403
0.263391
0.727938
0.651598
0.908937
0.927484
0.644302
0.46282
0.8007
0.363619
0.632704
0.522738
0.501982
0.828676
0.801413
0.541412
0.647474
0.164678
0.086633
0.683219
0.62029
0.0305481
0.542072
0.771068
0.420389
0.669717
0.473417
0.715676
0.260231
0.931526
0.674825
0.776993
0.794603
0.886954
0.41913
0.679316
0.684531
0.54133
0.973811
0.478
0.613304
0.745274
0.155196
0.887709
0.667721
0.791547
0.73602
0.865909
0.477183
0.16067
0.855135
0.160376
0.764162
0.690085
0.790237
0.733839
0.424359
0.730843
0.621611
0.373709
0.731294
0.792043
0.502061
0.63399
0.692715
0.326253
0.560899
0.613737
0.616216
0.739301
0.699465
0.046153
0.735163
0.377735
0.353106
0.621175
0.575249
0.732306
0.630772
0.713825
0.793303
0.702006
0.959549
0.522157
0.50036
0.58399
0.884773
0.744946
0.533785
0.902471
0.833906
0.855017
0.653834
0.795414
0.645377
0.816308
0.88568
0.572406
0.438243
0.143984
0.69438
0.122727
0.649623
0.548275
0.598583
0.897785
0.501462
0.842368
0.7287
0.408687
0.546687
0.269212
0.629751
0.507932
0.715246
0.778094
0.456272
0.684005
0.407213
0.317624
0.405881
0.570502
0.774291
0.557357
0.833459
0.346774
0.544642
0.488957
0.454974
0.585437
0.166893
0.942996
0.836802
0.636984
0.322023
0.362014
0.718054
0.646871
0.646947
0.422902
0.187774
0.67208
0.63415
0.767491
0.727619
0.867548
0.651049
0.489412
0.562082
0.884092
0.696007
0.52678
0.241785
0.674773
0.590433
0.542973
0.549963
0.846558
0.429695
0.80717
0.394499
0.701625
0.564861
0.467218
0.518282
0.770204
0.625427
0.708664
0.924561
0.294991
0.645478
0.366309
0.857315
0.564578
0.473935
0.53498
0.767755
0.828691
0.712581
0.778493
0.422198
0.582619
0.774367
0.791056
0.316113
0.573113
0.691101
0.685885
0.800054
0.623655
0.694147
0.828026
0.259815
0.505849
0.638015
0.707828
0.797397
0.417228
0.564085
0.316821
0.806135
0.732574
0.250652
0.609173
0.754363
0.550165
0.565258
0.487143
0.806531
0.0822895
0.531372
0.765523
0.585495
0.598487
0.418113
0.649635
0.398296
0.956089
0.382883
0.516855
0.77905
0.419685
0.528664
0.801349
0.883799
0.559095
0.896804
0.678434
0.713477
0.628856
0.648237
0.544354
0.870713
0.761374
0.855365
0.747777
0.783188
0.452816
0.487025
0.603725
0.797013
0.250076
0.743303
0.78286
0.734674
0.692757
0.718279
0.687624
0.91368
0.668264
0.805832
0.635309
0.847437
0.867067
0.779987
0.869906
0.446502
0.689043
0.906236
0.632902
0.649186
0.79558
0.767049
0.773561
0.943452
0.888202
0.116157
0.539836
0.796408
0.312532
0.91105
0.811845
0.903736
0.457859
0.843645
0.81005
0.739588
0.736065
0.940801
0.814566
0.681082
0.400351
0.797698
0.222549
0.567152
0.269648
0.922329
0.422914
0.713621
0.753641
0.793149
0.752011
0.523119
0.513018
0.628756
0.304198
0.853514
0.721024
0.158573
0.461038
0.490146
0.695378
0.235366
0.379157
0.728208
0.64211
0.779993
0.053194
0.868705
0.567465
0.828312
0.702676
0.681151
0.830384
0.824468
0.567709
0.260549
0.380707
0.462402
0.600098
0.565624
0.613028
0.671279
0.491059
0.849863
0.758919
0.517935
0.800154
0.419706
0.486804
0.850361
0.608198
0.505237
0.850399
0.511554
0.433867
0.701286
0.864826
0.607267
0.544193
0.909087
0.835702
0.575798
0.151855
0.211851
0.597237
0.16572
0.530869
0.963675
0.328206
0.661465
0.676695
0.726676
0.656635
0.794559
0.49615
0.839256
0.613571
0.51729
0.774503
0.938236
0.566388
0.825418
0.376776
0.439132
0.515756
0.657549
0.55293
0.578368
0.179756
0.68755
0.543808
0.698757
0.626964
0.472119
0.87158
0.716947
0.389875
0.286829
0.338682
0.888222
0.163725
0.851703
0.814435
0.485471
0.526096
0.879711
0.701374
0.918961
0.808329
0.624547
0.837387
0.324478
0.526763
0.304702
0.311449
0.447555
0.406511
0.734159
0.752424
0.160778
0.809389
0.653942
0.725998
0.600518
0.602766
0.301535
0.618868
0.884337
0.695873
0.565403
0.431177
0.602536
0.410174
0.603659
0.866318
0.789282
0.980354
0.615474
0.873918
0.748401
0.757683
0.721147
0.602939
0.902741
0.553707
0.751017
0.827276
0.34977
0.759436
0.164618
0.70256
0.724755
0.351256
0.651247
0.128761
0.336519
0.465429
0.700376
0.737173
0.590904
0.657151
0.554164
0.681249
0.279951
0.63563
0.774392
0.439221
0.691498
0.5492
0.803204
0.883153
0.900484
0.360955
0.665436
0.774826
0.862105
0.236777
0.300113
0.783466
0.712882
0.481075
0.489592
0.506457
0.700405
0.673544
0.645973
0.45167
0.777359
0.506679
0.549504
0.773579
0.537164
0.646488
0.768479
0.887238
0.511221
0.801736
0.5141
0.560489
0.702527
0.770302
0.782166
0.37067
0.749744
0.0140109
0.334992
0.781719
0.699895
0.75551
0.790719
0.280426
0.928971
0.626848
0.630389
0.363238
0.738535
0.773544
0.466957
0.549844
0.519952
0.493243
0.837331
0.223637
0.881541
0.404535
0.635498
0.465757
0.15034
0.647661
0.669307
0.725183
0.662676
0.807031
0.734068
0.840506
0.903166
0.869273
0.150221
0.747444
0.568695
0.0955082
0.770765
0.641788
0.924887
0.900719
0.453515
0.26418
0.857225
0.689893
0.87702
0.606436
0.778902
0.412175
0.535933
0.663
0.809309
0.77061
0.879997
0.686608
0.844783
0.668369
0.705323
0.243649
0.675359
0.375784
0.738342
0.491488
0.515285
0.23652
0.685239
0.674129
0.220052
0.554427
0.774873
0.351514
0.274411
0.951713
0.709177
0.823301
0.751539
0.766862
0.737432
0.67644
0.415512
0.868699
0.448165
0.6285
0.713743
0.81856
0.674608
0.695209
0.859398
0.529167
0.466078
0.487037
0.750829
0.639986
0.605768
0.614042
0.769329
0.777082
0.522467
0.744577
0.785075
0.57023
0.841545
0.677615
0.724767
0.354229
0.26696
0.93113
0.525846
0.833897
0.729332
0.156736
0.736391
0.763511
0.575674
0.741305
0.708866
0.542417
0.587484
0.347006
0.865781
0.71863
0.698535
0.570215
0.539948
0.8666
0.914678
0.569411
0.644388
0.799419
0.638073
0.555233
0.359022
0.655289
0.416795
0.780659
0.225612
0.857597
0.627779
0.722632
0.630403
0.44031
0.39215
0.711809
0.443729
0.740635
0.558938
0.854169
0.330178
0.834431
0.786647
0.718051
0.718958
0.540987
0.671503
0.582012
0.383962
0.743785
0.755473
0.301114
0.529624
0.767374
0.957826
0.801193
0.749177
0.601511
0.825256
0.785808
0.49077
0.602857
0.748092
0.718161
0.677919
0.682515
0.359191
0.0784798
0.530534
0.392338
0.824045
0.739444
0.460019
0.729084
0.494849
0.722722
0.558096
0.827347
0.793635
0.688466
0.121635
0.488406
0.596163
0.562485
0.816799
0.933469
0.715325
0.912812
0.39497
0.726215
0.793689
0.115528
0.953274
0.713752
0.579654
0.562707
0.615695
0.649868
0.895609
0.833049
0.416117
0.196425
0.240672
0.475655
0.403214
0.48466
0.637971
0.624412
0.316666
0.730876
0.253665
0.516688
0.0171916
0.832627
0.394474
0.572451
0.47417
0.740458
0.731676
0.707646
0.51233
0.644622
0.856047
0.418583
0.169647
0.747463
0.660034
0.448547
0.817071
0.59682
0.661305
0.637568
0.838
0.897105
0.786597
0.712031
0.676001
0.727633
0.798954
0.629496
0.501497
0.679213
0.642003
0.900089
0.198515
0.568827
0.638756
0.760114
0.675133
0.531931
0.62105
0.759238
0.626582
0.126263
0.62081
0.76167
0.852586
0.879749
0.735096
0.223577
0.701099
0.528815
0.490009
0.503809
0.712163
0.818075
0.557644
0.545037
0.67336
0.351945
0.732794
0.707035
0.497388
0.340386
0.689629
0.719166
0.662081
0.788623
0.311808
0.469833
0.811949
0.835634
0.361723
0.745959
0.307708
0.83355
0.570354
0.770852
0.483152
0.729809
0.808158
0.616081
0.498518
0.807474
0.755924
0.117815
0.848346
0.823062
0.538441
0.470404
0.55082
0.677901
0.813946
0.489937
0.70803
0.750935
0.645778
0.768309
0.488457
0.340035
0.414451
0.881692
0.698574
0.319112
0.733926
0.535402
0.233525
0.74052
0.559701
0.850884
0.348155
0.568987
0.646761
0.755654
0.212509
0.427645
0.457289
0.739705
0.778428
0.535357
0.385364
0.528463
0.875505
0.868467
0.750602
0.652247
0.514936
0.863636
0.769553
0.465566
0.56055
0.896742
0.728026
0.924622
0.816948
0.484076
0.884423
0.659234
0.363684
0.689583
0.405321
0.823124
0.807115
0.678141
0.237031
0.706071
0.488057
0.309741
0.345168
0.584457
0.584682
0.498111
0.614254
0.830623
0.878403
0.780119
0.552739
0.880347
0.82298
0.933919
0.515218
0.259677
0.74313
0.805607
0.567487
0.850063
0.518971
0.403406
0.517352
0.763306
0.232704
0.801304
0.419979
0.39665
0.680745
0.701106
0.584678
0.756674
0.71951
0.714055
0.634352
0.801689
0.898145
0.70049
0.40455
0.65053
0.77167
0.733266
0.505241
0.43038
0.541715
0.359799
0.749623
0.816236
0.825789
0.625789
0.868195
0.58163
0.816318
0.230614
0.704391
0.593919
0.64423
0.682975
0.418836
0.819106
0.769076
0.951874
0.340703
0.670678
0.626022
0.725124
0.79751
0.230166
0.82759
0.0278496
0.502827
0.700827
0.854309
0.758564
0.755762
0.480718
0.261182
0.735062
0.171375
0.560713
0.552112
0.333953
0.557021
0.520583
0.729205
0.421419
0.738365
0.655099
0.283553
0.748593
0.777199
0.842351
0.675692
0.87241
0.286693
0.394963
0.790208
0.69592
0.916636
0.142822
0.571318
0.759161
0.66132
0.775625
0.635556
0.710798
0.616801
0.783628
0.732137
0.754904
0.618858
0.864806
0.593221
0.765086
0.752512
0.729569
0.598376
0.560495
0.604759
0.797473
0.742678
0.502401
0.595084
0.865047
0.669354
0.915679
0.295722
0.674935
0.853903
0.721711
0.554067
0.79332
0.541065
0.772074
0.26699
0.669828
0.44333
0.178131
0.909422
0.458077
0.526034
0.823084
0.825726
0.451024
0.819533
0.575018
0.794838
0.800932
0.932204
0.238287
0.442173
0.256435
0.780303
0.711228
0.7884
0.734429
0.779181
0.590847
0.167969
0.666934
0.66802
0.594361
0.663739
0.802476
0.515324
0.711755
0.731999
0.57685
0.527125
0.675503
0.773014
0.753595
0.408335
0.556895
0.555993
0.656207
0.627558
0.0517211
0.505923
0.558181
0.700453
0.621718
0.280492
0.620306
0.140017
0.370685
0.577386
0.851054
0.656268
0.800412
0.710013
0.822588
0.461505
0.815014
0.91253
0.867286
0.695753
0.529445
0.578319
0.84739
0.905988
0.743969
0.472142
0.0221771
0.15886
0.8179
0.239547
0.764469
0.835904
0.255315
0.85085
0.679959
0.627244
0.560904
0.925505
0.440195
0.851238
0.774885
0.789711
0.835092
0.879468
0.738994
0.175878
0.820026
0.781045
0.728096
0.850813
0.944713
0.640305
0.491981
0.643588
0.736487
0.358229
0.176039
0.762117
0.573784
0.629151
0.390567
0.219285
0.567261
0.47538
0.731398
0.59157
0.151013
0.849003
0.620857
0.702366
0.650751
0.650442
0.150673
0.577354
0.863996
0.495237
0.564344
0.519549
0.690623
0.769282
0.778476
0.821102
0.627291
0.355295
0.175123
0.08711
0.452274
0.911245
0.482116
0.269056
0.4304
0.961712
0.532736
0.927792
0.590479
0.320289
0.687642
0.48868
0.53932
0.936663
0.49034
0.75131
0.440656
0.171927
0.748755
0.535229
0.745365
0.643915
0.642976
0.452308
0.752731
0.476
0.704075
0.521565
0.428793
0.2332
0.842592
0.846417
0.263915
0.432662
0.38145
0.683245
0.854718
0.475688
0.338004
0.689122
0.392765
0.429312
0.595364
0.934276
0.836127
0.459442
0.746977
0.835091
0.739662
0.632906
0.820106
0.695553
0.463564
0.836608
0.638135
0.692756
0.594759
0.56539
0.82727
0.227735
0.67432
0.612111
0.664145
0.675097
0.913275
0.836175
0.777915
0.687174
0.101392
0.919515
0.823675
0.764577
0.750905
0.320214
0.509179
0.711528
0.788601
0.677878
0.443955
0.812858
0.551197
0.727952
0.404085
0.597411
0.759027
0.872553
0.643262
0.184437
0.848356
0.759609
0.57346
0.708712
0.569433
0.285171
0.198163
0.704514
0.620746
0.602617
0.823107
0.959024
0.630982
0.669182
0.16075
0.775966
0.699426
0.51209
0.4399
0.79894
0.616525
0.820852
0.219611
0.64444
0.881397
0.735132
0.547099
0.308301
0.841707
0.857384
0.845334
0.498647
0.809411
0.570184
0.718184
0.70002
0.162599
0.439987
0.599511
0.827921
0.62557
0.677356
0.791207
0.646016
0.733534
0.77058
0.469128
0.562108
0.699586
0.895309
0.688432
0.714177
0.713129
0.189116
0.292086
0.318615
0.918562
0.72343
0.743444
0.628777
0.589796
0.508717
0.946704
0.52455
0.851519
0.692184
0.881755
0.190282
0.728271
0.355042
0.703982
0.70812
0.730363
0.392133
0.294617
0.554769
0.872829
0.855187
0.593078
0.527751
0.671931
0.423929
0.868588
0.689007
0.523685
0.690517
0.878462
0.709199
0.646233
0.443203
0.768823
0.694527
0.534918
0.602212
0.590931
0.775672
0.735631
0.728271
0.15464
0.739004
0.571404
0.787216
0.736431
0.792693
0.631279
0.577199
0.726509
0.758164
0.54137
0.824088
0.868598
0.779248
0.742085
0.732032
0.633353
0.764153
0.628728
0.649248
0.324622
0.717883
0.312583
0.646666
0.240472
0.820883
0.775994
0.734413
0.947616
0.738999
0.654838
0.695145
0.618778
0.719615
0.815724
0.272708
0.72758
0.663695
0.414936
0.817432
0.765095
0.599848
0.13852
0.596748
0.713207
0.917188
0.38933
0.0341283
0.691792
0.299214
0.543322
0.728816
0.916746
0.431473
0.449405
0.555947
0.549826
0.676803
0.578552
0.801515
0.518086
0.598801
0.706543
0.930671
0.725634
0.486017
0.47969
0.717712
0.0352215
0.825817
0.301077
0.775578
0.882928
0.857917
0.463356
0.826054
0.775012
0.749188
0.780324
0.250647
0.44767
0.689252
0.400267
0.73367
0.781305
0.620675
0.543026
0.359181
0.68231
0.465298
0.742435
0.569793
0.485241
0.721947
0.52878
0.895732
0.4746
0.657333
0.529549
0.540357
0.29311
0.799176
0.732865
0.344784
0.648091
0.568405
0.632948
0.73165
0.708198
0.670894
0.522842
0.830042
0.595057
0.439453
0.791975
0.445696
0.758398
0.750896
0.613838
0.316426
0.548722
0.307632
0.824071
0.751178
0.822976
0.878148
0.925864
0.614894
0.879342
0.722755
0.68379
0.780918
0.438354
0.569755
0.86758
0.49007
0.659147
0.882693
0.847804
0.54904
0.632914
0.697601
0.921571
0.85963
0.723882
0.28431
0.918451
0.0879726
0.783991
0.729632
0.669423
0.380029
0.643817
0.509944
0.147366
0.866476
0.667167
0.357106
0.49193
0.825108
0.509077
0.811305
0.622267
0.978366
0.887076
0.804385
0.787483
0.250245
0.308076
0.640666
0.758083
0.457869
0.772642
0.700996
0.333169
0.428526
0.848424
0.441297
0.586993
0.462592
0.72027
0.719808
0.363505
0.913177
0.642683
0.241423
0.723829
0.630908
0.47288
0.68126
0.865475
0.737438
0.34208
0.615485
0.462774
0.566888
0.736802
0.686329
0.735182
0.576192
0.679659
0.747449
0.835797
0.564314
0.845104
0.493337
0.716701
0.700105
0.411789
0.723257
0.645167
0.680549
0.420207
0.669242
0.884188
0.776739
0.534593
0.829599
0.720219
0.25208
0.850393
0.681046
0.76637
0.874342
0.654512
0.180726
0.442595
0.625093
0.612237
0.420798
0.893495
0.734872
0.366875
0.745948
0.729711
0.426239
0.904835
0.690189
0.675673
0.589055
0.571417
0.705633
0.575787
0.658418
0.390452
0.616946
0.760106
0.628098
0.0273285
0.835535
0.62181
0.0298426
0.783047
0.758708
0.963638
0.594355
0.629316
0.760313
0.771751
0.491919
0.779166
0.859659
0.795252
0.672794
0.51018
0.830909
0.425328
0.818006
0.407935
0.756103
0.341796
0.748434
0.583632
0.723487
0.0690059
0.797047
0.192899
0.626489
0.642112
0.231171
0.787475
0.492885
0.104285
0.138954
0.271508
0.715709
0.370541
0.41522
0.651014
0.868184
0.629703
0.486722
0.815971
0.763566
0.569609
0.849492
0.822692
0.409098
0.559494
0.671356
0.826777
0.841863
0.195326
0.785643
0.767591
0.698008
0.380931
0.785471
0.0708693
0.630201
0.782598
0.376968
0.710118
0.328065
0.648184
0.85829
0.559944
0.322335
0.864867
0.405856
0.691154
0.916136
0.666275
0.447477
0.832395
0.594862
0.529959
0.921038
0.487279
0.836296
0.689945
0.818253
0.89331
0.886205
0.387016
0.375391
0.591456
0.696104
0.477537
0.80712
0.805872
0.578316
0.767856
0.653151
0.715499
0.801881
0.599651
0.746496
0.344192
0.88829
0.760045
0.808031
0.57371
0.687833
0.585352
0.464233
0.12457
0.440306
0.792967
0.858057
0.782641
0.640715
0.408381
0.507458
0.402845
0.452868
0.701252
0.737044
0.812338
0.881398
0.551314
0.673025
0.434708
0.663822
0.811532
0.679377
0.622449
0.527823
0.801817
0.305996
0.690552
0.730176
0.216691
0.632406
0.527993
0.889288
0.785242
0.860727
0.69521
0.931958
0.79655
0.554685
0.228016
0.828334
0.453971
0.508594
0.68988
0.6743
0.946182
0.69912
0.540719
0.503926
0.668461
0.280959
0.615391
0.837718
0.750537
0.854742
0.750997
0.773674
0.813295
0.59994
0.242675
0.765654
0.822892
0.741676
0.832702
0.603626
0.439303
0.524566
0.773015
0.732818
0.642427
0.458053
0.671609
0.617723
0.597057
0.297178
0.639198
0.323544
0.773372
0.536386
0.309314
0.324274
0.551818
0.593845
0.658105
0.796569
0.80445
0.695735
0.718439
0.326811
0.645259
0.856995
0.0894675
0.79588
0.697862
0.740012
0.436441
0.622479
0.700495
0.819995
0.837328
0.561069
0.478522
0.517542
0.227149
0.761322
0.84307
0.392708
0.889038
0.523476
0.76394
0.94672
0.628599
0.548908
0.281643
0.560378
0.809256
0.268968
0.830982
0.664497
0.671572
0.7449
0.718269
0.899829
0.432055
0.605057
0.82526
0.791833
0.681977
0.356467
0.928735
0.735675
0.667387
0.432657
0.596058
0.809764
0.872111
0.468778
0.664734
0.667826
0.673966
0.311381
0.807225
0.391078
0.524893
0.664084
0.52677
0.618881
0.840971
0.929963
0.854207
0.805913
0.826945
0.327759
0.121568
0.542308
0.240043
0.575796
0.29224
0.239964
0.717485
0.376571
0.618436
0.659841
0.62306
0.325337
0.753891
0.765515
0.663845
0.401453
0.784095
0.929744
0.742372
0.753976
0.882639
0.61504
0.398051
0.926605
0.278462
0.529552
0.348504
0.842667
0.633239
0.742181
0.706497
0.238673
0.687701
0.444547
0.488349
0.954908
0.430541
0.659811
0.0466825
0.474313
0.45042
0.788253
0.745464
0.608224
0.953629
0.722962
0.569616
0.668859
0.379203
0.787235
0.534699
0.622149
0.569802
0.64454
0.563947
0.563227
0.862666
0.557866
0.678292
0.88209
0.84125
0.700124
0.411283
0.520847
0.387034
0.862506
0.618161
0.656558
0.567838
0.8306
0.486012
0.894945
0.581216
0.521541
0.314572
0.171798
0.610706
0.783153
0.600985
0.765843
0.796637
0.451823
0.66394
0.660572
0.765854
0.650991
0.771836
0.470967
0.310557
0.515882
0.255146
0.786203
0.366505
0.562093
0.418589
0.858865
0.569392
0.258958
0.710528
0.786474
0.62871
0.526
0.797911
0.741617
0.590755
0.562838
0.635374
0.817654
0.57607
0.790091
0.376374
0.725912
0.635097
0.796485
0.0772423
0.795469
0.639103
0.525904
0.727442
0.260333
0.918174
0.483356
0.285305
0.761637
0.813799
0.717635
0.326024
0.49482
0.459843
0.511391
0.900813
0.811743
0.782273
0.701946
0.361724
0.321479
0.509975
0.504275
0.762964
0.405588
0.624088
0.628452
0.385694
0.0615467
0.558414
0.689396
0.868202
0.441737
0.890525
0.825022
0.661475
0.53812
0.620796
0.716365
0.374613
0.647753
0.531984
0.390301
0.767984
0.563264
0.799299
0.772154
0.550531
0.276689
0.555739
0.482485
0.400184
0.230322
0.733999
0.685533
0.84129
0.57835
0.792753
0.420259
0.430712
0.691665
0.821223
0.738024
0.912285
0.485777
0.253099
0.280494
0.571744
0.708028
0.721261
0.670187
0.708657
0.679214
0.824085
0.935731
0.294448
0.855847
0.65612
0.94559
0.302104
0.948851
0.790269
0.533055
0.513523
0.231145
0.43073
0.7373
0.701611
0.737327
0.867757
0.647552
0.854301
0.851093
0.751472
0.73979
0.434656
0.599222
0.755559
0.738795
0.839561
0.477624
0.635709
0.494874
0.734393
0.238343
0.701463
0.130318
0.940749
0.858476
0.630987
0.733024
0.630669
0.643715
0.88265
0.849282
0.559613
0.82757
0.0936113
0.487671
0.0839684
0.802362
0.624884
0.54311
0.365082
0.564263
0.876203
0.675928
0.637015
0.670426
0.724717
0.640524
0.680376
0.584781
0.582478
0.767372
0.556417
0.570205
0.477643
0.388129
0.78919
0.724617
0.470386
0.595571
0.41847
0.787187
0.752245
0.917678
0.780672
0.798615
0.789178
0.670635
0.833725
0.278141
0.805186
0.858186
0.839205
0.689266
0.20545
0.475704
0.566126
0.793563
0.612619
0.896563
0.450509
0.406611
0.788477
0.736974
0.692785
0.328604
0.768243
0.83729
0.646504
0.371478
0.862201
0.733331
0.29273
0.907334
0.595055
0.697799
0.840784
0.712651
0.578941
0.764011
0.731155
0.862458
0.687741
0.782356
0.478307
0.451414
0.641154
0.598947
0.865672
0.721414
0.784713
0.493338
0.574114
0.692827
0.877966
0.676502
0.852661
0.768267
0.471432
0.598345
0.465726
0.921883
0.449427
0.561196
0.637524
0.852603
0.69392
0.832912
0.760376
0.782645
0.69392
0.36398
0.468714
0.896119
0.236293
0.619144
0.527987
0.39712
0.708027
0.295597
0.852204
0.55348
0.557844
0.625328
0.874556
0.646227
0.751152
0.708605
0.818253
0.808253
0.456399
0.694462
0.643972
0.784611
0.738833
0.727628
0.674117
0.631569
0.428673
0.53239
0.594938
0.944465
0.485876
0.5512
0.628411
0.706931
0.482328
0.323949
0.796522
0.644469
0.94008
0.3277
0.598299
0.657464
0.637359
0.739961
0.899854
0.470736
0.917363
0.807323
0.620962
0.322293
0.757187
0.620784
0.726212
0.832587
0.784029
0.48081
0.442029
0.790413
0.944858
0.487767
0.697966
0.43506
0.871478
0.181788
0.394931
0.354936
0.88612
0.32259
0.338868
0.828689
0.764641
0.573227
0.741423
0.440115
0.909591
0.548895
0.916928
0.54308
0.47911
0.499281
0.451176
0.179141
0.666699
0.88435
0.537683
0.592059
0.877965
0.380373
0.647499
0.369828
0.849033
0.813172
0.676301
0.890508
0.736441
0.555905
0.409807
0.475838
0.557343
0.896363
0.740272
0.639163
0.193675
0.622936
0.325823
0.302742
0.944412
0.721019
0.692124
0.457796
0.456435
0.615221
0.761737
0.567883
0.60527
0.599923
0.52635
0.63223
0.768634
0.785927
0.668965
0.634131
0.659639
0.691043
0.7576
0.67439
0.835201
0.706821
0.327356
0.578003
0.706253
0.62652
0.664679
0.691263
0.477829
0.630317
0.561457
0.77542
0.480535
0.7825
0.765982
0.626528
0.425537
0.655432
0.56735
0.552195
0.878743
0.666781
0.732999
0.134025
0.866228
0.683473
0.676626
0.612209
0.566092
0.675841
0.705705
0.713136
0.664705
0.748259
0.742218
0.465983
0.266665
0.846326
0.637129
0.777783
0.586314
0.798278
0.694538
0.363591
0.311879
0.438163
0.759082
0.724581
0.728693
0.900968
0.765325
0.8786
0.582179
0.363194
0.203347
0.673189
0.228353
0.530803
0.652094
0.660061
0.427386
0.73858
0.666088
0.588366
0.73805
0.532667
0.903135
0.904369
0.902548
0.634215
0.841961
0.318315
0.469571
0.906365
0.726557
0.740318
0.818007
0.786899
0.756344
0.492968
0.627127
0.718765
0.765357
0.56107
0.320966
0.783144
0.809551
0.675873
0.480939
0.931718
0.726147
0.635166
0.40148
0.595989
0.369318
0.726882
0.358636
0.821175
0.873661
0.569411
0.767066
0.827371
0.538391
0.821544
0.568435
0.895362
0.692737
0.640914
0.412546
0.722623
0.442962
0.720742
0.427135
0.574151
0.822302
0.140353
0.411795
0.733721
0.734398
0.916083
0.688838
0.869266
0.23954
0.535625
0.929579
0.68088
0.83179
0.730912
0.843483
0.55085
0.661197
0.421578
0.648469
0.607839
0.846759
0.573927
0.474532
0.706681
0.316084
0.721805
0.386235
0.730385
0.597887
0.583234
0.555619
0.859488
0.733752
0.82236
0.845284
0.889651
0.783859
0.59685
0.662312
0.397441
0.741285
0.641648
0.630594
0.569498
0.447602
0.936046
0.617508
0.568257
0.897128
0.502231
0.231066
0.667974
0.661874
0.625204
0.689709
0.911821
0.384848
0.66559
0.838883
0.807256
0.760106
0.690692
0.689805
0.494392
0.665678
0.775592
0.669204
0.55741
0.673777
0.747131
0.668638
0.469013
0.754141
0.319865
0.542331
0.650993
0.787127
0.312733
0.70779
0.925517
0.398153
0.486745
0.147331
0.831492
0.72528
0.789792
0.507393
0.756394
0.717984
0.710405
0.416689
0.531787
0.326147
0.245756
0.724476
0.805082
0.599508
0.463656
0.687957
0.744108
0.877475
0.844226
0.166035
0.768258
0.376898
0.666461
0.584888
0.862707
0.468814
0.241609
0.814969
0.890394
0.68259
0.623386
0.470748
0.582663
0.583154
0.885869
0.387805
0.722635
0.279034
0.135954
0.562513
0.480117
0.370716
0.658107
0.3093
0.50702
0.704142
0.834275
0.615644
0.625107
0.893563
0.680069
0.209063
0.534111
0.362691
0.503034
0.756201
0.586835
0.927588
0.785004
0.581798
0.802492
0.630867
0.612056
0.640751
0.796005
0.0513455
0.605586
0.665149
0.585676
0.516994
0.661132
0.839039
0.576261
0.359975
0.75883
0.734826
0.747724
0.595041
0.698383
0.665787
0.822054
0.864314
0.431755
0.82688
0.64002
0.0995234
0.63288
0.678798
0.839881
0.751955
0.457815
0.63631
0.699006
0.431027
0.329387
0.703019
0.785485
0.65819
0.502526
0.347944
0.438224
0.546387
0.811396
0.743806
0.669194
0.715241
0.79839
0.641121
0.562967
0.788294
0.728033
0.707268
0.319412
0.845215
0.593312
0.703015
0.848213
0.529164
0.895298
0.520483
0.918841
0.509936
0.487312
0.685658
0.889382
0.738769
0.433421
0.524311
0.949164
0.883974
0.638657
0.444276
0.76025
0.142059
0.56842
0.702337
0.943654
0.511409
0.555979
0.536819
0.753628
0.722699
0.286611
0.799516
0.96226
0.609575
0.1739
0.489592
0.672451
0.624046
0.652841
0.327557
0.758994
0.371908
0.500057
0.777814
0.462195
0.282105
0.566656
0.660729
0.44073
0.540273
0.874311
0.725245
0.730436
0.88117
0.688737
0.367822
0.118719
0.86763
0.535103
0.368814
0.726137
0.559084
0.677136
0.824608
0.838058
0.737686
0.210683
0.943398
0.630027
0.590867
0.771342
0.582429
0.706956
0.549357
0.648617
0.839482
0.476797
0.790382
0.545225
0.668394
0.57246
0.716548
0.830148
0.75439
0.896418
0.675809
0.938846
0.412578
0.947209
0.844302
0.757136
0.583651
0.36105
0.699858
0.730345
0.749473
0.801385
0.943566
0.147365
0.660226
0.527195
0.826687
0.632268
0.666792
0.23382
0.668748
0.343026
0.730295
0.802336
0.708684
0.529772
0.637151
0.405842
0.856926
0.380755
0.930391
0.565346
0.812501
0.625175
0.542413
0.410189
0.102031
0.652142
0.508182
0.292698
0.77347
0.802419
0.945839
0.766528
0.787053
0.643644
0.59751
0.78947
0.585532
0.674767
0.80098
0.659816
0.720208
0.743819
0.828724
0.39417
0.392206
0.755461
0.353232
0.800141
0.765356
0.380659
0.745548
0.422224
0.790462
0.655701
0.445533
0.643522
0.623826
0.672118
0.826199
0.321218
0.689746
0.721468
0.724425
0.682603
0.755761
0.608229
0.128039
0.422527
0.719594
0.816164
0.713341
0.696527
0.837623
0.377108
0.645738
0.627416
0.859491
0.793805
0.513664
0.689634
0.770014
0.507755
0.902874
0.564325
0.72127
0.753423
0.606227
0.0992384
0.790394
0.696565
0.348929
0.657571
0.901303
0.314431
0.750548
0.780853
0.481725
0.79987
0.931325
0.559847
0.469437
0.70325
0.788081
0.688897
0.984387
0.738474
0.783867
0.629262
0.770359
0.65021
0.283523
0.507486
0.644485
0.797082
0.762392
0.38944
0.652374
0.528599
0.798046
0.517448
0.58318
0.879248
0.936666
0.726735
0.768547
0.693757
0.78121
0.437297
0.627505
0.602924
0.44076
0.610321
0.240024
0.675761
0.757669
0.77625
0.797521
0.59367
0.681178
0.877889
0.568947
0.127433
0.719481
0.74908
0.619076
0.841514
0.499781
0.591998
0.652239
0.520802
0.69933
0.82957
0.458307
0.891776
0.766031
0.781437
0.855817
0.931818
0.332514
0.34554
0.670706
0.715549
0.849991
0.571655
0.758371
0.258046
0.891951
0.583995
0.752074
0.655199
0.0840341
0.735382
0.743687
0.433398
0.434198
0.599692
0.603396
0.722936
0.589186
0.620266
0.360747
0.259452
0.894577
0.0985625
0.68804
0.49732
0.308995
0.724407
0.246969
0.843355
0.533788
0.603921
0.259708
0.666858
0.293927
0.891847
0.318593
0.849989
0.714204
0.766461
0.732504
0.748921
0.54517
0.292461
0.909663
0.385492
0.748906
0.286215
0.848961
0.618627
0.837807
0.727159
0.860716
0.450313
0.666913
0.222578
0.295689
0.816362
0.751497
0.395547
0.665538
0.602176
0.325491
0.245245
0.391428
0.686225
0.568755
0.596003
0.764221
0.395877
0.649613
0.769691
0.455259
0.570027
0.646847
0.566713
0.730613
0.939626
0.482368
0.713699
0.41198
0.462255
0.859137
0.0772576
0.313182
0.594555
0.555292
0.0474146
0.647797
0.717828
0.776149
0.620926
0.915988
0.761078
0.586591
0.671402
0.590588
0.846857
0.485592
0.521184
0.602762
0.372354
0.519507
0.694845
0.76091
0.327697
0.72548
0.518988
0.75491
0.727511
0.733544
0.329503
0.97373
0.603075
0.918994
0.180968
0.433218
0.92088
0.79196
0.280735
0.840286
0.837752
0.486188
0.612016
0.722722
0.594212
0.884442
0.284593
0.646505
0.818537
0.814598
0.781264
0.752343
0.719207
0.544613
0.515783
0.56112
0.618874
0.423065
0.735283
0.767312
0.23728
0.903528
0.644082
0.0991533
0.26579
0.663434
0.357372
0.55965
0.652851
0.689287
0.67669
0.701476
0.658327
0.263465
0.331697
0.858144
0.695711
0.770756
0.695111
0.843337
0.855899
0.627234
0.355092
0.711946
0.799812
0.668033
0.173951
0.121722
0.783205
0.509494
0.706804
0.674874
0.661659
0.343469
0.480822
0.359033
0.622461
0.816877
0.604688
0.471576
0.931844
0.711774
0.346144
0.769287
0.569381
0.589391
0.333551
0.547603
0.610609
0.490781
0.733337
0.553289
0.673243
0.616548
0.757742
0.810295
0.519596
0.143518
0.390875
0.458925
0.373129
0.728287
0.842686
0.78399
0.838439
0.198657
0.627296
0.623924
0.824896
0.756121
0.848482
0.670868
0.8986
0.716434
0.764308
0.501631
0.526751
0.69261
0.611329
0.748352
0.285983
0.384518
0.372181
0.793041
0.760406
0.686356
0.931425
0.508546
0.679022
0.876914
0.71983
0.617235
0.702136
0.480363
0.890798
0.877315
0.909575
0.611345
0.385399
0.429927
0.83021
0.277263
0.581229
0.360041
0.705348
0.362131
0.829408
0.619787
0.700974
0.549925
0.664205
0.281471
0.197483
0.591977
0.580643
0.415533
0.600444
0.551176
0.758761
0.639512
0.733973
0.755688
0.653444
0.899773
0.815153
0.689272
0.616088
0.730123
0.834164
0.906258
0.318144
0.46336
0.681511
0.71997
0.675529
0.677907
0.940243
0.778361
0.578008
0.479423
0.347856
0.353808
0.161307
0.594399
0.754324
0.189951
0.812214
0.397435
0.49143
0.90539
0.692162
0.525187
0.403918
0.638323
0.608092
0.645281
0.599593
0.632214
0.609466
0.837079
0.417336
0.76577
0.874882
0.775287
0.731607
0.484238
0.760378
0.582957
0.705518
0.712745
0.50969
0.588107
0.83317
0.75541
0.739021
0.317156
0.596811
0.826337
0.117487
0.888567
0.565461
0.781987
0.278286
0.323653
0.235389
0.897308
0.777412
0.63506
0.801193
0.712803
0.581461
0.525462
0.455062
0.790304
0.849124
0.471145
0.682321
0.622878
0.544147
0.67875
0.558088
0.394105
0.721513
0.345393
0.661568
0.734842
0.784927
0.838928
0.648315
0.926466
0.810367
0.958748
0.642312
0.561547
0.724589
0.669537
0.737131
0.334033
0.341946
0.606754
0.595039
0.720664
0.935591
0.720995
0.693534
0.603113
0.827392
0.524697
0.86479
0.637636
0.431394
0.676132
0.650867
0.828134
0.691128
0.48817
0.785036
0.72331
0.612267
0.800139
0.487358
0.697882
0.456995
0.630417
0.170665
0.770534
0.211537
0.707279
0.747592
0.74705
0.881295
0.610297
0.433759
0.841901
0.655327
0.609137
0.847227
0.767712
0.877006
0.533679
0.831663
0.604832
0.570156
0.568243
0.839236
0.749061
0.730168
0.385475
0.434546
0.554105
0.711863
0.720984
0.604732
0.574949
0.894372
0.807098
0.824146
0.243297
0.776976
0.730529
0.406055
0.76769
0.522468
0.675466
0.692671
0.545819
0.820435
0.61174
0.322297
0.49744
0.849478
0.726675
0.824729
0.745973
0.710798
0.754801
0.882746
0.388107
0.767726
0.828334
0.730533
0.768213
0.734618
0.567909
0.761212
0.80586
0.654721
0.223362
0.704967
0.561547
0.702961
0.926584
0.567916
0.783724
0.70211
0.649673
0.633406
0.489931
0.777826
0.367222
0.656783
0.254866
0.409354
0.679252
0.692101
0.851446
0.59989
0.570915
0.514179
0.588466
0.880751
0.793116
0.450581
0.649263
0.46962
0.340108
0.743872
0.466214
0.612321
0.751365
0.781793
0.678331
0.545645
0.257606
0.657738
0.676467
0.734049
0.560428
0.425028
0.306988
0.455222
0.695003
0.501047
0.396852
0.502406
0.581398
0.705684
0.657382
0.579982
0.16209
0.665964
0.73333
0.917136
0.653859
0.682387
0.835528
0.577099
0.472847
0.507745
0.647302
0.935463
0.772189
0.188257
0.606946
0.575325
0.370161
0.657564
0.794203
0.717927
0.744965
0.688764
0.497043
0.90773
0.720082
0.770172
0.780875
0.848917
0.346489
0.726843
0.87943
0.334179
0.773601
0.737177
0.669453
0.497457
0.745681
0.848015
0.914918
0.750912
0.449337
0.218262
0.25583
0.857369
0.649353
0.851419
0.359209
0.447566
0.501925
0.562307
0.328148
0.700118
0.383247
0.740513
0.321691
0.467038
0.749355
0.536227
0.664762
0.888406
0.811097
0.516513
0.943692
0.399468
0.552308
0.756784
0.814507
0.690761
0.305848
0.643872
0.66457
0.641867
0.818835
0.375012
0.488956
0.401358
0.669327
0.878731
0.82869
0.851191
0.689732
0.634162
0.388854
0.810994
0.614751
0.934161
0.181045
0.626159
0.617878
0.846963
0.726541
0.527546
0.714161
0.399881
0.790889
0.441223
0.286029
0.885893
0.450687
0.802364
0.21915
0.52218
0.771031
0.852251
0.702004
0.644568
0.55341
0.830589
0.837539
0.592909
0.871096
0.787687
0.739398
0.905101
0.0487474
0.705217
0.505089
0.448824
0.930737
0.872461
0.895527
0.623301
0.639016
0.762008
0.750899
0.690261
0.122664
0.631033
0.82963
0.388406
0.951375
0.426241
0.88819
0.483827
0.123217
0.788123
0.370135
0.298727
0.456289
0.520481
0.175067
0.728952
0.899572
0.723032
0.802375
0.744624
0.477488
0.710179
0.934125
0.564814
0.894419
0.552391
0.679772
0.633899
0.648334
0.581158
0.710883
0.600268
0.889477
0.48772
0.773112
0.731748
0.617723
0.633126
0.340559
0.533856
0.505777
0.537508
0.166991
0.726816
0.528135
0.534147
0.707205
0.909003
0.652581
0.441388
0.790942
0.901619
0.607775
0.731412
0.737357
0.481559
0.251187
0.430746
0.146915
0.342123
0.642889
0.512914
0.609649
0.848385
0.267679
0.724106
0.897967
0.592435
0.621857
0.834715
0.411237
0.810848
0.770109
0.521411
0.881406
0.906432
0.443414
0.633405
0.73862
0.938832
0.537662
0.814137
0.265607
0.38835
0.536606
0.73531
0.850601
0.489532
0.823005
0.761575
0.431131
0.148339
0.222598
0.598959
0.426023
0.800067
0.557673
0.378563
0.821719
0.842132
0.779772
0.790224
0.518424
0.557086
0.834598
0.793041
0.708388
0.618746
0.475982
0.792732
0.404134
0.7387
0.457461
0.121667
0.467203
0.646121
0.511602
0.516568
0.906782
0.762194
0.227148
0.865071
0.83563
0.394547
0.342956
0.690759
0.623674
0.897077
0.376358
0.619924
0.641495
0.809373
0.38176
0.69428
0.650891
0.758041
0.519245
0.64605
0.70164
0.852623
0.224086
0.734034
0.616826
0.889006
0.910701
0.343393
0.505343
0.649978
0.548729
0.595693
0.682071
0.736725
0.693244
0.565279
0.378528
0.611679
0.786756
0.707802
0.607032
0.681467
0.26211
0.603334
0.199109
0.696712
0.718648
0.563797
0.902925
0.597563
0.856775
0.101003
0.811194
0.835796
0.412384
0.893607
0.446378
0.692721
0.747741
0.675324
0.633413
0.6087
0.636383
0.813832
0.670924
0.726514
0.694115
0.656868
0.573173
0.650625
0.756121
0.724804
0.647923
0.490075
0.430444
0.271336
0.906054
0.384205
0.481187
0.76463
0.693093
0.707803
0.445867
0.372395
0.233846
0.412081
0.938278
0.812323
0.687693
0.890024
0.715031
0.412454
0.929156
0.446872
0.883406
0.918927
0.758779
0.503539
0.55304
0.925825
0.827801
0.913915
0.381379
0.651277
0.229443
0.851559
0.90252
0.702817
0.783704
0.655217
0.937474
0.424217
0.661544
0.61758
0.637748
0.525048
0.563093
0.461791
0.385117
0.403337
0.73159
0.864247
0.585416
0.706837
0.823619
0.748392
0.758952
0.577606
0.830435
0.869356
0.695355
0.513172
0.722635
0.762632
0.4495
0.943888
0.44297
0.149451
0.0641595
0.633942
0.868928
0.803084
0.617004
0.714374
0.824655
0.382035
0.716073
0.432923
0.42714
0.617291
0.271409
0.574381
0.771329
0.610287
0.617033
0.889445
0.912483
0.830501
0.952271
0.535137
0.596105
0.370878
0.774374
0.645237
0.689017
0.820827
0.278066
0.476831
0.914632
0.56554
0.754499
0.599107
0.768349
0.611816
0.745957
0.61168
0.421578
0.633109
0.203549
0.794404
0.567891
0.905986
0.610977
0.747851
0.566339
0.771509
0.873492
0.185293
0.595856
0.678503
0.502513
0.390249
0.378218
0.339271
0.749035
0.851917
0.609658
0.886176
0.880415
0.532681
0.539082
0.712939
0.733208
0.714677
0.765552
0.65072
0.828727
0.223342
0.875281
0.940099
0.628263
0.59119
0.672877
0.844492
0.796722
0.627123
0.571337
0.595675
0.465023
0.893622
0.66744
0.13439
0.713433
0.549279
0.964863
0.206797
0.396935
0.841263
0.529198
0.807655
0.879294
0.655784
0.514894
0.506093
0.887646
0.910549
0.822172
0.893024
0.456128
0.557454
0.645429
0.66796
0.638054
0.518027
0.493349
0.67074
0.660601
0.395367
0.710732
0.657855
0.682934
0.476518
0.87105
0.706494
0.847514
0.937672
0.409109
0.787861
0.716846
0.811828
0.832398
0.5132
0.353321
0.821388
0.399504
0.789729
0.750458
0.799678
0.719862
0.825562
0.742817
0.701222
0.348625
0.884069
0.588345
0.530574
0.702522
0.887709
0.559462
0.547227
0.604917
0.746599
0.666525
0.773434
0.541859
0.443664
0.672656
0.743943
0.327265
0.800007
0.729434
0.484477
0.409965
0.590128
0.863297
0.664346
0.905425
0.885553
0.786278
0.665165
0.269172
0.72071
0.806391
0.649236
0.877483
0.830025
0.434655
0.802836
0.381266
0.374796
0.731438
0.706258
0.759421
0.844499
0.681494
0.621922
0.526911
0.659466
0.754935
0.46713
0.643071
0.597336
0.627629
0.790797
0.589577
0.602413
0.619989
0.696534
0.283042
0.422989
0.717768
0.636471
0.518664
0.456844
0.518939
0.440909
0.511088
0.6966
0.596736
0.282812
0.580643
0.838081
0.387163
0.190865
0.744503
0.843967
0.0161321
0.448313
0.704356
0.626373
0.60533
0.903434
0.754877
0.282227
0.520308
0.65428
0.891165
0.770344
0.693859
0.810527
0.466532
0.970156
0.309495
0.796754
0.697424
0.654315
0.810079
0.636489
0.682586
0.795343
0.621761
0.604407
0.406185
0.676516
0.796026
0.743733
0.614734
0.458953
0.38517
0.676646
0.794543
0.618235
0.210508
0.282246
0.347161
0.320628
0.414358
0.688027
0.801358
0.570791
0.213139
0.913644
0.818539
0.761321
0.702651
0.391149
0.824094
0.866765
0.859245
0.700464
0.708616
0.363046
0.54392
0.630839
0.505191
0.867454
0.0873927
0.572649
0.403301
0.563541
0.891588
0.928471
0.697195
0.592612
0.632377
0.488653
0.889423
0.7322
0.436664
0.66397
0.690105
0.673656
0.542679
0.805448
0.748106
0.778224
0.487331
0.932374
0.7252
0.857399
0.500706
0.723669
0.443827
0.578657
0.33911
0.555046
0.75708
0.839045
0.0798753
0.506097
0.305241
0.431131
0.862785
0.854834
0.858127
0.733795
0.369723
0.826964
0.884435
0.913927
0.938711
0.956714
0.53399
0.576469
0.8872
0.307758
0.774376
0.315769
0.704395
0.33122
0.705196
0.645296
0.87395
0.44092
0.58332
0.561134
0.858576
0.75962
0.715097
0.384518
0.686705
0.76253
0.786632
0.581321
0.50429
0.62593
0.903567
0.46042
0.290544
0.82139
0.570924
0.93008
0.874395
0.448766
0.425615
0.607839
0.632079
0.629834
0.471596
0.794823
0.566812
0.618162
0.323902
0.600245
0.666272
0.397615
0.528584
0.525961
0.711123
0.121108
0.711556
0.422734
0.721399
0.56294
0.863582
0.578976
0.459043
0.758154
0.847084
0.536326
0.898207
0.653141
0.307397
0.627927
0.335569
0.917443
0.644826
0.859147
0.876101
0.766315
0.703694
0.717679
0.244179
0.618221
0.708675
0.916906
0.502104
0.761378
0.475444
0.630873
0.524186
0.59871
0.347315
0.526516
0.696288
0.483799
0.6872
0.200912
0.780544
0.809639
0.0649552
0.685704
0.776598
0.926967
0.882376
0.938926
0.832368
0.874844
0.775198
0.603577
0.856559
0.900135
0.726077
0.62264
0.371781
0.508027
0.440857
0.823615
0.79445
0.555214
0.767578
0.538878
0.775715
0.287362
0.792929
0.816902
0.603287
0.640042
0.232436
0.843157
0.759702
0.802898
0.878053
0.788296
0.560182
0.702326
0.721791
0.581731
0.572192
0.647231
0.88662
0.721504
0.754551
0.684375
0.621383
0.508122
0.25694
0.788326
0.665257
0.917016
0.724512
0.72994
0.597334
0.667556
0.656192
0.899012
0.593636
0.684971
0.870973
0.480813
0.848953
0.959309
0.723349
0.719042
0.202109
0.727709
0.82028
0.263301
0.729928
0.42938
0.851014
0.604375
0.755839
0.861629
0.251692
0.642712
0.814977
0.613079
0.913871
0.886944
0.450247
0.842676
0.580455
0.740466
0.795306
0.631214
0.131728
0.902917
0.480938
0.41965
0.776254
0.79489
0.618597
0.73881
0.93482
0.4869
0.459678
0.887862
0.746811
0.905151
0.67054
0.767146
0.655578
0.669011
0.604895
0.711724
0.841348
0.677413
0.673419
0.542434
0.793154
0.591731
0.844274
0.384274
0.793262
0.396294
0.871998
0.213872
0.820552
0.719799
0.812302
0.758083
0.806829
0.638212
0.491992
0.6309
0.373026
0.465031
0.667736
0.506324
0.316896
0.51676
0.760307
0.759938
0.658534
0.664084
0.751867
0.375027
0.80319
0.572671
0.405814
0.35121
0.894031
0.679599
0.702824
0.605443
0.734527
0.263782
0.628807
0.494629
0.842356
0.629906
0.831773
0.898287
0.573677
0.216657
0.846457
0.164813
0.57772
0.657495
0.387839
0.494717
0.101366
0.524981
0.586743
0.420788
0.906928
0.115253
0.466773
0.829337
0.685625
0.327639
0.648447
0.784399
0.96012
0.78939
0.759113
0.768565
0.369271
0.879369
0.642295
0.665258
0.70872
0.40746
0.747151
0.700436
0.564974
0.705343
0.673276
0.526285
0.637425
0.746576
0.756003
0.790718
0.655664
0.405285
0.450698
0.551072
0.855239
0.917346
0.767597
0.664561
0.898195
0.650501
0.61685
0.789386
0.73271
0.690198
0.335516
0.623068
0.374881
0.550678
0.607661
0.706962
0.761618
0.371421
0.552678
0.759038
0.889096
0.751335
0.453919
0.829369
0.702823
0.796533
0.555105
0.541428
0.778268
0.646576
0.76098
0.744089
0.767504
0.354183
0.791948
0.427707
0.539563
0.728501
0.336092
0.423215
0.609674
0.662637
0.848365
0.693853
0.546466
0.761413
0.391703
0.765959
0.620695
0.59012
0.672082
0.684299
0.484489
0.75334
0.581185
0.751818
0.817051
0.519747
0.343623
0.835259
0.7697
0.241912
0.853478
0.439385
0.533542
0.346194
0.358168
0.355729
0.172504
0.722594
0.77033
0.527466
0.591446
0.424985
0.535488
0.930948
0.708157
0.601277
0.630024
0.745599
0.285011
0.910708
0.874264
0.784838
0.628898
0.537524
0.54317
0.686661
0.726241
0.868246
0.548512
0.469662
0.38959
0.835901
0.582938
0.78247
0.825934
0.823904
0.60039
0.649634
0.736809
0.734081
0.701738
0.577289
0.426513
0.767183
0.872589
0.469924
0.764536
0.840218
0.538211
0.297032
0.447739
0.782246
0.937301
0.123807
0.658294
0.569111
0.877463
0.919419
0.766436
0.612187
0.0592632
0.324469
0.646798
0.2264
0.675183
0.445503
0.637618
0.644054
0.743286
0.674088
0.912464
0.507138
0.650847
0.524375
0.727837
0.578272
0.730685
0.74773
0.483472
0.519794
0.878391
0.714698
0.522939
0.766742
0.491094
0.814304
0.522798
0.798086
0.641548
0.397441
0.533474
0.807041
0.864018
0.5787
0.697258
0.755452
0.671972
0.388758
0.62012
0.595938
0.818324
0.643108
0.855424
0.807474
0.85266
0.896638
0.379382
0.836467
0.625143
0.715395
0.597466
0.420333
0.609437
0.536958
0.682301
0.852214
0.784948
0.51344
0.852367
0.735288
0.584343
0.733231
0.596524
0.830319
0.534437
0.690228
0.211024
0.234083
0.577939
0.532303
0.293208
0.727623
0.830708
0.847286
0.494503
0.742446
0.725926
0.880144
0.724964
0.367226
0.389082
0.242877
0.693577
0.446628
0.757061
0.792587
0.80752
0.581849
0.80243
0.526704
0.532441
0.541009
0.955537
0.885394
0.604623
0.726725
0.622697
0.675131
0.326055
0.555989
0.432923
0.607936
0.587595
0.378187
0.684287
0.803703
0.887978
0.926274
0.790136
0.729266
0.232058
0.470802
0.6675
0.618064
0.676853
0.370087
0.778131
0.576006
0.470867
0.624354
0.491737
0.385727
0.533489
0.890338
0.823001
0.537336
0.818231
0.773646
0.467114
0.736479
0.774219
0.928718
0.731171
0.86177
0.510125
0.859949
0.811091
0.460056
0.602451
0.656832
0.804397
0.293591
0.533884
0.905645
0.74822
0.664423
0.671471
0.624516
0.840463
0.673835
0.583147
0.813106
0.200087
0.686222
0.82769
0.770067
0.753781
0.543577
0.367882
0.779517
0.675618
0.70901
0.834821
0.779572
0.769239
0.671079
0.710878
0.78475
0.821657
0.788165
0.303029
0.236577
0.143453
0.61941
0.206674
0.839925
0.656772
0.394704
0.857243
0.895481
0.837419
0.635037
0.498012
0.783996
0.662751
0.921536
0.873092
0.458864
0.341407
0.473117
0.192801
0.60651
0.858308
0.45216
0.143764
0.394515
0.55341
0.718685
0.75287
0.54674
0.492791
0.442467
0.765664
0.576722
0.642284
0.725688
0.744798
0.720013
0.800588
0.789106
0.625325
0.727557
0.123154
0.372706
0.706024
0.567424
0.340494
0.832517
0.555412
0.760343
0.920165
0.434078
0.777971
0.810195
0.679648
0.633847
0.146046
0.699563
0.677628
0.902299
0.557281
0.895148
0.721363
0.77307
0.66824
0.655166
0.839399
0.804939
0.429947
0.677713
0.79868
0.845189
0.685587
0.82614
0.570207
0.786357
0.608327
0.56981
0.71697
0.716971
0.757549
0.788837
0.386965
0.509434
0.612365
0.662527
0.691665
0.846601
0.710055
0.24407
0.662941
0.93839
0.631965
0.58395
0.830869
0.891528
0.732319
0.764617
0.182065
0.667241
0.351567
0.154858
0.0410391
0.8784
0.757653
0.0884367
0.813334
0.631697
0.310417
0.800732
0.241999
0.102738
0.349426
0.938053
0.674178
0.752255
0.845218
0.643697
0.652027
0.778024
0.617004
0.77886
0.219802
0.397681
0.953222
0.755899
0.676402
0.931792
0.809233
0.440808
0.929295
0.884597
0.753249
0.229442
0.569487
0.408748
0.891239
0.2431
0.765031
0.637054
0.756169
0.54591
0.827337
0.740188
0.342303
0.686284
0.802658
0.637015
0.593594
0.809133
0.501182
0.647955
0.764147
0.25632
0.862095
0.746507
0.925532
0.229239
0.150914
0.714701
0.814641
0.67979
0.505056
0.46347
0.792581
0.647453
0.564166
0.379165
0.334084
0.725226
0.324223
0.619952
0.296232
0.421239
0.483431
0.747287
0.66928
0.826254
0.182417
0.75418
0.736352
0.475041
0.795669
0.77503
0.840251
0.852057
0.58503
0.921061
0.753843
0.889254
0.633478
0.712528
0.676383
0.276576
0.337633
0.73657
0.198799
0.534307
0.704152
0.795947
0.239852
0.638671
0.456905
0.658428
0.786796
0.603848
0.56018
0.768392
0.413314
0.756269
0.850125
0.745458
0.252657
0.7509
0.581357
0.878684
0.940662
0.862895
0.719281
0.720636
0.856315
0.527327
0.886965
0.563834
0.916883
0.646222
0.510268
0.876953
0.833771
0.720133
0.791985
0.882658
0.222563
0.610415
0.568524
0.367696
0.565207
0.622021
0.66881
0.664969
0.620514
0.451718
0.502384
0.77329
0.955795
0.726099
0.666462
0.625582
0.84919
0.700783
0.790702
0.724094
0.601776
0.699275
0.82035
0.662843
0.596808
0.573706
0.455204
0.550951
0.607091
0.528007
0.556467
0.722769
0.128689
0.69665
0.645377
0.698648
0.398515
0.529927
0.760011
0.74817
0.418615
0.761708
0.403755
0.373386
0.231235
0.438299
0.817769
0.552959
0.576847
0.429853
0.910284
0.578137
0.630939
0.66944
0.172608
0.727107
0.759916
0.561869
0.627087
0.365407
0.364329
0.821909
0.829322
0.448191
0.482526
0.250623
0.896146
0.665893
0.26962
0.843258
0.724816
0.795524
0.735787
0.959337
0.657638
0.684567
0.454762
0.525345
0.676005
0.236926
0.441983
0.910335
0.599384
0.428294
0.770081
0.621898
0.607926
0.502322
0.866458
0.696767
0.702476
0.659666
0.727264
0.529262
0.844922
0.736062
0.613887
0.362752
0.938605
0.688523
0.284682
0.743706
0.357886
0.643387
0.791026
0.652801
0.81534
0.670936
0.595868
0.416862
0.449975
0.773536
0.609644
0.790189
0.775433
0.349474
0.300981
0.224875
0.307181
0.706362
0.909303
0.832636
0.820679
0.726216
0.711039
0.290821
0.649377
0.400253
0.618085
0.633451
0.864262
0.429141
0.857852
0.647542
0.537447
0.340416
0.6724
0.672691
0.804509
0.759187
0.600392
0.454872
0.461311
0.553563
0.532983
0.138241
0.125516
0.584094
0.488332
0.568417
0.854671
0.817798
0.17391
0.860868
0.540491
0.746011
0.668466
0.654803
0.168639
0.488601
0.549815
0.822921
0.851508
0.254245
0.311852
0.785869
0.80249
0.349891
0.446854
0.179651
0.662184
0.818693
0.363018
0.841192
0.893529
0.875733
0.682125
0.850018
0.626107
0.755844
0.629969
0.874413
0.713848
0.49381
0.151348
0.870656
0.803417
0.40269
0.713704
0.490189
0.172129
0.492484
0.7438
0.974733
0.850039
0.622917
0.671777
0.344754
0.700073
0.539171
0.50751
0.784972
0.293789
0.629581
0.502291
0.670263
0.61035
0.908993
0.7802
0.86461
0.685355
0.365403
0.902835
0.669423
0.806954
0.61272
0.242217
0.685382
0.716717
0.639903
0.377879
0.563075
0.792113
0.81082
0.8214
0.468914
0.886359
0.645598
0.726415
0.507718
0.564412
0.278352
0.773998
0.656913
0.692432
0.865198
0.707253
0.69859
0.326693
0.726509
0.591771
0.709554
0.560276
0.737254
0.621603
0.305096
0.808999
0.623744
0.65364
0.749615
0.71905
0.716457
0.635836
0.59961
0.789806
0.145945
0.775053
0.284366
0.808909
0.660236
0.835669
0.923164
0.602045
0.865067
0.785187
0.719256
0.359703
0.868664
0.888766
0.211571
0.179728
0.740331
0.760249
0.670511
0.702743
0.824258
0.412452
0.590885
0.836441
0.403924
0.264462
0.905443
0.83504
0.632118
0.477791
0.85498
0.819459
0.852507
0.735219
0.043619
0.703174
0.426923
0.777201
0.650403
0.52942
0.805861
0.424348
0.270986
0.893395
0.765018
0.68472
0.700085
0.809835
0.868605
0.597266
0.285171
0.488109
0.886354
0.450984
0.844801
0.275728
0.629191
0.883285
0.401885
0.876902
0.833031
0.807755
0.464459
0.696291
0.741855
0.667298
0.909484
0.726996
0.716553
0.498955
0.627918
0.719764
0.342954
0.741121
0.290065
0.380089
0.487581
0.562838
0.675125
0.467848
0.799072
0.806484
0.624251
0.634302
0.788091
0.538969
0.554984
0.522089
0.263525
0.608978
0.514508
0.619706
0.319265
0.448911
0.847132
0.856585
0.684038
0.463543
0.665406
0.831048
0.632692
0.670464
0.814225
0.888808
0.866855
0.435138
0.490973
0.661586
0.86753
0.568777
0.386077
0.531617
0.698748
0.634891
0.381586
0.609951
0.586895
0.529077
0.594642
0.690478
0.448179
0.894554
0.791734
0.614671
0.633736
0.267025
0.586738
0.863344
0.875332
0.583255
0.59049
0.638412
0.668665
0.626906
0.789752
0.762418
0.895517
0.696348
0.743777
0.65845
0.738641
0.535326
0.767008
0.902431
0.287231
0.510088
0.864805
0.716159
0.759832
0.471541
0.598349
0.594792
0.589098
0.923768
0.468891
0.588692
0.691621
0.749487
0.336982
0.579014
0.420178
0.716319
0.330624
0.298422
0.788605
0.557527
0.362608
0.527208
0.199578
0.740163
0.867583
0.747411
0.85292
0.357633
0.858943
0.627323
0.162016
0.562717
0.723757
0.770157
0.56166
0.401127
0.842982
0.683102
0.251868
0.53304
0.715046
0.824142
0.505291
0.646085
0.542927
0.566716
0.791912
0.831421
0.809416
0.715778
0.917082
0.643371
0.589927
0.788739
0.774213
0.820047
0.629302
0.71594
0.300035
0.911679
0.670516
0.727448
0.829853
0.332637
0.435248
0.721025
0.84088
0.749349
0.262818
0.657151
0.327038
0.630697
0.627658
0.730743
0.767987
0.372244
0.747792
0.915547
0.601827
0.407177
0.45612
0.678154
0.795662
0.210252
0.432763
0.680117
0.648887
0.152673
0.564245
0.554759
0.910685
0.752919
0.488718
0.903011
0.53316
0.480416
0.844462
0.853127
0.66051
0.918303
0.578398
0.658209
0.725718
0.656421
0.0313662
0.788388
0.736357
0.7561
0.868034
0.875741
0.768952
0.107514
0.387198
0.931744
0.823787
0.924847
0.778464
0.641558
0.759531
0.780346
0.723485
0.212431
0.713746
0.666234
0.511238
0.872755
0.767025
0.706087
0.672279
0.624694
0.785562
0.282177
0.739086
0.543911
0.562292
0.733544
0.56354
0.678995
0.827181
0.653768
0.576867
0.653243
0.886503
0.672913
0.513491
0.79876
0.731167
0.658147
0.109743
0.860213
0.487793
0.594475
0.813359
0.814037
0.727734
0.84516
0.857168
0.715948
0.309286
0.829366
0.518345
0.543371
0.422276
0.522719
0.777365
0.656236
0.586098
0.797909
0.659291
0.88075
0.679034
0.271661
0.643303
0.875328
0.881851
0.333454
0.752623
0.79137
0.47103
0.890263
0.495956
0.564151
0.707598
0.725763
0.600666
0.78837
0.391282
0.578711
0.760231
0.658365
0.563637
0.558703
0.68925
0.895768
0.814089
0.627041
0.658173
0.512218
0.927647
0.76479
0.653058
0.842889
0.879408
0.915352
0.450698
0.787013
0.770682
0.461067
0.587597
0.394721
0.584751
0.223229
0.8894
0.57864
0.608859
0.918149
0.870294
0.267998
0.862576
0.900078
0.573845
0.156083
0.7022
0.57709
0.880115
0.479113
0.203697
0.433906
0.338614
0.642942
0.245368
0.770715
0.474664
0.657731
0.413836
0.430332
0.287384
0.418238
0.851315
0.858813
0.441514
0.612152
0.665032
0.861967
0.54069
0.550671
0.515112
0.716252
0.783964
0.344902
0.594331
0.151475
0.850611
0.727214
0.555423
0.715022
0.370985
0.655392
0.311237
0.81225
0.37365
0.47514
0.786913
0.637538
0.547632
0.744337
0.430447
0.153888
0.477372
0.551549
0.863011
0.51456
0.862856
0.60503
0.688048
0.819087
0.669082
0.81174
0.70395
0.776943
0.459644
0.523704
0.600576
0.852128
0.720716
0.656137
0.509689
0.561269
0.558867
0.842185
0.500919
0.84384
0.67067
0.724212
0.778938
0.633968
0.833747
0.0881924
0.716709
0.475322
0.795445
0.796854
0.784896
0.766792
0.369915
0.874498
0.468664
0.884115
0.695069
0.73779
0.629318
0.476063
0.421206
0.784217
0.546054
0.852166
0.676349
0.637113
0.802336
0.615437
0.854218
0.887451
0.556704
0.821903
0.919886
0.620041
0.705393
0.733262
0.758532
0.715779
0.474554
0.405966
0.607628
0.738053
0.926833
0.518067
0.763833
0.786643
0.859276
0.83899
0.454545
0.617608
0.665102
0.116577
0.919743
0.74402
0.614003
0.521564
0.454598
0.681115
0.257902
0.732163
0.462514
0.716133
0.709616
0.614972
0.806024
0.367485
0.456157
0.782812
0.313568
0.691161
0.556666
0.544997
0.822764
0.53318
0.9365
0.46088
0.697541
0.955667
0.50457
0.861887
0.808864
0.768911
0.874245
0.349458
0.196648
0.565019
0.686523
0.6509
0.426393
0.863763
0.544046
0.892069
0.523915
0.714513
0.899923
0.72555
0.492153
0.778159
0.706252
0.258356
0.4083
0.576961
0.824423
0.375502
0.74816
0.73067
0.792616
0.564389
0.459234
0.754271
0.389086
0.323946
0.600992
0.656817
0.771127
0.685831
0.90294
0.572899
0.70639
0.705513
0.557204
0.812948
0.781939
0.818779
0.306801
0.679798
0.211903
0.558841
0.800932
0.195362
0.719501
0.44276
0.870254
0.550841
0.575783
0.337347
0.597531
0.625571
0.317958
0.606473
0.188177
0.677115
0.860239
0.868055
0.765773
0.873092
0.440639
0.532194
0.507617
0.699529
0.728719
0.742529
0.781608
0.741285
0.803088
0.882575
0.539665
0.860206
0.892634
0.552187
0.619883
0.235854
0.491801
0.838443
0.769259
0.920484
0.846614
0.926505
0.917352
0.546178
0.345758
0.374571
0.848955
0.782736
0.799092
0.549205
0.792884
0.67141
0.75054
0.537616
0.656575
0.764148
0.846677
0.853324
0.569114
0.489007
0.487781
0.675064
0.341099
0.816963
0.923632
0.410818
0.630613
0.828628
0.435881
0.809669
0.78206
0.493017
0.57163
0.704451
0.454088
0.753709
0.773134
0.431144
0.882027
0.475541
0.560786
0.556228
0.885349
0.943056
0.212904
0.672757
0.79338
0.794396
0.514565
0.79519
0.160701
0.451619
0.74832
0.854441
0.334179
0.76715
0.448919
0.866015
0.558372
0.747426
0.333072
0.533395
0.788815
0.758421
0.46774
0.531387
0.874576
0.694546
0.790191
0.537437
0.758972
0.84193
0.834906
0.58922
0.209807
0.598652
0.247306
0.346399
0.752488
0.888631
0.307152
0.805925
0.880368
0.34701
0.435999
0.811004
0.638013
0.717509
0.813604
0.72108
0.604427
0.559991
0.320951
0.831404
0.715578
0.825136
0.784346
0.595854
0.50854
0.557382
0.452588
0.305843
0.84944
0.787686
0.506019
0.613753
0.0658635
0.629759
0.786052
0.655998
0.688658
0.411714
0.827527
0.578805
0.781846
0.749722
0.417223
0.877703
0.194649
0.822717
0.365317
0.512355
0.765999
0.78989
0.706161
0.684974
0.378328
0.590418
0.282236
0.481885
0.737566
0.595792
0.915902
0.896002
0.65544
0.708123
0.727459
0.416002
0.929413
0.748246
0.255228
0.655767
0.331302
0.825396
0.409496
0.775804
0.676533
0.659471
0.915963
0.700972
0.698793
0.667745
0.546038
0.839857
0.619667
0.714119
0.459534
0.743413
0.111347
0.686575
0.666116
0.622914
0.751591
0.921356
0.570138
0.65686
0.527623
0.825744
0.741014
0.761644
0.628229
0.44615
0.741509
0.871883
0.832161
0.809825
0.53272
0.424124
0.635604
0.922805
0.826634
0.468418
0.869852
0.613123
0.581517
0.427036
0.903276
0.611404
0.658094
0.875494
0.848216
0.650149
0.787788
0.835894
0.506893
0.631291
0.635108
0.81826
0.876284
0.407118
0.880039
0.801132
0.80688
0.688116
0.797424
0.439917
0.345877
0.558296
0.51101
0.59573
0.865652
0.248186
0.727891
0.760213
0.391315
0.700119
0.535035
0.774759
0.535062
0.87335
0.584422
0.886112
0.583439
0.71605
0.737293
0.568053
0.557224
0.794959
0.775828
0.731243
0.601552
0.720581
0.428664
0.607316
0.697855
0.927475
0.807607
0.742653
0.822814
0.686949
0.637939
0.474496
0.667395
0.715939
0.392709
0.771692
0.603186
0.687975
0.809554
0.608754
0.631126
0.707397
0.745493
0.33677
0.792441
0.651142
0.838646
0.527198
0.154369
0.711817
0.671216
0.814133
0.79699
0.428129
0.728522
0.611171
0.843486
0.921219
0.734277
0.0355684
0.901789
0.206299
0.573852
0.369571
0.786067
0.77979
0.811696
0.848436
0.462617
0.716432
0.749496
0.645798
0.503068
0.6275
0.632886
0.519832
0.587912
0.403271
0.802801
0.569689
0.785392
0.649195
0.728913
0.495354
0.733749
0.821612
0.403747
0.528312
0.635219
0.722733
0.576091
0.528204
0.789776
0.571697
0.725568
0.796854
0.827898
0.588983
0.515003
0.356946
0.802179
0.7144
0.484344
0.785951
0.358392
0.247148
0.446212
0.758065
0.733758
0.785338
0.154072
0.152942
0.787247
0.544038
0.684496
0.354507
0.721636
0.621939
0.861722
0.611238
0.635586
0.700177
0.625547
0.614988
0.635343
0.189654
0.541948
0.844351
0.315012
0.746735
0.482483
0.332356
0.682514
0.481895
0.425819
0.477626
0.563829
0.164219
0.815121
0.434863
0.797124
0.818143
0.869562
0.681155
0.719263
0.780448
0.3868
0.628642
0.707985
0.825133
0.455153
0.711808
0.628749
0.578017
0.587326
0.826041
0.532398
0.640842
0.73014
0.697209
0.764742
0.542498
0.718188
0.80429
0.710593
0.749496
0.689906
0.710622
0.940826
0.896996
0.760583
0.862773
0.743134
0.568054
0.584547
0.70473
0.309546
0.688385
0.398324
0.639422
0.647387
0.813871
0.790547
0.82976
0.422007
0.421671
0.426188
0.788097
0.244866
0.817783
0.395433
0.813236
0.559797
0.561898
0.701606
0.614888
0.183167
0.720442
0.739207
0.624331
0.377898
0.748149
0.213671
0.554435
0.803245
0.374999
0.318255
0.726468
0.869175
0.867765
0.613751
0.124272
0.309001
0.732636
0.515382
0.541521
0.205913
0.264033
0.325921
0.461463
0.374432
0.660253
0.850298
0.753869
0.681741
0.859241
0.580171
0.634509
0.597953
0.531511
0.590276
0.74994
0.948504
0.829559
0.856916
0.35596
0.501874
0.163896
0.392514
0.254939
0.777362
0.765813
0.639833
0.862566
0.69558
0.50657
0.772638
0.878847
0.814639
0.810024
0.920127
0.82413
0.684763
0.512345
0.813066
0.18438
0.767543
0.688435
0.275145
0.634474
0.88534
0.651752
0.836807
0.438898
0.576686
0.679643
0.46598
0.545363
0.108751
0.769547
0.633317
0.749105
0.808104
0.666265
0.820058
0.164196
0.819699
0.24879
0.689381
0.884159
0.334071
0.802236
0.851861
0.736416
0.510367
0.44002
0.810558
0.435048
0.856543
0.747598
0.736791
0.723734
0.536504
0.779147
0.620716
0.813564
0.553087
0.648392
0.480767
0.651985
0.717951
0.696737
0.611808
0.883284
0.753728
0.672326
0.655314
0.185316
0.599552
0.944463
0.469243
0.556378
0.778818
0.88189
0.969308
0.532727
0.445846
0.456264
0.607857
0.542961
0.538158
0.695203
0.468697
0.913039
0.269678
0.701119
0.768069
0.574035
0.277677
0.448455
0.634062
0.494042
0.513745
0.667072
0.701624
0.902054
0.491338
0.621653
0.846074
0.658857
0.783561
0.655063
0.772784
0.56408
0.464799
0.697632
0.75577
0.756615
0.442578
0.4567
0.539936
0.765955
0.832308
0.560293
0.726745
0.53241
0.766015
0.512992
0.433189
0.357592
0.793242
0.910503
0.714628
0.883072
0.727253
0.414463
0.57055
0.742874
0.254714
0.616764
0.504133
0.50837
0.941413
0.601661
0.767002
0.730123
0.667476
0.792087
0.412391
0.860154
0.60214
0.590043
0.642073
0.783877
0.834366
0.81851
0.628013
0.659278
0.492474
0.478482
0.632654
0.808122
0.739091
0.687261
0.631784
0.242226
0.638724
0.748051
0.706913
0.613142
0.306109
0.410715
0.517698
0.607633
0.32217
0.16139
0.820261
0.499614
0.432885
0.426026
0.384444
0.683822
0.729114
0.690314
0.670598
0.658067
0.82092
0.753825
0.738158
0.837642
0.655983
0.658634
0.5765
0.723189
0.235726
0.896024
0.605271
0.794319
0.75686
0.911886
0.0730111
0.8023
0.653387
0.427311
0.614774
0.263052
0.656136
0.357791
0.657414
0.798347
0.696049
0.45343
0.677616
0.553055
0.491353
0.356577
0.262074
0.100542
0.429727
0.640776
0.49737
0.706127
0.229805
0.107446
0.734883
0.706847
0.374196
0.732129
0.80664
0.817506
0.726744
0.835936
0.774125
0.67762
0.407004
0.912978
0.613863
0.232169
0.502622
0.925782
0.355585
0.734546
0.650312
0.728586
0.740772
0.775697
0.151077
0.514346
0.733811
0.691695
0.606528
0.468908
0.667554
0.324024
0.369888
0.366128
0.861143
0.540829
0.666871
0.417558
0.713305
0.548609
0.881854
0.672102
0.376596
0.819338
0.820947
0.754738
0.552961
0.631759
0.181013
0.605044
0.481133
0.84541
0.46879
0.921508
0.646017
0.445313
0.650999
0.428561
0.578618
0.404796
0.777479
0.507407
0.48538
0.585808
0.693647
0.450634
0.381084
0.640517
0.0861629
0.719914
0.777042
0.679389
0.714686
0.896071
0.241502
0.731324
0.374394
0.50848
0.618631
0.649977
0.669429
0.653935
0.0481115
0.682014
0.952691
0.659814
0.861523
0.483915
0.744983
0.847628
0.482486
0.834439
0.557757
0.603776
0.617909
0.918414
0.0250025
0.599532
0.76997
0.638251
0.530135
0.517233
0.940238
0.372788
0.828497
0.813263
0.52007
0.706127
0.630745
0.775105
0.401657
0.38953
0.757957
0.720127
0.860943
0.600574
0.827201
0.694397
0.727107
0.684214
0.70127
0.739173
0.659699
0.705355
0.554773
0.837579
0.330082
0.627204
0.594081
0.652115
0.484154
0.487651
0.455755
0.377417
0.694479
0.280324
0.168654
0.444155
0.820201
0.928507
0.272761
0.867194
0.907519
0.69303
0.471263
0.753899
0.666616
0.829934
0.707933
0.431817
0.456145
0.610614
0.58005
0.614966
0.541853
0.57656
0.650574
0.664585
0.701647
0.791911
0.843055
0.894385
0.625135
0.357552
0.463209
0.606199
0.744774
0.631776
0.327057
0.756092
0.54588
0.844291
0.507445
0.728977
0.835011
0.823582
0.321807
0.844385
0.623478
0.752075
0.4484
0.815725
0.666671
0.678332
0.533134
0.77632
0.110919
0.599741
0.0902919
0.525783
0.66842
0.197634
0.609416
0.39591
0.324332
0.825296
0.835575
0.555538
0.382038
0.722609
0.741242
0.626131
0.733842
0.594761
0.317568
0.657241
0.6364
0.783179
0.719277
0.74726
0.515122
0.790216
0.837668
0.699115
0.819909
0.593084
0.637184
0.802515
0.674327
0.455426
0.747467
0.633997
0.907238
0.878649
0.799818
0.22654
0.649859
0.906216
0.728671
0.504427
0.894425
0.87901
0.505137
0.711482
0.308739
0.576394
0.444953
0.363727
0.659578
0.846094
0.621434
0.627535
0.468239
0.570337
0.72312
0.707376
0.44483
0.478393
0.280282
0.590406
0.531156
0.534935
0.793139
0.900693
0.805453
0.683969
0.771174
0.682749
0.710155
0.797033
0.808235
0.572012
0.717108
0.632213
0.397594
0.44294
0.831044
0.733095
0.3421
0.783248
0.555207
0.582269
0.896827
0.155669
0.917994
0.802259
0.551525
0.284578
0.888395
0.814461
0.763405
0.64399
0.676291
0.837481
0.710372
0.596751
0.544524
0.479113
0.744747
0.747589
0.558304
0.721027
0.486378
0.726625
0.286258
0.166776
0.170797
0.555851
0.702439
0.693665
0.638858
0.602418
0.627379
0.712786
0.713134
0.623826
0.908937
0.917762
0.665906
0.571554
0.602298
0.884837
0.552986
0.0909483
0.66606
0.508629
0.421009
0.0962406
0.673957
0.707432
0.820592
0.463569
0.824325
0.662841
0.441867
0.682444
0.567994
0.773874
0.469587
0.647148
0.840909
0.373311
0.194645
0.777731
0.883647
0.64857
0.720249
0.554485
0.525219
0.33218
0.568763
0.946733
0.39594
0.6253
0.841771
0.555569
0.832315
0.230181
0.836313
0.624984
0.687452
0.890639
0.397317
0.476248
0.440187
0.890553
0.679204
0.686087
0.909707
0.699892
0.378518
0.406016
0.513975
0.740846
0.33803
0.615366
0.83173
0.227801
0.630732
0.571784
0.648135
0.831924
0.705857
0.215795
0.491283
0.34048
0.163548
0.770468
0.826745
0.787848
0.849455
0.532866
0.747391
0.827677
0.620809
0.646672
0.925083
0.485482
0.619041
0.658763
0.891761
0.822314
0.942496
0.757253
0.344261
0.932741
0.587563
0.268238
0.524829
0.63417
0.611194
0.598253
0.869702
0.433387
0.748112
0.758741
0.472666
0.671866
0.656076
0.538666
0.740029
0.704451
0.673305
0.577095
0.863676
0.769138
0.459094
0.421578
0.620994
0.549205
0.612655
0.434246
0.618971
0.695295
0.754983
0.454788
0.659129
0.901704
0.610175
0.877459
0.739919
0.603163
0.251327
0.406122
0.809853
0.732714
0.857473
0.783754
0.397383
0.854855
0.770426
0.643075
0.939054
0.904522
0.552888
0.961502
0.261136
0.636796
0.937111
0.76091
0.166826
0.305372
0.395729
0.846575
0.878122
0.656979
0.682818
0.383832
0.468027
0.615379
0.575689
0.517888
0.481928
0.276582
0.613468
0.764841
0.691399
0.83301
0.816513
0.750716
0.70393
0.963479
0.759953
0.654803
0.681524
0.702861
0.696522
0.716446
0.449415
0.82245
0.503092
0.922417
0.836349
0.746817
0.690653
0.338481
0.330119
0.618639
0.507707
0.557614
0.787936
0.690893
0.657189
0.480225
0.754022
0.0589225
0.939317
0.173172
0.83767
0.730963
0.799221
0.895565
0.724586
0.505586
0.844606
0.714141
0.618487
0.339852
0.803325
0.687407
0.101579
0.653168
0.892108
0.248069
0.596964
0.184872
0.830992
0.535101
0.55271
0.699846
0.821396
0.817563
0.666749
0.116033
0.879254
0.48399
0.852552
0.902722
0.0723134
0.846286
0.359136
0.767132
0.484703
0.734194
0.716044
0.0475874
0.924932
0.26609
0.806532
0.471607
0.416349
0.31402
0.791924
0.592864
0.577311
0.3783
0.328998
0.300575
0.602549
0.344465
0.7337
0.547924
0.810489
0.421237
0.59924
0.573205
0.0195876
0.659014
0.924531
0.590853
0.890459
0.881615
0.63723
0.455415
0.649725
0.185088
0.770256
0.739796
0.792835
0.667129
0.75319
0.516338
0.776963
0.547567
0.830837
0.794351
0.562757
0.837708
0.889522
0.618226
0.727924
0.64172
0.602469
0.632804
0.71572
0.699685
0.6269
0.152252
0.285849
0.596979
0.706532
0.713615
0.5686
0.726513
0.356013
0.803337
0.589543
0.357344
0.806463
0.696437
0.772238
0.839782
0.862939
0.499014
0.817851
0.810727
0.775066
0.779274
0.700479
0.665271
0.505359
0.867426
0.838897
0.7861
0.953707
0.687098
0.680452
0.682491
0.778924
0.839254
0.875783
0.61393
0.617045
0.936974
0.451062
0.68613
0.929317
0.83473
0.865199
0.0912069
0.328038
0.78113
0.828725
0.592388
0.933204
0.631173
0.576762
0.57019
0.627983
0.049374
0.623351
0.740891
0.767291
0.762594
0.777727
0.907274
0.514128
0.715835
0.810383
0.786465
0.708448
0.810278
0.792602
0.195429
0.792222
0.520451
0.371896
0.778207
0.492885
0.618072
0.595509
0.52278
0.851298
0.788845
0.809406
0.564254
0.333058
0.772819
0.704489
0.838624
0.713754
0.693556
0.905864
0.278191
0.739151
0.587107
0.523767
0.229389
0.648499
0.00479069
0.557927
0.812085
0.62706
0.777657
0.382584
0.424909
0.90128
0.325352
0.707611
0.884229
0.583716
0.646454
0.69989
0.0491804
0.789236
0.481153
0.499152
0.805095
0.744987
0.77038
0.528419
0.728017
0.430458
0.636252
0.676512
0.819513
0.587384
0.222805
0.845274
0.136164
0.543863
0.383085
0.936419
0.61932
0.833417
0.310068
0.695223
0.460431
0.618075
0.901689
0.843758
0.634451
0.742624
0.680314
0.84034
0.568641
0.591033
0.585454
0.558541
0.659767
0.567198
0.2773
0.692059
0.743925
0.586066
0.87836
0.514663
0.607824
0.870843
0.525122
0.671803
0.063681
0.555355
0.832607
0.562132
0.384932
0.716279
0.787792
0.508121
0.837022
0.817618
0.856401
0.868161
0.831089
0.782927
0.277888
0.767407
0.895629
0.411569
0.436558
0.139249
0.797981
0.467111
0.880736
0.591714
0.40089
0.771734
0.656084
0.709826
0.805939
0.398022
0.397457
0.610344
0.789266
0.604519
0.86931
0.755444
0.647826
0.59085
0.835982
0.92329
0.647891
0.0901223
0.282973
0.913317
0.139231
0.884753
0.697144
0.447069
0.566966
0.695576
0.793442
0.535479
0.576335
0.919974
0.302977
0.471956
0.81873
0.78134
0.906782
0.65492
0.462091
0.420351
0.694762
0.538219
0.790415
0.584845
0.51271
0.573685
0.687771
0.776407
0.607297
0.460929
0.519141
0.757084
0.253347
0.906389
0.88437
0.735691
0.636739
0.892847
0.563722
0.341611
0.370095
0.745468
0.966965
0.736555
0.916752
0.788345
0.561795
0.762023
0.529509
0.829867
0.595625
0.514772
0.484307
0.79987
0.317756
0.854588
0.70742
0.746482
0.565506
0.431414
0.476137
0.689859
0.73672
0.765538
0.5445
0.866097
0.415675
0.332153
0.548501
0.724119
0.854978
0.447917
0.526066
0.712045
0.698814
0.845763
0.458672
0.595305
0.258044
0.53639
0.952165
0.497304
0.490092
0.767968
0.204745
0.266953
0.736688
0.681968
0.498566
0.380863
0.834984
0.607317
0.4683
0.86047
0.923628
0.611503
0.516542
0.664439
0.900908
0.609607
0.571399
0.371982
0.401122
0.735821
0.485959
0.423053
0.729785
0.598859
0.824447
0.647228
0.610756
0.87818
0.89217
0.212006
0.833038
0.630917
0.622721
0.797693
0.831911
0.360688
0.453326
0.632695
0.936747
0.919278
0.142784
0.495018
0.346287
0.851305
0.428048
0.658963
0.838368
0.5063
0.882374
0.585888
0.732154
0.69159
0.520596
0.914413
0.470691
0.811575
0.418345
0.824546
0.659327
0.64404
0.558507
0.557838
0.84583
0.724521
0.650996
0.75557
0.690999
0.759167
0.811575
0.670349
0.891663
0.236466
0.649399
0.211181
0.612618
0.651404
0.326526
0.894192
0.898297
0.714127
0.586318
0.503917
0.67305
0.631038
0.60853
0.589911
0.822276
0.68882
0.603789
0.692149
0.896935
0.621391
0.849745
0.477003
0.727886
0.696475
0.242279
0.574927
0.804106
0.654872
0.706006
0.866592
0.81361
0.899577
0.762277
0.774512
0.768292
0.705076
0.141766
0.421247
0.517148
0.766097
0.506416
0.881385
0.939851
0.666833
0.238402
0.577311
0.357598
0.699915
0.964749
0.521153
0.681511
0.48152
0.893543
0.702677
0.337846
0.367833
0.551665
0.543776
0.297094
0.535797
0.715796
0.522793
0.498846
0.320814
0.860959
0.345358
0.585107
0.628527
0.730077
0.762616
0.344516
0.770968
0.880862
0.450977
0.851387
0.655802
0.648893
0.753547
0.750159
0.655834
0.768614
0.165275
0.525324
0.754019
0.522268
0.66532
0.645074
0.335936
0.640305
0.767227
0.88471
0.797193
0.610889
0.506136
0.708504
0.728233
0.723861
0.945239
0.613493
0.570638
0.903489
0.744917
0.715316
0.754438
0.774656
0.317213
0.481001
0.771401
0.7908
0.708031
0.849907
0.791684
0.936091
0.656213
0.698651
0.733379
0.668556
0.600923
0.895364
0.7121
0.588176
0.702812
0.443772
0.529618
0.387435
0.43087
0.628946
0.713317
0.731597
0.723735
0.294078
0.784664
0.581993
0.411803
0.692482
0.821159
0.777454
0.642548
0.219715
0.832467
0.78578
0.826182
0.888577
0.29446
0.639966
0.454381
0.266018
0.746645
0.795653
0.438891
0.52207
0.867882
0.645867
0.623906
0.488134
0.635218
0.141596
0.628485
0.819102
0.508252
0.580137
0.0489288
0.618697
0.353905
0.756692
0.928824
0.482819
0.716328
0.335387
0.684839
0.769864
0.851975
0.858467
0.152798
0.621139
0.550998
0.875186
0.775414
0.724706
0.790326
0.348072
0.827531
0.515604
0.831484
0.627218
0.799893
0.944425
0.258161
0.580461
0.872773
0.308754
0.257612
0.620639
0.795556
0.829674
0.477495
0.705619
0.637613
0.370327
0.532149
0.513876
0.879029
0.641687
0.869069
0.803531
0.840295
0.438012
0.103109
0.780154
0.832747
0.657964
0.715608
0.82059
0.47864
0.671808
0.664292
0.8473
0.417914
0.654743
0.659801
0.741198
0.784458
0.913036
0.703871
0.630772
0.543541
0.602572
0.237028
0.0742834
0.821062
0.721375
0.405138
0.624336
0.885825
0.472583
0.80269
0.501051
0.621239
0.219589
0.890389
0.665082
0.356936
0.735053
0.616628
0.518157
0.682172
0.406223
0.743131
0.529584
0.571344
0.559263
0.20079
0.448842
0.246475
0.752327
0.750395
0.778069
0.34266
0.886926
0.860097
0.699662
0.58024
0.880526
0.460671
0.285163
0.767599
0.57427
0.86855
0.616517
0.863858
0.425079
0.723751
0.920232
0.770745
0.208058
0.721686
0.735315
0.821894
0.731335
0.78176
0.747536
0.62597
0.594373
0.656251
0.791545
0.578126
0.335137
0.669773
0.752035
0.854493
0.386519
0.636358
0.300797
0.462382
0.829514
0.565345
0.369506
0.781239
0.765069
0.750948
0.857261
0.722114
0.702239
0.661178
0.8064
0.667334
0.665094
0.748048
0.534339
0.725745
0.562882
0.634174
0.512655
0.82153
0.545691
0.624103
0.720331
0.618898
0.718667
0.588217
0.519998
0.528774
0.951226
0.85947
0.513841
0.448466
0.846965
0.710588
0.862546
0.648588
0.446956
0.271273
0.526281
0.764909
0.488726
0.643103
0.262248
0.771438
0.918267
0.670923
0.766422
0.639622
0.611779
0.841809
0.67677
0.610819
0.57069
0.649659
0.480084
0.663866
0.727121
0.256673
0.486063
0.316277
0.692151
0.0852883
0.629612
0.700578
0.852423
0.744457
0.715176
0.764979
0.624644
0.776829
0.806361
0.400901
0.483835
0.546674
0.818316
0.358183
0.920664
0.860056
0.618389
0.749434
0.605026
0.499875
0.449908
0.542907
0.122689
0.867222
0.669612
0.573024
0.754053
0.627766
0.652975
0.268389
0.664049
0.716125
0.472601
0.317352
0.769928
0.765651
0.632379
0.515293
0.737186
0.437069
0.539642
0.880853
0.596239
0.697875
0.760078
0.65599
0.753309
0.709106
0.746864
0.74483
0.765108
0.676539
0.75992
0.537504
0.808186
0.65871
0.0753454
0.724946
0.445612
0.731398
0.442106
0.743022
0.669845
0.633767
0.521126
0.817429
0.80737
0.769654
0.252036
0.829175
0.564438
0.931714
0.683617
0.930128
0.536495
0.487599
0.833414
0.809261
0.709013
0.64232
0.133411
0.793767
0.780584
0.604154
0.5966
0.693149
0.318376
0.6687
0.0715372
0.522057
0.468686
0.620783
0.697668
0.817881
0.507788
0.538219
0.374064
0.601257
0.806044
0.944252
0.867011
0.424608
0.338134
0.805116
0.349761
0.855473
0.246864
0.707945
0.812194
0.794811
0.355624
0.447735
0.854325
0.447983
0.592891
0.483269
0.163712
0.652925
0.913583
0.738782
0.500161
0.718006
0.694035
0.72973
0.62232
0.829154
0.714085
0.851128
0.720766
0.761772
0.654287
0.97383
0.755105
0.633963
0.624901
0.767168
0.669198
0.882895
0.757826
0.698329
0.676657
0.720738
0.770347
0.43289
0.907412
0.729992
0.691265
0.691209
0.945625
0.194742
0.402073
0.284732
0.815879
0.627209
0.779729
0.474574
0.506407
0.753166
0.852993
0.664167
0.505801
0.549576
0.660917
0.878339
0.612257
0.634978
0.48521
0.724844
0.532905
0.417544
0.357368
0.84632
0.769578
0.734347
0.257003
0.815419
0.697493
0.793079
0.764379
0.559331
0.712364
0.620888
0.488571
0.325825
0.188428
0.44146
0.315436
0.152934
0.276493
0.516841
0.762381
0.497641
0.390673
0.784877
0.791552
0.650919
0.716827
0.945203
0.848197
0.348088
0.730292
0.462857
0.423772
0.649152
0.482655
0.42446
0.562209
0.228356
0.335111
0.102059
0.643446
0.460092
0.797458
0.50353
0.226081
0.618974
0.614496
0.462422
0.669716
0.72987
0.541582
0.841403
0.447895
0.721141
0.793784
0.240892
0.862899
0.646577
0.714082
0.650994
0.899956
0.769911
0.680379
0.544935
0.894943
0.891053
0.813142
0.243582
0.271615
0.691938
0.756794
0.679293
0.641617
0.488836
0.0392567
0.660288
0.391003
0.267018
0.42702
0.701455
0.757991
0.741814
0.271451
0.58087
0.422585
0.614498
0.769845
0.734191
0.606829
0.5763
0.699253
0.100944
0.764718
0.773325
0.497906
0.64843
0.350926
0.875985
0.700548
0.739902
0.61639
0.513701
0.875501
0.802002
0.719032
0.431765
0.742341
0.283656
0.801399
0.630268
0.521717
0.58174
0.705356
0.772961
0.459042
0.621829
0.943669
0.707766
0.584237
0.7826
0.0583229
0.406903
0.50984
0.888483
0.559134
0.424654
0.534441
0.766425
0.751169
0.876116
0.402684
0.756526
0.699688
0.481384
0.742094
0.720196
0.77792
0.717201
0.666092
0.675911
0.758976
0.94141
0.46033
0.795585
0.771805
0.757845
0.722677
0.529306
0.633739
0.57584
0.363908
0.779828
0.944575
0.534493
0.596218
0.626996
0.597899
0.68793
0.475514
0.814976
0.747457
0.478599
0.833137
0.583387
0.496394
0.865549
0.470989
0.427943
0.253774
0.800888
0.787187
0.404339
0.886368
0.65039
0.61708
0.197689
0.857047
0.910221
0.418139
0.579775
0.552132
0.755868
0.418814
0.846053
0.680526
0.645572
0.585989
0.71545
0.878286
0.0728115
0.875936
0.130772
0.477852
0.498536
0.652952
0.961023
0.574222
0.577636
0.839594
0.526567
0.53057
0.806403
0.205528
0.385697
0.923738
0.855335
0.52201
0.601653
0.407471
0.56209
0.734191
0.743925
0.705226
0.850205
0.320949
0.485241
0.774324
0.884444
0.677656
0.73639
0.59339
0.528505
0.885692
0.710568
0.524296
0.372598
0.59307
0.847247
0.714404
0.807395
0.676196
0.798813
0.814522
0.823254
0.386986
0.369055
0.733387
0.907776
0.886015
0.844801
0.0912682
0.760117
0.606711
0.528045
0.511562
0.274384
0.723697
0.165571
0.78401
0.776274
0.730093
0.358465
0.958195
0.597347
0.544431
0.634163
0.609715
0.585353
0.787882
0.652471
0.331068
0.896545
0.760459
0.874173
0.770716
0.638152
0.633546
0.563606
0.829389
0.700926
0.662939
0.893899
0.596901
0.780303
0.71938
0.883713
0.846302
0.739685
0.556169
0.740643
0.751886
0.68946
0.824589
0.886575
0.665472
0.866408
0.22274
0.777863
0.787889
0.7361
0.610641
0.518659
0.572204
0.814877
0.702394
0.855278
0.450692
0.962207
0.638315
0.783488
0.660222
0.650255
0.807345
0.477255
0.312943
0.360895
0.701493
0.554065
0.611493
0.0958505
0.666713
0.624754
0.465848
0.720659
0.831388
0.627187
0.698211
0.806449
0.465903
0.688771
0.55097
0.891973
0.696638
0.586139
0.224394
0.159278
0.861748
0.853427
0.367466
0.532217
0.342424
0.269626
0.907278
0.592344
0.40234
0.863748
0.784447
0.694325
0.769418
0.416225
0.790337
0.805086
0.498648
0.155299
0.690458
0.6409
0.810767
0.718557
0.639877
0.851766
0.744664
0.466354
0.632507
0.897591
0.390381
0.729208
0.816183
0.809538
0.652091
0.519337
0.597266
0.331383
0.603273
0.812107
0.714444
0.422201
0.775985
0.245063
0.853621
0.580433
0.736472
0.779182
0.820747
0.561273
0.346746
0.550726
0.648399
0.915316
0.53108
0.53482
0.724441
0.839672
0.509543
0.584916
0.606133
0.406109
0.702846
0.474074
0.355098
0.292025
0.940294
0.731901
0.763218
0.676582
0.310802
0.843395
0.457909
0.844478
0.816224
0.941538
0.0799968
0.330327
0.692913
0.114935
0.782304
0.574355
0.738406
0.398024
0.670257
0.691148
0.553759
0.922411
0.420097
0.762445
0.690806
0.770947
0.377019
0.544357
0.545879
0.680615
0.693176
0.677925
0.882049
0.471652
0.411336
0.6082
0.615934
0.305554
0.711951
0.78766
0.380146
0.488432
0.526249
0.54843
0.523278
0.11306
0.588488
0.521643
0.80511
0.760866
0.729697
0.788517
0.497158
0.315145
0.765469
0.952318
0.449653
0.784676
0.461953
0.199735
0.51638
0.710342
0.701302
0.233269
0.296609
0.614737
0.758631
0.81163
0.779401
0.736802
0.598995
0.238686
0.733176
0.41887
0.425657
0.794745
0.778428
0.530612
0.86273
0.29372
0.824317
0.711477
0.736465
0.567769
0.781063
0.896379
0.557268
0.37689
0.591238
0.655882
0.153159
0.819497
0.849993
0.760206
0.498101
0.54675
0.314123
0.723106
0.690316
0.760853
0.116598
0.592357
0.56392
0.817491
0.957833
0.743364
0.657572
0.426865
0.604284
0.577536
0.520682
0.821195
0.232524
0.677781
0.590701
0.684859
0.773354
0.629008
0.785078
0.28553
0.662134
0.86218
0.479848
0.765567
0.527081
0.341608
0.539271
0.881488
0.698377
0.767607
0.829148
0.685555
0.785336
0.670523
0.729189
0.603521
0.744979
0.781837
0.467623
0.701204
0.414815
0.624327
0.440324
0.484178
0.640105
0.639949
0.752455
0.371101
0.809284
0.707866
0.468013
0.883157
0.685635
0.352963
0.932534
0.492485
0.535424
0.643119
0.246698
0.557115
0.74431
0.765715
0.761656
0.425655
0.236356
0.593397
0.835775
0.87253
0.638726
0.151108
0.651264
0.598099
0.531208
0.376615
0.83727
0.697327
0.650913
0.75288
0.404187
0.746392
0.80395
0.258413
0.888981
0.58944
0.531385
0.40957
0.636024
0.874351
0.323685
0.501997
0.783951
0.646679
0.660582
0.789614
0.350877
0.400232
0.78988
0.943385
0.768785
0.313555
0.597066
0.845096
0.751022
0.786868
0.856428
0.85045
0.85549
0.73535
0.380068
0.531766
0.712311
0.478632
0.673856
0.476754
0.359035
0.716203
0.834266
0.692263
0.700836
0.747704
0.708339
0.606617
0.861725
0.631941
0.737397
0.592328
0.390333
0.698712
0.624397
0.530826
0.62979
0.849964
0.353966
0.298176
0.792838
0.719917
0.847941
0.690277
0.782095
0.611224
0.596993
0.618271
0.583685
0.878142
0.289088
0.305836
0.795518
0.218119
0.596752
0.819303
0.640257
0.525895
0.687862
0.449877
0.673882
0.908925
0.771737
0.863374
0.277406
0.133063
0.713058
0.196702
0.769522
0.345055
0.561413
0.95416
0.694137
0.378953
0.643739
0.882967
0.640131
0.646039
0.746966
0.545565
0.687767
0.811582
0.838021
0.462444
0.594019
0.547362
0.689967
0.777926
0.766992
0.574914
0.754768
0.775883
0.32941
0.594988
0.401713
0.638318
0.936313
0.219873
0.534821
0.702119
0.630986
0.660878
0.805862
0.306381
0.789638
0.717685
0.682554
0.761868
0.468575
0.658134
0.798772
0.795424
0.385967
0.877209
0.565752
0.749923
0.468919
0.918741
0.595692
0.564866
0.652278
0.662963
0.386709
0.782622
0.891422
0.641297
0.640121
0.387455
0.835307
0.705694
0.682025
0.785451
0.720412
0.473576
0.922166
0.654368
0.147437
0.740824
0.693418
0.837483
0.479309
0.24034
0.773681
0.655529
0.766684
0.518809
0.754752
0.879218
0.234746
0.299591
0.642116
0.819801
0.779691
0.57414
0.722376
0.326093
0.575369
0.674147
0.827436
0.499672
0.504836
0.519796
0.916949
0.623202
0.513279
0.166974
0.680352
0.554051
0.68535
0.887763
0.949464
0.418183
0.617915
0.803483
0.906071
0.640675
0.764545
0.777012
0.535736
0.818651
0.0747867
0.629387
0.312412
0.556993
0.769169
0.626204
0.434637
0.524081
0.809783
0.777239
0.433396
0.519408
0.50001
0.550711
0.844865
0.494548
0.70837
0.241172
0.87864
0.536231
0.872284
0.797909
0.293667
0.473739
0.689759
0.380435
0.0200163
0.839947
0.559912
0.531929
0.588348
0.169508
0.743403
0.586326
0.295408
0.884604
0.47883
0.696326
0.892327
0.52547
0.778116
0.543897
0.533127
0.831667
0.551691
0.165695
0.557836
0.741634
0.729206
0.480958
0.801131
0.187098
0.57385
0.518356
0.756253
0.780196
0.72516
0.616358
0.658741
0.424345
0.629508
0.645939
0.556405
0.46191
0.485324
0.679785
0.501273
0.726135
0.588055
0.794552
0.633443