0.325599
0.00504161
0.227081
0.350806
0.0589274
0.379929
0.329875
0.562311
0.367782
0.290784
0.331822
0.000148402
0.738468
0.210687
0.000195292
0.426314
0.0280885
0.084379
0.00202877
0.00468997
0.560755
0.261656
0.349141
0.00744124
0.158711
0.302173
0.281322
0.169831
0.20517
0.0303624
0.591075
0.0600477
0.47083
0.310907
0.000694881
0.663889
0.330509
0.203067
0.000210646
0.000709379
0.453209
0.000521495
0.400004
0.00306507
0.0179643
0.00676813
0.401496
0.537898
0.146696
0.401278
0.275797
0.107848
0.746049
0.394249
4.16259e-05
0.0055528
0.28774
0.725574
0.536046
0.745538
0.0169207
0.356634
0.200374
0.0663642
0.0944633
0.123112
0.343954
0.237656
0.389987
0.669778
0.492782
0.590868
0.000213286
0.000824145
0.639248
0.0413158
0.385693
0.268327
0.306021
0.0138698
0.00184632
0.0366562
0.00572638
0.133086
0.498276
0.230688
0.763143
0.83987
0.0318753
0.00110383
0.10238
0.383943
0.00341153
0.042347
0.0815414
0.430429
0.214648
0.434457
0.11078
0.265245
0.0767105
0.198184
0.0162931
0.0830826
0.000682264
0.134556
0.549165
0.00365584
0.0490042
0.243829
0.77651
0.419062
0.0947786
0.0163772
0.507454
0.644582
0.0651133
0.746102
0.604413
0.352185
0.0299725
0.564163
0.139633
0.0212705
0.014704
0.315392
0.0420766
0.188078
0.480605
0.234237
0.0966025
0.0101223
0.058206
0.0017935
0.369123
0.331245
0.313643
0.0224359
0.0488126
0.120845
0.221507
0.0127735
0.0883316
0.316133
0.00552018
0.62971
0.0331727
0.547595
0.193735
0.43435
0.0949597
0.0661635
0.479282
0.654964
0.0514496
0.0924687
0.23767
0.0252762
0.532639
0.110993
0.307778
0.00153565
0.827367
0.340476
0.173556
0.619416
0.00190506
0.439381
0.284353
0.539074
0.053819
0.727369
0.0617568
0.0151198
0.0529746
0.00101736
0.396195
0.0802854
0.449342
0.302735
0.598436
0.252851
0.00022008
0.541192
0.637543
0.000106359
0.240622
0.331898
0.220337
0.37643
0.375156
0.00250656
0.849175
0.308664
0.0499509
0.502249
0.0179975
0.24371
0.60305
0.0740286
0.451604
0.549496
0.00157534
0.378879
0.0334279
0.0646011
0.512609
0.0368619
0.0280231
0.00819449
0.546636
0.740752
0.088992
0.231257
0.508152
0.3907
0.0759492
0.00185929
0.182228
0.390685
0.256243
0.705176
0.00107913
0.764209
0.711895
0.302404
0.808765
0.528282
0.119989
0.514529
0.119386
0.0398633
0.621253
0.169162
0.010616
0.00349269
0.421548
0.787583
0.472254
0.367964
0.000103679
0.0489399
0.243139
0.0556523
0.0659674
0.145167
0.0416046
0.175334
0.0240177
0.251853
0.299035
0.277737
0.0869961
0.331186
0.825202
0.48514
0.266566
0.295374
0.117166
0.0488589
0.40422
0.26847
0.383803
0.589676
0.334758
0.493126
0.83969
0.0117254
0.147856
0.720823
0.389418
0.41928
0.0175705
0.311772
0.00174743
0.505336
0.168473
0.34485
0.698586
0.565585
0.135781
0.169081
0.110092
0.00699904
0.18121
0.00334142
0.0111517
0.13809
0.0998947
0.0505575
0.00473477
0.00145862
0.0439352
0.310366
0.287451
0.494724
6.57974e-05
0.37838
0.144761
0.0052549
0.0103019
0.0382052
0.289397
0.208116
0.159887
0.408787
0.440724
0.0062144
0.295595
0.0991564
0.355872
0.0022576
0.102666
0.751199
0.669733
0.353188
0.693386
0.144451
0.0379037
0.0327345
0.221636
0.445865
0.0499449
0.684205
0.727256
0.188663
0.0445895
0.0414419
0.111787
0.00747037
0.156786
0.014107
0.327767
0.0216234
0.0450022
0.327962
0.0279376
0.00924338
0.31502
0.107513
0.447512
0.0964085
0.0557734
0.567193
0.350853
0.157642
0.297728
0.118953
0.00731613
0.00453733
0.0551321
0.00154405
0.0571085
0.0294227
0.496351
0.138449
0.714263
0.0350049
0.120055
0.289912
0.0946618
0.197793
0.000144679
0.346578
0.00184167
0.432544
0.741154
0.928662
0.358034
0.128415
0.57406
0.0180783
0.00111428
0.754598
0.0839497
0.0835576
0.606904
0.50257
0.125264
0.046051
0.0091591
0.0772693
0.0187125
0.551296
0.203699
0.295775
0.0115811
0.575024
0.401943
0.313661
0.0103632
0.0144974
0.201779
0.322019
0.576077
0.0716068
0.17796
0.518945
0.473216
0.6647
0.00601298
0.22252
0.273674
0.0116574
0.000661118
0.3601
0.0236203
0.42138
0.000150038
0.533291
0.407566
0.167861
0.566415
0.0126831
0.0837099
5.85762e-05
0.515165
0.437559
0.705109
0.0200643
0.450278
0.482101
0.0614144
0.647459
0.343985
0.00845864
0.360543
0.858754
0.691798
0.065005
0.470175
0.476894
0.10868
0.386841
0.518844
0.0928359
0.617762
0.203693
0.228566
0.527908
0.015906
0.425399
0.00220165
0.383712
0.571634
0.0625253
0.685911
0.154015
0.0511768
0.203257
0.660897
0.0747765
0.398771
0.720355
0.0393377
0.514885
0.52733
0.160781
0.692893
0.704451
0.367877
0.265262
0.138226
0.626375
0.146337
0.0277925
0.21445
0.148915
0.517561
0.0564749
0.396384
0.03833
0.000274297
0.345101
0.394026
0.0526122
0.534927
0.557246
0.215321
0.30242
0.487391
0.00215926
0.000803621
0.772223
0.298254
0.301264
0.0187806
0.0227489
0.542688
0.0957812
0.000391468
0.446462
0.0541952
0.00446126
0.114866
0.000291417
0.223565
0.323644
0.0194287
0.227741
0.492886
0.17498
0.159993
0.476398
0.00357254
0.0614666
0.3196
0.012356
0.606896
0.22078
0.0577787
0.00247627
0.00067993
0.0649688
0.0842692
0.0835274
0.0223368
0.00573154
0.471169
0.0278601
0.276419
0.00308517
0.236525
0.057854
0.167267
0.566855
0.737616
0.0579878
0.779567
0.0380432
0.0522179
0.506939
0.131536
0.0210816
0.020526
0.0294237
0.0425646
0.240589
0.498801
0.552746
0.00179244
0.535224
0.0474153
0.0173074
0.000937245
0.00861618
0.0330053
0.253139
0.112202
0.303363
0.242673
0.4667
0.00894069
0.113797
0.0210934
0.47425
0.240792
0.290422
0.0613085
0.000124199
0.022059
0.10832
0.0511087
0.647512
0.104181
0.341087
0.129818
0.802396
0.687202
0.144693
0.459881
0.0543872
0.0437227
0.302073
0.3988
0.160078
0.00125638
0.224325
0.00565008
0.23174
0.121195
0.698083
0.238406
0.912437
0.0226681
0.320114
0.42587
0.315164
0.000165113
0.00189528
0.141005
0.102474
0.00374719
0.0273707
0.271649
0.535071
0.188058
0.681045
0.516
0.0334421
0.241053
0.132721
0.393998
0.000788479
0.000226108
0.00287059
0.684764
0.642591
0.071905
0.00024286
0.00610957
0.206804
0.00373346
0.000984605
0.0117157
0.581638
0.25093
0.425054
0.510027
0.0779136
0.174911
0.591424
0.0350192
0.460458
0.0121218
0.00039676
0.0427314
0.441523
0.0165932
0.668026
0.525243
0.32759
0.171379
0.1428
0.281805
0.477184
0.003499
0.812369
0.466132
0.557185
0.515507
0.154914
0.67934
0.0051468
0.262397
0.211938
0.553919
0.730534
0.497616
0.0964052
0.0808321
0.452766
0.115453
0.712187
0.123501
0.766752
0.0596487
0.629498
0.677917
0.288094
0.189932
0.444601
0.000821688
0.381264
0.0468104
0.546279
0.00430275
0.214411
0.28524
0.378854
0.00246936
0.476988
0.810424
0.120248
0.633946
0.648011
0.39922
0.165088
0.896918
0.301617
0.23935
0.000760762
0.796392
0.376467
0.0115357
0.505301
0.0772381
0.403439
0.399856
0.600436
0.44067
0.059287
0.119084
0.0116399
0.000498854
0.0101977
0.256942
0.0968064
0.0175845
0.248244
0.0565039
0.0154829
0.46733
0.0253302
0.551864
0.5171
0.10431
0.485687
0.135975
0.000515763
0.581363
0.254524
0.013777
0.0416055
0.0966503
0.402836
0.355314
0.791183
0.590613
0.263062
0.489808
0.00369956
6.49775e-05
0.00551804
0.0146928
0.731999
0.0139891
0.48788
0.393133
0.0975719
0.31293
0.28866
0.00793065
0.0218088
0.575249
0.543436
0.6597
0.616186
0.032101
0.140584
0.401078
0.00572891
0.117163
0.00514332
0.586612
0.0246729
0.793834
0.00169662
0.118415
0.397964
0.0354289
0.161355
0.468803
0.00452296
0.00593775
0.737418
0.0283012
0.00112247
0.00570743
0.00413708
0.658061
0.269119
0.198123
0.38473
0.00329685
0.00952797
0.479084
0.401634
0.197363
0.476273
0.781737
0.320365
0.097847
0.362168
0.145626
0.223781
0.720683
0.0036438
0.0195764
0.332126
0.0132366
0.0329818
0.0239329
0.048032
0.0263632
0.580544
0.0897795
0.278288
0.801635
0.0115324
0.0882291
0.00361965
0.742484
0.463838
0.292684
0.317269
0.591072
0.587475
0.408463
0.731079
0.00285198
0.000217018
0.23909
0.00432026
0.553295
0.698996
0.202212
0.313733
0.510376
0.549624
0.389923
0.142711
0.11889
0.0557887
0.204009
0.000856078
0.0489792
0.290969
0.830545
0.602501
0.809266
0.262416
0.0846288
0.00848189
0.0448564
0.570888
0.400593
0.00352077
0.412669
0.687765
0.44388
0.308707
0.0411885
0.0924968
0.361703
0.802905
0.273541
0.500478
0.450667
7.71498e-05
0.00230362
0.130046
0.000192842
0.0321051
0.146103
0.602568
0.441666
0.0294104
0.101045
0.0413291
0.610063
0.0745294
0.048543
0.0243152
0.00962976
0.420187
0.147024
0.520594
0.029044
0.00311913
0.182492
0.266486
0.242768
0.606351
0.0250232
0.0299787
0.748108
0.220197
0.0831221
0.155178
0.295943
1.74146e-05
0.586752
0.0431855
0.120024
0.00370358
0.0492702
0.0759413
0.648964
0.170582
0.000592531
0.425108
0.805047
0.168934
0.288525
0.258328
0.223451
0.270023
0.426292
0.446475
0.276156
0.391792
0.339961
0.279248
0.0243076
0.23443
0.16439
0.0462739
0.467531
0.27886
0.60761
0.086924
0.000814801
0.0418734
0.605542
0.221849
0.0441483
0.0775155
0.00454538
0.00451421
0.44809
0.025276
0.849944
0.491535
0.815455
0.00811661
0.750449
0.0356932
0.0038558
0.358609
0.2573
0.000229315
0.369973
0.405195
0.427746
0.322032
0.446886
0.413788
0.0832674
0.247836
0.237936
0.072726
0.599354
0.62882
4.37497e-05
0.537618
0.0238634
0.057385
0.144426
0.526533
0.00763593
0.593482
0.108475
0.708579
0.220482
0.204694
0.251457
0.0271211
0.786237
0.0510352
0.156686
0.00700913
0.153195
0.767764
0.22465
0.00351587
0.52398
0.49657
0.0151063
3.3278e-06
0.129556
0.641155
0.0319485
0.0308144
0.259042
0.612638
0.540463
0.268497
0.00316679
0.0827983
0.0805832
0.285546
0.442764
0.0127981
0.426748
0.0170948
0.500399
0.00245395
0.0743451
0.0705486
0.0301484
0.19242
0.39612
0.0700493
0.00650264
0.0187826
0.68608
0.00583863
0.492838
0.518367
0.000323462
0.286282
0.00184755
0.230349
0.495589
0.349282
0.0383164
0.0263785
0.00227834
6.69585e-05
0.0427668
0.346964
0.0920892
0.0262463
0.0358553
0.0445862
0.0644798
0.383511
0.785198
0.461092
0.00486638
0.000352499
0.700251
0.0341018
0.545675
0.0330655
0.0198551
0.00681516
0.0584335
0.819982
0.0232464
0.0673254
0.718071
0.298159
0.478319
0.456301
0.438922
0.244829
0.0553508
0.00129716
0.0335923
0.301923
0.692825
0.210482
0.311563
0.800146
0.588149
0.0245546
0.0186876
0.465694
0.699148
0.00765428
0.701894
0.513259
0.000224974
0.0739274
0.0216263
0.0590681
0.00211777
0.108678
0.616918
0.701625
0.0399508
0.0944484
0.0483773
0.0255644
0.295832
0.84854
0.516315
0.0544878
0.00286052
0.342533
0.288343
0.0815532
0.819646
0.309554
0.154756
0.0475942
0.00166287
0.0191096
0.297226
0.000295643
0.0272186
0.00427661
0.412909
0.0654714
0.265897
0.00261259
0.0287402
0.209911
0.00576168
0.0270843
0.257034
0.138527
0.307598
0.235969
0.0992496
0.0629704
0.24952
0.00127423
0.389359
0.00201492
0.387797
0.587864
0.640777
0.320527
0.0123888
0.0147554
0.000591993
0.0178147
0.224355
0.00843215
0.000757914
0.417888
0.209299
0.336668
0.00289314
0.00777843
0.25583
0.3593
0.0712595
0.00240472
0.759755
0.092237
0.0502274
0.000557337
0.0586042
0.125276
0.446599
0.000131172
0.487915
0.564104
0.0454189
0.172958
0.281473
0.00463481
0.298153
0.000153888
0.327836
0.540163
0.317669
0.0270519
0.428893
0.474153
0.414259
0.0942608
0.117171
0.630579
0.539565
0.0145043
0.00538479
0.0630227
0.000155803
0.0238026
0.222256
0.569258
0.334272
0.499456
0.00405077
0.11161
0.202536
0.155053
0.446274
0.0436154
0.172318
0.745704
0.263816
0.495452
0.00763393
0.0829221
0.0259353
0.306917
0.00575271
0.399324
0.001912
0.48678
0.623116
0.534352
0.298518
0.182993
0.0904844
0.0152417
0.458203
0.0767255
0.123784
0.000820056
0.00346336
0.314871
0.162062
0.0625605
0.351188
0.704511
0.000730856
0.253808
0.130473
0.404103
0.489538
0.041449
0.0277233
0.228369
0.0148877
0.257049
0.387299
0.562538
0.753089
0.0965208
0.027184
0.00701524
0.022912
0.597032
0.0723203
0.34721
0.0573869
0.332987
0.0108413
0.129058
0.0167869
0.168386
0.765827
0.238955
0.00504613
0.356561
0.260393
0.00913188
0.00919202
0.00698543
0.224229
0.674055
0.0127042
0.102977
0.832847
0.143486
0.199855
0.391047
0.464172
0.286657
0.00890115
0.429325
0.66913
0.00596715
0.323783
0.0138743
0.204455
0.416836
0.00791001
0.140609
0.597878
0.317829
0.00653769
0.409849
0.358005
0.413718
0.639749
0.000800989
0.385417
0.142907
0.0167131
0.678598
0.705122
0.0981793
0.062871
0.424444
0.022981
0.0199309
0.0718891
0.369666
0.0868897
0.0344617
0.539492
3.1678e-05
0.0731765
0.461929
0.0111681
0.174497
0.0242334
0.224505
0.319408
0.138093
0.21356
0.339409
0.283541
0.00418013
0.536746
0.432219
0.0743024
0.32955
0.364947
0.188743
0.0760883
0.450732
0.536028
0.0023566
0.0181699
0.544933
0.21968
0.756105
0.0359329
0.0247203
0.00430387
0.0172106
0.252265
0.0283663
0.771798
0.472418
0.320077
0.00217894
0.121608
0.336775
0.000144213
0.273951
0.694641
0.0014429
0.575154
0.313362
0.303265
0.0531153
0.539528
0.297073
0.638393
0.0858648
0.0937435
0.00149903
0.142087
0.000241621
0.0654084
0.505737
0.00813113
8.36091e-05
0.382337
0.0643282
0.116893
0.43764
0.687319
0.306559
0.284695
0.137368
0.216805
0.00208685
0.459128
0.315951
0.652142
0.46003
0.0962429
0.691388
0.151703
0.0234973
0.0844613
0.18831
0.00181248
0.516627
0.127556
0.0460569
0.712475
0.338873
0.398713
0.434345
0.822652
0.0162255
0.496659
0.000893597
0.582324
0.00511979
0.210137
0.77769
0.00992332
0.731471
0.613831
0.0190674
0.0287968
0.000728948
0.050975
0.176101
0.00323971
0.0100527
0.0263167
0.0997468
0.00557736
0.0118134
0.478683
0.00196831
0.0399075
0.0424433
0.163518
0.345821
0.0663489
0.329584
0.30675
0.45611
0.000852017
0.155916
0.804067
0.16784
0.293423
0.0210694
0.0875251
0.161101
0.052881
0.00231961
0.47719
0.433483
0.00687405
0.653116
0.00301085
0.623866
0.645759
0.307477
0.0271576
0.186855
0.607208
0.156627
0.197697
0.29204
0.120448
0.431514
0.00800365
0.589687
0.0901277
0.0359657
0.217998
0.170607
0.00715166
0.0450859
0.0127929
0.345209
0.00438777
0.251567
0.557506
0.240414
0.399946
9.7809e-05
0.386507
0.04151
0.0992731
0.429933
0.239413
0.431691
0.0195031
0.322992
0.17084
0.621984
0.363332
0.413648
0.000282009
0.141809
0.560156
0.396682
0.522995
0.0317031
0.178499
0.393176
0.23487
0.255503
0.339924
0.786982
0.106035
0.289814
0.388456
0.000799935
0.296115
0.000262825
0.034478
0.33362
0.105036
0.711482
0.198262
0.597135
0.638983
0.000490837
0.291492
0.00681336
0.0237405
0.2013
0.482556
0.28292
0.109754
0.323372
0.090064
0.102082
0.339886
0.494806
0.240514
0.237635
0.0805329
0.000121277
0.330234
0.0068237
0.00563864
0.291971
0.413744
0.501262
0.557846
0.00560013
0.470569
0.00100562
0.342224
0.375209
0.0343222
0.170026
0.0018084
0.112023
0.00279493
0.784962
0.415764
0.522923
0.855343
0.167164
0.374415
0.00410332
0.237799
0.00799858
0.00167592
0.685989
0.0189389
0.549976
0.30136
0.181665
0.0533986
0.59695
0.0011594
0.404364
0.00817942
0.0183027
0.00574254
0.587925
0.419871
0.272764
0.475493
0.00464519
0.271736
0.0265061
0.189699
0.328085
0.151879
0.0895682
0.312726
0.654576
0.219933
0.263036
0.00369522
0.31386
0.627824
0.122849
0.056291
0.419556
0.0859593
0.240255
0.575698
0.195255
0.825971
0.0446722
0.00036039
0.0754726
0.0242255
0.0506342
0.318243
0.458545
0.0469698
0.331281
0.329582
0.310392
0.222237
0.0291574
0.264166
0.250841
0.538695
0.182739
0.0663094
0.000310445
0.320125
0.265575
0.0769176
0.087678
0.00261817
0.00173241
0.128089
0.137066
0.338006
0.614896
0.165481
0.209584
0.317989
0.282417
0.364841
0.188452
0.638213
0.18713
0.673719
0.654459
0.0167157
0.158101
0.18801
0.578957
0.0101381
0.673106
0.539375
0.215488
0.000464501
0.331855
0.0827066
0.186493
0.59699
0.155411
0.675365
0.170298
0.570216
0.524803
0.282132
0.287404
0.0415249
0.0283441
0.396248
0.0215354
0.0344597
0.422946
0.0058452
0.593165
0.616279
0.611388
0.153539
0.522921
0.873773
0.0132152
0.535109
0.0375824
0.00220335
0.0458243
0.112657
0.00575838
0.503179
0.0645812
0.45701
0.434502
0.770745
0.441347
0.219098
0.423848
0.668012
0.00533991
0.585713
0.0545486
0.0487403
0.283537
0.450563
0.400542
0.0858204
0.0137225
0.4417
0.550505
0.401404
0.00891524
0.485616
0.103469
0.132375
0.000531678
0.614981
0.261218
0.0487134
0.0105379
0.0201386
0.188843
0.000918379
0.29612
0.141657
0.0202636
0.136476
2.42074e-06
0.173277
0.00240074
0.30749
0.0906351
0.18493
0.0288244
0.613216
0.284962
0.146306
0.00974839
0.177973
0.134402
0.3396
0.313347
0.494901
0.0103521
0.0151111
0.369684
0.0938213
0.585311
0.00317795
0.000924938
0.00902833
0.124507
0.0533206
0.702902
0.00520953
0.227335
0.159715
0.691143
0.350692
0.250569
0.129517
0.596137
0.626418
0.00159801
0.0845847
0.00567804
0.00526875
0.0153962
0.566817
0.0860155
0.12565
0.00471175
0.317956
0.163986
0.0602755
0.0668262
0.407345
0.206377
0.0092289
0.0112606
0.744235
0.092903
0.486155
0.0124204
0.108986
0.435828
0.402485
0.463059
0.0051151
0.0505404
0.53745
0.128442
0.412123
0.837361
0.195066
0.786332
0.671652
0.103987
0.165646
0.411891
0.480786
0.000523243
0.858897
0.379948
0.0457464
0.156151
0.189162
0.255222
0.689619
0.54904
0.55077
0.618756
0.195479
0.620298
3.32976e-05
0.00100086
0.0420051
0.030382
0.471318
0.372754
0.105469
0.485761
0.246041
0.00516632
0.213243
0.366152
0.122176
0.445414
0.599601
0.435332
0.0144843
0.436028
0.205218
0.0432969
0.485073
0.242712
0.495155
0.816099
0.379561
0.304976
0.329505
0.374709
0.202686
0.306801
0.401767
0.255944
0.28318
0.036912
0.518323
0.350991
0.0128648
0.0738558
0.10389
0.000458302
0.618791
0.00709282
0.00707421
0.248244
0.0111682
0.7346
0.678876
0.145344
0.624459
0.496335
0.000171541
0.334289
0.555144
0.19569
0.384163
0.0170285
0.676044
0.580519
0.483123
0.00105894
0.160728
0.384284
0.847072
0.00097253
0.20598
0.719807
0.00488326
0.00170182
0.00850635
0.115172
0.119337
0.667319
0.373243
0.00166856
0.366354
0.109642
0.182335
0.0419987
0.0113295
0.735953
0.589357
0.717988
0.0108193
0.000315733
0.00280024
0.127002
0.573499
0.589412
0.309524
0.0968075
0.145662
4.70016e-06
0.0851664
0.741324
0.247855
0.563859
0.846126
0.000292547
0.594145
0.426118
0.0817909
0.00370018
0.00399187
0.305589
0.0976017
0.374755
0.0687864
0.000261426
0.808294
0.293565
0.626506
0.000329198
0.491207
0.0168511
4.6863e-05
0.00166795
0.723655
0.00971396
0.550852
0.313851
0.644415
0.468099
0.0318782
0.0329207
6.96465e-06
0.592827
0.0633668
0.0198849
0.0819415
0.424373
0.490933
0.142708
0.000580884
0.102007
0.125515
0.150466
0.0834511
0.0127112
0.0620634
0.027265
0.0721678
0.610833
0.43568
0.779092
0.596401
0.641847
0.0618185
0.00314137
0.575196
2.69658e-05
0.687137
0.00315554
0.0295367
0.59058
0.297734
0.1428
0.773627
0.00421433
0.000257195
0.0359868
0.073477
0.025298
0.0824174
0.70891
0.758514
0.172339
0.319578
0.508246
0.547839
0.334353
0.206159
0.242568
0.0193382
0.0024164
0.744198
0.00920962
0.182104
0.232439
0.00460319
0.429304
0.058195
0.115309
0.652959
0.0740657
0.219621
0.356066
0.263475
0.224441
0.0676033
0.0354151
0.518795
0.156898
0.313273
0.539254
0.490609
0.461062
0.301683
0.741979
0.335564
0.485949
0.156666
0.00242776
0.750644
0.275634
0.0128676
0.595416
0.257105
0.526457
0.47789
0.0441862
0.13735
0.571605
0.63949
0.396014
0.0695162
0.837084
0.655525
0.524723
0.169507
0.351443
0.0139813
0.0664802
0.131521
0.105987
0.00173783
0.0317202
4.91882e-06
0.398667
0.418857
0.40319
0.276484
0.220912
0.00170704
0.800451
0.145282
0.239469
0.0840478
0.46518
0.267997
0.656568
0.0192391
0.755373
0.102625
0.355524
0.336709
0.00274147
0.0259955
0.335256
0.305827
0.000392061
0.062216
0.276399
0.104319
0.0367534
0.285801
0.263069
0.523771
0.00415606
0.0907224
0.663211
0.717542
0.426017
0.0510084
0.214127
0.00122639
0.0353436
0.00854126
0.0161138
0.674062
0.460846
0.0115238
0.708515
0.0111028
0.581663
0.0476501
0.557819
0.0706097
0.715672
0.00431894
0.13736
0.356046
0.433313
0.208509
0.0348527
0.256291
0.826382
0.064722
0.135698
0.164138
0.00465115
0.873918
0.37892
0.434713
0.241448
0.356357
0.476379
0.722138
0.377151
0.0127388
0.237283
0.00101414
0.0985967
0.500329
0.0061205
0.536489
0.0759418
0.00156551
0.552948
0.0267378
0.123908
2.51855e-06
0.0669306
0.182585
0.0170619
0.0454867
0.0154909
0.166724
0.377916
0.304034
0.532042
0.585298
0.0122915
0.000396952
0.69292
0.32144
0.16985
0.259025
0.331069
0.00762674
0.0496529
0.859649
0.0593806
0.000510165
0.370885
0.109445
0.0858366
0.631258
0.154586
0.332559
0.350573
0.00242807
0.792675
0.00181979
0.316441
0.398717
0.62723
0.183761
0.0152074
0.177409
0.658815
0.0559664
0.000800194
0.0449231
0.148871
0.263796
0.0513586
0.587143
0.0294667
0.0246491
0.0869937
0.135789
0.199052
0.0114116
0.637951
0.125737
0.0552728
0.279617
0.22035
0.312421
0.308701
0.0216998
0.000825475
0.0990685
0.0151235
0.0214096
0.323778
0.000949434
0.243666
0.701226
0.419499
0.00213891
0.00836799
0.0128798
0.0281107
0.162971
0.367079
0.0903786
0.0823711
0.418324
0.499176
0.029472
0.405939
0.658037
0.000413853
0.721712
0.141134
0.00485345
0.0459365
0.0176363
0.343198
0.206667
0.0592792
0.26025
0.0489308
0.0123144
0.250097
0.234572
0.129372
0.187279
0.897089
0.471064
0.271228
0.459179
0.197481
0.00571739
0.39298
0.0211214
0.765284
0.0153516
0.604178
0.540996
0.147759
0.0583647
0.625872
0.304447
0.203577
0.209605
0.0256991
0.00287577
0.129944
0.45913
0.622747
0.360809
0.563872
0.354467
0.0445679
0.0184177
0.00745999
0.494736
0.631661
0.0515368
0.169857
0.00140193
0.0650786
0.88465
0.424431
0.000414103
0.00137004
0.263423
0.484465
0.521194
0.29401
8.5105e-05
0.69988
0.000712922
0.00481892
0.141924
0.74074
0.196612
0.0421755
0.0174085
0.0695642
0.0474721
0.280826
0.271263
0.406004
0.00459191
0.724642
0.177112
0.0165638
0.00487151
0.150967
0.743651
0.563654
0.636302
0.000542467
0.0106766
0.0863371
0.000711514
0.0867305
0.0670444
0.00154577
0.467283
0.0392085
0.00547208
0.0911823
0.139208
0.103089
0.365666
0.192267
0.58256
0.652208
0.104512
0.0348682
0.709627
0.271053
0.00351946
0.209742
0.180914
0.0951264
0.487273
0.626143
0.352666
0.0958708
0.530807
0.0238415
0.527247
0.00405499
0.737803
0.598632
0.0481339
0.762288
0.00698337
0.460844
0.69541
0.0535027
0.035648
0.159082
0.0843149
0.0248425
0.526136
0.0294014
0.537229
1.20159e-05
0.000411974
0.520629
0.00814909
0.0745235
0.681928
0.384826
0.0118456
0.411542
0.0281988
0.242094
0.404669
0.355426
0.00351849
0.00324753
0.671331
0.0180562
0.210592
0.628552
0.0268206
0.108325
0.579637
0.222399
0.582754
0.00367912
0.00293215
0.00507119
0.0930442
0.245996
0.632185
3.96556e-05
0.0194398
0.0140403
0.217669
0.137077
0.736315
0.170797
0.00655779
0.229785
0.074434
0.539232
0.0954339
0.012135
0.0874308
0.442855
0.546206
0.386293
0.132074
0.62037
0.339839
0.005194
0.387178
0.114665
0.00750496
0.413008
0.619662
0.729722
0.297287
0.216028
0.409636
0.765198
5.91112e-05
0.722991
0.00968691
0.375278
0.0806702
0.338878
0.0747381
0.0319085
0.811716
0.176076
0.0221048
0.0228162
0.250386
0.196404
0.0231258
0.331397
0.554517
0.380354
0.0570015
0.000307417
0.0261164
0.0545913
0.740964
0.0685996
0.301831
0.236505
0.600584
0.60319
0.000419701
0.558577
0.206415
0.0229495
0.520161
0.213543
0.464395
0.298747
0.401039
0.196319
0.00604858
0.274705
0.655204
0.0995292
0.0935276
0.0167112
0.0440948
0.578194
0.471062
0.00373015
0.000962444
0.253887
0.762425
0.330908
0.0612748
0.0986901
0.00273232
0.0491252
0.000262616
0.566145
0.222024
0.799927
0.719446
0.624342
0.358941
0.00108177
0.758086
0.362709
0.462548
0.360765
0.12137
0.565321
0.871023
0.509979
0.0189651
4.30206e-05
0.030893
0.482889
1.71671e-05
0.316478
0.54274
0.00381252
0.110739
0.0528621
0.156131
0.308553
0.066829
0.0894387
0.190371
0.464319
0.465468
0.282665
0.728706
0.123499
0.000548364
0.527245
0.74639
0.067432
0.816221
0.253049
0.0487668
0.161602
0.218825
0.397289
0.0297278
0.00271162
0.196582
0.000265741
0.240583
0.0176109
0.373669
0.428771
0.42017
0.13732
0.451263
0.000543196
0.669428
0.438976
0.531895
0.0999934
0.377992
6.44865e-05
0.264861
0.709951
0.127351
0.411753
0.110184
0.00382887
0.594797
0.461828
0.200127
0.546129
0.00974788
5.95754e-05
0.0144308
0.0347716
0.222287
0.138507
0.034099
0.1247
0.210988
0.0281874
0.268843
0.0250415
0.198725
0.0152657
0.0339983
0.00963069
0.404178
0.0519565
0.290897
0.0303317
5.19631e-05
0.0697609
0.00264366
0.199231
0.0128136
0.566958
0.356002
0.430805
0.00299284
0.00102321
0.526413
0.563518
0.00396086
0.525272
0.627839
0.272181
0.0294613
0.302649
0.469011
0.248801
0.462396
0.490247
0.33523
0.435791
0.547001
0.18367
0.0144141
0.0764255
0.306894
0.00947683
0.908885
0.570191
0.0930762
0.568359
0.355211
0.357623
0.048318
8.56907e-05
0.893152
0.134775
0.241908
0.0498574
0.0307451
0.332424
0.619752
0.534445
0.101512
0.621387
0.821221
0.686673
0.577105
0.00314233
0.100857
0.336999
0.554219
0.0676132
0.284457
0.664808
0.0295154
0.451897
0.025425
0.0293547
0.43585
0.174021
0.452195
0.000242043
0.414832
0.249117
0.192336
0.480293
0.000470272
0.113539
0.375342
0.190371
0.252879
0.139283
0.0414506
0.000483501
0.504391
0.282102
0.119402
0.195853
0.168629
0.089941
0.285121
0.0025364
0.20253
0.274824
0.0272437
0.65484
0.10505
0.366235
0.712552
0.0908639
0.647352
0.287977
0.329289
0.294979
1.74478e-05
0.575782
0.0242789
0.129814
0.0720363
0.0379269
0.410304
0.722051
0.0152642
0.00413408
0.139189
0.114755
0.60502
0.281277
0.341193
0.282401
0.80461
0.000475392
0.583035
0.00586859
0.163743
0.61372
0.692901
0.605056
0.196811
0.422496
0.00235142
0.000176175
0.00107552
0.620544
0.0031873
0.438217
0.465378
0.00567391
0.288277
0.496083
0.00136262
0.754064
0.598566
0.415523
0.294919
0.0123776
0.0596677
0.16016
0.0274766
0.230413
0.00137679
0.00364158
0.360315
0.427433
0.548821
0.00675439
0.492089
0.0374567
0.190473
0.562037
0.415838
0.189458
0.409232
0.276875
0.621529
0.509877
0.011137
0.102446
0.469179
0.0154821
0.0031272
0.513826
0.335877
0.505353
0.0743731
0.00756387
0.399985
0.264721
0.684563
0.0032914
0.885483
0.646019
0.00718595
0.55279
0.0336632
0.260709
0.0338072
0.0610707
0.00391669
0.122505
0.22775
0.180345
0.484618
0.0148335
0.158065
0.0237879
0.0387863
0.00632638
0.421703
0.0617987
0.10566
0.799616
0.621308
0.694347
0.369696
0.823578
0.304948
0.103099
0.106755
0.73936
0.0205023
0.192519
0.0241142
0.00154991
0.473908
0.652119
0.231078
4.60541e-05
0.433328
0.488683
0.541064
0.00980178
0.0127713
0.00601219
0.0030599
0.502774
0.669873
0.52753
0.0442127
0.539398
0.170731
0.556568
0.391683
0.384142
0.829234
0.292156
0.244949
0.023248
0.603833
0.441209
0.0451255
0.101965
0.178083
0.000257333
0.398732
0.00737393
0.400014
0.333378
0.545103
0.462443
0.108936
0.310104
0.741319
0.493279
0.089707
0.0847514
0.0503673
0.00171547
0.265802
0.362059
0.281982
0.104202
0.0126343
0.558726
0.00346232
0.0481757
0.339997
0.499609
0.288657
0.0118969
0.425865
0.00677955
0.180041
0.0334326
0.00167472
0.000181916
0.388864
0.792274
0.00464974
0.0377613
0.137034
0.360965
0.196362
0.070754
0.19618
0.0861301
0.773331
0.150643
0.0746723
0.34263
0.419857
0.454887
0.308578
0.251054
0.00195318
0.0572048
0.0208194
0.587731
0.369029
0.750626
0.876752
0.0724686
0.180729
0.66872
0.349194
0.178115
0.126137
0.283155
0.224391
0.358968
0.00451389
0.116615
0.666172
0.496116
0.0125144
0.583927
0.174816
0.14908
0.666967
0.0269293
0.00013443
0.300966
0.0153176
0.0920998
0.572566
0.63352
0.035891
0.2214
0.110092
6.3224e-05
0.134241
0.392576
0.000345606
0.00227168
0.730593
0.0579701
0.291823
0.643458
0.599984
0.367033
0.645787
0.476734
0.425254
0.026038
0.195314
0.553728
0.253674
0.0523008
0.352245
0.0305969
0.00393402
0.661366
0.611788
0.713756
0.145823
0.326193
0.247289
0.0057709
0.0129426
0.785019
0.000972825
0.640008
0.468416
0.000715784
0.0952248
0.810001
0.287794
0.000142425
0.247727
0.0031305
0.429974
0.391893
0.407956
0.573046
0.758805
0.413812
0.00613726
0.348343
0.0393343
0.3822
0.166054
0.14458
0.492697
0.00924302
0.394013
0.654523
0.000895336
0.0783516
0.177785
0.731494
0.38772
0.0207594
0.196303
0.44963
0.0228733
0.0146711
0.0892568
0.365584
0.493878
0.612509
0.00650316
0.532097
0.0650993
0.636188
0.207146
0.256765
0.0559833
0.135292
0.482054
0.271596
0.00260874
0.290435
0.146973
0.000408997
0.432689
0.0454276
0.537878
0.057078
0.483849
0.501961
0.387663
0.436656
0.208911
3.50162e-05
0.0461089
0.629748
0.00104073
0.111168
0.463108
0.772228
0.619804
0.0726352
0.0324732
0.0747469
0.0870035
0.697575
0.572948
0.0578053
0.146687
0.253869
0.3732
0.00488718
0.760022
0.0257864
0.41033
0.00253857
0.36474
0.00360753
0.0491124
6.22906e-05
0.702209
9.77231e-06
0.0153245
0.347201
0.00230933
0.575154
0.000319482
0.0007426
0.00172394
0.0122676
0.545192
0.347446
0.0312873
0.229408
0.207704
0.0340458
0.0175169
0.315618
0.324011
0.0529664
0.148653
0.623558
0.00738569
0.138018
0.057759
0.386838
0.0180536
0.00355595
0.647097
0.340572
0.272546
0.10083
0.422249
8.99996e-06
0.451792
0.600237
0.221569
0.671138
0.462169
0.742642
0.747607
0.249023
0.390427
0.325191
0.324053
0.16326
0.355925
0.0478132
0.234834
0.294915
0.491157
0.065061
0.228657
0.119277
0.247922
0.722488
0.64182
0.650639
0.263815
0.254756
3.34376e-05
0.755438
0.0114056
0.0270745
0.00858975
0.591867
0.0102071
0.873292
0.493537
0.183
0.49738
0.12027
0.583735
0.201059
0.0033723
0.601243
0.369398
0.0703583
0.274067
0.194931
0.0154413
0.00015917
0.0199585
0.281379
0.135739
0.585444
0.103
0.0225671
0.3329
0.0382657
0.0739469
0.354293
0.631949
0.549988
0.803288
0.270417
0.376753
0.0166488
0.0722086
0.576847
0.363571
0.00754479
0.0742602
0.799106
0.0179124
0.672874
0.383763
0.0160808
0.00611223
0.21388
0.352681
0.15671
0.721998
0.00448636
0.0408061
0.407229
0.380686
0.0835954
0.687766
0.0320956
0.00972691
0.504689
0.252665
0.243269
0.185255
0.117074
0.00126336
0.343448
0.141233
0.42486
0.324994
0.268246
0.480155
0.449698
0.414976
0.178235
0.352811
0.0103226
0.00462881
0.811154
0.458207
0.318503
0.00581564
0.258554
0.0179891
0.549879
0.42112
0.455586
0.277148
0.659576
0.290712
0.043488
0.49591
0.490948
0.0210079
0.664132
0.000865422
0.00196157
0.00419566
0.372554
0.29165
0.0016334
0.182997
0.138655
0.520416
0.529364
0.000573602
0.24089
0.324195
0.00128284
0.455149
0.205141
0.564595
0.122601
0.248659
0.797716
0.010098
0.353962
0.0592366
0.000652722
0.396107
0.00207407
0.104117
0.329145
0.0163626
0.784975
0.115759
0.603384
0.101449
0.0219181
0.63506
0.330505
0.274555
0.523738
0.503277
0.213632
0.0488389
0.115721
0.0667778
0.503017
0.181952
0.000824577
0.0377678
0.0017937
0.274254
0.0504786
0.000525887
0.356349
0.0263113
0.360084
0.209663
0.11617
0.0359579
0.382547
0.133191
0.445382
0.17947
0.444501
0.00049652
0.692802
0.0171559
0.0030926
0.274453
0.467608
0.0341069
0.317639
0.626274
0.0135157
0.0190388
0.0473373
0.117957
0.0236068
0.000767049
0.0197422
0.308646
0.000663932
9.59711e-05
5.2112e-05
0.0204744
0.233096
0.449248
0.0358185
0.00771104
0.575918
0.172544
0.694817
0.193917
0.23141
0.859404
0.203653
0.553544
0.222878
0.0872101
0.0651844
0.288558
0.00159129
0.00172721
0.226582
0.265034
0.0207053
0.515102
0.307028
9.63251e-05
0.560019
0.109344
0.161225
0.669523
0.0542492
0.439961
0.00445198
0.314746
0.699678
0.513928
0.301241
0.492471
0.158259
0.276732
0.0490344
0.276198
0.00115477
0.540761
0.222938
0.504987
0.0123272
0.0660304
0.00146798
0.322677
0.759828
0.213818
0.470218
0.242745
0.892474
0.102589
0.0556482
0.553795
0.0259478
0.582846
0.00200062
0.612782
0.494871
0.517211
0.103951
0.156968
0.17557
0.00107753
0.00157886
0.50296
0.393939
0.369152
0.287114
0.584817
0.485456
0.311929
0.000473865
0.164447
0.0564842
0.325882
0.322359
0.0784592
0.0128316
0.787926
0.00136929
0.558465
0.0103222
0.119679
0.00579077
0.657859
0.0461975
0.058852
0.096391
0.612654
0.0648485
0.13063
0.806031
0.234571
0.0750633
0.0253663
0.189577
0.431117
0.173646
0.023149
0.0230254
0.445275
0.0773533
0.700269
0.00331043
0.11822
0.450604
0.0119638
0.00346533
0.000103174
0.127006
0.00664881
0.00015704
0.414839
0.787075
0.36122
0.000791486
0.327959
0.0619576
0.337609
0.00972027
0.286586
0.430688
0.453919
0.00292404
0.000398657
0.195016
0.0292185
0.00379412
0.168782
0.227463
0.137882
0.000978874
0.0412531
0.0373431
0.0366938
0.788326
0.0970847
0.499599
0.288135
0.681933
0.100129
0.0654408
0.033771
6.49507e-05
0.479642
0.00356934
0.0474604
0.748316
0.299891
0.242417
0.887223
0.000993037
0.261301
0.298551
0.00142756
0.000152917
0.497319
0.744268
0.849625
0.550236
0.0417359
0.074447
0.709501
0.285207
0.199913
0.669703
0.448629
0.549319
0.368682
0.000199873
0.466734
0.301435
0.358958
0.585936
0.537192
0.513447
0.437182
0.738701
0.0424825
0.00817632
0.756561
0.494716
0.279606
0.00491646
0.534781
0.25234
0.303286
0.308618
0.137122
0.00493988
0.432296
0.478199
0.798253
0.907575
0.609861
0.847762
0.693286
0.778239
0.420403
0.689186
0.00532917
0.538045
0.602718
0.304468
0.0608581
0.21055
0.00574587
0.27643
0.0152769
0.432428
0.0015709
0.923272
0.162901
0.560955
0.0923829
0.0223505
0.477013
0.322936
0.00399113
0.319628
0.315334
4.29998e-05
0.139274
0.000266451
0.00485026
0.360294
0.0438124
0.005877
0.254227
0.545831
0.367911
0.010726
0.017917
2.50065e-06
0.369203
0.195501
0.28868
0.0949921
0.686073
0.179401
0.390398
3.43927e-05
0.0253931
0.36578
0.00493657
0.0184497
0.431518
0.000447724
0.0126914
0.608284
0.435084
0.621293
0.26914
0.710533
0.618928
0.688856
0.052773
0.294758
0.0989703
0.710885
0.553394
0.00221471
0.0020781
0.616335
0.0470343
0.097264
0.633683
0.355613
0.199382
0.0528132
0.240699
0.739019
0.121183
0.0849392
0.534517
0.00512788
0.00651976
0.637739
0.446764
0.269623
0.613907
0.188851
0.478303
0.026616
0.475826
0.0891735
0.409729
0.582369
0.200987
0.0136618
0.601009
0.00358521
0.012387
0.438438
0.210951
0.615587
0.146005
0.615456
0.00642518
0.436559
0.0847154
0.602308
0.121973
0.146239
0.0166314
0.315007
0.028043
0.0649822
0.661191
0.0060202
0.231347
0.00185418
0.824452
0.43273
0.373374
0.383771
0.0639449
0.561995
0.0209826
0.217076
0.399732
0.0175797
0.136295
0.158488
0.011158
0.00239787
0.0160873
0.258779
0.729738
0.508252
0.0261536
0.436179
0.653781
0.492109
0.806279
0.5469
0.711764
0.00552094
0.124523
0.0496029
0.67377
0.631567
0.00153356
0.456293
0.670552
0.282463
0.108501
0.650708
0.486408
0.372117
0.259579
0.592544
0.447349
0.000820386
0.0128675
0.531267
0.240477
0.00537352
0.0450696
0.00569989
0.0127317
0.293423
0.434864
0.786882
0.0209207
0.287005
0.0182911
0.147818
0.00969419
0.148251
0.0340818
0.0345738
0.886987
0.00162633
0.130694
0.043923
0.0917068
0.734281
0.018028
0.00387055
0.000380471
0.053637
0.318366
0.235143
0.252901
0.0133748
0.060244
0.00771694
0.333725
0.266578
0.00699179
0.574427
0.068501
0.640401
0.00855427
0.424128
0.043408
0.245679
0.110958
0.393354
0.0129016
0.00157671
0.585345
0.0840853
0.140795
0.000232504
0.0955994
0.489857
0.269534
0.476478
0.425373
0.0153719
0.855757
0.303416
0.685373
0.383721
0.215993
0.0690107
0.76013
0.383834
0.0232397
0.00593538
0.291295
2.86745e-05
0.0013639
0.64563
0.000281346
0.0460357
0.00268593
0.276693
0.0118062
0.612881
0.194872
0.253748
0.352076
0.105561
0.0113623
0.0163369
0.644984
0.566945
0.536955
0.512517
0.00390742
0.489921
0.109131
0.204709
0.115176
0.000623588
0.326724
0.0988452
0.0842981
0.0376301
0.480792
0.305931
0.132545
0.13546
0.228544
0.242947
0.196995
0.700394
0.588694
0.122707
0.508962
0.0291169
0.0162411
0.892487
0.139317
0.545671
0.000720346
0.649168
0.00440264
0.0238073
0.625543
0.164273
0.612484
0.205033
0.0829016
0.0393935
0.120025
0.366681
0.0137244
0.00234096
0.631803
0.0494615
0.368469
0.130944
0.0534892
0.164017
0.10947
0.0642408
0.070006
0.548827
0.524044
0.517361
0.171549
0.0316586
0.664701
0.0422077
0.362203
0.00366949
0.412935
0.0305015
0.0134354
0.456412
0.00390224
0.0524025
0.0687438
0.290145
0.0288338
0.077226
0.0158454
0.55519
0.226642
0.0299218
0.393547
0.606757
0.0110227
0.0547735
0.57182
0.320608
0.608781
0.71486
0.208277
0.00175989
0.00539839
0.259269
0.437875
0.591543
0.0946761
0.00863826
0.156223
0.655585
0.272455
0.010729
0.205861
0.711465
0.00878516
0.00712661
0.284149
0.0231934
0.207909
0.197403
0.684629
0.05038
0.165025
0.451967
0.576336
0.430259
0.138813
0.266904
0.764924
0.101903
0.345696
0.676296
0.542089
0.00231884
0.0124872
0.0610256
0.00825281
0.341624
0.000840851
0.069173
0.662258
0.0933881
0.750033
0.017156
0.716741
0.00297944
0.065421
0.0669374
0.167939
0.541286
0.14353
0.56488
0.275323
0.0647101
0.046144
0.00105931
0.0290406
0.388429
0.0838468
0.0443799
0.0694099
0.0217795
0.539906
0.0813317
0.0644579
0.00206575
0.243017
0.014718
0.705706
0.662069
0.282294
0.776798
0.466835
0.508592
0.23617
0.348308
0.0020708
0.624783
0.508026
0.378571
0.160668
0.452727
0.542896
0.0244776
0.589538
0.585463
0.142248
0.274878
0.436382
0.156747
0.291845
0.0363349
0.674901
0.274003
0.333587
0.708142
0.150083
0.162566
0.0172602
0.0669982
0.211423
0.472734
0.44703
0.647145
0.0304646
0.628879
0.201043
0.287608
0.15078
0.430425
0.021151
0.0211805
0.0566236
0.401117
0.00682467
0.563701
0.058605
0.179488
0.0378768
0.000240974
0.560828
0.000837534
0.828078
0.00821301
0.505067
0.638729
0.330124
0.0124619
0.120452
0.00197863
0.00514164
0.472758
0.653199
0.00869965
0.0248355
0.329378
0.234647
0.599873
0.544069
0.183185
0.162694
0.268318
0.0194504
0.572894
0.765621
0.383741
0.106611
0.446176
0.0914098
0.469535
0.0748342
0.395906
0.00106313
0.00117983
0.176257
0.0259967
0.503391
0.000268509
0.0116186
0.259058
0.441924
0.130354
0.0538877
0.195441
0.155744
0.53543
0.348667
0.291725
0.0446696
0.409608
0.148773
0.00039813
0.153486
0.345527
0.0279247
0.658566
0.00209752
0.0645129
0.815741
0.396112
0.644605
0.0779231
0.286741
0.104107
0.660549
0.00240644
0.0104241
0.0122257
0.648343
0.25766
0.0256569
0.566967
0.0284678
0.117394
0.368111
0.0199949
0.240544
0.326482
0.108766
0.500021
0.423645
0.570773
0.00197808
0.60928
0.0473698
0.0022794
0.279181
0.236914
0.425176
0.267803
0.0249754
0.357173
0.311367
0.424327
0.0389656
0.599196
0.653298
0.842389
0.0427757
0.0828526
0.00145597
0.772895
0.355313
0.31026
0.00219292
0.171342
0.728517
0.000372997
0.0599895
0.0045264
0.157862
0.681804
0.0144924
0.565674
0.0292695
0.0469258
0.565182
0.38254
0.68127
0.630263
0.533971
0.0506179
0.000206909
0.373176
0.784553
0.540941
0.0349057
0.00102218
0.156515
0.701816
0.47715
0.219986
0.0220175
0.000110609
0.000112173
0.18951
0.123135
0.204685
0.215197
0.0182814
0.0256835
0.168678
0.000136499
0.265946
0.387044
0.448894
0.0031725
0.0178152
0.195486
0.790612
0.057608
0.165066
0.674104
0.503575
0.00655522
0.169994
0.0387107
0.00490714
0.253023
0.600378
0.212782
0.235787
0.318083
0.46172
0.348149
0.107095
0.562601
0.183362
0.00356874
0.399639
0.00137433
0.00922072
0.121364
0.0914886
0.0567184
0.0714545
0.226582
0.40446
1.55531e-05
0.183878
0.0632028
0.0267147
0.586531
0.0190143
0.603248
0.0043671
0.0961876
0.00212101
0.0906754
0.0224166
0.00435983
0.523733
0.779479
0.494069
0.465851
0.359219
0.760771
0.425854
0.807742
0.214256
0.351143
0.31345
0.000379523
0.0548552
0.0163762
0.264112
0.446317
0.61961
0.822325
0.81347
0.000291199
0.00195216
0.426196
0.102801
0.0629261
0.0167501
0.165486
0.0023277
0.134231
0.509638
0.0178472
0.415928
0.0142122
0.596991
0.12141
0.642132
0.0424947
0.323152
0.313914
0.503928
0.00313584
0.0184736
0.336915
0.0264522
0.275265
0.0221777
0.113821
0.0161174
0.368362
0.298668
0.370724
0.0179986
0.00258281
0.254006
0.495845
0.422555
0.50869
0.534665
0.0530195
0.300738
0.362979
0.47321
0.150522
0.601078
0.605969
0.00689224
0.00424263
0.0413515
0.314638
0.328755
0.00696983
0.431211
0.422342
0.027762
0.0520885
0.0331204
0.00304655
0.522397
0.00982128
0.0762724
0.437232
0.0567607
0.125398
0.285813
0.236321
0.000180451
0.00857205
0.599559
0.00915169
0.00162281
0.139853
0.857313
0.00184954
0.0764615
0.00137074
0.465972
0.411855
0.000719827
0.0881415
0.394222
0.294957
0.151708
0.147483
0.465634
0.22229
0.716878
0.00187438
0.576432
0.103787
0.722818
0.234123
0.0120976
0.237482
0.557451
0.0670917
0.251126
0.0986872
0.936388
0.0325237
0.0271244
0.485884
0.295394
0.0389875
0.556609
0.435318
0.312769
0.467293
0.376351
0.0757718
0.0781857
0.022631
0.570853
0.124412
0.284159
0.0145383
0.0272205
0.626466
0.00657615
0.172533
0.133361
0.312517
0.185873
0.147756
0.646741
0.141082
0.510612
0.556676
0.00137797
0.0395781
0.0458061
0.0328246
0.000126661
0.193749
0.295134
0.207525
0.510219
0.022973
0.485949
0.585253
0.00233351
0.00258838
0.372196
0.0121665
0.742394
0.461204
0.449047
0.456169
0.0667738
0.0623851
0.241334
0.0927254
0.167833
0.614543
0.00880345
0.00279873
0.394757
0.412289
0.223613
0.299143
0.656494
0.642236
0.447542
0.0367132
0.253223
0.000626876
0.31073
0.351707
0.0202206
0.0385201
0.00437259
0.243923
0.0179187
0.00952237
0.217655
0.00364307
0.0693846
0.320725
0.000779836
0.512367
0.0613351
0.156616
0.316727
0.000316625
0.654213
0.225359
0.00885188
0.31857
0.00120164
0.347396
0.226926
0.604944
0.039774
0.0354808
0.0528797
0.642105
0.36464
0.504763
0.236956
0.0728769
0.000822521
0.076939
0.201635
0.16923
0.365923
0.00133143
0.0236733
0.796212
0.478232
0.000395131
0.540201
0.133784
0.0432975
0.325422
0.419192
0.569359
0.0129197
0.295548
0.0108666
0.00374581
0.104863
0.000794477
0.0450949
0.0165572
0.229738
0.478929
0.089978
0.0235107
0.129212
0.00753585
0.0159053
0.691288
0.220746
0.0122309
0.516631
0.291847
0.0607042
0.462749
0.356122
0.0642511
0.00364288
0.00103911
0.653747
5.12567e-05
0.00103561
0.423366
0.133857
0.000473798
0.431824
0.252446
0.013086
0.493739
0.220429
0.520779
0.499086
0.474032
0.415169
0.337978
0.0693707
0.00084305
0.274335
0.0292694
0.173286
0.432659
0.583857
0.000639968
0.0744385
0.278052
0.512656
0.463366
0.122791
0.00224131
0.672032
0.342911
0.766875
0.0320688
0.193481
0.297019
0.704675
0.00013355
0.421493
0.463398
0.0954196
0.0775363
0.0182899
0.0400841
0.805903
0.0284882
0.571709
0.0997527
0.118891
0.748818
0.0643984
0.174221
0.60788
0.155422
0.716707
0.412883
0.00140253
0.552711
0.692722
0.000137502
0.804958
0.0097696
0.000425009
0.00581958
0.243806
0.358679
0.0921689
0.25002
0.00457479
0.00183441
0.326731
0.399041
0.0368194
0.00595372
0.578228
0.0177932
0.603652
0.328812
0.176996
0.538106
0.406166
0.0824997
0.0518919
0.0026282
0.0237467
0.0128588
0.00318924
0.0491463
0.187856
0.430371
0.227448
0.0748255
0.00284805
0.0409256
0.0867143
0.0248787
0.000362693
0.496799
0.546154
0.146133
0.398194
0.0246479
0.738593
0.311093
0.0526389
0.349005
0.000601103
0.126727
0.0123939
0.0236622
0.043634
0.664123
0.256044
0.803725
0.0294206
0.00342957
0.0230631
0.00692593
0.0997927
0.282726
0.565921
0.499806
0.107311
0.0854038
0.00137907
0.436154
0.518969
0.199401
0.633464
0.103845
0.173164
0.157705
0.170989
0.147862
4.99244e-05
0.00297427
0.37526
0.466389
0.267865
0.00197316
0.0132743
0.000478595
0.109112
0.792008
0.211197
0.260159
0.00457385
0.165006
0.578102
0.5821
0.0218695
0.0489255
0.0291775
0.770588
0.521793
0.764496
0.585972
0.0391193
0.00326114
0.016752
0.0765826
0.232366
0.00927523
0.00241226
0.0966472
0.162433
0.484942
0.246026
0.564241
0.00109397
0.000429071
0.0127492
0.0878395
0.0790221
0.0278665
0.251853
0.134527
0.0932693
0.00228645
0.0534729
0.442044
0.693382
0.175506
0.51185
0.269029
0.381528
0.556144
0.876058
0.0636682
0.00917008
0.0236671
0.809371
0.721161
0.265721
0.219122
0.65308
0.213653
0.480773
0.21638
0.00209717
0.000204811
0.000236607
0.599331
0.0284898
0.018371
0.0087174
0.0572619
0.528291
0.63801
0.0185701
0.375548
0.00240676
0.293505
0.398094
0.0204207
0.551779
0.0820546
0.251309
0.161433
0.464081
0.713974
0.463088
0.631903
0.0176597
0.0723065
0.102117
0.204015
0.0256084
0.215594
0.108669
0.131446
0.612669
0.305967
0.011075
3.42411e-05
0.88276
0.421962
0.00160521
0.569023
0.0137751
0.184716
0.0393289
0.000643738
0.000495939
0.497204
0.619778
0.110015
0.0315563
0.822533
0.678813
0.604921
0.0340852
0.0802834
0.298985
0.0604377
0.0666676
0.00768905
0.256644
0.507515
0.334749
0.03104
0.290513
0.00547175
0.000912149
0.511492
0.591495
0.648131
0.0280673
0.558323
0.0942758
0.708824
0.371859
0.324476
0.725513
0.115638
0.251215
0.0486694
0.00458574
0.468989
0.0165904
0.0117112
0.621326
0.4858
0.246787
0.0182318
0.360391
0.0194309
0.675404
0.0372484
0.0259322
0.581825
0.475575
0.415099
0.801485
0.00941725
0.890864
0.414226
0.315656
0.241616
0.0305254
0.723162
0.18818
0.0594342
0.0158295
0.724536
0.0127587
0.345489
0.561318
0.529828
0.182874
0.581637
0.0371605
0.417541
0.0221948
0.00112193
0.543557
0.420969
0.396744
0.450016
0.71442
0.0562611
0.518722
0.516901
0.863844
0.114987
0.244628
0.478726
0.404884
0.0207474
0.484781
0.466374
0.358885
0.0447798
0.45604
0.728875
0.0831537
0.00429936
0.0562891
0.194522
0.0309189
0.719798
0.410056
0.204856
0.0471504
0.272418
0.594256
0.0598094
0.00190766
0.542291
0.27019
0.54364
0.744623
0.0135295
0.576105
0.500566
0.69157
0.000369684
0.216344
0.290889
0.473489
0.349519
0.51428
0.682908
0.496831
0.0121786
0.0310805
0.102003
0.364264
0.0220804
0.273977
0.0906846
0.217096
0.619391
0.645706
0.0269273
0.551003
0.00287437
0.785094
0.0123056
0.579374
0.00942809
0.0160348
0.179957
0.103608
0.380116
0.00153985
0.00718142
0.311769
0.351152
0.172472
0.158005
0.444781
0.116413
0.0228161
0.00164723
0.319613
0.00086781
0.746036
0.072003
0.288259
0.512591
0.00180114
0.00195915
0.0541521
0.238749
0.544302
0.432544
0.0276506
2.09241e-05
0.303859
0.277847
0.196709
0.292652
0.0680193
0.233205
0.270981
0.000281377
0.0120269
0.106006
0.292602
0.482562
0.0779715
0.0362823
0.186429
0.857796
0.00605511
0.415481
0.360756
0.0409348
0.137858
0.309175
0.0425744
0.548746
0.0172794
0.00220675
0.14736
0.309445
0.733009
0.351774
0.024913
0.265744
0.385138
0.289899
0.298161
0.545218
0.63334
0.128705
0.0561054
0.231763
0.00283271
0.800855
0.0236507
0.457113
0.128633
0.109192
0.52995
0.00105811
0.351567
0.000186002
0.000275908
0.331489
0.141529
0.635978
0.683428
0.00448347
0.237488
0.329375
0.753918
0.000112403
0.144953
0.306465
0.385681
0.00721955
0.0383388
0.71028
0.515212
0.190896
0.668411
0.323032
0.309147
0.35809
0.00358931
0.00358064
0.181215
0.284896
0.647597
0.293372
0.00154025
0.0190819
0.620965
0.64479
0.0407562
0.411721
0.964326
0.584578
0.905022
0.484229
0.0856929
0.722673
0.18969
0.00633163
0.612514
0.375168
0.676588
0.0376431
0.670066
0.0086257
0.281007
0.109771
0.126303
0.623016
0.0205366
0.178217
0.00310105
4.09423e-05
0.553171
0.291321
0.00064934
3.69677e-05
0.467903
0.378334
0.667551
0.0487852
0.0333936
0.11432
0.375408
0.0297915
0.0100864
0.445644
0.240815
0.04211
0.894331
2.88889e-05
0.103159
0.435708
0.298112
0.592087
0.317494
0.181373
0.21347
0.429541
0.0316416
0.109757
0.56812
0.583817
0.00100908
0.24186
0.0125221
0.250454
0.155887
0.46587
0.00612973
0.0398212
0.464124
0.0789256
0.00547081
0.331692
0.458214
0.000133294
0.523825
0.608401
0.253378
0.0409327
0.0735307
0.166527
0.070531
0.897111
0.0318
0.661251
0.00187704
0.557903
0.539063
0.00339765
0.513763
0.339637
0.317375
0.0129252
0.526024
0.728436
0.538754
0.0002951
0.224783
0.00175635
0.445246
0.0781465
0.029295
0.000306605
0.254264
0.00909954
0.110216
0.214404
0.0391707
0.373654
0.000753977
0.387857
0.276842
0.00488015
0.296712
0.0200269
0.0827504
0.047392
0.00659939
0.000251654
0.0689281
0.0154331
0.0707062
0.554502
0.640883
0.000924269
0.818223
0.740732
0.217543
0.401147
0.518114
0.000355903
0.181605
0.301051
0.121355
0.451535
0.185031
0.0529481
0.392777
0.0183263
0.461895
0.0104382
0.510497
0.000442614
0.0108738
0.321729
0.604363
0.0175536
0.000209905
0.101018
0.201535
0.712894
0.00120498
0.176525
0.163545
0.121931
0.565886
0.0936229
0.0216033
0.486949
0.00568193
0.17356
0.187173
0.0300999
0.466431
0.291194
0.822475
0.00637001
0.646814
0.372846
0.704994
0.143491
0.0831989
0.0090293
0.00488172
0.282766
0.202805
0.00342744
0.439925
0.782687
0.120871
0.047437
0.0196066
0.779345
0.171016
0.260859
0.466601
0.092813
0.868571
0.0503727
0.0235797
0.113062
0.103245
0.367209
0.381736
0.539353
0.0114333
0.266243
0.426104
0.356478
0.596501
0.190405
0.0164693
0.0692736
0.631348
0.602145
0.000108627
0.125995
0.712773
0.455326
0.017767
0.0103996
0.0148201
0.1473
0.271747
0.024051
0.0736173
0.527008
0.123294
0.554828
0.111303
0.0278619
0.0814344
0.00121799
0.604328
0.500912
0.719796
0.767642
0.112841
0.456258
0.0113478
0.0598657
0.483183
0.00939313
0.535094
0.471645
0.166237
0.171983
0.290167
0.0282563
0.0368104
0.206199
0.604577
0.649916
0.442393
0.671484
0.590622
0.63547
0.677272
0.215027
0.173862
0.0100239
0.0528346
0.100348
0.0116012
0.730625
8.02162e-05
0.24766
0.403834
0.527782
0.581336
0.00322627
0.000677289
0.000265301
0.025328
0.374013
0.469408
0.307842
0.579968
0.0685554
0.359006
0.560163
0.0647982
0.696644
0.148715
0.693303
0.0394716
0.0153452
0.114025
0.0890583
0.501215
0.00651527
0.122829
0.0451056
0.355031
0.720176
0.0294552
0.136397
0.0946077
0.259076
0.0873695
0.47299
0.609769
0.921794
0.0655547
0.299848
0.506956
0.0213987
0.0263759
0.488406
0.419265
0.00462975
0.583653
0.479254
0.0474036
0.373668
0.223009
0.121136
0.335674
0.147272
0.366547
0.162572
0.127891
0.0487153
0.683963
0.726618
0.000899943
0.0309451
0.667161
0.446277
0.305316
0.593319
0.619322
0.217545
0.0351857
0.0392795
0.0113466
0.290407
0.105095
0.194511
0.540462
0.43364
0.373257
0.848902
0.148176
0.0149274
0.59268
0.494356
0.00506232
0.342907
0.000327117
0.0259041
0.446911
0.608731
0.191854
0.0730531
0.579443
0.36798
0.67445
0.41194
0.816681
0.111448
0.560627
0.0823928
0.37271
0.347893
0.0451529
0.0137465
0.461153
0.127473
0.773181
0.472399
0.061989
0.518092
0.782899
0.556166
0.251247
0.303394
0.543191
0.0594031
0.0686568
0.121255
0.00255722
0.109377
0.736921
0.369342
0.0195002
0.482999
0.464951
0.211214
0.379034
0.727134
0.0616957
0.0141944
0.129949
0.112542
0.0299809
0.0306289
0.487683
0.153182
0.34742
0.468851
0.499812
0.148811
0.0052787
0.00647354
0.737728
0.00261554
0.181596
0.00636163
0.000226068
0.172694
0.00423489
0.748086
0.00299023
0.000364172
0.840846
0.348448
0.625855
0.174282
0.141893
0.117826
0.301857
0.751625
0.166209
0.0247788
0.79067
0.342842
0.132304
0.00758397
0.215396
0.337875
0.109094
0.126119
0.559477
0.432102
0.205423
0.0639337
0.651724
0.245053
0.0489934
0.0666795
0.0213939
0.083402
0.655792
0.429838
0.129706
0.00887358
0.630752
0.7314
0.333125
0.220281
0.200592
0.0643842
0.682676
0.690336
0.701601
0.674331
0.0856244
0.7857
0.01025
0.389245
0.0461162
0.58903
0.321281
0.693807
0.802986
0.520095
0.00762558
0.819441
0.773067
0.481193
0.370282
0.224745
0.188445
0.298128
0.34464
0.133735
0.653579
0.523959
0.327791
0.0158211
0.550761
0.495835
0.511338
0.632477
0.429703
0.696081
0.131898
0.0204454
0.33231
0.495337
0.143981
0.0834772
0.254854
0.0189054
0.479839
0.264315
2.67996e-05
0.600129
0.0264256
0.402084
0.333356
0.428748
0.575478
0.419507
0.547148
0.617611
0.315607
0.62037
0.224452
0.328393
0.715891
0.370763
0.00832154
0.00115093
0.0235212
0.00440647
0.210026
0.206272
0.130598
0.0101675
0.106981
0.413668
0.173414
0.0569293
0.186751
0.0210501
0.240237
0.0933214
0.556579
0.338716
0.0828772
0.642531
0.106115
0.0179683
0.00594751
0.135417
0.486587
0.164201
0.478534
0.230042
0.0071565
0.43809
0.379785
0.538485
0.234342
0.0259073
0.024681
0.437536
0.363964
0.540491
0.735588
0.426686
0.0304637
0.694402
0.0031765
0.245983
0.0550673
0.533188
0.15235
0.481882
0.430478
0.472571
0.481629
0.0570557
0.00665559
0.126222
0.0492725
0.569055
0.566561
0.0104453
0.00226445
0.0952697
0.348537
0.0367413
0.409099
0.180244
0.0263342
0.0105562
0.22452
0.465818
0.478448
0.893315
0.0201432
0.532469
0.600383
0.000270501
0.0138382
0.557254
0.360219
0.0642011
0.470641
0.0272961
0.210158
0.000331912
0.544775
6.64176e-05
0.396138
0.756892
0.456806
0.248408
0.701302
0.0172539
0.0310813
0.0403202
0.240109
0.491684
0.00297308
0.0419853
0.360411
0.524933
0.592624
0.221804
0.633973
0.629098
0.315078
0.745583
0.323826
0.0852683
0.0904293
0.159469
0.0467487
0.291818
0.732283
0.101258
0.551286
0.00463315
0.0778983
0.379939
0.202558
0.0190927
0.584242
0.473027
0.543825
0.0180325
0.617455
0.349715
0.568129
0.305114
0.209338
0.152939
0.417085
0.40856
0.0763946
0.342375
0.355897
0.152017
0.237212
0.772894
0.589346
0.35996
0.203998
0.40442
0.0086345
0.0796261
0.0749672
0.320456
0.00375357
0.461951
0.353066
0.690521
0.00810317
0.00680631
0.477744
0.421865
0.010376
0.131924
0.751187
0.179508
0.866639
0.68022
0.18264
0.369705
0.210778
0.0115207
0.547972
0.23314
0.03857
0.290208
0.0432407
0.00438434
0.450424
0.182201
0.0107338
0.306477
0.24339
0.376864
0.0234666
0.587693
0.0011373
0.40268
0.0171907
0.130422
0.121923
0.0292187
0.468286
0.748149
0.266875
0.0106023
0.730337
0.00286573
0.349857
0.00152829
0.156908
0.329607
0.427049
0.672161
0.121037
0.184809
0.287192
0.00202372
0.00511458
0.425472
0.454511
0.29517
0.00613642
0.0473637
0.804555
0.0460787
0.00341382
0.0080871
0.334206
0.000531282
0.247896
0.435762
0.23151
0.858027
0.606697
0.000949563
0.749347
0.381099
0.158206
0.568969
0.308103
0.396379
0.388844
0.00475352
0.583091
0.643289
0.757187
0.384886
0.00773686
0.0165482
0.0364299
0.0953125
0.0451934
0.049427
0.23303
0.278376
0.0325636
0.0791344
0.0432712
0.396458
0.301713
0.0371083
0.00285879
0.0132345
0.418799
0.330723
0.292456
0.15661
0.452256
0.184513
0.227183
0.566367
0.000697078
0.429086
0.694373
0.64695
0.173882
0.187138
0.0105503
0.079981
0.0115406
0.00384205
0.667902
0.258291
0.806349
0.523226
0.638626
0.133088
0.353966
0.00466163
0.0244517
0.0177721
0.0350587
0.436434
0.477175
0.212964
0.793484
0.0186425
0.664357
0.0317883
0.505705
0.135685
0.101986
0.399678
0.00120077
0.0284501
0.0625704
0.376056
0.600573
0.0164778
0.564103
0.163289
0.517827
0.104199
0.0206461
0.509614
0.295737
0.522201
0.102402
0.0833288
0.000230889
0.00376818
0.774101
0.0401708
0.0271278
0.642719
0.501885
0.513728
0.0855405
0.764055
0.570572
0.07102
0.478982
0.412473
0.274969
0.522634
0.309545
0.0481657
0.388734
0.00392999
0.542505
0.0554416
0.131035
0.501775
0.00462014
0.13924
0.0296117
0.477554
0.0409743
0.592507
0.362615
0.627842
0.00574157
0.366175
0.0338752
0.228539
0.427475
0.219524
0.472731
0.671132
0.819897
0.00542862
0.0142979
0.239027
0.163129
0.0289503
0.431818
0.0112483
0.265884
0.154853
0.141123
0.332378
0.0795408
0.390281
0.00295095
0.553738
0.133734
0.142586
0.320307
0.0212299
0.124565
0.578211
2.76944e-05
0.342024
0.0320316
0.704134
0.0183925
0.751745
0.652251
0.6116
0.00308111
0.495396
0.00413167
0.0181445
0.024087
0.443795
0.314559
0.000247462
0.581206
0.537754
0.0432561
0.00451062
0.00999576
0.22342
0.595179
0.0585318
0.26432
0.182706
0.457567
0.315237
0.739158
0.0129218
0.522967
0.0989167
0.130563
0.037574
0.378871
0.587988
0.573404
0.118146
0.493201
0.25159
0.162158
0.371999
0.354075
0.145628
0.409262
0.214319
0.418412
0.181779
0.0209726
0.015899
0.700573
0.0656101
0.658969
0.451639
0.536126
0.828317
0.110898
0.500192
0.723345
0.00176257
0.122926
0.205038
0.0416824
0.173164
0.000350555
0.848718
0.612124
0.533135
0.000116126
0.0599976
0.199683
0.253977
0.037719
0.361404
0.724574
0.678167
0.447686
0.563724
0.52743
0.199581
0.284905
0.0361851
0.212251
0.118193
0.000269364
0.0976544
0.157439
0.127288
0.0143302
0.0541216
0.17593
0.00319824
0.560752
0.00160764
0.419377
0.0342665
0.592804
0.275225
0.178442
0.191448
0.0522076
0.0632636
0.0169531
0.0248678
0.404944
0.530827
0.033937
0.0928396
0.145687
0.13418
0.453211
0.0483323
0.354337
0.759061
0.329864
0.319099
0.00159121
0.422307
0.394407
0.000993483
0.194621
0.337136
0.00174447
0.0906
0.0104804
0.233102
0.70102
0.348477
0.371681
0.274902
0.188083
0.112427
0.510652
0.413807
0.475281
0.0545341
0.0770291
0.158698
0.407258
0.129254
0.0177415
0.477092
0.00390819
0.302638
0.0200332
0.390215
0.0728187
0.793161
0.657738
0.143022
0.191685
0.725273
0.369836
0.0652344
0.00968819
0.257988
0.0204309
0.109476
0.300556
0.326606
0.0122202
0.0268998
0.0334606
0.0117751
0.00626307
0.20327
0.000142122
0.352298
0.000560532
0.380408
0.404196
0.261628
0.200818
0.00833071
0.011626
0.649531
0.000244101
0.499677
0.10436
0.392177
0.0237149
0.00110668
0.69817
0.776004
0.0162796
0.245078
0.364582
0.196328
0.36056
0.0257468
0.69631
0.326191
0.137684
0.716826
0.327302
0.515
0.113263
0.148434
0.534554
0.347482
0.535685
0.303024
0.102364
0.00268665
0.292752
0.747589
0.0153795
0.320361
0.511707
0.723525
0.481125
0.168747
0.534913
0.690275
0.0439519
0.288867
0.474739
0.86196
0.725888
0.00244755
0.103393
0.546008
0.42016
0.160448
0.0461983
0.116874
0.53412
0.30618
0.205333
0.713764
0.16671
0.808037
0.441754
0.531468
0.849524
0.361763
0.111786
0.106434
0.480333
0.0583485
0.0511931
0.00484078
0.0114235
0.00594213
0.671904
0.466361
0.596804
0.00536602
0.307659
0.071538
0.56719
0.514701
0.120074
0.158956
0.00675978
0.176073
0.215219
0.178819
0.39484
0.136328
0.553945
0.0207003
0.0161224
0.0314088
0.0458566
0.569285
0.607223
0.609582
0.730719
0.666516
0.69439
0.0440666
0.15306
0.000567081
0.562949
0.0960304
0.294363
0.235005
0.125939
0.463111
0.727214
0.0773864
0.734312
0.016878
0.637474
0.535733
0.40973
0.0957024
0.0643921
0.335009
0.0463333
0.0127417
0.78094
0.378105
0.00382322
0.0104572
0.395533
0.532044
0.00648144
0.229567
0.0182333
0.0228378
0.162227
0.692802
0.732632
0.647438
0.565324
0.197597
0.733108
0.00501467
0.174043
0.11496
0.00216796
0.250639
0.000262383
0.607421
0.263835
0.042623
0.341583
0.0896046
0.25122
0.538869
0.426493
0.397965
0.377271
0.228278
0.488791
0.55424
0.169022
0.690125
0.383875
0.000868988
0.0364662
0.0253941
0.307022
0.232211
0.191023
0.204163
0.115129
0.443109
0.0878642
0.332585
0.178345
0.00196363
0.319516
0.00178728
0.11491
0.0295756
0.0812317
0.535258
0.00575363
0.41263
0.555208
0.703539
0.0983155
0.511392
0.622661
0.782965
0.134323
0.414775
0.0172835
0.0148146
0.00180891
3.35159e-05
0.438096
0.575724
0.0531663
0.030849
0.235529
0.278438
0.0143072
0.0380553
0.259995
0.0766507
0.0789395
0.485441
0.000771849
0.397271
0.126083
0.0710946
0.427899
0.747314
0.565992
0.719579
0.00875526
2.04891e-05
0.0293327
0.557561
0.337212
4.32791e-06
0.683997
0.102609
0.428193
0.507934
0.0727345
0.440569
0.144506
0.437477
0.040741
0.0320573
0.104896
0.041093
0.440771
0.0129397
0.576008
0.667158
0.311155
0.66551
0.63287
0.184658
0.863118
0.174111
0.463252
0.685744
0.477417
0.00385078
0.114082
0.639088
0.694876
0.533899
0.208274
0.714767
0.427181
0.103202
0.706135
0.455734
0.0488017
0.554983
0.177067
0.0251075
0.270187
0.565281
0.0895502
0.232864
0.56079
0.0388642
0.375133
0.784316
0.242288
0.0956728
0.430618
0.00153987
0.0454978
0.0885285
0.000140064
7.07898e-06
0.643276
0.517544
3.85622e-06
0.121939
0.438361
0.213451
0.372927
0.23101
0.00355786
0.0129581
0.714275
0.236918
0.437444
0.642034
0.168061
0.438476
0.0853074
0.142762
0.573892
0.140894
0.189042
0.388603
0.0565187
0.0309254
0.339677
0.429443
0.776537
0.472777
0.00188199
0.538954
0.0130126
0.139103
0.548163
0.756265
0.0670791
0.706871
0.00529988
0.0531156
0.0225319
0.422411
0.15926
0.056113
0.0288942
0.139757
0.195122
0.331557
0.023377
0.331436
0.159597
0.0739532
0.106145
0.527197
0.629214
0.180308
8.02654e-06
0.0515616
0.00860241
0.000472778
0.475702
0.124162
0.0415466
0.58752
0.0934562
0.606034
0.0346779
0.00361506
0.650796
0.0109539
0.289922
0.00609941
0.00624497
0.60159
0.135753
0.04782
0.660769
0.348409
0.296484
0.710719
0.084545
0.173165
0.583114
0.212338
0.323831
0.611027
0.845557
0.75667
0.696112
0.193909
0.74236
0.168445
0.0132056
0.0141691
0.612595
0.280563
0.289074
0.524359
0.27728
0.00578502
0.124963
0.00440348
0.019121
0.670448
0.143747
0.398695
0.657907
0.0151662
0.0045574
0.193201
0.739975
0.00182382
0.784968
0.606198
0.784998
0.566468
0.797046
0.41019
0.562084
0.499777
0.382044
0.204251
0.033743
0.250971
0.0418289
0.000966268
0.199325
0.353459
0.0183039
0.188215
0.675994
0.0400424
0.56404
0.0296192
0.00406828
0.312956
0.0675743
0.581191
0.0751325
0.00892124
0.0585802
0.0296367
0.534576
0.308619
0.00142545
0.0357062
0.655717
0.636769
0.329691
0.722732
0.000132777
0.0066438
0.289812
0.281918
0.667054
0.0421447
0.219656
0.00313196
0.437543
0.000387755
0.00143676
0.0346632
0.770338
0.000164409
0.089102
0.600767
0.589467
0.0618287
0.108314
0.0171772
0.715806
0.187218
0.0857817
0.206378
0.000604997
0.00304623
0.0275747
0.215101
0.0478425
0.408168
0.257407
0.261129
0.00991747
0.326696
0.334194
0.0025041
0.695623
0.570468
0.0750045
0.51625
0.0083856
0.170023
0.0935251
0.373325
0.523638
0.779038
0.00038313
0.787323
0.0174531
0.226356
0.207398
0.0265442
0.766178
0.546373
0.294831
0.46913
0.225649
0.078928
0.0159483
0.29363
0.0398126
0.0172336
0.12909
0.473718
0.00599744
0.121379
0.44146
0.169536
0.048872
0.308289
0.0674711
0.166747
0.235745
0.671518
0.39831
0.469923
0.00505978
0.0185778
0.438511
0.159808
0.346964
0.00255936
0.619669
0.0248287
0.22354
0.105632
0.296593
0.284998
0.0258825
0.135898
0.141599
0.286097
0.188066
0.0138218
0.187813
0.118928
0.195495
0.0107769
0.00101436
0.012762
0.592263
0.764562
0.49521
0.0118975
0.610617
0.032162
0.0193257
0.548028
0.0704139
0.526288
0.091921
0.0145217
0.00236734
0.291313
0.0951736
0.000392466
0.225276
0.749979
0.0976885
0.441838
0.0895886
0.0526649
0.797985
0.0875234
0.188169
0.0364196
0.00185049
0.00422527
0.721272
0.0269778
0.138005
0.497066
0.370032
0.2656
0.490308
0.0072428
0.326417
0.0319541
0.47634
4.54689e-05
0.232149
0.403946
0.0819263
0.0907362
0.00445847
0.00342304
0.527599
0.459996
0.000186315
0.0797702
0.00308696
0.384752
0.021651
0.328605
0.135604
0.295624
0.574625
0.419815
0.0561443
0.313979
0.00171826
0.337554
0.0844495
0.60023
0.00246178
0.000348968
0.592987
0.0453822
0.133701
0.580696
0.0746466
0.0489917
0.518528
0.426638
0.0235563
0.391159
0.0356359
0.183291
0.0023412
0.390582
0.158613
0.0148136
0.727825
0.140028
0.577169
0.318282
0.422613
0.246603
0.678837
0.670884
0.687354
0.290411
0.00116382
0.0218429
0.117986
0.493216
0.346134
0.000463653
0.533104
0.188266
0.642759
0.0508864
0.518464
0.591392
0.213371
0.0124421
0.0691048
0.103027
0.5898
0.0242379
0.0720988
0.157111
0.000149486
0.0446896
0.458059
0.193566
0.528386
0.174046
0.00688111
0.0372472
0.0688109
0.370146
0.124936
0.143889
0.65202
0.511253
0.222194
0.447173
0.00325998
0.0100716
0.480031
0.457082
0.158051
0.0585735
0.414401
0.0493321
0.157952
0.00367028
0.313775
0.392077
0.646556
0.126337
0.333096
0.398452
0.623843
0.477722
0.591812
0.163765
0.69546
0.44743
0.315613
0.000780567
0.0261061
0.191813
0.482836
0.486604
0.755231
0.014658
0.05798
0.55195
0.0283197
0.00716405
0.6193
0.77029
0.136976
0.0130587
0.241874
0.611196
0.898771
0.0418787
6.18423e-06
0.248468
0.345046
0.40598
0.0654931
0.106924
0.0473125
0.354092
0.0799805
0.441694
0.324033
0.180812
0.6112
0.857726
0.227543
0.0243901
0.000879749
0.136646
0.504319
0.00388002
0.375308
0.0294419
0.314876
0.385142
0.0695129
0.511247
0.379189
0.0947735
0.692653
0.135062
0.44938
0.156967
0.821922
0.229792
0.510537
0.0893213
0.175965
0.393868
0.0505777
0.771938
0.00445868
0.0350387
0.799594
0.0289083
0.0233779
0.203275
0.418508
0.333331
0.249763
0.151843
0.068785
0.112688
0.19415
0.256491
0.0623092
0.435724
0.0588619
0.211317
0.00402941
0.26659
0.453272
0.35249
0.0303306
0.349836
0.694238
0.63294
0.000142953
0.481574
0.364486
0.631701
0.460891
0.0671291
0.015931
0.0172427
0.414805
0.630941
0.108167
0.4638
0.00377494
0.0761979
0.0210686
0.362182
0.0180291
0.392488
0.00489065
0.304183
0.222922
0.0172149
0.442336
0.00727858
0.446906
0.338977
0.164833
0.137496
0.408645
0.217998
0.482924
0.00611481
0.669098
0.512142
0.0305828
0.437279
0.0875505
0.094824
0.0333022
0.47105
0.592772
0.0311976
0.507181
0.351199
0.0436739
0.00396787
0.820004
0.678731
0.00650223
0.0184204
0.357103
0.00465795
0.0086892
0.111393
0.343281
0.383565
0.180223
0.199825
0.000194476
0.480282
0.488306
0.318736
0.112719
0.316479
0.72755
0.376978
0.0598396
0.254543
0.000872324
0.0401366
0.553561
0.532745
0.832214
0.295637
0.492451
0.189046
0.000543641
0.00505868
0.421533
0.0189081
0.291816
0.0815064
0.590953
0.247684
0.0307394
0.240745
0.570898
0.0414059
0.016353
0.310718
0.179774
0.611206
0.132549
0.300484
0.377944
0.390727
0.0464612
0.470325
0.0536658
0.111666
0.582525
0.177458
0.0483795
0.727748
0.0785837
0.121058
0.277281
0.430373
0.365742
0.273556
0.201956
0.12071
0.765036
0.670428
0.0520649
0.113834
0.293907
0.13478
0.0945703
0.33469
0.401598
0.308687
0.654716
0.0422122
0.336819
0.269392
0.00354646
0.633754
0.544886
0.103822
0.30666
0.55718
0.354783
0.296431
0.0237503
0.368986
0.68998
0.510877
0.0107279
0.24209
0.0287091
0.425125
0.27527
0.149438
0.712323
0.508185
0.484103
0.396401
0.100597
0.022023
0.0315276
0.134754
0.616794
0.433156
0.150579
0.148678
0.538602
0.00040594
0.0361821
0.620835
0.231394
0.562729
0.0647451
0.599208
0.402527
0.0275793
0.395284
0.00132501
0.0402533
0.53605
0.0606145
0.667905
0.319302
0.317094
0.00450656
0.44332
0.430909
0.0437315
0.0369835
0.368405
0.0253038
0.375949
0.00416557
0.0277084
0.00393437
0.269598
0.0547855
0.757983
0.464296
0.156773
0.0554729
0.000764697
0.679703
0.201848
0.0488069
0.872048
0.0541776
0.00279221
0.377312
0.0538508
0.00548196
0.132635
0.232071
0.756187
0.302476
0.216969
0.0842823
0.458471
0.0189635
0.000165338
0.35969
0.430606
0.338764
0.0745246
0.312135
0.0100285
0.326499
0.0004718
0.054798
0.433534
0.0329854
0.691013
0.697786
0.0170989
0.00455624
0.744254
0.00648002
0.488725
0.517409
0.443141
0.415709
0.0959466
0.00622576
0.0175075
0.347496
0.285891
0.00500481
0.259876
0.334934
0.05748
0.706788
0.283882
0.0999334
0.193694
0.176479
0.458426
0.000192022
0.706268
0.673489
0.452365
0.0198547
0.101877
0.61446
0.0302271
0.00314982
0.0176369
0.505452
0.0492144
0.725282
0.109447
0.00421737
0.875005
0.298506
0.00306209
0.0593874
0.569941
0.60607
0.000631613
0.049183
0.0277463
0.223501
0.0374864
0.00262807
0.00202689
0.183214
0.370266
0.00178247
0.0859462
0.507561
0.14262
0.25099
0.350654
0.0118113
0.420174
0.00988156
0.0376958
0.0895601
0.562832
0.37652
0.022119
0.388039
0.0522521
0.0308367
0.474585
0.0639445
0.147954
0.273078
0.00881044
0.0432462
0.74727
0.114685
0.237712
0.0756757
0.182487
0.00536435
0.420831
0.0256106
0.431321
0.747951
0.255517
0.00161357
0.670333
0.000496735
0.0117719
0.592724
0.502853
0.236837
0.477649
0.570281
0.413201
0.486049
0.698993
0.5387
0.190942
0.0330845
0.257137
0.150895
0.676312
0.402805
0.0360917
0.485305
0.494042
0.681298
0.118153
0.493196
0.842822
0.400864
0.509786
0.810106
0.32074
0.389518
0.136564
0.769993
0.256776
0.0120679
0.224592
0.0945773
0.591717
0.0637185
0.440632
0.00710182
0.473308
0.0546192
0.790057
0.291085
0.040977
0.0585282
0.00641277
0.158136
0.0844857
0.0916919
0.0566852
0.691977
0.218877
0.26259
0.709076
0.459068
0.737163
0.0711256
0.596363
0.43124
0.0398589
0.01042
0.034573
0.234394
0.350069
0.0186866
0.00488871
0.693073
0.276642
0.0329792
0.461981
0.861116
0.432293
0.49943
0.217947
0.567309
0.0046239
0.311763
0.0400502
0.456951
0.0136968
0.698276
0.473601
0.164602
0.0211241
0.240525
0.30764
0.00913105
0.676484
0.256987
0.0174243
0.641398
0.0123526
0.483529
0.000797984
0.029092
0.724065
0.505408
0.150801
0.217148
0.110293
0.0649223
0.0412002
0.357548
0.681142
0.296878
0.784802
0.513742
0.711543
0.768784
0.0100783
0.000859726
0.376283
0.830642
0.618319
0.0135274
0.641806
0.507062
0.885862
0.0748029
0.580478
0.281655
0.109184
0.436779
0.757783
0.788858
0.00204359
0.0326263
0.736853
0.0904244
0.161868
0.427062
0.543576
0.556087
0.399027
0.380093
0.145942
0.0859934
0.284508
0.236922
0.586414
0.506031
0.0231455
0.388862
0.247788
0.0427296
0.0527745
0.52301
0.393228
0.462384
0.0964707
0.0467566
0.485585
0.0209061
0.0159727
0.501858
0.072857
0.544197
0.35769
0.10899
0.52246
0.0208982
0.301026
0.0242513
0.284765
0.0816116
0.23025
0.0525171
0.0691765
0.536747
0.412989
0.437111
0.44903
0.172458
0.0736728
0.00544067
0.460379
0.0994554
0.174241
0.0827606
0.150677
0.469274
0.191453
0.121627
0.115396
0.151424
0.252137
0.726636
0.167117
0.241204
0.117556
0.488971
0.620403
0.0726308
0.385317
0.823058
0.48757
0.182846
0.00271333
0.584386
0.0886551
0.720674
0.0011931
0.0588535
0.0066632
0.164881
0.30175
0.00477851
0.00704345
0.395678
0.632586
0.484008
0.0707979
5.68949e-05
0.318852
0.00520138
0.545461
0.634063
0.432354
0.0805863
0.141382
0.133907
0.0324712
0.43348
0.0355683
0.131264
0.062403
0.00555422
0.063826
0.753539
0.111572
0.358361
0.271536
0.0392422
0.000133964
0.781352
0.617775
0.211691
0.356586
0.476369
0.0609125
0.0280779
0.691136
0.000853282
0.224709
0.733006
0.15252
0.0424177
0.175866
0.00756466
0.138706
0.0358016
0.515341
0.00333073
0.0506912
0.531048
0.0355532
0.0957678
0.381016
0.408421
0.640302
0.0482196
0.67155
0.190862
0.743562
0.26977
0.144472
0.152318
0.191255
0.01905
0.0447006
0.40623
0.501632
0.000291909
0.522502
0.415456
0.00805151
0.00164472
0.00544416
0.393444
0.0662391
0.881941
0.331038
0.443576
0.110541
0.0698255
0.0108747
0.765162
0.817209
0.662616
0.0732402
0.00623243
0.0117817
0.533954
0.0945308
0.498101
0.101026
0.0242261
0.126999
0.00340159
0.0813666
0.463916
0.546633
0.349069
0.499242
0.443237
0.0290457
0.209532
0.396565
0.521016
0.0159453
0.00961728
0.0466211
0.00144659
0.0719981
0.039699
0.672621
0.40085
0.00391541
0.044704
0.241458
0.00174279
0.00238217
0.228835
0.347891
0.127777
0.149876
0.0425234
0.62961
0.240676
0.12511
0.232566
0.378252
0.209085
0.119754
0.00584375
0.56176
0.377868
0.633185
0.365318
0.109075
0.796191
0.0071348
0.374192
0.0478201
0.00153236
0.20936
0.216859
0.000473776
0.000954109
0.516844
0.0715959
0.491188
0.01544
0.00871985
0.263912
0.772123
0.632583
0.610455
0.31184
0.0477306
0.20267
0.265515
0.273485
0.0633337
0.416167
0.361833
0.573187
0.720535
0.0112622
0.00214591
0.00149485
0.709563
0.382227
0.206327
0.360995
0.15251
0.337451
0.0590552
0.684887
0.112391
0.0240658
0.475638
0.754539
0.0911151
0.0667839
0.259163
0.00992127
0.364479
0.000253917
0.285501
0.622096
0.0386289
0.491174
0.0292098
0.258155
0.462852
0.427576
0.0960544
0.0701759
0.0619792
0.273325
0.00112677
0.691861
0.158227
0.0516297
0.123055
0.0150251
0.361249
0.019297
0.769956
0.0220132
0.474023
0.484422
0.312351
0.214864
0.305814
0.414409
0.271825
0.51472
0.338616
0.416026
0.570448
0.020585
0.102875
0.019282
0.491416
0.014657
0.00595319
0.318737
0.240687
0.0506509
0.275049
0.25411
0.0274346
0.544744
0.0466589
0.00173235
0.603339
0.216514
0.30762
0.0773232
0.381554
0.0427338
0.239855
0.325926
0.00650786
0.579519
0.0158782
0.772741
0.022004
0.000116334
0.451125
0.261226
0.038983
0.50352
0.0887006
0.0332686
0.0528073
0.458279
0.0138539
0.807626
1.61123e-05
0.184426
0.00202641
0.300428
0.0603377
0.19376
0.629688
0.384137
0.276799
0.0598789
0.293165
0.725905
0.0935356
0.369185
0.112596
0.135431
0.441545
0.33196
0.0103507
0.196918
0.228848
0.214779
0.318142
0.0690311
0.0109779
0.225656
0.353076
0.169894
0.0232777
0.108534
0.0796735
0.0309792
0.0863173
0.0513354
0.573532
0.361278
0.323488
0.65837
0.164799
0.0799589
0.36169
0.107141
0.292383
0.00253696
0.592449
0.292017
0.00109276
0.0162645
0.0226797
0.372535
0.466147
0.0100047
0.0380368
0.616805
0.110053
0.444006
0.000319241
0.197026
0.25637
0.0305516
0.343889
0.263535
0.0535771
0.54896
0.00135203
0.032101
0.0667622
0.326046
0.681593
0.0260251
0.500322
0.241081
0.422095
0.171419
0.0596066
0.0584457
0.0935375
0.406669
0.00193755
0.471515
0.175358
0.0792558
0.277843
0.0746941
0.250255
0.00488217
0.601176
0.00390067
0.543505
0.00334351
0.660833
0.237518
0.532361
0.558694
0.349866
0.474842
0.377593
0.0274696
0.0120719
0.152532
0.23778
0.544319
0.000861734
0.752516
0.234001
0.370347
0.466969
0.711048
0.432745
0.516615
0.140789
0.0199271
0.678612
0.660884
0.0885205
0.0868897
0.158567
0.00134063
0.0359154
0.000121226
0.191089
0.0437718
0.852874
0.167572
0.47307
0.00464967
0.00870844
0.00650853
0.290256
0.335074
0.406013
0.0554544
0.785965
0.290839
0.00614176
0.318449
0.632495
0.0650633
0.336779
0.703008
0.19974
0.00300764
0.687325
0.0200396
0.360435
0.0863396
0.258475
0.189878
0.312178
0.59365
0.0442071
0.102106
0.000263322
0.0421568
0.583171
0.0734702
0.190141
0.00397588
0.232042
0.00114594
0.00587129
7.69076e-05
0.124285
0.0132287
0.539959
0.377609
0.238214
0.0212779
0.159059
0.137404
0.372929
0.329479
0.000876952
0.204225
0.0467451
0.601043
0.188937
0.00225883
0.00190812
0.258454
0.0103194
0.0588685
0.576731
0.0515078
0.643881
0.284503
0.310678
0.00418175
0.192054
0.621906
0.644173
0.44343
0.0736606
0.167153
0.0103216
0.646536
0.0584465
0.363342
0.143387
0.0563207
0.101759
0.394579
0.629164
0.246451
0.241828
0.00170968
0.438618
0.00473849
0.0336335
0.00055529
0.376368
0.577682
0.285098
0.425181
0.0266631
0.0137097
0.106739
0.635068
5.6671e-05
0.104391
0.734154
0.001971
0.667726
0.0527726
0.731602
0.322878
0.336432
0.0226067
0.00593211
0.574521
0.683451
0.0505287
0.644269
0.157548
0.132678
0.0334079
0.0209361
0.15938
0.275037
0.0190735
0.000242206
0.158396
0.0854026
0.0874798
0.723951
0.339951
0.34849
0.274129
0.0273041
0.375304
0.528929
0.180862
0.524694
0.232313
0.653414
0.680605
5.50515e-05
0.00348619
0.0138517
0.0559391
0.330592
0.100729
0.395395
0.0213395
0.723949
0.230102
0.308275
0.537219
0.000929962
6.28519e-05
0.0262096
0.63707
0.381675
0.0450349
0.16324
0.385285
0.0270813
0.00616932
0.000383194
0.665035
0.3101
0.587355
0.426569
0.507312
0.461618
0.00480441
0.0465601
0.139107
0.411867
0.368779
0.0160436
0.165718
0.154144
0.320667
0.0844295
0.430041
0.454036
0.117791
0.650632
0.656114
0.0626231
0.197083
0.451158
0.310391
0.750221
0.0757993
0.127289
0.168796
0.0249341
0.20943
0.375918
0.0458105
0.488539
0.883196
0.00715044
0.0975193
0.253804
0.15039
0.144216
0.0756608
0.426994
0.726784
0.0991045
0.0587951
0.0100553
0.443236
0.0665281
0.0140962
0.00306314
0.00866007
0.108888
0.0110257
0.574297
0.206211
0.364258
0.00508765
0.00407104
0.501336
0.372711
0.012179
0.00208368
0.441993
0.00286612
0.00554419
0.10241
0.0557447
0.0010247
0.502615
0.208013
0.124027
0.514448
0.0108651
0.00864879
0.592697
0.000731025
0.483457
0.302115
0.0600672
0.0463033
0.54103
0.488029
0.550166
0.423086
0.298886
0.0138613
0.00437586
0.25942
0.651542
0.47278
0.148126
0.0717667
3.0709e-06
0.0354785
0.462017
0.0367813
0.100727
0.0742194
0.250186
0.128636
0.677002
0.542596
0.0562692
0.282517
0.0382249
0.00164185
0.0421061
0.160362
0.00197228
0.00114297
0.0149135
0.646631
0.000471656
0.180538
0.0217586
0.00542981
0.030225
0.00315592
0.0261049
0.329625
0.0356566
0.110093
0.385053
0.59691
0.00738618
0.694578
0.329356
0.630697
0.0995912
0.00010684
0.0974755
0.652804
0.405326
0.732324
0.257028
0.00529062
0.689293
0.73504
0.00101033
0.000897805
0.668005
0.089634
0.0684052
0.140284
0.469225
0.00251996
0.00359808
0.121784
0.842371
0.658399
0.520816
0.00178312
0.0155134
0.00162815
0.346264
0.312131
0.0678298
0.310202
0.777603
0.051451
0.182298
0.60508
0.000658826
0.0809321
0.490373
0.0733868
0.0284621
0.077154
0.552091
0.0901739
0.386383
0.363569
0.0125655
0.0123029
0.546884
0.499213
0.00311219
0.213348
0.0436087
0.00551415
0.35828
0.131187
0.000168391
0.325643
0.00351441
0.234357
0.0623621
0.294426
0.00571223
0.00768612
0.323464
0.00479245
0.7879
0.109805
0.741397
0.248939
0.000656143
0.234505
0.734681
0.585365
0.0577309
0.358807
0.31272
0.083017
0.33211
0.593453
0.0682603
0.0252355
0.728913
0.765757
9.81991e-05
0.203652
0.376886
0.214561
0.359423
0.277481
0.564941
0.393009
0.0633355
0.225024
0.0495862
0.623602
0.00276536
0.0759738
0.0233045
0.0574399
0.0437389
0.83285
0.0784185
0.795596
0.713365
0.0265634
0.0621083
0.0451791
0.485563
0.26778
0.575941
0.342875
0.105235
0.0766606
0.326948
0.118578
0.178114
0.655631
0.632519
0.444596
2.89563e-05
0.0136992
0.118608
0.0450324
0.0442316
0.0028069
0.0065075
0.718522
0.00358877
0.5835
0.38315
0.638208
0.000726412
0.0603254
0.383794
0.0579319
0.374998
0.232437
0.266667
0.382833
0.378812
0.654468
0.0287268
0.379783
0.138433
0.610175
0.280342
0.173431
0.0164145
0.709229
0.257937
0.066162
0.241815
0.297307
0.11755
0.662113
0.0616879
0.0781233
0.0523963
0.435073
4.53107e-05
0.285941
0.0249927
0.70361
1.72331e-06
0.610647
0.397167
0.249493
0.0721628
0.692412
0.0113984
0.037183
0.605745
0.618803
6.52285e-05
0.52784
0.00235867
0.0188641
0.0492269
0.00584427
0.0283177
0.658375
0.110216
0.148759
0.735686
0.521495
0.155605
0.214394
0.496717
0.0267949
0.0483235
0.197139
0.308207
0.161264
0.525598
0.0381472
0.557207
0.332207
0.265387
0.0782111
0.586877
0.736299
0.0871202
0.501107
0.77293
0.316488
0.511397
0.651592
0.254706
0.422703
0.106414
0.234035
0.2679
0.149908
0.0452115
0.591005
0.0422578
0.286141
0.130475
0.35268
0.724661
0.728363
0.00122862
0.525668
0.00290309
0.00162186
0.0427098
0.132929
0.455311
0.605865
0.252765
0.162525
0.00115599
0.0904286
0.0674431
0.282967
0.00134372
0.537237
0.0105359
0.00159159
0.424835
0.164476
0.313572
0.00970131
0.610111
0.187959
0.520671
0.69762
0.168547
0.495172
0.621591
0.0808985
0.00867901
0.000849725
0.0635087
0.480701
0.00136202
0.170582
0.598574
0.0277114
0.4956
0.00737412
0.268077
0.0066347
0.329914
0.00393677
0.728725
0.327594
0.295822
0.0706512
0.00344544
0.616985
0.00433956
0.281163
0.194408
0.0726717
0.235962
0.606263
0.258707
0.206361
0.00109746
0.51889
0.137418
0.0018191
0.0117679
0.0112781
0.334317
0.14444
0.00222911
0.00784173
0.220494
0.490683
0.105398
0.0278975
0.880661
0.638933
0.262439
0.228836
0.358621
0.240251
0.133826
0.000387383
0.345869
0.401009
0.360311
0.221775
0.0537331
0.333746
0.537641
0.000112544
0.352863
0.228887
0.0909585
0.243416
0.193114
0.77724
0.0103802
0.0939596
0.352738
0.460937
0.00799791
0.164452
0.147661
0.746043
0.076357
0.00881391
0.111003
0.00240632
0.0130415
0.715103
0.00131148
0.273805
0.874357
0.0726913
0.632798
0.365558
0.230679
0.00899282
0.493008
0.165716
0.117652
0.0921877
0.0140847
0.0813941
0.0675159
0.463728
0.642581
0.025183
0.000341045
0.0282289
0.275033
0.0290524
0.106709
0.017499
0.666987
0.00172456
0.0129998
0.550238
0.264381
0.533909
0.244652
0.307473
0.315949
0.00797158
0.000317534
0.429217
0.845696
0.643385
0.358441
0.0165116
0.114988
0.0142153
0.309471
0.0187748
0.774385
0.451891
0.00896211
0.00112859
0.14073
0.129126
0.683155
0.210791
0.000423625
0.0115273
0.0510562
0.0490728
0.249033
0.470421
0.58924
0.0102262
0.379286
0.623384
0.14658
0.105079
0.000131638
0.43426
0.00148585
0.122116
0.240689
0.208662
0.209266
0.0359639
0.0523707
0.509982
0.00646789
0.00208013
0.694446
0.59253
0.128394
0.406003
0.650324
0.573869
0.221839
0.00110161
0.636132
0.0390611
0.60418
0.0794201
0.134344
0.342711
0.000209443
0.151144
0.412857
0.586621
0.383617
0.559123
0.440359
0.300857
0.503933
0.137439
0.253163
0.249065
0.0097719
0.411166
0.0392314
0.125709
0.089569
0.0889777
0.000625103
0.000465906
0.00357146
0.658428
0.332292
0.0332557
0.603108
0.00266089
2.83963e-05
8.42861e-05
0.118012
0.461599
0.00235294
0.0722878
0.00538401
0.0451057
0.174792
0.00764418
0.189398
0.471956
0.0206611
0.45019
0.146502
0.573517
0.579331
0.476863
0.22202
0.434139
0.541355
0.00378039
0.207761
0.294879
0.0818275
0.0527777
0.221684
0.167569
0.000577205
0.0799044
0.0159107
0.0589527
0.566085
0.533041
0.0492095
0.401904
0.0759575
9.48916e-05
0.594617
0.156533
0.470922
0.647519
0.804286
0.317998
0.635443
0.0234126
0.147113
0.234654
0.101232
0.00184921
0.0845193
0.355215
0.00510704
0.0277232
0.520061
0.00106629
0.00968028
0.00197294
0.180239
0.000419117
0.61948
0.443513
0.877309
0.0306368
0.274781
0.00112105
0.510414
0.346744
0.812698
0.155297
0.000481256
0.756702
0.0319666
0.6581
0.234216
0.452317
0.422821
0.000158317
0.889428
0.104355
0.140157
0.00619311
0.0197519
0.498007
0.498129
0.222246
0.753019
0.220387
0.0133999
0.00138231
0.283534
0.173849
0.0708256
0.0295916
0.261069
0.0885131
0.564684
0.183667
0.000733533
0.355737
0.7134
0.0323477
0.0392474
0.576219
0.778071
0.0174297
0.00130569
0.339894
0.30788
0.817246
0.635746
0.275469
0.0795161
0.139035
0.334995
0.035184
0.622327
0.611544
0.520498
0.515773
0.0835057
0.146445
0.455952
0.0800249
0.00598128
0.780936
0.150907
0.14709
0.533139
0.00122472
0.000549926
0.331209
0.459381
0.677794
0.785142
0.60378
1.74379e-05
0.312608
0.445915
0.0334645
0.620943
0.0992482
0.759134
0.358014
0.182742
0.0871524
0.566238
0.575413
0.429522
0.0043467
0.492184
0.546662
0.534015
0.0928434
0.133314
0.201521
0.685906
0.270274
0.46973
0.697604
0.619979
0.198724
0.566839
0.521165
0.446219
0.495437
0.53779
0.166104
0.255321
0.399883
0.0219731
0.00023321
0.000476862
0.408619
0.24254
0.823438
0.0492836
0.342664
0.378327
0.228877
0.55237
0.000609239
0.46494
0.639402
0.587341
0.373477
0.19749
0.679373
0.434447
0.0815452
0.309015
0.441216
0.563412
0.415385
0.468211
0.031816
0.753222
8.8474e-05
0.00383155
0.509437
0.0219688
0.312723
0.0594192
0.269168
0.596392
0.477095
0.596425
0.0731426
0.0131119
0.0838869
0.0153301
0.40833
0.450823
0.303692
0.738476
0.000254253
0.0840957
0.0417524
0.57362
0.00144441
0.389109
1.77672e-07
0.0133149
0.581081
0.0700603
0.422159
0.36966
0.493913
0.804397
0.330093
0.0506345
0.508223
0.106979
0.028585
0.128656
0.000507486
0.602115
0.0160143
0.424839
0.492287
0.560226
0.443531
0.468812
0.587877
0.0913051
0.0489783
0.551444
0.324019
0.0879126
0.00017001
0.556426
0.0442772
0.409049
0.000174045
0.412996
0.513834
0.0251329
0.0426468
0.228622
0.325531
0.0348193
0.380471
0.3105
0.477991
0.330758
0.0435407
0.314711
0.484598
0.000636858
0.26397
0.676121
0.00806818
0.00146957
0.166905
0.0419937
0.587223
0.00900428
0.556603
0.152844
0.0633321
0.0576363
0.0124488
0.222994
7.35954e-05
0.0239623
0.386838
0.478051
0.0482635
0.35463
0.0565855
0.340483
0.718875
0.743454
0.909865
0.298268
0.689114
0.72301
0.0358726
0.451489
0.684406
0.0253102
0.00988465
0.00139436
0.307729
0.575858
0.560687
0.313525
0.254249
0.137903
0.249047
0.0116839
0.372402
0.109307
0.377898
0.0095412
0.331439
0.144552
0.451419
0.836596
0.0102699
0.525604
0.620088
0.835594
0.24359
0.210831
0.109386
0.867623
0.238987
0.558711
0.240879
0.58686
0.361395
0.164955
0.657346
0.342353
0.353276
0.883306
0.0999378
0.0658646
0.356734
0.293683
0.0134154
0.174162
0.05547
0.0252001
0.115415
0.36769
0.0191156
0.0042637
0.344432
0.137575
0.031708
0.000669928
0.0379731
0.0223684
0.0161108
0.557957
0.00192926
0.269486
0.224839
0.848703
0.111223
0.0546776
0.23251
1.84495e-05
0.0879381
0.458064
0.510315
0.498861
0.364679
0.428013
0.478133
0.0125975
0.0201982
0.0635232
0.073697
0.00614242
0.40063
0.495654
0.0213722
0.574705
0.576963
0.330025
0.134707
0.553502
0.0341012
0.0233608
0.424034
0.336579
0.217023
0.61853
0.230589
0.175913
0.331029
0.386093
0.62811
0.108597
0.00117426
0.79116
0.358347
0.530031
0.116669
0.493848
0.00036813
0.704058
0.800128
0.370111
0.0845372
0.330348
3.20682e-05
0.0314316
0.492309
0.293891
0.107457
0.216114
0.437537
0.486988
0.000498723
0.827537
0.223332
0.395079
0.0372057
0.179631
0.399821
0.0158382
0.00349591
0.117916
0.249177
0.470414
0.00888553
0.0092876
0.432483
0.614399
0.0225849
0.0608333
0.0642439
0.0794654
0.287064
0.252897
0.433814
0.499629
0.179057
0.555729
0.477298
0.176684
0.00835502
0.868838
0.203448
0.546587
0.0823524
0.0186861
0.0064043
0.162976
0.259567
0.0390898
0.430392
0.0742638
0.0755324
0.546383
0.195924
0.530141
0.0593532
0.670752
0.0920241
0.249497
0.00358246
0.520494
0.0884
0.809952
0.00457394
0.71087
0.294628
0.431737
0.172416
0.657481
0.0383448
0.709391
0.301659
0.227999
0.283967
0.29948
0.041566
0.0522782
0.257462
0.526447
0.104375
0.792851
0.292629
0.749151
0.321256
0.0187504
0.0394844
0.269624
0.473046
0.00418308
0.0669078
0.08239
0.0908024
0.295126
0.574976
0.356466
0.387518
0.197434
0.690529
0.420203
0.0132621
0.073633
0.142652
0.51788
0.667023
0.613918
0.579393
0.0554971
0.463716
0.59771
0.341767
0.0357085
0.0615062
0.00981081
0.257832
0.0233786
0.173786
0.353299
0.842283
0.10175
0.0554937
0.586808
0.0944397
0.192786
0.17789
0.043748
0.0883422
0.102486
0.786258
0.314317
0.0021443
0.0986733
0.0836801
0.0334345
0.00138121
0.56982
0.495455
0.253835
0.000517011
0.394062
0.554718
0.00108685
0.555632
0.0694732
0.0329924
0.697866
0.0976449
0.0578018
0.107209
0.0271152
0.667899
0.362888
0.114663
0.396246
0.0110948
0.0769694
0.0921006
0.291217
0.535016
0.296736
0.369394
0.405482
0.00318893
0.0996643
0.569522
0.475795
0.419285
0.0764592
0.00575017
0.0952981
0.32066
0.199258
0.287107
0.408814
0.157163
0.270082
0.0472795
0.0915892
0.262338
0.124141
0.0903325
0.00140334
0.185584
0.327733
0.0184927
0.435352
0.919686
0.000931417
0.560318
0.458878
0.434111
0.00239993
0.0633206
0.439302
0.562085
0.32057
0.352207
0.391409
0.336373
0.00540309
0.0264815
0.0114511
0.0155844
0.075268
0.333055
0.238441
0.11801
0.67418
0.0624776
2.46621e-05
0.205622
0.55786
0.529396
0.260717
0.394821
0.617969
0.436896
0.641596
0.634521
0.0176454
0.485391
0.0219118
0.0749162
0.336664
0.465603
0.250929
0.0639256
0.696173
0.419313
0.382627
0.0211433
0.310897
0.0268245
0.00356707
0.0685911
0.0668761
0.087935
0.264982
0.507264
0.00088724
0.573216
0.623832
0.0121585
0.541651
0.000635899
0.105182
0.280003
0.13113
0.842384
0.0215238
0.243111
0.0722753
0.510062
0.509865
0.609055
0.239931
0.00119035
0.300624
0.0837127
0.21141
0.310409
0.361039
0.78973
0.000179798
0.0508169
0.809964
0.00629346
0.000625386
0.113975
0.256621
0.0626001
0.0136447
0.324656
0.2125
0.0143342
0.00981924
0.276622
0.782245
0.16768
0.272289
0.175253
0.0965409
0.00673662
0.00136005
0.274356
0.525708
0.175948
0.505845
0.0346157
0.0271785
0.208809
0.58457
0.444829
0.168348
0.719538
0.456684
0.159465
0.00678849
0.450162
0.232358
0.300921
0.00254261
0.190118
0.161673
3.20221e-05
0.477778
0.505332
0.0838923
0.0266229
0.611513
0.0337517
0.556976
0.652839
0.366075
0.663351
0.151572
0.0493586
0.00287836
0.464605
0.514992
0.0493301
0.354293
0.194001
0.658823
0.212253
0.00689628
0.168188
0.00231501
0.0136145
0.362944
0.0193909
0.49309
0.0467102
0.316214
0.290992
0.73628
0.0273689
0.776872
0.062087
0.0376204
0.186408
0.0134941
0.0164096
0.712714
0.137754
0.346932
0.00239132
0.0085087
0.602363
0.416654
0.00451276
0.0292553
0.178336
0.353132
0.369698
0.592658
0.390547
0.0244461
0.0351854
0.0376998
0.628236
0.003831
0.60071
0.0029057
0.00592852
0.507048
0.00767439
0.509093
9.93123e-05
0.400073
0.62289
0.264706
0.224143
0.620974
0.385309
0.538294
0.675361
0.853472
0.319451
0.0274109
0.40125
0.167558
0.0186772
0.228482
0.133691
0.39629
0.216926
0.189177
0.00119378
0.543956
0.0029533
0.335201
0.310132
0.616483
0.617402
0.542763
0.0689756
0.533011
0.362752
0.470415
0.0142862
0.598011
0.0874405
0.260295
0.780536
0.405351
7.66151e-05
0.292392
0.0609462
0.49438
0.38918
0.00805089
0.000114605
0.0958167
0.817155
0.148187
0.0333694
0.0050315
0.0272802
0.476063
0.629767
0.0172546
0.0896095
0.00382709
0.168228
0.00163452
0.0948325
0.0026051
0.422755
0.0241744
0.625106
0.000621778
0.0128981
0.283716
0.418001
0.000927775
0.621135
0.000217848
0.0735525
0.231943
0.578314
0.00269115
0.266125
0.737011
0.728046
0.183376
0.789243
0.597508
0.0133966
0.178097
0.0746513
0.0355594
0.00795591
0.00261465
0.0649023
0.29983
0.0797508
0.0212134
0.0985339
0.213289
0.484163
0.443493
0.440222
0.441343
0.0224743
0.00319735
0.73073
0.339034
0.317424
0.00413839
0.200877
0.508913
0.495336
0.237417
0.31557
0.44848
0.579684
0.0517115
0.534227
0.0392566
0.409426
0.0666568
0.0121568
0.097712
0.472964
0.223744
0.496177
0.308171
0.000207021
0.303073
0.300591
0.0268963
0.00831952
0.401301
0.0140637
0.699775
0.243736
0.186067
0.0362757
0.00745527
0.00548608
0.808106
0.6488
0.549541
0.043627
0.350296
0.0100749
0.195151
0.544369
0.0203211
0.261589
0.327802
0.0217416
0.11694
0.0549633
0.122131
0.419379
0.685644
0.00151845
0.652137
0.0502724
0.237206
0.0727548
0.0215247
0.228772
0.633411
0.00145315
0.039174
0.00445437
0.276802
0.734707
0.175459
0.687093
0.143934
0.148428
0.0771302
0.0635532
0.169997
0.000635542
0.114871
0.702276
0.0414626
0.248143
0.232212
0.577438
0.00229055
0.282941
0.0947837
0.0006795
0.00615604
0.0853228
0.0440678
0.000617107
0.560423
0.0825455
0.385673
0.25144
0.70451
0.248418
0.727007
0.289616
0.0192854
0.0209661
0.847554
0.376877
0.601016
0.425801
0.00314273
0.401936
0.697461
0.397109
0.18621
0.20288
0.00192947
0.680358
0.00823503
0.217574
0.564404
0.3259
0.131243
0.776675
0.392377
0.306998
0.00058992
0.768562
0.231642
0.628517
0.0245775
0.0313554
0.0384728
0.257318
0.0268855
0.0087544
0.0629131
0.319704
0.324291
0.0290238
0.404007
0.0744448
0.36538
0.160388
0.309404
0.608939
0.325755
0.000117339
0.0159768
0.493805
0.719199
0.017247
0.0697517
0.0953676
0.101224
0.0250062
0.607799
0.161903
0.301445
3.61775e-05
0.00390864
0.0131566
0.000851778
0.000307805
0.0833759
0.126613
0.0609386
0.323701
0.608852
0.639243
0.314215
0.522837
0.0831017
0.392785
0.0035913
0.0285226
0.130064
0.0440704
0.40644
0.000728397
0.00577002
0.205465
0.00021286
0.0378836
0.044502
0.481615
0.314521
0.0332766
0.372189
0.00324525
0.0245691
0.0927187
0.0739442
0.461354
0.326725
0.272845
0.744811
0.0182557
0.512181
0.671786
0.00873358
0.488152
0.0338202
0.725437
0.0538338
0.545121
0.185524
0.0643202
0.520208
0.448081
0.415155
0.702168
0.00393792
0.00222271
0.563215
0.0743891
0.00154831
0.680809
0.236483
0.00120129
0.00500146
0.490799
0.0690345
0.148968
0.0472367
0.00661025
0.714689
0.000185088
0.492373
0.13539
0.105187
0.232205
0.658572
0.519419
0.687523
0.239102
0.000701758
0.318752
0.0842345
0.0700221
0.184659
0.00056177
0.863625
0.0369969
0.153556
0.0104055
0.0032438
0.373403
0.574541
0.624651
0.0130144
0.546
0.0297453
0.55628
0.315708
0.0156679
0.123077
0.263292
0.0516696
0.000177708
0.216868
0.452953
0.486212
0.0159178
0.0137208
0.00128848
0.00511423
0.00584022
0.470886
0.0167156
0.086577
0.421207
0.386381
0.040807
0.514235
0.228787
0.164277
0.0452499
0.075087
0.0374417
0.674751
0.461114
0.625662
0.313683
0.0467474
0.652303
0.0125714
0.0493158
0.252762
0.0271484
0.236429
0.0552567
0.00106955
0.0460558
0.0502025
0.241541
0.581562
0.688595
0.0518039
0.339964
0.000650332
0.0635813
0.124751
0.0119798
0.373717
0.247985
0.0718859
0.470995
0.00216887
0.311641
0.531854
0.112302
0.00037221
0.149754
0.0878681
0.0810916
0.301511
0.256117
0.484642
0.0318819
0.000981547
0.276189
0.387492
0.00554265
0.434556
0.318578
0.576229
0.00265544
0.443477
0.3855
0.493082
0.261265
0.486524
0.881122
0.162933
0.273636
0.335586
0.0109647
0.0375826
0.644385
0.596554
0.389127
0.271816
0.649213
0.0190185
0.127921
0.153817
0.00231216
0.657086
0.683822
0.697213
0.0200049
0.212589
0.00117038
0.00528992
0.320512
0.654275
0.34698
0.0903008
0.0055902
0.359566
0.256668
0.135389
0.660584
0.773621
0.574274
0.0281869
0.0269905
0.00805783
0.000460748
0.00109291
0.000675871
0.744921
0.656693
0.430826
0.0176821
0.406796
0.219409
0.328494
0.00049321
0.00529275
0.311392
0.281855
0.306598
0.360629
7.44193e-07
0.65216
0.044186
0.0134135
0.232348
0.014203
0.27998
0.000682446
0.105181
0.271638
0.775231
0.0262539
0.556932
0.0375946
0.111353
0.0183016
0.708473
0.365043
0.418544
0.0391765
0.0951791
0.473171
0.0134894
0.548048
0.649678
0.370435
0.328291
0.159628
0.459168
0.418333
0.539837
0.334152
0.198434
0.170608
0.217426
0.022995
0.807974
0.627151
0.319159
0.0151955
0.170997
0.276442
0.463749
0.508773
0.501287
0.496493
0.000289414
0.381226
0.346636
0.505597
0.0517683
0.0152223
0.0608909
0.00374572
0.658027
0.471697
0.506707
0.350915
0.2557
0.755068
0.478474
0.085423
0.413232
0.491041
0.235334
6.57892e-05
0.651904
0.025649
0.115933
9.60838e-05
0.284419
0.0353266
0.000523669
0.0157096
0.132207
0.127737
0.0785429
0.279214
0.372671
0.157425
0.346372
0.6092
0.00306423
0.020084
0.0270792
0.037225
0.113883
0.739227
0.106944
0.563902
0.0824663
0.00134576
0.657816
0.28496
0.133659
0.0334364
0.559119
0.013604
0.530661
0.00888401
0.296911
0.553168
0.0658533
0.0120816
0.632719
0.0818833
0.437546
0.161415
0.501743
0.767349
0.21447
0.000128247
0.543011
0.0739469
0.00053723
0.670772
0.485532
0.718305
0.0391493
0.0373183
0.0634054
0.00479924
0.576494
0.808093
0.648643
0.0110751
0.0161986
0.00175358
0.184927
0.187939
0.105198
0.119754
0.00243493
0.0431583
0.158952
0.295931
0.600947
0.281592
0.0967068
0.241626
0.00152006
0.0222654
0.0497916
0.601094
0.194507
0.0234908
0.321525
0.0074723
0.187961
0.000400938
0.832671
0.264686
0.206412
0.0168506
0.389349
0.81752
0.403128
0.225001
0.121184
0.00391012
0.0141561
0.0110352
0.227796
9.80156e-05
0.229809
0.0174877
0.131565
0.000132654
0.586085
0.0291476
0.0208612
0.720425
0.035337
0.473488
0.234724
0.0263163
0.00216431
0.0124845
0.243267
0.0762415
0.0228559
0.221986
0.7128
0.027836
0.00061234
0.367479
0.0851568
0.000642765
0.646303
0.434655
0.420148
0.177958
0.0741059
0.294477
0.0187082
0.00220137
0.699601
0.259887
0.281802
0.330905
0.311541
0.697933
0.59271
0.0979723
0.619502
0.0255019
0.000188325
0.517766
0.181841
0.000546208
0.0340207
0.549899
0.0138365
0.00228137
0.00148027
0.227476
0.126564
0.776072
0.000503277
0.284528
0.338485
0.112204
0.0438332
0.00357146
0.0881543
0.0864091
0.193244
0.0122799
0.490259
0.0663648
0.441711
0.0567383
0.380931
0.00651179
0.0445219
0.570964
0.628843
0.0328408
0.585018
0.34336
0.00229536
0.85491
0.535612
0.438554
0.155918
0.0185474
0.0255782
0.490784
0.302272
0.08085
0.00186755
0.559747
0.409115
0.164872
0.419423
0.0401435
0.041575
0.000667508
0.233628
0.313892
0.429755
0.658725
0.0261529
0.0529178
0.0572373
0.140393
0.064965
0.0085622
0.039776
0.000268363
0.44823
0.461817
0.00497649
0.607402
0.113039
0.011477
0.14232
0.123348
0.466998
0.0439864
0.296447
0.0747196
0.232774
0.0384725
0.203432
0.341272
0.550638
0.285016
0.155216
0.627909
0.0347176
0.402988
0.0204793
0.0538992
0.0996709
0.0623486
0.170962
0.00130501
0.132378
0.641222
0.228714
0.425639
0.47892
0.237226
0.918665
0.435297
0.0398561
0.128012
0.0296417
0.000248164
0.326143
0.407186
0.644296
0.226146
3.15177e-06
0.367318
0.311785
0.356103
0.112296
0.120414
0.533038
0.0028273
0.596993
0.0145137
0.493304
0.410672
0.539958
0.0856231
0.217566
0.753073
0.188698
0.427424
0.527325
0.510749
0.285377
0.139794
0.0315515
0.408847
0.294631
0.0306509
0.0623926
0.541067
0.147006
0.200645
0.332073
0.590068
0.785984
0.86106
0.541259
0.00185452
0.688008
0.616684
0.164443
0.469779
0.00571207
0.287885
0.303688
0.00604334
0.00023097
0.218672
0.750489
0.12165
0.670167
0.00841393
0.000129813
0.478261
0.0678985
0.415916
0.218924
0.793154
0.0211092
0.766045
0.754744
0.304933
0.365904
0.52237
0.303013
0.08147
0.0652096
0.0106347
0.395497
0.636082
0.621268
0.00793992
0.273258
0.448374
0.388428
0.857699
0.64531
0.212688
0.507335
0.00249285
0.114824
0.00895669
0.0729436
0.0180248
0.707674
0.00977812
0.0089741
0.557312
0.241608
0.00257957
0.17404
0.325299
0.309328
0.203824
0.303568
0.0600161
0.00230751
7.34388e-07
0.279704
0.0780789
0.298729
0.200155
0.0129397
0.690766
0.118227
0.17459
0.602033
0.462869
0.203731
0.00194565
0.393989
0.29086
0.443646
0.0574111
0.12442
0.282374
0.216157
0.229646
0.0237944
0.0738053
0.183219
0.168372
0.62156
0.3548
0.351111
0.548248
0.00175856
0.269635
0.194191
0.000143599
0.052406
0.182713
0.268057
0.042893
0.64923
0.286155
0.540442
0.0494761
0.118573
0.354673
0.237308
0.734925
0.679734
0.367401
0.0378439
0.691642
0.0612242
0.500291
0.055549
0.808969
0.0341497
0.145832
0.258907
0.123854
0.00497897
0.16239
0.635939
0.206763
0.0304527
0.077545
0.557337
0.410707
0.801746
0.151231
0.282293
0.00226025
0.39749
0.164533
0.000740142
0.365108
0.243121
0.573663
0.137595
0.0208452
0.772523
0.308231
0.392394
0.543717
0.0227902
0.674801
1.3667e-05
0.161026
0.453338
0.0055031
0.509044
0.496604
0.560812
0.173522
0.0930309
0.0441363
0.0357424
0.225846
0.0463537
0.244713
0.59352
0.270427
0.078671
0.000613924
0.219816
0.121451
0.0244804
0.685529
0.703296
0.0225625
0.128824
0.15238
0.272539
0.633513
0.712093
0.704312
0.181521
0.741693
0.0129896
0.263928
0.00898612
0.0863199
0.456061
0.155911
0.000856078
0.0410869
0.106024
0.0866963
0.00377954
0.750206
0.034597
0.165951
0.750032
0.255136
0.193315
0.0538289
0.144945
0.000949449
0.859396
0.307602
0.0772059
0.00174774
0.193713
0.0658481
1.75054e-05
0.170763
0.518065
0.0150509
0.330872
0.0273539
0.0291999
0.121372
0.232312
0.778736
0.495881
0.00114292
0.843664
0.360824
0.313386
0.101166
0.00798455
0.693745
0.169192
0.200743
0.0148491
0.337468
0.178551
0.40724
0.537614
0.18167
0.183629
0.215695
0.0821755
0.412637
0.247751
0.0346036
0.185774
1.67921e-05
0.228458
0.14732
0.0648532
0.344363
0.353939
0.030866
0.775918
0.430201
0.00229648
0.329134
0.0263477