0.328194
0.00446965
0.219479
0.335088
0.0563584
0.358027
0.345844
0.542766
0.384953
0.300009
0.327709
0.000172568
0.737744
0.213225
0.000228296
0.408922
0.030606
0.0766338
0.00152596
0.00405533
0.555808
0.256464
0.342599
0.00814294
0.165229
0.317465
0.280781
0.168907
0.222837
0.0267998
0.595819
0.0551318
0.451301
0.282195
0.000942017
0.660957
0.329612
0.222927
0.000270805
0.000640149
0.44226
0.000516909
0.39752
0.00249928
0.0165694
0.00862526
0.380402
0.567017
0.141586
0.400806
0.288732
0.113273
0.735895
0.383215
3.68166e-05
0.0053253
0.292186
0.715218
0.521054
0.745116
0.0149369
0.334309
0.194368
0.0701005
0.0915593
0.120926
0.34283
0.228014
0.38553
0.665229
0.493714
0.583135
0.000183611
0.000809154
0.674704
0.0448652
0.387368
0.253206
0.3031
0.0141694
0.00172382
0.0430702
0.00598625
0.123212
0.513407
0.242412
0.78488
0.831346
0.0284706
0.00132525
0.0975234
0.397942
0.00336846
0.0382713
0.0856056
0.424805
0.19712
0.43073
0.101955
0.247248
0.0729972
0.193243
0.0147112
0.0885916
0.000822051
0.135334
0.565823
0.00327969
0.0497396
0.250006
0.769773
0.408185
0.108005
0.0162802
0.524789
0.637548
0.0671327
0.727997
0.585987
0.341797
0.0253955
0.549785
0.136576
0.0208212
0.0120667
0.317753
0.0409909
0.192031
0.479599
0.233336
0.100046
0.0104314
0.0494425
0.001977
0.377916
0.327101
0.319129
0.0226527
0.0541539
0.128281
0.215778
0.0135505
0.0787474
0.304407
0.00449357
0.611457
0.0290425
0.53814
0.193928
0.440621
0.0999247
0.0814374
0.458853
0.653716
0.0501517
0.0808252
0.249169
0.0268406
0.557239
0.101777
0.293171
0.00159687
0.827469
0.335731
0.178322
0.614157
0.00195308
0.460297
0.299174
0.540865
0.0627472
0.733094
0.0679689
0.0144235
0.0657618
0.00120252
0.387813
0.0760907
0.452746
0.284412
0.592444
0.222973
0.00022327
0.53063
0.639645
9.864e-05
0.228453
0.330323
0.225932
0.365443
0.368799
0.00235689
0.848255
0.328694
0.0456345
0.501488
0.0175943
0.240743
0.586536
0.0790544
0.426702
0.533422
0.00132586
0.357324
0.0335785
0.0668429
0.504496
0.0362446
0.0261972
0.00890112
0.542736
0.729858
0.0790666
0.205398
0.513114
0.375493
0.0689176
0.00228279
0.173877
0.390245
0.249637
0.712808
0.00129512
0.755881
0.705795
0.301848
0.798681
0.512771
0.122095
0.493482
0.113572
0.0433676
0.61722
0.161577
0.00880983
0.00344081
0.438363
0.785101
0.476005
0.366103
0.000106613
0.0475796
0.241277
0.0645759
0.0641933
0.146958
0.0426512
0.164896
0.024511
0.24067
0.29203
0.287878
0.100832
0.33983
0.826562
0.498686
0.260612
0.307314
0.10257
0.0479317
0.42866
0.260665
0.378615
0.602144
0.339756
0.478097
0.838806
0.0117819
0.141029
0.697457
0.397648
0.430584
0.0158538
0.288934
0.00140656
0.494837
0.163146
0.352762
0.6944
0.553721
0.145458
0.171523
0.10113
0.0066888
0.21742
0.00429456
0.0104519
0.135388
0.0984519
0.0591078
0.00456024
0.00138812
0.0442837
0.314878
0.295715
0.494254
5.78808e-05
0.374628
0.146837
0.00441556
0.00926097
0.0365906
0.271719
0.238226
0.143058
0.403173
0.460177
0.00646273
0.286839
0.100967
0.334052
0.00197983
0.0990942
0.753239
0.667928
0.341339
0.69153
0.132747
0.0362082
0.0282404
0.230397
0.43984
0.0433713
0.691556
0.719215
0.201957
0.0417058
0.0359663
0.104778
0.00626541
0.157256
0.0154267
0.329377
0.0213353
0.0407471
0.330201
0.03275
0.00818639
0.310214
0.0944299
0.449204
0.087986
0.0598603
0.571099
0.352214
0.151157
0.29694
0.102565
0.00591328
0.00445099
0.0555444
0.00160188
0.0446457
0.0308108
0.473898
0.137464
0.704894
0.0353289
0.107584
0.26166
0.107311
0.195245
0.000121006
0.341103
0.0022643
0.412449
0.777021
0.926236
0.362242
0.126185
0.571256
0.0181714
0.001225
0.748461
0.0827318
0.0824399
0.626669
0.47001
0.140426
0.0444193
0.00786262
0.0800506
0.0179594
0.530168
0.20203
0.305037
0.0105155
0.589347
0.397571
0.295268
0.00990395
0.01292
0.18748
0.327974
0.583262
0.0644123
0.161007
0.518092
0.46155
0.65742
0.00660056
0.222516
0.262064
0.0104537
0.000596091
0.352304
0.0242993
0.442432
0.000137356
0.52735
0.409856
0.125724
0.561898
0.00980718
0.0766621
7.11387e-05
0.500345
0.432746
0.683227
0.0180486
0.458686
0.482292
0.0625797
0.641008
0.339928
0.0100031
0.363163
0.852882
0.707993
0.0634131
0.456475
0.490488
0.120606
0.367257
0.539564
0.091709
0.632678
0.193283
0.225067
0.550547
0.0151319
0.42745
0.00225987
0.374304
0.570122
0.0579886
0.676794
0.150904
0.055355
0.203696
0.636715
0.090211
0.386074
0.725757
0.0484977
0.535956
0.526713
0.146491
0.701971
0.709051
0.353133
0.269246
0.148249
0.616196
0.151395
0.0279033
0.22901
0.150922
0.508529
0.0576464
0.38821
0.0379605
0.000234258
0.327281
0.379228
0.0420698
0.526681
0.545032
0.190059
0.300945
0.468733
0.00226498
0.000698701
0.757771
0.265608
0.265495
0.0192905
0.0218997
0.530874
0.0955172
0.000422674
0.437669
0.0519246
0.0046856
0.130019
0.000232961
0.217069
0.315797
0.0196217
0.223857
0.478609
0.175454
0.160187
0.485706
0.003804
0.0576528
0.311645
0.0168341
0.615645
0.230332
0.0588262
0.00221462
0.000625788
0.0645488
0.0789544
0.0864277
0.0197585
0.00632224
0.47248
0.0240123
0.284146
0.00301718
0.214446
0.0542422
0.156535
0.558787
0.735495
0.0607079
0.777253
0.0364162
0.0686329
0.511955
0.143218
0.0215167
0.0187578
0.0296376
0.0418695
0.241743
0.49187
0.545664
0.0015263
0.529475
0.0420299
0.0189805
0.000882619
0.010709
0.0375569
0.241781
0.119814
0.293005
0.225222
0.468057
0.00747464
0.112995
0.02208
0.46348
0.233373
0.299625
0.0557579
0.00011714
0.0208589
0.10053
0.0444991
0.656768
0.0985586
0.361719
0.142242
0.802491
0.676857
0.136377
0.435793
0.0494915
0.0440618
0.30094
0.380164
0.154758
0.000955804
0.218911
0.00531878
0.224907
0.123466
0.701704
0.232279
0.910352
0.0218598
0.352904
0.418561
0.300653
0.000140908
0.00226101
0.135822
0.105937
0.00377737
0.0239166
0.300778
0.512547
0.181564
0.679677
0.506945
0.0368108
0.229563
0.12773
0.388045
0.000678914
0.000180382
0.00248794
0.691923
0.646735
0.0750559
0.000292919
0.00552396
0.236476
0.00341866
0.000883421
0.0115195
0.585147
0.225177
0.417078
0.521757
0.0736248
0.177233
0.62245
0.0335946
0.462943
0.0114429
0.000415323
0.042926
0.460173
0.0167301
0.690327
0.521183
0.33289
0.169355
0.116186
0.280278
0.449987
0.00322058
0.809714
0.45925
0.546141
0.509966
0.142032
0.684602
0.00435026
0.283011
0.196512
0.537
0.710651
0.490428
0.0922169
0.0920816
0.486093
0.111834
0.701114
0.129081
0.763462
0.0570709
0.640526
0.688605
0.281869
0.205049
0.432987
0.000710973
0.369743
0.0476906
0.549357
0.00469522
0.205854
0.294121
0.360834
0.00206877
0.475645
0.812484
0.136744
0.627821
0.641582
0.409443
0.166836
0.900848
0.289063
0.228506
0.000708011
0.794068
0.388756
0.0119065
0.502511
0.0841938
0.392103
0.394358
0.580016
0.43687
0.0590173
0.1149
0.011535
0.000416851
0.00975589
0.250161
0.0923402
0.016338
0.238391
0.0570154
0.0133874
0.467942
0.0251621
0.552799
0.503668
0.113834
0.465131
0.144013
0.000463541
0.558559
0.240684
0.0125824
0.0434393
0.0899795
0.402206
0.36718
0.791178
0.588479
0.286125
0.506343
0.0036114
5.52626e-05
0.00525699
0.0134306
0.741164
0.0137779
0.484518
0.373139
0.086796
0.295987
0.297772
0.00697049
0.0239398
0.593262
0.537481
0.669252
0.612484
0.0411387
0.142281
0.383189
0.00563096
0.0943864
0.00509133
0.587565
0.0235984
0.793832
0.00137213
0.118816
0.394341
0.044112
0.152381
0.474866
0.00451289
0.00613819
0.742895
0.027658
0.00101679
0.00598826
0.00379919
0.659681
0.282175
0.178383
0.377012
0.00317486
0.0101859
0.497467
0.40302
0.185282
0.466071
0.776744
0.326024
0.0924539
0.359727
0.132491
0.232477
0.72173
0.00323228
0.0220817
0.330457
0.0153089
0.0339183
0.0247988
0.0446765
0.0248448
0.579231
0.0958707
0.320628
0.785337
0.0123883
0.0943723
0.003764
0.738076
0.474256
0.298016
0.316455
0.568198
0.584454
0.397398
0.721156
0.00266193
0.000235602
0.227804
0.00370492
0.568523
0.692618
0.201684
0.318431
0.464042
0.520163
0.39584
0.135299
0.114382
0.0686138
0.226928
0.000717022
0.0580376
0.268112
0.8254
0.607758
0.793965
0.256119
0.0794453
0.00762577
0.0413932
0.565877
0.365641
0.0026619
0.410559
0.701448
0.448942
0.334439
0.0450829
0.0983207
0.348784
0.812853
0.281511
0.495962
0.434797
7.59597e-05
0.00203919
0.118506
0.000165066
0.0326288
0.152601
0.596843
0.435227
0.0270663
0.10815
0.0423061
0.604895
0.0740047
0.0445079
0.0253091
0.00944839
0.405449
0.140192
0.519695
0.0269421
0.00319188
0.191169
0.263482
0.245944
0.60813
0.0219468
0.0305308
0.754567
0.209438
0.0810696
0.158717
0.31191
1.76125e-05
0.587794
0.044711
0.130215
0.00335105
0.0452702
0.0805859
0.644437
0.158702
0.000492681
0.4209
0.793944
0.173174
0.305466
0.267322
0.245143
0.287776
0.422679
0.43291
0.259669
0.377961
0.345594
0.265003
0.0240123
0.22499
0.174407
0.0389075
0.462363
0.258265
0.599114
0.0818442
0.000708653
0.0389669
0.601213
0.212811
0.0479221
0.0752938
0.00398627
0.00425414
0.437963
0.0275601
0.851856
0.478049
0.820931
0.00784774
0.755808
0.032853
0.00293682
0.370914
0.233344
0.000251358
0.368832
0.431043
0.443773
0.329895
0.453213
0.402193
0.0924503
0.25116
0.258421
0.0786249
0.604527
0.627122
4.53249e-05
0.541686
0.0246827
0.0568764
0.139778
0.512321
0.00754716
0.598053
0.117957
0.702479
0.214732
0.203783
0.254194
0.0303009
0.782883
0.0470725
0.172795
0.00734269
0.145608
0.757946
0.222248
0.0032161
0.517637
0.496334
0.0151668
2.57273e-06
0.136768
0.66109
0.0339974
0.0263545
0.243644
0.595891
0.543995
0.309962
0.00315269
0.10485
0.085416
0.304336
0.439378
0.0123702
0.44783
0.0142667
0.469299
0.00235557
0.0872929
0.0658001
0.0298919
0.201382
0.397487
0.0683697
0.00690363
0.0157208
0.692836
0.00650243
0.496678
0.521511
0.000362168
0.270265
0.00171016
0.224975
0.500194
0.34748
0.0392988
0.027989
0.00248826
5.42482e-05
0.0428273
0.346017
0.0810884
0.0256886
0.0347694
0.0459855
0.0663525
0.371865
0.814543
0.426529
0.00473574
0.000317914
0.676688
0.034587
0.550084
0.029413
0.0195842
0.00646936
0.055178
0.822358
0.0214356
0.0685404
0.710621
0.301519
0.482154
0.467251
0.442561
0.237577
0.0537838
0.00116489
0.030572
0.31928
0.68841
0.214405
0.333198
0.795285
0.576371
0.0228931
0.0186044
0.435238
0.705891
0.00670206
0.69562
0.517548
0.000169887
0.0677242
0.0223724
0.0554493
0.0022231
0.111687
0.607365
0.695828
0.0338884
0.0977926
0.0478735
0.0232486
0.292304
0.850104
0.49211
0.0523294
0.0038492
0.358851
0.279915
0.086848
0.824587
0.310766
0.168059
0.0433374
0.0021282
0.0153482
0.275433
0.000252213
0.0269689
0.00407098
0.423817
0.0632586
0.255615
0.00257553
0.0273114
0.201729
0.0051751
0.0231169
0.296658
0.135316
0.306709
0.231072
0.101714
0.0595378
0.242372
0.00110204
0.386969
0.00168621
0.387846
0.584426
0.635989
0.298524
0.0125394
0.0126395
0.000673193
0.0177347
0.208834
0.00666929
0.000704251
0.416388
0.220701
0.330631
0.00324646
0.00712052
0.265945
0.360842
0.0714012
0.00219691
0.755402
0.0837414
0.0552175
0.000538212
0.0570467
0.117071
0.45224
0.000120965
0.489735
0.580985
0.0398739
0.17362
0.280423
0.00453262
0.29958
0.000128137
0.318016
0.540026
0.309418
0.0306673
0.426081
0.468241
0.414518
0.0854961
0.124781
0.629989
0.521858
0.0136792
0.00512764
0.0592029
0.000119994
0.0204299
0.235946
0.56696
0.330108
0.515819
0.00372426
0.101714
0.190844
0.15458
0.433879
0.0399995
0.161865
0.756782
0.265169
0.513715
0.00801152
0.0783868
0.0241655
0.302763
0.00589387
0.390311
0.00176744
0.4756
0.626243
0.514619
0.32232
0.181736
0.0949654
0.0173227
0.461276
0.0756967
0.12644
0.000995687
0.00342298
0.316333
0.180231
0.0658484
0.329044
0.684822
0.000716628
0.240257
0.121804
0.403067
0.484942
0.0400563
0.0256283
0.2247
0.0148315
0.254186
0.353814
0.579862
0.748937
0.0920235
0.0310036
0.00664854
0.0207966
0.595367
0.0717477
0.331011
0.0607931
0.325503
0.0102443
0.12897
0.0174184
0.167032
0.768843
0.247423
0.00477657
0.33953
0.2678
0.00853848
0.00839296
0.00726053
0.198709
0.664525
0.0119603
0.0968191
0.839777
0.153381
0.212067
0.379779
0.46449
0.285947
0.00873949
0.430585
0.661574
0.00612965
0.323514
0.0158336
0.214641
0.384278
0.00771333
0.143154
0.582155
0.328178
0.00591498
0.403551
0.343855
0.45891
0.650762
0.000691291
0.376268
0.13082
0.0158016
0.676151
0.710049
0.0970352
0.0668862
0.450528
0.0216203
0.0182298
0.0781665
0.350232
0.085948
0.0348827
0.546137
2.34052e-05
0.0717124
0.497314
0.0103975
0.173266
0.0216949
0.254588
0.318039
0.139968
0.205267
0.341845
0.27919
0.003821
0.539994
0.401073
0.0739995
0.335675
0.370727
0.178866
0.0689276
0.465962
0.541042
0.00216423
0.0224676
0.53715
0.230091
0.779403
0.0364801
0.0327101
0.00436903
0.0146807
0.237106
0.0314382
0.754771
0.482309
0.305955
0.00243197
0.114456
0.336581
0.000173954
0.244773
0.672048
0.0014905
0.55277
0.325803
0.297417
0.0591261
0.553784
0.304419
0.640946
0.079187
0.0974663
0.00134827
0.133999
0.000252354
0.066974
0.479065
0.00831605
9.27973e-05
0.385501
0.0608461
0.123095
0.433474
0.686012
0.288476
0.261248
0.141822
0.200714
0.0020614
0.463686
0.307407
0.661541
0.45535
0.0892072
0.693258
0.162413
0.0242438
0.0786993
0.17467
0.00159739
0.514956
0.141409
0.0420015
0.700456
0.339692
0.382483
0.43236
0.834419
0.0163118
0.465674
0.000736309
0.580251
0.00437063
0.201504
0.775158
0.0102761
0.738701
0.598729
0.0236331
0.0245286
0.000910969
0.0509084
0.175305
0.00290893
0.0119348
0.025577
0.107024
0.00530253
0.011845
0.472089
0.00159839
0.0385683
0.0464396
0.163088
0.346973
0.0675183
0.328294
0.308357
0.463137
0.000873203
0.147422
0.796464
0.161411
0.288851
0.0185833
0.0996587
0.143652
0.0492358
0.00232926
0.45726
0.435646
0.00563128
0.644899
0.00245596
0.619657
0.629141
0.315408
0.0272063
0.191994
0.596531
0.153915
0.206332
0.283162
0.11317
0.438314
0.00890133
0.577128
0.0997796
0.032815
0.217342
0.166785
0.00691685
0.0432843
0.0130056
0.355029
0.00442037
0.254099
0.557854
0.266671
0.388167
7.34744e-05
0.374048
0.0373349
0.0867905
0.414693
0.247631
0.443646
0.0185902
0.348849
0.158813
0.606573
0.366082
0.410933
0.000288145
0.129627
0.565985
0.419816
0.521284
0.0362426
0.166521
0.405399
0.24903
0.244848
0.346454
0.785654
0.103468
0.282846
0.395607
0.00077144
0.284444
0.000242337
0.0355232
0.325741
0.0901336
0.705866
0.207123
0.579608
0.658435
0.000486497
0.288497
0.00643435
0.0205495
0.190959
0.483672
0.281367
0.106458
0.381301
0.0855735
0.106177
0.339782
0.478774
0.238945
0.24223
0.0776332
0.000110495
0.354825
0.00724725
0.0048925
0.285032
0.430194
0.50082
0.561389
0.00551392
0.441975
0.000840724
0.335212
0.365221
0.0357177
0.184843
0.00170459
0.0974102
0.00274653
0.76456
0.414049
0.540411
0.871191
0.163858
0.417886
0.00331435
0.227278
0.0073528
0.00143263
0.6862
0.0173587
0.56604
0.313839
0.178607
0.0521688
0.581124
0.00112942
0.437589
0.00724552
0.0169917
0.00550287
0.567515
0.406948
0.289113
0.466368
0.0046166
0.276467
0.022743
0.176415
0.318379
0.162571
0.0923998
0.299325
0.652933
0.233693
0.253606
0.00372898
0.320041
0.638929
0.118951
0.0531607
0.412928
0.0784258
0.235094
0.581389
0.195495
0.82938
0.0417664
0.000297185
0.072823
0.0223949
0.0413134
0.316833
0.47479
0.0486345
0.346325
0.311103
0.295709
0.206893
0.027939
0.254629
0.241795
0.534461
0.174377
0.0639346
0.000262114
0.32243
0.264037
0.0684582
0.0795429
0.00215881
0.00230692
0.148484
0.126154
0.335105
0.607309
0.143307
0.216388
0.314871
0.27696
0.404216
0.16753
0.64215
0.185786
0.666972
0.657452
0.0147462
0.161184
0.185825
0.571393
0.0123516
0.694132
0.520554
0.195906
0.000408093
0.328987
0.0740104
0.170253
0.596993
0.155907
0.66592
0.170569
0.567528
0.497954
0.285441
0.285141
0.0421984
0.0268538
0.387705
0.0272008
0.0333496
0.438701
0.00537024
0.600049
0.60844
0.607556
0.142921
0.4982
0.876379
0.0133272
0.508927
0.0317192
0.00203556
0.0407099
0.116771
0.00603923
0.492935
0.0622048
0.445888
0.442325
0.761979
0.437926
0.218098
0.434512
0.640729
0.00659426
0.58081
0.0629851
0.0547399
0.278654
0.45608
0.377253
0.0749614
0.0129361
0.433201
0.553861
0.393694
0.00989902
0.503639
0.105058
0.12271
0.00068835
0.599601
0.260806
0.0460141
0.0097504
0.0188748
0.180266
0.000929011
0.295375
0.139397
0.0229511
0.148861
1.87329e-06
0.177917
0.00222635
0.315354
0.0852164
0.186234
0.0253153
0.620094
0.265525
0.13978
0.00893952
0.154934
0.122787
0.350002
0.297907
0.489598
0.00972298
0.0130685
0.367348
0.0986252
0.581479
0.00296269
0.00102484
0.00902805
0.118882
0.050143
0.703327
0.00457352
0.222007
0.136484
0.658152
0.328641
0.242417
0.114831
0.581372
0.61009
0.00144806
0.0780098
0.00527007
0.00470226
0.0163615
0.548558
0.0969669
0.11142
0.00439827
0.310596
0.148851
0.0700184
0.0680533
0.410473
0.196178
0.0106231
0.012449
0.750941
0.0932772
0.489993
0.0141648
0.108455
0.434355
0.406305
0.441326
0.00500475
0.0471489
0.540854
0.125222
0.40772
0.847572
0.17295
0.781476
0.665913
0.0948189
0.16744
0.428421
0.500587
0.000456095
0.850908
0.375818
0.0445111
0.158748
0.205961
0.268999
0.687703
0.541963
0.562107
0.607706
0.198942
0.625479
2.91248e-05
0.000936228
0.0372822
0.0279116
0.47526
0.413437
0.100761
0.474851
0.237687
0.00534949
0.206428
0.367665
0.116013
0.438247
0.599125
0.417192
0.0135643
0.438245
0.202489
0.0384624
0.490765
0.249077
0.497562
0.818735
0.366526
0.30071
0.312347
0.351536
0.21237
0.304337
0.410792
0.263661
0.258308
0.0351121
0.515307
0.352668
0.0114422
0.0705235
0.0865064
0.00046757
0.614082
0.00672567
0.00707251
0.261481
0.00970522
0.748713
0.664865
0.142684
0.607089
0.496434
0.000226044
0.324642
0.566981
0.170844
0.375945
0.0168009
0.672502
0.561515
0.485034
0.000997952
0.168148
0.37402
0.86093
0.000968133
0.21737
0.698068
0.0054702
0.00148159
0.0102514
0.127082
0.11722
0.657789
0.362431
0.00153684
0.348886
0.102381
0.175869
0.0456645
0.0111735
0.733295
0.589634
0.712305
0.0128082
0.000316871
0.00255505
0.131582
0.559537
0.604491
0.314457
0.102073
0.123239
4.35157e-06
0.0879912
0.761036
0.241459
0.580827
0.838936
0.000302461
0.59666
0.426437
0.0924944
0.00305996
0.00426743
0.297002
0.10054
0.364193
0.0739138
0.000237668
0.807478
0.279428
0.619747
0.000395807
0.485166
0.0156856
3.83548e-05
0.00161476
0.724003
0.0110794
0.553086
0.325462
0.648537
0.432631
0.029732
0.0340148
6.36909e-06
0.570102
0.0602743
0.0197601
0.0757447
0.430292
0.475679
0.140374
0.00054318
0.101893
0.132695
0.137562
0.0779993
0.0114639
0.0526686
0.0314827
0.0753625
0.607298
0.409975
0.770626
0.592975
0.641496
0.0618514
0.00393081
0.581013
2.16437e-05
0.673546
0.00326895
0.0304381
0.581838
0.308627
0.142247
0.778753
0.00402821
0.000212443
0.0314056
0.0685694
0.0225096
0.0756446
0.707755
0.758922
0.186765
0.316627
0.501571
0.532584
0.344641
0.203006
0.258324
0.0231615
0.00317352
0.761443
0.00877944
0.184202
0.234248
0.00415612
0.422185
0.0552389
0.129716
0.648434
0.0721408
0.21299
0.375303
0.279898
0.230918
0.0641821
0.0314863
0.527306
0.156339
0.320728
0.55501
0.479637
0.459171
0.294494
0.740258
0.33378
0.477875
0.154594
0.0022964
0.741899
0.270182
0.0118081
0.604091
0.246056
0.530599
0.475974
0.0413491
0.135587
0.565575
0.649736
0.390745
0.0749674
0.836908
0.635769
0.521276
0.148547
0.345926
0.0123744
0.0567084
0.135791
0.104158
0.00168581
0.0291665
4.52386e-06
0.432278
0.402404
0.409672
0.26209
0.212984
0.00148329
0.793453
0.152608
0.234475
0.0773509
0.439939
0.26718
0.680223
0.0206173
0.755651
0.0998264
0.356816
0.328312
0.00357898
0.0233874
0.301402
0.310239
0.000408671
0.0613411
0.287813
0.0998972
0.0366459
0.268863
0.273862
0.535093
0.00387782
0.103242
0.66472
0.717751
0.40871
0.0482605
0.18993
0.000978551
0.0342722
0.00911686
0.0160419
0.646968
0.45596
0.0115831
0.670658
0.0106096
0.572236
0.0427097
0.561648
0.0689041
0.719461
0.00498078
0.133576
0.358961
0.412712
0.188923
0.0332805
0.227412
0.844669
0.0686397
0.123603
0.173905
0.00478847
0.859994
0.363178
0.438854
0.24596
0.352416
0.493498
0.715047
0.3715
0.0108776
0.235251
0.00100843
0.0933475
0.487335
0.00628103
0.544915
0.076202
0.00136624
0.54541
0.021262
0.115751
1.7385e-06
0.057701
0.180386
0.0164556
0.0457559
0.0138665
0.171017
0.350751
0.314531
0.5541
0.580586
0.0115063
0.000325557
0.682978
0.310936
0.17427
0.253466
0.334559
0.00722899
0.0572243
0.862422
0.0589035
0.000496908
0.370797
0.110413
0.0896195
0.610955
0.166321
0.332123
0.3493
0.0024462
0.781217
0.00186742
0.316083
0.424336
0.612645
0.17042
0.0145327
0.185794
0.6463
0.05501
0.000602938
0.0389971
0.14661
0.291998
0.0506446
0.5887
0.0292865
0.023598
0.0768291
0.125428
0.224164
0.00989012
0.623875
0.119365
0.0565841
0.272752
0.210561
0.315435
0.30436
0.0211202
0.000725573
0.105079
0.0130373
0.0244035
0.314696
0.000896764
0.235762
0.69797
0.383489
0.00191525
0.00842561
0.0143683
0.0293315
0.15781
0.374947
0.0869142
0.0946693
0.422082
0.496809
0.0307548
0.420518
0.651223
0.000355395
0.728669
0.138462
0.00465768
0.0437512
0.0197796
0.341083
0.194726
0.066945
0.258218
0.0478325
0.0120341
0.241687
0.269133
0.116462
0.213528
0.900113
0.448877
0.270739
0.460905
0.231702
0.00617509
0.382594
0.0213039
0.75562
0.0144291
0.607204
0.536016
0.14786
0.0621289
0.630285
0.304435
0.192463
0.192757
0.024053
0.00326495
0.124639
0.453744
0.607807
0.347971
0.542028
0.367147
0.0465128
0.018344
0.00784641
0.529455
0.629653
0.050152
0.170406
0.0015339
0.0635251
0.895059
0.431559
0.000423707
0.00142373
0.269955
0.487274
0.51575
0.285071
7.09751e-05
0.689078
0.000639443
0.00423513
0.145671
0.740433
0.196046
0.0417111
0.0192407
0.0613433
0.05762
0.281546
0.258533
0.407934
0.00416689
0.716506
0.185213
0.0171152
0.00516729
0.146669
0.743096
0.578399
0.622681
0.000478647
0.0112767
0.083142
0.000630237
0.0877162
0.0616277
0.00121737
0.495019
0.0359939
0.00523957
0.081476
0.126518
0.105875
0.376617
0.192805
0.58489
0.654737
0.103631
0.0385588
0.715947
0.239659
0.00389453
0.229934
0.182955
0.0940338
0.480285
0.61781
0.360914
0.0959939
0.532833
0.0229153
0.537593
0.00391167
0.74071
0.610428
0.0504872
0.766205
0.00695753
0.451455
0.698168
0.0521665
0.0393278
0.164148
0.088075
0.0261501
0.534676
0.0246972
0.544065
9.59793e-06
0.000384946
0.522671
0.00773325
0.0788007
0.664804
0.411827
0.0125104
0.41739
0.0242559
0.229124
0.403672
0.354728
0.00383074
0.00397268
0.6721
0.0170815
0.23992
0.616468
0.0285308
0.111117
0.590377
0.212914
0.583192
0.00365642
0.00333835
0.00449672
0.0870641
0.246346
0.628801
3.02213e-05
0.0232225
0.0129382
0.236218
0.134242
0.736
0.158101
0.00596428
0.242619
0.059481
0.554885
0.0866425
0.0143236
0.0958952
0.441135
0.547719
0.391359
0.130479
0.621114
0.339477
0.00555001
0.367513
0.121442
0.00780425
0.398351
0.623783
0.73055
0.295076
0.207774
0.414784
0.762889
5.60404e-05
0.759062
0.00775427
0.378563
0.0771024
0.343189
0.0744428
0.0280292
0.819495
0.162602
0.0230369
0.0203606
0.241142
0.201296
0.0243853
0.322278
0.545746
0.345795
0.0622076
0.000300356
0.0257883
0.0502237
0.731453
0.0740678
0.288426
0.231555
0.592504
0.594363
0.000356299
0.588763
0.206896
0.0220666
0.522411
0.191814
0.466419
0.316652
0.386133
0.166143
0.00572241
0.267719
0.687889
0.102499
0.0950588
0.0167969
0.0404935
0.573938
0.478713
0.0036774
0.000841851
0.263333
0.762415
0.335237
0.0608367
0.0879232
0.00223962
0.0483943
0.00031735
0.558846
0.221609
0.799869
0.725816
0.670166
0.335907
0.000972525
0.765854
0.359913
0.450183
0.367884
0.108924
0.557763
0.871914
0.50064
0.0176621
3.67689e-05
0.0288568
0.472128
2.11396e-05
0.30553
0.542745
0.00307955
0.115093
0.062166
0.167118
0.302116
0.0611647
0.0916181
0.166
0.430704
0.449453
0.26838
0.698541
0.116107
0.000492328
0.538496
0.736664
0.0614315
0.815912
0.256863
0.0499838
0.154435
0.221947
0.375139
0.0279212
0.00247255
0.189436
0.000250981
0.264522
0.017918
0.41108
0.442597
0.405315
0.146719
0.44935
0.000564936
0.664798
0.458511
0.543017
0.105389
0.373222
5.20623e-05
0.278965
0.693926
0.139204
0.407184
0.0993382
0.00273487
0.590002
0.470569
0.221867
0.555332
0.00879191
5.36858e-05
0.0124079
0.0326827
0.26216
0.134703
0.0380949
0.121726
0.210329
0.0319239
0.265717
0.028281
0.191213
0.0183538
0.0287695
0.00788947
0.382444
0.046564
0.26942
0.0301787
4.30936e-05
0.0763113
0.00236617
0.190104
0.0115225
0.549935
0.367282
0.417466
0.00276839
0.000763568
0.51707
0.562759
0.00345986
0.52241
0.618248
0.287167
0.027702
0.302452
0.452339
0.248677
0.508961
0.483207
0.343837
0.455359
0.52914
0.185591
0.0165535
0.0629321
0.303864
0.0089865
0.903091
0.56493
0.0761804
0.542443
0.363231
0.368707
0.0446261
7.27952e-05
0.891979
0.129921
0.248334
0.0557453
0.0301299
0.328432
0.635376
0.539211
0.111602
0.620277
0.809217
0.6706
0.573078
0.00306468
0.105976
0.333247
0.542199
0.0587818
0.29154
0.682824
0.030204
0.466307
0.0199345
0.0310838
0.406023
0.133969
0.457041
0.000241909
0.402298
0.251828
0.186038
0.469758
0.000370894
0.108907
0.367475
0.186546
0.237331
0.135845
0.0463167
0.000378182
0.498952
0.283735
0.11114
0.199639
0.169919
0.086613
0.268862
0.00207142
0.197668
0.277172
0.0267392
0.659039
0.0993097
0.358873
0.699376
0.080012
0.65755
0.313052
0.335684
0.276655
1.39251e-05
0.578575
0.0236571
0.122559
0.0733844
0.0347213
0.411929
0.718433
0.0127718
0.00416598
0.147596
0.109516
0.609118
0.320598
0.339921
0.276874
0.812819
0.000458621
0.577526
0.0049517
0.155802
0.629395
0.677582
0.594047
0.216974
0.421411
0.00189479
0.00017322
0.000967134
0.606522
0.00320458
0.432332
0.469972
0.00623692
0.27066
0.489763
0.00138584
0.737424
0.602819
0.39948
0.293093
0.0118972
0.0630654
0.16771
0.0242574
0.224451
0.00128076
0.0037406
0.361342
0.399625
0.550935
0.00573818
0.495588
0.0369138
0.167819
0.554084
0.415264
0.193678
0.399795
0.254115
0.635355
0.512052
0.0125874
0.0876052
0.470833
0.0121107
0.00267096
0.510322
0.35798
0.491876
0.0744006
0.00779643
0.415506
0.289161
0.679144
0.002827
0.880659
0.666929
0.00638802
0.536553
0.029722
0.257794
0.0379916
0.0571587
0.00354596
0.12186
0.236334
0.179186
0.448793
0.0132808
0.159759
0.0228332
0.0340786
0.00639942
0.420986
0.0590129
0.107947
0.791299
0.625845
0.685165
0.362611
0.825035
0.310315
0.0997475
0.103049
0.74169
0.0192804
0.204894
0.022168
0.00154074
0.464242
0.644105
0.216439
3.55656e-05
0.424739
0.475132
0.525021
0.0110715
0.0128795
0.0070401
0.00269052
0.493048
0.669192
0.519274
0.044756
0.539603
0.191556
0.564551
0.369242
0.394771
0.832869
0.28433
0.256068
0.0219326
0.587278
0.428377
0.0452765
0.098421
0.192684
0.000256523
0.413165
0.00627489
0.387421
0.325323
0.539857
0.458306
0.118171
0.302146
0.737308
0.491169
0.0861579
0.077642
0.0452413
0.00217335
0.253067
0.359764
0.278334
0.10976
0.0118032
0.553921
0.00303156
0.0470912
0.326966
0.485161
0.272181
0.0111685
0.439606
0.00679956
0.173557
0.035157
0.00187757
0.000149268
0.359411
0.797887
0.0043635
0.0329344
0.135855
0.379876
0.178596
0.0739417
0.218768
0.0751166
0.77885
0.147461
0.0771994
0.354675
0.432712
0.43786
0.310439
0.262532
0.00191762
0.0607674
0.0208012
0.591975
0.372717
0.760067
0.873743
0.070646
0.179506
0.669469
0.3606
0.182164
0.117715
0.297382
0.228846
0.352617
0.00370299
0.111095
0.664303
0.493024
0.0128984
0.59913
0.166695
0.165135
0.666232
0.0300698
0.00010646
0.294053
0.014055
0.101935
0.576974
0.623636
0.0359106
0.221465
0.109596
6.2598e-05
0.115377
0.403467
0.000268182
0.00201492
0.724508
0.0522734
0.298016
0.66554
0.60657
0.348481
0.644103
0.481255
0.425049
0.0235954
0.187487
0.575102
0.241104
0.0543067
0.376222
0.0276801
0.00361621
0.662579
0.608424
0.712362
0.134346
0.324815
0.258773
0.00602247
0.0125159
0.784763
0.000847089
0.651268
0.473002
0.000578779
0.0906591
0.813882
0.279289
0.000123859
0.274216
0.00326533
0.43507
0.38861
0.398639
0.566235
0.746519
0.396355
0.00558187
0.342545
0.0297292
0.338925
0.171926
0.146333
0.487667
0.0115544
0.421949
0.662659
0.000883096
0.0698845
0.175211
0.735432
0.387366
0.0197871
0.209977
0.44006
0.0218258
0.0134012
0.0989172
0.371182
0.483968
0.60737
0.00581067
0.529137
0.0663778
0.637836
0.203927
0.231166
0.0604498
0.127051
0.472056
0.255174
0.00278386
0.2756
0.145051
0.000462543
0.428339
0.0440738
0.530719
0.0653464
0.495015
0.500578
0.382402
0.430641
0.186138
3.18387e-05
0.0379673
0.645514
0.00109542
0.113427
0.461268
0.777784
0.618744
0.0819643
0.0325244
0.0777373
0.0814045
0.696328
0.576705
0.0695742
0.142777
0.259179
0.384952
0.00502289
0.746767
0.024122
0.409086
0.00238941
0.378401
0.00363991
0.0468319
5.15232e-05
0.689872
7.28278e-06
0.0147811
0.33238
0.00213204
0.569978
0.000374985
0.000725794
0.00162793
0.0125959
0.524629
0.350061
0.0361229
0.225943
0.207687
0.0275952
0.0166997
0.321279
0.327827
0.0476213
0.16186
0.61677
0.00672667
0.139271
0.0643151
0.364981
0.0206176
0.00339486
0.647145
0.356038
0.286719
0.107508
0.41476
7.4637e-06
0.47559
0.587569
0.216847
0.674568
0.452111
0.740437
0.763078
0.254048
0.381954
0.320158
0.320425
0.170591
0.355909
0.0493506
0.233827
0.288703
0.490967
0.0648251
0.2057
0.10572
0.273594
0.717602
0.638635
0.643597
0.241852
0.265328
2.79723e-05
0.748224
0.0113543
0.023293
0.00798491
0.582996
0.00920305
0.879412
0.491747
0.186698
0.498159
0.117282
0.583552
0.179531
0.00319856
0.600278
0.361172
0.0638782
0.263638
0.173657
0.0141925
0.000170639
0.0208248
0.277233
0.134073
0.580328
0.0920826
0.0187676
0.329125
0.0390055
0.0702359
0.355009
0.639152
0.531426
0.799022
0.267851
0.373658
0.0159334
0.0731515
0.565083
0.36797
0.00661861
0.0753362
0.818695
0.0163106
0.664742
0.343769
0.0157398
0.00636993
0.220004
0.325996
0.145201
0.73388
0.00456623
0.0401555
0.401454
0.409083
0.082727
0.686657
0.0349955
0.00926994
0.509384
0.247513
0.227103
0.191121
0.110858
0.00113635
0.340418
0.143584
0.434164
0.317157
0.261633
0.484487
0.444753
0.403842
0.188316
0.317677
0.00880803
0.0045592
0.814703
0.445261
0.304838
0.00685993
0.241649
0.0185978
0.559931
0.436594
0.469341
0.278506
0.650568
0.294366
0.0405483
0.502747
0.486113
0.0182432
0.644387
0.000804429
0.0019977
0.00347125
0.357237
0.294784
0.00196558
0.179168
0.144777
0.518557
0.527398
0.000626777
0.219057
0.301683
0.00136065
0.452573
0.213007
0.559337
0.115893
0.249485
0.798963
0.00992739
0.344987
0.059594
0.000765378
0.388776
0.00180152
0.103597
0.313198
0.0155301
0.79414
0.107375
0.593278
0.0941838
0.0205711
0.631413
0.325887
0.265836
0.514142
0.516602
0.204551
0.0465612
0.104891
0.0649015
0.490941
0.177546
0.000984604
0.0399916
0.00172846
0.232236
0.0464446
0.000624343
0.351888
0.0295144
0.361204
0.213874
0.116419
0.0393038
0.420783
0.128152
0.42637
0.187663
0.448738
0.00043281
0.707666
0.0165775
0.00377196
0.257272
0.466756
0.0368793
0.332683
0.622357
0.0128315
0.0167551
0.0458259
0.126833
0.0205805
0.000700224
0.0214978
0.349867
0.000623134
0.000118427
6.66544e-05
0.0181068
0.242077
0.44668
0.044118
0.0071638
0.596396
0.169241
0.714694
0.197047
0.222913
0.868871
0.242639
0.563529
0.240671
0.105843
0.064425
0.276865
0.00172885
0.00160449
0.240703
0.252751
0.0181658
0.496226
0.330532
8.26549e-05
0.594608
0.101311
0.146026
0.681733
0.0543897
0.459873
0.00435968
0.304219
0.698695
0.51425
0.301891
0.483585
0.148699
0.259396
0.0450689
0.248485
0.00107909
0.531032
0.210505
0.509146
0.0126338
0.0728732
0.00136313
0.313095
0.778065
0.243823
0.453319
0.255488
0.892012
0.0893673
0.0604102
0.536899
0.0268787
0.574483
0.00153368
0.613812
0.497436
0.504212
0.0958758
0.141309
0.176977
0.000979509
0.00187444
0.50257
0.39521
0.370171
0.293745
0.584418
0.492469
0.307823
0.000417992
0.172007
0.0501465
0.301147
0.334948
0.0710818
0.0133487
0.789078
0.00125867
0.554175
0.00989251
0.113807
0.0056258
0.699153
0.0518826
0.0565253
0.104638
0.606888
0.0581149
0.128329
0.815366
0.220323
0.0690403
0.0257086
0.180379
0.45672
0.182451
0.0198961
0.0238079
0.458949
0.0822359
0.700533
0.00302708
0.116825
0.442552
0.0117998
0.0033579
8.87498e-05
0.12838
0.00674658
0.000130701
0.417891
0.779768
0.355896
0.000735495
0.31659
0.0536364
0.336487
0.0093612
0.29695
0.418414
0.446843
0.00290427
0.000359355
0.199133
0.0425965
0.00341153
0.178024
0.21564
0.144318
0.00105448
0.0418026
0.0453714
0.0383249
0.779461
0.105555
0.480677
0.286144
0.679685
0.0885648
0.0691431
0.0435497
9.77233e-05
0.480396
0.00385339
0.0430247
0.748121
0.288671
0.231291
0.886276
0.000906463
0.263775
0.300076
0.00118937
0.000136827
0.509112
0.745213
0.862225
0.554936
0.0463479
0.0680474
0.704268
0.265043
0.199255
0.662354
0.453962
0.548485
0.362411
0.000162038
0.468731
0.302376
0.370292
0.598008
0.540948
0.503139
0.438985
0.753427
0.038177
0.00790355
0.761748
0.480013
0.297606
0.00449389
0.552943
0.269764
0.293743
0.309127
0.125926
0.00515012
0.424867
0.495243
0.779189
0.904197
0.603709
0.849362
0.714249
0.763244
0.422449
0.690195
0.00566898
0.54134
0.583148
0.303574
0.0566752
0.202024
0.00752711
0.28428
0.0148815
0.436324
0.00198847
0.922785
0.150469
0.561022
0.0884837
0.0226709
0.487086
0.314643
0.0037978
0.325533
0.319147
3.68127e-05
0.122453
0.000233654
0.0043848
0.352277
0.0379132
0.00557044
0.251815
0.542895
0.399656
0.00952977
0.0216282
2.92468e-06
0.357006
0.217281
0.282373
0.0895344
0.695092
0.182665
0.367454
2.83558e-05
0.0251115
0.366042
0.00395693
0.0180529
0.449526
0.000483808
0.0132286
0.609093
0.450232
0.601133
0.281404
0.709554
0.619864
0.681074
0.0499502
0.296559
0.084693
0.713724
0.543798
0.00216649
0.00188869
0.614857
0.0444749
0.0894929
0.629509
0.358
0.199662
0.051091
0.2347
0.737241
0.109357
0.0691797
0.522092
0.00532384
0.0079713
0.588051
0.434842
0.249671
0.625893
0.188245
0.489734
0.026885
0.471042
0.0893488
0.393468
0.567558
0.193734
0.0138847
0.609886
0.00313381
0.0126447
0.43981
0.223066
0.616763
0.135187
0.620648
0.00621656
0.43493
0.0835181
0.603875
0.128252
0.130024
0.0158088
0.30777
0.0291103
0.071266
0.653371
0.00679593
0.225217
0.00179261
0.82241
0.435305
0.392227
0.362107
0.0593123
0.558099
0.0201161
0.225241
0.399082
0.0168993
0.151048
0.147452
0.0101237
0.00227851
0.0164662
0.263495
0.736141
0.500152
0.0282886
0.445984
0.66465
0.486085
0.791406
0.563221
0.705116
0.00524818
0.116695
0.0449083
0.668234
0.621216
0.00171029
0.449592
0.657098
0.293787
0.112045
0.646173
0.467806
0.36297
0.277991
0.588188
0.447217
0.000717324
0.0150196
0.513248
0.214237
0.00459012
0.0454826
0.00538254
0.0123148
0.266404
0.435925
0.776309
0.0217424
0.285048
0.0173472
0.139748
0.0087267
0.128355
0.0331185
0.0348867
0.887804
0.00157568
0.116895
0.0389649
0.100142
0.743756
0.0162845
0.00373324
0.000429811
0.0441477
0.318865
0.256566
0.230894
0.0153365
0.053506
0.00769168
0.318271
0.276767
0.00536066
0.582434
0.0656956
0.640126
0.0084606
0.415265
0.0401604
0.249535
0.101061
0.386662
0.0121719
0.00133626
0.602287
0.0863091
0.122519
0.000212487
0.0895335
0.479013
0.262505
0.477269
0.436747
0.0172646
0.85621
0.307238
0.707167
0.389128
0.20214
0.0678238
0.761861
0.370186
0.0201867
0.00541983
0.280144
2.47624e-05
0.00112322
0.66593
0.000253808
0.0454053
0.00271775
0.261775
0.0102613
0.612177
0.189896
0.249059
0.359422
0.101419
0.0124081
0.0146668
0.629577
0.559166
0.537968
0.500575
0.00358425
0.476089
0.113234
0.218204
0.0931145
0.000694619
0.32177
0.0937139
0.0819622
0.0343426
0.473536
0.289324
0.140115
0.137342
0.201631
0.261979
0.192048
0.698005
0.59433
0.121713
0.511415
0.0260442
0.0175676
0.892146
0.142922
0.552324
0.00064841
0.680216
0.00481507
0.0252595
0.631576
0.160811
0.613666
0.209687
0.0896846
0.0395087
0.1227
0.371069
0.0135664
0.00256494
0.644158
0.0592125
0.363723
0.129497
0.0551502
0.171352
0.107903
0.0494388
0.0715666
0.559584
0.501955
0.535109
0.181095
0.0320756
0.673176
0.0356403
0.365602
0.00387692
0.41077
0.0275687
0.0124483
0.446811
0.0036189
0.054133
0.0621896
0.319528
0.0325231
0.0773229
0.0162968
0.563493
0.221314
0.0309638
0.39722
0.595594
0.0108798
0.0547675
0.568563
0.327129
0.610369
0.707374
0.21717
0.00196703
0.00508052
0.26131
0.440141
0.593466
0.105379
0.00819831
0.148782
0.668898
0.266848
0.0100999
0.196677
0.706808
0.00697483
0.00906246
0.279361
0.0259613
0.229945
0.189771
0.674728
0.0413989
0.1663
0.452881
0.577573
0.42265
0.130765
0.259561
0.767625
0.103279
0.330619
0.704663
0.536682
0.00248342
0.0119645
0.0536116
0.00787963
0.339689
0.000762355
0.062502
0.655561
0.10392
0.751606
0.0178674
0.712233
0.00266047
0.0632419
0.0587615
0.190122
0.5225
0.140675
0.561001
0.270151
0.0672341
0.0491536
0.000897335
0.0248924
0.385849
0.0911623
0.0448896
0.0724818
0.0210775
0.520656
0.0884492
0.061012
0.00201077
0.281848
0.0141987
0.682606
0.660401
0.262529
0.763172
0.438574
0.501027
0.256989
0.339312
0.00174308
0.616857
0.50468
0.378574
0.153865
0.454181
0.554795
0.0208238
0.619988
0.603689
0.158163
0.286903
0.451381
0.158584
0.296606
0.0314745
0.671033
0.286852
0.332333
0.691629
0.145733
0.174389
0.0164451
0.0696189
0.203008
0.457879
0.416695
0.641168
0.0286986
0.644834
0.207648
0.27831
0.125219
0.405721
0.0213786
0.0219166
0.0568956
0.396316
0.0057542
0.5395
0.0673363
0.187091
0.0372658
0.000217497
0.558067
0.000957181
0.818322
0.00767545
0.49895
0.650396
0.322142
0.010602
0.124948
0.00179429
0.00507134
0.486681
0.647964
0.00959625
0.0275323
0.329559
0.243883
0.596307
0.539617
0.172335
0.157373
0.268062
0.0197262
0.570699
0.756379
0.380851
0.107192
0.442879
0.0790688
0.481567
0.0713829
0.397408
0.00102042
0.0013577
0.192147
0.023741
0.48739
0.000356345
0.0118213
0.25914
0.443943
0.129489
0.0546006
0.173099
0.153765
0.526854
0.364272
0.293074
0.0441237
0.427356
0.142705
0.000360359
0.178833
0.340664
0.0270754
0.65718
0.00214299
0.059043
0.808223
0.384281
0.647666
0.0788055
0.278288
0.0950169
0.644806
0.00186879
0.009271
0.0111403
0.641632
0.270964
0.0235641
0.559808
0.0288257
0.112661
0.386084
0.0191718
0.211389
0.32578
0.103034
0.488006
0.439094
0.563025
0.00182926
0.61708
0.0410402
0.00207793
0.271522
0.257703
0.431596
0.291594
0.0238306
0.381704
0.288921
0.42223
0.0378754
0.601703
0.661611
0.82741
0.0439452
0.0784719
0.00147564
0.768836
0.36563
0.307486
0.00219046
0.167591
0.722111
0.000478044
0.0574622
0.00454244
0.162621
0.662461
0.0158848
0.562671
0.0277784
0.047603
0.568024
0.350004
0.670904
0.618948
0.516908
0.0563285
0.000277025
0.372854
0.780094
0.566449
0.0332164
0.00108359
0.146179
0.699922
0.469059
0.197747
0.0221943
9.19187e-05
9.29418e-05
0.217736
0.11342
0.209138
0.214791
0.0164763
0.0242654
0.162959
0.000125544
0.284705
0.409124
0.456763
0.00273688
0.0194947
0.187825
0.784785
0.0539841
0.148069
0.669706
0.539933
0.00787239
0.167485
0.0399617
0.00460144
0.250588
0.595424
0.235518
0.243786
0.310033
0.458585
0.343593
0.10486
0.567515
0.167954
0.0034115
0.412985
0.00114593
0.00851004
0.127781
0.082266
0.0580402
0.084735
0.232367
0.357278
1.94973e-05
0.17157
0.061977
0.0255527
0.56799
0.0182552
0.605144
0.00403554
0.0860451
0.00200848
0.0916173
0.0188395
0.00390951
0.555769
0.761286
0.485745
0.459647
0.353249
0.755146
0.380035
0.78986
0.225442
0.346293
0.323216
0.000338571
0.0506341
0.0153891
0.268186
0.425386
0.60994
0.81498
0.812325
0.000239279
0.00201169
0.409117
0.0987595
0.0623461
0.0169481
0.162743
0.00293717
0.108742
0.503789
0.0160402
0.419883
0.0147904
0.590957
0.122886
0.639477
0.039046
0.312081
0.311039
0.480433
0.00331292
0.0197397
0.318952
0.0259448
0.296515
0.0218492
0.106548
0.0172636
0.368088
0.306809
0.355669
0.0176331
0.00235372
0.271125
0.474393
0.397769
0.512383
0.529297
0.0544187
0.303541
0.3797
0.463342
0.143824
0.589199
0.606025
0.0061874
0.00378569
0.0419739
0.325142
0.322979
0.00602573
0.425631
0.412366
0.0256263
0.0459067
0.0288483
0.00336369
0.519421
0.0101409
0.0674299
0.436852
0.0600115
0.119328
0.274482
0.231963
0.000165372
0.00826083
0.642953
0.00812394
0.00149961
0.126459
0.869809
0.00162297
0.0743574
0.00123663
0.462998
0.402735
0.000715228
0.0897868
0.390192
0.288795
0.154298
0.146393
0.469869
0.232915
0.71401
0.00179526
0.582884
0.110595
0.71637
0.229059
0.0126085
0.224926
0.568064
0.0643257
0.242754
0.0991836
0.931814
0.0277186
0.0286116
0.485005
0.292176
0.0395196
0.538585
0.435263
0.296392
0.487756
0.38444
0.0696355
0.0739562
0.0198407
0.594945
0.117792
0.255485
0.0148129
0.0245774
0.640682
0.0061274
0.191662
0.130305
0.344537
0.182923
0.149732
0.643547
0.14446
0.497851
0.55656
0.00118501
0.0393651
0.0406695
0.0309571
9.90128e-05
0.179236
0.320526
0.199289
0.531466
0.0201118
0.45345
0.579348
0.00191177
0.00257947
0.395377
0.0105996
0.725765
0.449182
0.469354
0.431326
0.0609343
0.0597633
0.232337
0.0919238
0.159619
0.60593
0.00912047
0.00310809
0.389869
0.41731
0.215408
0.30002
0.652522
0.628261
0.403494
0.0336315
0.222396
0.000545955
0.279352
0.350683
0.0185149
0.0358847
0.00407921
0.242375
0.0140787
0.00950219
0.216065
0.00283485
0.0716301
0.311285
0.000933218
0.526089
0.0662618
0.146284
0.317124
0.000309517
0.647115
0.219703
0.0082997
0.305981
0.00095906
0.334154
0.238311
0.627396
0.0417172
0.0356699
0.0501189
0.656882
0.351476
0.526278
0.239208
0.071686
0.000910179
0.073246
0.190713
0.166617
0.367837
0.00168007
0.0218326
0.792989
0.492216
0.000371341
0.535532
0.12504
0.0382615
0.324544
0.417298
0.573772
0.0118686
0.285698
0.0106645
0.00364375
0.117125
0.000770296
0.0486995
0.0162091
0.266868
0.476606
0.0868456
0.0208969
0.136306
0.006886
0.0140696
0.68585
0.231019
0.0117694
0.516979
0.286649
0.0636466
0.466603
0.352715
0.066093
0.00401789
0.000973494
0.669805
4.34113e-05
0.000803376
0.427895
0.122394
0.00039854
0.483371
0.245564
0.0107273
0.482994
0.200623
0.505963
0.474009
0.473548
0.411431
0.31962
0.0764801
0.000852701
0.304624
0.0300637
0.165819
0.445812
0.606427
0.000806959
0.0711742
0.262497
0.516138
0.45561
0.112272
0.00270225
0.63445
0.33403
0.763541
0.032096
0.184004
0.300824
0.708536
0.000133101
0.424321
0.467043
0.0907039
0.0737944
0.019908
0.0433967
0.799766
0.0276893
0.573359
0.0875038
0.117459
0.737258
0.06247
0.173745
0.616123
0.15173
0.717387
0.426042
0.00124482
0.565085
0.695953
0.000145756
0.796849
0.00767567
0.000308241
0.00575641
0.265835
0.333604
0.0889531
0.253697
0.0044292
0.0021498
0.321378
0.373364
0.0415169
0.0051231
0.570258
0.0206359
0.616088
0.319347
0.170199
0.532249
0.412313
0.0989101
0.0593745
0.00277364
0.0252423
0.0120764
0.00273025
0.0416351
0.190068
0.433975
0.203097
0.0751064
0.00237371
0.0378724
0.0826263
0.0260834
0.000266042
0.476583
0.540076
0.132408
0.403915
0.0221356
0.73225
0.273012
0.0518042
0.34658
0.000497758
0.135493
0.0146028
0.0276668
0.0507349
0.657976
0.262136
0.802382
0.0263287
0.00360354
0.0204565
0.00723147
0.0930911
0.261834
0.562021
0.512702
0.112534
0.0828189
0.00154482
0.446294
0.513939
0.179004
0.628117
0.0853125
0.162947
0.151744
0.157882
0.146736
4.41057e-05
0.00269426
0.387601
0.448388
0.240357
0.00183977
0.0127717
0.000591245
0.100449
0.795238
0.211387
0.274657
0.00502693
0.163843
0.562108
0.562034
0.0195778
0.0483408
0.0326409
0.781662
0.517897
0.766256
0.592176
0.0374947
0.0030645
0.0164526
0.0761785
0.244733
0.00975711
0.00242006
0.0938137
0.158088
0.473221
0.232553
0.555948
0.0011756
0.000363879
0.0120175
0.077575
0.080153
0.0288337
0.271939
0.135539
0.0867656
0.00215049
0.0540144
0.444683
0.688805
0.176606
0.513573
0.285154
0.374968
0.548761
0.884704
0.0598675
0.00837042
0.0259095
0.816221
0.73214
0.255809
0.245965
0.671068
0.210598
0.493588
0.213941
0.00185469
0.000222577
0.000245617
0.592596
0.0279147
0.018418
0.00887111
0.053466
0.528739
0.631989
0.0189807
0.360369
0.00223906
0.271857
0.393568
0.019481
0.542072
0.077954
0.248001
0.148592
0.470981
0.704832
0.45508
0.644334
0.0194885
0.0655582
0.115536
0.190681
0.0197958
0.221849
0.114108
0.125287
0.628832
0.314567
0.0117412
3.09037e-05
0.878874
0.418623
0.00126605
0.572493
0.0124505
0.186045
0.037791
0.000548136
0.000498445
0.486952
0.623193
0.1101
0.0295357
0.820381
0.690601
0.615666
0.0426579
0.0786567
0.343862
0.0574151
0.0625835
0.00703205
0.260129
0.497177
0.36465
0.0308209
0.301343
0.00494677
0.00150606
0.486034
0.581893
0.637065
0.0246074
0.561082
0.0926588
0.691055
0.381759
0.3174
0.723331
0.112404
0.260664
0.0499276
0.0041629
0.45099
0.0165627
0.0108721
0.622823
0.481694
0.23545
0.0170406
0.39655
0.0200614
0.678193
0.0372791
0.0247218
0.581145
0.474863
0.405128
0.793743
0.00902742
0.888066
0.404679
0.313889
0.243726
0.0308923
0.717496
0.194883
0.055626
0.015332
0.732479
0.0137284
0.338965
0.561777
0.527122
0.200592
0.598626
0.0353045
0.414492
0.0231523
0.00166224
0.550353
0.430975
0.377401
0.433967
0.715015
0.0552426
0.53043
0.513457
0.864159
0.100702
0.233166
0.475812
0.399329
0.0180836
0.48409
0.465702
0.3535
0.0420795
0.485828
0.735687
0.0849499
0.00487572
0.0576642
0.173029
0.0352923
0.742063
0.389332
0.221943
0.0454714
0.237922
0.590854
0.0629046
0.00196625
0.537772
0.281497
0.568437
0.74469
0.01463
0.566937
0.48736
0.669071
0.000383066
0.211796
0.279795
0.46424
0.338049
0.512015
0.686688
0.501585
0.0146101
0.0293434
0.0971959
0.363698
0.0204678
0.259995
0.0818188
0.212685
0.618319
0.638847
0.024592
0.552778
0.00249073
0.783949
0.0136276
0.580056
0.00920156
0.0140199
0.180645
0.0911996
0.381956
0.00139665
0.00649088
0.293916
0.353337
0.151845
0.16203
0.420928
0.118394
0.0182314
0.00144934
0.300916
0.000807541
0.733816
0.0686302
0.279686
0.50311
0.00246855
0.00186505
0.0587226
0.240303
0.521063
0.402913
0.0269815
2.16971e-05
0.304571
0.280476
0.173852
0.294178
0.0549593
0.239778
0.282621
0.000218516
0.0103131
0.102614
0.282352
0.489869
0.0710142
0.0363787
0.189304
0.859333
0.0069681
0.422672
0.363284
0.0397394
0.146442
0.296649
0.0388476
0.55855
0.0163193
0.00213548
0.150604
0.30898
0.73232
0.348071
0.0237708
0.291403
0.383916
0.291908
0.269333
0.535461
0.619885
0.12308
0.0551172
0.23275
0.00319527
0.799837
0.0239037
0.47684
0.137499
0.0904775
0.52812
0.00119737
0.345356
0.000196764
0.000258671
0.330802
0.167774
0.629304
0.680955
0.00558388
0.238596
0.337288
0.753859
0.000130209
0.145949
0.307086
0.369266
0.00809295
0.0365661
0.71371
0.533129
0.191618
0.671231
0.300884
0.324133
0.336716
0.00385371
0.00423392
0.177562
0.270366
0.656479
0.290079
0.00137249
0.0172998
0.628036
0.627474
0.0372359
0.415985
0.965596
0.599035
0.911591
0.462398
0.0964127
0.736414
0.191622
0.00680009
0.62741
0.378631
0.721217
0.0405325
0.692625
0.0095002
0.273984
0.112292
0.11638
0.621182
0.0197245
0.174209
0.003449
3.30067e-05
0.550661
0.273409
0.000585633
3.81492e-05
0.438668
0.392798
0.679004
0.0414568
0.032011
0.118954
0.377118
0.0254639
0.00945292
0.435302
0.230259
0.0409948
0.894296
2.44412e-05
0.0904703
0.438761
0.302481
0.633621
0.315183
0.15036
0.229412
0.422892
0.0362559
0.104546
0.579861
0.596734
0.00127344
0.248899
0.0118673
0.234751
0.152113
0.45429
0.00698209
0.037404
0.457622
0.0671754
0.00565817
0.318703
0.459501
0.000117167
0.514274
0.619578
0.247205
0.043165
0.071091
0.174278
0.0617712
0.892892
0.0355013
0.663576
0.0017898
0.565052
0.522664
0.00393211
0.513585
0.328849
0.318057
0.0136676
0.531693
0.725987
0.516775
0.000330388
0.252299
0.00142867
0.46463
0.0774438
0.0305745
0.0003277
0.264465
0.0103025
0.102314
0.191894
0.0379353
0.372992
0.000695395
0.38359
0.258372
0.00541803
0.318918
0.0195915
0.0826307
0.0429109
0.00596508
0.000221628
0.0637561
0.0128476
0.0529072
0.571713
0.653586
0.000751078
0.821974
0.753485
0.238966
0.406248
0.536493
0.0003111
0.175337
0.279457
0.131772
0.456117
0.196969
0.0547803
0.394957
0.0178352
0.462159
0.00976608
0.516909
0.000386413
0.00870663
0.324259
0.596059
0.0181422
0.000231862
0.0949082
0.193187
0.71344
0.000922727
0.165867
0.173821
0.122185
0.553727
0.0886876
0.0217927
0.48828
0.00467921
0.155239
0.195991
0.0321679
0.467604
0.290224
0.816941
0.0065895
0.648395
0.362623
0.670049
0.149696
0.0804562
0.00748293
0.00494154
0.292345
0.21158
0.00318576
0.441349
0.769203
0.119697
0.0428776
0.0172895
0.776849
0.1627
0.262162
0.445418
0.0909115
0.87045
0.0527659
0.0292498
0.118431
0.109372
0.365083
0.399125
0.540311
0.0123852
0.27465
0.437335
0.358623
0.592098
0.173477
0.0144167
0.0620255
0.656219
0.599899
8.4671e-05
0.133664
0.709949
0.445843
0.0192009
0.0104453
0.0153702
0.13636
0.263358
0.0190109
0.0710955
0.521188
0.11927
0.559598
0.11323
0.0300289
0.0825114
0.00101006
0.595037
0.506872
0.714665
0.762209
0.0970004
0.468636
0.010641
0.0657755
0.473611
0.0119953
0.524855
0.446264
0.160664
0.153096
0.280299
0.0310495
0.0371667
0.21944
0.606969
0.639128
0.436639
0.67461
0.593565
0.636839
0.689772
0.236575
0.160576
0.0089723
0.050183
0.103864
0.0121941
0.740776
7.20179e-05
0.217951
0.401537
0.535941
0.573314
0.0025396
0.000611111
0.000243694
0.021806
0.391585
0.464221
0.285338
0.570518
0.065144
0.356585
0.553386
0.064893
0.690048
0.124145
0.68299
0.0389293
0.0143127
0.0996776
0.0824727
0.501558
0.00727536
0.113268
0.0430798
0.348218
0.707903
0.0303678
0.122447
0.0952007
0.254591
0.0953016
0.489858
0.613958
0.924331
0.0604512
0.291218
0.505783
0.0193798
0.0245381
0.493964
0.374852
0.00400087
0.561387
0.497563
0.04818
0.369976
0.226713
0.123653
0.324177
0.145109
0.381346
0.159467
0.117297
0.0486346
0.674099
0.730563
0.0011576
0.029949
0.683961
0.443112
0.306001
0.592193
0.621285
0.224959
0.0349457
0.0458506
0.0118716
0.298107
0.102072
0.198031
0.567401
0.460325
0.389705
0.85681
0.155277
0.0138138
0.585027
0.485811
0.0047918
0.342773
0.00029675
0.0243724
0.437518
0.623644
0.181758
0.0736261
0.582782
0.371557
0.672373
0.44171
0.809574
0.10472
0.561255
0.0804506
0.395811
0.336043
0.0548002
0.0129564
0.451925
0.113269
0.773242
0.476471
0.0596128
0.511974
0.7848
0.533269
0.256797
0.295675
0.517901
0.0640106
0.0627327
0.130829
0.00251633
0.0919566
0.74066
0.355075
0.0162616
0.471449
0.477881
0.203201
0.395367
0.726224
0.0685925
0.0127122
0.120088
0.10376
0.0264871
0.0298978
0.497458
0.162757
0.363951
0.46882
0.494589
0.134904
0.0052265
0.00638524
0.742692
0.00251652
0.18795
0.00706779
0.000171592
0.162959
0.00368703
0.736901
0.00230175
0.000473527
0.844732
0.361598
0.628067
0.150005
0.137793
0.113672
0.319885
0.735165
0.185324
0.0218145
0.790367
0.332203
0.154694
0.00705358
0.206868
0.318746
0.0903153
0.120659
0.55333
0.421771
0.207475
0.0642602
0.689587
0.237996
0.0483701
0.0668923
0.0246593
0.0807361
0.656132
0.425957
0.134064
0.00730393
0.632718
0.728824
0.319464
0.216839
0.233414
0.0766457
0.691667
0.689558
0.704243
0.662489
0.0765201
0.77438
0.00982783
0.390056
0.0457856
0.592803
0.338354
0.680748
0.795898
0.518149
0.00742366
0.816903
0.788271
0.478912
0.361539
0.217338
0.197262
0.287197
0.36248
0.12977
0.652408
0.537126
0.345753
0.0159726
0.551443
0.482279
0.518171
0.624536
0.466226
0.684867
0.129388
0.023383
0.307577
0.495527
0.142669
0.0822187
0.219532
0.0170728
0.484062
0.259747
2.77582e-05
0.587708
0.0269273
0.387125
0.293209
0.403369
0.565256
0.436007
0.534602
0.614127
0.295256
0.627279
0.211745
0.340425
0.713596
0.370671
0.00724887
0.00123534
0.0265006
0.00389129
0.20114
0.193351
0.143617
0.00925791
0.10663
0.411111
0.18257
0.0531188
0.188522
0.0174778
0.210603
0.0843882
0.549628
0.337559
0.0787937
0.659334
0.109091
0.0152174
0.00517968
0.12916
0.466957
0.141103
0.463129
0.218746
0.00725891
0.429148
0.391006
0.534199
0.245307
0.0268763
0.0292434
0.401494
0.365328
0.529191
0.728379
0.417409
0.0323921
0.6939
0.00303616
0.259296
0.0513641
0.506802
0.142916
0.487534
0.404532
0.478486
0.483357
0.0526331
0.00562511
0.118685
0.050494
0.562027
0.578123
0.0102698
0.0029645
0.0926177
0.348368
0.0339913
0.40363
0.151088
0.0274959
0.0101267
0.24182
0.470239
0.477622
0.898267
0.0195846
0.533238
0.579005
0.000306158
0.0124858
0.558693
0.352528
0.0630139
0.466966
0.0244579
0.21536
0.000312201
0.5248
5.85589e-05
0.380185
0.754365
0.459119
0.23612
0.699555
0.0169999
0.0356127
0.0385401
0.235879
0.501105
0.00306432
0.0382788
0.345999
0.5002
0.590962
0.19518
0.626464
0.624452
0.300524
0.749397
0.310091
0.0823255
0.0902834
0.159828
0.0405524
0.282906
0.704655
0.111763
0.554379
0.00420455
0.078745
0.396075
0.212151
0.0167893
0.570945
0.473956
0.56333
0.0163881
0.579783
0.334457
0.596594
0.296208
0.195977
0.161511
0.414687
0.40182
0.0692185
0.352756
0.345148
0.141701
0.233054
0.767562
0.58958
0.348576
0.196463
0.403297
0.00785183
0.0706493
0.0732782
0.302059
0.00389907
0.444298
0.341734
0.689176
0.00883346
0.00786751
0.499506
0.400602
0.010457
0.122863
0.764581
0.197534
0.85653
0.649312
0.206124
0.354673
0.217475
0.0102966
0.547651
0.234532
0.0382242
0.289067
0.0576273
0.0044288
0.432122
0.18044
0.00915114
0.311014
0.246748
0.386353
0.0236215
0.586148
0.000974154
0.412332
0.0155998
0.117158
0.124498
0.0257102
0.468688
0.723823
0.274884
0.011752
0.715787
0.00270866
0.349515
0.00135478
0.173829
0.313907
0.393636
0.655349
0.100347
0.166344
0.295797
0.002252
0.00572753
0.419257
0.470175
0.280384
0.00553
0.0457584
0.802857
0.0439052
0.00366962
0.00918006
0.310673
0.000459357
0.236847
0.436761
0.245548
0.868886
0.631568
0.000752459
0.714172
0.383421
0.168967
0.564545
0.314298
0.39562
0.397781
0.00472402
0.58813
0.627964
0.74381
0.37964
0.00725407
0.0139563
0.0345387
0.0970685
0.0523304
0.0500976
0.228653
0.280658
0.0325631
0.0798404
0.0488216
0.38447
0.295119
0.0401305
0.00334631
0.0125526
0.411508
0.316026
0.322812
0.154991
0.445075
0.170104
0.216058
0.554837
0.000777443
0.422556
0.682051
0.647733
0.164371
0.177797
0.0084092
0.0693548
0.0106812
0.00405015
0.661889
0.272242
0.803334
0.517094
0.638269
0.133107
0.35601
0.0042462
0.027215
0.0151407
0.0353224
0.438677
0.476952
0.231421
0.796604
0.0145614
0.666265
0.032417
0.505283
0.133649
0.0984676
0.397686
0.00114632
0.0276251
0.0562691
0.344064
0.577735
0.0178415
0.572704
0.16059
0.512842
0.110134
0.0189741
0.523108
0.302521
0.512555
0.0971455
0.0793283
0.000281688
0.00377608
0.770644
0.0353893
0.0265815
0.657721
0.497055
0.509451
0.0737626
0.780417
0.587228
0.0739613
0.483643
0.397706
0.24877
0.520244
0.300091
0.0474943
0.37624
0.00362297
0.553814
0.0581662
0.122772
0.510102
0.00478724
0.148613
0.0300121
0.473822
0.0411253
0.607837
0.377814
0.630103
0.00573386
0.355992
0.0317015
0.249297
0.411825
0.225069
0.468369
0.66125
0.817919
0.00456439
0.0137718
0.234723
0.159295
0.0253229
0.433082
0.013063
0.270884
0.143929
0.139796
0.350168
0.0929617
0.377868
0.00332735
0.560438
0.121889
0.15128
0.325383
0.019288
0.128396
0.579742
2.8402e-05
0.332164
0.0302801
0.723033
0.0191274
0.756977
0.649645
0.618771
0.0030229
0.50339
0.00427699
0.0167305
0.0210331
0.432695
0.273198
0.000246226
0.561502
0.540225
0.0456302
0.00392495
0.00990316
0.222994
0.593654
0.0610248
0.261104
0.182546
0.458646
0.292652
0.732267
0.0114984
0.538237
0.10925
0.113017
0.0350475
0.381331
0.580006
0.59912
0.120465
0.491434
0.242105
0.157516
0.341174
0.370121
0.143499
0.418503
0.218216
0.429888
0.182186
0.0206842
0.0158873
0.699
0.0624443
0.646298
0.430533
0.530767
0.83019
0.127591
0.499136
0.721695
0.00147419
0.109541
0.192691
0.0352879
0.177044
0.000312672
0.845953
0.60953
0.526944
0.000110937
0.0551249
0.226104
0.253997
0.034236
0.373604
0.739914
0.670237
0.454741
0.564634
0.502745
0.182101
0.297541
0.033042
0.198002
0.115389
0.000222214
0.103049
0.144527
0.128484
0.013608
0.0477614
0.18051
0.00295856
0.53298
0.00145411
0.416099
0.0333709
0.587676
0.258616
0.174272
0.175468
0.0516431
0.0641825
0.0178991
0.0229661
0.395553
0.522026
0.033456
0.0865503
0.142297
0.126367
0.439864
0.0445121
0.355424
0.7535
0.355901
0.315687
0.00218137
0.412395
0.391415
0.00104366
0.180615
0.313992
0.00177787
0.0837851
0.010847
0.216146
0.722112
0.326013
0.377011
0.290545
0.178482
0.11203
0.530302
0.425773
0.481799
0.0524457
0.0689323
0.193959
0.400867
0.117501
0.0188605
0.460058
0.00354859
0.291182
0.0182482
0.391642
0.0648977
0.799147
0.668683
0.152225
0.207837
0.724258
0.366209
0.0658237
0.0111485
0.269548
0.0210732
0.0995181
0.307548
0.362024
0.0120161
0.0346674
0.0288171
0.0120492
0.00543742
0.209086
0.000139261
0.356063
0.000650817
0.367627
0.401131
0.258372
0.188242
0.00780597
0.011012
0.633751
0.000227127
0.483046
0.105103
0.426867
0.0232983
0.00116352
0.701373
0.785234
0.017192
0.262318
0.363565
0.174889
0.346899
0.02455
0.691985
0.338193
0.13678
0.703672
0.331338
0.519696
0.114906
0.154373
0.524145
0.354124
0.531239
0.30806
0.0944451
0.00238303
0.271748
0.744737
0.0146124
0.308561
0.510046
0.731429
0.500903
0.163052
0.525023
0.680169
0.0434589
0.277572
0.4671
0.859019
0.729296
0.00258126
0.107912
0.545331
0.430894
0.159849
0.0440394
0.11638
0.560229
0.344559
0.217568
0.707456
0.148832
0.804572
0.429292
0.523964
0.851592
0.359982
0.115847
0.0928507
0.479116
0.0569912
0.0508056
0.00458632
0.0111279
0.00538854
0.659635
0.430779
0.540915
0.00508118
0.32577
0.078428
0.54623
0.519413
0.120069
0.166954
0.00624732
0.17905
0.204821
0.169949
0.379638
0.129698
0.56266
0.0201492
0.0171013
0.0321966
0.050703
0.551719
0.617485
0.608846
0.714249
0.657012
0.69079
0.0455778
0.153418
0.000624669
0.572152
0.0762422
0.291245
0.224383
0.131964
0.439031
0.719265
0.0816524
0.73406
0.0174653
0.633622
0.52126
0.424617
0.0807285
0.0650351
0.362722
0.0438386
0.0119418
0.789779
0.413367
0.00371315
0.0113147
0.421268
0.520655
0.0081991
0.214198
0.01808
0.023353
0.160723
0.681539
0.728154
0.661335
0.564548
0.190608
0.726868
0.00487832
0.190103
0.121761
0.0026107
0.245875
0.000265099
0.606008
0.246629
0.042683
0.344165
0.0937587
0.236094
0.540278
0.416928
0.394362
0.364485
0.234488
0.487172
0.553423
0.16875
0.679351
0.37626
0.000775109
0.0324844
0.0289943
0.354732
0.240556
0.182396
0.225932
0.112481
0.45224
0.0803076
0.337579
0.172197
0.00167969
0.318726
0.0015872
0.127745
0.0304083
0.0878246
0.525123
0.00525476
0.430046
0.556014
0.710272
0.109243
0.513149
0.614055
0.780726
0.123455
0.468248
0.0211431
0.0136876
0.00221828
3.30669e-05
0.446174
0.571526
0.0558229
0.0305354
0.233771
0.264357
0.0180121
0.0446027
0.259279
0.0727894
0.0780988
0.465499
0.000910647
0.390706
0.140251
0.065177
0.414793
0.743447
0.575755
0.754317
0.010927
1.8501e-05
0.0287953
0.557372
0.332946
4.17348e-06
0.676978
0.0948607
0.431025
0.50653
0.0702177
0.437543
0.139217
0.448783
0.0415028
0.0301475
0.0998243
0.0363291
0.445222
0.0135937
0.560703
0.669241
0.3136
0.655643
0.632019
0.163924
0.859021
0.184104
0.460595
0.704876
0.466778
0.0036962
0.113634
0.654281
0.708328
0.514243
0.218429
0.694028
0.428397
0.0974799
0.696561
0.456248
0.0491778
0.529074
0.189864
0.0219522
0.286036
0.565456
0.0888087
0.225619
0.563077
0.0347135
0.37028
0.800848
0.21553
0.0861983
0.428419
0.0015935
0.045202
0.0907949
0.000150594
6.01192e-06
0.637203
0.522856
3.18729e-06
0.122207
0.44322
0.210548
0.365191
0.241897
0.00414595
0.0151371
0.717714
0.205288
0.413908
0.636617
0.160131
0.432571
0.0815787
0.1419
0.581051
0.144027
0.198548
0.369674
0.0537119
0.0331318
0.35469
0.412334
0.774801
0.482142
0.00171995
0.54374
0.0133451
0.137755
0.527504
0.75412
0.0666323
0.700744
0.00535263
0.0511671
0.01978
0.429376
0.167545
0.0528031
0.0274745
0.136978
0.190529
0.355817
0.0241263
0.3242
0.136985
0.0645903
0.109025
0.58272
0.632422
0.161897
8.01709e-06
0.0523226
0.0076849
0.000576646
0.467123
0.129455
0.0421853
0.576568
0.0851057
0.590809
0.0436661
0.00358147
0.635263
0.0106734
0.276101
0.00648056
0.00543675
0.596718
0.124499
0.0420841
0.669707
0.345359
0.300472
0.700023
0.0838111
0.162539
0.577847
0.223944
0.316612
0.605176
0.835845
0.749315
0.684374
0.185451
0.747345
0.169447
0.0146694
0.015202
0.632982
0.286635
0.29289
0.522559
0.345562
0.00582425
0.121195
0.00411323
0.0176097
0.681419
0.149122
0.392612
0.646658
0.0132976
0.00508119
0.191474
0.721497
0.00180017
0.781348
0.593625
0.785176
0.584777
0.78791
0.414107
0.570273
0.542463
0.37693
0.201262
0.0331916
0.237275
0.0490798
0.000805877
0.201909
0.365394
0.0216617
0.183385
0.680755
0.03271
0.56952
0.0270618
0.00458577
0.311837
0.0699077
0.582399
0.08325
0.00779055
0.0695845
0.0288727
0.530835
0.307583
0.00108143
0.0402617
0.663806
0.665431
0.299294
0.728007
0.000173535
0.00622289
0.287863
0.25849
0.652651
0.0396728
0.225517
0.00273054
0.435507
0.000464455
0.00121128
0.0344277
0.767723
0.000162225
0.0867476
0.593024
0.57841
0.0677575
0.112566
0.0176266
0.700215
0.192501
0.0859917
0.203674
0.000584776
0.00292936
0.0279092
0.217076
0.0437716
0.392905
0.24821
0.22911
0.00938921
0.299883
0.336344
0.00252753
0.679735
0.583651
0.0778091
0.515279
0.00716143
0.164991
0.0837291
0.362053
0.514221
0.767811
0.000375155
0.772179
0.0178328
0.214663
0.205895
0.0242028
0.76403
0.560825
0.298545
0.461919
0.224483
0.06994
0.0164725
0.300394
0.0409969
0.0160829
0.127247
0.481443
0.0053096
0.117545
0.432159
0.174577
0.0435201
0.315809
0.061177
0.171778
0.250498
0.659891
0.409761
0.456563
0.00636779
0.0208225
0.427721
0.162644
0.33474
0.00228705
0.611514
0.0257631
0.20757
0.109748
0.2891
0.288173
0.0226159
0.116966
0.125397
0.29564
0.199993
0.0169807
0.186483
0.11555
0.209579
0.0101207
0.000885054
0.0106029
0.607255
0.757304
0.522773
0.011852
0.606123
0.0296036
0.0193993
0.547475
0.0601843
0.51828
0.0925694
0.0131618
0.00220004
0.298833
0.111917
0.000455654
0.217476
0.733321
0.0945618
0.429329
0.0873814
0.0532324
0.797821
0.0738388
0.189676
0.0374934
0.00150506
0.00377604
0.729934
0.0271216
0.119895
0.523602
0.343912
0.249452
0.478209
0.00679463
0.320001
0.0327103
0.477166
5.6475e-05
0.215142
0.419707
0.0758509
0.0877313
0.00372297
0.00290483
0.51893
0.458575
0.000149073
0.0768596
0.00263953
0.389983
0.0221885
0.329231
0.143614
0.276565
0.557224
0.416396
0.0515439
0.312049
0.00167267
0.339184
0.0825477
0.58693
0.00245109
0.000327174
0.591887
0.0469516
0.130719
0.575002
0.0765463
0.0525276
0.520536
0.468722
0.0215431
0.348222
0.0426391
0.182284
0.0019901
0.424215
0.150429
0.0145464
0.725306
0.134476
0.574137
0.331
0.410851
0.239095
0.667096
0.678995
0.679066
0.292265
0.00117367
0.0241082
0.104058
0.487916
0.307422
0.000422712
0.523868
0.181835
0.644281
0.044761
0.489967
0.570889
0.223732
0.0114542
0.0691629
0.100274
0.603213
0.0264728
0.066437
0.167048
0.000159302
0.0403214
0.465695
0.17691
0.513026
0.18532
0.00596634
0.0394007
0.0664731
0.333602
0.128267
0.132951
0.65289
0.51066
0.214172
0.449971
0.0032115
0.00914834
0.479355
0.450867
0.162895
0.0572345
0.39912
0.0455333
0.170368
0.00393879
0.319316
0.371013
0.6512
0.122894
0.348563
0.39869
0.615521
0.468566
0.603771
0.165043
0.692405
0.453082
0.315435
0.000706129
0.025282
0.201358
0.474949
0.465474
0.749913
0.0144634
0.0628923
0.560434
0.0321419
0.00646409
0.629844
0.767884
0.136546
0.0123258
0.259036
0.607186
0.901942
0.0424865
5.40217e-06
0.258132
0.337385
0.399712
0.0749626
0.121807
0.0429461
0.346096
0.0773917
0.438216
0.324203
0.192704
0.621606
0.862322
0.226689
0.0209564
0.00085618
0.141194
0.496071
0.00350178
0.388324
0.0219119
0.336058
0.403743
0.0737719
0.498009
0.373373
0.0967247
0.680384
0.136214
0.473576
0.143826
0.819159
0.216312
0.521562
0.0777519
0.169979
0.388432
0.047986
0.768593
0.00451412
0.0346363
0.789055
0.0260751
0.0220255
0.212444
0.410216
0.356075
0.224798
0.153113
0.0630682
0.119878
0.173382
0.248479
0.0598888
0.431635
0.0615931
0.206575
0.00353546
0.267949
0.454862
0.360977
0.0265969
0.355048
0.695267
0.642262
0.000147476
0.4768
0.389469
0.608309
0.466119
0.065474
0.0165342
0.0195452
0.432002
0.609897
0.0971832
0.4487
0.00380583
0.0675939
0.0180203
0.377494
0.0185473
0.397074
0.00468834
0.294842
0.213715
0.0178368
0.450993
0.00818636
0.44495
0.345608
0.151023
0.153948
0.404912
0.203686
0.476085
0.00762721
0.68082
0.532167
0.0267653
0.444457
0.102067
0.0950484
0.0325026
0.448395
0.604691
0.0285358
0.48941
0.394412
0.0408211
0.00458455
0.817487
0.696922
0.00647477
0.0161552
0.33488
0.00606753
0.00772229
0.106513
0.32853
0.392197
0.186537
0.185015
0.000151599
0.492487
0.476665
0.307309
0.114762
0.317492
0.719985
0.373207
0.0596315
0.264282
0.000810836
0.0456925
0.553178
0.519934
0.831404
0.296808
0.468165
0.170361
0.000570442
0.00530464
0.410986
0.0168292
0.286121
0.0789705
0.588253
0.254018
0.0332322
0.221998
0.590008
0.0416727
0.0170227
0.304215
0.171768
0.621914
0.146991
0.30761
0.350485
0.389152
0.046327
0.465149
0.0504508
0.108822
0.584524
0.188974
0.0499747
0.751608
0.0863889
0.112462
0.279587
0.400423
0.39646
0.270942
0.202746
0.115423
0.753495
0.668988
0.0507753
0.11841
0.294571
0.135676
0.091459
0.342554
0.417812
0.308506
0.654079
0.0360355
0.319654
0.272626
0.0031332
0.646238
0.529655
0.101603
0.332085
0.541068
0.357865
0.301979
0.0205983
0.381715
0.692832
0.496536
0.0126749
0.253773
0.0278029
0.447792
0.277455
0.151363
0.71755
0.499452
0.490603
0.415024
0.106555
0.0171049
0.0297236
0.129868
0.639394
0.423814
0.163082
0.154252
0.549291
0.000418915
0.0347967
0.597051
0.227981
0.553534
0.0652663
0.608442
0.40157
0.0288531
0.359921
0.00147914
0.0408104
0.547233
0.06425
0.659267
0.305014
0.33301
0.00384109
0.435319
0.407697
0.0421353
0.0338878
0.386074
0.026476
0.38299
0.00428013
0.0233625
0.00345864
0.267771
0.0575044
0.757063
0.466339
0.165785
0.0591427
0.000725364
0.673495
0.191869
0.0491755
0.879093
0.0467644
0.00229047
0.379133
0.0537322
0.00529908
0.138177
0.227298
0.741396
0.296122
0.214521
0.0934185
0.485251
0.0176453
0.000146046
0.344978
0.424034
0.336745
0.0680235
0.324137
0.0114562
0.337456
0.000427854
0.0686322
0.412559
0.0349266
0.711181
0.695481
0.016825
0.00384634
0.774343
0.00555571
0.486898
0.507511
0.425608
0.415347
0.0850318
0.00562906
0.0171597
0.331973
0.274938
0.00525737
0.26151
0.381563
0.056495
0.693024
0.28565
0.0993648
0.1932
0.171924
0.436784
0.000200467
0.694505
0.677015
0.43282
0.0214058
0.0825723
0.620829
0.0283639
0.00283419
0.0174857
0.518216
0.0482838
0.733562
0.111627
0.00414609
0.881963
0.296147
0.00314751
0.0565564
0.558959
0.598546
0.000528637
0.0485413
0.0260949
0.262802
0.0422459
0.00302075
0.00202722
0.19086
0.345051
0.00179004
0.094168
0.481799
0.120654
0.230124
0.351003
0.0118631
0.433664
0.00849725
0.0371187
0.089529
0.55716
0.369073
0.0179763
0.387747
0.0590166
0.0274248
0.471031
0.0623747
0.137844
0.270514
0.00765839
0.0437626
0.74694
0.116596
0.220377
0.0791214
0.169764
0.00665935
0.410822
0.0274659
0.442702
0.744259
0.266367
0.00132557
0.655353
0.000576465
0.0117616
0.608656
0.51388
0.217372
0.468035
0.530617
0.392462
0.48347
0.695516
0.537349
0.193826
0.0323684
0.268081
0.159988
0.674084
0.39691
0.0327954
0.493
0.512396
0.671585
0.11796
0.519097
0.834855
0.398683
0.506764
0.809604
0.324126
0.38929
0.127003
0.769693
0.256306
0.0115325
0.233947
0.0921635
0.592083
0.0754794
0.435653
0.00692022
0.461715
0.0575074
0.794327
0.288458
0.0442379
0.0537804
0.00779665
0.14121
0.0856018
0.0878512
0.0494288
0.66207
0.211314
0.253819
0.70661
0.495246
0.733059
0.0742373
0.610267
0.403131
0.0396482
0.0104806
0.0317669
0.212297
0.344153
0.0178581
0.004312
0.66363
0.291311
0.0324709
0.493643
0.851018
0.425676
0.494151
0.207118
0.570606
0.00455486
0.282098
0.0411132
0.448279
0.0128181
0.69632
0.457901
0.163296
0.0211746
0.241808
0.284702
0.00987756
0.685276
0.25672
0.0146452
0.644366
0.0108185
0.489521
0.000838293
0.0276036
0.70412
0.504208
0.14139
0.214617
0.109795
0.0544089
0.0372727
0.345555
0.687647
0.283158
0.790932
0.51357
0.714883
0.772823
0.0106616
0.000848641
0.363913
0.83846
0.616889
0.0159349
0.63496
0.493186
0.899645
0.0794343
0.566256
0.277358
0.0987389
0.439422
0.764186
0.795516
0.00227434
0.0301755
0.73683
0.0983422
0.154139
0.433655
0.537597
0.56537
0.402603
0.372476
0.136871
0.0831179
0.292459
0.23947
0.583749
0.511512
0.0216571
0.412905
0.257057
0.0418577
0.0491376
0.524154
0.387162
0.461484
0.10782
0.0450068
0.48065
0.0183815
0.0132667
0.497093
0.070967
0.537791
0.338952
0.11518
0.499863
0.0188968
0.30194
0.0220086
0.251494
0.0842778
0.21577
0.0523358
0.0763942
0.532262
0.442147
0.425107
0.483424
0.171564
0.0831174
0.00495746
0.475679
0.108548
0.177253
0.10036
0.142267
0.448599
0.185512
0.124789
0.116311
0.141617
0.240751
0.724665
0.152005
0.224674
0.126453
0.490215
0.617788
0.0640525
0.368532
0.812759
0.476372
0.174909
0.00224023
0.586901
0.0812793
0.730728
0.00116097
0.0558751
0.0062791
0.150883
0.306924
0.00528573
0.00773868
0.397652
0.628725
0.481273
0.0688323
8.29544e-05
0.294326
0.00466979
0.530881
0.628537
0.453034
0.079218
0.135777
0.12151
0.0392075
0.439508
0.0336838
0.126436
0.0670871
0.00550345
0.0681498
0.767509
0.123974
0.393047
0.260805
0.035854
0.000117988
0.773515
0.614352
0.200023
0.351445
0.483341
0.0548293
0.0272526
0.683515
0.000748968
0.219559
0.731291
0.142915
0.0389474
0.168081
0.00720849
0.125147
0.0322138
0.515686
0.00353356
0.0449208
0.505838
0.0329131
0.09658
0.378882
0.39678
0.633737
0.0479145
0.677022
0.183011
0.740487
0.297063
0.122304
0.150987
0.193659
0.0186505
0.0435733
0.388036
0.489879
0.000278973
0.528505
0.413688
0.00852941
0.00199753
0.00463649
0.356899
0.0652715
0.872939
0.346122
0.452332
0.0980272
0.0559357
0.00990959
0.754364
0.819156
0.663522
0.0814638
0.00674066
0.0111207
0.530335
0.0871776
0.494396
0.0947351
0.0205729
0.137733
0.00327472
0.0719151
0.465733
0.53953
0.346378
0.492957
0.447231
0.0289963
0.201354
0.390405
0.510354
0.0221337
0.0090832
0.0441579
0.00136769
0.0693533
0.0385993
0.644507
0.39775
0.00365142
0.0436489
0.232985
0.00158419
0.00238032
0.216567
0.367385
0.144101
0.14568
0.0421107
0.64433
0.224931
0.120445
0.22453
0.364828
0.212404
0.124203
0.0054154
0.570289
0.383139
0.634975
0.336283
0.104724
0.800065
0.00552711
0.382567
0.0457617
0.00149243
0.20848
0.210844
0.000436046
0.000859083
0.517927
0.0749697
0.496193
0.0173216
0.00875709
0.238154
0.767996
0.636722
0.608854
0.319852
0.0439723
0.211121
0.286637
0.265179
0.0617527
0.412168
0.358656
0.55902
0.712268
0.0106483
0.00204077
0.00139136
0.720437
0.390899
0.194012
0.371219
0.15501
0.321777
0.0575217
0.667835
0.126553
0.0246023
0.469478
0.753847
0.0995532
0.0620852
0.267078
0.0121833
0.342021
0.000275948
0.338393
0.627374
0.0365923
0.476502
0.0280349
0.238722
0.463606
0.417772
0.0938974
0.070325
0.0562638
0.282023
0.00105039
0.663533
0.165749
0.043308
0.115572
0.0137639
0.361377
0.0199904
0.762767
0.0222121
0.469196
0.481566
0.308497
0.195818
0.29449
0.423515
0.258216
0.506289
0.333555
0.429914
0.560466
0.0240894
0.101226
0.0198684
0.489897
0.0159146
0.00572945
0.339879
0.268767
0.0580843
0.28338
0.246936
0.027915
0.570704
0.0477749
0.00189615
0.603544
0.197531
0.351119
0.0760178
0.399278
0.0396525
0.229601
0.289405
0.00628288
0.563413
0.0139053
0.768012
0.0211486
9.93295e-05
0.488924
0.250184
0.0376871
0.520718
0.0896965
0.0285878
0.0434464
0.467439
0.0124905
0.80111
1.35949e-05
0.175669
0.00239215
0.288059
0.0716434
0.199297
0.627275
0.37497
0.270323
0.0684393
0.286333
0.741704
0.0954215
0.365902
0.109412
0.13561
0.443073
0.33407
0.0100568
0.195298
0.230077
0.206096
0.337197
0.0666593
0.0112852
0.221908
0.343273
0.171641
0.0228219
0.0944786
0.0754182
0.0289812
0.0782045
0.0532621
0.571766
0.352121
0.324567
0.650472
0.168533
0.0728304
0.357182
0.108716
0.298897
0.00309665
0.581126
0.303343
0.000971219
0.0158775
0.0222071
0.370159
0.441918
0.0100169
0.0398059
0.617285
0.100124
0.453718
0.000360633
0.184441
0.263573
0.0312622
0.317953
0.248508
0.0519625
0.533034
0.00122294
0.0291903
0.0646496
0.328675
0.68301
0.0229048
0.516162
0.225493
0.443777
0.169456
0.059358
0.0685296
0.0944765
0.412827
0.00210939
0.473526
0.176409
0.0720064
0.271211
0.0631983
0.240675
0.00444091
0.604878
0.00339065
0.540562
0.00266665
0.66199
0.241789
0.539419
0.546881
0.35345
0.455094
0.364411
0.0238627
0.0112405
0.154065
0.238118
0.541338
0.00087558
0.744448
0.242148
0.40063
0.462263
0.715264
0.429102
0.517041
0.130438
0.0189845
0.693468
0.650695
0.0821694
0.0901124
0.155199
0.00139965
0.0365055
0.000106539
0.183858
0.0394959
0.84846
0.172154
0.488862
0.00467814
0.00875572
0.0055798
0.285568
0.326907
0.408533
0.0529056
0.775413
0.297352
0.00555093
0.297339
0.64995
0.0686438
0.337823
0.708547
0.203025
0.00344139
0.682771
0.0198327
0.366327
0.0819223
0.284568
0.192326
0.316216
0.594148
0.0402165
0.0946935
0.000194709
0.0439199
0.595055
0.0694269
0.189111
0.00371625
0.224567
0.000982916
0.00502388
6.5106e-05
0.113815
0.0141998
0.544727
0.362862
0.255892
0.019686
0.172596
0.139024
0.393474
0.312368
0.000884715
0.225609
0.0445481
0.597429
0.194935
0.00230922
0.00153958
0.257138
0.00848168
0.058769
0.579717
0.0473018
0.687478
0.267557
0.30261
0.00425028
0.186176
0.609516
0.644853
0.43342
0.0722806
0.160723
0.0112907
0.641182
0.0531392
0.335991
0.135591
0.0572228
0.0956614
0.392237
0.653813
0.236564
0.24026
0.00191827
0.418878
0.0047849
0.0279322
0.000531123
0.370876
0.559261
0.287158
0.419556
0.0275503
0.0150283
0.0885745
0.645863
4.71433e-05
0.109715
0.72232
0.00170422
0.650085
0.0509518
0.73752
0.345374
0.322722
0.0203368
0.00631837
0.587445
0.673748
0.0476982
0.634779
0.152757
0.131481
0.0337271
0.0224804
0.146249
0.287735
0.0188399
0.000332639
0.145149
0.0901822
0.0875575
0.719858
0.324999
0.384359
0.260461
0.0258765
0.401139
0.498472
0.199032
0.537099
0.233347
0.641989
0.683564
7.65858e-05
0.00298843
0.0157022
0.0705886
0.32766
0.104593
0.40966
0.0208192
0.714353
0.253268
0.308191
0.542437
0.00100395
5.46133e-05
0.0244875
0.662212
0.370671
0.0422456
0.177782
0.382714
0.0283726
0.00625758
0.000321006
0.650112
0.289553
0.584063
0.411624
0.50878
0.427561
0.0052144
0.0405271
0.13287
0.420812
0.367971
0.0174022
0.153239
0.145692
0.309656
0.0859739
0.417837
0.463698
0.124376
0.639441
0.649808
0.0609385
0.198599
0.438386
0.305474
0.744126
0.0785844
0.134412
0.167497
0.0221421
0.194061
0.385173
0.0527338
0.496919
0.884272
0.00659747
0.105456
0.264441
0.158876
0.138818
0.0835352
0.433295
0.719085
0.0920112
0.0652052
0.0103795
0.43492
0.0647977
0.0164743
0.00354887
0.00682745
0.0995828
0.0103665
0.595201
0.195472
0.350485
0.0059583
0.00394741
0.496596
0.358639
0.0115003
0.00198024
0.451069
0.00252233
0.00508856
0.110935
0.0491667
0.00106177
0.505648
0.20807
0.122715
0.507118
0.0105643
0.00840557
0.596525
0.000841389
0.488902
0.300746
0.0539139
0.0464637
0.543913
0.458373
0.556608
0.435705
0.320461
0.0126407
0.00379939
0.253284
0.659661
0.458299
0.148927
0.0570148
2.46047e-06
0.0332828
0.458919
0.0310235
0.0841456
0.0719627
0.251409
0.135072
0.668706
0.529642
0.0541722
0.283864
0.0347871
0.00144144
0.0435143
0.15101
0.00262164
0.000952598
0.0154491
0.649932
0.000424976
0.20281
0.0206868
0.00449186
0.0268443
0.00296849
0.0267896
0.33014
0.03738
0.104273
0.377961
0.595685
0.00864661
0.681884
0.325019
0.638763
0.0947432
0.000102817
0.0929394
0.648925
0.388948
0.730878
0.250531
0.00505085
0.694252
0.732344
0.000818513
0.000837532
0.670139
0.0871575
0.0682273
0.14778
0.469674
0.0023622
0.00341724
0.11953
0.852163
0.66547
0.534727
0.00148672
0.0167317
0.00199444
0.35952
0.291748
0.068672
0.292012
0.776492
0.0503797
0.168412
0.60322
0.000588499
0.0831253
0.490769
0.0724635
0.0298856
0.0835791
0.543328
0.0926208
0.36175
0.365582
0.0114191
0.0139945
0.539213
0.513871
0.00268507
0.1903
0.0385461
0.00542781
0.354582
0.147584
0.000134188
0.324914
0.00380692
0.214818
0.0573096
0.282005
0.00530051
0.00736268
0.325487
0.0042408
0.77377
0.101896
0.752082
0.238173
0.000545141
0.225515
0.734263
0.58532
0.0651932
0.348309
0.290069
0.0802213
0.336955
0.592399
0.0588431
0.0236406
0.722821
0.758778
7.77259e-05
0.199582
0.372308
0.21639
0.359185
0.283688
0.592996
0.395477
0.0623067
0.239301
0.0540534
0.6298
0.00244653
0.0826278
0.0235479
0.0590979
0.043799
0.835808
0.0677862
0.798291
0.705367
0.024146
0.0715169
0.042398
0.486753
0.243476
0.567036
0.323427
0.112143
0.0857119
0.332713
0.110367
0.179753
0.656064
0.63633
0.438467
2.6264e-05
0.0121441
0.112382
0.0447092
0.0400439
0.00240996
0.00636679
0.715403
0.00449792
0.564393
0.35294
0.660691
0.000870576
0.0572247
0.384705
0.0479384
0.372108
0.23068
0.244829
0.377153
0.373085
0.639568
0.0293192
0.382962
0.125006
0.579798
0.279882
0.166352
0.0167805
0.715753
0.282865
0.0659668
0.23969
0.29558
0.112687
0.664934
0.0523055
0.0719888
0.0500883
0.450931
5.58915e-05
0.296175
0.0222602
0.713143
1.85582e-06
0.625226
0.39023
0.243817
0.0628077
0.68937
0.011487
0.038937
0.631664
0.627659
5.73894e-05
0.509067
0.00239968
0.0225712
0.0386922
0.00489636
0.0291251
0.663111
0.0962835
0.131469
0.728574
0.523766
0.178172
0.211072
0.520626
0.0260655
0.0518477
0.221725
0.307358
0.171639
0.531764
0.0326964
0.57166
0.333905
0.267603
0.0947036
0.584791
0.737996
0.0913977
0.490509
0.765642
0.291349
0.523114
0.641354
0.272005
0.403875
0.0990233
0.278709
0.260795
0.147965
0.042182
0.585718
0.0437833
0.286767
0.112866
0.392139
0.721842
0.717756
0.00110385
0.504858
0.0030054
0.00153248
0.0402276
0.122065
0.454879
0.608142
0.230397
0.193834
0.00116341
0.0834352
0.0720995
0.275279
0.00114198
0.533318
0.0122642
0.00151975
0.431769
0.183803
0.324061
0.011309
0.626575
0.190895
0.515386
0.678555
0.167086
0.486498
0.61616
0.0774622
0.00861618
0.000755912
0.0619951
0.441578
0.00120011
0.146472
0.610728
0.02609
0.494394
0.00867935
0.24689
0.00725188
0.344918
0.00365498
0.737809
0.318303
0.298892
0.0680271
0.00444659
0.639276
0.00435721
0.263901
0.197509
0.0666834
0.226164
0.598433
0.254469
0.224245
0.00107457
0.509847
0.128344
0.00164269
0.0117869
0.0107787
0.347418
0.146013
0.00269503
0.0097049
0.205922
0.486517
0.0951606
0.0283441
0.877129
0.63181
0.251379
0.227177
0.35673
0.223549
0.153782
0.000393967
0.360542
0.389911
0.365024
0.219002
0.0521656
0.328745
0.526266
0.00011162
0.387127
0.236494
0.0846929
0.236564
0.192829
0.775693
0.0104194
0.0888036
0.352165
0.443384
0.00708727
0.161639
0.169189
0.74961
0.0720311
0.00909535
0.0981008
0.00251942
0.012799
0.715134
0.0010155
0.273354
0.867078
0.0721073
0.647675
0.373998
0.235602
0.00890148
0.491794
0.189039
0.114336
0.0929563
0.0176948
0.0841097
0.0718937
0.493985
0.664555
0.0285412
0.000311091
0.0278294
0.278198
0.0273416
0.106519
0.0202818
0.663696
0.00139211
0.0160259
0.5522
0.244234
0.534052
0.254601
0.310328
0.314647
0.00696723
0.00029725
0.438331
0.861081
0.646886
0.350735
0.0150403
0.112777
0.0156613
0.314229
0.0198
0.757992
0.436908
0.00830441
0.00124743
0.128561
0.126421
0.677953
0.216972
0.000392823
0.0105967
0.0552023
0.0488962
0.245213
0.483185
0.587188
0.0106994
0.380831
0.632794
0.139137
0.103007
0.000125488
0.43842
0.001238
0.132312
0.218708
0.22138
0.206569
0.0319146
0.0479094
0.50002
0.00728032
0.00166109
0.688729
0.601903
0.115866
0.398127
0.65112
0.588563
0.223009
0.00109683
0.624262
0.0483985
0.577197
0.081143
0.122979
0.347421
0.000171597
0.151416
0.390218
0.579913
0.387283
0.569184
0.446134
0.300953
0.496872
0.14897
0.245348
0.254106
0.0109126
0.416763
0.0349916
0.119544
0.107344
0.0994927
0.000558518
0.000395392
0.00335303
0.640596
0.352805
0.0325046
0.61819
0.00238497
2.41e-05
7.84606e-05
0.109365
0.457708
0.00253751
0.0727802
0.00424637
0.0486921
0.172412
0.00677062
0.170975
0.476531
0.017806
0.434324
0.135822
0.547503
0.56912
0.473916
0.175575
0.46835
0.517497
0.00369694
0.228672
0.293815
0.073949
0.0455576
0.205154
0.166175
0.000494293
0.073972
0.0142586
0.0652895
0.566809
0.518771
0.0453611
0.399647
0.0769568
9.44204e-05
0.596123
0.161538
0.471731
0.649214
0.803873
0.325644
0.632713
0.0228471
0.151191
0.226286
0.0818946
0.00193115
0.0777267
0.346414
0.00539672
0.0273727
0.51304
0.000930222
0.0104085
0.00186643
0.17344
0.000521641
0.58266
0.437687
0.877461
0.0294188
0.240347
0.000953078
0.52646
0.340715
0.810394
0.145017
0.000466973
0.771566
0.0303037
0.676553
0.243041
0.443748
0.417659
0.00016939
0.884612
0.109374
0.133626
0.00588407
0.0188826
0.492854
0.477615
0.229547
0.746551
0.22772
0.0119
0.00107513
0.301605
0.175308
0.0611186
0.0273631
0.242028
0.0877869
0.567556
0.201895
0.000637173
0.356673
0.723404
0.0293058
0.037335
0.548286
0.784074
0.0173967
0.00137028
0.329854
0.303816
0.817808
0.642116
0.298394
0.0719864
0.143386
0.343757
0.0322616
0.581467
0.605705
0.524383
0.518192
0.0698848
0.148754
0.450055
0.0772919
0.00502056
0.791593
0.161968
0.158258
0.53248
0.00113494
0.000509336
0.325915
0.453321
0.675689
0.762195
0.59316
1.43489e-05
0.315917
0.450689
0.0373234
0.602756
0.111644
0.750395
0.339814
0.191385
0.0747433
0.581484
0.592897
0.382145
0.00440707
0.483241
0.547404
0.515509
0.0913474
0.159021
0.199708
0.68056
0.26322
0.479296
0.704421
0.596274
0.179553
0.558243
0.511634
0.456228
0.514218
0.562124
0.181028
0.254239
0.398717
0.0209363
0.000198369
0.000399312
0.40184
0.266707
0.819212
0.0439585
0.324704
0.390999
0.269699
0.544999
0.000479666
0.476893
0.634892
0.592367
0.383935
0.199265
0.685911
0.455137
0.0875124
0.304844
0.436796
0.559978
0.411411
0.47013
0.031813
0.75795
9.53825e-05
0.003824
0.492011
0.0200965
0.315556
0.0672807
0.254989
0.595773
0.474011
0.571282
0.0632538
0.013383
0.0776456
0.0137768
0.388099
0.444686
0.251046
0.722456
0.000228802
0.0878753
0.0422288
0.58287
0.00129593
0.391132
1.43085e-07
0.0143998
0.586059
0.0757773
0.408063
0.357658
0.496709
0.800689
0.321413
0.0477116
0.50852
0.104675
0.0299055
0.11794
0.000447617
0.602537
0.0167625
0.420025
0.487189
0.557135
0.431798
0.493826
0.586341
0.0851957
0.0426172
0.5446
0.348002
0.110305
0.000129825
0.547336
0.0425355
0.408041
0.00014656
0.404524
0.533041
0.0215798
0.0334178
0.208227
0.329862
0.0335842
0.376575
0.296783
0.46157
0.315413
0.0397825
0.31027
0.497467
0.000706293
0.248639
0.678551
0.00703317
0.0016017
0.1401
0.0377837
0.591678
0.00952876
0.566004
0.150677
0.0638974
0.059795
0.0118938
0.212034
6.76861e-05
0.0209298
0.364226
0.475285
0.0549133
0.356356
0.0594687
0.339082
0.71397
0.769464
0.901774
0.301956
0.707323
0.719444
0.0358912
0.457256
0.675865
0.0247731
0.0112322
0.00114954
0.303771
0.565189
0.561325
0.307008
0.248217
0.130301
0.241334
0.0107512
0.372377
0.106781
0.366465
0.0102729
0.326641
0.145965
0.483076
0.836391
0.00952976
0.522452
0.604013
0.842856
0.252485
0.212514
0.0996525
0.863863
0.235578
0.573443
0.231027
0.585378
0.359723
0.144566
0.664403
0.357964
0.384331
0.873511
0.10044
0.0673807
0.367877
0.299011
0.0164044
0.171574
0.0530132
0.0273914
0.122406
0.367743
0.0167527
0.00512914
0.341005
0.131162
0.0244407
0.000663611
0.0411113
0.0257148
0.0185252
0.543056
0.00194674
0.263882
0.227882
0.839098
0.112645
0.0501871
0.225426
2.16055e-05
0.0861677
0.424758
0.49425
0.496662
0.39298
0.433074
0.46328
0.0097631
0.0179658
0.0594055
0.0688663
0.00576398
0.387958
0.501996
0.0196495
0.571623
0.555037
0.320281
0.132277
0.546455
0.0318642
0.0211279
0.421273
0.351275
0.194441
0.607351
0.238927
0.182462
0.322957
0.34437
0.622337
0.104457
0.00115111
0.791092
0.369996
0.543958
0.11951
0.507457
0.000332931
0.701489
0.788842
0.382625
0.0781791
0.34298
3.03331e-05
0.0302269
0.488338
0.261362
0.1159
0.210783
0.435337
0.48675
0.00071045
0.829231
0.190487
0.388612
0.0383871
0.177923
0.417511
0.0149422
0.00304682
0.128763
0.259289
0.469479
0.00804863
0.0085367
0.431955
0.62928
0.0191569
0.0584478
0.0632075
0.0818664
0.275324
0.263753
0.41884
0.501005
0.179492
0.575628
0.483412
0.16246
0.00908483
0.861447
0.170354
0.532926
0.073672
0.0171719
0.00556274
0.155077
0.269235
0.0376939
0.405188
0.071978
0.0827959
0.546836
0.205764
0.538213
0.0521228
0.669264
0.0906865
0.240119
0.00333215
0.536518
0.091232
0.79464
0.00398232
0.714505
0.28141
0.424691
0.176114
0.632617
0.0383245
0.697532
0.286507
0.20104
0.27361
0.288322
0.0422927
0.0487681
0.255448
0.514338
0.113722
0.79012
0.310527
0.746035
0.333235
0.0175159
0.0428088
0.279641
0.483481
0.00534831
0.0609766
0.0778255
0.0816096
0.295598
0.547952
0.35353
0.366344
0.184766
0.695186
0.415206
0.0116841
0.0669947
0.132627
0.503823
0.662164
0.617616
0.578001
0.0579736
0.475159
0.58807
0.366605
0.0347105
0.0605375
0.00791403
0.261767
0.0222123
0.175829
0.350472
0.837591
0.0861066
0.0557978
0.583729
0.0854336
0.215106
0.158551
0.0400641
0.0812104
0.102248
0.7666
0.323454
0.00253452
0.0920284
0.084631
0.0301499
0.00144866
0.568478
0.480155
0.258044
0.000501393
0.392314
0.548481
0.0010062
0.554654
0.0672118
0.0281886
0.690551
0.0992896
0.0571137
0.100253
0.0268167
0.666561
0.357472
0.115605
0.387952
0.0106977
0.077615
0.0971089
0.284333
0.519769
0.294286
0.371292
0.391634
0.00301642
0.125109
0.577864
0.448868
0.411774
0.0728979
0.00554301
0.0771456
0.310922
0.190573
0.29512
0.40804
0.151853
0.248771
0.0484817
0.0911589
0.244984
0.142663
0.079768
0.00138823
0.183444
0.35272
0.0173915
0.426086
0.906416
0.00118568
0.566418
0.459864
0.426996
0.00225175
0.0646167
0.437792
0.566662
0.340738
0.343119
0.402844
0.331533
0.00586776
0.0299817
0.0131606
0.0146226
0.0728528
0.311082
0.255643
0.112394
0.673885
0.0579708
2.32148e-05
0.22779
0.563216
0.534756
0.255906
0.378677
0.615811
0.430504
0.634991
0.598501
0.0152167
0.464413
0.0222515
0.0746251
0.325555
0.438134
0.235394
0.0660431
0.698746
0.411829
0.379247
0.02196
0.305673
0.0239195
0.00463285
0.089226
0.0620807
0.0963624
0.255693
0.491831
0.000896943
0.57934
0.625288
0.0136328
0.542052
0.00055693
0.0817656
0.264829
0.13256
0.832761
0.0185979
0.244207
0.0726151
0.509936
0.516355
0.605327
0.250589
0.00106941
0.294035
0.0825442
0.187518
0.30595
0.364084
0.783032
0.000145098
0.0583079
0.800566
0.0058997
0.000760861
0.103989
0.248784
0.0525396
0.0122469
0.330842
0.205339
0.0148294
0.00851838
0.264712
0.777129
0.170381
0.265485
0.167987
0.0997093
0.0068034
0.00118587
0.279481
0.530102
0.194516
0.525072
0.0320512
0.0250568
0.226865
0.593682
0.434175
0.16327
0.716789
0.428837
0.154593
0.00670586
0.443195
0.224596
0.289682
0.0027901
0.187323
0.167155
2.42665e-05
0.459668
0.500869
0.079673
0.0335816
0.620248
0.0291442
0.564643
0.647352
0.366525
0.659045
0.136953
0.0535259
0.00326375
0.461164
0.50556
0.0474174
0.358087
0.199493
0.62309
0.203679
0.0069121
0.178897
0.00206071
0.0149652
0.355644
0.0154453
0.502957
0.0442806
0.28248
0.296869
0.736282
0.0284093
0.777335
0.0603521
0.0354163
0.175334
0.0133197
0.0124995
0.72153
0.146907
0.35516
0.00224633
0.00990257
0.604942
0.410235
0.00430478
0.0272387
0.17792
0.365528
0.364421
0.591858
0.385907
0.0211896
0.0340488
0.0393562
0.632503
0.00429762
0.606978
0.00274888
0.00629967
0.495872
0.00800751
0.531614
0.00011254
0.411693
0.616079
0.27208
0.225355
0.628133
0.381841
0.558736
0.685398
0.851169
0.320324
0.0239352
0.391328
0.166549
0.0182011
0.234183
0.133821
0.384546
0.206391
0.194552
0.00115972
0.539564
0.00353651
0.340011
0.322503
0.613008
0.624356
0.544031
0.0727427
0.543979
0.357286
0.450148
0.0131084
0.586733
0.0785541
0.253411
0.775132
0.39969
6.52988e-05
0.278416
0.0472857
0.482875
0.370704
0.0084021
9.83281e-05
0.09014
0.819289
0.133105
0.0313534
0.00594539
0.0261458
0.516019
0.607554
0.0140629
0.083562
0.00338635
0.172663
0.0015492
0.0937002
0.0024691
0.42127
0.0200695
0.629833
0.000520722
0.016814
0.270378
0.396818
0.00102126
0.63093
0.000198469
0.0845228
0.20877
0.582368
0.00255137
0.283061
0.719872
0.718928
0.176333
0.771837
0.598979
0.0136547
0.18745
0.0674926
0.0360722
0.00765622
0.00271377
0.0601896
0.296198
0.0928565
0.0201616
0.10062
0.227174
0.491487
0.439901
0.452183
0.447517
0.0210282
0.00323158
0.700393
0.33763
0.315029
0.00498613
0.218863
0.509203
0.488549
0.241299
0.317313
0.446507
0.565478
0.0484389
0.535098
0.0419146
0.416209
0.067445
0.0110888
0.0861853
0.438153
0.238552
0.481883
0.304526
0.000172851
0.309082
0.313769
0.0238442
0.0072577
0.421355
0.0138113
0.691551
0.249304
0.192619
0.0325675
0.00830611
0.0049053
0.818418
0.661359
0.557899
0.0506228
0.339059
0.0120065
0.197025
0.501193
0.0252575
0.250002
0.339244
0.0210005
0.112369
0.0508926
0.132653
0.418275
0.684827
0.00144468
0.641881
0.0527304
0.22759
0.0926973
0.0198916
0.208337
0.632494
0.00142269
0.036153
0.0043247
0.260029
0.734493
0.175922
0.683468
0.170269
0.13911
0.0798478
0.0630406
0.175956
0.000514097
0.107823
0.696853
0.0389575
0.230973
0.2238
0.560075
0.00241027
0.288364
0.0881732
0.000583754
0.00616799
0.0877112
0.0391036
0.000646294
0.537737
0.0876406
0.367069
0.262782
0.700647
0.247908
0.713497
0.289975
0.0181368
0.0215632
0.853447
0.408374
0.587582
0.441565
0.00304255
0.414794
0.704897
0.406253
0.178275
0.2046
0.00175935
0.667114
0.00795314
0.210756
0.538567
0.328505
0.135531
0.787465
0.397969
0.313178
0.00055988
0.772608
0.217459
0.617457
0.0223234
0.0342608
0.0378871
0.258179
0.0289314
0.00822067
0.0599993
0.332433
0.305707
0.0361395
0.374842
0.0671467
0.370528
0.149176
0.298472
0.610078
0.324064
9.94667e-05
0.0164379
0.488106
0.715127
0.0174661
0.0636417
0.0816413
0.120675
0.0227803
0.614904
0.191346
0.298614
3.80873e-05
0.00404205
0.0128526
0.00094191
0.000275103
0.0746756
0.139223
0.0594695
0.339175
0.608708
0.619453
0.308594
0.525494
0.0805719
0.381354
0.00320876
0.0257474
0.144445
0.0411842
0.408428
0.000877177
0.0052086
0.200109
0.000198001
0.0340895
0.0420245
0.487935
0.31422
0.0328307
0.369531
0.00326515
0.0231341
0.103638
0.068772
0.471773
0.312878
0.248156
0.742783
0.0159321
0.491722
0.70448
0.00748202
0.469887
0.0338493
0.71906
0.0492197
0.553184
0.185746
0.067329
0.519457
0.458836
0.395184
0.698627
0.00448934
0.00170822
0.562904
0.0739458
0.00176483
0.675653
0.269104
0.00123757
0.00444095
0.487403
0.063176
0.151692
0.0447276
0.00646208
0.705349
0.00018953
0.485799
0.141635
0.100405
0.208248
0.64739
0.542698
0.678064
0.237874
0.000686261
0.284612
0.092792
0.0695873
0.158537
0.000532305
0.868452
0.0340411
0.151231
0.0108887
0.00319543
0.370976
0.573458
0.610383
0.0152725
0.541309
0.0314088
0.560964
0.316707
0.0154695
0.116004
0.261041
0.0482212
0.000184942
0.243306
0.465508
0.444123
0.016729
0.0137966
0.00115444
0.00535135
0.00637465
0.469298
0.0182949
0.0866455
0.414758
0.385891
0.0404852
0.510154
0.241644
0.156935
0.0445892
0.0862324
0.0416732
0.678357
0.477755
0.637327
0.306622
0.0395422
0.650272
0.0112209
0.0441959
0.267206
0.0254642
0.208448
0.0525792
0.00141496
0.0426231
0.0441874
0.245481
0.590644
0.674188
0.0545813
0.329429
0.000866838
0.062609
0.124072
0.0139418
0.38152
0.231836
0.0716299
0.469119
0.00184464
0.299823
0.537054
0.104444
0.000461911
0.142098
0.0839574
0.0766676
0.300442
0.224576
0.485228
0.030868
0.000961383
0.260083
0.373961
0.00428473
0.447254
0.319278
0.575306
0.00268959
0.420306
0.417739
0.488594
0.268831
0.49221
0.876373
0.152459
0.251682
0.332438
0.0111957
0.0389634
0.637658
0.595739
0.414526
0.299512
0.655531
0.0186183
0.115844
0.144775
0.00285588
0.661244
0.676442
0.693453
0.0198478
0.202668
0.00139317
0.00455794
0.31867
0.64418
0.355909
0.0960127
0.00561921
0.33587
0.257827
0.150078
0.664992
0.767781
0.562589
0.0304352
0.0270135
0.00768726
0.000389034
0.00101295
0.000776211
0.743298
0.663417
0.439886
0.0172317
0.411867
0.210777
0.304931
0.000431202
0.00458595
0.341543
0.271489
0.340636
0.351499
5.31203e-07
0.652135
0.0457614
0.0110619
0.247413
0.0134632
0.29847
0.000526775
0.106633
0.273056
0.77376
0.0245005
0.551261
0.0382411
0.124624
0.0168559
0.731232
0.365199
0.409663
0.0404968
0.0906603
0.516165
0.0132341
0.561828
0.658255
0.348476
0.28664
0.172452
0.455628
0.421366
0.535708
0.303872
0.202663
0.153026
0.201131
0.018647
0.793264
0.633465
0.314698
0.0125398
0.163223
0.272585
0.454401
0.514278
0.501602
0.508526
0.000260995
0.376283
0.346715
0.497824
0.0537191
0.0143674
0.0547647
0.00374311
0.666917
0.469488
0.514098
0.35554
0.241863
0.764871
0.471458
0.0838695
0.39377
0.47725
0.222576
8.31736e-05
0.64041
0.0243652
0.109408
8.2376e-05
0.284925
0.0319899
0.000483944
0.0148555
0.132124
0.130299
0.078555
0.27322
0.358774
0.193752
0.342016
0.602667
0.00356528
0.0167669
0.0272048
0.0303278
0.115142
0.745721
0.0994247
0.60408
0.081792
0.00130949
0.664836
0.269105
0.115024
0.0383275
0.546262
0.0130969
0.523399
0.00746862
0.295068
0.55205
0.0593388
0.0105281
0.626742
0.0881981
0.452789
0.147701
0.493491
0.759075
0.241578
0.000164538
0.559081
0.0795029
0.000648142
0.677931
0.478229
0.715654
0.0358019
0.0389159
0.0673136
0.00632222
0.554817
0.800282
0.673917
0.00876077
0.0151149
0.00164563
0.183221
0.169146
0.108427
0.0978048
0.00243396
0.0392413
0.149978
0.279483
0.588666
0.305556
0.101792
0.222416
0.00225989
0.0197067
0.0475179
0.595237
0.181035
0.0191366
0.319318
0.00927032
0.18515
0.00037988
0.830386
0.242654
0.20719
0.017181
0.402231
0.835765
0.425998
0.20496
0.12614
0.0050987
0.0138596
0.0137045
0.22154
8.1785e-05
0.237432
0.0159653
0.12102
0.000121812
0.575916
0.0270516
0.0169548
0.704831
0.0320394
0.455573
0.23312
0.0254383
0.0021284
0.011922
0.280566
0.0680289
0.0213067
0.209339
0.710689
0.0279459
0.000554801
0.34777
0.0780103
0.000600441
0.65831
0.472897
0.391946
0.166117
0.0754486
0.296324
0.0167872
0.00210268
0.696167
0.26759
0.266938
0.321462
0.286349
0.696009
0.598415
0.0964828
0.618907
0.0250363
0.000153602
0.501845
0.187114
0.000446942
0.029535
0.545494
0.0139215
0.00246422
0.00128677
0.228136
0.126936
0.75855
0.000550701
0.286485
0.337738
0.120769
0.0414512
0.00455894
0.0761579
0.0759725
0.184322
0.0127962
0.490061
0.0688719
0.43192
0.0477981
0.375934
0.00727844
0.0479351
0.542658
0.628044
0.0325336
0.576529
0.313343
0.00214352
0.842483
0.529611
0.418647
0.152493
0.0173077
0.0263534
0.530106
0.270998
0.0758094
0.00169702
0.551885
0.409359
0.186506
0.405987
0.0346809
0.0411242
0.000635385
0.23647
0.316443
0.429337
0.669421
0.0294293
0.0578971
0.0519039
0.138681
0.0586535
0.00813464
0.0419982
0.000313563
0.445458
0.455408
0.00459871
0.604621
0.118162
0.0107762
0.150924
0.114776
0.457031
0.0391393
0.307431
0.0785393
0.218426
0.0417337
0.210385
0.341485
0.526264
0.30449
0.157613
0.611109
0.0360873
0.392556
0.018043
0.0508257
0.103171
0.0612895
0.172665
0.00130275
0.124026
0.631947
0.225935
0.423204
0.481152
0.2717
0.919648
0.420496
0.041115
0.1246
0.0289711
0.000234654
0.316253
0.399269
0.6468
0.253546
2.68634e-06
0.361464
0.300014
0.353706
0.101617
0.123807
0.525862
0.00315059
0.589806
0.0151992
0.501192
0.382919
0.5485
0.0930595
0.210589
0.749816
0.168667
0.421823
0.530407
0.507599
0.294224
0.123287
0.0299848
0.41454
0.296516
0.0296593
0.0596995
0.550095
0.14227
0.199032
0.321711
0.603933
0.78843
0.852275
0.554187
0.00212439
0.681009
0.594553
0.136404
0.459034
0.00492891
0.316468
0.308024
0.00477939
0.000210758
0.221958
0.743632
0.124563
0.66919
0.00790855
0.000111469
0.473269
0.0717468
0.403693
0.23555
0.790252
0.0231634
0.754156
0.772516
0.304942
0.378254
0.518573
0.303177
0.0808774
0.0672425
0.00927909
0.397842
0.658382
0.615892
0.00787926
0.249697
0.445521
0.382871
0.859981
0.650469
0.213507
0.489012
0.00303474
0.102754
0.00897602
0.0726126
0.0177676
0.71695
0.0100775
0.00921014
0.545392
0.249572
0.00220648
0.190502
0.344263
0.285199
0.205087
0.30889
0.0485005
0.00246636
5.9449e-07
0.268748
0.0758666
0.314396
0.180954
0.0112623
0.684664
0.115589
0.172523
0.592736
0.484769
0.195104
0.00186183
0.386817
0.307928
0.452244
0.0573871
0.125042
0.276532
0.217981
0.209212
0.0231687
0.0745084
0.178751
0.166792
0.615537
0.342204
0.349334
0.549883
0.00151708
0.25255
0.210784
0.000100981
0.0537149
0.216278
0.238855
0.0449507
0.633192
0.289818
0.51569
0.0482105
0.106631
0.354561
0.231421
0.735555
0.630827
0.373803
0.0356465
0.680981
0.0572023
0.494457
0.0536495
0.812932
0.0325405
0.154523
0.254468
0.124446
0.00508282
0.150134
0.637455
0.222096
0.0342859
0.0792909
0.539498
0.407304
0.806637
0.162381
0.285767
0.00228396
0.385531
0.164974
0.000663212
0.378094
0.212983
0.57586
0.128494
0.0180305
0.770446
0.305138
0.388242
0.54635
0.0211507
0.668223
1.1904e-05
0.178217
0.433583
0.00518402
0.527914
0.492065
0.536361
0.164697
0.0837556
0.0476036
0.0427747
0.23932
0.0453715
0.220994
0.583721
0.30069
0.0720682
0.000516119
0.22966
0.121234
0.0215114
0.676357
0.711194
0.0188411
0.124995
0.147146
0.252737
0.612879
0.714482
0.70805
0.191805
0.750988
0.0125179
0.260473
0.00803468
0.0828565
0.440844
0.165
0.000845429
0.0391355
0.0924411
0.0983493
0.00390165
0.751898
0.0356378
0.160577
0.736074
0.258085
0.182899
0.0504366
0.148352
0.000922972
0.852475
0.304707
0.0787941
0.001605
0.208607
0.0641209
1.25476e-05
0.170314
0.520478
0.0164878
0.322133
0.0270794
0.0313921
0.122375
0.223148
0.771076
0.497389
0.00091222
0.832484
0.351529
0.300058
0.0997488
0.00845684
0.694868
0.154141
0.204083
0.0124302
0.336509
0.158906
0.389984
0.536797
0.178635
0.183716
0.207924
0.0793709
0.387488
0.242568
0.0367599
0.176265
1.25887e-05
0.220894
0.125684
0.0634006
0.321733
0.355557
0.0342837
0.772682
0.419016
0.00176591
0.344205
0.0241993