0.094128
0.167808
0.477663
0.134628
0.0294374
0.18278
0.352815
0.398605
0.129998
0.24316
0.275089
0.00115956
0.363607
0.0434905
0.000926083
0.129193
0.0876862
0.148735
0.00274912
0.00204456
0.29036
0.239589
0.487702
0.00101432
0.0445412
0.437091
0.14803
0.194874
0.0448889
0.0115302
0.296664
0.0766487
0.451142
0.580233
0.00127816
0.682791
0.206888
0.382977
0.0002018
0.00369804
0.163923
0.000141242
0.354912
0.000562639
0.00437311
0.0019458
0.208421
0.22795
0.115525
0.444932
0.0539154
0.116135
0.773705
0.23158
0.00105837
0.0070132
0.311136
0.51796
0.443584
0.651041
0.0169651
0.264566
0.100985
0.237826
0.036199
0.103284
0.134473
0.301293
0.406435
0.660424
0.433845
0.529373
0.00208437
0.0159481
0.503941
0.0364548
0.624357
0.180287
0.381667
0.0103749
0.0161235
0.276781
0.00121247
0.182747
0.440421
0.475972
0.713392
0.749103
0.0380805
0.00313245
0.00932894
0.496393
0.0250128
0.0050894
0.0543904
0.297466
0.0379759
0.369503
0.114735
0.244722
0.18716
0.275802
0.0195994
0.110073
0.000622252
0.00440103
0.681027
0.00291861
0.274636
0.349621
0.641312
0.0557573
0.339568
0.0197691
0.41712
0.541776
0.0686978
0.223853
0.634098
0.39248
0.0499906
0.166696
0.0304974
0.01396
0.0333504
0.596218
0.0445558
0.102595
0.349556
0.358131
0.0763791
0.025797
0.250382
0.000106244
0.165279
0.21157
0.0823252
0.0104586
0.148809
0.298084
0.0852855
0.0729768
0.0428532
0.392641
0.0364101
0.632131
0.0286294
0.577235
0.179761
0.433517
0.263444
0.169125
0.516319
0.415026
0.139781
0.0719776
0.384262
0.0127547
0.457694
0.0108485
0.357579
0.00291792
0.883303
0.229522
0.491251
0.620778
0.00582187
0.135715
0.496159
0.477458
0.0237739
0.41401
0.0800816
0.00529372
0.00424474
0.000529757
0.333034
0.0355727
0.367443
0.123502
0.527836
0.100538
0.000827819
0.518282
0.593046
0.000787929
0.162707
0.166997
0.133114
0.281984
0.379331
0.0203756
0.581923
0.239335
0.19978
0.625753
0.0265612
0.169521
0.415103
0.0854629
0.522172
0.245222
0.00814873
0.401672
0.026781
0.206742
0.341322
0.0627268
0.052147
0.0323441
0.59221
0.630433
0.1451
0.330941
0.456048
0.456948
0.049286
0.00252863
0.32451
0.216951
0.328121
0.359278
0.00140149
0.537664
0.500274
0.182661
0.730088
0.299364
0.0967052
0.324459
0.0823921
0.135987
0.671399
0.192609
0.0150866
0.00143767
0.0834119
0.767445
0.400402
0.323425
0.000790332
0.0518588
0.309238
0.0374156
0.16421
0.381049
0.108515
0.330128
0.0212792
0.521902
0.39427
0.33689
0.0243731
0.0617875
0.77679
0.557906
0.121374
0.0922521
0.130412
0.276149
0.271707
0.240471
0.453688
0.60292
0.359942
0.429135
0.83192
0.00195763
0.0261541
0.288044
0.302257
0.408039
0.00259493
0.390827
0.00804855
0.607514
0.0674196
0.428731
0.404466
0.284687
0.110058
0.225687
0.0264331
0.00655977
0.176125
0.00352822
0.0111409
0.303234
0.116053
0.0120201
0.00381306
0.00271005
0.0201428
0.305178
0.142066
0.412063
0.00016604
0.163281
0.0763139
0.00144492
0.000790551
0.0287716
0.389656
0.16217
0.121776
0.0577413
0.0261764
0.0343616
0.24454
0.36017
0.265775
0.00114762
0.339871
0.635153
0.229073
0.363174
0.612619
0.116404
0.0460465
0.028672
0.0654616
0.24359
0.047587
0.717966
0.704867
0.0637854
0.0136516
0.0328633
0.0503677
0.00455305
0.0572912
0.009506
0.333473
0.00488747
0.00848871
0.192367
0.064151
0.0146767
0.329073
0.142925
0.315394
0.0866525
0.218293
0.348232
0.495691
0.152263
0.18765
0.235668
0.0137329
0.00344259
0.0622247
0.00258899
0.312735
0.0225525
0.372518
0.231323
0.72956
0.0550266
0.13258
0.0464278
0.0169971
0.125263
0.000274832
0.330104
0.000342607
0.112046
0.61824
0.270406
0.397942
0.0694869
0.523018
0.00840221
0.00381734
0.287982
0.0181295
0.0626047
0.558527
0.367945
0.384217
0.0327644
0.00619302
0.0616131
0.023225
0.25758
0.294289
0.394811
0.00941076
0.375357
0.438896
0.300294
0.0050902
0.0164506
0.100563
0.392215
0.171002
0.0144311
0.0721247
0.433858
0.2222
0.610507
0.00142633
0.298261
0.170797
0.0644948
0.00584962
0.378261
0.00519414
0.481153
0.000493893
0.415412
0.289878
0.410144
0.275696
0.00418804
0.123351
0.000180668
0.563202
0.283601
0.588735
0.0364358
0.101401
0.464189
0.0997393
0.422544
0.278742
0.00986745
0.356407
0.7994
0.564229
0.0593405
0.515995
0.410265
0.0714591
0.430763
0.576074
0.0629576
0.685253
0.375765
0.154127
0.384088
0.00575087
0.438809
0.000242557
0.467178
0.538459
0.202331
0.514961
0.118154
0.0568014
0.273363
0.73619
0.0587365
0.16063
0.538938
0.0108786
0.456878
0.220985
0.151564
0.580508
0.75844
0.527706
0.0789189
0.0596642
0.458409
0.160906
0.00823684
0.200627
0.0691305
0.457857
0.0506166
0.391524
0.0310465
0.00339316
0.399723
0.534367
0.0482355
0.365342
0.551058
0.282881
0.112727
0.649831
0.00170353
0.00817805
0.780686
0.170514
0.409673
0.00111881
0.00335014
0.500649
0.0835743
0.00106622
0.237336
0.0836182
0.00280183
0.137605
0.00160893
0.141529
0.313136
0.028537
0.252831
0.219778
0.156488
0.201086
0.217891
0.00435747
0.00908736
0.382709
0.010059
0.745729
0.0527832
0.027038
0.00043349
0.00021828
0.0598216
0.102968
0.474614
0.0157896
0.0312593
0.487774
0.106165
0.250811
0.00518824
0.0505721
0.0725356
0.151056
0.453826
0.688945
0.0103684
0.672645
0.0530236
0.0549066
0.742692
0.296525
0.0297784
0.00781977
0.0160459
0.00460192
0.342178
0.487269
0.3809
0.00410568
0.523274
0.0234718
0.00538107
0.00562347
0.010219
0.0378043
0.121328
0.210845
0.37508
0.174737
0.440207
0.0151027
0.237967
0.0041991
0.0972726
0.118467
0.169112
0.0314014
0.000285716
0.00615045
0.041927
0.0129882
0.583937
0.123248
0.38805
0.0548961
0.516668
0.683679
0.100205
0.0479908
0.0422824
0.0107298
0.401221
0.103337
0.340102
0.000963011
0.303002
0.00566434
0.309235
0.0323209
0.475285
0.0188464
0.639621
0.0064387
0.20454
0.4613
0.0886828
0.000882066
0.00190091
0.0594459
0.128093
0.00813709
0.0168697
0.123422
0.127088
0.083181
0.662538
0.484485
0.017131
0.0989689
0.0846058
0.111571
0.00120171
0.000427136
0.00601902
0.688411
0.714071
0.0897659
0.000716223
0.0081466
0.45723
0.00127608
0.0143056
0.0546338
0.522793
0.0415893
0.377524
0.596115
0.0344074
0.109835
0.609026
0.0115374
0.595946
0.0234385
0.00284221
0.0265145
0.215258
0.0130612
0.561304
0.531004
0.456427
0.149048
0.142398
0.203066
0.245597
0.0202615
0.707355
0.249384
0.538728
0.554888
0.219404
0.753998
0.000929904
0.130446
0.171222
0.372256
0.613409
0.209405
0.119974
0.0419993
0.294076
0.0959384
0.780991
0.0277541
0.371551
0.0853424
0.493426
0.120076
0.0588808
0.00418216
0.45498
0.00102783
0.240122
0.035343
0.347401
0.00164641
0.0795046
0.224484
0.533352
0.00268429
0.463801
0.787903
0.215118
0.697998
0.439039
0.2851
0.0867381
0.86663
0.407194
0.332481
0.000574464
0.777852
0.751656
0.00662852
0.486038
0.0368105
0.291568
0.377322
0.518982
0.400376
0.105484
0.104365
0.0132331
0.00249613
0.00819574
0.251852
0.126233
0.0208085
0.127121
0.0151593
0.163297
0.156707
0.0266895
0.35199
0.295018
0.242469
0.414393
0.271213
0.00202013
0.380911
0.112817
0.0178387
0.0750098
0.0210897
0.504769
0.187202
0.83353
0.530244
0.256043
0.392024
0.0201397
0.000541958
0.0199154
0.0495215
0.782828
0.0307422
0.580491
0.195208
0.175106
0.474687
0.137931
0.0111993
0.0224715
0.366384
0.422439
0.392891
0.217318
0.0530797
0.455479
0.425818
0.0116042
0.0406588
0.00481889
0.585709
0.00768352
0.763673
0.000966448
0.188034
0.340112
0.0136408
0.2484
0.212397
0.0179978
0.0170584
0.741003
0.0561455
0.0157444
0.0141847
0.00410734
0.440235
0.47718
0.0654547
0.12286
0.0189755
0.0158964
0.346692
0.278151
0.264266
0.317184
0.659048
0.341708
0.0563801
0.281794
0.157024
0.495435
0.714561
0.00133312
0.00306279
0.31438
0.00698401
0.0103903
0.0190755
0.0354126
0.00867386
0.216025
0.0657482
0.255981
0.568275
0.0118152
0.31717
0.00756385
0.637906
0.556878
0.355591
0.106743
0.327956
0.364391
0.479887
0.581619
0.00328066
0.0004905
0.272759
0.00167432
0.221339
0.339332
0.263275
0.200609
0.131939
0.584439
0.447157
0.301159
0.172001
0.0698227
0.503586
0.00313051
0.0202964
0.469918
0.466111
0.699398
0.55664
0.211895
0.0205971
0.0142693
0.0115851
0.691037
0.209899
0.0041365
0.122845
0.566581
0.331962
0.302211
0.0815714
0.106893
0.267205
0.591972
0.36531
0.520462
0.169934
0.000484888
0.00115358
0.122063
0.000381773
0.00975337
0.0471465
0.484664
0.125745
0.0173819
0.168008
0.016705
0.325387
0.0703313
0.078752
0.034805
0.0390395
0.269938
0.132035
0.370021
0.0132021
0.00103142
0.0482937
0.131787
0.186325
0.425964
0.00639786
0.0167819
0.66538
0.30074
0.0123579
0.145402
0.100077
2.50619e-05
0.207659
0.0611358
0.0245911
0.0475696
0.0265819
0.0674876
0.716244
0.119901
0.00257338
0.462565
0.670766
0.29081
0.064965
0.539009
0.214429
0.259003
0.708485
0.388119
0.101591
0.390521
0.532838
0.405464
0.0201399
0.275462
0.0660006
0.0884963
0.543491
0.214328
0.62093
0.0257189
0.00113038
0.0512083
0.569096
0.177452
0.0361597
0.0605398
0.00540974
0.00221812
0.499307
0.0136941
0.768222
0.126065
0.400207
0.00651257
0.467308
0.0316009
0.029563
0.147685
0.0986659
0.000321794
0.0645104
0.190621
0.375774
0.270467
0.244875
0.157774
0.10809
0.119947
0.131609
0.111837
0.40603
0.454018
0.000162714
0.452068
0.0473706
0.0380448
0.247321
0.187613
0.0107277
0.433917
0.110541
0.648441
0.0381175
0.191663
0.126302
0.044363
0.636815
0.0048838
0.107528
0.00189118
0.0566929
0.587985
0.146214
0.000859935
0.466328
0.256504
0.0128989
2.94127e-05
0.0866978
0.546258
0.0327239
0.0118715
0.325186
0.58975
0.31702
0.129854
0.00328007
0.0448918
0.0234636
0.0754425
0.575157
0.00972764
0.317493
0.000916893
0.687104
0.00403973
0.09185
0.0329954
0.0604326
0.391264
0.521973
0.00759462
0.00791926
0.0175114
0.528028
0.0177196
0.454061
0.24738
0.00135299
0.158391
0.00811448
0.429549
0.669375
0.406967
0.0430538
0.0311683
0.022962
0.000275885
0.0512832
0.169809
0.0922336
0.0197327
0.115797
0.0645772
0.0222698
0.29358
0.646174
0.258276
0.00146433
0.00151969
0.388125
0.0327229
0.402189
0.0298594
0.0351153
0.00354331
0.0524128
0.778206
0.0285958
0.00658238
0.390302
0.10558
0.344766
0.361957
0.146848
0.0528984
0.0571356
0.000497012
0.0357158
0.0922209
0.901159
0.0891615
0.362329
0.6238
0.601052
0.0253061
0.01707
0.673029
0.714383
0.0199169
0.803516
0.571107
0.00301235
0.0280834
0.0259335
0.208548
0.0132034
0.128367
0.56259
0.408267
0.00763721
0.222961
0.0575461
0.0427932
0.345976
0.583734
0.455489
0.0971913
0.0145374
0.261148
0.143079
0.0220581
0.720136
0.441485
0.161322
0.15528
0.00318018
0.0123489
0.332792
7.26547e-05
0.028185
0.00190373
0.357577
0.247426
0.243998
0.00247994
0.0193592
0.199982
0.0387152
0.0176438
0.272675
0.0837792
0.314669
0.0584286
0.0694964
0.0141926
0.413639
0.00177244
0.0810438
0.0142769
0.185454
0.575602
0.588101
0.327805
0.0122198
0.0122117
0.000156454
0.0591567
0.392217
0.0524113
0.000748367
0.293437
0.0143408
0.259036
0.00127565
0.0256892
0.108615
0.169889
0.0503923
0.0236871
0.658954
0.193474
0.0762326
0.000769711
0.123025
0.266244
0.345628
0.00103401
0.534591
0.463756
0.0188775
0.256563
0.302388
0.0046313
0.196095
0.000595729
0.551558
0.481514
0.34628
0.0262221
0.552689
0.0303481
0.274021
0.0129721
0.0227457
0.508709
0.418233
0.0298454
0.00845329
0.0315231
9.0334e-05
0.0062335
0.239928
0.544654
0.307692
0.589852
0.0207935
0.380076
0.393059
0.126973
0.157807
0.0337656
0.138923
0.642599
0.28993
0.387009
0.0357238
0.122456
0.0368093
0.166227
0.00869938
0.413598
0.00666537
0.527272
0.34234
0.486695
0.214197
0.197512
0.0772989
0.0119332
0.476153
0.0423763
0.0732716
0.00354552
0.00244737
0.275202
0.191953
0.0864308
0.338626
0.710322
0.00397799
0.18697
0.0554373
0.362633
0.0538702
0.034995
0.0456204
0.288573
0.0396974
0.350208
0.106323
0.495701
0.296744
0.0213732
0.0108037
0.00169788
0.0119462
0.601392
0.138271
0.286905
0.191147
0.305719
0.0125259
0.35318
0.0171005
0.195431
0.822647
0.0528646
0.00276102
0.416231
0.174386
0.0240665
0.0081696
0.00310712
0.117766
0.614668
0.0555328
0.257967
0.749177
0.0161587
0.308605
0.384142
0.332372
0.189362
0.00622039
0.517349
0.637597
0.0357739
0.289112
0.000903699
0.083406
0.128853
0.0102494
0.0830138
0.600954
0.36018
0.00500671
0.346365
0.334302
0.54301
0.540345
0.0110656
0.322559
0.0716363
0.0559214
0.711608
0.645854
0.0562579
0.013
0.408138
0.0687532
0.0420064
0.0879943
0.0630615
0.329463
0.0668541
0.369436
0.000458703
0.0298925
0.588908
0.012264
0.238683
0.0280415
0.295833
0.29084
0.0341019
0.299981
0.341275
0.241545
0.0113174
0.373694
0.198588
0.0485141
0.413941
0.619141
0.338591
0.108792
0.35752
0.512462
0.00672033
0.00912254
0.422839
0.116778
0.356377
0.0241143
0.06405
0.00158469
0.0136321
0.161072
0.0952342
0.731763
0.355309
0.20844
0.00803584
0.0885096
0.315921
0.00273769
0.311372
0.579349
0.000897287
0.169368
0.254264
0.180446
0.0511464
0.560872
0.466766
0.503094
0.150752
0.156645
0.0241017
0.0216476
0.00147433
0.00681173
0.558781
0.0360837
0.000142255
0.342203
0.068924
0.149972
0.35329
0.590686
0.495548
0.108019
0.163435
0.148052
0.00339237
0.35824
0.2862
0.680629
0.181765
0.0866029
0.757937
0.316168
0.00915882
0.109251
0.198305
0.00248986
0.411823
0.0858981
0.0324296
0.692073
0.237377
0.188145
0.388138
0.801249
0.0237212
0.563474
0.00763914
0.30603
0.00146342
0.070072
0.808267
0.0131215
0.738971
0.662535
0.0140522
0.0565072
0.000285734
0.0492388
0.0041579
0.00433004
0.00665431
0.0182468
0.0954865
0.010498
0.0113469
0.334784
0.00109683
0.00668449
0.0403205
0.094015
0.455387
0.137213
0.0779992
0.0991967
0.277482
0.00546699
0.198391
0.741218
0.108519
0.0911477
0.0171465
0.0181618
0.143921
0.190604
0.00298973
0.234845
0.449264
0.00602928
0.520283
0.000620303
0.300073
0.645654
0.288237
0.0123206
0.214203
0.692543
0.291193
0.171577
0.0633942
0.0191761
0.456862
0.00573682
0.711402
0.0107198
0.107106
0.226963
0.0922748
0.00258815
0.0804241
0.00835546
0.148153
0.00879797
0.134417
0.490546
0.184155
0.147137
0.00282375
0.208131
0.0116595
0.394926
0.52909
0.0390499
0.490249
0.0417278
0.262256
0.0778664
0.59041
0.370888
0.32011
0.00104544
0.25402
0.229122
0.213918
0.283051
0.0233114
0.277258
0.3151
0.478631
0.390247
0.311261
0.496941
0.0740343
0.193681
0.217641
0.00615825
0.162137
0.00268684
0.10816
0.330733
0.127984
0.722097
0.261147
0.420261
0.596369
0.00109277
0.101316
0.0413435
0.00300386
0.230384
0.157348
0.128189
0.0565892
0.561691
0.140415
0.0826336
0.252202
0.525391
0.602194
0.34372
0.0541522
0.00045774
0.693145
0.00421353
0.0107983
0.431493
0.428412
0.635205
0.450617
0.00719808
0.507985
0.000337299
0.185415
0.456669
0.0204471
0.0502687
0.0265319
0.0893141
0.000535915
0.62483
0.490492
0.238017
0.838872
0.130208
0.375865
0.00137213
0.118179
0.0192197
0.00476909
0.438677
0.0530847
0.398727
0.317182
0.209769
0.0680842
0.633643
0.0217864
0.39295
0.00672471
0.00940454
0.0166381
0.644609
0.168472
0.208803
0.158767
0.00284419
0.0618331
0.0081148
0.19234
0.252572
0.0818629
0.111208
0.0953007
0.726649
0.0470335
0.492173
0.00269821
0.263985
0.671116
0.0342132
0.184381
0.309414
0.0070037
0.179706
0.523333
0.127909
0.706673
0.0525743
0.000259061
0.0937454
0.0462297
0.108292
0.148033
0.256204
0.0300222
0.346723
0.453165
0.399848
0.107826
0.0273968
0.313958
0.0640965
0.528545
0.166274
0.16826
0.00186165
0.276175
0.335296
0.0392419
0.147891
0.00337512
0.0117679
0.0536999
0.0852031
0.30098
0.264451
0.16404
0.0965386
0.33741
0.307973
0.55483
0.0894321
0.597431
0.23998
0.591549
0.688516
0.0105897
0.0302325
0.393596
0.646585
0.00973142
0.392324
0.594652
0.191181
0.00140955
0.305693
0.0803634
0.0657946
0.55872
0.115839
0.531483
0.38456
0.202013
0.446541
0.255471
0.0737085
0.09518
0.0430526
0.469429
0.00495306
0.0672868
0.266542
0.00524722
0.635063
0.602924
0.588816
0.0900595
0.416931
0.700879
0.00824491
0.278411
0.0343742
0.00044209
0.169878
0.0959907
0.0265947
0.404884
0.0257374
0.621549
0.325754
0.636371
0.218905
0.195008
0.22622
0.512952
0.0112651
0.506661
0.0795305
0.0153848
0.295613
0.511048
0.188497
0.0387343
0.00778357
0.53944
0.587736
0.272285
0.034018
0.455337
0.0979559
0.185711
0.000982339
0.40558
0.0774333
0.0367513
0.000979397
0.0935087
0.25258
0.00580317
0.254947
0.169958
0.0276856
0.0677429
4.40438e-05
0.284505
0.00223128
0.119796
0.0678316
0.0788731
0.0167702
0.528006
0.197033
0.107645
0.00134431
0.0724439
0.0366923
0.311473
0.161952
0.398342
0.0235276
0.023571
0.483704
0.0490378
0.624998
0.0203322
0.000996574
0.00777537
0.0373893
0.0247054
0.685265
0.00464008
0.276036
0.232155
0.814332
0.0943165
0.348442
0.265237
0.184334
0.578557
0.0049661
0.00537474
0.0460514
0.00138833
0.00599057
0.678103
0.028552
0.0869769
0.0258947
0.294848
0.248526
0.111802
0.0813734
0.639072
0.0839966
0.00826873
0.00155809
0.731039
0.149526
0.318635
0.00817562
0.0414611
0.508259
0.504472
0.421584
0.00687812
0.0067448
0.313357
0.0419629
0.569755
0.598573
0.162414
0.704056
0.631559
0.0131954
0.0898783
0.501492
0.287143
0.000699216
0.617709
0.351248
0.220663
0.212921
0.22268
0.177201
0.595032
0.255225
0.271756
0.624211
0.0649496
0.541488
0.000222117
0.0035804
0.0499263
0.0273804
0.155873
0.324755
0.140997
0.342065
0.248167
0.0368419
0.082931
0.206634
0.0627916
0.199504
0.58914
0.251467
0.0117889
0.337542
0.130081
0.021379
0.196655
0.28068
0.573884
0.766195
0.386003
0.189258
0.313437
0.248979
0.0679241
0.305241
0.437222
0.239772
0.0361532
0.0213262
0.212251
0.29992
0.0550257
0.265592
0.0827624
0.00131223
0.592569
0.0451432
0.0236026
0.306739
0.0542141
0.604417
0.389162
0.245994
0.558393
0.389279
0.000298443
0.209551
0.406434
0.175186
0.365232
0.0153869
0.274181
0.240189
0.162107
0.00047095
0.206863
0.548985
0.760787
0.00448164
0.278896
0.653917
0.00605461
0.00164797
0.00610803
0.128151
0.0564932
0.768766
0.337386
0.00118345
0.239691
0.080019
0.216289
0.036534
0.0445981
0.542558
0.541793
0.788314
0.0364228
0.000366977
0.0111115
0.0217687
0.562299
0.553178
0.473261
0.0734513
0.0514595
0.000164841
0.185249
0.65372
0.177896
0.41174
0.779768
0.000740382
0.581501
0.237331
0.034522
0.0123547
0.0157247
0.328428
0.114658
0.352186
0.0772081
0.000133522
0.699888
0.124627
0.476782
9.59623e-05
0.380376
0.0578723
0.00027048
0.00295012
0.613418
0.0289329
0.604059
0.170762
0.168445
0.565037
0.0247974
0.0338854
0.000242145
0.436743
0.316835
0.0507271
0.161121
0.180453
0.309854
0.0609332
0.00323458
0.103261
0.208054
0.0704706
0.0933554
0.0119413
0.0179498
0.00546318
0.0207608
0.628049
0.45848
0.69481
0.622986
0.469502
0.0117763
0.0120231
0.457486
0.000181014
0.367839
0.0192354
0.0863584
0.273946
0.296176
0.314186
0.724562
0.00433203
0.00144236
0.06311
0.0861669
0.0096751
0.0279401
0.716831
0.718602
0.0286058
0.309016
0.365664
0.314438
0.229884
0.0896731
0.073357
0.00530316
0.0033282
0.126707
0.00464419
0.159132
0.0747017
0.00556988
0.349647
0.11575
0.0575033
0.773614
0.0360531
0.140938
0.103413
0.0970768
0.338368
0.0142288
0.00674693
0.637164
0.258255
0.538521
0.567045
0.541861
0.41208
0.226108
0.741737
0.403001
0.561329
0.317528
0.00355784
0.455417
0.311454
0.0190881
0.607646
0.28014
0.257075
0.462271
0.0324428
0.0369333
0.459
0.531698
0.548151
0.0333884
0.81197
0.677425
0.494227
0.179675
0.0829282
0.00264632
0.0753181
0.034044
0.181133
0.000414844
0.00945118
0.000142469
0.0603618
0.138251
0.230371
0.210258
0.217598
0.00144127
0.676274
0.227824
0.244923
0.0236219
0.343081
0.19459
0.43477
0.00772153
0.801977
0.0201703
0.267328
0.59877
0.0112711
0.0519331
0.486913
0.339346
0.000414596
0.0387921
0.416873
0.071632
0.0592374
0.306465
0.174432
0.513538
0.00293761
0.049363
0.54775
0.520226
0.395067
0.0336934
0.390989
0.00271509
0.0359671
0.0159278
0.0113683
0.670911
0.496709
0.0119168
0.658847
0.072601
0.279781
0.0600557
0.594946
0.374627
0.565521
0.00486262
0.32888
0.310236
0.502488
0.243189
0.0303216
0.349127
0.335732
0.024952
0.241506
0.0992786
0.00416945
0.745923
0.570293
0.519164
0.465175
0.144944
0.326727
0.679944
0.323337
0.00328882
0.233238
0.0157153
0.349441
0.359267
0.00567602
0.50495
0.301313
0.000740872
0.47815
0.0202212
0.11698
0.00012465
0.0276976
0.285183
0.0126858
0.056628
0.0322812
0.326261
0.0913291
0.153836
0.31934
0.1856
0.00957196
0.00294312
0.550507
0.248278
0.195901
0.0997703
0.091589
0.00400333
0.0096036
0.51312
0.0851147
0.000367085
0.210394
0.122069
0.0183604
0.546348
0.29088
0.223507
0.29281
0.0043138
0.789669
0.00268116
0.302013
0.212875
0.4791
0.297466
0.00950786
0.252327
0.723417
0.0162043
0.000245352
0.0749213
0.233129
0.189807
0.0211144
0.233843
0.0121317
0.0345795
0.061422
0.156776
0.16414
0.00784801
0.400938
0.145087
0.0329955
0.201676
0.0254155
0.220715
0.303459
0.0220938
0.000317947
0.10731
0.0202918
0.00390277
0.203269
0.00385727
0.144787
0.630701
0.446663
0.00526497
0.0365721
0.00897685
0.033843
0.302732
0.562217
0.0467481
0.0404847
0.375695
0.480696
0.0510269
0.0992566
0.467083
0.000891042
0.529759
0.230131
0.00287234
0.0174561
0.0171696
0.453616
0.13648
0.0341753
0.251498
0.0375584
0.0185939
0.385628
0.0304847
0.0751253
0.231875
0.817611
0.304766
0.154162
0.700963
0.298403
0.0030881
0.251387
0.0195681
0.716646
0.0112543
0.505303
0.44102
0.0377405
0.0202385
0.616091
0.154982
0.116389
0.119551
0.0374837
0.00391334
0.231005
0.478542
0.557961
0.302646
0.709799
0.297925
0.00594614
0.0285155
0.00667748
0.094836
0.75749
0.0191997
0.110062
0.000343905
0.0247115
0.744395
0.407184
0.00051882
0.00192155
0.25085
0.719588
0.356595
0.186996
0.000552461
0.151905
0.000762234
0.000729134
0.226938
0.729491
0.227301
0.0659226
0.00803715
0.0136508
0.015714
0.430854
0.137302
0.220751
0.000829138
0.277729
0.193422
0.0236859
0.00631673
0.202756
0.671705
0.30006
0.587685
0.00904294
0.00186379
0.371307
0.0038989
0.0690847
0.331477
0.00598227
0.285491
0.0192805
0.00438187
0.0228749
0.185935
0.0661645
0.310387
0.284868
0.588767
0.643784
0.0724021
0.0137745
0.67078
0.0285404
0.0206533
0.301928
0.18315
0.258875
0.532931
0.528856
0.205014
0.120812
0.523403
0.0258202
0.366194
0.000545969
0.630913
0.302318
0.0159938
0.589968
0.0191638
0.347345
0.433984
0.0328477
0.0338382
0.121226
0.0491215
0.0471559
0.524038
0.00884291
0.562929
7.56122e-05
0.0026904
0.247669
0.00776446
0.0574796
0.507939
0.402108
0.0100355
0.533468
0.046131
0.139494
0.324508
0.356119
0.00404019
0.00931438
0.383343
0.0301661
0.0747756
0.566279
0.148648
0.316841
0.516243
0.112794
0.613055
0.00364361
0.000875167
0.0112533
0.212311
0.0592681
0.560378
0.000957099
0.00420841
0.0106366
0.334436
0.203286
0.710309
0.0514302
0.000223196
0.117065
0.0261693
0.225715
0.107673
0.010223
0.0731108
0.458422
0.505451
0.229665
0.137935
0.600319
0.0824163
0.0218247
0.55146
0.166314
0.0123749
0.345964
0.509976
0.738892
0.305929
0.22164
0.415536
0.821364
0.00022473
0.652462
0.0050141
0.138616
0.0402362
0.158291
0.024501
0.0249714
0.612388
0.315865
0.0208817
0.0116926
0.114634
0.22081
0.0117434
0.339122
0.491745
0.167589
0.069826
0.003029
0.0287203
0.0597958
0.52208
0.0890752
0.555572
0.166463
0.563416
0.396296
0.000951889
0.529994
0.0671441
0.0527124
0.539771
0.158071
0.402341
0.346695
0.545986
0.200379
0.0107015
0.374141
0.225155
0.0130209
0.0535089
0.0114999
0.0146673
0.141537
0.407264
0.000905249
0.00160109
0.0790424
0.790161
0.292851
0.0857415
0.056523
0.00720004
0.0878235
0.00126319
0.411702
0.167341
0.695727
0.627171
0.204377
0.116064
0.000910605
0.667013
0.40745
0.450228
0.230766
0.0838891
0.541839
0.73467
0.408962
0.0158325
0.000361575
0.0214289
0.257677
4.70452e-05
0.614405
0.495091
0.00254405
0.00955888
0.0283136
0.211354
0.33427
0.0221781
0.0879434
0.140216
0.383168
0.574914
0.16885
0.773343
0.204312
0.0209956
0.164763
0.798763
0.100172
0.59695
0.238395
0.0222974
0.175503
0.156142
0.264552
0.035525
0.00525561
0.183878
0.00129733
0.290311
0.00382343
0.355827
0.413883
0.26267
0.0762455
0.39645
0.00133144
0.475565
0.261568
0.162897
0.0478888
0.450869
3.15865e-05
0.0960524
0.637609
0.154532
0.514936
0.0293089
0.00445116
0.50487
0.272851
0.150118
0.399989
0.0562573
0.000118407
0.20349
0.0586626
0.0191161
0.16074
0.0241279
0.0889342
0.335041
0.0245181
0.391224
0.0067026
0.179435
0.0132857
0.064351
0.0148987
0.629752
0.279565
0.0637508
0.0162085
0.000503508
0.110978
0.00271851
0.204859
0.0121295
0.596542
0.316515
0.428259
0.00262396
0.00120193
0.309756
0.557181
0.00680991
0.410607
0.451533
0.284922
0.0542207
0.257696
0.430847
0.232724
0.105496
0.427451
0.111797
0.53495
0.326904
0.0444841
0.0221795
0.0707022
0.230309
0.0160107
0.782683
0.4374
0.0785338
0.782259
0.297321
0.249536
0.0488954
4.41888e-05
0.789408
0.346048
0.43732
0.064067
0.048718
0.146479
0.270196
0.436043
0.117807
0.612893
0.65418
0.615752
0.598934
0.0161341
0.0374637
0.162365
0.396758
0.0750443
0.0686595
0.741044
0.00538156
0.607183
0.013664
0.00531567
0.396064
0.20656
0.654937
0.000696217
0.261358
0.392122
0.119151
0.128959
0.000750777
0.209277
0.115511
0.208567
0.183384
0.414314
0.0195462
0.000955941
0.258719
0.191456
0.0354673
0.474384
0.0882542
0.174233
0.116778
0.00134631
0.112266
0.35383
0.00951168
0.391782
0.165804
0.272044
0.767352
0.0210176
0.681182
0.235993
0.365325
0.370577
6.56112e-05
0.495217
0.0744586
0.0636521
0.0287948
0.0623884
0.51026
0.692887
0.0168099
0.0162276
0.0365006
0.155113
0.708518
0.351528
0.149102
0.298604
0.718046
0.00599689
0.327562
0.00797839
0.15936
0.129066
0.445979
0.517779
0.256537
0.356768
0.00448188
2.98016e-05
0.000557083
0.458678
0.00412563
0.389076
0.495807
0.00227378
0.216984
0.510502
0.00289393
0.530977
0.39248
0.209275
0.11738
0.0138711
0.0261617
0.52355
0.0286469
0.363441
0.0127296
0.00734458
0.294779
0.606564
0.373547
0.0133766
0.443232
0.046931
0.329699
0.510289
0.418888
0.274166
0.473308
0.134529
0.49819
0.48764
0.0165497
0.11818
0.399195
0.00459
0.00695405
0.33048
0.390895
0.510555
0.0280132
0.00594295
0.276506
0.160808
0.31031
0.00182503
0.896039
0.770702
0.00359287
0.161512
0.0240297
0.0452879
0.00587879
0.13818
0.00827142
0.0745689
0.342528
0.133155
0.235864
0.0752828
0.176048
0.00971933
0.0191344
0.00268082
0.430089
0.205108
0.0819672
0.728396
0.655273
0.558302
0.369345
0.807333
0.194774
0.0867633
0.169842
0.682053
0.00275204
0.31684
0.0124588
0.00128292
0.245875
0.574845
0.0825907
0.00192838
0.402664
0.248318
0.691818
0.0159137
0.200051
0.0019486
0.00110525
0.52312
0.530218
0.356219
0.0497718
0.283579
0.0905204
0.54059
0.147744
0.344145
0.815865
0.215354
0.218476
0.014715
0.326943
0.408549
0.00599825
0.116373
0.096191
0.00160768
0.513018
0.00321582
0.509286
0.229361
0.682423
0.512677
0.0557435
0.0918411
0.60735
0.546851
0.0141572
0.267396
0.0319865
0.0198194
0.160642
0.291736
0.22321
0.174752
0.00815658
0.450227
0.00170718
0.122563
0.401875
0.400787
0.388203
0.0305439
0.518026
0.00489404
0.091603
0.00933572
0.000772307
0.000360429
0.623901
0.762574
0.00968624
0.0227047
0.098147
0.216007
0.169433
0.0725723
0.0197258
0.264695
0.371042
0.0590435
0.234936
0.205189
0.559616
0.157502
0.439447
0.299737
0.00420827
0.0415826
0.0270539
0.520399
0.358075
0.719789
0.838879
0.0453167
0.117537
0.601323
0.266694
0.187207
0.120825
0.256405
0.136417
0.57889
0.00247928
0.134745
0.572555
0.314015
0.0408202
0.516788
0.066604
0.20438
0.701601
0.0207072
0.00248625
0.0901151
0.00869774
0.0361725
0.39824
0.550597
0.0316864
0.292103
0.193729
0.00208291
0.0336914
0.575345
0.000194091
0.00131516
0.767638
0.00958802
0.184685
0.511247
0.526509
0.33275
0.581676
0.4383
0.223114
0.00753303
0.261074
0.424412
0.180943
0.00527762
0.463999
0.0213872
0.00364173
0.681553
0.533556
0.555433
0.139411
0.254184
0.0290073
0.0091223
0.0435852
0.708854
0.000366619
0.674941
0.455054
0.000948056
0.0876232
0.770931
0.391661
0.00253177
0.0706239
0.00674376
0.522818
0.280807
0.262337
0.737345
0.541154
0.517712
0.00586164
0.17955
0.0192771
0.292957
0.204942
0.0295114
0.604336
0.00788688
0.294445
0.426426
0.0023268
0.00864481
0.0997468
0.637939
0.318087
0.018489
0.356278
0.296315
0.087367
0.0209912
0.0292483
0.539268
0.627742
0.311255
0.0176325
0.313057
0.0328229
0.52841
0.203182
0.306273
0.0368501
0.317557
0.37669
0.228059
0.00290578
0.132528
0.0391075
0.00120827
0.226695
0.013409
0.328763
0.118703
0.510113
0.413458
0.318446
0.301634
0.0871659
0.000330183
0.0384917
0.549221
0.00110555
0.0583119
0.199694
0.673713
0.657938
0.194865
0.122629
0.293597
0.0375238
0.615062
0.420595
0.0758915
0.156977
0.14689
0.494947
0.00363594
0.701705
0.00443625
0.40178
0.0113588
0.194231
0.00101597
0.132634
0.000275924
0.668268
8.63476e-05
0.0113731
0.42121
0.00747556
0.287508
0.00469021
0.00807158
0.000956507
0.0196865
0.526867
0.154188
0.00365872
0.197404
0.103997
0.0571868
0.0136862
0.330897
0.623353
0.275871
0.102054
0.572766
0.022367
0.103943
0.00749501
0.125656
0.0382371
0.00157113
0.734322
0.256855
0.115982
0.368498
0.335041
0.000739513
0.240155
0.675497
0.101773
0.370327
0.462273
0.675274
0.211405
0.120406
0.298733
0.0939427
0.148813
0.151122
0.0340621
0.0386836
0.180864
0.240213
0.557989
0.0696557
0.13404
0.0748048
0.0593228
0.426247
0.65838
0.616678
0.25112
0.1749
6.46698e-05
0.655907
0.00926201
0.0281606
0.0276279
0.763478
0.0203233
0.811844
0.531335
0.130424
0.402198
0.0384695
0.331835
0.11199
0.00322843
0.351783
0.187708
0.182629
0.295662
0.140059
0.0127504
0.000432459
0.0659989
0.448763
0.0935825
0.524964
0.140834
0.0102349
0.313322
0.00939751
0.034696
0.334755
0.650019
0.490083
0.559332
0.163508
0.143858
0.022298
0.0950933
0.654986
0.328178
0.0314139
0.185434
0.65744
0.0234986
0.682411
0.503727
0.00812439
0.00548035
0.280794
0.234881
0.413078
0.567585
0.00391737
0.0558496
0.178135
0.461176
0.103536
0.513367
0.0214129
0.00462805
0.312056
0.130565
0.0519305
0.129675
0.237148
0.00818219
0.365934
0.313548
0.39012
0.331366
0.30062
0.377554
0.365962
0.08214
0.101713
0.399402
0.00395329
0.00367133
0.735362
0.227338
0.123343
0.0103371
0.211342
0.017166
0.305264
0.435534
0.48945
0.213987
0.438529
0.124305
0.0127544
0.460226
0.392039
0.00633276
0.607969
0.00472338
0.000908101
0.0393089
0.400888
0.280148
0.00439808
0.340627
0.606677
0.419148
0.421087
0.000892233
0.0726179
0.135624
0.000700875
0.236879
0.118071
0.363843
0.0926
0.39114
0.647602
0.00255204
0.259491
0.0438109
0.000503665
0.347011
0.00153674
0.123822
0.109281
0.00424119
0.719125
0.0673764
0.554955
0.170409
0.0771412
0.565398
0.117624
0.0719111
0.673888
0.655071
0.383705
0.106518
0.0945511
0.0217283
0.398512
0.460132
0.000170054
0.0207583
0.00784824
0.125154
0.0424982
0.000375389
0.167091
0.0108548
0.195904
0.219551
0.12806
0.120264
0.109641
0.0985782
0.487121
0.0693849
0.403328
0.00129221
0.622278
0.0623856
0.000830287
0.139973
0.208471
0.0407641
0.20425
0.634593
0.0104792
0.046245
0.0420036
0.19077
0.208006
0.0023355
0.0038339
0.393491
0.0109474
9.47694e-05
0.000123652
0.0311604
0.0839989
0.421821
0.00342464
0.0134961
0.355321
0.335805
0.411757
0.16779
0.235614
0.867865
0.110149
0.290033
0.101479
0.341917
0.0221031
0.240715
0.00635512
0.00160113
0.213851
0.100866
0.0276357
0.560607
0.285467
0.000209164
0.523701
0.0786832
0.250668
0.744033
0.028855
0.209238
0.0783975
0.303227
0.589277
0.504362
0.347154
0.355105
0.243974
0.35037
0.0110923
0.0920076
0.00387369
0.434433
0.339955
0.271722
0.00957474
0.0858916
0.00196792
0.122409
0.554671
0.187263
0.685657
0.113292
0.651318
0.00903075
0.0292333
0.466862
0.0733986
0.656255
0.00376268
0.741589
0.140074
0.544818
0.0661088
0.197534
0.0561222
0.000452238
0.00391338
0.637164
0.333079
0.100099
0.446013
0.401046
0.400867
0.344349
0.00125474
0.124322
0.0530438
0.413725
0.326765
0.0700754
0.00262542
0.62183
0.000834118
0.498716
0.021518
0.107293
0.0096584
0.641883
0.0972124
0.0273278
0.0961219
0.512921
0.0392057
0.0890196
0.780557
0.260804
0.072402
0.0111271
0.156952
0.646162
0.091536
0.0128036
0.0150965
0.519124
0.0745878
0.624797
0.0272667
0.02879
0.313174
0.0195239
0.00368392
0.00173658
0.259506
0.0064295
0.000127376
0.130316
0.661119
0.215109
0.00163226
0.316566
0.115675
0.248424
0.0063984
0.0581256
0.437832
0.383457
0.00473101
0.000109724
0.23783
0.018351
0.00221816
0.309682
0.0927565
0.0569236
0.00167372
0.0190695
0.0284275
0.0122885
0.633295
0.127023
0.384008
0.357183
0.542297
0.173919
0.103857
0.0255527
6.62011e-05
0.495521
0.00599254
0.045626
0.432284
0.187919
0.322024
0.779032
0.00203217
0.265738
0.336162
0.00159883
0.000481138
0.504575
0.821896
0.757912
0.447112
0.0309854
0.163967
0.668112
0.348007
0.0183283
0.68387
0.24659
0.42808
0.365315
0.00248763
0.377898
0.197293
0.314343
0.599997
0.402114
0.341457
0.383652
0.500363
0.0242951
0.00327151
0.607015
0.533011
0.300765
0.000663686
0.540657
0.0954098
0.0549015
0.443548
0.0924974
0.0197453
0.452557
0.16289
0.748114
0.879825
0.656478
0.841626
0.140102
0.688872
0.112504
0.495199
0.0105709
0.629331
0.363266
0.0519311
0.193171
0.0688692
0.00208329
0.204674
0.00158648
0.398254
0.00198083
0.782274
0.16021
0.440665
0.0911198
0.0264177
0.265909
0.273592
0.00346067
0.228471
0.584003
0.00201636
0.364279
0.0149992
0.00363759
0.406678
0.0818601
0.0118072
0.281981
0.244737
0.58006
0.0631177
0.0143282
2.32525e-05
0.510411
0.0356602
0.405146
0.0487918
0.487166
0.132029
0.388963
0.000204516
0.0705028
0.0887846
0.00171327
0.00256188
0.37108
0.00119013
0.00971247
0.511668
0.438378
0.745053
0.207935
0.647934
0.677083
0.617372
0.120934
0.189207
0.0879379
0.450019
0.475211
0.00777286
0.00379105
0.229152
0.051017
0.132594
0.420159
0.370787
0.211627
0.00995721
0.227497
0.775287
0.26336
0.0263065
0.507341
0.00116552
0.0122301
0.682245
0.528283
0.0660264
0.541423
0.142276
0.30207
0.00477612
0.441546
0.0351196
0.195004
0.305927
0.183351
0.0769816
0.508488
0.00132775
0.00840441
0.285102
0.0690542
0.485185
0.201046
0.434194
0.0024727
0.459251
0.181944
0.639902
0.0970509
0.133238
0.00468143
0.308156
0.065473
0.213049
0.438527
0.00336888
0.236856
0.0101825
0.552133
0.44258
0.307557
0.229926
0.0289378
0.357634
0.0120522
0.358377
0.348516
0.0160607
0.0379925
0.301807
0.00549631
0.00472285
0.0291635
0.261494
0.632184
0.414643
0.010869
0.196121
0.700555
0.548216
0.790085
0.460786
0.703985
0.00279856
0.181293
0.118074
0.63309
0.431034
0.000933296
0.270067
0.37742
0.204551
0.0553039
0.616628
0.207431
0.280391
0.0738314
0.581019
0.449037
0.000889926
0.00746776
0.573965
0.197739
0.00296487
0.0650314
0.0821436
0.00539378
0.302974
0.41188
0.58893
0.00452258
0.180169
0.0378936
0.244324
0.00700039
0.280663
0.127588
0.0997063
0.728423
0.00346127
0.0285456
0.0827355
0.218356
0.472878
0.011564
0.0116233
0.000295113
0.0396378
0.19708
0.141242
0.167238
0.00518756
0.015479
0.0466821
0.337153
0.271067
0.0232167
0.159962
0.239107
0.454404
0.00147903
0.583614
0.0380434
0.106882
0.091488
0.41864
0.0654089
0.000685166
0.489161
0.0887046
0.096504
0.000152303
0.0165324
0.240143
0.315243
0.492046
0.0749898
0.0334536
0.796696
0.234569
0.244067
0.210753
0.266384
0.0618088
0.385893
0.0829944
0.0882962
0.000920571
0.310478
0.000647082
0.0115117
0.590726
7.31187e-05
0.0860913
0.00947594
0.200157
0.00582284
0.500121
0.525555
0.097385
0.14033
0.0268283
0.0105027
0.0109308
0.573024
0.639926
0.486761
0.497341
0.021082
0.21054
0.0975109
0.179097
0.273422
0.00552935
0.314802
0.16635
0.205693
0.0559005
0.407751
0.0781447
0.0600875
0.275051
0.141914
0.326351
0.138981
0.404847
0.553217
0.216899
0.551825
0.0718557
0.00672105
0.840091
0.0266612
0.39237
0.00567632
0.620158
0.0235336
0.0208226
0.543545
0.353944
0.643652
0.386219
0.327544
0.0291736
0.387361
0.0361679
0.0058689
0.0111547
0.177151
0.0301206
0.283145
0.0470227
0.00943632
0.081752
0.217027
0.147181
0.140014
0.541794
0.464668
0.309063
0.303795
0.0566615
0.313525
0.0198439
0.0597962
0.00504091
0.376576
0.00937184
0.00211645
0.306349
0.0134796
0.0355464
0.0716213
0.37979
0.0264672
0.0437663
0.00527794
0.420359
0.0837226
0.00862412
0.354721
0.141043
0.016513
0.0354943
0.484682
0.343565
0.529378
0.590062
0.114267
0.00593632
0.0242465
0.245742
0.433537
0.510752
0.229573
0.00497976
0.0687315
0.733777
0.300377
0.00993199
0.38357
0.65801
0.0318565
0.00535176
0.143431
0.00511931
0.0644976
0.205253
0.668853
0.0315346
0.014596
0.440305
0.33945
0.322289
0.0262911
0.328868
0.39284
0.0823714
0.362924
0.547215
0.443021
0.00121725
0.020865
0.0767171
0.0201544
0.261327
0.00164323
0.0951432
0.623774
0.261535
0.693341
0.0187166
0.734683
0.0040425
0.0690031
0.0113118
0.086513
0.682832
0.176065
0.446034
0.22927
0.0425176
0.012632
0.00276635
0.0143468
0.46371
0.0364342
0.326642
0.0374343
0.0351243
0.340649
0.0253966
0.0863766
0.00826436
0.254366
0.0233567
0.676275
0.484969
0.333644
0.727154
0.489331
0.644631
0.478263
0.257644
0.00242246
0.554931
0.587506
0.10004
0.0304727
0.38915
0.412741
0.0536812
0.462808
0.286749
0.0858955
0.101286
0.486042
0.0766497
0.504421
0.00864068
0.465794
0.240214
0.421404
0.763278
0.0648887
0.328948
0.0270876
0.310158
0.107115
0.656762
0.520669
0.660703
0.00629995
0.711274
0.124053
0.2456
0.198603
0.446427
0.00657307
0.0306785
0.122031
0.240457
0.0269921
0.603326
0.0268778
0.321548
0.049834
0.0035707
0.435597
0.000174801
0.807929
0.0894137
0.269779
0.189883
0.365054
0.016568
0.119095
0.0147488
0.00288264
0.525048
0.504961
0.0318976
0.0179799
0.354416
0.30595
0.618961
0.130559
0.0935745
0.102711
0.173722
0.010144
0.290417
0.47241
0.510766
0.176092
0.377269
0.192339
0.169985
0.0742648
0.562067
0.00126145
0.000333637
0.046901
0.0543469
0.522861
0.000740843
0.0647211
0.366841
0.55795
0.243941
0.0199177
0.0557329
0.462452
0.540048
0.0422558
0.287878
0.0340342
0.140994
0.0666517
0.000322201
0.0128369
0.252041
0.10719
0.525819
0.000370507
0.055227
0.59996
0.319201
0.625137
0.134574
0.185014
0.119865
0.669987
0.00750954
0.048725
0.00629136
0.418718
0.133904
0.0203242
0.699776
0.0178066
0.13119
0.562364
0.0889187
0.0319403
0.126007
0.279332
0.374158
0.551667
0.593576
0.0103982
0.510423
0.0664039
0.00162223
0.261431
0.151673
0.528014
0.0494919
0.0160883
0.286609
0.3936
0.20063
0.0372903
0.685629
0.56816
0.831419
0.251099
0.0358896
0.00298254
0.695942
0.290742
0.186885
0.00160425
0.361263
0.504656
0.000950444
0.190924
0.0151149
0.0688245
0.0716352
0.0106627
0.424216
0.00473037
0.0323258
0.493979
0.459561
0.356413
0.582362
0.602252
0.0272875
0.000510407
0.27951
0.636311
0.33099
0.0443666
0.00145054
0.287462
0.680481
0.363066
0.0279661
0.00434863
0.000483204
4.99386e-05
0.0631161
0.123408
0.0561706
0.268841
0.0248593
0.0126183
0.101569
0.000632913
0.288101
0.226135
0.340303
0.0248391
0.020401
0.0502367
0.787007
0.0609952
0.0254299
0.458448
0.388799
0.00873982
0.14716
0.0384049
0.0203465
0.16741
0.474
0.0711576
0.233188
0.250862
0.324964
0.26272
0.0901154
0.667522
0.0445539
0.0363289
0.129389
0.000990063
0.00912851
0.138247
0.0821447
0.136425
0.0346937
0.31696
0.624004
9.65959e-06
0.144925
0.11764
0.0136282
0.413704
0.0241468
0.589032
0.0341947
0.0545564
0.00304171
0.0143103
0.00529651
0.00321118
0.269583
0.652801
0.598058
0.492787
0.375492
0.718468
0.500741
0.612668
0.255623
0.344831
0.339239
0.000217795
0.00748888
0.0101829
0.0576337
0.154329
0.533961
0.737585
0.714781
0.000703987
0.00470571
0.459532
0.118224
0.00421161
0.0517861
0.335387
0.000416461
0.0846105
0.672635
0.00872699
0.241682
0.0443173
0.0727784
0.0695066
0.697181
0.0203258
0.21001
0.376279
0.396758
0.00852283
0.044893
0.111638
0.0183381
0.336854
0.0203592
0.0173907
0.0556721
0.310848
0.249825
0.570259
0.021469
0.00325952
0.119624
0.107451
0.203109
0.315033
0.492823
0.297939
0.147702
0.386309
0.388527
0.0155265
0.323241
0.242969
0.0205688
0.00395376
0.0736991
0.270028
0.224161
0.00573348
0.235225
0.417116
0.0290068
0.0431146
0.0308761
0.00480261
0.375487
0.0228013
0.0507954
0.487335
0.165133
0.0656992
0.221749
0.111658
0.00546183
0.00217842
0.162684
0.00753003
0.00168886
0.0394499
0.571151
0.0194023
0.0440454
0.0016026
0.681861
0.358841
0.0226354
0.169182
0.12193
0.186575
0.00746656
0.0619894
0.589079
0.160246
0.540569
0.00128283
0.523347
0.0192875
0.559726
0.143694
0.00189765
0.406886
0.678036
0.119752
0.132991
0.10646
0.838802
0.0279632
0.00592076
0.380982
0.282841
0.0948381
0.0807095
0.439209
0.47219
0.363047
0.476224
0.0150815
0.0596374
0.0499269
0.426367
0.312278
0.0831599
0.00680056
0.0190566
0.329128
0.015251
0.0953706
0.186176
0.389718
0.334546
0.248593
0.630252
0.0722958
0.243575
0.529525
0.000988895
0.0403166
0.0557713
0.00661932
0.00385574
0.284515
0.538409
0.0613377
0.159366
0.0196234
0.41675
0.634562
0.00195095
0.00230535
0.2555
0.00541054
0.601322
0.248217
0.315729
0.219922
0.0679138
0.0857598
0.345423
0.0509879
0.212118
0.692548
0.00142736
0.000464747
0.353039
0.446397
0.105278
0.264452
0.473847
0.389995
0.508201
0.0175853
0.0293156
0.000111123
0.0606044
0.359611
0.0290933
0.0325382
0.0030351
0.0638958
0.114856
0.00722738
0.291186
0.00122363
0.0461401
0.320164
0.00189714
0.390283
0.20139
0.118934
0.220807
0.0054947
0.182051
0.149436
0.010424
0.225258
0.00221326
0.0763693
0.263842
0.455154
0.0197933
0.0317989
0.0286996
0.723507
0.274961
0.617796
0.131741
0.0455214
0.000227587
0.39272
0.320862
0.06426
0.50378
0.00235355
0.0208027
0.745656
0.375839
0.00478933
0.325036
0.191988
0.0734228
0.133049
0.238551
0.176807
0.034317
0.348881
0.0115878
0.00256194
0.0219857
0.00112327
0.0022603
0.0335996
0.135588
0.523538
0.091468
0.0204225
0.124557
0.0516432
0.00179242
0.551194
0.315779
0.0218676
0.41125
0.316004
0.0334772
0.387449
0.437277
0.00774869
0.00498513
0.00101318
0.287125
0.0002887
0.00109402
0.300391
0.223192
0.000725765
0.234888
0.193025
0.0192379
0.590726
0.278069
0.245029
0.175548
0.424466
0.230327
0.358619
0.0785941
0.000398777
0.576206
0.0307714
0.309542
0.472358
0.566308
8.41813e-05
0.0120968
0.13838
0.436003
0.422947
0.0851456
0.00176175
0.483434
0.331245
0.697776
0.0224109
0.430035
0.198838
0.505396
0.00033784
0.178354
0.375449
0.0506706
0.221757
0.00343842
0.122919
0.740048
0.0611785
0.652652
0.0581397
0.349458
0.741538
0.0224525
0.393973
0.497029
0.142157
0.661155
0.32272
0.00161816
0.495932
0.718672
0.00304452
0.775881
0.0370062
0.00661641
0.00655965
0.300802
0.502058
0.113481
0.264945
0.00899585
0.00997581
0.122632
0.377834
0.122231
0.00224978
0.302218
0.0243736
0.609444
0.124519
0.122607
0.424474
0.598146
0.00354536
0.0488755
0.0155028
0.0119746
0.00306457
0.00331919
0.0119635
0.267913
0.319669
0.132047
0.0685903
0.0222536
0.00762241
0.0441873
0.0111746
0.00153094
0.417314
0.338295
0.151233
0.323833
0.00418334
0.736375
0.298748
0.0102339
0.249465
0.000900808
0.0547868
0.00956593
0.0177427
0.0201708
0.662285
0.482415
0.649198
0.0258638
0.00760237
0.0167651
0.0144501
0.0247343
0.0572878
0.460498
0.620579
0.0323584
0.0334928
0.0119293
0.0505244
0.40921
0.245966
0.634019
0.0688341
0.157345
0.230528
0.111212
0.123978
0.000770314
0.00480042
0.602768
0.406256
0.1454
0.00716881
0.00232306
0.00487411
0.15534
0.828355
0.244388
0.375847
0.0020066
0.0642691
0.194206
0.268378
0.00629916
0.0233058
0.0711055
0.600807
0.525808
0.654875
0.51758
0.0747276
0.00126534
0.113619
0.0373454
0.408159
0.00118909
0.00217784
0.112594
0.116241
0.466696
0.110815
0.506405
0.00222586
0.000225039
0.0030426
0.172967
0.0635277
0.040333
0.0731776
0.0537479
0.247534
0.00348121
0.0306548
0.35619
0.700818
0.0475509
0.65342
0.109877
0.367928
0.502221
0.603773
0.0534247
0.00610674
0.0307058
0.640806
0.476426
0.15672
0.201685
0.36791
0.21188
0.426668
0.194152
0.000855667
0.000359398
0.00101205
0.579169
0.018908
0.0246229
0.0161114
0.0142719
0.429752
0.518557
0.0219659
0.282623
0.00743388
0.111379
0.338583
0.0439264
0.481983
0.123307
0.0655793
0.0343554
0.186931
0.568447
0.365852
0.683111
0.0111297
0.109205
0.00664979
0.399569
0.0277508
0.262504
0.0750482
0.112252
0.638766
0.177812
0.00221376
5.88642e-05
0.824847
0.462349
0.00343371
0.335501
0.0396499
0.484805
0.0161133
0.00183938
0.00522637
0.624127
0.465961
0.106197
0.0171273
0.584545
0.6166
0.175069
0.0411109
0.0915949
0.186409
0.0413187
0.0324257
0.00206822
0.292687
0.324466
0.0702492
0.0568669
0.111922
0.0289977
0.00477516
0.483614
0.491493
0.63201
0.00478219
0.547949
0.0750493
0.528438
0.31824
0.329539
0.661893
0.0785366
0.200716
0.0332691
0.00237425
0.421283
0.0242417
0.0100169
0.624253
0.452547
0.265902
0.101323
0.0789623
0.0805919
0.457412
0.0435701
0.0436999
0.471806
0.425789
0.444859
0.618697
0.0229433
0.768891
0.454607
0.321736
0.234947
0.00618399
0.601867
0.184824
0.0287084
0.0124003
0.568354
0.0310286
0.289974
0.597006
0.504221
0.0321418
0.739839
0.169547
0.246317
0.0712885
0.00241542
0.237188
0.440788
0.500876
0.481453
0.559384
0.0185035
0.245506
0.458171
0.592319
0.20782
0.14665
0.475839
0.414902
0.0214379
0.260486
0.43007
0.549858
0.0751779
0.229507
0.429955
0.12959
0.00596603
0.0316937
0.496685
0.0264493
0.370999
0.338449
0.0299787
0.0670383
0.436988
0.45024
0.129912
0.00235427
0.511605
0.0892516
0.639485
0.747463
0.0142046
0.439814
0.43901
0.251585
0.000444641
0.363691
0.307638
0.353753
0.392423
0.123077
0.580953
0.334449
0.0425209
0.0320652
0.202452
0.552866
0.0264047
0.376717
0.0167835
0.211048
0.227623
0.596444
0.00850318
0.658127
0.00797533
0.733998
0.000483335
0.536302
0.0169954
0.0329745
0.346043
0.0410679
0.373515
0.003872
0.0334479
0.317583
0.425173
0.11664
0.0353473
0.520732
0.0601562
0.00545325
0.0108635
0.142314
0.00607941
0.524914
0.146705
0.168037
0.423078
0.0110335
0.000147629
0.0428535
0.0793997
0.477698
0.506934
0.00847244
7.08712e-05
0.331246
0.149051
0.00796778
0.230734
0.0787212
0.255486
0.055576
0.000412619
0.00593399
0.0228594
0.0650907
0.163304
0.124941
0.0225827
0.2792
0.817779
0.0123927
0.306257
0.374195
0.0555806
0.144042
0.193109
0.212357
0.371882
0.0189305
0.00548491
0.173457
0.296738
0.549192
0.415147
0.0581175
0.327547
0.345118
0.186788
0.0708517
0.558589
0.426072
0.0731049
0.0384197
0.11915
0.00168916
0.695975
0.0181923
0.511201
0.0681052
0.37793
0.381818
0.000639956
0.194461
0.000353095
0.000361426
0.23586
0.179789
0.216883
0.576862
0.00137273
0.142879
0.0453878
0.713245
0.00030597
0.149168
0.286245
0.160024
0.00397278
0.00750442
0.47431
0.603059
0.0635699
0.512574
0.0843703
0.13315
0.31999
0.00840382
0.002059
0.127733
0.145475
0.65202
0.252023
0.00278177
0.00859358
0.429965
0.27743
0.0216089
0.481595
0.80254
0.563514
0.775206
0.172239
0.0561977
0.493711
0.218055
0.00756279
0.417267
0.180822
0.255366
0.0243403
0.635907
0.00146154
0.193499
0.05419
0.148091
0.540103
0.0426546
0.0343397
0.000253589
0.000614443
0.177859
0.0407734
0.000602531
0.000286884
0.0303643
0.2275
0.529687
0.0599866
0.0135366
0.144296
0.215104
0.0770567
0.00310397
0.287169
0.0869547
0.0439121
0.823969
4.09728e-05
0.0856029
0.318602
0.24416
0.283879
0.112
0.0635661
0.266185
0.143256
0.0308133
0.116174
0.591798
0.437405
0.00167785
0.295762
0.0205366
0.0618372
0.0806843
0.434854
0.00965019
0.0454228
0.498146
0.00601314
0.0282312
0.154714
0.359866
0.00158762
0.652811
0.193746
0.138825
0.0834052
0.190216
0.256557
0.118514
0.752947
0.0174848
0.627848
0.00362412
0.407374
0.233684
0.00221412
0.298304
0.309161
0.230443
0.0163092
0.673654
0.633132
0.410626
0.000791356
0.271471
0.00482885
0.22747
0.024103
0.00865113
0.00115981
0.296797
0.00619929
0.282054
0.300459
0.0196751
0.217111
0.000398621
0.427796
0.297989
0.00179771
0.183926
0.0200773
0.0179459
0.0170735
0.00520553
0.000154623
0.0450533
0.00914841
0.0628687
0.515462
0.604841
0.0186912
0.650685
0.381003
0.0261605
0.355487
0.463366
0.00163308
0.387182
0.322125
0.0527143
0.452362
0.0649894
0.0405569
0.137371
0.0251409
0.0724058
0.0077975
0.449874
0.00286839
0.00426148
0.386244
0.263543
0.0820901
0.000539901
0.249028
0.103393
0.52428
0.00084885
0.0512465
0.138074
0.0877632
0.494895
0.0129973
0.0482758
0.453719
0.00451405
0.315709
0.045179
0.0345247
0.385161
0.440959
0.306924
0.00290002
0.504123
0.458748
0.459831
0.0894762
0.278912
0.0460353
0.00418717
0.0509827
0.0420331
0.00940703
0.303941
0.728001
0.0225769
0.192667
0.027802
0.740436
0.301781
0.187597
0.413549
0.0564274
0.826584
0.0378693
0.0105795
0.301018
0.111868
0.327287
0.332626
0.278385
0.0300266
0.272528
0.450691
0.0841903
0.554634
0.0538324
0.00844518
0.234141
0.315078
0.450817
0.000679902
0.037796
0.726675
0.166748
0.0142396
0.00625096
0.00446792
0.022789
0.298788
0.00174485
0.121756
0.404685
0.203875
0.378041
0.121939
0.0205848
0.0240733
0.00105575
0.335514
0.324737
0.623197
0.765304
0.0346699
0.755699
0.0047957
0.0649437
0.267623
0.00258444
0.168463
0.397845
0.0976834
0.14806
0.216799
0.0200515
0.0249889
0.134624
0.560737
0.642083
0.365339
0.593497
0.476652
0.461661
0.669543
0.170769
0.19095
0.029262
0.351333
0.140216
0.0118055
0.827688
0.000210717
0.360727
0.558453
0.373116
0.469323
0.00691076
0.00118334
0.000356043
0.0724219
0.212242
0.242852
0.125312
0.625849
0.0580914
0.20692
0.483932
0.0110109
0.580781
0.133898
0.671974
0.0438737
0.0230545
0.112114
0.160004
0.395955
0.00238545
0.0417533
0.0147459
0.111011
0.24685
0.0258043
0.146677
0.0825174
0.0694747
0.115454
0.527955
0.541198
0.808725
0.0554829
0.28925
0.519725
0.0160646
0.0500105
0.597345
0.12917
0.00124312
0.841624
0.372173
0.0228545
0.175989
0.146207
0.0862967
0.403745
0.0693296
0.348284
0.0393184
0.0892809
0.0633651
0.547022
0.658407
0.00076795
0.00757871
0.585353
0.419265
0.0851143
0.193281
0.622703
0.130064
0.167426
0.0667682
0.0244678
0.133974
0.0221357
0.247302
0.440185
0.161212
0.420906
0.826841
0.303765
0.00585127
0.749152
0.545873
0.0243164
0.333582
0.00248434
0.0797178
0.08369
0.606315
0.0283979
0.0242229
0.467688
0.353006
0.612916
0.0373478
0.727106
0.106038
0.351667
0.098885
0.0359554
0.19631
0.0145054
0.0296982
0.505343
0.31858
0.876662
0.547993
0.0405414
0.322544
0.404205
0.587714
0.324638
0.0782453
0.511919
0.0332665
0.0835179
0.131922
0.0204162
0.0491156
0.838204
0.289964
0.00517915
0.275071
0.537648
0.131818
0.442665
0.721105
0.131861
0.0241689
0.118518
0.345632
0.00674242
0.0274969
0.492989
0.168624
0.320511
0.38261
0.505023
0.0427311
0.00678608
0.0160633
0.696076
0.00655718
0.0153736
0.00452504
0.00142065
0.151182
0.015703
0.603369
0.00325726
8.60147e-05
0.768324
0.158849
0.483411
0.055362
0.148584
0.10281
0.142267
0.630633
0.0304329
0.0619479
0.745007
0.447209
0.281288
0.00251185
0.0785798
0.158489
0.0291131
0.143902
0.592341
0.377129
0.0502067
0.0816288
0.624296
0.0546099
0.115975
0.0802236
0.03003
0.0779771
0.633116
0.244781
0.063408
0.00692665
0.643253
0.601839
0.252378
0.251463
0.268485
0.0238636
0.398203
0.640248
0.71535
0.749245
0.0646815
0.599058
0.00761716
0.258469
0.0197332
0.356968
0.325092
0.583422
0.633081
0.399225
0.00683988
0.877201
0.667249
0.425834
0.342674
0.212156
0.229592
0.315067
0.306603
0.22993
0.455818
0.491945
0.151961
0.0137846
0.350163
0.717288
0.508264
0.493241
0.2834
0.661135
0.0457635
0.0256406
0.352477
0.307231
0.134419
0.065166
0.435359
0.00256417
0.419996
0.143582
0.000140981
0.488711
0.0066503
0.321044
0.102411
0.0922232
0.514764
0.281349
0.612531
0.683255
0.0703238
0.444571
0.139755
0.179794
0.436291
0.438513
0.00980994
0.00202351
0.0611241
0.00141788
0.210305
0.145815
0.0112235
0.0329681
0.05258
0.376967
0.141602
0.0136784
0.083518
0.00168571
0.0458217
0.0667193
0.545795
0.0639049
0.0228986
0.753061
0.140832
0.0206431
0.00525875
0.0540421
0.362475
0.0542894
0.341813
0.243745
0.00385415
0.431241
0.416924
0.450049
0.338132
0.0583796
0.0171243
0.498388
0.119332
0.562032
0.579342
0.397687
0.00727036
0.670166
0.00415633
0.0401714
0.0457201
0.501409
0.0316192
0.54958
0.176834
0.122325
0.516569
0.0116225
0.0252503
0.0171713
0.0271675
0.59379
0.585263
0.00438431
0.00206997
0.217042
0.206692
0.203601
0.513153
0.206756
0.0311178
0.0192669
0.137251
0.233286
0.457842
0.676892
0.0109614
0.45709
0.442999
0.00116268
0.00372541
0.235089
0.402631
0.0400313
0.523259
0.0175637
0.122133
0.00188747
0.770679
0.0014031
0.189399
0.531173
0.27311
0.11348
0.596157
0.0161599
0.004849
0.0525981
0.365823
0.309487
0.00201992
0.0385311
0.398286
0.28008
0.487427
0.0348359
0.475161
0.458703
0.304014
0.251544
0.212422
0.0348667
0.0102753
0.234827
0.0672147
0.200349
0.669846
0.0652274
0.536418
0.0184035
0.0296225
0.489455
0.408505
0.0106468
0.0334352
0.333371
0.465939
0.0759178
0.609209
0.202777
0.495418
0.518259
0.0835864
0.374538
0.340924
0.292516
0.131893
0.197968
0.234654
0.0537135
0.25093
0.753845
0.293098
0.106762
0.300871
0.226243
0.0300139
0.0397829
0.0464006
0.301717
0.0180158
0.418796
0.614694
0.399029
0.0406497
0.0418258
0.409131
0.140391
0.0074774
0.0530931
0.260213
0.0674421
0.68731
0.584044
0.162162
0.206038
0.132878
0.00863601
0.494657
0.282872
0.0385978
0.296316
0.0667085
0.0219557
0.553146
0.402637
0.0112912
0.226242
0.0719268
0.173358
0.0221735
0.543833
0.00397595
0.335933
0.0017823
0.11378
0.0339606
0.0150477
0.477385
0.493469
0.239044
0.00429882
0.661307
0.0014943
0.311844
0.00527975
0.0435558
0.297769
0.319074
0.408375
0.0319364
0.0789974
0.312884
0.00871345
0.00370426
0.343311
0.457328
0.242951
0.0135552
0.0993402
0.672321
0.11021
0.00494529
0.00258304
0.258321
0.000228504
0.0449702
0.525103
0.167736
0.745593
0.393556
0.000336349
0.73362
0.425754
0.247046
0.377468
0.07611
0.409555
0.435347
0.00188802
0.345259
0.460808
0.591174
0.38013
0.000807347
0.0133198
0.0207671
0.148136
0.0470017
0.0425225
0.180995
0.396359
0.0230712
0.158202
0.0508746
0.481656
0.404408
0.206165
0.00106772
0.0142517
0.45622
0.344975
0.158406
0.289268
0.37889
0.0592701
0.204682
0.249089
0.00316219
0.0818574
0.598585
0.49762
0.210609
0.231244
0.0194095
0.0585682
0.00227127
0.0273702
0.599477
0.0451715
0.622327
0.352505
0.430518
0.142854
0.393254
0.00208612
0.0547218
0.0174244
0.0596431
0.215854
0.320764
0.229884
0.618387
0.0135274
0.562112
0.0241708
0.175901
0.118254
0.0198466
0.277449
0.0051958
0.00418181
0.0450814
0.430909
0.65823
0.15107
0.510065
0.192689
0.53988
0.161034
0.0148865
0.581106
0.267203
0.430968
0.11811
0.026163
0.00112236
0.0043703
0.832321
0.00280868
0.0103179
0.71944
0.455161
0.495615
0.0657002
0.837264
0.33051
0.160154
0.55928
0.249319
0.0915779
0.461555
0.221701
0.0852846
0.321511
0.00901625
0.477336
0.12589
0.0973018
0.218735
0.00466671
0.153339
0.00228122
0.198444
0.0473811
0.503437
0.209125
0.143152
0.00500553
0.191377
0.041688
0.471116
0.442827
0.100442
0.398999
0.512609
0.721194
0.00747875
0.0134204
0.25419
0.318862
0.0052316
0.2475
0.00520885
0.197279
0.343461
0.103678
0.236239
0.110736
0.0979471
0.0157868
0.543428
0.0197086
0.149776
0.464997
0.03172
0.0367412
0.486812
8.72383e-05
0.201958
0.0259357
0.624192
0.000858667
0.677327
0.511719
0.63525
0.0106519
0.507797
0.0132062
0.0450505
0.0229766
0.431233
0.0332251
0.00282022
0.530053
0.159241
0.00318381
0.0154571
0.0349566
0.15875
0.643655
0.0113818
0.202581
0.320359
0.449201
0.104894
0.788305
0.00297894
0.565862
0.0831816
0.280096
0.0565382
0.187304
0.605233
0.609417
0.0393798
0.34968
0.27149
0.091421
0.4062
0.468024
0.174057
0.387248
0.31235
0.475282
0.0437095
0.0704362
0.055715
0.575201
0.172286
0.542804
0.268165
0.461437
0.847162
0.0350356
0.308855
0.339556
0.00590946
0.0531932
0.273244
0.0603191
0.0831433
0.000328184
0.628139
0.588803
0.272922
0.00186556
0.144783
0.117001
0.0829332
0.0737308
0.237606
0.26971
0.390049
0.65628
0.481179
0.390313
0.0315691
0.261554
0.0364407
0.0296133
0.355485
0.00109699
0.146008
0.175099
0.0473371
0.00838932
0.0609212
0.36112
0.00299986
0.595414
0.00190522
0.347454
0.00322831
0.673128
0.120278
0.0261324
0.0394731
0.0304398
0.174251
0.00200545
0.0293979
0.384897
0.503881
0.030811
0.108218
0.152008
0.140549
0.408921
0.0621125
0.223265
0.68238
0.31624
0.285337
0.000591631
0.281861
0.407942
0.000337534
0.166574
0.337977
0.00211998
0.175079
0.0135201
0.245298
0.677585
0.123146
0.683804
0.261487
0.0562636
0.0389931
0.269882
0.417138
0.456039
0.211477
0.0619217
0.358252
0.458491
0.190329
0.0917247
0.577088
0.00445424
0.270225
0.0228355
0.230379
0.0315477
0.420198
0.518423
0.0986951
0.235749
0.554607
0.322749
0.0433708
0.00248407
0.0346986
0.0509059
0.0171774
0.335171
0.149417
0.00656582
0.00128202
0.0518721
0.0120011
0.0158928
0.110873
0.000143186
0.424137
0.00112472
0.241238
0.493919
0.2001
0.0603414
0.00363846
0.00331516
0.298859
0.00080477
0.322349
0.307651
0.43558
0.0392097
0.00589427
0.383148
0.734669
0.0119111
0.0987417
0.443408
0.111244
0.308456
0.0313592
0.814864
0.303898
0.237987
0.644303
0.101412
0.268969
0.164118
0.125747
0.337
0.173691
0.358665
0.270752
0.287042
0.00119738
0.266209
0.649407
0.00402506
0.176364
0.386138
0.274528
0.476013
0.466438
0.430584
0.607672
0.0204952
0.487646
0.401143
0.849942
0.644167
0.0135757
0.228038
0.466045
0.530044
0.0674222
0.0569017
0.135141
0.390716
0.474125
0.0828489
0.765451
0.0820136
0.840792
0.300358
0.424909
0.508762
0.372291
0.195454
0.0274999
0.142129
0.0654391
0.0462941
0.00457858
0.0219379
0.00970047
0.431799
0.496959
0.111192
0.018697
0.165953
0.189118
0.604933
0.472429
0.26914
0.0968221
0.00424442
0.078928
0.0994615
0.174551
0.381177
0.0278138
0.358915
0.00517214
0.0113079
0.0928735
0.0666381
0.650905
0.556968
0.611758
0.601067
0.527567
0.656724
0.0263061
0.124956
0.000733221
0.475947
0.100979
0.0898643
0.170548
0.294486
0.364902
0.432885
0.0781293
0.623067
0.110642
0.476584
0.187702
0.407235
0.0234872
0.0388386
0.315842
0.0214353
0.00569249
0.491262
0.107597
0.00166698
0.0245545
0.844244
0.557873
0.0163724
0.209849
0.0323735
0.0546338
0.0639617
0.53769
0.605128
0.467934
0.600724
0.108217
0.339996
0.00198525
0.0363342
0.202599
0.00658085
0.392312
0.00376267
0.452843
0.0399059
0.11172
0.309358
0.136612
0.483997
0.560811
0.102288
0.263657
0.152372
0.102475
0.549232
0.269836
0.231678
0.305863
0.15669
0.000200371
0.0807672
0.01383
0.151928
0.337381
0.292248
0.141596
0.0455191
0.6778
0.163242
0.172434
0.194332
0.00386435
0.168016
0.000954938
0.0663254
0.00983391
0.0131941
0.244395
0.00808998
0.635813
0.306155
0.603051
0.0657928
0.529944
0.43751
0.653567
0.0516064
0.145555
0.0188994
0.0437231
0.00264863
9.72843e-05
0.43063
0.495113
0.0226495
0.00457204
0.0616961
0.148737
0.0045285
0.0217731
0.419389
0.0441378
0.120719
0.762669
0.000788799
0.387879
0.0534655
0.00760572
0.247567
0.394988
0.446758
0.769877
0.0115039
0.000155662
0.129183
0.564497
0.333374
6.64779e-06
0.679574
0.0593486
0.341046
0.242007
0.0727158
0.486993
0.149289
0.308033
0.0469947
0.0387996
0.062362
0.00956682
0.282223
0.0130794
0.610026
0.552614
0.410355
0.551871
0.367711
0.0859428
0.795107
0.24266
0.295898
0.278876
0.22019
0.00163588
0.0166021
0.461425
0.458319
0.338127
0.236973
0.697786
0.472061
0.0807621
0.532747
0.318013
0.0480595
0.409781
0.0783994
0.00862915
0.00474396
0.283471
0.0296186
0.276397
0.297799
0.0749789
0.330781
0.558026
0.0689771
0.12422
0.161479
0.00420566
0.0211082
0.00766638
0.000104165
6.33617e-05
0.636041
0.335635
1.70775e-05
0.0637176
0.3357
0.305936
0.498658
0.326361
0.00317029
0.00335737
0.702455
0.101221
0.544864
0.509717
0.189022
0.620316
0.0915214
0.0443124
0.570848
0.150102
0.199375
0.330776
0.0739809
0.0922752
0.218757
0.3428
0.61341
0.457316
0.00832258
0.460202
0.174903
0.161929
0.210328
0.854886
0.0773991
0.52037
0.00623604
0.0507961
0.0215991
0.210517
0.242874
0.0231188
0.0790869
0.328831
0.15601
0.179855
0.020925
0.239689
0.0593628
0.0772949
0.110014
0.162018
0.606737
0.0537829
5.81512e-05
0.0234082
0.00386959
0.000478128
0.360413
0.103612
0.0137607
0.600032
0.135826
0.144182
0.0686685
0.0164229
0.594177
0.00869982
0.223569
0.00429983
0.0224934
0.497014
0.370358
0.00625877
0.780854
0.341276
0.298421
0.702622
0.0637391
0.0380096
0.384886
0.301714
0.564562
0.495014
0.78782
0.601624
0.642445
0.304921
0.494544
0.0342904
0.00369662
0.0711114
0.656379
0.203658
0.393792
0.497399
0.116139
0.00714394
0.0485063
0.000785974
0.0279436
0.369612
0.0546274
0.200804
0.235833
0.0372454
0.00538198
0.509349
0.748562
0.00526986
0.693433
0.633247
0.739215
0.708241
0.716891
0.507649
0.462778
0.396296
0.330571
0.374754
0.0611176
0.165168
0.0155147
0.00170238
0.273606
0.253302
0.00345911
0.219476
0.66315
0.0971405
0.334546
0.0630599
0.00196639
0.312599
0.078491
0.55366
0.00577385
0.0195726
0.0959309
0.0535076
0.395543
0.111418
0.000773803
0.00127082
0.445813
0.474467
0.0906759
0.431559
0.000354058
0.0098119
0.216014
0.235225
0.689976
0.0408891
0.345601
0.00507739
0.379553
0.000114351
0.00410545
0.0402612
0.554329
0.00100868
0.235193
0.555917
0.59963
0.0569657
0.148457
0.0403899
0.625852
0.0956824
0.211434
0.0644243
0.00345686
0.00378783
0.0459029
0.323704
0.0437028
0.439255
0.340357
0.020874
0.0136118
0.50395
0.360555
0.00208553
0.749081
0.426437
0.0794271
0.511242
0.0255315
0.0852714
0.0532995
0.12992
0.242451
0.6348
0.00558422
0.445826
0.00497008
0.061624
0.243944
0.0146606
0.535058
0.572866
0.378363
0.43815
0.0944354
0.122099
0.00412884
0.195109
0.113305
0.00719697
0.252567
0.518858
0.0816982
0.093957
0.492263
0.045498
0.0302025
0.207549
0.0273062
0.0587709
0.297051
0.625253
0.483793
0.663616
0.00316587
0.0794452
0.388226
0.133435
0.316982
0.000404784
0.552395
0.0580391
0.286255
0.0744418
0.0442716
0.27495
0.029858
0.16422
0.0531013
0.190972
0.0934047
0.00959528
0.0502718
0.172662
0.137889
0.0136036
0.00301066
0.00918186
0.416713
0.651755
0.374269
0.0310159
0.145023
0.0687642
0.0087362
0.545228
0.023078
0.249716
0.0571746
0.0107052
0.00111273
0.440647
0.128098
0.000382268
0.0623737
0.480348
0.0449289
0.263337
0.0196783
0.135624
0.715119
0.0672615
0.253721
0.0257423
0.00413536
0.00194336
0.742315
0.0305994
0.0267268
0.370634
0.130848
0.0913689
0.40005
0.00606757
0.478519
0.0563479
0.108806
0.000153962
0.0882067
0.278799
0.0384721
0.129544
0.0909124
0.00627412
0.544915
0.352522
0.00247051
0.0314561
0.00280846
0.326764
0.0103586
0.0568135
0.123981
0.404649
0.489808
0.169947
0.0347569
0.316683
0.00809596
0.257289
0.140239
0.586062
0.000806245
0.000293143
0.706698
0.0817865
0.317407
0.45791
0.0453665
0.0819512
0.433172
0.260858
0.0603807
0.118683
0.0269645
0.121227
0.0046194
0.00913398
0.336272
0.0230974
0.597325
0.109867
0.470848
0.519367
0.38834
0.321194
0.496826
0.560545
0.586693
0.0919589
0.000678964
0.00620326
0.272322
0.569512
0.226478
0.0422871
0.425262
0.175211
0.710078
0.206224
0.230996
0.456072
0.229272
0.00431496
0.0137001
0.0888843
0.673025
0.0394918
0.0529336
0.070461
0.000295034
0.0395152
0.34888
0.218817
0.404258
0.121083
0.00374274
0.122037
0.038824
0.37517
0.0719548
0.0669781
0.549367
0.413079
0.271339
0.311848
0.01353
0.00695665
0.544635
0.295578
0.0523404
0.0983117
0.234389
0.0768454
0.271033
0.0034574
0.310851
0.301989
0.359679
0.0442681
0.57093
0.203572
0.316692
0.432075
0.635302
0.0417341
0.755427
0.107107
0.257165
0.00524495
0.0179394
0.100325
0.448951
0.0863623
0.438521
0.0193011
0.209642
0.439004
0.0373444
0.00332895
0.476607
0.473741
0.0926437
0.0240612
0.196145
0.32603
0.857808
0.152867
0.000244735
0.228092
0.0860905
0.101162
0.0199334
0.019626
0.228187
0.389656
0.0306826
0.2314
0.115097
0.0683591
0.617497
0.77305
0.292299
0.00995301
0.0074979
0.0553994
0.331623
0.00634982
0.275538
0.00676327
0.487154
0.493199
0.244537
0.32835
0.33884
0.0935905
0.71005
0.273621
0.373482
0.268294
0.681732
0.216722
0.200893
0.0543544
0.0903467
0.154526
0.0986155
0.528912
0.00114922
0.0300303
0.883958
0.0127681
0.0822408
0.295398
0.566989
0.273052
0.352079
0.18394
0.034877
0.243651
0.0844101
0.0267043
0.22639
0.508272
0.0460486
0.352873
0.0161053
0.354235
0.376376
0.272132
0.0534525
0.135513
0.683039
0.339829
0.000306569
0.467559
0.112333
0.486677
0.52735
0.136998
0.0364051
0.0485592
0.211798
0.745071
0.346096
0.265693
0.0100564
0.0466547
0.0275263
0.308585
0.0154083
0.324681
0.0171101
0.280932
0.203437
0.00201266
0.051695
0.0121435
0.300178
0.298261
0.0619146
0.0495606
0.560523
0.133474
0.487217
0.00255832
0.368695
0.296653
0.0264858
0.522725
0.164839
0.152818
0.0205894
0.365383
0.461437
0.0502118
0.354025
0.170705
0.0410463
0.00211988
0.703438
0.522957
0.00172058
0.00717304
0.339138
0.00388567
0.00878821
0.0930201
0.317292
0.330938
0.213526
0.538662
0.000400061
0.311176
0.436929
0.444397
0.25883
0.307654
0.61738
0.447343
0.0345291
0.413404
0.00389958
0.0456032
0.459145
0.233992
0.707039
0.320034
0.172413
0.229404
0.00619952
0.00782871
0.357711
0.0173764
0.416385
0.0726555
0.249102
0.102185
0.00287645
0.211532
0.314144
0.0202123
0.00550961
0.242682
0.0565595
0.605363
0.269133
0.547436
0.444024
0.245446
0.0395205
0.385108
0.0286742
0.0715593
0.350524
0.104572
0.0476981
0.452895
0.0852386
0.202822
0.163329
0.248003
0.0874842
0.324559
0.0730022
0.0745239
0.580553
0.502538
0.0225154
0.0674901
0.0293463
0.0877988
0.0572207
0.344574
0.155807
0.295762
0.77085
0.0551695
0.0344038
0.140623
0.00170033
0.181658
0.411148
0.133861
0.247764
0.276386
0.30644
0.201499
0.0310504
0.415096
0.547918
0.372015
0.0134998
0.48834
0.0352528
0.454495
0.257201
0.224952
0.488406
0.516236
0.144036
0.635041
0.0462477
0.0293666
0.0333229
0.0382407
0.356757
0.251907
0.381251
0.0526915
0.345252
0.00692648
0.00741868
0.395208
0.324944
0.208547
0.0597619
0.682449
0.361679
0.0406496
0.36353
0.00911302
0.157429
0.538503
0.166458
0.628546
0.207106
0.285759
0.00297627
0.341248
0.391559
0.0905476
0.062238
0.457664
0.00793392
0.591063
0.00518341
0.0174684
0.0038517
0.41678
0.0763385
0.432074
0.43177
0.0771293
0.0391844
0.00149631
0.679032
0.0767575
0.0174989
0.789374
0.030695
0.00319275
0.715963
0.0262416
0.0166561
0.0258173
0.0763651
0.510354
0.134352
0.251116
0.161265
0.265192
0.00410346
0.000680531
0.0469822
0.342765
0.354543
0.0194363
0.48395
0.00345634
0.38495
0.0049432
0.0543012
0.341078
0.0192564
0.308419
0.704498
0.00798506
0.0257592
0.389684
0.0107973
0.457449
0.514928
0.589465
0.475824
0.140436
0.0113443
0.0180802
0.364144
0.182795
0.00305817
0.398998
0.324651
0.285048
0.614886
0.22731
0.0200395
0.39108
0.168622
0.441797
0.000284331
0.425152
0.644994
0.292778
0.024339
0.017086
0.50767
0.141959
0.0108229
0.00706526
0.472036
0.0393006
0.519778
0.103947
0.00712289
0.736366
0.422157
0.00357383
0.0222497
0.372607
0.594019
0.000331818
0.0433631
0.0303886
0.135946
0.0270578
0.00799129
0.0107939
0.26463
0.0646681
0.00267449
0.0139468
0.220898
0.0689924
0.36808
0.129073
0.0075025
0.296306
0.00559468
0.133426
0.0845048
0.369287
0.471592
0.0358078
0.380232
0.0433253
0.0182191
0.342933
0.0481787
0.0982338
0.0187977
0.0118959
0.0724594
0.726655
0.0237355
0.356609
0.0585932
0.178967
0.00934142
0.526695
0.00991908
0.315391
0.598911
0.148817
0.00286197
0.704247
0.000584829
0.0104048
0.387456
0.648385
0.117567
0.251978
0.51105
0.494576
0.501482
0.304293
0.533572
0.452464
0.0140182
0.311963
0.236966
0.687401
0.318216
0.0276318
0.174301
0.55313
0.599029
0.272076
0.382225
0.826741
0.341962
0.43696
0.694485
0.255281
0.277817
0.135737
0.342789
0.430561
0.0163909
0.278244
0.190077
0.748236
0.0681702
0.363394
0.00312345
0.369046
0.00894511
0.768548
0.31856
0.0475906
0.0686619
0.00414358
0.317101
0.0867226
0.0807868
0.0677271
0.315752
0.370425
0.315674
0.743585
0.360545
0.797752
0.0991402
0.269834
0.350446
0.0364879
0.020531
0.0261444
0.102845
0.393963
0.00947351
0.00310338
0.73146
0.264741
0.244707
0.394388
0.743399
0.536381
0.214925
0.0652891
0.576142
0.00597975
0.0619169
0.0370948
0.644422
0.0359646
0.61996
0.501025
0.138499
0.0464337
0.176456
0.146811
0.016975
0.730539
0.0705616
0.0226861
0.816816
0.104052
0.58521
0.00137578
0.0575341
0.683122
0.347308
0.170326
0.299859
0.268311
0.0576667
0.0810344
0.24665
0.607268
0.448746
0.425549
0.464044
0.479098
0.688674
0.00996462
0.000452057
0.185702
0.797666
0.327886
0.0250495
0.195569
0.536371
0.212528
0.106939
0.499227
0.118474
0.0311511
0.402233
0.739309
0.697849
0.00219437
0.169368
0.660683
0.0318398
0.321401
0.69659
0.342349
0.243662
0.18771
0.312609
0.240119
0.111003
0.141618
0.0937037
0.62965
0.589191
0.0425696
0.596685
0.286443
0.0290481
0.0150996
0.637638
0.350597
0.485965
0.139956
0.0200101
0.676786
0.0172693
0.0178104
0.496574
0.0341941
0.418501
0.369604
0.156597
0.470858
0.00682557
0.216793
0.0180826
0.108881
0.0795013
0.17927
0.0322767
0.0282992
0.35318
0.414501
0.282403
0.267922
0.111344
0.161546
0.00653038
0.417008
0.0956841
0.149554
0.0193304
0.0713094
0.264431
0.0858958
0.0769057
0.0984432
0.0933575
0.0293283
0.232792
0.0955728
0.0474585
0.0506655
0.511552
0.608493
0.022501
0.199643
0.809033
0.492714
0.308347
0.00110908
0.629235
0.0305459
0.34687
0.00472187
0.0777833
0.014462
0.214335
0.154554
0.00684349
0.00780257
0.363874
0.562889
0.466106
0.00827705
0.000209823
0.280121
0.00223948
0.282481
0.608249
0.14404
0.135118
0.196062
0.152305
0.0466435
0.198002
0.00473481
0.18927
0.0174282
0.0654411
0.0389207
0.548719
0.152796
0.0514826
0.107288
0.0376277
5.53685e-05
0.633671
0.355772
0.348377
0.467503
0.167068
0.235228
0.0213855
0.563088
0.00167254
0.328806
0.603214
0.0882897
0.038502
0.158779
0.00305806
0.0667788
0.0436788
0.313586
0.00704859
0.0487875
0.472083
0.0107704
0.208686
0.250593
0.523577
0.574377
0.0583086
0.685366
0.0804789
0.0864889
0.145907
0.0640511
0.0741669
0.0818239
0.00979409
0.0463381
0.337466
0.663504
0.000509897
0.358104
0.374243
0.0123832
0.00178862
0.00118503
0.399697
0.165085
0.764888
0.436019
0.433438
0.127822
0.0254563
0.022493
0.752712
0.814145
0.677699
0.0156503
0.0489859
0.0344488
0.240158
0.00623316
0.338668
0.28398
0.104646
0.378819
0.000598202
0.284218
0.384747
0.529716
0.247008
0.503069
0.601493
0.0531234
0.426012
0.216333
0.231856
0.0353406
0.00142844
0.0453659
0.000645976
0.0396376
0.110437
0.410312
0.365175
0.0185299
0.0185957
0.264794
0.00139798
0.00148452
0.169216
0.353619
0.168383
0.131192
0.0133744
0.414084
0.103885
0.108099
0.156372
0.437755
0.0803202
0.0452227
0.015843
0.674129
0.305057
0.710353
0.369396
0.0536749
0.763032
0.0125762
0.340693
0.0387875
0.00289012
0.128148
0.343524
0.00204354
0.0148649
0.552956
0.0396453
0.530243
0.0141248
0.0138925
0.143401
0.721335
0.412989
0.502106
0.0798381
0.0817784
0.354248
0.208184
0.133173
0.0409909
0.261447
0.0789077
0.465342
0.63508
0.0324748
0.00603871
0.0016174
0.450632
0.43806
0.129871
0.331107
0.108479
0.083724
0.287456
0.747585
0.0263445
0.00980581
0.303638
0.704621
0.329209
0.0769545
0.324475
0.00344605
0.472284
0.000843046
0.443047
0.298204
0.122238
0.184662
0.00430136
0.303208
0.326334
0.605364
0.109918
0.164725
0.0216458
0.287055
0.00347351
0.792489
0.0898611
0.0387308
0.0766284
0.0665342
0.321626
0.0370739
0.453063
0.01669
0.380914
0.603191
0.206478
0.20814
0.228209
0.621977
0.427131
0.534072
0.326326
0.605438
0.452696
0.17381
0.139348
0.022336
0.458091
0.0152825
0.00229958
0.163552
0.286534
0.0230029
0.159277
0.124932
0.0924493
0.411954
0.0382922
0.00107642
0.565124
0.228253
0.2415
0.0543592
0.452794
0.091506
0.198785
0.0927466
0.0128389
0.440704
0.0114311
0.740097
0.0613845
0.00143705
0.100029
0.240912
0.0302728
0.399715
0.0261208
0.00470118
0.0532423
0.355836
0.00501022
0.610463
0.0023314
0.0960936
0.00261407
0.377325
0.0776507
0.212881
0.382407
0.382302
0.127764
0.0279995
0.12311
0.678467
0.0547574
0.222882
0.197768
0.0419352
0.477431
0.356755
0.00434664
0.0461379
0.0444753
0.108768
0.18122
0.0811954
0.0288263
0.0740973
0.161687
0.267778
0.00488337
0.133211
0.0121673
0.0353411
0.0456568
0.0536385
0.423835
0.081488
0.495098
0.643031
0.0334911
0.177315
0.185174
0.0649231
0.114493
0.00919426
0.447521
0.305135
0.00765146
0.00546245
0.00182465
0.541983
0.282862
0.033226
0.0012039
0.683923
0.0635214
0.133108
0.00191977
0.0678667
0.040072
0.0693141
0.350633
0.265367
0.0580246
0.627845
0.00274704
0.0177486
0.0521378
0.327965
0.805819
0.015088
0.32243
0.187332
0.458747
0.0791924
0.0181835
0.201278
0.073325
0.44485
0.00152245
0.5273
0.162752
0.00555796
0.411788
0.0610327
0.142865
0.0114244
0.293601
0.0549508
0.475498
0.016631
0.447794
0.202198
0.308772
0.586077
0.292402
0.387388
0.191413
0.118236
0.00470863
0.291237
0.319763
0.546949
0.00369349
0.565413
0.706996
0.27329
0.151444
0.72096
0.497766
0.694424
0.104161
0.0923585
0.438754
0.642553
0.271819
0.333121
0.106755
0.00103592
0.0201628
0.000127592
0.173085
0.0119002
0.708205
0.370448
0.271961
0.000389306
0.00773664
0.000900354
0.142311
0.226814
0.237767
0.0750864
0.572386
0.331584
0.0222391
0.47904
0.706602
0.24958
0.0935867
0.782993
0.204758
0.00962979
0.820313
0.013757
0.204447
0.0132251
0.278773
0.0215097
0.173987
0.614152
0.0879224
0.42391
0.0021724
0.0614101
0.253525
0.215489
0.094088
0.00782529
0.314484
0.000580394
0.00545657
0.00314338
0.0332967
0.00353744
0.693979
0.418694
0.0256212
0.0356335
0.20912
0.322322
0.307582
0.126552
0.000289249
0.0813704
0.0910915
0.422673
0.0357304
0.000947485
0.00473547
0.300027
0.0126133
0.0301902
0.553426
0.00494527
0.457897
0.279377
0.300178
0.00635239
0.0993447
0.248686
0.415422
0.208048
0.202108
0.0373721
0.00938138
0.613457
0.0879358
0.250641
0.0530043
0.00665844
0.164009
0.39725
0.814827
0.088318
0.276782
0.000993972
0.471117
0.0152303
0.136335
0.0287296
0.440967
0.562006
0.311995
0.249101
0.0129053
0.00464965
0.0759337
0.675954
0.000180543
0.0635377
0.51542
0.00198779
0.481029
0.0324014
0.544301
0.0929652
0.0998756
0.0233512
0.00472928
0.662974
0.684203
0.0273237
0.532019
0.0637943
0.0751251
0.368258
0.0181987
0.0819806
0.398652
0.08644
0.000468837
0.0683071
0.138371
0.0286541
0.573207
0.13681
0.344375
0.405224
0.0175324
0.467935
0.472521
0.165415
0.213968
0.11204
0.630761
0.650681
0.000420936
0.00612365
0.0273333
0.0513737
0.321333
0.171122
0.144434
0.00758203
0.52683
0.0952614
0.462148
0.331967
0.00189086
0.000424472
0.021303
0.333659
0.287558
0.0825793
0.0612571
0.310142
0.125494
0.0292228
0.000153965
0.684545
0.385462
0.59283
0.17352
0.308003
0.374305
0.00493605
0.0229482
0.133983
0.267331
0.253783
0.062419
0.246265
0.0860352
0.46666
0.0356523
0.219909
0.0944501
0.0797828
0.545686
0.64448
0.0221477
0.28427
0.590481
0.181228
0.688415
0.256675
0.0154268
0.0391952
0.0988522
0.0994204
0.315495
0.0451853
0.433739
0.788694
0.00745354
0.0186717
0.325393
0.253796
0.275892
0.0865485
0.28265
0.548623
0.0188629
0.111686
0.00830583
0.567482
0.143572
0.0354778
0.0011879
0.0226371
0.0796147
0.060284
0.107031
0.37798
0.562164
0.000839748
0.0254985
0.486044
0.271328
0.0234654
0.000441508
0.395561
0.0045335
0.0223529
0.0259709
0.00370579
0.00464416
0.309815
0.350288
0.139647
0.443969
0.0091142
0.00751434
0.353021
0.0105713
0.466233
0.260351
0.0242763
0.00253128
0.398392
0.544164
0.533173
0.086297
0.285364
0.109659
0.00567205
0.351668
0.422946
0.598576
0.133055
0.020182
9.57663e-05
0.0151934
0.46457
0.00321707
0.0818682
0.0626566
0.439269
0.293186
0.644586
0.0983752
0.120672
0.141997
0.0259538
0.000992642
0.0634961
0.162429
0.00272908
0.00670648
0.0655897
0.712597
0.000343868
0.0577977
0.0051435
0.000824879
0.0162574
0.00149344
0.0126914
0.314966
0.0356156
0.0722357
0.32374
0.543548
0.0162555
0.621919
0.199693
0.539438
0.107922
0.000497904
0.2446
0.466464
0.0261351
0.664667
0.305738
0.00329821
0.634676
0.650245
0.00102103
0.00080411
0.292155
0.0236243
0.109195
0.0170796
0.197926
0.00317375
0.00316418
0.0743283
0.689458
0.485642
0.402309
0.0023595
0.0125556
0.00080044
0.271285
0.192377
0.0561854
0.118405
0.48035
0.0682791
0.180062
0.651626
0.000932838
0.100274
0.620445
0.213525
0.0042656
0.0694667
0.349191
0.0239817
0.457339
0.156598
0.0134153
0.00433469
0.233992
0.0679911
0.00206696
0.254687
0.0273521
0.011174
0.28389
0.0160123
0.00434235
0.33234
0.00161152
0.382763
0.0215626
0.144062
0.00104998
0.00455606
0.309761
0.00332829
0.69993
0.339888
0.586085
0.12941
0.000785235
0.246973
0.664705
0.667756
0.0159896
0.257142
0.0316656
0.0310882
0.265869
0.490762
0.170085
0.0190409
0.540868
0.366027
0.000840593
0.248635
0.402818
0.131426
0.355537
0.060434
0.559574
0.242547
0.0621369
0.101522
0.0512599
0.249924
0.00147587
0.196606
0.0196385
0.0364703
0.0153706
0.69516
0.0500385
0.697433
0.507105
0.0222721
0.0244247
0.0432688
0.401567
0.227717
0.527811
0.21074
0.206804
0.128544
0.126403
0.214562
0.099742
0.399714
0.740944
0.417036
0.000189927
0.128309
0.0970909
0.0150836
0.0526933
0.00109056
0.0108556
0.336427
0.00591643
0.583231
0.269448
0.764352
5.9407e-05
0.0165336
0.337448
0.13799
0.367458
0.303807
0.0975715
0.106226
0.363329
0.741789
0.0297199
0.255456
0.0383953
0.595194
0.19097
0.0168942
0.00756401
0.615946
0.162664
0.0303993
0.17604
0.145042
0.072782
0.719678
0.0773705
0.0134847
0.0490737
0.139326
0.000206272
0.158093
0.0182281
0.547532
3.1569e-06
0.562448
0.23368
0.133604
0.0156093
0.48703
0.00791621
0.00815305
0.418009
0.323145
8.97073e-05
0.580882
0.00135201
0.0103832
0.0451828
0.0103497
0.0147133
0.503314
0.212888
0.0705264
0.604114
0.221322
0.251602
0.157517
0.233677
0.0870943
0.0333827
0.16141
0.0399104
0.439972
0.573316
0.0298196
0.150151
0.318081
0.310139
0.0294793
0.475587
0.749061
0.0696697
0.115914
0.703232
0.208639
0.261692
0.331681
0.352242
0.731936
0.0163388
0.187915
0.367616
0.126012
0.0917739
0.218367
0.0344338
0.190467
0.321919
0.496294
0.623824
0.733699
0.000776437
0.433235
0.00385599
0.00105909
0.00776639
0.045411
0.432437
0.551559
0.333411
0.109811
0.00757737
0.123645
0.0657383
0.0975485
0.00280928
0.362723
0.0107785
0.00270393
0.624696
0.102887
0.295606
0.00261045
0.47675
0.0319946
0.527989
0.520513
0.22363
0.566586
0.703511
0.0370672
0.00580491
0.00142945
0.0790252
0.597728
0.00891343
0.247457
0.427561
0.0219205
0.354629
0.00591656
0.168231
0.0128905
0.279041
0.00689763
0.54575
0.505745
0.201709
0.0865049
0.00407675
0.630039
0.00820942
0.320539
0.243753
0.0224959
0.0725137
0.309447
0.299162
0.111432
0.000666575
0.507312
0.061014
0.0262754
0.0409269
0.015534
0.58498
0.109193
0.00468243
0.0101104
0.228442
0.463262
0.315127
0.011834
0.648769
0.792095
0.0775214
0.421176
0.253304
0.111386
0.129268
0.00458859
0.364728
0.394882
0.174143
0.0583611
0.0505569
0.303307
0.30233
0.0014456
0.45765
0.206753
0.145274
0.281467
0.149345
0.64328
0.0790588
0.142126
0.338059
0.378462
0.0164539
0.134196
0.0802544
0.235556
0.0873892
0.00568532
0.0270802
0.00392837
0.0105029
0.719881
0.000202993
0.317933
0.616
0.171098
0.590676
0.3063
0.225847
0.0122542
0.662129
0.0775406
0.056722
0.0220739
0.00886207
0.099885
0.0931357
0.258894
0.746297
0.0169653
0.000176946
0.0480431
0.502241
0.016534
0.0841102
0.00636092
0.393152
0.00775749
0.0897984
0.416699
0.170905
0.476223
0.322656
0.0348759
0.184003
0.0135824
0.000351205
0.347151
0.871039
0.513857
0.334305
0.016921
0.36018
0.00951173
0.410481
0.014001
0.460827
0.501371
0.00732235
0.000474798
0.0694913
0.0970004
0.545824
0.217123
0.00126694
0.0725432
0.068862
0.0134055
0.151089
0.168473
0.428889
0.00334628
0.215127
0.569769
0.155928
0.0924442
0.000358547
0.174829
0.00911818
0.107685
0.111231
0.349448
0.180247
0.0105385
0.0445751
0.555859
0.00210351
0.01689
0.36989
0.580712
0.0814781
0.157514
0.452678
0.365062
0.123369
0.0214013
0.559011
0.0209699
0.653117
0.160925
0.259843
0.105447
0.000475277
0.0674256
0.217499
0.568242
0.502881
0.343394
0.342726
0.319237
0.544604
0.0758349
0.146864
0.0200845
0.0218308
0.437847
0.0489316
0.0300919
0.070059
0.0142177
0.000522091
0.00184069
0.00139997
0.651333
0.107976
0.0119497
0.606304
0.0022257
3.92492e-05
0.000380678
0.0448313
0.477661
0.0082338
0.0287992
0.00179178
0.0400885
0.485763
0.00238965
0.127384
0.49436
0.0123901
0.356424
0.218505
0.434948
0.29934
0.197079
0.133572
0.389275
0.282979
0.00189678
0.198617
0.259571
0.0508114
0.153566
0.0416205
0.0643734
0.00772071
0.0516638
0.0120234
0.13409
0.264602
0.409815
0.0366378
0.229688
0.0377364
0.00180928
0.700512
0.287508
0.330086
0.703485
0.746613
0.289277
0.58366
0.00748256
0.120129
0.184669
0.103568
0.00343243
0.0664052
0.142874
0.00104547
0.0184555
0.404733
0.00251669
0.00556549
0.00431601
0.149629
0.000561263
0.282057
0.465059
0.888081
0.0036894
0.345695
0.00260515
0.484749
0.267942
0.825202
0.147574
0.0047165
0.65863
0.0374998
0.63526
0.194946
0.306729
0.504506
0.000167664
0.867021
0.0612123
0.0832164
0.00284165
0.0269408
0.39591
0.32025
0.0980883
0.295398
0.307529
0.0968367
0.000732726
0.348706
0.131804
0.0258934
0.0293696
0.276719
0.0702174
0.689153
0.0422046
0.00746212
0.28729
0.639009
0.119076
0.0175661
0.680299
0.699705
0.0656946
0.00984601
0.0369095
0.405164
0.71103
0.639396
0.386112
0.026041
0.0999154
0.349362
0.00729435
0.497781
0.514504
0.498806
0.361001
0.0557082
0.256162
0.141705
0.263732
0.0132107
0.563072
0.234671
0.0160816
0.716224
0.0036891
0.00155606
0.289581
0.347048
0.70691
0.533885
0.622673
0.000200844
0.201613
0.427351
0.0324357
0.652037
0.0716047
0.584162
0.435627
0.139277
0.256365
0.467455
0.485643
0.150988
0.000524998
0.461491
0.463284
0.573293
0.0362549
0.0984362
0.199652
0.693139
0.04993
0.592795
0.563596
0.418936
0.078343
0.286397
0.632283
0.388576
0.357602
0.433725
0.406889
0.177797
0.315725
0.0247641
0.000614303
0.00154875
0.411862
0.281445
0.787321
0.045778
0.338792
0.206093
0.097628
0.503747
0.00500795
0.465721
0.688984
0.384074
0.094036
0.357374
0.152327
0.394984
0.0528716
0.347196
0.354157
0.270102
0.412114
0.594283
0.0135756
0.522051
0.000214925
0.00570206
0.260633
0.00826467
0.222115
0.0442882
0.363587
0.547919
0.521022
0.616733
0.0166271
0.00678734
0.0659431
0.00248732
0.108186
0.377766
0.153496
0.791057
0.00350882
0.0232306
0.0185082
0.475845
0.00152909
0.385299
6.81079e-05
0.0302716
0.598755
0.050502
0.441168
0.390818
0.471905
0.690392
0.302483
0.0217913
0.273437
0.0407831
0.0338955
0.0441472
0.00116259
0.45863
0.00611233
0.363091
0.387904
0.477948
0.608625
0.285312
0.56525
0.0465888
0.010095
0.388245
0.569782
0.0961964
0.000625117
0.328641
0.116964
0.358667
0.000861236
0.274935
0.324829
0.0138306
0.00771312
0.234113
0.336537
0.0389957
0.481223
0.0827682
0.331527
0.364573
0.0340902
0.247361
0.269615
0.00067759
0.248015
0.613762
0.00180104
0.00882082
0.127039
0.0711346
0.674504
0.00487258
0.523645
0.24619
0.0343838
0.0543123
0.0203562
0.255389
0.000689867
0.0100481
0.346114
0.371358
0.152268
0.21823
0.102665
0.441237
0.518566
0.794163
0.878357
0.280368
0.65437
0.537414
0.0500089
0.493172
0.5112
0.119072
0.0247523
0.0245387
0.36654
0.673505
0.467634
0.139004
0.284202
0.20667
0.0684227
0.0161135
0.594855
0.124729
0.388607
0.0117508
0.46472
0.0843697
0.0476118
0.785177
0.0115474
0.421529
0.265692
0.749139
0.127383
0.0211669
0.0646703
0.814738
0.0491345
0.233671
0.449264
0.574147
0.130288
0.26534
0.632966
0.294649
0.218436
0.826411
0.0170125
0.0102162
0.116189
0.157896
0.00967456
0.298699
0.0649262
0.00707907
0.102375
0.168601
0.023109
0.00618311
0.259876
0.257078
0.0343629
0.000750855
0.274774
0.0258824
0.00479152
0.538449
0.00816287
0.238847
0.068435
0.676789
0.0474412
0.0151132
0.50653
2.08944e-05
0.0554705
0.294086
0.642371
0.373879
0.269348
0.117688
0.512444
0.0322309
0.011509
0.456895
0.048689
0.0116509
0.324768
0.36617
0.0139782
0.538718
0.268709
0.0530096
0.286068
0.627702
0.0202122
0.00893063
0.293867
0.337829
0.147756
0.717498
0.147726
0.285507
0.31481
0.0986244
0.678185
0.0965505
0.00564096
0.354103
0.179296
0.583457
0.0231114
0.361613
0.00127106
0.759883
0.76083
0.338907
0.0455306
0.486818
0.000176449
0.0244204
0.326621
0.111851
0.0499739
0.119463
0.467854
0.321187
0.00217946
0.74969
0.22239
0.374389
0.0611514
0.292526
0.206702
0.028351
0.0116451
0.0716695
0.0637457
0.373285
0.00174369
0.00559021
0.383251
0.416556
0.0135941
0.0227076
0.0478479
0.0293854
0.307686
0.267336
0.444008
0.447491
0.163146
0.516981
0.422433
0.380528
0.00673824
0.529607
0.0677213
0.473943
0.0633662
0.128134
0.00447953
0.317015
0.13547
0.0181677
0.312284
0.0559649
0.0171428
0.392069
0.160308
0.496258
0.261788
0.664091
0.0748166
0.125252
0.00338268
0.250678
0.201673
0.83296
0.00154362
0.572143
0.660919
0.403379
0.349327
0.844206
0.0443851
0.604421
0.0550876
0.133118
0.220587
0.182654
0.061181
0.025156
0.337665
0.38971
0.00880881
0.779675
0.263303
0.581327
0.0699583
0.00449353
0.0423575
0.471223
0.457632
0.0106866
0.120585
0.318824
0.0667093
0.238024
0.12044
0.308326
0.0807515
0.176954
0.590794
0.341612
0.0768064
0.0765906
0.0819484
0.338196
0.381404
0.441385
0.443615
0.0742097
0.51811
0.582823
0.189487
0.171215
0.115056
0.0187932
0.24487
0.0641595
0.0382348
0.172435
0.742855
0.233451
0.0195379
0.557282
0.0783916
0.0590153
0.0909993
0.0197849
0.0600898
0.171993
0.279316
0.442912
0.00136665
0.315049
0.0495596
0.117933
0.00742491
0.440781
0.54051
0.272907
0.00376046
0.133147
0.204731
0.00409
0.372936
0.0649388
0.0249271
0.779956
0.03161
0.0493324
0.0273918
0.0399295
0.481693
0.230252
0.0491862
0.607524
0.016292
0.0119273
0.204423
0.129397
0.597466
0.32907
0.155998
0.162682
0.0277796
0.0177219
0.336859
0.301204
0.46908
0.306311
0.00280741
0.145637
0.177409
0.235078
0.39996
0.19005
0.151869
0.0607064
0.120238
0.137377
0.224457
0.241203
0.202811
0.0044041
0.237248
0.140631
0.00728453
0.437054
0.853501
0.00286857
0.432037
0.439375
0.499466
0.00151178
0.0863978
0.565006
0.501462
0.0752458
0.089445
0.255593
0.3395
0.0194155
0.00345635
0.0159399
0.0350829
0.0550226
0.465279
0.125559
0.0982177
0.353049
0.0540398
0.000133001
0.183013
0.406444
0.343749
0.235168
0.212579
0.695461
0.536054
0.322763
0.390023
0.0616083
0.615196
0.00958399
0.324053
0.278158
0.349694
0.239771
0.0516473
0.623719
0.275491
0.177491
0.0183661
0.32003
0.0194446
0.00712564
0.0179468
0.0870117
0.258495
0.0572072
0.145847
0.00226624
0.593439
0.783295
0.0101149
0.576093
0.000284446
0.0575044
0.320647
0.15764
0.915123
0.00795665
0.148232
0.0152853
0.560465
0.274144
0.654512
0.1906
0.00272506
0.361679
0.139724
0.153817
0.104491
0.380793
0.616007
0.00262981
0.141773
0.673174
0.000553238
0.000353116
0.109019
0.0757131
0.016319
0.062345
0.195326
0.402382
0.0229845
0.102573
0.145297
0.816765
0.143337
0.136449
0.0924691
0.0557931
0.00686592
0.000677901
0.359648
0.371386
0.031086
0.47104
0.0149437
0.0111925
0.147419
0.575612
0.43598
0.0788864
0.485355
0.415867
0.147069
0.0188628
0.390959
0.314731
0.277513
0.00259302
0.254533
0.0977812
0.000679124
0.327846
0.552938
0.139178
0.0126281
0.759706
0.0496443
0.581668
0.488773
0.359801
0.433971
0.285064
0.0477578
0.00670286
0.291159
0.344553
0.135203
0.344752
0.144807
0.671344
0.19039
0.00152521
0.0557434
0.00235916
0.0177683
0.315363
0.00956316
0.250998
0.0301135
0.153281
0.3161
0.643051
0.0438671
0.631713
0.103134
0.010952
0.145646
0.0253607
0.0281595
0.732074
0.0464884
0.0285503
0.000986355
0.012251
0.359895
0.542414
0.0107233
0.0241318
0.056585
0.500684
0.263918
0.491196
0.41756
0.0223915
0.0333383
0.00915579
0.440962
0.0104306
0.567575
0.0023429
0.0040702
0.376813
0.00613607
0.666006
7.87708e-05
0.357801
0.503267
0.192227
0.0568878
0.362836
0.674672
0.599305
0.744549
0.652045
0.169784
0.00195722
0.569912
0.267545
0.0164611
0.144544
0.200745
0.345056
0.143671
0.0536587
0.0040491
0.457891
0.00312362
0.309811
0.292093
0.637595
0.644765
0.55134
0.0458988
0.492203
0.0703963
0.364278
0.00547935
0.235118
0.03902
0.210712
0.741492
0.119696
0.00132855
0.244273
0.0373184
0.701343
0.285408
0.0143676
0.000140313
0.185407
0.704648
0.0805148
0.0293071
0.00821977
0.0255985
0.548625
0.486125
0.0377647
0.272609
0.00348902
0.210709
0.00139327
0.0679365
0.000365031
0.114838
0.0288133
0.217178
0.00160717
0.0141647
0.5894
0.225118
0.000497544
0.153847
0.000644179
0.0585304
0.266693
0.376963
0.00378902
0.362032
0.544811
0.628772
0.089821
0.830898
0.428703
0.0599132
0.166935
0.0499685
0.0503544
0.0136336
0.00847726
0.0235805
0.271482
0.0617671
0.0113904
0.0865591
0.172927
0.142922
0.17885
0.395169
0.185846
0.025875
0.0295318
0.203891
0.415117
0.191044
0.0127933
0.273993
0.545073
0.448891
0.373795
0.302376
0.526052
0.414197
0.151533
0.430945
0.00781861
0.332019
0.0478746
0.0259039
0.0457436
0.154757
0.38178
0.133262
0.279015
0.000921508
0.221189
0.46189
0.0396247
0.00943788
0.121643
0.0335278
0.671545
0.120029
0.1958
0.00868655
0.00338358
0.000534002
0.641158
0.724362
0.395586
0.0451414
0.250384
0.0014962
0.155376
0.231553
0.0160728
0.355571
0.300017
0.0591745
0.0285483
0.0874595
0.0473506
0.510544
0.614197
0.0031291
0.529263
0.261614
0.240996
0.217647
0.00288863
0.150049
0.606659
0.00818533
0.0351387
0.00166687
0.136569
0.577482
0.176541
0.484969
0.210613
0.100178
0.0842535
0.0144168
0.0186716
0.00286716
0.176601
0.499491
0.0284102
0.483654
0.155703
0.786972
0.00222946
0.18789
0.0722947
9.44622e-05
0.00226462
0.132947
0.0494975
0.000475698
0.374319
0.0239426
0.326479
0.126405
0.599636
0.179416
0.646105
0.182065
0.00596384
0.0117807
0.648744
0.351901
0.538744
0.221375
0.01059
0.18093
0.697838
0.271477
0.0628972
0.0553426
0.000391696
0.551041
0.00654131
0.21376
0.358971
0.221527
0.0344073
0.499186
0.193344
0.321263
0.0013567
0.182148
0.254054
0.498123
0.0104272
0.0203984
0.0322158
0.491
0.0166953
0.0109594
0.017818
0.307263
0.33338
0.0151057
0.237894
0.137638
0.426469
0.0261829
0.29288
0.369764
0.183974
0.000275746
0.00852929
0.325247
0.560902
0.0107314
0.0124466
0.00722507
0.0381777
0.00669055
0.372366
0.189127
0.22487
4.29866e-05
0.0075142
0.00774244
0.000716151
0.00262462
0.171957
0.0825657
0.0839664
0.16923
0.546108
0.482671
0.510811
0.492155
0.312461
0.384059
0.00801809
0.0131726
0.11773
0.0301909
0.141276
0.00043939
0.0215925
0.181385
9.75991e-05
0.133011
0.137192
0.338916
0.288279
0.0394862
0.210086
0.0117896
0.0173135
0.0932445
0.0171476
0.399436
0.527504
0.281897
0.720943
0.0135866
0.433886
0.244061
0.0871735
0.354687
0.060561
0.656493
0.0317903
0.63128
0.213792
0.0289317
0.444364
0.599347
0.694882
0.647077
0.0261548
0.0404142
0.474341
0.089779
0.000820049
0.663574
0.156782
0.00886189
0.00267776
0.563124
0.0540827
0.192901
0.0203923
0.0160342
0.583474
0.000269596
0.558425
0.0216507
0.28152
0.15749
0.418672
0.606308
0.583691
0.366657
0.000743725
0.235948
0.059679
0.0213165
0.181198
0.00133143
0.742601
0.0342805
0.354486
0.0147961
0.0227793
0.345765
0.37868
0.617555
0.0103116
0.470338
0.00850129
0.468601
0.286386
0.0527124
0.200671
0.260614
0.0727655
0.000145072
0.0970852
0.52676
0.54343
0.0037618
0.00703861
0.00705285
0.0118377
0.00529088
0.603923
0.105656
0.055154
0.370621
0.256938
0.0360392
0.570083
0.21047
0.17671
0.0631514
0.0926445
0.00573914
0.601232
0.607315
0.69476
0.284072
0.0479931
0.593508
0.0113108
0.0704956
0.248541
0.311678
0.180282
0.081652
0.00138622
0.130077
0.0231705
0.366875
0.522809
0.558727
0.0291267
0.331193
0.00351059
0.0343028
0.161223
0.00702759
0.0310476
0.0379657
0.0261328
0.392036
0.00977849
0.302138
0.486904
0.137229
0.000357411
0.0423995
0.0721636
0.0179129
0.291156
0.433054
0.436375
0.0347705
0.0021463
0.584275
0.141605
0.0224544
0.445443
0.293595
0.65435
0.0087133
0.511488
0.32661
0.171519
0.29506
0.391868
0.703904
0.0782039
0.207489
0.107685
0.0363917
0.0608084
0.497907
0.496202
0.321636
0.10671
0.490107
0.0231492
0.0500319
0.119903
0.00397982
0.317989
0.721366
0.560645
0.0363471
0.0519729
0.00352511
0.00819596
0.275542
0.715983
0.254886
0.145608
0.00317756
0.457014
0.304449
0.033745
0.133243
0.572361
0.573827
0.0950298
0.0352084
0.00319704
0.000535657
0.0247967
0.000492318
0.56955
0.165208
0.469595
0.003538
0.38135
0.236377
0.207579
0.000363871
0.000665182
0.228804
0.163216
0.153281
0.407038
2.08594e-05
0.487796
0.0263919
0.0179892
0.0219589
0.0424344
0.145557
0.000835764
0.0474217
0.200999
0.499473
0.0694002
0.195761
0.107562
0.166929
0.0860235
0.5443
0.305529
0.404128
0.0815125
0.122994
0.31643
0.0155401
0.442258
0.699071
0.330128
0.409547
0.112659
0.171376
0.17468
0.541582
0.227288
0.34841
0.0379899
0.154107
0.0135334
0.863366
0.147877
0.318051
0.00345092
0.499511
0.434143
0.239924
0.51165
0.229364
0.537259
0.00326083
0.51021
0.266629
0.412748
0.0229171
0.0152126
0.197804
0.00397571
0.691771
0.252929
0.341728
0.557673
0.372885
0.752532
0.435019
0.0856857
0.543172
0.498335
0.0738083
0.000558126
0.417382
0.0502653
0.149265
0.00113036
0.306823
0.0226554
0.000893609
0.00928737
0.0547772
0.0668481
0.0400294
0.380186
0.06352
0.104753
0.18006
0.252122
0.0173168
0.0112178
0.0202154
0.242967
0.113947
0.446766
0.300017
0.149169
0.0122333
0.00197133
0.46026
0.526605
0.0526667
0.0177633
0.585311
0.00816551
0.436271
0.00410877
0.214072
0.564972
0.190143
0.0595768
0.121168
0.0697129
0.0459667
0.105794
0.49483
0.734267
0.202964
0.000277487
0.0654458
0.12524
0.000366957
0.151559
0.402352
0.592319
0.0459761
0.0160415
0.209322
0.0336488
0.414467
0.664134
0.689284
0.00305905
0.00712767
0.0119962
0.475613
0.0847965
0.146699
0.0292098
0.00236557
0.262207
0.0151842
0.0876945
0.159332
0.125066
0.10052
0.127139
0.000792477
0.00759114
0.00902204
0.38117
0.201786
0.0120821
0.479642
0.00249789
0.211155
0.000251099
0.714033
0.0963717
0.345582
0.0121323
0.304827
0.535915
0.268727
0.119214
0.322404
0.00373418
0.00904578
0.0416981
0.0884617
0.000988172
0.418183
0.072374
0.0759725
0.00027294
0.560958
0.00731381
0.0107742
0.345572
0.00464729
0.299627
0.400017
0.00748887
0.000208677
0.0100374
0.356361
0.0838469
0.0113684
0.319727
0.702808
0.0284547
0.00524594
0.55139
0.0612603
0.000713167
0.535198
0.113189
0.374829
0.217185
0.0110408
0.0176745
0.00529459
0.0159894
0.499814
0.139802
0.304273
0.51637
0.231479
0.792917
0.623353
0.126817
0.620116
0.00596948
0.000532241
0.397358
0.135092
0.000198588
0.0160575
0.656109
0.0248016
0.000456988
0.00101789
0.344576
0.0580155
0.68226
0.00272477
0.170922
0.312284
0.093084
0.122089
0.000810791
0.0388115
0.0348384
0.189294
0.0189379
0.420928
0.06389
0.418868
0.0284836
0.398099
0.0276493
0.0387347
0.417076
0.572309
0.020168
0.363381
0.233585
0.00477077
0.706712
0.474429
0.271261
0.283038
0.0240058
0.0232237
0.616399
0.276956
0.14968
0.00338228
0.374357
0.340516
0.0377785
0.0154719
0.00473486
0.0306133
0.0023394
0.0439741
0.25094
0.212125
0.489415
0.0081001
0.0626971
0.262996
0.0658877
0.0460477
0.00735399
0.0429358
0.000187065
0.439111
0.591065
0.00386427
0.453233
0.0703063
0.0247502
0.338559
0.178449
0.469095
0.024241
0.243703
0.105098
0.298874
0.023579
0.0262052
0.429986
0.546668
0.0779122
0.374306
0.779083
0.0671114
0.146765
0.131953
0.0185644
0.344882
0.0349959
0.173392
0.00115786
0.0382172
0.565972
0.685052
0.151764
0.406641
0.332833
0.888599
0.270125
0.0255627
0.0759619
0.0221513
0.00269066
0.210878
0.295629
0.245836
0.296586
0.000128494
0.381281
0.444378
0.154746
0.0934685
0.0661924
0.124136
0.0100814
0.503144
0.0298693
0.520537
0.272566
0.529468
0.0306616
0.0624942
0.522865
0.105239
0.439376
0.448522
0.413825
0.209195
0.0558325
0.064712
0.430221
0.305244
0.013554
0.0333184
0.451
0.0543095
0.102294
0.123669
0.596165
0.535338
0.860228
0.554066
0.00411446
0.288959
0.766523
0.193589
0.0484955
0.0414706
0.0712634
0.316013
0.00480773
0.00133699
0.515469
0.294076
0.0852617
0.57031
0.00893405
0.000496555
0.222229
0.0711758
0.448126
0.119654
0.713493
0.0238637
0.763858
0.205916
0.25201
0.417976
0.399822
0.2403
0.0956676
0.09768
0.0293249
0.213687
0.541867
0.591374
0.0113216
0.0581959
0.562072
0.252823
0.658633
0.618749
0.499654
0.456359
0.0117905
0.0161395
0.038492
0.133079
0.0134978
0.720319
0.0101551
0.00943741
0.54526
0.113791
0.0132155
0.089532
0.232043
0.304003
0.186626
0.0582855
0.134405
0.00466292
1.41545e-05
0.190848
0.0414597
0.31383
0.127437
0.0694119
0.679324
0.028147
0.200999
0.60519
0.391022
0.210799
0.00281572
0.18426
0.359444
0.494687
0.0805753
0.25358
0.507773
0.181878
0.0901405
0.0223915
0.0611234
0.048062
0.195695
0.702706
0.232093
0.137075
0.359986
0.000735642
0.293321
0.0894346
0.00316722
0.0299685
0.159879
0.1182
0.0170484
0.349337
0.216894
0.469221
0.0105343
0.142851
0.307687
0.262338
0.602471
0.473582
0.302585
0.0118094
0.74978
0.0563059
0.549785
0.122607
0.45398
0.219034
0.261343
0.238843
0.214824
0.0193758
0.0264038
0.453172
0.305789
0.0386602
0.0449214
0.37209
0.432637
0.838661
0.343131
0.0546029
0.0125268
0.133541
0.236286
0.00521316
0.146954
0.210147
0.378579
0.0506049
0.00508149
0.612112
0.315729
0.432781
0.423009
0.00355686
0.197291
0.000384285
0.176118
0.542398
0.00663345
0.460991
0.6089
0.47635
0.0187798
0.0681981
0.0141052
0.0240661
0.106232
0.0224751
0.152108
0.659981
0.275271
0.0379886
0.00127976
0.203203
0.106729
0.0468695
0.627455
0.376094
0.00570042
0.0575265
0.219212
0.572729
0.753889
0.204427
0.615714
0.0970039
0.664496
0.0548142
0.24721
0.00176842
0.188324
0.590852
0.256278
0.000801942
0.0291537
0.0335134
0.0196534
0.0117933
0.696789
0.0228438
0.0822015
0.648194
0.102491
0.205917
0.016616
0.114214
0.00680764
0.804867
0.176355
0.124653
0.00113541
0.193481
0.0393666
0.000361595
0.0453078
0.501903
0.00733278
0.410846
0.0418936
0.0628843
0.173506
0.379813
0.731673
0.250914
0.00150986
0.819771
0.448105
0.344179
0.0667395
0.00438995
0.136254
0.0286039
0.17334
0.0054958
0.435907
0.156879
0.235518
0.28134
0.0777159
0.267671
0.182946
0.131809
0.555516
0.311387
0.0607295
0.139229
9.64604e-05
0.172478
0.0586446
0.0481535
0.0426929
0.402868
0.0830212
0.688824
0.37729
0.00617107
0.312383
0.0268048