0.288864
0.0161371
0.238841
0.272054
0.132334
0.449469
0.296626
0.67441
0.394245
0.0620099
0.365739
0.000707694
0.663866
0.106817
0.00126565
0.45306
0.0486721
0.15332
0.00386792
0.0270782
0.575194
0.317374
0.534896
0.0215749
0.194299
0.136624
0.306744
0.219798
0.258067
0.111552
0.50621
0.126572
0.58265
0.355601
0.00143919
0.640336
0.387425
0.292241
0.00127605
0.00420695
0.646699
0.00147522
0.553147
0.00509449
0.125989
0.0108313
0.586726
0.411861
0.10006
0.429869
0.308943
0.10202
0.530434
0.45152
0.000143218
0.0162381
0.353761
0.843268
0.49471
0.655366
0.0231344
0.340609
0.446179
0.0775815
0.072586
0.117639
0.32962
0.293659
0.519093
0.800212
0.737474
0.597174
0.0024794
0.00108163
0.838897
0.0816934
0.570645
0.42175
0.431235
0.00994044
0.00891052
0.0432422
0.00263597
0.202498
0.363728
0.303244
0.521867
0.86772
0.0507434
0.00415233
0.123358
0.36661
0.0114903
0.05142
0.0905316
0.580627
0.359528
0.401235
0.168775
0.400848
0.14563
0.37202
0.0812347
0.204241
0.000335193
0.127863
0.649922
0.0118683
0.0865306
0.128425
0.732627
0.503884
0.0153193
0.0144375
0.312692
0.697405
0.0629085
0.828074
0.655856
0.440872
0.0461592
0.655463
0.0457775
0.0784293
0.0442641
0.350073
0.0537692
0.367185
0.644711
0.0830431
0.279638
0.00477407
0.112787
0.00347212
0.144131
0.537085
0.470305
0.0369727
0.0710826
0.0758124
0.363931
0.0061021
0.131487
0.445855
0.0248815
0.783246
0.0945148
0.749566
0.191297
0.423636
0.0791289
0.136604
0.654183
0.562123
0.0984846
0.263385
0.374468
0.0696273
0.507654
0.144484
0.140641
0.00277887
0.798379
0.274735
0.350383
0.66381
0.00386901
0.314951
0.172416
0.464275
0.0651318
0.767052
0.313621
0.0125926
0.0324124
0.00429761
0.546953
0.114926
0.402488
0.376987
0.621197
0.287804
2.7467e-05
0.489849
0.630431
0.000180231
0.457167
0.296084
0.146568
0.433266
0.443616
0.0079692
0.841406
0.114705
0.236127
0.661547
0.0168496
0.619506
0.701417
0.0300745
0.480854
0.521791
0.00322471
0.573846
0.014325
0.0591164
0.566607
0.104598
0.0126029
0.0406016
0.57102
0.714442
0.0955732
0.433575
0.540554
0.592985
0.0967536
0.00424816
0.612359
0.272379
0.406297
0.699337
0.00231952
0.798039
0.803282
0.31434
0.816411
0.637801
0.199629
0.476999
0.248012
0.0236806
0.617519
0.383435
0.00585944
0.00365996
0.225182
0.824903
0.590896
0.362827
9.11264e-05
0.0180375
0.399361
0.0217611
0.172536
0.24973
0.035466
0.210717
0.0585113
0.548018
0.478861
0.253737
0.162685
0.365711
0.859146
0.616022
0.341852
0.172319
0.124819
0.0597127
0.238002
0.186027
0.609557
0.539323
0.389898
0.48346
0.864235
0.0363405
0.16178
0.756602
0.558376
0.39612
0.0481232
0.577999
0.00476557
0.514441
0.29059
0.387503
0.735185
0.439756
0.211363
0.386016
0.289121
0.00241421
0.0857609
0.00776289
0.01401
0.116411
0.0459248
0.0374598
0.00706304
0.00534995
0.0558442
0.309833
0.168896
0.454002
0.000114032
0.221798
0.0986626
0.0201845
0.0331614
0.0870073
0.512265
0.307524
0.419207
0.376538
0.42825
0.0103922
0.293924
0.379795
0.338616
0.00408963
0.460752
0.799278
0.707665
0.466901
0.628338
0.239853
0.0975821
0.0878875
0.267313
0.420439
0.144776
0.654418
0.798202
0.10519
0.0316617
0.124326
0.328921
0.0382356
0.0999121
0.0994572
0.273402
0.0253812
0.0459288
0.295685
0.0406276
0.0058172
0.261022
0.396173
0.518915
0.185571
0.0352722
0.609093
0.409523
0.223608
0.392965
0.480436
0.0128865
0.0586375
0.194946
0.000617932
0.149239
0.0296962
0.621375
0.192013
0.618387
0.0567829
0.227369
0.365959
0.0551821
0.124446
0.000502788
0.353477
0.00600017
0.732723
0.545266
0.772046
0.471645
0.0621955
0.641665
0.01206
0.0042411
0.769066
0.0891848
0.178643
0.679329
0.632171
0.0765301
0.0523145
0.0173383
0.15203
0.0385961
0.623086
0.186801
0.377596
0.0073231
0.598182
0.492019
0.396565
0.0192837
0.0279619
0.378754
0.303125
0.368411
0.214406
0.464806
0.388567
0.475206
0.834692
0.0113429
0.320321
0.39053
0.0336519
0.00300202
0.448396
0.0500574
0.407132
9.0468e-05
0.559653
0.255154
0.372357
0.761883
0.0515917
0.0749616
0.000196601
0.413059
0.546762
0.749912
0.0278208
0.265999
0.653937
0.188786
0.701924
0.462827
0.0192529
0.464577
0.882241
0.671064
0.0690111
0.594267
0.281428
0.215175
0.244783
0.341088
0.205308
0.620853
0.470073
0.284877
0.397982
0.00835641
0.294486
0.00830324
0.518793
0.448905
0.200513
0.735529
0.191174
0.0445829
0.151208
0.761959
0.14625
0.32495
0.603751
0.045151
0.475946
0.482974
0.432306
0.611652
0.526156
0.469534
0.134897
0.0679263
0.660328
0.12793
0.0396654
0.32597
0.120674
0.228636
0.021734
0.661146
0.0850924
0.00208584
0.572071
0.627532
0.118422
0.539773
0.725931
0.340745
0.337476
0.22451
0.00259252
0.00743652
0.710057
0.486376
0.46926
0.0372104
0.067656
0.601243
0.0861317
0.000500429
0.384121
0.0851524
0.00691897
0.117205
0.000713635
0.16053
0.279217
0.0583469
0.151119
0.757301
0.100163
0.218551
0.536989
0.012696
0.123628
0.371616
0.0101854
0.852043
0.0941368
0.174842
0.00483761
0.00109865
0.0627796
0.0425446
0.065339
0.0448366
0.042216
0.45592
0.164874
0.308961
0.00543511
0.490387
0.188474
0.271653
0.548707
0.632519
0.0587487
0.864675
0.097932
0.100105
0.536057
0.132707
0.015579
0.0466088
0.0311205
0.10504
0.245843
0.344552
0.474358
0.000998525
0.325544
0.240584
0.00683709
0.000666102
0.054685
0.0127269
0.350956
0.0556951
0.426123
0.37315
0.404604
0.0468919
0.47684
0.0314869
0.352851
0.410076
0.122109
0.136117
0.000323905
0.0113128
0.0822229
0.111099
0.614217
0.154447
0.497255
0.120297
0.679143
0.73644
0.240369
0.490116
0.0593322
0.0361814
0.417867
0.512594
0.344142
0.00143218
0.42743
0.00684085
0.202817
0.283451
0.535783
0.145018
0.907154
0.0439044
0.412448
0.350316
0.40892
0.000294206
0.00211601
0.0637762
0.286693
0.00407034
0.122722
0.0918488
0.596418
0.111211
0.597187
0.622332
0.0477147
0.219639
0.12375
0.485043
0.00299502
7.89189e-05
0.0122063
0.672216
0.746318
0.108211
0.000726949
0.031773
0.246164
0.00963218
0.000797928
0.0880588
0.533715
0.256858
0.519684
0.522792
0.0763402
0.163595
0.221145
0.00586228
0.66114
0.0167933
0.00113666
0.0982068
0.27606
0.106749
0.496122
0.491844
0.10211
0.125666
0.584175
0.237311
0.579455
0.00490952
0.86511
0.461329
0.575854
0.567704
0.579801
0.782726
0.0110113
0.331857
0.143491
0.579635
0.809939
0.610238
0.228118
0.17217
0.473258
0.267895
0.842473
0.130662
0.638585
0.0280289
0.532639
0.370401
0.421756
0.0993456
0.524868
0.00109865
0.424766
0.162047
0.593939
0.0160403
0.368081
0.226751
0.464746
0.0140674
0.482303
0.834033
0.15267
0.507327
0.514393
0.486149
0.0918102
0.903811
0.427394
0.218861
0.00331
0.771769
0.760756
0.0302915
0.487285
0.174993
0.560187
0.289739
0.814495
0.519188
0.00384206
0.292691
0.0146515
0.000963171
0.10984
0.0313797
0.0950391
0.0100521
0.246893
0.0691953
0.034768
0.486143
0.0454785
0.322555
0.592191
0.103706
0.794102
0.0855601
0.00075424
0.601081
0.232361
0.0139485
0.107397
0.212117
0.697621
0.509525
0.754842
0.520844
0.350223
0.430819
0.00505367
0.000106245
0.0017476
0.0795846
0.634478
0.00457219
0.663229
0.48327
0.449384
0.655873
0.233618
0.0158863
0.141715
0.406351
0.534183
0.562709
0.633106
0.00619025
0.215231
0.501236
0.00289679
0.431246
0.00899098
0.673515
0.021307
0.811481
0.0124798
0.286148
0.421055
0.0202029
0.299308
0.474036
0.00267565
0.014743
0.641908
0.0435508
0.00614325
0.00431357
0.00321892
0.658895
0.427
0.415886
0.362492
0.00925077
0.0143064
0.67338
0.528736
0.367586
0.554904
0.744657
0.258164
0.147123
0.446515
0.288372
0.25597
0.664466
0.0105202
0.0168062
0.265442
0.0425757
0.0302555
0.0137352
0.186082
0.0411908
0.51532
0.19881
0.231703
0.882301
0.00868427
0.0689893
0.0198831
0.838208
0.645516
0.18601
0.268598
0.825258
0.70645
0.36474
0.711001
0.00318766
8.64321e-05
0.320868
0.00480496
0.636029
0.70174
0.237974
0.218652
0.554027
0.605677
0.45368
0.43899
0.0962188
0.0372643
0.305456
0.00607747
0.1629
0.698259
0.847843
0.709199
0.842716
0.263409
0.165061
0.0191923
0.0452962
0.565887
0.71637
0.0190701
0.429196
0.711513
0.453382
0.393675
0.0281891
0.0937265
0.521944
0.759625
0.451559
0.52646
0.516286
8.54467e-05
0.00219117
0.467816
0.000528136
0.0366547
0.247235
0.49522
0.612659
0.092497
0.0762969
0.0476392
0.393705
0.259036
0.111133
0.0211337
0.00867197
0.588987
0.0886496
0.412594
0.035737
0.00317824
0.113776
0.216561
0.233341
0.562802
0.0388114
0.00922101
0.572591
0.427411
0.185502
0.0996791
0.269377
5.92154e-05
0.360917
0.0561413
0.248626
0.00363654
0.122191
0.262899
0.507779
0.408387
0.00335437
0.530442
0.900662
0.128372
0.373419
0.299979
0.407355
0.29556
0.524586
0.5383
0.321871
0.454351
0.511368
0.418287
0.0528773
0.092686
0.275042
0.0958255
0.55905
0.19852
0.708824
0.0883756
0.00277373
0.107753
0.479818
0.275934
0.0128702
0.154202
0.0369668
0.013186
0.574688
0.0145838
0.748317
0.653076
0.313445
0.00756919
0.720066
0.162118
0.0153746
0.439133
0.242621
0.00129411
0.259549
0.655855
0.322923
0.430197
0.391578
0.549513
0.0515652
0.295811
0.144631
0.0245068
0.766417
0.640027
0.000158148
0.498816
0.0733555
0.0628255
0.0750127
0.404027
0.143244
0.528749
0.0930464
0.703537
0.273038
0.44786
0.2528
0.0540161
0.912876
0.0607876
0.174325
0.0142616
0.173442
0.806637
0.343361
0.00489925
0.561708
0.253745
0.0236703
3.5061e-05
0.201825
0.435414
0.0152732
0.0624939
0.587292
0.666917
0.599832
0.141615
0.00156282
0.0284863
0.297086
0.044389
0.67455
0.00623915
0.264043
0.0747274
0.705932
0.00153311
0.0882621
0.215705
0.431097
0.32005
0.546248
0.125518
0.00576484
0.0171755
0.608208
0.00860944
0.444173
0.442434
7.73897e-05
0.476353
0.00150607
0.419567
0.543812
0.502711
0.0368487
0.0185414
0.0119994
0.000643047
0.0242291
0.411014
0.139412
0.112078
0.0350586
0.0210944
0.0431139
0.507733
0.495256
0.468007
0.010337
0.000637494
0.750668
0.0351353
0.639171
0.108354
0.0162057
0.00752649
0.0813387
0.778336
0.0146184
0.134285
0.568541
0.278795
0.528108
0.404245
0.483526
0.383752
0.0836887
0.00217594
0.0637795
0.354746
0.821157
0.489339
0.435345
0.712247
0.505964
0.0297467
0.00594977
0.776638
0.622246
0.0186994
0.798931
0.389065
0.00103773
0.326602
0.0148218
0.0363173
0.000791549
0.0301962
0.636057
0.841208
0.183992
0.0582006
0.0402433
0.109708
0.411336
0.828319
0.749935
0.188583
0.00257284
0.099118
0.32143
0.0863534
0.830213
0.416062
0.205898
0.118915
0.00435902
0.0400352
0.449677
0.00210341
0.00658907
0.00291307
0.245129
0.0936559
0.457258
0.0030281
0.0515763
0.407169
0.0607148
0.0884808
0.194311
0.261392
0.184028
0.425602
0.168883
0.122509
0.499661
0.00715644
0.496458
0.00391635
0.400579
0.697065
0.670013
0.578948
0.0148942
0.14698
0.00032361
0.0161956
0.755061
0.0277518
0.000947788
0.408046
0.287261
0.693827
0.00353356
0.052615
0.240191
0.26875
0.0346006
0.00688776
0.716089
0.187051
0.130512
0.00143003
0.0997055
0.236291
0.256956
0.000218739
0.519883
0.529573
0.0331053
0.272729
0.353738
0.00948823
0.278002
0.00278596
0.613214
0.608894
0.453592
0.0466132
0.550612
0.298564
0.200587
0.350558
0.214588
0.685356
0.524582
0.0235833
0.0104584
0.0549492
0.000115112
0.17541
0.0774763
0.659073
0.430511
0.677924
0.0208213
0.345317
0.143832
0.335226
0.50763
0.111811
0.347843
0.708178
0.145822
0.491516
0.000929066
0.0502156
0.0661261
0.370848
0.00202019
0.349321
0.0104694
0.551807
0.749186
0.698302
0.350052
0.254116
0.0384979
0.0438887
0.517593
0.140271
0.125002
0.00298785
0.00719306
0.166491
0.192164
0.0790071
0.276058
0.722799
0.000596828
0.400338
0.247018
0.401797
0.401778
0.015099
0.07064
0.269811
0.00198547
0.310267
0.724356
0.482115
0.792519
0.140599
0.0515891
0.0518709
0.045258
0.626371
0.140546
0.327594
0.108354
0.363607
0.0200172
0.201231
0.0080412
0.496921
0.841179
0.065109
0.0193031
0.455514
0.168242
0.0314863
0.017941
0.0075524
0.557333
0.729335
0.0437414
0.0941282
0.639316
0.15089
0.19689
0.52412
0.442843
0.398776
0.0170718
0.463679
0.817951
0.00322603
0.327445
0.0452803
0.148295
0.716522
0.00486572
0.107265
0.695869
0.354232
0.00141041
0.48781
0.368068
0.469163
0.54355
0.0240475
0.416376
0.52577
0.0840705
0.754281
0.742851
0.299946
0.0211818
0.30941
0.0366785
0.0335173
0.047321
0.42647
0.0945971
0.00934323
0.484214
9.28184e-05
0.0538924
0.501608
0.0309503
0.170752
0.0404073
0.309072
0.224469
0.196091
0.548824
0.424597
0.253611
0.00173099
0.654338
0.672977
0.252523
0.247263
0.638152
0.276943
0.0566441
0.461354
0.507021
0.00354519
0.00695992
0.560031
0.162902
0.72358
0.0419459
0.0447542
0.00829565
0.0386276
0.513455
0.0967649
0.814493
0.532371
0.354432
0.00648413
0.12418
0.303558
0.00136939
0.310792
0.771159
0.000923042
0.617795
0.468016
0.321686
0.0802294
0.499322
0.405436
0.606252
0.309627
0.19364
0.00201116
0.225475
0.000164654
0.042102
0.67021
0.0247961
0.000888037
0.548143
0.137648
0.0283534
0.482254
0.69789
0.520176
0.660689
0.197492
0.469251
0.00363657
0.369718
0.255701
0.506546
0.23724
0.131834
0.741183
0.152952
0.0227458
0.17811
0.175069
0.00856491
0.512225
0.130663
0.162096
0.825828
0.293892
0.326183
0.435115
0.894843
0.0161175
0.569945
0.00129697
0.594522
0.0132138
0.328187
0.676565
0.0035612
0.698467
0.691794
0.0502804
0.075178
0.000755831
0.0737825
0.232563
0.0111996
0.00624298
0.0608356
0.167495
0.0330688
0.0201326
0.563891
0.0110661
0.0473364
0.0244558
0.310425
0.266848
0.0692464
0.342663
0.0661169
0.772739
0.00125333
0.311734
0.825302
0.412914
0.290607
0.0651814
0.0857022
0.188347
0.209396
0.0178925
0.650637
0.453148
0.0392238
0.739646
0.0190021
0.673738
0.766097
0.539929
0.00730153
0.1714
0.70051
0.191963
0.243934
0.670217
0.0327388
0.564991
0.00535642
0.474156
0.0973643
0.0385104
0.163395
0.242308
0.00909065
0.212547
0.0148404
0.127263
0.00654736
0.107343
0.493301
0.150294
0.238759
0.000346169
0.425039
0.183046
0.297351
0.300726
0.277619
0.379556
0.0329504
0.301095
0.247539
0.765909
0.384985
0.62041
0.00342025
0.238365
0.476931
0.546965
0.738261
0.0276754
0.447363
0.367294
0.0706325
0.441414
0.331428
0.74591
0.0373998
0.122341
0.312064
0.000644466
0.607786
0.00154958
0.0419968
0.554562
0.289788
0.859575
0.414133
0.647857
0.634995
0.000380848
0.347288
0.0170521
0.0427638
0.325659
0.526743
0.458961
0.047397
0.286981
0.198548
0.0423133
0.325906
0.562577
0.415346
0.19567
0.306483
0.000647236
0.1607
0.0421119
0.0113221
0.241667
0.40453
0.707235
0.455009
0.00610561
0.511084
0.00552823
0.434631
0.208922
0.0176894
0.191626
0.00134507
0.419647
0.00849822
0.879914
0.428995
0.431482
0.752919
0.247603
0.254193
0.0266726
0.249065
0.0410245
0.000612517
0.563178
0.0186025
0.367077
0.146874
0.168388
0.0716658
0.740007
0.00110598
0.0470447
0.0260437
0.0274713
0.00708487
0.77158
0.482999
0.441829
0.458889
0.00278251
0.282819
0.0948703
0.299725
0.402275
0.17644
0.196576
0.431945
0.720038
0.327721
0.508306
0.0114563
0.500657
0.545806
0.155722
0.0910302
0.360583
0.224124
0.470197
0.536213
0.37433
0.66429
0.135791
0.00186733
0.140361
0.0485856
0.13262
0.423879
0.43664
0.0706269
0.274576
0.485273
0.287702
0.373811
0.109573
0.449534
0.210777
0.555236
0.135829
0.0291763
0.00167025
0.436768
0.493813
0.0993933
0.14648
0.00344648
0.00332671
0.0311902
0.195121
0.407695
0.6023
0.36733
0.106039
0.181771
0.528265
0.742258
0.404469
0.531832
0.262821
0.662038
0.739199
0.0460076
0.129262
0.443396
0.744031
0.0105166
0.553458
0.57036
0.196564
0.00241725
0.375567
0.176785
0.320929
0.564909
0.227637
0.67835
0.372801
0.230841
0.443464
0.547959
0.385125
0.149137
0.106442
0.468185
0.0644153
0.0329293
0.545805
0.00346136
0.515048
0.519872
0.586983
0.502316
0.480477
0.858062
0.0314513
0.64545
0.0612695
0.0054958
0.163883
0.0541999
0.00638015
0.558892
0.117845
0.493091
0.224019
0.709318
0.461998
0.248661
0.570879
0.722568
0.0200876
0.607492
0.0687377
0.126667
0.178576
0.480048
0.441067
0.106611
0.0139328
0.606026
0.505451
0.513939
0.0208841
0.580733
0.101154
0.421609
0.00103523
0.663173
0.154046
0.0373883
0.00529224
0.010988
0.14737
0.00164245
0.332286
0.199769
0.0866296
0.108506
2.13707e-05
0.123604
0.00286865
0.685444
0.280132
0.272531
0.078325
0.493897
0.36712
0.149434
0.0185729
0.426347
0.231309
0.294377
0.329349
0.546988
0.0183938
0.0390917
0.509866
0.0530318
0.711498
0.00349541
0.000121275
0.00177421
0.126632
0.0738069
0.448696
0.00394613
0.324501
0.194396
0.831142
0.538327
0.337152
0.576433
0.722888
0.5068
0.000733986
0.0838776
0.0157788
0.0541383
0.00780239
0.753451
0.0842871
0.245971
0.0166275
0.338772
0.391473
0.187843
0.0273975
0.611385
0.477145
0.0116306
0.0179561
0.545917
0.0386623
0.531759
0.0032189
0.0818623
0.496633
0.410357
0.65129
0.006126
0.0519928
0.2715
0.156255
0.585126
0.799742
0.483989
0.778346
0.723662
0.206406
0.0804985
0.603883
0.291119
0.000975522
0.891809
0.332447
0.0852211
0.121682
0.374278
0.214302
0.756471
0.66449
0.374471
0.805604
0.0545555
0.661205
0.000127544
0.00199545
0.0834773
0.104318
0.455775
0.147882
0.155146
0.576817
0.395976
0.00212943
0.414492
0.350005
0.149476
0.369661
0.601714
0.562457
0.0818722
0.370841
0.345264
0.0244019
0.363543
0.186829
0.536327
0.866608
0.301197
0.476747
0.367958
0.41706
0.144257
0.386364
0.4151
0.342663
0.579584
0.101348
0.506151
0.430922
0.028443
0.125267
0.196816
0.000675982
0.53538
0.024172
0.00200437
0.155731
0.0217871
0.553929
0.588241
0.123842
0.589867
0.455107
0.000219275
0.249462
0.527348
0.47896
0.405524
0.0211552
0.636769
0.606826
0.519581
0.00246194
0.123462
0.405214
0.791202
0.000675923
0.297765
0.76365
0.0154027
0.00218276
0.00209258
0.0215404
0.119965
0.734114
0.244681
0.0145444
0.503756
0.327663
0.172938
0.0430182
0.0132424
0.792412
0.615792
0.771319
0.0277701
0.00085017
0.0045664
0.0423544
0.630281
0.433513
0.330684
0.333236
0.355737
3.53235e-05
0.308041
0.31323
0.348883
0.413378
0.845017
0.000180452
0.616208
0.392343
0.111254
0.00782073
0.0198167
0.112981
0.139122
0.407105
0.173881
0.000582411
0.782316
0.318179
0.499971
0.00242778
0.519556
0.0195787
0.000179407
0.0061249
0.715116
0.0191992
0.669103
0.633416
0.602942
0.882399
0.0298919
0.0269193
3.17311e-05
0.772443
0.0554882
0.0216278
0.20064
0.509986
0.546868
0.16636
0.00205455
0.0785223
0.288467
0.387004
0.239465
0.0768296
0.110264
0.063631
0.0161092
0.539501
0.711896
0.665888
0.582008
0.607331
0.197415
0.0220903
0.550586
0.000130066
0.724709
0.0351025
0.10134
0.670593
0.309148
0.14107
0.803889
0.00882322
0.000190421
0.0541651
0.224544
0.0337135
0.0766124
0.629629
0.72334
0.0670188
0.393618
0.610207
0.444099
0.324915
0.295201
0.502517
0.0140625
0.00273629
0.742709
0.0480226
0.349053
0.48418
0.0072418
0.58514
0.12498
0.0180743
0.681807
0.125597
0.394287
0.446566
0.32203
0.312899
0.100536
0.0975584
0.502423
0.235491
0.2489
0.511113
0.565831
0.543972
0.318949
0.714265
0.432216
0.497641
0.267046
0.000285005
0.790931
0.418012
0.0308467
0.549651
0.199473
0.477229
0.61497
0.059389
0.134463
0.533611
0.786024
0.433278
0.0294021
0.789852
0.770422
0.506111
0.321818
0.188383
0.0383129
0.249439
0.128128
0.117382
0.000927156
0.0171073
0.00011148
0.452359
0.145634
0.40198
0.434596
0.340995
0.011876
0.783633
0.0577981
0.215737
0.0956003
0.587111
0.0606467
0.648819
0.0209153
0.865792
0.0718805
0.422075
0.530693
0.00941703
0.0460084
0.672675
0.263303
0.000151561
0.150429
0.255204
0.257432
0.0695023
0.640606
0.45583
0.392179
0.0548109
0.0623093
0.723713
0.637023
0.601511
0.0387642
0.459105
0.00352715
0.0583411
0.0127244
0.0104343
0.775624
0.608097
0.0177081
0.836723
0.055993
0.499225
0.0974513
0.618954
0.0715402
0.581693
0.00340991
0.149951
0.364373
0.681242
0.428147
0.119686
0.489845
0.843146
0.0415286
0.281398
0.270659
0.00339422
0.910499
0.419046
0.403012
0.363491
0.428196
0.34252
0.487237
0.596222
0.0536853
0.173473
0.000543362
0.193351
0.451451
0.00274254
0.569025
0.175326
0.00143102
0.54571
0.0147549
0.216479
1.14271e-05
0.309369
0.155548
0.0236375
0.0450135
0.0445693
0.383363
0.421322
0.365557
0.528529
0.40435
0.011656
0.00184297
0.698812
0.416229
0.277912
0.287662
0.483924
0.0128803
0.119381
0.83262
0.101747
0.000339479
0.325149
0.156672
0.24633
0.72262
0.0890284
0.28214
0.389007
0.016269
0.834104
0.00181276
0.172236
0.152801
0.608706
0.277277
0.016005
0.324603
0.772154
0.0763218
0.00258071
0.270025
0.202899
0.435689
0.0915261
0.604897
0.0118902
0.0389656
0.116664
0.331266
0.0761173
0.109419
0.706577
0.28111
0.12269
0.522882
0.204128
0.348787
0.316682
0.0113552
0.00230262
0.214512
0.0333227
0.034547
0.25013
0.0020218
0.331237
0.71795
0.704219
0.0127431
0.029325
0.0256989
0.0489593
0.12194
0.746177
0.206666
0.0268394
0.223909
0.316717
0.1536
0.318192
0.626332
0.00136412
0.458137
0.353777
0.02382
0.0226021
0.0268698
0.27051
0.28001
0.199481
0.392833
0.0941673
0.0298391
0.294146
0.220877
0.230158
0.126699
0.832705
0.532872
0.108494
0.425398
0.190935
0.00200064
0.579034
0.104562
0.740993
0.0430358
0.584705
0.568138
0.175021
0.0222626
0.54514
0.336204
0.461156
0.410004
0.0123114
0.00148433
0.310096
0.450525
0.703085
0.408487
0.718639
0.153969
0.0740365
0.0986654
0.00962371
0.159702
0.729398
0.16226
0.253664
0.0101275
0.208699
0.843563
0.605922
0.00153036
0.00142997
0.301349
0.753581
0.67812
0.450563
0.000310341
0.771463
0.000894226
0.0207901
0.0448518
0.618246
0.21027
0.0427774
0.0394115
0.342762
0.106287
0.340265
0.285483
0.507757
0.0328694
0.770222
0.315289
0.0100522
0.0186703
0.41925
0.805413
0.341927
0.642508
0.00141394
0.016838
0.237735
0.00083819
0.0633045
0.256511
0.0133528
0.28038
0.0697226
0.00974284
0.138688
0.135232
0.198449
0.286527
0.313918
0.481718
0.616321
0.153953
0.024758
0.538136
0.419744
0.00175779
0.021102
0.323172
0.102828
0.590116
0.78729
0.286831
0.0805368
0.533551
0.113091
0.159167
0.0141706
0.631566
0.44346
0.0864892
0.709173
0.00610734
0.483273
0.473433
0.0595928
0.00519781
0.145457
0.22331
0.0884028
0.649591
0.0621924
0.515583
3.495e-05
0.00139056
0.658288
0.0222911
0.0726625
0.825989
0.448992
0.0357006
0.429367
0.0389398
0.446434
0.188005
0.365944
0.00638206
0.00154182
0.632061
0.0391678
0.123961
0.678625
0.00950937
0.206731
0.433761
0.110383
0.607862
0.00682293
0.00285548
0.0140454
0.289732
0.175339
0.724804
0.000725595
0.010267
0.0374521
0.197381
0.360973
0.589936
0.402823
0.0176497
0.273217
0.216355
0.578829
0.322775
0.0093962
0.117528
0.452144
0.313565
0.181481
0.17104
0.705149
0.30816
0.00757104
0.803918
0.0785898
0.0204947
0.207351
0.63895
0.593758
0.192689
0.306787
0.327222
0.763003
0.0001028
0.666897
0.0184846
0.539257
0.222593
0.421048
0.0255996
0.0584667
0.595658
0.386887
0.0956115
0.0300692
0.215684
0.21872
0.00861365
0.35609
0.668874
0.612771
0.0544982
0.000215162
0.0205274
0.0348438
0.796882
0.0450289
0.465959
0.215129
0.712575
0.651738
0.000639786
0.465527
0.402648
0.0507838
0.626218
0.610421
0.444398
0.139577
0.549118
0.41125
0.0465899
0.272965
0.512902
0.0761847
0.266345
0.00746799
0.0996582
0.651918
0.399121
0.00290867
0.00275781
0.242502
0.745306
0.234649
0.0403442
0.0892217
0.0131689
0.132297
0.000720814
0.548009
0.327075
0.836241
0.595067
0.470257
0.359318
0.00266505
0.8576
0.415995
0.55877
0.384664
0.41683
0.566533
0.87429
0.507248
0.0220816
0.00020306
0.00977643
0.59709
6.43411e-05
0.265014
0.516408
0.0379009
0.119606
0.0776378
0.207191
0.185212
0.213861
0.103865
0.377589
0.592388
0.626848
0.276217
0.855272
0.132694
0.00164943
0.352954
0.744414
0.0569393
0.720406
0.208505
0.0457579
0.120167
0.165915
0.612661
0.0445151
0.00559924
0.0946866
0.00225484
0.30466
0.0820813
0.451293
0.44551
0.401256
0.0224982
0.364859
0.00061852
0.593581
0.218121
0.50151
0.310331
0.471487
0.000801815
0.231494
0.468935
0.0810184
0.528463
0.019398
0.00970141
0.506556
0.347764
0.213468
0.662458
0.0540989
0.000417839
0.0327521
0.0538727
0.201619
0.149783
0.0129976
0.129195
0.253228
0.0556346
0.140853
0.0292933
0.333062
0.0408257
0.0925499
0.0101665
0.498816
0.10064
0.355488
0.0566053
0.000211366
0.0210438
0.0120362
0.489145
0.0343355
0.535976
0.120001
0.4399
0.00260466
0.00701076
0.672979
0.378952
0.00637247
0.534983
0.617408
0.458968
0.0189936
0.229913
0.580033
0.256782
0.317212
0.515004
0.472002
0.322239
0.593862
0.152182
0.0120171
0.158202
0.311104
0.0252504
0.909612
0.472479
0.491357
0.7697
0.436756
0.121741
0.21177
0.000286857
0.875444
0.260056
0.38766
0.229043
0.0181155
0.285312
0.524404
0.487447
0.0217249
0.684408
0.86013
0.765316
0.609792
0.00871964
0.170197
0.397522
0.591511
0.253343
0.109391
0.540077
0.142136
0.730531
0.031492
0.0221044
0.689653
0.326092
0.18943
0.000222517
0.500797
0.39664
0.255565
0.638286
0.000683433
0.274455
0.445476
0.435433
0.331109
0.220679
0.0415468
0.0015759
0.603684
0.308107
0.329898
0.273118
0.402497
0.172823
0.370275
0.0311416
0.357792
0.264636
0.0469461
0.351531
0.0880481
0.538635
0.905118
0.289177
0.660534
0.388852
0.340632
0.514016
0.000126932
0.640167
0.061902
0.184534
0.0998768
0.0517585
0.378844
0.652336
0.0573137
0.00710548
0.0796451
0.150556
0.778318
0.19085
0.2335
0.364006
0.794928
0.00216507
0.648918
0.0293579
0.148117
0.515056
0.748863
0.641857
0.243695
0.526727
0.00640037
4.1801e-05
0.00286712
0.661865
0.00442593
0.293531
0.305178
0.00628103
0.25079
0.429408
0.0039332
0.845763
0.610322
0.409175
0.305282
0.00432849
0.00676679
0.319807
0.153981
0.369299
0.00326111
0.00113321
0.333163
0.47215
0.597306
0.0769661
0.4392
0.0112442
0.487899
0.50019
0.447933
0.200171
0.643572
0.530544
0.352706
0.572639
0.00320064
0.441686
0.470103
0.0340782
0.00412636
0.552036
0.150157
0.597906
0.0551788
0.00131647
0.364115
0.078735
0.70298
0.0121544
0.926661
0.761803
0.0100196
0.574968
0.174668
0.404979
0.0441135
0.261621
0.00358725
0.21817
0.16996
0.322112
0.741488
0.260112
0.138696
0.0114616
0.0666589
0.00506926
0.336895
0.170084
0.202799
0.719955
0.700358
0.777896
0.380409
0.785697
0.330694
0.0962814
0.130651
0.812943
0.0298095
0.0505875
0.0342888
0.0112131
0.551244
0.656728
0.443618
0.000307863
0.375639
0.469547
0.355563
0.0136173
0.0271049
0.0107955
0.00140958
0.545369
0.734942
0.864859
0.134598
0.415561
0.30983
0.469561
0.419144
0.248809
0.798853
0.24335
0.271015
0.0445797
0.741594
0.606542
0.0482042
0.0934428
0.0893314
0.000853454
0.732837
0.0106833
0.365885
0.426268
0.390578
0.455586
0.185397
0.350824
0.693739
0.814781
0.072543
0.132269
0.0865706
0.0013944
0.577253
0.517779
0.189513
0.0907932
0.0212575
0.704607
0.0210934
0.0338968
0.218344
0.467457
0.553557
0.0246245
0.47526
0.0186848
0.484584
0.0500477
0.00924258
0.000142327
0.505098
0.832005
0.00373644
0.0259039
0.265517
0.351131
0.371393
0.0641447
0.164276
0.202213
0.750116
0.236127
0.0693499
0.216985
0.469722
0.413281
0.357279
0.235574
0.00352472
0.104867
0.0546663
0.387092
0.440554
0.742827
0.928574
0.135571
0.50308
0.644683
0.459277
0.394445
0.289364
0.295139
0.104508
0.563479
0.0141382
0.172105
0.611358
0.705664
0.02187
0.671904
0.398518
0.327103
0.735959
0.093241
0.00125216
0.324259
0.0326533
0.167592
0.582313
0.745536
0.0150596
0.520609
0.128537
0.000563692
0.296151
0.286291
0.00227969
0.00676946
0.720798
0.118876
0.258288
0.379164
0.732664
0.660659
0.721735
0.247958
0.334798
0.017616
0.303124
0.565788
0.370637
0.111544
0.583059
0.0211255
0.0153362
0.607508
0.359409
0.714172
0.043667
0.259355
0.116852
0.0115845
0.0424067
0.694468
0.00288398
0.789349
0.494434
0.00288061
0.178575
0.668889
0.379964
0.000463827
0.299541
0.00475881
0.580506
0.621584
0.432608
0.64847
0.794911
0.59896
0.011539
0.384968
0.262337
0.6692
0.121556
0.424644
0.695329
0.018075
0.499926
0.846182
0.00157022
0.1985
0.338034
0.757572
0.60734
0.0962703
0.369148
0.423099
0.0412611
0.0392112
0.0756555
0.559597
0.729375
0.541102
0.0682063
0.529331
0.0368335
0.57287
0.157577
0.384427
0.124867
0.331416
0.547907
0.298307
0.0081728
0.351534
0.1663
0.00133247
0.462643
0.078262
0.640106
0.0956802
0.546508
0.460639
0.459451
0.448414
0.298449
7.71269e-05
0.125843
0.555744
0.000575093
0.204455
0.573154
0.679818
0.606072
0.0159918
0.234656
0.143555
0.110743
0.712078
0.289979
0.0495723
0.203276
0.272098
0.468258
0.00299624
0.81514
0.0191416
0.599402
0.00540908
0.23777
0.00474208
0.137394
5.25992e-05
0.674384
0.000182748
0.0585488
0.470069
0.00199613
0.600498
0.00118164
0.00747818
0.00238401
0.00336126
0.693977
0.498796
0.0326711
0.366337
0.290293
0.10652
0.0508717
0.452769
0.335463
0.0438426
0.190676
0.603626
0.0147739
0.0710221
0.0537373
0.534094
0.0465666
0.00102143
0.70488
0.475133
0.09186
0.0662115
0.609033
5.96676e-05
0.26765
0.597191
0.389828
0.716422
0.59494
0.679091
0.752594
0.330746
0.494292
0.547946
0.249908
0.128534
0.390885
0.0255789
0.289424
0.556702
0.565949
0.129501
0.321873
0.236446
0.28167
0.764107
0.694622
0.760367
0.401137
0.139208
0.000131816
0.82603
0.0289733
0.0304113
0.0249537
0.67758
0.0343367
0.865371
0.577309
0.282868
0.455329
0.226244
0.587322
0.463027
0.0111825
0.488113
0.529699
0.119138
0.299693
0.575902
0.027306
7.05728e-05
0.0174382
0.167342
0.281796
0.572234
0.322282
0.0461606
0.340847
0.0536161
0.095269
0.582209
0.579548
0.729146
0.769893
0.155346
0.249841
0.0361511
0.0584062
0.575914
0.273024
0.0284808
0.170113
0.25774
0.102951
0.697766
0.651262
0.00804601
0.0130018
0.0968666
0.46369
0.244059
0.704983
0.0197864
0.062563
0.492687
0.490625
0.0845104
0.586737
0.0170037
0.012537
0.442977
0.308507
0.254348
0.0847719
0.209839
0.000593014
0.31799
0.266862
0.361189
0.284955
0.31523
0.540997
0.487758
0.456298
0.270868
0.647875
0.0371185
0.0073726
0.787637
0.350371
0.502173
0.019786
0.315115
0.0294636
0.487805
0.366369
0.637978
0.271797
0.782672
0.178604
0.145036
0.521118
0.471997
0.0150684
0.760272
0.00420093
0.00120394
0.00806527
0.372855
0.109077
0.00515087
0.233267
0.230506
0.698876
0.746448
0.00052772
0.473369
0.469346
0.00311867
0.48772
0.0556083
0.593032
0.126353
0.32448
0.819268
0.0206479
0.607375
0.089689
0.00133853
0.392456
0.00305224
0.227609
0.302215
0.0178876
0.354349
0.120928
0.636019
0.275102
0.0553425
0.469648
0.373775
0.219695
0.464831
0.45966
0.161034
0.0557643
0.294104
0.171452
0.62156
0.24312
0.00462271
0.0244102
0.00270989
0.485752
0.155508
0.00163258
0.522317
0.0509969
0.348724
0.360764
0.109714
0.0289074
0.147374
0.192297
0.470372
0.169338
0.205682
0.00522492
0.791167
0.0277962
0.00841308
0.518449
0.41518
0.0105284
0.499553
0.612417
0.00801211
0.142885
0.131685
0.26314
0.0618094
0.000787649
0.0717763
0.334337
0.000860402
0.000307458
0.000192335
0.0154537
0.396921
0.325432
0.0375758
0.0234236
0.674278
0.253985
0.681322
0.311784
0.219369
0.850548
0.149154
0.500413
0.0441945
0.226922
0.164196
0.23835
0.00110984
0.00374487
0.190742
0.512699
0.110542
0.445395
0.370857
0.00126049
0.296688
0.300278
0.189834
0.470069
0.0344068
0.301166
0.0157153
0.363498
0.583249
0.495201
0.376265
0.462505
0.28167
0.330394
0.0322034
0.355787
0.00413657
0.553357
0.370026
0.47468
0.0354143
0.17421
0.00920559
0.440986
0.811144
0.293319
0.619987
0.286931
0.890585
0.218838
0.106057
0.605991
0.00939918
0.65717
0.00377239
0.692782
0.474587
0.61488
0.289494
0.203134
0.17973
0.00721412
0.00424053
0.588976
0.37238
0.640083
0.450002
0.540823
0.529882
0.222707
0.00239988
0.166399
0.0960556
0.456776
0.326906
0.243628
0.00672957
0.775874
0.00235348
0.640085
0.0397714
0.132211
0.00230153
0.693236
0.11013
0.119908
0.144143
0.499103
0.330113
0.155327
0.826756
0.551802
0.270193
0.0936013
0.226151
0.478181
0.190618
0.0357234
0.0179108
0.443882
0.108868
0.63478
0.00114653
0.0650712
0.379148
0.0107437
0.00322883
0.000465428
0.128884
0.00632347
0.000376469
0.293066
0.804045
0.389409
0.00158378
0.426527
0.155046
0.231575
0.0169362
0.354785
0.58729
0.64718
0.00555065
0.00271535
0.131852
0.0411711
0.00337116
0.121763
0.265397
0.0736953
0.000495023
0.069405
0.0276568
0.0523547
0.861283
0.203086
0.443798
0.545979
0.716765
0.148507
0.0324041
0.0490336
5.10719e-05
0.378878
0.0130388
0.104693
0.630961
0.417039
0.64052
0.9074
0.000830909
0.161771
0.496201
0.0025354
0.000550153
0.583781
0.837825
0.652687
0.400672
0.0985541
0.0756462
0.780998
0.586246
0.219107
0.766649
0.689735
0.577454
0.373678
0.00169126
0.484742
0.272922
0.364648
0.492644
0.612282
0.511071
0.458465
0.690217
0.133812
0.005841
0.657617
0.550152
0.384149
0.0150917
0.66142
0.347682
0.207967
0.335545
0.0463187
0.00745709
0.808871
0.43892
0.874881
0.889993
0.617847
0.858304
0.539629
0.80966
0.390433
0.648215
0.00107752
0.624705
0.655988
0.4513
0.539987
0.115154
0.00805524
0.229598
0.0118788
0.538228
0.000377158
0.924151
0.108042
0.420925
0.116893
0.0673989
0.473386
0.597551
0.00452005
0.333965
0.364905
0.000192564
0.38754
0.000190538
0.00623436
0.621434
0.112894
0.00276478
0.260444
0.695359
0.377971
0.0210528
0.0133588
5.60992e-05
0.19194
0.173489
0.339164
0.261471
0.719589
0.166517
0.413921
0.000225614
0.0291066
0.226685
0.0246461
0.0119187
0.30707
0.00350608
0.0263878
0.548989
0.333295
0.711552
0.214375
0.656261
0.668433
0.824168
0.0638593
0.651021
0.593707
0.706748
0.70785
0.0151256
0.00703447
0.569892
0.119613
0.21234
0.642175
0.322243
0.180096
0.0891167
0.377784
0.633768
0.357005
0.144831
0.729747
0.00489343
0.00937785
0.784263
0.47202
0.41502
0.684888
0.213539
0.562131
0.0740008
0.522558
0.0899789
0.562809
0.738304
0.145581
0.0205505
0.542852
0.0121713
0.00811066
0.446617
0.416149
0.604469
0.213653
0.576439
0.0119285
0.522994
0.0443724
0.656579
0.249318
0.293722
0.0394042
0.314422
0.0439656
0.281361
0.596793
0.00439108
0.266019
0.00178497
0.83656
0.320981
0.264955
0.470611
0.349255
0.669022
0.0484484
0.243703
0.312751
0.0453901
0.133526
0.396234
0.0265296
0.0064016
0.00672147
0.500574
0.554902
0.498162
0.049734
0.421833
0.707866
0.310123
0.776109
0.481748
0.892972
0.00868705
0.0781015
0.0368951
0.676192
0.768668
0.0131262
0.46267
0.853963
0.183808
0.166202
0.591262
0.626918
0.338596
0.229955
0.60861
0.52444
0.00143006
0.0327095
0.644586
0.435242
0.0304331
0.0157584
0.0240432
0.0283971
0.443795
0.242076
0.873695
0.0566631
0.227206
0.0215345
0.286731
0.00705148
0.275303
0.0518917
0.0458935
0.80313
0.0151751
0.231027
0.0780248
0.0245649
0.766877
0.03688
0.0126024
0.00162096
0.106572
0.281828
0.0712027
0.138448
0.0160826
0.137281
0.016322
0.235492
0.178736
0.0123093
0.579397
0.0458882
0.685926
0.0145129
0.543877
0.0844177
0.282447
0.309744
0.421367
0.0430534
0.00634016
0.527966
0.08922
0.306429
0.000885177
0.124156
0.741841
0.174878
0.687273
0.485151
0.0257815
0.861861
0.27574
0.296768
0.240759
0.39063
0.00786289
0.823589
0.51914
0.251958
0.00235472
0.436858
0.000130666
0.0182051
0.549332
0.00105182
0.0689736
0.00251832
0.596633
0.0170487
0.679697
0.220016
0.356491
0.268728
0.154668
0.00803425
0.0146872
0.447973
0.400634
0.71072
0.514391
0.00203451
0.585424
0.172841
0.215727
0.238442
0.00514096
0.369488
0.0801999
0.100876
0.139013
0.542498
0.465339
0.249646
0.252295
0.321681
0.163558
0.405515
0.726643
0.662039
0.119539
0.439047
0.0958914
0.0260203
0.913938
0.195652
0.415678
0.00112378
0.521501
0.00454005
0.0844789
0.727164
0.192673
0.801501
0.171078
0.255474
0.036935
0.102494
0.224721
0.0249053
0.00299573
0.611504
0.0691756
0.336263
0.0954101
0.0306946
0.162284
0.210659
0.133785
0.0213633
0.226304
0.423523
0.398504
0.123389
0.0477562
0.5605
0.123342
0.318404
0.000505682
0.416143
0.0139167
0.0206274
0.185863
0.0227938
0.0703448
0.243406
0.349298
0.163011
0.119408
0.0497613
0.635484
0.409566
0.144107
0.193876
0.633467
0.0112417
0.0382193
0.557972
0.26274
0.616189
0.765543
0.274516
0.00151439
0.0166654
0.210335
0.620761
0.648567
0.141623
0.000848508
0.303532
0.57188
0.463898
0.0228484
0.36296
0.683994
0.0819465
0.00844955
0.452412
0.0208047
0.180616
0.136581
0.695453
0.120349
0.108972
0.280059
0.536316
0.394033
0.196942
0.179947
0.734024
0.145443
0.525215
0.461196
0.594763
0.000663305
0.0210306
0.225978
0.0142551
0.359099
0.00133411
0.0457464
0.506693
0.12568
0.726786
0.0767044
0.832552
0.00203424
0.0677588
0.317346
0.190863
0.554064
0.164313
0.610793
0.440852
0.154797
0.0407128
0.0025117
0.0315267
0.450189
0.271199
0.106426
0.171038
0.015662
0.677948
0.142766
0.109564
0.00815309
0.244652
0.0335265
0.737505
0.709598
0.59787
0.639036
0.529675
0.767536
0.190097
0.262494
0.00280382
0.686929
0.485385
0.500189
0.160828
0.383347
0.533842
0.217065
0.400341
0.591089
0.186733
0.267472
0.377154
0.34187
0.545923
0.0849025
0.585404
0.176295
0.332452
0.789641
0.404851
0.131233
0.0100967
0.0760758
0.283025
0.632318
0.479655
0.690077
0.0444488
0.696147
0.166295
0.336627
0.36425
0.568799
0.00933381
0.0195592
0.0335172
0.540126
0.00577813
0.510017
0.0854136
0.130893
0.103492
0.000685713
0.661457
0.000532384
0.83368
0.00919038
0.406015
0.452332
0.296844
0.0520629
0.314424
0.00396117
0.00269153
0.520416
0.656751
0.00923971
0.0555372
0.294466
0.181442
0.573041
0.472062
0.152525
0.284933
0.160387
0.0274815
0.679441
0.727313
0.43867
0.322941
0.459721
0.185869
0.580726
0.0460215
0.453669
0.00343682
0.00774202
0.0945026
0.0367272
0.549984
0.000365042
0.00993282
0.445867
0.552943
0.181424
0.048472
0.462298
0.322084
0.682724
0.228423
0.234671
0.0118367
0.377553
0.112325
0.000656971
0.236423
0.198805
0.0514036
0.744495
0.00133356
0.111132
0.877846
0.456775
0.72822
0.0496017
0.19352
0.341029
0.686262
0.00937082
0.0204287
0.0133117
0.463514
0.214698
0.0935212
0.664028
0.0190494
0.278626
0.192221
0.0413646
0.458886
0.0936683
0.0951529
0.605578
0.529357
0.574638
0.00340495
0.578636
0.100067
0.00339711
0.420878
0.402534
0.51421
0.332867
0.0262047
0.203692
0.341225
0.438721
0.0124178
0.724195
0.607949
0.764244
0.0220584
0.214734
0.00122016
0.810082
0.507077
0.309352
0.00201196
0.309737
0.484583
0.00252647
0.227139
0.0262455
0.056901
0.742013
0.0408302
0.657495
0.04252
0.0167275
0.731124
0.437694
0.813724
0.731608
0.600176
0.0254781
0.000721028
0.215746
0.738444
0.657499
0.0197704
0.00267936
0.453365
0.511609
0.751847
0.269165
0.00760646
0.000733183
0.000169254
0.164265
0.248927
0.0851268
0.201886
0.0585874
0.0393306
0.364311
0.000333694
0.341943
0.269557
0.350817
0.00861751
0.00431083
0.10175
0.672101
0.187514
0.15756
0.735271
0.452109
0.0179209
0.394171
0.0563863
0.00846018
0.148679
0.547639
0.211328
0.277174
0.453312
0.462469
0.552031
0.183639
0.684379
0.431571
0.00382035
0.355972
0.00115516
0.0194386
0.0684171
0.136257
0.0990478
0.144197
0.476615
0.44664
5.96288e-05
0.309912
0.0660952
0.0544947
0.557198
0.00554895
0.50612
0.0184715
0.20141
0.0109868
0.0902885
0.0202784
0.007452
0.374911
0.864759
0.228793
0.341251
0.397318
0.796262
0.402075
0.62461
0.210008
0.45371
0.405772
0.000545701
0.0560415
0.00486694
0.473923
0.558388
0.560953
0.794682
0.857748
0.0015198
0.00130879
0.396742
0.235087
0.137772
0.0145344
0.160924
0.00343407
0.293518
0.568292
0.0504513
0.235506
0.10367
0.167692
0.280114
0.726305
0.0379388
0.445296
0.399812
0.538005
0.00400618
0.1368
0.405918
0.0266157
0.245065
0.0625884
0.293887
0.0313216
0.403208
0.471415
0.516974
0.0346229
0.00370014
0.207182
0.719376
0.365168
0.536575
0.822694
0.116615
0.340127
0.410904
0.667012
0.196337
0.58736
0.632452
0.00843497
0.0173028
0.0357688
0.215359
0.221015
0.00805258
0.39684
0.595521
0.0109348
0.0819412
0.189261
0.0268246
0.759284
0.0117057
0.276658
0.547577
0.160509
0.205688
0.505729
0.221764
0.000758672
0.00307146
0.35663
0.0138679
0.000740828
0.286173
0.266486
0.00666639
0.121238
0.0182933
0.680924
0.427146
0.00677609
0.0682516
0.639156
0.215313
0.0539454
0.101063
0.646537
0.422243
0.735258
0.00111895
0.659176
0.107967
0.528166
0.20793
0.00488696
0.44569
0.517161
0.115428
0.319689
0.0660189
0.941828
0.253083
0.0272645
0.606516
0.28746
0.0780064
0.722731
0.452323
0.365809
0.535819
0.287787
0.0800868
0.140492
0.0613629
0.641756
0.116034
0.53476
0.0105802
0.0202849
0.501668
0.00570884
0.279399
0.335251
0.20544
0.13911
0.25578
0.661524
0.120933
0.565916
0.538961
0.00228039
0.0300499
0.0527317
0.0236102
0.00105688
0.308007
0.160221
0.271501
0.557772
0.10507
0.696654
0.57422
0.0271051
0.00241874
0.347045
0.0835377
0.798141
0.414639
0.349518
0.574291
0.0607814
0.198746
0.497859
0.125443
0.357774
0.69767
0.04256
0.0167986
0.269621
0.335765
0.245787
0.328042
0.690738
0.501124
0.561995
0.0882961
0.3209
0.000364678
0.350338
0.494663
0.0370734
0.0614679
0.00793429
0.0644094
0.0311649
0.00840173
0.140732
0.0273138
0.0915869
0.247134
0.00215444
0.474659
0.218712
0.252989
0.270186
0.00455206
0.764677
0.235736
0.00883232
0.443291
0.00323088
0.551796
0.177383
0.788896
0.130938
0.0208553
0.107754
0.308137
0.37293
0.583921
0.36144
0.0618347
0.00351068
0.129903
0.186215
0.110185
0.365002
0.00207132
0.11174
0.771244
0.304984
0.000509639
0.540434
0.0848927
0.573178
0.38085
0.661218
0.518016
0.0302495
0.379736
0.0265633
0.00848938
0.251312
0.00200151
0.0241882
0.0100336
0.100764
0.51312
0.237692
0.0437673
0.294438
0.0305797
0.028602
0.650035
0.214898
0.0365058
0.618111
0.293597
0.0740602
0.538294
0.509813
0.264448
0.0196876
0.000807902
0.615249
0.000488388
0.00860957
0.199235
0.195055
0.00240969
0.242146
0.435168
0.186687
0.408086
0.329584
0.518795
0.650845
0.37495
0.39294
0.468452
0.0365325
0.000587107
0.153202
0.0696984
0.191547
0.371548
0.475787
0.000350488
0.113715
0.369954
0.43603
0.550686
0.230102
0.0555068
0.639257
0.344166
0.784179
0.00487661
0.342441
0.245706
0.87533
7.34645e-05
0.525875
0.498672
0.146424
0.179476
0.0232833
0.055708
0.801558
0.0168122
0.5162
0.525771
0.118307
0.841557
0.107337
0.278093
0.603824
0.279919
0.572862
0.38514
0.00409764
0.346531
0.719995
0.000104919
0.515891
0.0928521
0.00460655
0.00101636
0.139944
0.623994
0.170399
0.293355
0.00755002
0.0126075
0.295833
0.668108
0.0134353
0.0295508
0.734108
0.0295898
0.728952
0.433433
0.329011
0.648029
0.337516
0.0288155
0.0291625
0.00906501
0.0133758
0.0166057
0.00207871
0.139843
0.201333
0.509173
0.417586
0.214813
0.017566
0.0230762
0.273718
0.0424161
0.00100559
0.718156
0.620751
0.282759
0.520578
0.017659
0.736144
0.39821
0.0888078
0.330423
0.00277111
0.0477003
0.0617414
0.0105084
0.0547855
0.560063
0.136863
0.744917
0.0910726
0.000991983
0.010564
0.0090936
0.208837
0.3401
0.695797
0.479865
0.220792
0.0592675
0.000788423
0.50797
0.531058
0.204502
0.708955
0.289884
0.144447
0.211406
0.252329
0.342127
0.000779737
0.00346249
0.17277
0.519355
0.513364
0.00199317
0.0083179
0.000581805
0.113783
0.725942
0.301812
0.358397
0.00762568
0.230736
0.651662
0.70092
0.0423746
0.0806293
0.053473
0.416267
0.56989
0.373132
0.628756
0.0336511
0.00542264
0.0397856
0.175443
0.143188
0.0148743
0.0141464
0.0715379
0.196438
0.401285
0.598113
0.500762
0.000498651
0.000470062
0.0191854
0.1061
0.256378
0.106078
0.180584
0.101874
0.101912
0.00192162
0.0412105
0.506518
0.754753
0.433746
0.353397
0.330281
0.476193
0.419962
0.559886
0.274398
0.00483634
0.141379
0.711265
0.664829
0.551096
0.328648
0.519247
0.0648245
0.494312
0.31162
0.00856188
0.000195548
0.000198991
0.678974
0.0784641
0.0103716
0.0362234
0.124073
0.455757
0.708529
0.0842581
0.518507
0.0014178
0.397626
0.235179
0.0401099
0.487767
0.112749
0.13551
0.163189
0.323102
0.670113
0.514823
0.801565
0.0390117
0.107003
0.123795
0.413106
0.102184
0.0646845
0.169806
0.23682
0.583382
0.458724
0.0115097
4.42823e-05
0.811538
0.444468
0.00227046
0.455116
0.11363
0.488608
0.0174454
0.00167514
0.000906047
0.628182
0.637577
0.202381
0.0670575
0.837965
0.556279
0.422379
0.00708373
0.12241
0.182405
0.0709642
0.131323
0.0122351
0.284767
0.633631
0.277057
0.0352032
0.166102
0.00680371
0.00028778
0.68865
0.641967
0.701195
0.0852749
0.561231
0.259512
0.79968
0.453504
0.397832
0.700903
0.0831904
0.111264
0.0301115
0.00599914
0.478857
0.0261713
0.0312977
0.427951
0.530919
0.235554
0.0182294
0.267551
0.0208685
0.746638
0.0517969
0.0360503
0.66831
0.535673
0.686866
0.778381
0.0119712
0.812825
0.490913
0.313722
0.396998
0.275639
0.751165
0.271082
0.0967804
0.0208039
0.719726
0.0075947
0.349299
0.786342
0.365123
0.087924
0.680835
0.0821071
0.449028
0.01947
0.00176694
0.497265
0.469508
0.749001
0.471609
0.597913
0.0326752
0.298478
0.609347
0.854823
0.280789
0.34148
0.46453
0.162941
0.0725483
0.41993
0.522163
0.481631
0.0866118
0.523876
0.670458
0.0342974
0.00340908
0.0600779
0.617489
0.0127208
0.659152
0.669271
0.178784
0.0273598
0.467814
0.750729
0.047324
0.00111913
0.68028
0.335617
0.53707
0.671039
0.0201343
0.5853
0.532007
0.871387
0.00040064
0.167343
0.450073
0.517702
0.574099
0.272462
0.660957
0.599611
0.0835669
0.0477974
0.179792
0.408407
0.110753
0.255904
0.36135
0.322444
0.43042
0.497452
0.0769856
0.62402
0.0060938
0.731814
0.00985237
0.505157
0.0155138
0.0340564
0.42203
0.289003
0.54059
0.00522518
0.0464498
0.335393
0.544389
0.349162
0.119314
0.400159
0.0867301
0.114855
0.00351731
0.520669
0.005086
0.856698
0.107196
0.130583
0.640654
0.00665938
0.00218727
0.0254131
0.160756
0.712202
0.384116
0.0410856
2.02394e-05
0.441755
0.458998
0.43789
0.481939
0.314465
0.194748
0.270896
0.00147454
0.0696634
0.18587
0.342276
0.409822
0.113707
0.153752
0.38042
0.779449
0.00418793
0.385369
0.368338
0.113733
0.0917112
0.599153
0.082612
0.471426
0.0383378
0.00203672
0.189543
0.247663
0.495205
0.53738
0.0697439
0.269047
0.495676
0.378742
0.420742
0.647183
0.582653
0.450734
0.0970377
0.259941
0.00287014
0.778838
0.0849637
0.477688
0.0803679
0.09876
0.593221
0.000724917
0.258305
0.00063927
0.000889362
0.293803
0.228602
0.658016
0.718737
0.00397188
0.162109
0.335314
0.658447
0.00101926
0.357757
0.286119
0.256413
0.0324278
0.0216816
0.633437
0.374969
0.554628
0.709606
0.258233
0.317818
0.467992
0.00455985
0.00505944
0.502632
0.243206
0.717524
0.0961475
0.00376524
0.0594016
0.45123
0.704269
0.140396
0.358276
0.924137
0.5362
0.819689
0.484679
0.0836963
0.610013
0.151025
0.0029052
0.437702
0.411542
0.493159
0.0812311
0.498845
0.00691454
0.188418
0.292198
0.221205
0.589064
0.0137625
0.310697
0.00458282
0.000171861
0.59174
0.342287
0.00306337
7.5477e-06
0.622789
0.287325
0.526249
0.196131
0.0985025
0.274788
0.517432
0.148958
0.0263763
0.524898
0.280466
0.17743
0.887717
3.72059e-05
0.238755
0.397413
0.308612
0.729016
0.338498
0.352275
0.152525
0.408749
0.139636
0.308808
0.651673
0.590932
0.00302846
0.349769
0.0917694
0.139367
0.283178
0.580814
0.00313517
0.0138551
0.463473
0.154313
0.0027884
0.359411
0.449911
0.000565712
0.235722
0.499571
0.427582
0.224686
0.205868
0.117425
0.302022
0.877273
0.00582822
0.661555
0.00866562
0.244613
0.678031
0.00559379
0.599659
0.560716
0.467576
0.0344628
0.6182
0.623943
0.688867
0.00054842
0.253276
0.00339724
0.420184
0.0858537
0.0593638
0.00116116
0.0667884
0.00268788
0.335511
0.533539
0.0384421
0.506741
0.000678077
0.58345
0.174309
0.00397598
0.482056
0.0390913
0.0579519
0.0138038
0.0147862
0.00162487
0.254307
0.034517
0.172879
0.408347
0.676859
0.000841457
0.797833
0.731148
0.144903
0.406007
0.65571
0.0027056
0.346197
0.355934
0.284879
0.613767
0.20209
0.0186453
0.368681
0.0225306
0.320885
0.0200848
0.511073
0.000780189
0.0318856
0.351672
0.569872
0.0672079
0.000820141
0.430046
0.395091
0.539665
0.00102263
0.338732
0.223506
0.0299395
0.728791
0.0630739
0.0146414
0.539793
0.0537477
0.340345
0.237825
0.0570921
0.503533
0.338371
0.696357
0.00839733
0.66818
0.435967
0.799888
0.11201
0.0906857
0.0875704
0.000990523
0.123641
0.251856
0.00827766
0.461127
0.78728
0.160824
0.0392835
0.0309854
0.756068
0.364598
0.0640549
0.672182
0.190604
0.897267
0.0611055
0.0612244
0.309645
0.12833
0.297719
0.496215
0.681006
0.00813681
0.200741
0.400661
0.372119
0.744429
0.206435
0.0557646
0.0944252
0.583892
0.659544
0.000412172
0.142099
0.757426
0.416522
0.00546925
0.00300735
0.0134396
0.284786
0.29384
0.0726796
0.198759
0.6216
0.190194
0.4077
0.181595
0.0504347
0.164046
0.00240023
0.545008
0.45057
0.698249
0.793017
0.308207
0.679399
0.0169416
0.044243
0.588078
0.00626999
0.698504
0.525552
0.25263
0.304436
0.311634
0.0529531
0.0344526
0.28265
0.574127
0.540948
0.458686
0.673763
0.55663
0.696998
0.661907
0.241531
0.378025
0.0422848
0.333742
0.24129
0.0027869
0.77122
0.000687863
0.256706
0.463959
0.387887
0.591334
0.00379665
0.00177123
0.000485531
0.0630324
0.420197
0.476209
0.507661
0.569589
0.256051
0.2902
0.565773
0.0579154
0.812405
0.303763
0.70821
0.0208733
0.189161
0.288541
0.206019
0.557706
0.00318018
0.0854838
0.0209988
0.517379
0.876368
0.0127293
0.359864
0.181211
0.416761
0.15481
0.655558
0.365083
0.861542
0.0266968
0.285176
0.502474
0.0209497
0.10145
0.286903
0.654177
0.0134482
0.788357
0.234185
0.187478
0.562996
0.371844
0.105624
0.410916
0.0669314
0.288188
0.118144
0.403484
0.0101372
0.753205
0.671777
0.000401334
0.0221289
0.672919
0.448567
0.3355
0.606938
0.462384
0.132505
0.0984289
0.0763465
0.00948028
0.246304
0.230014
0.306058
0.314388
0.472924
0.360564
0.710896
0.123953
0.0118955
0.741316
0.670637
0.00446839
0.37229
0.00197159
0.0175358
0.23628
0.739388
0.222504
0.191739
0.54096
0.152176
0.68704
0.521639
0.603947
0.23752
0.356804
0.0866525
0.358669
0.328364
0.100967
0.0193349
0.54064
0.316836
0.722432
0.573045
0.115302
0.41282
0.558851
0.694769
0.121475
0.112207
0.553146
0.111282
0.023815
0.181451
0.0257399
0.322175
0.776526
0.409216
0.0466049
0.486716
0.598875
0.264919
0.261329
0.723709
0.0746055
0.0337286
0.368202
0.135335
0.096681
0.0278165
0.40503
0.260091
0.348191
0.306122
0.622955
0.256271
0.00282946
0.0275383
0.705725
0.00244086
0.242049
0.0163453
0.00363762
0.113457
0.00682006
0.865037
0.0157964
0.00037478
0.826594
0.139138
0.503569
0.55712
0.260296
0.210406
0.258682
0.789008
0.195665
0.166962
0.785221
0.290355
0.0594086
0.0211451
0.384883
0.440772
0.17017
0.323399
0.496601
0.462007
0.101833
0.139258
0.557745
0.30695
0.0424808
0.0416682
0.0231205
0.126713
0.763933
0.518123
0.127533
0.0644298
0.556359
0.80924
0.344529
0.248584
0.264975
0.0581279
0.556904
0.681339
0.663776
0.827534
0.103534
0.742853
0.0141007
0.304558
0.127888
0.597307
0.321405
0.619974
0.813974
0.386108
0.0250503
0.898019
0.630968
0.441037
0.442054
0.299715
0.249086
0.396908
0.304699
0.143334
0.752564
0.74249
0.333733
0.0101098
0.492949
0.766763
0.630801
0.698229
0.252889
0.746851
0.362289
0.00746317
0.522246
0.732215
0.299784
0.167282
0.527431
0.0419074
0.532717
0.377397
0.000123709
0.676218
0.0770632
0.437978
0.481867
0.714903
0.603339
0.258976
0.619229
0.340603
0.373151
0.598595
0.227492
0.444901
0.693949
0.331832
0.0572745
0.000492466
0.0357619
0.00775017
0.248088
0.300136
0.08674
0.0509559
0.0715355
0.434387
0.0978441
0.163921
0.275137
0.244842
0.382213
0.228814
0.565569
0.411265
0.0707616
0.499893
0.204489
0.0159553
0.0250263
0.146039
0.373457
0.37194
0.712351
0.467855
0.00470372
0.506526
0.39626
0.77797
0.209512
0.036558
0.129086
0.583411
0.345779
0.615975
0.70974
0.677855
0.0610892
0.751712
0.01215
0.0659659
0.0961326
0.607352
0.276797
0.503981
0.528198
0.465039
0.366577
0.129461
0.0147885
0.153139
0.124812
0.713861
0.529616
0.00707607
0.00832679
0.134947
0.281542
0.0649771
0.350606
0.535962
0.111489
0.00371284
0.205873
0.268331
0.438773
0.860912
0.0102751
0.695269
0.59448
0.000806312
0.136921
0.293332
0.348575
0.031153
0.588125
0.0572271
0.358408
0.000130982
0.872066
0.00021379
0.603939
0.749808
0.55499
0.454745
0.765772
0.0400833
0.0671671
0.0528964
0.416227
0.376673
0.00975826
0.070758
0.455811
0.539123
0.698656
0.304131
0.822095
0.644158
0.687746
0.558827
0.666998
0.0748197
0.0608012
0.165541
0.0387127
0.359927
0.635093
0.0128926
0.563919
0.0096361
0.171204
0.365223
0.171083
0.153613
0.543605
0.496449
0.365713
0.0382215
0.793322
0.219468
0.467718
0.218278
0.355024
0.164527
0.492331
0.392814
0.26543
0.27489
0.391274
0.113488
0.204237
0.760984
0.516476
0.391448
0.19473
0.380491
0.0219081
0.0239398
0.0852537
0.677863
0.00203296
0.543484
0.721345
0.716547
0.00703682
0.033845
0.554581
0.208534
0.00366189
0.248066
0.667758
0.109338
0.848853
0.786524
0.330975
0.315521
0.24836
0.024924
0.588166
0.176365
0.0777662
0.201896
0.0363216
0.00826687
0.414111
0.337144
0.0294645
0.353561
0.252399
0.347172
0.00895653
0.556328
0.00418062
0.168919
0.0357638
0.217129
0.1934
0.0622211
0.494725
0.781487
0.352468
0.0294607
0.776131
0.00759407
0.311519
0.00504339
0.164384
0.331348
0.605149
0.805655
0.298011
0.341266
0.183682
0.000574639
0.0126356
0.271871
0.56986
0.408368
0.0230034
0.0540916
0.767531
0.223071
0.00966875
0.00582451
0.3615
0.0013613
0.43335
0.319122
0.300885
0.790451
0.314908
0.000520547
0.8
0.46219
0.455368
0.771745
0.364945
0.365773
0.35345
0.00372321
0.474933
0.690563
0.828872
0.589199
0.0322253
0.0651429
0.0391929
0.119923
0.0318286
0.0669145
0.410967
0.261707
0.048574
0.188128
0.00220238
0.77678
0.47802
0.018906
0.0177114
0.0750792
0.618766
0.474698
0.305591
0.128204
0.605523
0.429541
0.557239
0.768176
0.00366228
0.428885
0.855549
0.766599
0.144441
0.299709
0.017351
0.19283
0.0257402
0.00720483
0.57167
0.20195
0.797378
0.383849
0.569382
0.105195
0.578032
0.0147857
0.0608486
0.0386387
0.0386561
0.592922
0.47541
0.0407806
0.777401
0.209631
0.640877
0.0732324
0.525257
0.144008
0.121765
0.46055
0.00228701
0.0243002
0.195654
0.463905
0.722681
0.0109774
0.597477
0.221424
0.663925
0.178656
0.0454493
0.088665
0.343346
0.457186
0.115815
0.0441896
0.00377892
0.00366067
0.764729
0.0927017
0.0187433
0.591351
0.533694
0.587445
0.310529
0.835629
0.530961
0.0320287
0.624603
0.611988
0.597486
0.531521
0.196646
0.223504
0.470969
0.0131055
0.318952
0.0363148
0.283472
0.659509
0.00627437
0.151564
0.017141
0.531015
0.0447508
0.663018
0.104202
0.577694
0.00237176
0.542447
0.13654
0.105787
0.443434
0.26383
0.503168
0.404425
0.826229
0.048474
0.0262285
0.240593
0.380979
0.154508
0.340383
0.0307565
0.338297
0.271033
0.368227
0.20314
0.12145
0.463377
0.0074684
0.3352
0.141353
0.0180446
0.676674
0.036765
0.0818622
0.526136
3.6376e-05
0.38417
0.0717872
0.551236
0.0484579
0.616055
0.675998
0.66025
0.00228898
0.584801
0.00455805
0.0260276
0.108735
0.39588
0.465437
0.00020548
0.583264
0.463043
0.0366327
0.00488316
0.00216842
0.193362
0.517674
0.084988
0.178864
0.299986
0.67333
0.545736
0.819007
0.0412765
0.400894
0.0328703
0.240714
0.0260853
0.400699
0.719189
0.495171
0.121638
0.554088
0.184919
0.106796
0.546414
0.168529
0.296047
0.532161
0.134167
0.473635
0.198691
0.0293661
0.0531247
0.712338
0.236669
0.679414
0.476547
0.551798
0.806289
0.223826
0.538233
0.566696
0.0114362
0.222331
0.283771
0.113443
0.226699
0.000991046
0.769503
0.719939
0.750055
8.16062e-05
0.124247
0.290047
0.187474
0.131471
0.0968702
0.712773
0.73619
0.421579
0.579095
0.632833
0.409009
0.153541
0.115421
0.310791
0.0943436
0.000825949
0.158756
0.236409
0.1463
0.0461784
0.0706537
0.0980136
0.00855181
0.393379
0.00106602
0.425369
0.0691413
0.54654
0.367597
0.251952
0.53897
0.200244
0.0299456
0.00593865
0.0419167
0.419727
0.63421
0.0292226
0.113359
0.212468
0.185742
0.604859
0.142828
0.30652
0.779451
0.07265
0.44351
0.00110024
0.388033
0.361897
0.00128208
0.421961
0.454582
0.00091711
0.46469
0.00507915
0.0924651
0.798898
0.427385
0.605363
0.140821
0.404836
0.0782072
0.443535
0.138809
0.552622
0.129057
0.32549
0.0329053
0.657876
0.211685
0.0207326
0.549422
0.00372321
0.327066
0.0254276
0.424922
0.222255
0.586707
0.549646
0.286159
0.240552
0.729191
0.365907
0.257935
0.00477024
0.312316
0.0156171
0.122647
0.228936
0.193996
0.0166366
0.00735821
0.0428863
0.0156035
0.0381745
0.436906
0.00016481
0.302286
0.00233586
0.464094
0.632264
0.204523
0.433026
0.0304934
0.00657535
0.727568
0.000384127
0.521099
0.098715
0.397027
0.0648145
0.00145647
0.711558
0.85954
0.0234054
0.194329
0.348279
0.278715
0.376049
0.0380254
0.825556
0.350222
0.0771083
0.699659
0.406577
0.493307
0.361145
0.186086
0.59204
0.309844
0.486031
0.262924
0.177819
0.00830531
0.411276
0.76497
0.0891097
0.274649
0.558245
0.473157
0.562966
0.326815
0.534807
0.693794
0.0315381
0.491378
0.53468
0.86076
0.689136
0.00525879
0.19947
0.639932
0.380788
0.319526
0.0310539
0.182611
0.599591
0.526304
0.275257
0.717131
0.176994
0.866002
0.419039
0.489866
0.694067
0.429724
0.117212
0.538578
0.334008
0.0592749
0.154629
0.00983917
0.0131892
0.00953649
0.822875
0.5924
0.777959
0.0159092
0.386903
0.0640404
0.618581
0.519505
0.230346
0.203053
0.00950474
0.169658
0.257409
0.330595
0.615889
0.171713
0.301991
0.120773
0.0352665
0.0333603
0.116867
0.678612
0.61734
0.552285
0.710693
0.761799
0.690529
0.00977058
0.152741
0.00572555
0.397649
0.265927
0.224868
0.178831
0.208258
0.630051
0.838362
0.126082
0.656534
0.00871081
0.649724
0.476442
0.406533
0.247319
0.0544325
0.316307
0.143621
0.0238112
0.64855
0.158883
0.0030831
0.00285525
0.167291
0.727984
0.0149669
0.262634
0.0455695
0.0248718
0.224712
0.741586
0.468364
0.488387
0.701852
0.233816
0.723522
0.0181496
0.0984846
0.267174
0.00519697
0.516363
0.00069272
0.552911
0.306841
0.0154572
0.213816
0.0781489
0.189945
0.619115
0.529556
0.458357
0.371161
0.211702
0.63566
0.72816
0.280781
0.697699
0.34028
0.00211678
0.117422
0.0188095
0.171902
0.513178
0.243524
0.18958
0.260393
0.377531
0.279768
0.256255
0.10698
0.0113233
0.174605
0.00397656
0.238075
0.0337515
0.205277
0.537663
0.0122584
0.509526
0.524077
0.673698
0.0890157
0.673011
0.725934
0.592379
0.252575
0.225519
0.0105499
0.0378896
0.00446599
0.000413887
0.228129
0.749952
0.0351228
0.0152439
0.475932
0.392592
0.0100889
0.0385731
0.220018
0.280624
0.220834
0.714919
0.00266593
0.177172
0.0455964
0.196481
0.565646
0.782675
0.447687
0.668949
0.00833978
4.54401e-05
0.0446257
0.657878
0.144997
2.07275e-05
0.555372
0.213619
0.420849
0.389656
0.0703811
0.496507
0.153708
0.407922
0.0173618
0.0621337
0.0774787
0.550456
0.445532
0.0107547
0.781782
0.677264
0.40763
0.535653
0.715805
0.40272
0.86794
0.0419459
0.595461
0.56108
0.694543
0.00551438
0.14742
0.714031
0.723825
0.569908
0.202292
0.688996
0.565883
0.494874
0.749885
0.368375
0.148095
0.608801
0.064732
0.241126
0.102796
0.567444
0.0543494
0.279155
0.607283
0.0632985
0.321236
0.508658
0.452104
0.24571
0.374306
0.00452769
0.0458971
0.0421215
0.000129924
9.71693e-06
0.681266
0.354915
2.79409e-06
0.167251
0.529072
0.225788
0.33352
0.355533
0.000445401
0.099089
0.648733
0.377825
0.655499
0.743366
0.0845866
0.459133
0.119846
0.147438
0.284969
0.123296
0.272279
0.444696
0.196877
0.0885005
0.353544
0.5694
0.671746
0.52397
0.00654155
0.684663
0.00604395
0.325843
0.556159
0.49252
0.0886907
0.618293
0.014515
0.327547
0.116936
0.356726
0.03821
0.132134
0.0564767
0.344942
0.10844
0.382131
0.0797109
0.348061
0.416205
0.124058
0.0798806
0.372565
0.768346
0.240197
8.20629e-06
0.0496251
0.0684027
0.00326803
0.660566
0.110593
0.0867117
0.410593
0.194642
0.677421
0.028215
0.00460158
0.666555
0.00989367
0.359788
0.00400418
0.0156404
0.299453
0.419309
0.316229
0.605647
0.21101
0.234751
0.719049
0.260508
0.358381
0.616255
0.275599
0.183984
0.431503
0.865673
0.740004
0.71165
0.0995041
0.704744
0.159747
0.0456017
0.0169069
0.638913
0.331157
0.163444
0.614053
0.134962
0.00883895
0.294584
0.00576448
0.0198931
0.578465
0.183147
0.49553
0.654738
0.0384558
0.00808011
0.184969
0.649195
0.000390197
0.860009
0.675113
0.672049
0.697169
0.853008
0.761014
0.458516
0.594541
0.391167
0.351446
0.0736633
0.46229
0.0114078
0.00805771
0.425906
0.505021
0.0098839
0.38492
0.515549
0.0391485
0.557322
0.036152
0.00243861
0.312982
0.0685366
0.628466
0.127695
0.0153724
0.15919
0.0590515
0.652119
0.253737
0.0074673
0.0564119
0.618761
0.335348
0.518844
0.590019
0.000209677
0.0161872
0.406003
0.619713
0.644888
0.32572
0.144584
0.0015674
0.377773
0.00249358
0.0070228
0.0200279
0.776128
0.000354619
0.069528
0.66315
0.456409
0.0440912
0.0438385
0.0193979
0.768515
0.0790696
0.300239
0.06833
0.00477215
0.00517031
0.0266479
0.262342
0.0995203
0.468035
0.180954
0.441075
0.0324863
0.460175
0.409701
0.00181193
0.792074
0.505267
0.0454231
0.600673
0.0409579
0.0995313
0.167025
0.397975
0.560523
0.732787
0.000917434
0.771018
0.0172052
0.195172
0.18089
0.0336871
0.788342
0.591793
0.299109
0.665557
0.249648
0.421912
0.0145792
0.472885
0.0667841
0.0284435
0.234275
0.403194
0.0432219
0.188501
0.611196
0.291554
0.0598439
0.331371
0.20334
0.102498
0.193394
0.780294
0.25439
0.498974
0.0068059
0.0731007
0.367951
0.298319
0.419051
0.00108599
0.592783
0.0841307
0.31163
0.140333
0.301804
0.415474
0.0994506
0.283717
0.339907
0.319051
0.363386
0.0280231
0.131752
0.198593
0.369651
0.0516436
0.00322573
0.0176834
0.591367
0.830615
0.28984
0.00378466
0.6419
0.135715
0.0447594
0.671533
0.137356
0.529837
0.104426
0.0518311
0.0138173
0.322817
0.0419736
0.000793541
0.216577
0.871855
0.142364
0.617506
0.0554526
0.0840882
0.730824
0.264918
0.198902
0.0698866
0.00523021
0.00401404
0.708422
0.0759688
0.329629
0.38284
0.299365
0.237862
0.727445
0.0386455
0.308995
0.0341484
0.483185
6.36331e-05
0.398959
0.387353
0.171085
0.162895
0.0265256
0.00107848
0.53334
0.557454
0.000784144
0.104337
0.00347342
0.312473
0.102229
0.160825
0.108581
0.444597
0.561199
0.352737
0.0464036
0.260618
0.00261736
0.320796
0.211596
0.675432
0.0087793
0.00134532
0.794296
0.0244005
0.17371
0.597958
0.055148
0.117705
0.485922
0.203165
0.0331674
0.641214
0.10703
0.321101
0.00262854
0.130425
0.243452
0.0122656
0.516001
0.149185
0.648891
0.221345
0.558236
0.182627
0.778116
0.641832
0.759649
0.426733
0.00165936
0.0524707
0.290289
0.472613
0.45811
0.00145611
0.568713
0.312702
0.671514
0.0280217
0.58554
0.823782
0.313131
0.153442
0.0218665
0.0857545
0.715005
0.0396713
0.0872364
0.182614
0.000630979
0.0803827
0.562709
0.307222
0.598891
0.0964745
0.0141567
0.0309846
0.132694
0.348569
0.0463515
0.385228
0.652732
0.480459
0.411235
0.480428
0.00205829
0.011188
0.415246
0.242831
0.126647
0.0795148
0.495229
0.0360225
0.0441007
0.0178212
0.358716
0.647835
0.620007
0.153255
0.3167
0.531664
0.720664
0.380626
0.382309
0.117911
0.656076
0.410372
0.352538
0.00263434
0.0767597
0.0862854
0.42475
0.269626
0.765145
0.00791056
0.0971119
0.563676
0.0540451
0.0183997
0.494165
0.533266
0.2299
0.0305042
0.20126
0.640822
0.843025
0.228035
0.000124807
0.271764
0.233609
0.298916
0.0403785
0.130137
0.137449
0.264741
0.165011
0.61095
0.28359
0.209623
0.302217
0.671472
0.12269
0.10856
0.000813271
0.303666
0.509739
0.0176794
0.426256
0.0795027
0.439555
0.265155
0.0327639
0.674335
0.490683
0.0419856
0.49439
0.204795
0.520203
0.235042
0.819005
0.432317
0.172286
0.217529
0.173988
0.540618
0.0566249
0.842177
0.0175268
0.123762
0.728842
0.097284
0.0470348
0.121752
0.603432
0.526877
0.442924
0.333709
0.27331
0.23745
0.375003
0.22568
0.0767189
0.484792
0.052503
0.439698
0.00723975
0.216678
0.534145
0.361355
0.199138
0.537099
0.563913
0.751846
0.000151373
0.519561
0.220916
0.799466
0.387047
0.0467073
0.0423944
0.0106821
0.510606
0.622784
0.156679
0.522853
0.00987046
0.0916339
0.0996608
0.517077
0.0123772
0.470596
0.00269622
0.602165
0.277381
0.011622
0.107894
0.0551477
0.345044
0.233631
0.3352
0.313064
0.392106
0.382694
0.396467
0.00830457
0.459067
0.302192
0.157208
0.387171
0.165831
0.181649
0.165494
0.488402
0.497187
0.180638
0.457752
0.173846
0.183463
0.00852181
0.747305
0.59384
0.0126105
0.0280338
0.528462
0.000449497
0.0564766
0.303256
0.537543
0.596107
0.138619
0.490945
0.00175297
0.352795
0.526207
0.333035
0.284111
0.335959
0.740655
0.476013
0.0258063
0.30045
0.000565364
0.0372068
0.46575
0.527165
0.858733
0.173733
0.469844
0.395186
0.000597954
0.00594338
0.391358
0.0156851
0.413243
0.12853
0.638809
0.434282
0.0339095
0.224348
0.235894
0.112779
0.0329379
0.447323
0.394774
0.4831
0.0182504
0.309185
0.66412
0.299746
0.0731785
0.475851
0.0709685
0.196435
0.750564
0.3785
0.110877
0.451377
0.0331314
0.157549
0.429132
0.460087
0.105976
0.11709
0.169203
0.277627
0.776516
0.716501
0.138155
0.244259
0.429956
0.170512
0.427581
0.337604
0.56623
0.15081
0.703157
0.0705022
0.307809
0.0726584
0.0178038
0.594261
0.533286
0.0441104
0.253179
0.651332
0.34418
0.281099
0.167202
0.34739
0.855598
0.608135
0.0493632
0.178156
0.086725
0.212226
0.629107
0.107538
0.678508
0.587792
0.418999
0.342181
0.185715
0.144032
0.0230266
0.127569
0.566978
0.41582
0.249803
0.0224935
0.477868
0.000802248
0.0518373
0.820891
0.274673
0.538309
0.102789
0.398755
0.474396
0.0417805
0.638552
0.000279563
0.0272776
0.337375
0.129813
0.584111
0.624064
0.424779
0.0466413
0.515343
0.585412
0.0292237
0.0726398
0.38295
0.00721695
0.441674
0.00839374
0.0652377
0.00713044
0.0884713
0.190143
0.514739
0.4247
0.0406552
0.0959874
0.000601014
0.605962
0.172757
0.0264783
0.898876
0.185717
0.00659043
0.599749
0.108563
0.00586695
0.190171
0.346113
0.783641
0.249257
0.538141
0.116051
0.394772
0.043371
0.000768396
0.39951
0.410818
0.331106
0.112571
0.152722
0.0309062
0.519842
0.00239871
0.073766
0.459931
0.033102
0.673478
0.457567
0.0398877
0.00443622
0.451729
0.0116653
0.450525
0.325458
0.462132
0.415461
0.0939256
0.013414
0.00718996
0.516932
0.705863
0.00187939
0.277764
0.245131
0.0470301
0.624425
0.318763
0.0449939
0.336823
0.326372
0.277574
7.13282e-05
0.705143
0.65427
0.69095
0.0746174
0.32013
0.587789
0.0928963
0.00101962
0.013451
0.630258
0.0290533
0.807803
0.341159
0.00983514
0.914675
0.384347
0.0256503
0.118041
0.688832
0.685124
0.00578735
0.0790238
0.0339695
0.272688
0.00915357
0.00148766
0.00158337
0.0735946
0.443877
0.000972407
0.0943828
0.486005
0.270906
0.437992
0.280017
0.00239668
0.181575
0.0222278
0.0922965
0.103887
0.463005
0.406716
0.116882
0.305664
0.103106
0.0548602
0.418447
0.190671
0.18923
0.249123
0.00725482
0.0403684
0.635775
0.0503175
0.30354
0.425615
0.277925
0.000857454
0.622496
0.0339907
0.223883
0.770315
0.0970555
0.00708426
0.776287
0.00345953
0.0228017
0.523412
0.634174
0.468873
0.565068
0.721966
0.395904
0.584536
0.679014
0.555227
0.346704
0.0223431
0.352399
0.253641
0.677966
0.404823
0.121869
0.598165
0.439239
0.718929
0.118199
0.569653
0.93412
0.357266
0.668462
0.815755
0.436418
0.170933
0.220408
0.826604
0.239226
0.0480154
0.2902
0.375588
0.507228
0.0491219
0.538273
0.0267189
0.574092
0.0149281
0.646115
0.311444
0.0428193
0.20971
0.0135323
0.143426
0.10172
0.0716837
0.173713
0.725013
0.272496
0.424244
0.684128
0.397393
0.764736
0.137321
0.607304
0.67064
0.114913
0.0251944
0.0604522
0.473994
0.366395
0.0248743
0.0260619
0.823979
0.464541
0.208307
0.267498
0.897775
0.630115
0.291086
0.353117
0.406846
0.0097514
0.439454
0.0291226
0.694109
0.0779499
0.635605
0.527997
0.348132
0.0199449
0.15124
0.474188
0.0313399
0.672807
0.305064
0.101182
0.868169
0.0464728
0.394146
0.00121719
0.0473758
0.738942
0.388955
0.171167
0.347358
0.0777568
0.24524
0.0666998
0.321981
0.621908
0.467383
0.87447
0.546447
0.725066
0.681532
0.0133341
0.00193192
0.629087
0.790651
0.699971
0.0462996
0.578765
0.48514
0.655273
0.062618
0.582487
0.341543
0.369614
0.390447
0.81821
0.655595
0.00195526
0.0232348
0.651687
0.196334
0.326059
0.142032
0.686019
0.687966
0.392137
0.550126
0.163008
0.0259393
0.194698
0.12169
0.370736
0.733481
0.0233189
0.433651
0.306998
0.12835
0.0657095
0.538511
0.600062
0.536456
0.0616858
0.103356
0.342181
0.0451514
0.0507976
0.507928
0.0101466
0.599552
0.642631
0.216963
0.562936
0.0734951
0.177291
0.0116296
0.397422
0.0629681
0.250444
0.0640751
0.0108665
0.691
0.630117
0.423774
0.682342
0.156993
0.186506
0.00838942
0.436336
0.211693
0.39556
0.0446622
0.229637
0.90292
0.276752
0.262507
0.291885
0.146625
0.416185
0.389608
0.0724822
0.363552
0.101026
0.615354
0.555652
0.317821
0.60161
0.815888
0.508017
0.0695441
0.0122921
0.350136
0.329727
0.606332
0.00249197
0.181191
0.0199535
0.421504
0.488878
0.0011559
0.00341665
0.110569
0.526937
0.576917
0.0787404
2.13759e-05
0.42726
0.00796493
0.742711
0.612677
0.191744
0.0752269
0.243672
0.30715
0.0404563
0.509466
0.0486576
0.0990519
0.0452113
0.00968981
0.0803599
0.554653
0.118124
0.197428
0.291891
0.0232905
0.00020863
0.805213
0.7338
0.153193
0.382006
0.446705
0.150102
0.0135529
0.667463
0.0118988
0.291005
0.615868
0.250958
0.0480963
0.481996
0.0233784
0.365893
0.109255
0.445399
0.00352638
0.0650472
0.838614
0.0837672
0.107264
0.454258
0.406721
0.678752
0.0333549
0.641457
0.403799
0.5744
0.201999
0.26308
0.118344
0.255702
0.0145155
0.0201976
0.385812
0.767424
0.000561784
0.579292
0.34897
0.0165394
0.00671869
0.0221583
0.462099
0.234232
0.78117
0.268427
0.374294
0.135831
0.174457
0.0393037
0.847724
0.760446
0.625285
0.0257599
0.0111264
0.015046
0.557016
0.210184
0.340609
0.290934
0.0937739
0.15542
0.00205166
0.108239
0.322093
0.52998
0.309957
0.470578
0.353025
0.0104588
0.445978
0.574802
0.567193
0.0236105
0.0124622
0.080336
0.00237591
0.293128
0.0558616
0.80516
0.415802
0.0044091
0.0631681
0.300361
0.000529219
0.00105214
0.42526
0.121494
0.445382
0.238347
0.0515931
0.506166
0.129133
0.0963976
0.567228
0.554291
0.22693
0.211291
0.0053037
0.704567
0.344569
0.683828
0.540347
0.182286
0.649648
0.0625254
0.540347
0.0902286
0.00349063
0.137701
0.214241
0.00149217
0.0022822
0.574428
0.0665503
0.587054
0.107307
0.0124154
0.325351
0.894069
0.654905
0.589144
0.31648
0.145594
0.130852
0.3624
0.0774809
0.0888671
0.43162
0.328038
0.594877
0.752172
0.0305253
0.00165959
0.00653463
0.791412
0.581083
0.404662
0.457565
0.235632
0.359405
0.164503
0.663538
0.0656282
0.013218
0.569558
0.823886
0.0893066
0.157916
0.189138
0.0223778
0.38986
0.00249084
0.28716
0.473192
0.0774221
0.591185
0.169378
0.348969
0.577818
0.829702
0.0602655
0.0984537
0.0973197
0.162295
0.000576151
0.854036
0.265649
0.0728419
0.181237
0.0337159
0.511699
0.0288831
0.811061
0.0428828
0.555227
0.468927
0.497708
0.162642
0.2013
0.250717
0.417317
0.678938
0.366888
0.292767
0.700464
0.0256906
0.0657625
0.0776781
0.482003
0.0145154
0.0453139
0.27614
0.39364
0.0429887
0.30575
0.392294
0.0594904
0.462334
0.0317829
0.00537358
0.746808
0.39603
0.39747
0.0768192
0.565027
0.0727936
0.225683
0.521925
0.034572
0.695597
0.0335334
0.736193
0.076837
0.000461137
0.379073
0.318824
0.0361423
0.65103
0.195018
0.0171078
0.190108
0.336417
0.00655421
0.820045
4.88759e-05
0.261926
0.000851692
0.362151
0.0589845
0.251431
0.75754
0.451865
0.277988
0.05041
0.185199
0.233722
0.310429
0.405679
0.112394
0.126764
0.527485
0.259178
0.0218759
0.205475
0.161038
0.480457
0.153494
0.085543
0.0107808
0.277906
0.33387
0.109527
0.139453
0.371968
0.227306
0.0675912
0.532015
0.0305128
0.490009
0.367399
0.310676
0.725599
0.0557591
0.191264
0.32145
0.197497
0.466394
0.0160406
0.351259
0.229272
0.0031404
0.0292016
0.0177551
0.565753
0.449381
0.00868687
0.0043834
0.63855
0.0961982
0.516278
7.69713e-05
0.455755
0.181713
0.0255682
0.481782
0.289532
0.020406
0.480106
0.0036171
0.0298299
0.0562074
0.422092
0.700332
0.0173276
0.555097
0.444263
0.115992
0.0720543
0.0227791
0.148477
0.299044
0.271057
0.004228
0.569003
0.156493
0.0922675
0.615388
0.141288
0.349704
0.00480651
0.479022
0.00872411
0.592324
0.0100338
0.652216
0.195002
0.461708
0.617781
0.329499
0.577765
0.51928
0.0640006
0.0133834
0.216077
0.376833
0.650868
0.00263578
0.75311
0.516245
0.418739
0.387716
0.50733
0.324175
0.647985
0.615317
0.0374037
0.646881
0.595216
0.0621631
0.147661
0.335052
0.0140617
0.0469711
0.000216342
0.304957
0.0635067
0.846334
0.104919
0.579144
0.00557732
0.0335551
0.122784
0.260102
0.37727
0.670605
0.101924
0.787772
0.365889
0.0110147
0.708823
0.583495
0.0480894
0.261509
0.777756
0.288206
0.00557708
0.774935
0.0162046
0.392556
0.32498
0.44295
0.0903099
0.316213
0.626633
0.148565
0.259334
0.000803185
0.0144767
0.520618
0.0619867
0.218946
0.0291076
0.245583
0.0105916
0.0317438
0.000423643
0.246243
0.0296363
0.515402
0.419668
0.144038
0.0839212
0.243468
0.0763419
0.317294
0.367998
0.00179169
0.15437
0.0973648
0.73726
0.063035
0.00229677
0.0098039
0.345118
0.0119616
0.0672341
0.528619
0.243872
0.470805
0.188118
0.294029
0.0163963
0.177104
0.550425
0.819229
0.51143
0.0859068
0.15785
0.0189134
0.455325
0.179292
0.696633
0.144257
0.0970507
0.150931
0.419996
0.253462
0.238085
0.165071
0.0180153
0.581888
0.00318728
0.210168
0.000488471
0.525396
0.750471
0.452903
0.446961
0.0345117
0.0284302
0.232272
0.697363
0.000959179
0.0818388
0.815071
0.00972579
0.680245
0.130534
0.820946
0.0857664
0.441813
0.0698517
0.00442106
0.814329
0.846051
0.0925983
0.798164
0.171164
0.136864
0.0996516
0.0160354
0.262643
0.326432
0.0440149
0.00132255
0.368432
0.168607
0.15355
0.723831
0.47973
0.423656
0.334009
0.0141844
0.394707
0.465716
0.116826
0.402784
0.288565
0.798833
0.534332
0.00021548
0.0235241
0.0225882
0.0623818
0.37049
0.0761023
0.489822
0.00854299
0.771333
0.132728
0.228117
0.620503
0.000559642
7.67903e-05
0.0674511
0.727054
0.440909
0.0808896
0.305089
0.517778
0.0145867
0.00532275
0.00262714
0.690014
0.604519
0.562798
0.208212
0.545554
0.575346
0.012416
0.0778759
0.136131
0.273578
0.383059
0.0869161
0.207219
0.100507
0.411455
0.10849
0.620374
0.411746
0.0603445
0.70598
0.646045
0.0747693
0.304085
0.690196
0.359684
0.646767
0.22443
0.192337
0.125007
0.102512
0.306931
0.411455
0.0607291
0.461785
0.810258
0.00788388
0.0872093
0.0950509
0.15783
0.113011
0.0724468
0.448038
0.416568
0.0875623
0.165795
0.00492531
0.483909
0.189985
0.00711925
0.0144397
0.0526193
0.0348217
0.0271106
0.38451
0.257014
0.432802
0.00719069
0.00617405
0.432126
0.619777
0.0261501
0.0065646
0.31466
0.00792226
0.00916198
0.0435526
0.145864
0.00175626
0.525361
0.256701
0.0727845
0.488928
0.00854929
0.109094
0.579263
0.00624397
0.515014
0.314477
0.353091
0.110664
0.489095
0.571194
0.34607
0.392136
0.31457
0.0189632
0.02426
0.484012
0.570825
0.612457
0.155342
0.342349
8.67115e-06
0.0532464
0.5167
0.0833531
0.119474
0.0759471
0.125545
0.0364504
0.475889
0.661839
0.0689253
0.149727
0.0668408
0.0183958
0.102991
0.0448301
0.00183088
0.00227031
0.0397592
0.669269
0.00370161
0.0834315
0.0238002
0.0354129
0.130476
0.0027322
0.0123706
0.368174
0.031968
0.0652121
0.470371
0.828303
0.0104337
0.724588
0.202884
0.56429
0.24912
4.63707e-05
0.134906
0.682159
0.413876
0.436538
0.335372
0.0388993
0.441537
0.657759
0.000915618
0.00648552
0.803992
0.163974
0.0340755
0.258804
0.467797
0.000622793
0.00402283
0.300077
0.769656
0.528012
0.525747
0.0077744
0.0281515
0.00202587
0.548992
0.332243
0.081986
0.495977
0.846819
0.137907
0.238716
0.673693
0.00363171
0.089316
0.486239
0.0839923
0.0750013
0.216677
0.639406
0.0373351
0.744697
0.601371
0.0241421
0.0218206
0.6179
0.359174
0.0101472
0.395671
0.282317
0.0269176
0.424197
0.12043
0.00074016
0.226294
0.00899075
0.637297
0.242865
0.604134
0.005934
0.0421982
0.355666
0.0242107
0.837546
0.348109
0.667945
0.402825
0.000554683
0.307075
0.606824
0.759726
0.0981143
0.363949
0.372341
0.326658
0.376821
0.623655
0.0339796
0.0300666
0.767313
0.487815
0.000314351
0.263849
0.475422
0.310121
0.327589
0.224525
0.636358
0.512913
0.135569
0.207999
0.0592844
0.695286
0.00399181
0.15058
0.046864
0.209633
0.162247
0.817012
0.124426
0.525994
0.705547
0.038432
0.141231
0.131938
0.346954
0.318945
0.543607
0.454235
0.171814
0.061277
0.194871
0.393483
0.213121
0.536215
0.743872
0.478369
7.62146e-05
0.0167564
0.381196
0.0446798
0.114126
0.00455347
0.00877388
0.818146
0.000748315
0.662572
0.672776
0.6087
0.00104273
0.0445238
0.22298
0.244018
0.394102
0.30305
0.407883
0.41851
0.337936
0.766397
0.0827628
0.395858
0.405659
0.664506
0.507606
0.219393
0.0130944
0.762547
0.232278
0.116748
0.134221
0.326539
0.12167
0.519058
0.247553
0.220489
0.169845
0.459039
0.000557941
0.237623
0.0853457
0.598969
2.63053e-06
0.53335
0.194733
0.254283
0.235497
0.599147
0.0298183
0.0757144
0.367012
0.404927
6.6266e-05
0.506831
0.00110944
0.00551983
0.20691
0.0195516
0.0184417
0.440313
0.0688648
0.533103
0.574382
0.654996
0.0160621
0.237645
0.389059
0.0118521
0.0146844
0.109908
0.202675
0.264515
0.422344
0.228223
0.379319
0.346108
0.26175
0.0717192
0.68005
0.40152
0.0989145
0.524995
0.778759
0.528729
0.486566
0.744633
0.331729
0.766475
0.0962205
0.358258
0.251354
0.104961
0.157964
0.556684
0.0954396
0.311853
0.259667
0.211228
0.7214
0.575025
0.000816895
0.450038
0.00205347
0.00232624
0.119762
0.19325
0.613673
0.34558
0.215411
0.0700094
0.0069355
0.263305
0.0429184
0.216661
0.000900297
0.194838
0.0268493
0.00407713
0.612292
0.0428562
0.467629
0.00819656
0.587054
0.264387
0.569682
0.647924
0.221721
0.348831
0.656407
0.201597
0.00866752
0.00460971
0.0492063
0.682184
0.0110003
0.567544
0.659563
0.0975444
0.556392
0.0017435
0.521752
0.00235052
0.171481
0.00549863
0.487245
0.425908
0.325537
0.219494
0.0138941
0.332414
0.00290827
0.482828
0.295794
0.124934
0.348393
0.459619
0.199662
0.26112
0.00189498
0.636631
0.098371
0.0089723
0.011224
0.0103358
0.416919
0.201119
0.00897672
0.0124628
0.103984
0.66755
0.418553
0.0184039
0.893102
0.554157
0.431751
0.414236
0.267234
0.230149
0.155375
0.000471044
0.360745
0.433443
0.368094
0.2699
0.08207
0.322378
0.661345
3.36252e-05
0.550943
0.171369
0.165504
0.283459
0.245987
0.790463
0.0129522
0.162665
0.141904
0.4272
0.0224949
0.343555
0.163789
0.6665
0.275083
0.00672675
0.265236
0.0122412
0.0314636
0.847245
0.00347433
0.127171
0.709803
0.303008
0.682538
0.290012
0.369267
0.0107936
0.403972
0.260561
0.0645521
0.0439638
0.0269188
0.0416209
0.039672
0.490055
0.33715
0.0196396
0.00138357
0.0194871
0.436951
0.056616
0.28537
0.0198673
0.784237
0.00429543
0.0406804
0.6128
0.185781
0.671431
0.297856
0.332483
0.354967
0.0323765
0.000384433
0.24918
0.825395
0.675839
0.455536
0.0430986
0.137825
0.0360913
0.194228
0.0338886
0.932134
0.408876
0.0124651
0.0098439
0.275616
0.0788903
0.88008
0.130998
0.000591992
0.0835125
0.120712
0.0291625
0.172058
0.45665
0.660439
0.00731465
0.389934
0.626739
0.322525
0.105545
0.000233861
0.485269
0.0123961
0.176577
0.40885
0.200004
0.38853
0.114395
0.198589
0.542877
0.0188583
0.0105487
0.678885
0.519539
0.201184
0.213287
0.596405
0.254744
0.224148
0.00148321
0.798894
0.0973241
0.780381
0.123286
0.212335
0.434864
0.000588931
0.0390758
0.503024
0.701039
0.29705
0.615495
0.454765
0.321339
0.6282
0.205264
0.12949
0.247245
0.0368649
0.189628
0.307338
0.265999
0.122084
0.180829
0.00173
0.00424124
0.00166919
0.857873
0.432344
0.0135688
0.786003
0.00224414
0.000146503
0.000231724
0.319162
0.594635
0.0126822
0.074134
0.0317918
0.0146966
0.580625
0.0165553
0.22383
0.664246
0.095615
0.450392
0.540055
0.540611
0.72226
0.496305
0.7007
0.418845
0.731002
0.0429026
0.121526
0.350301
0.102593
0.234508
0.358008
0.333087
0.00519027
0.20164
0.056145
0.034099
0.591127
0.508754
0.0478019
0.492656
0.0523553
0.000250231
0.79912
0.112162
0.385168
0.503016
0.832303
0.308801
0.592472
0.0898806
0.28607
0.212798
0.171518
0.00262708
0.17655
0.466559
0.00379279
0.226721
0.611677
0.00304413
0.00405843
0.00118326
0.449392
0.00363797
0.574982
0.426004
0.879233
0.0146211
0.141437
0.003206
0.572949
0.399503
0.850515
0.235307
0.00086796
0.780993
0.0379007
0.693586
0.312251
0.569168
0.260967
5.70701e-05
0.911842
0.125326
0.187266
0.00395969
0.0397956
0.465506
0.463071
0.24407
0.468224
0.302828
0.067561
0.00562702
0.100461
0.1642
0.181987
0.101003
0.368353
0.100071
0.609659
0.219564
0.00317958
0.392807
0.655648
0.186358
0.0394603
0.636633
0.714333
0.0361286
0.000760915
0.429302
0.324379
0.864612
0.617875
0.476489
0.102775
0.181227
0.421849
0.233168
0.768157
0.710437
0.555946
0.496206
0.0414955
0.210803
0.499594
0.171304
0.00787534
0.545349
0.0739215
0.124208
0.599254
0.0120506
0.00106685
0.330597
0.382131
0.777681
0.759128
0.687622
6.99199e-05
0.175829
0.593863
0.0122765
0.716372
0.134783
0.757335
0.586251
0.21629
0.340627
0.556645
0.598902
0.57804
0.0168154
0.258762
0.549041
0.573436
0.021746
0.183664
0.297133
0.589846
0.342507
0.562632
0.447335
0.518778
0.145833
0.708748
0.6326
0.52908
0.496349
0.639964
0.200905
0.39177
0.410224
0.0357482
0.000509884
0.00115373
0.376177
0.287746
0.703055
0.160392
0.475167
0.424029
0.148979
0.502782
0.00210373
0.489484
0.597948
0.531815
0.473708
0.298785
0.545959
0.450571
0.0238249
0.310776
0.542141
0.557027
0.560364
0.543586
0.0200458
0.734743
0.00100502
0.00326875
0.648174
0.0504285
0.38186
0.0105131
0.282523
0.710058
0.695052
0.660349
0.0956373
0.00275637
0.117117
0.0353642
0.443626
0.438658
0.339776
0.832054
0.00066637
0.0468311
0.0565509
0.481737
0.00411731
0.460066
5.71486e-07
0.0199372
0.509223
0.157499
0.529023
0.309513
0.465339
0.843355
0.419452
0.0582329
0.485071
0.0669243
0.0139467
0.189865
0.00115985
0.637191
0.00762106
0.450654
0.517646
0.610506
0.566351
0.478124
0.643065
0.303945
0.136274
0.48012
0.165458
0.169976
0.000668969
0.612007
0.0335766
0.447124
0.0011201
0.72106
0.569827
0.0902128
0.196363
0.380378
0.152519
0.0620307
0.291062
0.462762
0.715152
0.367774
0.11307
0.334161
0.496214
0.00255074
0.410776
0.569612
0.15702
0.00950503
0.188022
0.287297
0.5553
0.0198834
0.748927
0.0928923
0.0553156
0.0388205
0.0113998
0.350392
0.00013199
0.114423
0.50381
0.324849
0.0271204
0.354479
0.151005
0.559241
0.327524
0.656074
0.967759
0.44605
0.661648
0.796319
0.0135626
0.217972
0.73869
0.0367748
0.0217387
0.000858048
0.207993
0.595763
0.552891
0.692384
0.131756
0.321075
0.380326
0.0313154
0.510279
0.0556289
0.246395
0.0159179
0.326485
0.247074
0.289297
0.795862
0.0259529
0.549093
0.658399
0.803191
0.433313
0.183273
0.170416
0.719098
0.157238
0.405734
0.445814
0.655408
0.276176
0.194582
0.541574
0.408029
0.281832
0.890237
0.0364778
0.142715
0.387884
0.19559
0.0173529
0.431478
0.126948
0.0167332
0.167513
0.270355
0.0674459
0.00996243
0.268861
0.082322
0.200878
0.000944364
0.0187501
0.0635898
0.0238278
0.656932
0.00290497
0.284038
0.0803385
0.87255
0.0409919
0.185682
0.365287
1.37458e-05
0.0679875
0.567737
0.763471
0.584555
0.400431
0.45772
0.479819
0.0713
0.0245939
0.279
0.14769
0.0146815
0.400432
0.459639
0.0355042
0.643297
0.554928
0.27405
0.152858
0.388075
0.0683965
0.0317086
0.364036
0.245984
0.212513
0.636701
0.280148
0.135179
0.14982
0.530847
0.784243
0.225292
0.0021566
0.830615
0.397559
0.519938
0.11056
0.306367
0.00197347
0.636211
0.797222
0.336211
0.0373015
0.339613
0.00049824
0.0344294
0.505773
0.499831
0.0855726
0.341816
0.58009
0.485464
0.00140997
0.773213
0.499899
0.521018
0.0152903
0.374233
0.207976
0.0444618
0.0596945
0.0907836
0.238287
0.50176
0.0207742
0.0429076
0.467383
0.509584
0.0367462
0.115787
0.0233265
0.0948762
0.222752
0.400804
0.369177
0.441779
0.235756
0.683847
0.499971
0.144339
0.00231935
0.82475
0.331604
0.762468
0.0794201
0.0493841
0.00550611
0.164663
0.172793
0.0815525
0.605143
0.0364427
0.098994
0.607424
0.228026
0.570907
0.304648
0.59392
0.15219
0.533474
0.00377308
0.392842
0.201726
0.723857
0.0168624
0.573244
0.55992
0.46376
0.245201
0.485239
0.0405599
0.729195
0.343308
0.610957
0.498975
0.199835
0.0210651
0.0190595
0.169763
0.513053
0.12418
0.795167
0.358584
0.824358
0.243487
0.025154
0.0873051
0.380952
0.668693
0.0180088
0.0626054
0.174159
0.0590484
0.159571
0.704824
0.567821
0.611064
0.108431
0.53425
0.492162
0.00463558
0.247721
0.203736
0.488854
0.637043
0.465291
0.54942
0.136153
0.459211
0.603577
0.443083
0.0124002
0.0243911
0.105329
0.509909
0.0287196
0.0384327
0.591184
0.868571
0.274282
0.0250594
0.506853
0.139441
0.300777
0.354263
0.0493859
0.199478
0.0288181
0.857679
0.202467
0.00467621
0.340589
0.0915738
0.00808568
0.000582361
0.561893
0.500499
0.374478
0.000664618
0.425565
0.633747
0.00152037
0.56771
0.12982
0.0580518
0.759898
0.0609901
0.024723
0.255378
0.0379105
0.485598
0.512677
0.235318
0.657647
0.00320793
0.0185292
0.0722276
0.311995
0.731922
0.293834
0.165054
0.469976
0.00991198
0.211877
0.521124
0.630525
0.566813
0.0547512
0.0941133
0.27173
0.257094
0.205553
0.408305
0.264766
0.253723
0.441798
0.0824496
0.123515
0.497263
0.234514
0.106302
0.00065811
0.0975647
0.299562
0.0107137
0.475198
0.946779
0.00258874
0.617055
0.500143
0.159442
0.0277295
0.120106
0.366793
0.706398
0.206495
0.280252
0.236792
0.428501
0.0104985
0.192394
0.0134996
0.0325803
0.0857295
0.435978
0.0898783
0.138306
0.665253
0.196218
6.70128e-06
0.126421
0.715159
0.465736
0.388226
0.382319
0.582186
0.564432
0.59496
0.629252
0.0152849
0.614383
0.0276877
0.0829347
0.568491
0.589765
0.369638
0.0885688
0.781451
0.479933
0.290258
0.0206159
0.363611
0.0598659
0.0117716
0.0507354
0.0810267
0.0635273
0.268123
0.692362
0.00189604
0.550842
0.626283
0.0221704
0.639216
0.00459309
0.368256
0.283604
0.397011
0.801794
0.0315561
0.159642
0.0879416
0.651642
0.234629
0.674218
0.638468
0.00580414
0.351746
0.0356525
0.306969
0.212122
0.512543
0.756962
0.00247671
0.0980577
0.840149
0.0118091
0.00148188
0.423471
0.28691
0.226906
0.108359
0.379469
0.351753
0.00867489
0.058205
0.309172
0.728322
0.316489
0.322785
0.26704
0.157408
0.00457898
0.0126573
0.415994
0.575663
0.376328
0.279415
0.186627
0.0742468
0.0867742
0.490504
0.35078
0.179321
0.677309
0.819383
0.284548
0.00253553
0.498683
0.429566
0.507125
0.00405281
0.108959
0.257699
0.000386417
0.497554
0.35487
0.0498224
0.0278281
0.73895
0.135618
0.443588
0.648279
0.426817
0.3124
0.412492
0.0839734
0.000730543
0.470426
0.536534
0.0392145
0.319259
0.178853
0.797764
0.362047
0.00282549
0.126843
0.00769829
0.0541258
0.262273
0.183193
0.160653
0.226966
0.331648
0.283864
0.724779
0.0783542
0.639188
0.0277645
0.10359
0.259026
0.00712808
0.263495
0.61782
0.0615039
0.380765
0.00691782
0.00965624
0.777332
0.546999
0.00446825
0.0621486
0.275762
0.290898
0.34943
0.544205
0.512926
0.0630291
0.088149
0.0854041
0.65582
0.0096817
0.422172
0.0181669
0.0181478
0.621755
0.0772776
0.553189
0.000171158
0.286516
0.701286
0.226713
0.282709
0.798386
0.430525
0.234615
0.712189
0.740933
0.549417
0.0943906
0.649536
0.145547
0.013828
0.242116
0.24429
0.565868
0.185157
0.24829
0.000344073
0.747653
0.0045647
0.368921
0.336445
0.745728
0.641032
0.514001
0.0473304
0.517925
0.527741
0.810808
0.0285273
0.628628
0.26188
0.314497
0.773725
0.253239
0.000380686
0.235907
0.151162
0.663393
0.461714
0.0261937
0.00014748
0.141685
0.701312
0.153369
0.0766728
0.0444232
0.115516
0.378336
0.651016
0.0663128
0.190207
0.0364928
0.131001
0.0106786
0.19753
0.00218608
0.25001
0.128103
0.618391
0.000919856
0.0287622
0.320361
0.609038
0.00327587
0.570158
0.000370116
0.0630495
0.38361
0.607325
0.00874449
0.081527
0.807681
0.659031
0.202965
0.752244
0.40267
0.0596158
0.148661
0.0375065
0.0348687
0.032557
0.00213821
0.288684
0.289146
0.227292
0.0438998
0.0733548
0.116168
0.286893
0.44535
0.543077
0.41576
0.0743752
0.00760141
0.777786
0.193011
0.286115
0.0645945
0.336622
0.500568
0.462786
0.161236
0.312902
0.429432
0.681949
0.0853821
0.530454
0.0130302
0.666288
0.0215591
0.0406493
0.271737
0.739363
0.47534
0.429582
0.59509
0.000245166
0.280729
0.240741
0.0225915
0.0251868
0.35954
0.0269779
0.750332
0.294778
0.691575
0.0547549
0.0248073
0.00488699
0.684375
0.539892
0.559295
0.0912195
0.143336
0.0567704
0.264482
0.754815
0.0197389
0.405791
0.364165
0.0386293
0.119976
0.16358
0.0745765
0.310647
0.37261
0.00380952
0.568696
0.0764019
0.312006
0.165193
0.0592678
0.49191
0.594425
0.0128701
0.222778
0.00959709
0.513058
0.623644
0.123578
0.746487
0.144119
0.129479
0.123255
0.288636
0.389511
0.00156002
0.150201
0.738868
0.122891
0.340708
0.350662
0.626033
0.0075269
0.289881
0.0317387
0.0044141
0.0341588
0.202286
0.122572
0.000553306
0.718588
0.185391
0.502309
0.356985
0.693727
0.29915
0.892002
0.220904
0.0252232
0.033796
0.773404
0.393322
0.499361
0.369869
0.00562369
0.258789
0.671213
0.392622
0.384096
0.0947425
0.0105107
0.749133
0.00739157
0.260141
0.383657
0.334701
0.232
0.700202
0.364065
0.302968
0.00191634
0.771226
0.257714
0.71354
0.0535743
0.0991726
0.0634268
0.299349
0.0572898
0.0262348
0.0712951
0.253379
0.53414
0.0255561
0.391619
0.181967
0.36413
0.305162
0.245671
0.664277
0.145939
0.00153096
0.00924535
0.263252
0.713942
0.0718907
0.129881
0.509072
0.0710723
0.0580914
0.61037
0.229439
0.268296
3.06656e-05
0.0163615
0.027565
0.00211611
0.00060467
0.219503
0.0711934
0.0388894
0.154805
0.517848
0.723234
0.498091
0.481733
0.0918451
0.477388
0.0151656
0.0732771
0.0375453
0.0126789
0.473914
0.00146609
0.035355
0.301516
0.000345132
0.0354426
0.0791973
0.406884
0.159452
0.209932
0.351541
0.00227511
0.0279076
0.0421865
0.129448
0.312714
0.483021
0.411314
0.679663
0.152085
0.655393
0.446001
0.00540686
0.603014
0.0966106
0.564286
0.120258
0.753653
0.306101
0.0935649
0.479962
0.488396
0.438028
0.6718
0.00321583
0.00581419
0.58307
0.0531834
0.00389851
0.677741
0.171281
0.00703462
0.00163557
0.564218
0.115701
0.165141
0.0265583
0.00436028
0.852091
0.00133246
0.602531
0.195644
0.217528
0.400812
0.717733
0.345567
0.62345
0.351028
0.0026151
0.579518
0.0939042
0.11662
0.214713
0.00520736
0.838098
0.090454
0.302237
0.0115724
0.00715209
0.271667
0.594456
0.567471
0.0151702
0.566794
0.035807
0.431339
0.360448
0.0408407
0.153626
0.369891
0.0569838
0.00200019
0.356144
0.561354
0.774892
0.0175353
0.0147702
0.00284624
0.00321824
0.0289992
0.232837
0.0166335
0.159135
0.514421
0.460131
0.0463715
0.602135
0.323396
0.140177
0.0158247
0.0461686
0.0477087
0.690447
0.6785
0.702194
0.257067
0.12584
0.59166
0.0265244
0.0684217
0.259324
0.156317
0.416608
0.170165
0.00138384
0.0658087
0.120647
0.158195
0.640854
0.708563
0.0292617
0.363726
0.00160146
0.245728
0.0945593
0.0065258
0.403092
0.171959
0.217364
0.389436
0.00223197
0.315941
0.64829
0.142109
0.00387625
0.321831
0.0659611
0.296823
0.266965
0.760416
0.448463
0.0405094
0.000499199
0.632213
0.384143
0.0690645
0.261722
0.309676
0.465286
0.00997701
0.623149
0.100476
0.352896
0.193915
0.44042
0.90169
0.163009
0.361024
0.370257
0.0317061
0.0106821
0.645047
0.593156
0.400305
0.192911
0.661117
0.0150485
0.137864
0.49265
0.00439937
0.640943
0.644017
0.699614
0.0485018
0.0990688
0.000331389
0.010505
0.43122
0.71817
0.548634
0.291023
0.00292175
0.462194
0.324425
0.0714546
0.623234
0.827944
0.692738
0.0378716
0.0183009
0.0661601
0.00311556
0.0028066
0.00247448
0.548101
0.438246
0.151972
0.0122552
0.351515
0.445453
0.340049
0.000614995
0.0185144
0.372368
0.285069
0.303875
0.498772
3.29116e-06
0.629788
0.0524261
0.0500361
0.323297
0.00815369
0.0404809
0.00103171
0.210724
0.268897
0.723901
0.0918133
0.701148
0.171309
0.0979586
0.106735
0.383015
0.366972
0.475917
0.030824
0.0649177
0.496029
0.0108946
0.486478
0.649092
0.536608
0.621441
0.0508395
0.421487
0.335201
0.736056
0.467536
0.154026
0.148395
0.337933
0.0847152
0.928849
0.5697
0.321318
0.0670259
0.314744
0.399606
0.561301
0.665151
0.257556
0.437298
0.000327763
0.435214
0.428772
0.551868
0.0524742
0.0173862
0.0157426
0.00313519
0.530354
0.492327
0.616416
0.179904
0.335488
0.648465
0.432374
0.0564359
0.557383
0.531034
0.193117
0.000135638
0.754569
0.0974977
0.176062
0.0015526
0.249275
0.0467186
0.00151466
0.0187591
0.0718902
0.0593139
0.166216
0.357234
0.408621
0.15103
0.26366
0.687701
0.000954933
0.157902
0.0255317
0.113893
0.0842679
0.464897
0.199343
0.322969
0.108949
0.000585555
0.739341
0.37129
0.379536
0.0399587
0.553243
0.0543473
0.617426
0.0349286
0.504011
0.374525
0.112567
0.0237313
0.65014
0.0286867
0.626991
0.166405
0.668293
0.79225
0.195208
0.000783184
0.579215
0.0457949
0.00137183
0.718056
0.600284
0.768399
0.176853
0.0509457
0.0429215
0.00443902
0.633882
0.775862
0.534562
0.0173831
0.0255704
0.0035894
0.346083
0.295844
0.070373
0.304828
0.001974
0.0528334
0.493103
0.202592
0.546075
0.147518
0.253545
0.448481
0.000933994
0.0446398
0.0605145
0.737833
0.346174
0.0516012
0.0877069
0.00772839
0.151265
0.00040463
0.931901
0.587146
0.234125
0.0959409
0.525686
0.833069
0.44797
0.719917
0.115897
0.00704584
0.0145141
0.0125817
0.211989
0.000554885
0.345917
0.020764
0.21233
0.000135236
0.669041
0.210517
0.232796
0.794281
0.028348
0.745039
0.218929
0.0461972
0.00110826
0.0270254
0.278116
0.173957
0.0569965
0.482031
0.738583
0.0110317
0.00566735
0.569735
0.0647759
0.000125446
0.602789
0.292099
0.331108
0.330881
0.101861
0.301905
0.0709651
0.00253455
0.557621
0.271951
0.478669
0.719453
0.540788
0.74046
0.593082
0.139956
0.581083
0.0897221
0.00025866
0.616307
0.255368
0.00497264
0.0710134
0.591262
0.0184003
0.000527974
0.0112787
0.134938
0.213266
0.840599
0.00238535
0.178391
0.317364
0.0587249
0.271561
0.00660873
0.162364
0.346818
0.17973
0.00547549
0.55629
0.0117039
0.289721
0.255263
0.563444
0.0565318
0.141107
0.727738
0.512263
0.138486
0.668815
0.427843
0.00440737
0.792658
0.669069
0.582337
0.307454
0.00412062
0.0208612
0.187157
0.508326
0.24709
0.000870539
0.245789
0.454073
0.124888
0.449958
0.062996
0.0643342
0.000495489
0.131337
0.272503
0.431069
0.641421
0.028242
0.0998523
0.121465
0.135444
0.0675934
0.0162496
0.190122
0.00157628
0.550422
0.648848
0.0116119
0.704698
0.34179
0.00969045
0.0448077
0.161892
0.468239
0.0469151
0.125905
0.0671383
0.335716
0.104949
0.291365
0.384454
0.690887
0.32661
0.140191
0.709982
0.057823
0.203758
0.0686482
0.0483659
0.133662
0.0459422
0.365857
0.00108504
0.335266
0.629749
0.477855
0.610249
0.457438
0.39806
0.90265
0.546632
0.134847
0.044404
0.0367327
0.000417869
0.538709
0.252815
0.615697
0.232843
1.9721e-05
0.422241
0.419543
0.653767
0.118153
0.130413
0.427107
0.00992743
0.563627
0.00213905
0.533094
0.479177
0.577661
0.109901
0.382075
0.697774
0.476563
0.474112
0.671643
0.452213
0.0209692
0.122452
0.113481
0.610004
0.182059
0.173064
0.262517
0.509289
0.134927
0.313854
0.45597
0.515611
0.669498
0.904905
0.406077
0.00893778
0.682165
0.761975
0.446061
0.512313
0.0809896
0.207944
0.49637
0.0221112
0.000278511
0.0687599
0.551015
0.15867
0.564978
0.0103148
0.000403741
0.627906
0.116479
0.392123
0.180506
0.86014
0.0595193
0.745228
0.837631
0.296442
0.532119
0.488103
0.181603
0.233623
0.0573516
0.0963957
0.53897
0.572164
0.455535
0.00214472
0.482579
0.626989
0.418655
0.829788
0.44919
0.553228
0.603744
0.00762457
0.0429528
0.0339528
0.0323168
0.019529
0.734493
0.0943759
0.00299472
0.594421
0.118976
0.005727
0.195195
0.404355
0.290762
0.147564
0.175972
0.61631
0.00124173
6.44718e-06
0.129101
0.0875266
0.0915853
0.699557
0.0165383
0.673032
0.330688
0.309816
0.620704
0.385321
0.321513
0.113842
0.512496
0.255075
0.472019
0.0350679
0.129552
0.493027
0.120712
0.367986
0.0452983
0.0839577
0.334994
0.389541
0.596618
0.364049
0.331385
0.547482
0.00479314
0.350694
0.094277
0.00149615
0.129005
0.160384
0.320593
0.0332329
0.752741
0.286705
0.687649
0.0479429
0.143872
0.525088
0.304433
0.653803
0.827278
0.145403
0.0680942
0.807436
0.293737
0.413615
0.0187299
0.704126
0.139872
0.419143
0.147442
0.21565
0.0328172
0.274292
0.519051
0.140528
0.0535401
0.0314121
0.703283
0.418277
0.758901
0.182244
0.148962
0.00205164
0.448937
0.148399
0.00562287
0.417727
0.468048
0.582398
0.152797
0.0272985
0.687035
0.359972
0.457725
0.449488
0.151353
0.702823
2.20779e-05
0.053714
0.445844
0.00409581
0.357604
0.58347
0.569302
0.368664
0.207036
0.0825929
0.0206642
0.143196
0.0274264
0.145631
0.532318
0.369756
0.0841681
0.00274327
0.108732
0.063099
0.0488305
0.608092
0.708235
0.0900259
0.107806
0.524839
0.666059
0.825667
0.702412
0.831332
0.215463
0.708734
0.0360227
0.323117
0.0197655
0.141929
0.48969
0.0399136
0.000701039
0.160347
0.424383
0.0636173
0.0136441
0.6791
0.00667581
0.10864
0.769677
0.178504
0.115391
0.0862282
0.245035
0.00400762
0.885864
0.358044
0.0480352
0.0122087
0.0580502
0.170625
9.69321e-05
0.271995
0.571709
0.0407179
0.127636
0.0652245
0.0582067
0.458938
0.410155
0.770344
0.41859
0.0124505
0.825369
0.476478
0.56685
0.0968593
0.00512858
0.720728
0.171142
0.0964127
0.0343263
0.225355
0.308656
0.650402
0.569592
0.201921
0.138786
0.377977
0.0935406
0.372149
0.37289
0.0544462
0.206641
0.000177843
0.263672
0.179719
0.0971758
0.304169
0.269489
0.0981804
0.724654
0.677851
0.0163891
0.178126
0.0239453