0.287452
0.018628
0.240294
0.261086
0.134623
0.461949
0.24908
0.675381
0.403078
0.053057
0.352486
0.000852927
0.655822
0.106846
0.0015654
0.461183
0.0479066
0.181061
0.00368045
0.0270418
0.585871
0.31621
0.537092
0.0200685
0.199265
0.118877
0.321178
0.225818
0.24786
0.133458
0.515853
0.11966
0.594827
0.354263
0.00173816
0.630195
0.386755
0.293666
0.00128207
0.00543702
0.659542
0.00150697
0.557626
0.0050898
0.130094
0.0109171
0.588173
0.383184
0.105137
0.422819
0.306999
0.0971298
0.512315
0.449681
0.000176205
0.0183717
0.356504
0.860681
0.482253
0.663484
0.0235896
0.362169
0.468702
0.0869382
0.0771311
0.124204
0.327887
0.304918
0.531241
0.802813
0.734873
0.619434
0.00303818
0.00118073
0.832799
0.0812707
0.583227
0.413712
0.438998
0.00910454
0.00904757
0.0411534
0.00263759
0.216768
0.352733
0.321502
0.503369
0.860878
0.0558337
0.00414404
0.136113
0.394523
0.0123991
0.0563472
0.0963294
0.577558
0.37137
0.397474
0.18377
0.401265
0.160492
0.397312
0.0888798
0.231873
0.000389118
0.145259
0.641472
0.012509
0.0871964
0.13665
0.742043
0.511513
0.0127405
0.0135654
0.307877
0.708956
0.0617613
0.826966
0.656518
0.449479
0.0526824
0.670659
0.0420057
0.0859492
0.0389655
0.362053
0.0527308
0.379146
0.657058
0.0767516
0.291837
0.00505087
0.112881
0.00313434
0.13826
0.533565
0.472175
0.0412469
0.0675116
0.0734978
0.383278
0.00595293
0.131673
0.463929
0.0266055
0.79411
0.107606
0.757506
0.192811
0.427634
0.0765968
0.14353
0.68791
0.554726
0.103124
0.269134
0.384787
0.0737605
0.519353
0.147384
0.125298
0.00268038
0.802018
0.272214
0.360703
0.670395
0.00450063
0.319146
0.175288
0.46524
0.0687551
0.75065
0.326812
0.0131661
0.0296485
0.00498266
0.554589
0.120902
0.413539
0.388682
0.629072
0.274599
2.28148e-05
0.505876
0.630228
0.000211153
0.469483
0.296939
0.140258
0.431311
0.441064
0.00891703
0.841984
0.117119
0.270688
0.666818
0.0173187
0.612553
0.704766
0.0281514
0.478832
0.517402
0.00333119
0.594219
0.0135611
0.0579971
0.563358
0.113901
0.0138894
0.0447982
0.567475
0.694072
0.0967096
0.439681
0.553142
0.596983
0.102056
0.00433714
0.622879
0.302119
0.415271
0.706024
0.00199756
0.795869
0.810652
0.322781
0.813365
0.628193
0.193506
0.493074
0.253134
0.0281201
0.647744
0.387453
0.00595187
0.0038299
0.222545
0.8194
0.614735
0.363453
0.000102899
0.0160127
0.401664
0.018897
0.182951
0.279915
0.0349798
0.189295
0.0651037
0.562878
0.488369
0.249858
0.15796
0.357969
0.861973
0.646092
0.342907
0.166874
0.123576
0.0585256
0.23552
0.177129
0.620449
0.551335
0.398967
0.483947
0.870224
0.0402081
0.166997
0.749536
0.560061
0.393742
0.0515373
0.579238
0.0047753
0.514488
0.328382
0.417057
0.737858
0.42572
0.219923
0.393631
0.287265
0.00277015
0.0814959
0.00762268
0.0137023
0.123696
0.0482124
0.0398387
0.00697849
0.00576676
0.0581307
0.309879
0.155496
0.456279
0.00011692
0.218935
0.0892415
0.0195941
0.0358496
0.0959263
0.530006
0.325863
0.438499
0.371649
0.414639
0.00972543
0.29777
0.374127
0.330993
0.00432926
0.467517
0.791498
0.702464
0.470591
0.613408
0.24553
0.103481
0.0939236
0.255668
0.408001
0.151353
0.656982
0.797051
0.0986284
0.0316796
0.125376
0.35729
0.039953
0.0924384
0.109331
0.272939
0.0262998
0.0478132
0.289622
0.0406586
0.00592729
0.262692
0.403937
0.525852
0.188672
0.0376335
0.626398
0.429088
0.243274
0.404832
0.504259
0.0126696
0.0652545
0.190246
0.000715384
0.16351
0.0351736
0.629229
0.202581
0.625068
0.0630577
0.224702
0.394985
0.0539518
0.124643
0.000636487
0.351514
0.00587505
0.732615
0.551842
0.785613
0.485507
0.06702
0.641743
0.0130276
0.00431861
0.764676
0.0857903
0.186782
0.687522
0.6265
0.0734202
0.0580146
0.0191293
0.146405
0.038954
0.621567
0.189237
0.376981
0.00745406
0.568407
0.489609
0.399429
0.0183908
0.0318449
0.380193
0.306375
0.345096
0.217723
0.480662
0.388847
0.483727
0.828429
0.0118946
0.320049
0.404371
0.03352
0.00306094
0.449488
0.0574256
0.403927
0.000100626
0.54378
0.247093
0.390071
0.772357
0.0557481
0.079056
0.000233275
0.398073
0.520028
0.751115
0.0262306
0.270545
0.658833
0.212932
0.717635
0.463061
0.0221383
0.47689
0.884762
0.648388
0.0660723
0.593605
0.292882
0.207473
0.228629
0.365509
0.215755
0.628437
0.478461
0.273964
0.389987
0.00889443
0.294734
0.00943633
0.51738
0.459669
0.211712
0.742761
0.192905
0.0487627
0.14958
0.771695
0.152295
0.306656
0.619447
0.047388
0.468654
0.467035
0.443023
0.608258
0.530674
0.47279
0.12971
0.0719748
0.661785
0.13325
0.0398823
0.330345
0.118785
0.222622
0.0226787
0.662589
0.101219
0.00263225
0.564636
0.645347
0.123916
0.546907
0.739952
0.345731
0.360059
0.196016
0.00286716
0.00832306
0.706437
0.490681
0.474209
0.0372584
0.0684161
0.609588
0.0904981
0.000584563
0.38106
0.0805928
0.00802889
0.118897
0.000708913
0.177347
0.301719
0.0687206
0.158535
0.782946
0.110741
0.23257
0.542231
0.0125148
0.13669
0.35925
0.0110431
0.845486
0.0931182
0.192081
0.00478542
0.00110429
0.0766751
0.0407347
0.061165
0.0486075
0.0477467
0.465977
0.168871
0.314695
0.00568719
0.487155
0.207111
0.286026
0.557842
0.592188
0.0602711
0.858622
0.118185
0.112026
0.55666
0.129001
0.0162542
0.050633
0.0349573
0.106884
0.244888
0.318168
0.450898
0.00126023
0.30038
0.297395
0.00697781
0.000688018
0.0561609
0.0128988
0.36756
0.0551769
0.418082
0.393535
0.415392
0.0414909
0.501166
0.0284053
0.377082
0.426536
0.116959
0.151702
0.000374575
0.0114211
0.0806917
0.117267
0.602598
0.159135
0.505707
0.123585
0.670099
0.726265
0.242233
0.480733
0.0592072
0.0330058
0.430865
0.526401
0.354475
0.00186532
0.439283
0.00755385
0.211119
0.285171
0.5238
0.137829
0.907558
0.0496267
0.423386
0.320326
0.422894
0.000302493
0.00222457
0.0681768
0.285913
0.00358859
0.127543
0.0979987
0.608753
0.1194
0.594487
0.637015
0.0489995
0.222036
0.134241
0.483211
0.00275227
9.12789e-05
0.013917
0.683034
0.746508
0.116404
0.000709924
0.033824
0.228986
0.00965248
0.000882554
0.0948268
0.530278
0.261787
0.515261
0.531551
0.0782938
0.171435
0.201302
0.0055198
0.661855
0.0196517
0.00125386
0.089538
0.277979
0.11778
0.485634
0.473118
0.0910907
0.124099
0.608671
0.247832
0.59229
0.00423662
0.865669
0.464856
0.591163
0.578572
0.591156
0.781705
0.0118933
0.324395
0.150711
0.583078
0.809518
0.62093
0.223599
0.186967
0.452007
0.275186
0.841552
0.11699
0.626587
0.0235789
0.519539
0.368046
0.406512
0.0949221
0.533091
0.00127751
0.396747
0.164884
0.592676
0.0168497
0.374681
0.226
0.452713
0.0170248
0.475156
0.839381
0.141237
0.482159
0.504937
0.491109
0.0853272
0.904949
0.426003
0.223217
0.00393954
0.756951
0.762998
0.0297179
0.495286
0.169114
0.56534
0.301813
0.827727
0.540886
0.00344771
0.286585
0.0140663
0.000993016
0.125726
0.0304877
0.0893169
0.0117325
0.231162
0.0750592
0.0410086
0.503085
0.0462924
0.31252
0.592029
0.113705
0.789224
0.0897294
0.000781142
0.606895
0.228596
0.0129095
0.120455
0.237603
0.711209
0.51442
0.752503
0.531241
0.356397
0.424743
0.00561436
0.000117417
0.00181117
0.0866865
0.617073
0.00461147
0.67963
0.484982
0.483498
0.659081
0.24091
0.0185985
0.144184
0.411277
0.507843
0.530959
0.628781
0.0058726
0.227165
0.495266
0.0031788
0.471214
0.0098914
0.675988
0.0211696
0.808791
0.0142443
0.296329
0.409211
0.0182232
0.292477
0.461263
0.00292969
0.0152431
0.63169
0.0456222
0.00692728
0.00451909
0.00335937
0.664386
0.44874
0.457417
0.349079
0.0105562
0.0151584
0.697285
0.539613
0.384852
0.554159
0.733145
0.258429
0.151406
0.468931
0.287399
0.251269
0.649367
0.0119218
0.0174637
0.260781
0.0402097
0.0278646
0.0142756
0.211546
0.0460557
0.504936
0.213054
0.251965
0.895296
0.00933993
0.0687234
0.0234853
0.858791
0.666563
0.195266
0.27435
0.825686
0.725626
0.36546
0.704001
0.00371122
9.63185e-05
0.293397
0.00498545
0.650668
0.701911
0.242089
0.229042
0.559901
0.633768
0.462016
0.461308
0.100879
0.036265
0.300227
0.00620929
0.16177
0.711718
0.846872
0.709686
0.843127
0.257571
0.159457
0.0196365
0.0455168
0.578759
0.733158
0.0221089
0.451035
0.718343
0.427399
0.380639
0.0255131
0.0984541
0.551235
0.770727
0.449317
0.522138
0.506619
9.46585e-05
0.00235245
0.50058
0.000602772
0.036938
0.228455
0.507669
0.613844
0.0945994
0.0774736
0.0533541
0.403672
0.254898
0.11301
0.0212091
0.00817455
0.593417
0.0907662
0.405692
0.0389013
0.00312859
0.111117
0.216026
0.244185
0.564434
0.0396401
0.00931083
0.55956
0.455974
0.197282
0.106003
0.265078
7.6926e-05
0.336825
0.0641489
0.242892
0.00404353
0.129658
0.275733
0.514768
0.432898
0.00376066
0.534421
0.907176
0.135219
0.337552
0.284195
0.381879
0.287822
0.525801
0.540243
0.311953
0.450981
0.524123
0.420942
0.058507
0.0765829
0.277671
0.108161
0.555764
0.183565
0.710326
0.0995223
0.00305084
0.113708
0.480075
0.267118
0.0144265
0.168221
0.0412075
0.0133083
0.590372
0.0138117
0.755766
0.656201
0.31929
0.0074405
0.729429
0.174003
0.0170312
0.446777
0.233416
0.0015504
0.255565
0.651279
0.307733
0.448509
0.382606
0.554693
0.055963
0.298369
0.140108
0.0260142
0.76314
0.628642
0.000193255
0.510619
0.0764183
0.0671355
0.0756142
0.427514
0.142928
0.497219
0.10272
0.680097
0.291305
0.439647
0.250342
0.0503378
0.908879
0.0544551
0.180706
0.0148519
0.192359
0.80077
0.348027
0.00584498
0.572259
0.263441
0.0250291
4.67224e-05
0.205058
0.390645
0.0163417
0.0626701
0.582379
0.654016
0.604144
0.140746
0.00172789
0.0304427
0.298471
0.0394176
0.684235
0.00678328
0.270917
0.0909622
0.699755
0.00171304
0.0869988
0.210324
0.450443
0.310265
0.529256
0.131486
0.00699256
0.0182042
0.598282
0.00863815
0.451536
0.436426
8.90169e-05
0.491754
0.0018488
0.439771
0.549089
0.502621
0.0338004
0.0197879
0.0127851
0.00073309
0.0259637
0.414541
0.139963
0.12525
0.0316191
0.0218403
0.0474569
0.498854
0.490435
0.456243
0.0105537
0.000692516
0.761808
0.0409627
0.638408
0.129268
0.0166733
0.0082783
0.083237
0.779738
0.0132052
0.128779
0.55543
0.273814
0.532161
0.402365
0.490223
0.406785
0.0870673
0.00218945
0.0651163
0.344068
0.831863
0.489123
0.444699
0.71112
0.51366
0.0348885
0.00541168
0.783693
0.628365
0.019928
0.807446
0.403783
0.00126452
0.336542
0.013651
0.0350839
0.000705358
0.0282647
0.651164
0.855598
0.209236
0.0534117
0.0416993
0.109219
0.416009
0.840967
0.749301
0.212685
0.00239803
0.104503
0.332134
0.0913749
0.81725
0.41517
0.219778
0.126592
0.00487009
0.0429482
0.44954
0.0022678
0.00603922
0.00339997
0.229624
0.0925449
0.459419
0.00295861
0.0537
0.416536
0.0599795
0.09094
0.190553
0.269304
0.181621
0.444521
0.180414
0.120308
0.510041
0.00907051
0.498241
0.00488499
0.403025
0.706103
0.668774
0.570727
0.0153709
0.167258
0.000336193
0.0161133
0.767631
0.0269206
0.000891579
0.402746
0.276
0.698694
0.00354782
0.0594388
0.258961
0.278978
0.0347456
0.00787621
0.710962
0.182563
0.140192
0.00157546
0.104614
0.237304
0.25397
0.000253288
0.52727
0.544846
0.0338413
0.272978
0.36544
0.0107685
0.275294
0.00333663
0.604164
0.608201
0.459959
0.0542944
0.557006
0.30081
0.198307
0.379679
0.222386
0.665257
0.537509
0.0257152
0.0115084
0.0530261
0.000134325
0.188093
0.0812073
0.659537
0.43276
0.655838
0.0206504
0.384643
0.144201
0.338069
0.503251
0.10801
0.342344
0.703599
0.142648
0.47064
0.00103753
0.0457412
0.0719082
0.38555
0.00214035
0.352392
0.0106138
0.565675
0.758896
0.682899
0.357105
0.274891
0.0403972
0.0419035
0.507208
0.138131
0.138426
0.00350848
0.00819629
0.175679
0.185625
0.0757468
0.268783
0.736444
0.000669014
0.435796
0.277904
0.39654
0.398065
0.0155709
0.0707561
0.286913
0.0021263
0.307556
0.750107
0.48074
0.795171
0.146245
0.0532855
0.0543435
0.0485779
0.615301
0.151194
0.329395
0.112636
0.337024
0.0215121
0.19542
0.00712889
0.517997
0.842899
0.0694588
0.0209347
0.46185
0.147888
0.0336998
0.0197894
0.00787017
0.557663
0.728375
0.046386
0.0971658
0.632559
0.132261
0.201368
0.527955
0.448037
0.418585
0.0199199
0.467136
0.825048
0.00338023
0.323104
0.0418224
0.159781
0.737911
0.00518477
0.106277
0.693386
0.367875
0.00145496
0.489078
0.389008
0.464548
0.52947
0.0251633
0.411633
0.533315
0.0933913
0.754624
0.754992
0.308896
0.0213172
0.300576
0.0400871
0.035268
0.0509967
0.422646
0.0922214
0.00906341
0.471853
9.47603e-05
0.065391
0.507109
0.0330714
0.178267
0.045542
0.307442
0.214425
0.202907
0.550897
0.424154
0.282128
0.00174928
0.654559
0.692572
0.254304
0.250666
0.664425
0.282886
0.0512075
0.459115
0.510368
0.00388369
0.00694008
0.565563
0.174541
0.703653
0.0435656
0.0472697
0.00859996
0.0397909
0.516046
0.107242
0.845816
0.541071
0.354299
0.0068343
0.140777
0.299811
0.00168652
0.313149
0.750195
0.00108193
0.620869
0.532972
0.314754
0.0830095
0.482861
0.407409
0.615627
0.359433
0.204479
0.0024364
0.238296
0.000175352
0.0390447
0.671995
0.0250206
0.00102449
0.559336
0.146736
0.0314844
0.473732
0.692006
0.535625
0.654221
0.206983
0.480316
0.00373175
0.367778
0.279417
0.502963
0.224525
0.138616
0.769195
0.154109
0.0222604
0.186523
0.178885
0.00956396
0.51613
0.135508
0.178014
0.828126
0.296858
0.32833
0.43928
0.884707
0.0167734
0.585888
0.00130904
0.59238
0.0132244
0.323242
0.685687
0.00363211
0.696785
0.710091
0.0507261
0.0884726
0.00065954
0.0785175
0.228282
0.0127197
0.00570358
0.0708311
0.168499
0.0356496
0.0207345
0.562364
0.0119367
0.046894
0.0227451
0.306096
0.265437
0.0799567
0.347198
0.0707296
0.787399
0.00140824
0.321011
0.825381
0.413385
0.287714
0.0723491
0.0867295
0.18139
0.238146
0.0182916
0.668439
0.456306
0.0425588
0.733128
0.020605
0.687958
0.769855
0.545567
0.00771132
0.156428
0.705828
0.204311
0.247638
0.687087
0.0317626
0.568297
0.00472771
0.458388
0.0920832
0.0373958
0.165046
0.251529
0.0103856
0.236537
0.0168644
0.120105
0.00545545
0.112377
0.492873
0.156336
0.238362
0.000388504
0.426764
0.203258
0.298647
0.318626
0.2695
0.371063
0.0364269
0.295979
0.264706
0.768599
0.376485
0.623272
0.00387959
0.244923
0.469663
0.552833
0.743462
0.0258182
0.460156
0.352557
0.0687865
0.45818
0.336009
0.751187
0.0346544
0.121782
0.31614
0.000773241
0.641737
0.00191208
0.0404855
0.575138
0.310018
0.870012
0.418867
0.639088
0.623562
0.000379976
0.347658
0.0190848
0.0430572
0.344091
0.527508
0.483198
0.050101
0.284629
0.209332
0.0392941
0.328669
0.566777
0.455875
0.177393
0.328996
0.000784278
0.151928
0.0420293
0.0113964
0.216434
0.402783
0.710995
0.447913
0.00607852
0.497207
0.00632192
0.440818
0.222378
0.0181507
0.178293
0.00139403
0.432965
0.00984029
0.877951
0.431719
0.412326
0.751578
0.234715
0.21905
0.0252529
0.228018
0.0424615
0.000606376
0.572752
0.017072
0.380511
0.142989
0.169316
0.080631
0.736159
0.00116668
0.0441407
0.0317301
0.0320466
0.0079491
0.775468
0.502099
0.458253
0.459603
0.00285692
0.291865
0.0884935
0.310667
0.392317
0.177367
0.205077
0.431277
0.720763
0.359578
0.523394
0.012932
0.511687
0.533976
0.161793
0.0929216
0.363569
0.222491
0.479584
0.551762
0.369105
0.637196
0.14205
0.00205101
0.162766
0.051673
0.140933
0.446625
0.428566
0.0762555
0.27168
0.480474
0.297608
0.381229
0.126772
0.465897
0.215877
0.562809
0.134376
0.0273091
0.00180333
0.432052
0.502306
0.102147
0.14786
0.00360524
0.00340457
0.0259343
0.197528
0.414637
0.589771
0.383808
0.10388
0.181164
0.537608
0.755722
0.423048
0.516556
0.255243
0.680202
0.744507
0.0520733
0.115378
0.44681
0.75658
0.0102187
0.579911
0.54871
0.205893
0.00261018
0.384794
0.185513
0.335519
0.559977
0.252168
0.68101
0.388362
0.219755
0.467358
0.549438
0.396297
0.1627
0.117469
0.472943
0.0636593
0.0362113
0.556002
0.00435623
0.517128
0.518501
0.576619
0.503559
0.46564
0.864533
0.0309862
0.650241
0.0718013
0.00601934
0.186648
0.0569536
0.00683087
0.566621
0.129008
0.484532
0.214891
0.707535
0.48143
0.24735
0.576416
0.719648
0.0189893
0.59839
0.0716391
0.130702
0.16846
0.477566
0.433635
0.116207
0.0144471
0.599227
0.499994
0.514455
0.0206542
0.592851
0.0956467
0.424303
0.00106134
0.667629
0.152996
0.0391133
0.00614523
0.0118656
0.14226
0.00191839
0.334876
0.204886
0.0818524
0.104421
2.55387e-05
0.134277
0.00292987
0.698477
0.268483
0.256262
0.0821198
0.489351
0.37511
0.147063
0.0200201
0.470621
0.235629
0.305205
0.336616
0.535835
0.0179433
0.0443312
0.523199
0.0522823
0.697949
0.00402851
0.000129188
0.00162739
0.125492
0.0827207
0.4413
0.00426205
0.331502
0.192831
0.828055
0.5318
0.348378
0.62057
0.710359
0.506645
0.000818333
0.0726156
0.0180119
0.0602556
0.00726484
0.759452
0.0720279
0.267248
0.019089
0.343165
0.408691
0.17467
0.0289176
0.621669
0.486501
0.0116798
0.0177045
0.546719
0.0364231
0.563506
0.00297489
0.0858331
0.490075
0.408432
0.650735
0.0057164
0.054175
0.262642
0.168428
0.60257
0.798967
0.5073
0.788635
0.723425
0.216555
0.0786235
0.611011
0.303774
0.0010758
0.89006
0.318055
0.100531
0.127027
0.382301
0.22304
0.770264
0.687734
0.380608
0.8214
0.0578152
0.673672
0.00013999
0.00186968
0.0841286
0.105259
0.458281
0.150419
0.151276
0.596929
0.399548
0.00245662
0.451539
0.350389
0.170988
0.363477
0.596553
0.588871
0.0837057
0.389615
0.340538
0.0212593
0.361854
0.189776
0.542143
0.871694
0.287803
0.496137
0.36765
0.40801
0.158425
0.395305
0.421075
0.340212
0.583643
0.0931117
0.497691
0.435145
0.0305064
0.127022
0.204042
0.000717879
0.525823
0.023496
0.00183941
0.147551
0.0206438
0.56795
0.580575
0.116086
0.581563
0.443359
0.000226999
0.226278
0.522803
0.477957
0.40193
0.0198236
0.632283
0.610279
0.529974
0.00278901
0.124232
0.413464
0.802521
0.000730545
0.296618
0.765014
0.0168623
0.00208555
0.00236098
0.0254406
0.123398
0.740459
0.258094
0.0158241
0.522907
0.335739
0.182952
0.0424777
0.012999
0.799006
0.60125
0.77082
0.0282662
0.000796148
0.00537556
0.0483343
0.623963
0.426429
0.337737
0.345815
0.368751
4.09192e-05
0.306677
0.286086
0.350616
0.397863
0.841954
0.000212336
0.601905
0.374077
0.116376
0.00830678
0.023246
0.109982
0.126325
0.413374
0.167845
0.000768468
0.784926
0.315916
0.49561
0.00282864
0.520831
0.0213438
0.000213116
0.00718607
0.719106
0.0214671
0.672905
0.630117
0.598884
0.891905
0.03352
0.0336874
3.89929e-05
0.775381
0.0547504
0.0247278
0.179364
0.507138
0.538092
0.187116
0.00193029
0.0786603
0.323939
0.380396
0.276041
0.078452
0.104648
0.0599562
0.0164965
0.521741
0.721099
0.658316
0.589559
0.606953
0.206819
0.0238139
0.572069
0.000131242
0.740625
0.033753
0.103498
0.668966
0.316485
0.138475
0.809744
0.0105412
0.000195482
0.051593
0.247726
0.0371213
0.083732
0.65767
0.713065
0.0723337
0.401366
0.609105
0.437553
0.326411
0.317075
0.502045
0.013973
0.00283925
0.710162
0.0592742
0.372141
0.499353
0.00775094
0.598595
0.14031
0.014918
0.702361
0.119079
0.39741
0.438988
0.324208
0.331854
0.108537
0.100654
0.510496
0.241912
0.249524
0.532129
0.581743
0.539832
0.318744
0.716715
0.44946
0.503935
0.254469
0.000312081
0.777846
0.43979
0.0311581
0.543797
0.19939
0.462356
0.62067
0.0597242
0.12804
0.534022
0.790649
0.439644
0.0275144
0.790341
0.785835
0.507531
0.319885
0.187134
0.041102
0.257111
0.116391
0.117764
0.00105198
0.0208788
0.000137091
0.440511
0.136868
0.395268
0.444386
0.337622
0.013686
0.78712
0.0548912
0.223438
0.101238
0.589102
0.064698
0.63282
0.0207142
0.866219
0.0756802
0.423281
0.536875
0.0101168
0.0443569
0.679418
0.258173
0.000183794
0.16206
0.2633
0.26964
0.0778046
0.639661
0.442911
0.39805
0.0649571
0.0525337
0.732507
0.631803
0.608486
0.0407347
0.448795
0.0039438
0.0564304
0.0124178
0.0122779
0.776947
0.611124
0.0185995
0.836208
0.0694702
0.500202
0.0976479
0.626567
0.0734632
0.541501
0.00355473
0.152737
0.354794
0.688831
0.463531
0.141961
0.508468
0.831113
0.0460163
0.28865
0.27521
0.00354354
0.903694
0.421101
0.389493
0.359802
0.429503
0.34285
0.466739
0.607453
0.0630755
0.154366
0.000566537
0.191578
0.454424
0.00266096
0.594099
0.192215
0.00157523
0.528346
0.0152604
0.242437
1.14518e-05
0.302331
0.154497
0.0250365
0.0475706
0.0485499
0.402045
0.420299
0.37133
0.537743
0.411367
0.0131361
0.00196014
0.706041
0.420193
0.293158
0.290002
0.493469
0.013313
0.121682
0.824677
0.100631
0.000301877
0.310465
0.169372
0.240939
0.728273
0.0837549
0.296376
0.397718
0.0174878
0.83775
0.00205446
0.184177
0.155801
0.598625
0.285028
0.0168302
0.315836
0.771427
0.0796176
0.00253646
0.289154
0.194476
0.430494
0.0902939
0.609833
0.0119326
0.0368673
0.121326
0.316533
0.0732522
0.113776
0.717474
0.288854
0.113637
0.542586
0.203981
0.353466
0.315861
0.0120392
0.00268829
0.23717
0.0323969
0.0353215
0.250492
0.00214027
0.329372
0.728407
0.71564
0.013808
0.0347415
0.0268673
0.0446092
0.142246
0.755832
0.206527
0.0250225
0.203482
0.310624
0.165278
0.325799
0.637223
0.00133073
0.434093
0.358958
0.0257179
0.0223978
0.0287263
0.282754
0.278701
0.207071
0.417166
0.0942418
0.0311349
0.322223
0.227175
0.234447
0.115123
0.832899
0.540536
0.107493
0.420677
0.203944
0.00194119
0.585595
0.109453
0.746027
0.0433053
0.59736
0.552871
0.195495
0.0216131
0.51849
0.330433
0.500006
0.422607
0.0136162
0.00148398
0.317263
0.452525
0.698539
0.409616
0.724506
0.158782
0.0728959
0.102014
0.0116971
0.156002
0.745075
0.190501
0.274547
0.0108905
0.230791
0.836471
0.605156
0.00166475
0.00166855
0.302999
0.762819
0.686989
0.455694
0.000360525
0.771685
0.000784936
0.0239734
0.0489568
0.607204
0.232027
0.0449265
0.036792
0.345477
0.0987951
0.356409
0.272492
0.520834
0.0364343
0.776832
0.327105
0.0109057
0.0195791
0.43362
0.829956
0.339449
0.633968
0.001614
0.0178779
0.237256
0.000938436
0.0624712
0.276785
0.0126972
0.288441
0.0827973
0.0101879
0.156286
0.132378
0.194517
0.288589
0.322711
0.483741
0.625212
0.158993
0.0241031
0.528543
0.4289
0.00194415
0.020178
0.333329
0.107057
0.588383
0.792074
0.283824
0.0875312
0.51689
0.13503
0.136141
0.0157621
0.613586
0.450553
0.0879409
0.70161
0.00612603
0.485564
0.460899
0.0673445
0.00479075
0.160427
0.248747
0.0917693
0.680763
0.0662073
0.527567
4.89698e-05
0.00166008
0.662606
0.0261146
0.0700639
0.837093
0.45038
0.0392254
0.433604
0.0389886
0.449669
0.15868
0.371035
0.00725117
0.0015254
0.626486
0.0386535
0.11566
0.682196
0.00973916
0.211373
0.443811
0.112827
0.616662
0.0069167
0.00253255
0.0145043
0.308034
0.157435
0.731696
0.000936194
0.0097551
0.0373483
0.197244
0.394457
0.571584
0.407597
0.0185096
0.2693
0.231252
0.569132
0.334852
0.00877925
0.123757
0.461523
0.294143
0.195164
0.175364
0.708971
0.304427
0.00794799
0.804685
0.0808238
0.022664
0.213685
0.634085
0.597394
0.167811
0.299189
0.332304
0.753386
0.000134421
0.657992
0.0194394
0.555096
0.211254
0.440131
0.024
0.0591799
0.548646
0.404441
0.101248
0.0341883
0.230611
0.206242
0.00891437
0.35854
0.666985
0.618184
0.0605156
0.000229005
0.0235412
0.030922
0.792277
0.0484885
0.475561
0.237811
0.712089
0.65515
0.000774381
0.457178
0.404245
0.053732
0.634964
0.640239
0.436499
0.147663
0.551669
0.425406
0.046987
0.282661
0.513059
0.0737456
0.274825
0.00739165
0.111576
0.653815
0.40112
0.00301476
0.00282426
0.246183
0.745965
0.228271
0.0418366
0.0906672
0.0130876
0.123988
0.000819341
0.547317
0.351934
0.833539
0.634719
0.46531
0.366759
0.00276756
0.856
0.419562
0.563921
0.382166
0.422255
0.599367
0.873555
0.485046
0.0222354
0.000240064
0.00982283
0.60076
7.1423e-05
0.278013
0.524999
0.0414114
0.122592
0.0864352
0.210944
0.169967
0.205333
0.103881
0.389107
0.589086
0.615974
0.285585
0.859521
0.133043
0.0020708
0.358709
0.772351
0.0507775
0.722406
0.214263
0.0488714
0.123604
0.175461
0.641285
0.047304
0.00654715
0.0896756
0.00227788
0.299842
0.0862958
0.455971
0.453196
0.39653
0.0228173
0.378437
0.000745313
0.60315
0.206475
0.505761
0.307568
0.472201
0.000967689
0.206198
0.456805
0.0877006
0.531695
0.0198478
0.0111147
0.494259
0.333438
0.199977
0.665486
0.0677818
0.000516734
0.0376221
0.0525961
0.221428
0.150622
0.0132938
0.137875
0.266978
0.0594471
0.126867
0.0294147
0.329726
0.0422899
0.102347
0.00918215
0.509951
0.0945078
0.362766
0.056699
0.000231697
0.0184897
0.0139491
0.5107
0.0372284
0.547871
0.125383
0.451528
0.0022733
0.00767889
0.67538
0.37932
0.00752223
0.542549
0.631527
0.476191
0.019245
0.218381
0.594217
0.249724
0.288268
0.511988
0.491815
0.317267
0.580546
0.156577
0.0132566
0.147662
0.308427
0.0309667
0.890692
0.465245
0.50251
0.784939
0.440967
0.126508
0.21552
0.000301931
0.883175
0.258585
0.408774
0.238983
0.0175765
0.318843
0.489603
0.490011
0.0187378
0.70228
0.861727
0.770357
0.616082
0.00944706
0.164528
0.396023
0.590365
0.271927
0.102301
0.557772
0.146898
0.748075
0.0326727
0.0205132
0.705706
0.326789
0.187227
0.000250972
0.499039
0.417799
0.24888
0.636509
0.000705392
0.292077
0.462983
0.453423
0.3535
0.223509
0.0387342
0.00172479
0.605217
0.31369
0.348757
0.27383
0.415173
0.181191
0.374769
0.0359929
0.367874
0.247351
0.0458696
0.343405
0.078553
0.561422
0.90334
0.290545
0.64398
0.384861
0.338006
0.524099
0.000143751
0.640238
0.0620706
0.190657
0.102474
0.0562071
0.375543
0.646547
0.0628279
0.00736942
0.0759896
0.15303
0.782696
0.17801
0.216502
0.360251
0.791131
0.00228949
0.652885
0.0313668
0.15974
0.494261
0.745702
0.639537
0.251633
0.531129
0.00639481
6.04477e-05
0.00290442
0.650147
0.00461104
0.313982
0.302152
0.005914
0.276679
0.422317
0.00415892
0.858619
0.606855
0.402009
0.305964
0.00451666
0.00610526
0.341728
0.16802
0.376489
0.0032988
0.00127645
0.330631
0.477861
0.589467
0.0921326
0.435889
0.013026
0.496013
0.490873
0.44795
0.195066
0.660382
0.55442
0.342182
0.566899
0.00287988
0.465115
0.466512
0.0359911
0.00462488
0.571531
0.141646
0.616372
0.0615797
0.00124131
0.365093
0.0783834
0.705811
0.014997
0.918256
0.758323
0.0110905
0.568807
0.205626
0.399364
0.0470464
0.294662
0.00454245
0.21687
0.18663
0.338352
0.749424
0.317164
0.145263
0.0110426
0.0715757
0.00526147
0.342287
0.191469
0.198407
0.714704
0.701311
0.789022
0.384867
0.771326
0.321928
0.103607
0.134241
0.832748
0.0328287
0.0554863
0.0395142
0.0128561
0.546724
0.65248
0.470104
0.000378473
0.379028
0.454842
0.339741
0.0129712
0.0293188
0.0105741
0.00171028
0.53959
0.738349
0.870005
0.122964
0.410333
0.31646
0.468131
0.410811
0.232784
0.77626
0.232527
0.290656
0.0510537
0.73606
0.623307
0.0548942
0.100612
0.0848355
0.000924069
0.724486
0.011606
0.359651
0.415227
0.365094
0.474373
0.188424
0.351377
0.693128
0.830406
0.0725405
0.126466
0.0971091
0.00151947
0.595235
0.53831
0.18626
0.0999316
0.023156
0.725573
0.0241169
0.0305595
0.214832
0.455444
0.554538
0.0259366
0.452586
0.0204083
0.490707
0.0462684
0.00973541
0.000161548
0.533246
0.838254
0.00341971
0.0259446
0.272774
0.339056
0.398958
0.0650337
0.15716
0.204882
0.761013
0.243923
0.069613
0.216348
0.441419
0.42
0.368828
0.245792
0.00340387
0.118614
0.0589219
0.405876
0.435749
0.743239
0.933252
0.145925
0.535964
0.652039
0.474511
0.416427
0.299265
0.300106
0.109477
0.579627
0.016189
0.176964
0.603977
0.701244
0.0258228
0.680087
0.397406
0.321591
0.738809
0.0938259
0.00128613
0.32659
0.0385275
0.15769
0.583728
0.734613
0.0153491
0.537435
0.123622
0.000699035
0.313053
0.29693
0.00246128
0.00626856
0.736343
0.142837
0.254457
0.341537
0.74828
0.639021
0.730366
0.230866
0.328426
0.0181935
0.294768
0.555481
0.384434
0.116418
0.603787
0.022823
0.0180932
0.607069
0.35828
0.715215
0.044317
0.249441
0.118552
0.0133184
0.0453501
0.699985
0.0030307
0.794576
0.500865
0.00329382
0.197673
0.653979
0.37785
0.000474906
0.302407
0.00494578
0.576707
0.630706
0.447713
0.681784
0.803935
0.599349
0.0142542
0.391545
0.295687
0.67994
0.128179
0.462204
0.702259
0.0187303
0.504955
0.850445
0.00163507
0.204995
0.351798
0.759221
0.621984
0.107408
0.399486
0.431123
0.0417568
0.0370139
0.0753291
0.560279
0.72308
0.537371
0.0762462
0.554184
0.0368712
0.543764
0.147126
0.391464
0.131092
0.342546
0.570273
0.304316
0.009648
0.371868
0.169149
0.00150821
0.470472
0.0762246
0.656512
0.10252
0.561943
0.469113
0.454912
0.469422
0.281765
7.65715e-05
0.144714
0.539521
0.000591715
0.210077
0.597061
0.704163
0.622357
0.0189007
0.253068
0.150446
0.117118
0.72458
0.285834
0.044799
0.216258
0.248028
0.526565
0.00304786
0.824455
0.0187329
0.597347
0.00531736
0.227289
0.0054539
0.145985
5.4678e-05
0.687155
0.000217216
0.0605005
0.498892
0.00206659
0.612146
0.00136153
0.00951359
0.00268255
0.00330193
0.693947
0.471339
0.0312864
0.383319
0.306483
0.0969833
0.0535176
0.465318
0.325394
0.0372099
0.208162
0.591415
0.0162059
0.0661661
0.042206
0.5551
0.0477558
0.00120282
0.684883
0.473882
0.0839771
0.0628543
0.619512
7.35356e-05
0.271575
0.600741
0.388118
0.705673
0.581979
0.660412
0.7586
0.325304
0.464977
0.560497
0.250021
0.134118
0.391292
0.0268377
0.295045
0.583157
0.574708
0.147554
0.323643
0.232589
0.270061
0.761149
0.681065
0.769253
0.409297
0.135598
0.00014956
0.821415
0.028304
0.0287545
0.0271861
0.666424
0.0371294
0.863052
0.58223
0.308793
0.458779
0.219672
0.610419
0.461316
0.0129503
0.500765
0.567727
0.123367
0.301824
0.584451
0.0276258
9.14871e-05
0.0174152
0.170414
0.293007
0.578065
0.328526
0.0492959
0.347244
0.0570597
0.0935569
0.619586
0.55609
0.735367
0.760924
0.153552
0.241273
0.0370408
0.059638
0.573308
0.268089
0.0317199
0.180647
0.250765
0.104684
0.699249
0.646318
0.00834417
0.0123559
0.0987027
0.459652
0.251341
0.694986
0.0190153
0.0685558
0.495585
0.505175
0.0791166
0.601569
0.0172482
0.01362
0.438631
0.318091
0.252517
0.0842389
0.209416
0.000617573
0.34542
0.25769
0.361021
0.29053
0.324331
0.545154
0.48619
0.45716
0.276753
0.656451
0.0412657
0.00761479
0.767664
0.357593
0.511592
0.0243276
0.318075
0.0347347
0.496604
0.375539
0.642289
0.267515
0.794118
0.191715
0.158899
0.526466
0.483694
0.0153254
0.772381
0.00436535
0.00132158
0.00829246
0.382208
0.102683
0.00562103
0.235973
0.252191
0.685372
0.771401
0.000582137
0.475792
0.469779
0.00358181
0.4824
0.0538535
0.591918
0.132181
0.32349
0.821932
0.0290156
0.618799
0.101275
0.0013274
0.39381
0.00344357
0.232852
0.26646
0.020055
0.338552
0.121629
0.633091
0.295576
0.0557317
0.469367
0.362559
0.21495
0.495286
0.465522
0.156746
0.0590677
0.298427
0.172907
0.624937
0.25387
0.00467339
0.0232973
0.00296868
0.49332
0.155973
0.00192579
0.526018
0.0496916
0.343928
0.35391
0.11814
0.030658
0.142676
0.217276
0.460621
0.167853
0.201254
0.00615778
0.791845
0.027169
0.00814279
0.521082
0.406732
0.0104237
0.480824
0.62285
0.00760723
0.147595
0.14448
0.276431
0.0697517
0.000934715
0.0726232
0.320594
0.000910976
0.00032136
0.000217099
0.0149921
0.409825
0.326561
0.0388891
0.0259207
0.659516
0.26187
0.668484
0.312828
0.212526
0.844019
0.171575
0.490991
0.0431445
0.228539
0.166032
0.239686
0.00138585
0.00422808
0.183216
0.527107
0.128223
0.439158
0.351765
0.00141772
0.284741
0.308191
0.177655
0.479771
0.0332344
0.318531
0.0167879
0.369581
0.585442
0.490579
0.388998
0.480207
0.300038
0.335178
0.0329962
0.350422
0.00438287
0.559391
0.391045
0.46904
0.0362658
0.178115
0.00886925
0.440706
0.822651
0.296457
0.615452
0.266071
0.89344
0.227392
0.0959796
0.61275
0.0096958
0.665214
0.00464226
0.673015
0.472644
0.627759
0.293786
0.221224
0.19249
0.00685725
0.00404611
0.583626
0.385213
0.633307
0.452186
0.543668
0.534117
0.215431
0.00275758
0.169497
0.105472
0.466193
0.320984
0.248379
0.00671054
0.789575
0.00291359
0.636672
0.0414365
0.134567
0.00255317
0.683302
0.125676
0.125839
0.15754
0.492071
0.355542
0.163465
0.822238
0.558727
0.258791
0.104191
0.246936
0.484836
0.175934
0.0371195
0.0191679
0.453745
0.111712
0.653476
0.00130761
0.0654835
0.377291
0.0103488
0.00360548
0.000569771
0.122793
0.00667303
0.000391355
0.304872
0.798014
0.392881
0.0016787
0.429752
0.141742
0.241066
0.0183201
0.331596
0.595913
0.648926
0.00569891
0.0033499
0.142371
0.0450889
0.00375518
0.1264
0.28198
0.0751726
0.000518873
0.0662775
0.0279066
0.0535363
0.861312
0.203142
0.469156
0.569572
0.73273
0.155667
0.031737
0.0589997
5.1549e-05
0.387204
0.014594
0.109074
0.627842
0.430295
0.658787
0.910247
0.000953854
0.159119
0.500024
0.00292102
0.000649858
0.585857
0.839536
0.663824
0.375393
0.0992554
0.0760418
0.785325
0.607363
0.222018
0.773649
0.700888
0.593068
0.383905
0.00188026
0.492185
0.264392
0.366303
0.456178
0.616668
0.514146
0.463215
0.664693
0.147429
0.00592273
0.654676
0.554377
0.386345
0.0159076
0.665343
0.33272
0.207351
0.32036
0.0406607
0.00802896
0.832359
0.442678
0.875773
0.89339
0.604336
0.852829
0.527285
0.810032
0.403845
0.649238
0.00123293
0.647408
0.64792
0.457394
0.543682
0.109143
0.00799644
0.243437
0.012097
0.549451
0.000346947
0.929055
0.106246
0.409598
0.120631
0.0741679
0.493218
0.591007
0.00421479
0.329968
0.36468
0.000240574
0.389009
0.000186374
0.00616385
0.61781
0.126476
0.00266813
0.267345
0.69157
0.354102
0.0217939
0.0142948
6.63087e-05
0.180318
0.164005
0.338635
0.267204
0.729495
0.167762
0.408442
0.000247598
0.0304103
0.219958
0.0238845
0.0114764
0.293686
0.00392904
0.0291544
0.552482
0.343815
0.70005
0.225601
0.659813
0.678805
0.834199
0.0753142
0.650995
0.596882
0.717308
0.721375
0.0183205
0.00782993
0.56836
0.127415
0.223977
0.650822
0.322666
0.178321
0.0894838
0.383895
0.634628
0.352737
0.141597
0.732961
0.00538432
0.00971475
0.794891
0.473633
0.416242
0.700252
0.198695
0.563971
0.0834923
0.523119
0.095729
0.57716
0.742331
0.151023
0.0225929
0.547374
0.0128106
0.00938971
0.455078
0.41538
0.605695
0.223872
0.553056
0.0141483
0.530938
0.0469236
0.661793
0.244308
0.319024
0.0408432
0.307648
0.0426174
0.290054
0.602261
0.00478333
0.281548
0.00169018
0.835471
0.323442
0.258815
0.484202
0.357208
0.683846
0.0488799
0.24896
0.31562
0.0488788
0.139173
0.376437
0.0269749
0.00758915
0.0077129
0.500222
0.546208
0.50359
0.0469561
0.412305
0.691371
0.318801
0.770252
0.449791
0.896768
0.00890761
0.0786972
0.0355809
0.673781
0.777515
0.0138646
0.465732
0.853696
0.191773
0.155187
0.589031
0.632361
0.342738
0.243816
0.614024
0.534718
0.0015187
0.0352835
0.664282
0.449419
0.0327637
0.0151444
0.024371
0.0284925
0.44153
0.244045
0.872775
0.0606643
0.21039
0.0250683
0.295187
0.00739804
0.292057
0.0572982
0.0487074
0.806067
0.0162092
0.237146
0.0810803
0.024049
0.769865
0.0423373
0.0147347
0.00178242
0.104094
0.271121
0.0724494
0.135322
0.0154544
0.139316
0.0189715
0.247872
0.17285
0.0139724
0.585472
0.0548042
0.686586
0.0148727
0.566639
0.0884761
0.283337
0.313596
0.421489
0.0431659
0.00743966
0.509284
0.0902384
0.305993
0.000942505
0.120926
0.733464
0.167738
0.686601
0.487036
0.0303521
0.862045
0.273672
0.306121
0.252816
0.413854
0.00720341
0.834515
0.519557
0.283012
0.00204684
0.434937
0.000172723
0.0187423
0.526151
0.00118214
0.0739992
0.00275519
0.59399
0.0180109
0.682054
0.230844
0.369417
0.263939
0.165974
0.00832719
0.0162314
0.421532
0.390655
0.726041
0.513886
0.00225366
0.588274
0.177684
0.241277
0.26255
0.00505897
0.37354
0.0797357
0.101028
0.141858
0.548044
0.499388
0.267078
0.249579
0.320732
0.169203
0.417752
0.737543
0.673329
0.122866
0.429302
0.0909276
0.0277215
0.907022
0.182029
0.398493
0.00105892
0.502503
0.00432961
0.0951377
0.731766
0.192204
0.80492
0.153306
0.263925
0.0424798
0.0972449
0.22648
0.02698
0.0028608
0.595598
0.0711318
0.335121
0.0938768
0.0321601
0.155707
0.217384
0.14338
0.0222461
0.208744
0.400619
0.400314
0.12623
0.0518178
0.559654
0.12789
0.313806
0.000565129
0.417454
0.0140253
0.0223922
0.190698
0.0260829
0.0757168
0.273616
0.365009
0.185664
0.125919
0.0602441
0.661674
0.416739
0.159073
0.185489
0.637515
0.0122533
0.0411075
0.561572
0.256793
0.634454
0.777854
0.26248
0.00168922
0.0166245
0.214121
0.639079
0.653779
0.144858
0.000821224
0.316007
0.557381
0.496704
0.0251495
0.376382
0.678743
0.0801196
0.00862311
0.47401
0.0196294
0.171486
0.142641
0.694718
0.12063
0.116031
0.286666
0.531388
0.402357
0.19021
0.179584
0.731317
0.16524
0.543148
0.441115
0.581381
0.000653927
0.0232819
0.247842
0.0141637
0.356614
0.00149651
0.048353
0.527083
0.150608
0.715899
0.0849632
0.845936
0.00195341
0.0690531
0.350338
0.177437
0.531123
0.177235
0.616263
0.457684
0.160461
0.0427517
0.00263831
0.0366385
0.455388
0.286653
0.112405
0.172746
0.0155749
0.667987
0.135455
0.108445
0.00875676
0.256652
0.0363218
0.743031
0.717194
0.610938
0.620884
0.547092
0.769808
0.18751
0.265731
0.00335821
0.677969
0.44422
0.489563
0.172225
0.388556
0.546666
0.242301
0.392065
0.535213
0.205992
0.256074
0.369812
0.342522
0.567376
0.0932878
0.586899
0.1899
0.337653
0.781314
0.444256
0.144224
0.0100273
0.0809598
0.297584
0.640152
0.495942
0.694159
0.0476406
0.702075
0.183561
0.347334
0.360493
0.606999
0.00952809
0.0227003
0.0341341
0.543513
0.00511677
0.511475
0.080893
0.139213
0.116132
0.00072924
0.676141
0.000525539
0.849564
0.0100765
0.410735
0.476394
0.288673
0.0600254
0.317478
0.0037112
0.00274296
0.54363
0.657961
0.00981588
0.0517161
0.296098
0.187669
0.562944
0.449082
0.152506
0.278458
0.159386
0.0297223
0.683872
0.713966
0.431444
0.322003
0.474981
0.206538
0.560142
0.0467179
0.466436
0.00369474
0.00720835
0.0825698
0.036237
0.514374
0.000382281
0.00980087
0.468585
0.553475
0.184716
0.0462466
0.459176
0.332079
0.676213
0.208155
0.249262
0.00987921
0.386219
0.10336
0.000697674
0.24225
0.20075
0.0527589
0.762685
0.00149265
0.113387
0.873718
0.45547
0.72294
0.0502557
0.183263
0.360971
0.684271
0.00963137
0.0210541
0.0131473
0.457963
0.204736
0.099279
0.662818
0.0217339
0.266287
0.192305
0.0463783
0.453123
0.0943692
0.10902
0.612667
0.548054
0.568563
0.00365026
0.58752
0.111982
0.00337407
0.424385
0.417453
0.521318
0.321084
0.0266498
0.213221
0.34154
0.440831
0.0116244
0.724953
0.593549
0.695567
0.0212352
0.216241
0.00130233
0.816415
0.50582
0.352106
0.00193673
0.3365
0.482433
0.00270185
0.234044
0.0297395
0.0593502
0.730335
0.0431224
0.679386
0.048697
0.019093
0.740309
0.43931
0.820576
0.732644
0.611883
0.0272598
0.000839351
0.207159
0.737341
0.673467
0.0212145
0.00301023
0.489255
0.519207
0.763263
0.295745
0.0071487
0.000866081
0.000204832
0.168318
0.259533
0.084171
0.207268
0.0591808
0.0410263
0.35981
0.000401673
0.352285
0.266986
0.348526
0.00853702
0.00422414
0.106485
0.65856
0.20163
0.159921
0.734142
0.447315
0.0201165
0.42675
0.0522108
0.00889762
0.156865
0.52762
0.224949
0.299811
0.460789
0.459978
0.563863
0.205659
0.696519
0.441326
0.00429987
0.352846
0.00133473
0.0215765
0.0639196
0.139892
0.094995
0.148774
0.521345
0.469513
7.0242e-05
0.327823
0.0702303
0.0577249
0.544209
0.00522872
0.481782
0.0188448
0.235179
0.0138171
0.0894807
0.019384
0.00762147
0.381309
0.871851
0.229099
0.336352
0.394949
0.78666
0.3861
0.615849
0.211232
0.489208
0.416937
0.000618848
0.0623744
0.00518474
0.482376
0.567015
0.56322
0.777026
0.851127
0.00159248
0.00157109
0.396197
0.246488
0.141942
0.0134382
0.152518
0.00327636
0.306265
0.593498
0.0539338
0.229469
0.116828
0.152379
0.280029
0.729891
0.0381644
0.460867
0.400045
0.533519
0.00424786
0.129688
0.401775
0.0311719
0.243508
0.0687648
0.300046
0.0359604
0.41056
0.494164
0.511978
0.0347723
0.00410424
0.200029
0.726082
0.364947
0.53529
0.830997
0.130415
0.34042
0.408936
0.670707
0.218361
0.583365
0.639961
0.00889811
0.018198
0.0333654
0.223282
0.216742
0.00809329
0.384991
0.610656
0.00997448
0.0912646
0.197618
0.0280684
0.80543
0.011878
0.299785
0.545031
0.170354
0.210208
0.519783
0.223624
0.0008926
0.00326625
0.319359
0.0135645
0.000647235
0.294899
0.264924
0.0070644
0.125065
0.021279
0.684324
0.41897
0.0078139
0.0701121
0.651653
0.204856
0.0548592
0.106333
0.641347
0.414395
0.731948
0.00128882
0.66747
0.11289
0.514564
0.213992
0.00503722
0.446957
0.526361
0.119807
0.326083
0.0729409
0.941845
0.268577
0.0323168
0.600271
0.294176
0.0831513
0.71061
0.451324
0.381173
0.553682
0.289595
0.0846872
0.160527
0.0677483
0.647289
0.129277
0.555867
0.0120229
0.023192
0.504557
0.00665743
0.29766
0.341325
0.200939
0.143712
0.251198
0.667715
0.122355
0.565539
0.565671
0.00255196
0.0289428
0.0479419
0.0244753
0.00124522
0.326855
0.1525
0.286467
0.535975
0.124789
0.708947
0.583142
0.0304313
0.00278149
0.361819
0.084471
0.794586
0.415809
0.361276
0.57957
0.061851
0.217057
0.512383
0.125032
0.375536
0.705515
0.0483144
0.0165375
0.270301
0.306188
0.243892
0.331112
0.688181
0.504205
0.564408
0.0894248
0.309575
0.000420311
0.33271
0.493784
0.0420861
0.0630989
0.00869763
0.0657022
0.0311347
0.00873134
0.139266
0.0329756
0.0953379
0.246826
0.00248182
0.472966
0.216154
0.251499
0.254683
0.00503469
0.775694
0.240453
0.0086423
0.447476
0.00341486
0.559585
0.167708
0.796015
0.140069
0.0195354
0.10509
0.291323
0.381099
0.603571
0.349854
0.0594556
0.00382811
0.130331
0.189855
0.115013
0.356645
0.0021673
0.115992
0.757589
0.308714
0.00050456
0.54147
0.0846208
0.621134
0.380488
0.664703
0.534479
0.029148
0.391991
0.0296972
0.00996266
0.236187
0.0021185
0.0217346
0.0107728
0.103058
0.514244
0.266112
0.0479783
0.307669
0.0289774
0.0322645
0.646755
0.224204
0.0378488
0.616702
0.300087
0.0765202
0.526111
0.488371
0.269791
0.0231116
0.000855895
0.605035
0.000639876
0.0101242
0.194669
0.198188
0.00278659
0.235754
0.418518
0.215152
0.390485
0.35304
0.520969
0.642695
0.367383
0.392264
0.474322
0.0373597
0.000680914
0.159306
0.064223
0.181099
0.354824
0.502303
0.000394612
0.124314
0.377033
0.41957
0.551759
0.232802
0.0542216
0.623824
0.339176
0.778449
0.00579473
0.346785
0.251737
0.865064
7.63375e-05
0.540584
0.499697
0.144498
0.190688
0.0239679
0.0571806
0.800475
0.0165263
0.545998
0.539412
0.115094
0.838984
0.111582
0.285865
0.608422
0.290166
0.54071
0.386979
0.00454709
0.338923
0.721809
0.00011696
0.509869
0.0848208
0.00529281
0.00105011
0.132443
0.620525
0.184023
0.292395
0.00754628
0.0149133
0.296517
0.6723
0.0134603
0.03412
0.745735
0.0294901
0.736027
0.439187
0.360889
0.657252
0.344021
0.0297479
0.0279797
0.00909442
0.0144416
0.0174441
0.00206253
0.140086
0.194762
0.496773
0.409194
0.224839
0.0195494
0.0186894
0.292261
0.0431757
0.00122455
0.718235
0.635732
0.277849
0.510447
0.0170111
0.755364
0.390913
0.0857613
0.347487
0.0028013
0.0480518
0.0686145
0.0105826
0.0527028
0.556633
0.131351
0.738907
0.0977652
0.00104052
0.011986
0.0102824
0.205047
0.341649
0.697343
0.48566
0.240745
0.0626413
0.000884509
0.509351
0.529846
0.215454
0.716329
0.314558
0.14719
0.20155
0.259826
0.350316
0.000954943
0.0035533
0.171855
0.524846
0.548994
0.00209292
0.00861133
0.000605346
0.106794
0.746928
0.283228
0.384473
0.00628735
0.246415
0.646606
0.684814
0.0421452
0.0831266
0.0504309
0.402992
0.582204
0.357206
0.631575
0.0336056
0.00637714
0.0426694
0.194178
0.13601
0.0141416
0.0155797
0.0691382
0.188696
0.385162
0.593172
0.515226
0.000527246
0.000523208
0.0198195
0.0997024
0.270741
0.110561
0.181219
0.104225
0.106864
0.00189876
0.0383124
0.499819
0.758379
0.408727
0.33323
0.318739
0.469073
0.411271
0.541461
0.29183
0.00427473
0.153427
0.703723
0.669597
0.563082
0.328833
0.533878
0.0666776
0.487295
0.31038
0.00952711
0.000202218
0.000212982
0.676836
0.0789102
0.00988993
0.0360929
0.133117
0.455578
0.73709
0.0919832
0.524257
0.00158214
0.413007
0.22666
0.0453653
0.488531
0.116926
0.137143
0.165003
0.312844
0.674869
0.514634
0.806066
0.0387422
0.121022
0.125643
0.437281
0.115799
0.0597103
0.198979
0.24563
0.570608
0.474696
0.0122146
6.2675e-05
0.806796
0.442005
0.00223454
0.464011
0.123249
0.532383
0.0172787
0.00173581
0.00111585
0.641825
0.64318
0.209536
0.0707888
0.829227
0.583129
0.409758
0.00789166
0.126665
0.178669
0.0743112
0.137861
0.0125277
0.280362
0.625162
0.231776
0.0365604
0.181002
0.00616682
0.000253644
0.710624
0.646411
0.687403
0.0874128
0.576463
0.25786
0.803776
0.460259
0.404039
0.691677
0.0830594
0.115969
0.0309861
0.00681369
0.470805
0.0256117
0.0342352
0.441598
0.513825
0.240697
0.0170267
0.271503
0.0209129
0.752669
0.0579422
0.0376699
0.671771
0.522809
0.695826
0.77953
0.0128765
0.788179
0.503894
0.30587
0.400211
0.289227
0.759101
0.296104
0.0946717
0.0207418
0.711127
0.00769463
0.343406
0.79447
0.372355
0.0912882
0.671603
0.0803384
0.456333
0.0210474
0.00195956
0.496932
0.485504
0.758886
0.478759
0.59317
0.0330657
0.286483
0.611952
0.857282
0.315017
0.351676
0.469937
0.146277
0.0861523
0.430711
0.523105
0.492749
0.0842595
0.525136
0.664965
0.0362222
0.00331301
0.0653826
0.626283
0.0121523
0.639988
0.676363
0.166261
0.0253493
0.469351
0.752897
0.0435484
0.00146034
0.683541
0.333278
0.533817
0.671027
0.0239549
0.581807
0.514779
0.868416
0.000510547
0.165571
0.446516
0.49657
0.599662
0.249533
0.654952
0.598473
0.081278
0.054166
0.188477
0.419489
0.132691
0.256919
0.370775
0.334935
0.427767
0.499293
0.0904104
0.630724
0.00646336
0.735192
0.0104264
0.502443
0.0174068
0.0386498
0.444397
0.301066
0.558977
0.00505102
0.0522793
0.347575
0.547962
0.373066
0.119981
0.394191
0.0867872
0.119799
0.00378721
0.53144
0.00576332
0.860263
0.094345
0.12598
0.633087
0.00734758
0.0023309
0.0251526
0.160901
0.73213
0.372559
0.0452251
2.33888e-05
0.442666
0.469055
0.44229
0.479992
0.344453
0.218342
0.268291
0.00159683
0.0704937
0.175197
0.341688
0.390971
0.122044
0.153951
0.375785
0.77799
0.00406887
0.377865
0.368225
0.128151
0.089644
0.622752
0.0786244
0.451697
0.0460905
0.00216865
0.203236
0.2486
0.484546
0.530545
0.0755392
0.271579
0.501339
0.381164
0.42507
0.671293
0.575717
0.468183
0.106327
0.252301
0.00269247
0.781983
0.0855524
0.486587
0.0833049
0.0936698
0.607767
0.000603247
0.254831
0.00073915
0.00113715
0.291639
0.229029
0.658172
0.72408
0.00445167
0.169803
0.338779
0.662849
0.00115116
0.405104
0.294839
0.268252
0.0300534
0.0238898
0.636346
0.388634
0.568367
0.715426
0.26612
0.328609
0.478661
0.00487691
0.0054815
0.524464
0.249895
0.710733
0.0955487
0.00398889
0.0663233
0.439835
0.717125
0.159205
0.359146
0.923207
0.554599
0.800555
0.487889
0.0852597
0.596431
0.144419
0.0029583
0.439294
0.403541
0.496279
0.080123
0.51919
0.00658468
0.176486
0.300404
0.243432
0.605315
0.0151196
0.324761
0.00382687
0.000173964
0.589264
0.334073
0.00343445
9.18383e-06
0.619511
0.297443
0.536663
0.201639
0.108152
0.273488
0.504501
0.153999
0.027633
0.536295
0.286073
0.202006
0.879986
3.95746e-05
0.26303
0.377141
0.30819
0.70644
0.333854
0.390443
0.137855
0.425189
0.144067
0.323547
0.638162
0.589209
0.00354724
0.346524
0.0987135
0.138199
0.269545
0.588455
0.00300789
0.0130673
0.444067
0.151412
0.00310579
0.361025
0.431517
0.000802075
0.231553
0.479417
0.448352
0.26243
0.222007
0.13175
0.304955
0.878253
0.00590072
0.695078
0.00950174
0.244075
0.676359
0.00658755
0.610282
0.573755
0.46961
0.0398955
0.58517
0.616114
0.696862
0.000586235
0.25177
0.00415186
0.428335
0.095453
0.0620894
0.00157425
0.0668268
0.00252273
0.34911
0.511988
0.0379857
0.511734
0.000800222
0.59739
0.174426
0.00406162
0.472388
0.0488137
0.0589007
0.0146072
0.0155116
0.00182511
0.268839
0.0360291
0.18753
0.403893
0.680566
0.00100316
0.799203
0.712483
0.127198
0.397851
0.650319
0.00300347
0.350522
0.358513
0.286075
0.613631
0.198318
0.0206379
0.365105
0.0234302
0.325647
0.0200849
0.511851
0.000758637
0.0368026
0.350563
0.591165
0.0759219
0.000828106
0.449939
0.404439
0.519322
0.00105798
0.346131
0.258088
0.0282211
0.732137
0.0595266
0.0141277
0.537753
0.0525328
0.341867
0.248688
0.0554166
0.508496
0.319963
0.672677
0.00958291
0.671973
0.445099
0.805537
0.112032
0.0974085
0.0830956
0.00112938
0.124037
0.248838
0.00826652
0.48399
0.790615
0.145215
0.0418296
0.0340255
0.78199
0.36696
0.0624045
0.67886
0.202863
0.896469
0.0595189
0.0656659
0.310454
0.139111
0.292743
0.47078
0.683789
0.00945112
0.188217
0.395483
0.361254
0.707314
0.205614
0.0584072
0.103074
0.590777
0.678442
0.000430974
0.165034
0.759955
0.424716
0.00552321
0.00301469
0.0146655
0.3123
0.293864
0.0844515
0.197056
0.621853
0.200314
0.411577
0.191962
0.053349
0.166864
0.00224379
0.564518
0.440206
0.691821
0.800763
0.307352
0.695784
0.018283
0.0445612
0.588177
0.00540861
0.693695
0.516358
0.255828
0.305
0.314847
0.0579031
0.0353996
0.283024
0.547218
0.535013
0.45891
0.67249
0.564486
0.686419
0.669003
0.240085
0.401663
0.0524704
0.336007
0.243553
0.00339715
0.774671
0.000781128
0.243019
0.469837
0.389168
0.59017
0.00356798
0.00212622
0.000536422
0.0683831
0.437814
0.473525
0.510213
0.581241
0.266606
0.285242
0.579201
0.057625
0.812078
0.312693
0.709012
0.0210707
0.201117
0.311212
0.215384
0.556591
0.00311816
0.079981
0.0217136
0.523506
0.903541
0.0130918
0.366602
0.198843
0.404395
0.15358
0.661985
0.354793
0.852225
0.0260085
0.274499
0.511103
0.0186609
0.100044
0.288485
0.644368
0.014712
0.782178
0.228814
0.209681
0.533374
0.364127
0.103491
0.405044
0.0693766
0.306134
0.126671
0.398593
0.0103966
0.766512
0.683508
0.000434189
0.0224362
0.655383
0.464288
0.349832
0.598265
0.444922
0.114872
0.107791
0.0816239
0.00992314
0.243531
0.233931
0.305277
0.317914
0.484928
0.365398
0.702991
0.130817
0.0123338
0.740255
0.68008
0.00528151
0.374026
0.00221332
0.0193648
0.23897
0.748807
0.236082
0.18725
0.543677
0.150353
0.694377
0.509994
0.591114
0.25318
0.361039
0.0854712
0.349327
0.340194
0.102905
0.0212329
0.541463
0.322061
0.724963
0.577959
0.114893
0.4411
0.544953
0.676622
0.113101
0.118245
0.564372
0.113766
0.0239856
0.178027
0.0290058
0.363343
0.782392
0.448664
0.0556594
0.490504
0.603809
0.276615
0.251749
0.724216
0.0741099
0.0362964
0.376379
0.140833
0.107227
0.0283
0.420476
0.254084
0.361935
0.301717
0.625417
0.265063
0.00291623
0.0254366
0.720974
0.00263532
0.22492
0.0147308
0.00351741
0.11454
0.00621272
0.872396
0.0161105
0.000365051
0.821108
0.136577
0.499235
0.570744
0.247668
0.214466
0.268657
0.788654
0.204742
0.184739
0.790482
0.288808
0.0647352
0.0252598
0.402149
0.453127
0.17927
0.323677
0.481098
0.460389
0.0943268
0.133314
0.565135
0.313734
0.0452207
0.0424611
0.0230749
0.154688
0.762882
0.524783
0.132354
0.0784005
0.54724
0.804781
0.35386
0.258303
0.249011
0.0564751
0.534897
0.681195
0.662668
0.841193
0.102885
0.750361
0.0145804
0.295609
0.135411
0.593499
0.317731
0.626971
0.81302
0.38997
0.0312268
0.902952
0.640345
0.446591
0.428457
0.310886
0.247723
0.409909
0.309976
0.140732
0.758404
0.767827
0.359741
0.00981296
0.49205
0.783953
0.635945
0.708022
0.24698
0.740005
0.387788
0.00794586
0.532801
0.71664
0.288442
0.173512
0.551983
0.042833
0.549502
0.378622
0.000131404
0.685401
0.0826136
0.433919
0.469811
0.724005
0.600242
0.249114
0.613316
0.348591
0.37307
0.59887
0.227166
0.464344
0.695286
0.353435
0.0659749
0.000516676
0.0345923
0.00871228
0.235888
0.30934
0.0838919
0.0543229
0.0757408
0.439679
0.0898272
0.172316
0.286171
0.246223
0.389841
0.217855
0.560266
0.42203
0.0709848
0.523915
0.21693
0.0142466
0.0252001
0.119572
0.370358
0.397654
0.721232
0.472855
0.00480803
0.511646
0.422941
0.781374
0.206363
0.0423183
0.140647
0.567447
0.341606
0.607697
0.710454
0.693695
0.0633733
0.764535
0.0125936
0.0692993
0.103969
0.603135
0.287376
0.481515
0.520191
0.461151
0.359394
0.13467
0.0144134
0.152882
0.138646
0.714808
0.534539
0.0080673
0.00769659
0.136661
0.278431
0.0713857
0.354792
0.564309
0.122233
0.0030377
0.204337
0.26969
0.434382
0.855049
0.0109438
0.720107
0.636034
0.000867605
0.164981
0.270865
0.329361
0.0338157
0.590373
0.064059
0.376425
0.000154651
0.882678
0.000301634
0.601978
0.730322
0.549278
0.462917
0.774904
0.0408418
0.0710002
0.0548114
0.436605
0.37079
0.00874134
0.0787573
0.446349
0.539292
0.697034
0.325101
0.826183
0.640727
0.709237
0.541427
0.690335
0.0713191
0.062248
0.175203
0.034423
0.365707
0.624636
0.0114513
0.566875
0.00995954
0.199018
0.363972
0.179804
0.172996
0.494123
0.493846
0.375867
0.0416749
0.809825
0.214992
0.457873
0.230487
0.359961
0.172124
0.499086
0.392714
0.277566
0.278826
0.409154
0.102497
0.224052
0.752738
0.523188
0.391692
0.211381
0.381421
0.0210119
0.0208799
0.0882532
0.684714
0.0025225
0.547396
0.726655
0.717873
0.00661273
0.039195
0.550389
0.215348
0.00377005
0.252789
0.676669
0.111773
0.840017
0.789144
0.317306
0.318658
0.281823
0.0285143
0.589292
0.180174
0.0878128
0.198507
0.0381936
0.00814273
0.399675
0.347906
0.0331961
0.354645
0.248412
0.345801
0.0102216
0.552972
0.00492369
0.158155
0.0394902
0.216037
0.183417
0.0598839
0.502849
0.771543
0.355587
0.0277187
0.779864
0.00840169
0.317724
0.00782636
0.161388
0.328502
0.60828
0.812757
0.310671
0.351546
0.176332
0.000571919
0.01224
0.263635
0.617084
0.4163
0.0301115
0.0554154
0.773318
0.232937
0.00990913
0.00686759
0.361103
0.00136252
0.448769
0.312209
0.299699
0.777683
0.286467
0.000495394
0.803476
0.458888
0.507574
0.779606
0.36488
0.389719
0.3733
0.00426992
0.461168
0.699573
0.826949
0.607065
0.0314818
0.0666884
0.0393207
0.124074
0.0293099
0.0739462
0.433448
0.283076
0.0516849
0.198108
0.00225221
0.794144
0.488922
0.0187708
0.0163782
0.0775816
0.645381
0.50551
0.307501
0.130164
0.606151
0.41156
0.558733
0.781899
0.00441861
0.425298
0.863186
0.776676
0.148149
0.310147
0.019368
0.195916
0.0277019
0.00773222
0.553167
0.195101
0.80111
0.376853
0.571147
0.108294
0.582084
0.0161819
0.0632223
0.0411566
0.0383064
0.590747
0.486733
0.0350722
0.772699
0.234716
0.64834
0.0732097
0.518917
0.154306
0.122805
0.483655
0.00224742
0.0245523
0.208816
0.461426
0.730296
0.0121528
0.59731
0.225025
0.675688
0.178261
0.0525761
0.083433
0.376884
0.456622
0.125189
0.0467192
0.00472515
0.00394203
0.766374
0.101806
0.0210508
0.606251
0.534683
0.598186
0.31944
0.830763
0.525767
0.0304735
0.644609
0.639106
0.626293
0.533881
0.183683
0.214978
0.476786
0.013416
0.294548
0.0348265
0.300663
0.654461
0.00732638
0.166617
0.0174867
0.534149
0.0464152
0.665091
0.111757
0.560078
0.0026834
0.542895
0.145084
0.110676
0.427938
0.238337
0.510339
0.39481
0.822482
0.0494358
0.0287615
0.233649
0.392089
0.150628
0.327192
0.0310723
0.335845
0.274151
0.36952
0.204216
0.12084
0.455483
0.00856636
0.321661
0.160058
0.0179045
0.685224
0.0387133
0.0793323
0.521288
3.59725e-05
0.384585
0.0781389
0.573153
0.0457181
0.590007
0.672138
0.668942
0.00227455
0.584765
0.0045405
0.0244959
0.115488
0.391425
0.457466
0.00024264
0.586158
0.458482
0.0358707
0.00524913
0.00221405
0.18559
0.507106
0.0759796
0.177118
0.316351
0.700837
0.56218
0.823845
0.047364
0.42052
0.0323514
0.242938
0.0302089
0.404089
0.707358
0.488236
0.133976
0.556217
0.191928
0.101652
0.555709
0.161722
0.316417
0.524594
0.131566
0.471702
0.217679
0.0319029
0.0571148
0.706017
0.242751
0.683182
0.480697
0.565033
0.810589
0.223309
0.542132
0.57769
0.0132095
0.235072
0.280991
0.122899
0.237326
0.00122528
0.757296
0.716668
0.758751
9.8115e-05
0.123691
0.291689
0.182436
0.147584
0.100658
0.70825
0.721089
0.437672
0.584899
0.637392
0.427031
0.157153
0.121416
0.307246
0.0964263
0.000948487
0.155059
0.23867
0.141482
0.0447664
0.0735536
0.100497
0.0101316
0.405085
0.00110323
0.440348
0.0702163
0.530424
0.370268
0.259887
0.54159
0.207606
0.0294944
0.00623116
0.0428139
0.419443
0.626621
0.0302318
0.11191
0.193487
0.19601
0.610721
0.155012
0.304423
0.768541
0.066727
0.45229
0.00107998
0.384924
0.35642
0.00147005
0.437164
0.460162
0.000873563
0.478097
0.00499683
0.0929451
0.785122
0.433845
0.629504
0.144163
0.41124
0.0836725
0.42116
0.14192
0.548397
0.136947
0.353171
0.0425062
0.666789
0.211449
0.020437
0.537352
0.0039447
0.336239
0.0257209
0.422218
0.241743
0.58184
0.54472
0.305804
0.239395
0.715865
0.366085
0.288134
0.00434937
0.310975
0.0152498
0.112534
0.228074
0.193896
0.0196173
0.00635844
0.0491325
0.0151112
0.043765
0.461942
0.000179588
0.290425
0.00253081
0.465399
0.662916
0.212141
0.439432
0.0315889
0.00709203
0.728353
0.000436366
0.544311
0.0997075
0.392991
0.0650071
0.00154717
0.713346
0.84949
0.0252708
0.195915
0.357399
0.282765
0.379707
0.0376861
0.845224
0.353501
0.0716434
0.69334
0.416754
0.463492
0.413653
0.190061
0.596912
0.312688
0.492116
0.239481
0.185076
0.00913252
0.412834
0.760354
0.0865565
0.291459
0.560793
0.460496
0.569086
0.334524
0.531066
0.699867
0.0368279
0.497342
0.530601
0.859847
0.67902
0.00559555
0.220902
0.659357
0.378307
0.3183
0.0312219
0.202064
0.610561
0.541401
0.272697
0.721111
0.184964
0.867029
0.419488
0.469561
0.689952
0.428284
0.117816
0.548075
0.325216
0.0651717
0.16468
0.0112387
0.0148184
0.00983187
0.832837
0.579346
0.782976
0.0172736
0.383131
0.0677801
0.631647
0.51787
0.232167
0.206268
0.0103375
0.166219
0.255003
0.319894
0.626072
0.167431
0.303372
0.12443
0.037507
0.0327453
0.12557
0.682211
0.613094
0.548538
0.703356
0.766608
0.684804
0.0104968
0.156469
0.00586902
0.376824
0.237305
0.223136
0.18353
0.193534
0.643062
0.846872
0.143794
0.660121
0.00908849
0.647051
0.470762
0.437336
0.246613
0.0615821
0.315623
0.155096
0.023984
0.639684
0.161008
0.00313335
0.00236202
0.180027
0.735403
0.0155487
0.245585
0.051067
0.0274871
0.232999
0.746238
0.473749
0.460262
0.707601
0.234993
0.740038
0.0209866
0.102932
0.275214
0.00576364
0.525446
0.000976213
0.564264
0.327817
0.0162053
0.2149
0.0813614
0.1858
0.617857
0.546338
0.482653
0.375807
0.225955
0.633978
0.729471
0.305327
0.694609
0.328564
0.00228024
0.131917
0.0180492
0.169862
0.487743
0.233696
0.178675
0.271307
0.388412
0.300975
0.233804
0.100484
0.0122293
0.166402
0.00397826
0.235263
0.0325499
0.208036
0.54714
0.0129622
0.534784
0.532174
0.674663
0.0864631
0.67135
0.727446
0.554084
0.277425
0.211402
0.0102619
0.0434339
0.00442718
0.000460125
0.225045
0.763167
0.034664
0.0144148
0.501355
0.389059
0.00976426
0.0392225
0.22493
0.294133
0.231705
0.733931
0.00275765
0.170654
0.0400155
0.192305
0.569917
0.789612
0.460748
0.676067
0.00854807
5.50719e-05
0.048224
0.673537
0.14201
2.27815e-05
0.552613
0.198765
0.448646
0.395243
0.0711643
0.49918
0.154673
0.40813
0.0156202
0.06391
0.0808054
0.609216
0.458634
0.0118286
0.787817
0.682142
0.40881
0.521085
0.709619
0.412018
0.873387
0.0389097
0.614979
0.534484
0.692316
0.00566822
0.157355
0.715211
0.728096
0.576677
0.184415
0.666175
0.556463
0.498159
0.748655
0.361584
0.158026
0.606224
0.0618476
0.26746
0.084889
0.558591
0.0533796
0.288547
0.610425
0.0601198
0.333713
0.498833
0.468058
0.257062
0.369316
0.00501826
0.0475658
0.0386008
0.000125173
1.14856e-05
0.671729
0.357584
2.94244e-06
0.171697
0.556943
0.226925
0.331124
0.372898
0.000487569
0.0900231
0.645417
0.367382
0.63465
0.742758
0.0745231
0.464971
0.123072
0.155343
0.287207
0.141819
0.277864
0.452828
0.213122
0.0934289
0.34418
0.575049
0.654499
0.530693
0.00721506
0.688393
0.00649619
0.321325
0.552988
0.486069
0.0965988
0.616346
0.0135535
0.33085
0.12974
0.357253
0.0324017
0.131252
0.0616474
0.354694
0.109972
0.378465
0.0863573
0.338881
0.423733
0.136548
0.0803149
0.346444
0.780868
0.268634
8.59997e-06
0.0542877
0.0754908
0.00359683
0.669164
0.105912
0.0827617
0.409582
0.201242
0.668191
0.0267139
0.00540788
0.669494
0.00981613
0.362577
0.00389054
0.0168279
0.303021
0.42896
0.349142
0.610795
0.215568
0.217027
0.717512
0.258586
0.375136
0.612352
0.304875
0.185332
0.421861
0.860674
0.743388
0.716275
0.0996696
0.69644
0.139241
0.0391536
0.0192521
0.658438
0.327633
0.16049
0.626271
0.133683
0.00855191
0.306842
0.00596265
0.0205464
0.58491
0.198231
0.511375
0.65281
0.0358773
0.00857201
0.195553
0.625246
0.000471877
0.852499
0.667616
0.676228
0.710444
0.854304
0.779515
0.447939
0.580346
0.396273
0.349735
0.074039
0.480047
0.00994829
0.00820199
0.442083
0.516258
0.00871543
0.392997
0.506921
0.0391683
0.560327
0.0383555
0.00219623
0.322328
0.073986
0.61542
0.132925
0.0168805
0.16319
0.0603949
0.652067
0.250727
0.00825199
0.0550446
0.644894
0.310382
0.517512
0.587057
0.000224734
0.0175301
0.417666
0.633279
0.636355
0.34543
0.145826
0.00192888
0.370935
0.00233715
0.0072819
0.0233014
0.775904
0.000447569
0.0708493
0.66005
0.421164
0.0479765
0.0426331
0.0216003
0.746301
0.0806942
0.306902
0.068229
0.00483301
0.00580741
0.0286419
0.261941
0.115424
0.476552
0.176732
0.455112
0.0341169
0.45693
0.432987
0.0019085
0.80457
0.503248
0.0497499
0.609506
0.0406303
0.110694
0.167277
0.389015
0.548096
0.719006
0.000948715
0.759628
0.0162295
0.205758
0.18339
0.0374786
0.793221
0.583144
0.312024
0.660112
0.25843
0.45468
0.0135879
0.467667
0.070152
0.0265761
0.249132
0.398685
0.0467169
0.187188
0.605939
0.290171
0.060118
0.329301
0.219117
0.104265
0.205438
0.785321
0.278032
0.492888
0.00731615
0.068319
0.355226
0.332312
0.437146
0.00117553
0.589137
0.077137
0.320364
0.142132
0.297303
0.430494
0.104011
0.304884
0.353568
0.313072
0.364408
0.0249378
0.127122
0.205981
0.370441
0.04877
0.00335438
0.0167894
0.596766
0.834362
0.274275
0.00382527
0.667094
0.153801
0.0480498
0.689261
0.135916
0.522687
0.102725
0.0613895
0.0157505
0.320271
0.0432308
0.000922383
0.208558
0.877998
0.145172
0.630205
0.0568895
0.0971825
0.725026
0.251327
0.215197
0.0736772
0.00608442
0.00440826
0.70828
0.0821997
0.330382
0.375631
0.290226
0.230574
0.747338
0.040857
0.318352
0.0343499
0.456498
6.78746e-05
0.402171
0.407498
0.183888
0.172344
0.0316913
0.00107324
0.528958
0.557851
0.000824936
0.107511
0.00351682
0.323328
0.110174
0.157586
0.113387
0.4577
0.551919
0.350335
0.0528352
0.253087
0.00306574
0.321196
0.233257
0.662971
0.00994644
0.00156807
0.788974
0.0257332
0.181565
0.582711
0.0573847
0.122574
0.482716
0.189886
0.0305819
0.658827
0.116941
0.335162
0.00312924
0.124562
0.239428
0.0126205
0.493626
0.140616
0.651553
0.217794
0.55869
0.175668
0.784072
0.636189
0.770819
0.441228
0.00201157
0.0515874
0.31034
0.463135
0.458676
0.00197456
0.572037
0.322737
0.680348
0.0299402
0.577518
0.823491
0.300923
0.17243
0.0230998
0.0810947
0.718804
0.0449023
0.0819175
0.181897
0.000688152
0.0866925
0.556117
0.321263
0.602064
0.095565
0.0152981
0.0356208
0.139049
0.341956
0.0490827
0.391524
0.642672
0.483488
0.421487
0.501441
0.00204363
0.00991343
0.418572
0.239387
0.139236
0.0826994
0.522084
0.0392084
0.0468022
0.0191148
0.367302
0.648814
0.620002
0.167027
0.344706
0.524235
0.727705
0.366023
0.406269
0.123851
0.676847
0.406282
0.356681
0.00261704
0.0782898
0.0916472
0.432401
0.262582
0.758172
0.00766421
0.0999884
0.567611
0.049469
0.0205638
0.499473
0.505856
0.229716
0.036237
0.202399
0.637128
0.834043
0.242458
0.000150261
0.273813
0.232155
0.303094
0.0455237
0.121942
0.146535
0.257555
0.167162
0.623704
0.288635
0.200958
0.30978
0.664952
0.127343
0.122784
0.000818693
0.312419
0.485276
0.0193821
0.448195
0.0832757
0.430176
0.260184
0.0302344
0.660653
0.49867
0.0456307
0.493233
0.205914
0.532896
0.228384
0.814006
0.425593
0.17827
0.222997
0.176967
0.580561
0.0591994
0.837645
0.0196722
0.128729
0.685028
0.107805
0.0458828
0.129093
0.608896
0.523864
0.427595
0.351096
0.28779
0.236122
0.372264
0.225878
0.0809252
0.48855
0.0495084
0.446059
0.0075688
0.204242
0.564879
0.388369
0.217993
0.544902
0.556306
0.74567
0.000175061
0.509693
0.208392
0.803673
0.368963
0.0503299
0.0477263
0.0126594
0.515798
0.61493
0.161224
0.520991
0.0122657
0.0916872
0.109337
0.508229
0.0130582
0.48743
0.00259384
0.604845
0.271995
0.0105072
0.0905348
0.0526576
0.340062
0.229777
0.360336
0.309894
0.369902
0.400668
0.396483
0.0076847
0.452331
0.305328
0.163762
0.390857
0.177547
0.187871
0.168817
0.486025
0.522719
0.1805
0.45758
0.158208
0.196304
0.0084588
0.751634
0.591612
0.0139458
0.0271636
0.531736
0.000442607
0.0588874
0.31614
0.536352
0.603299
0.1481
0.508591
0.0020755
0.341538
0.517758
0.350032
0.286966
0.341608
0.728861
0.476936
0.0254409
0.306386
0.000583643
0.0332597
0.467177
0.51881
0.86441
0.168227
0.476933
0.410316
0.000592958
0.00545698
0.368767
0.0155711
0.424863
0.127318
0.631882
0.452108
0.0305164
0.228459
0.210179
0.121308
0.031781
0.447757
0.419126
0.47934
0.0181488
0.345497
0.668565
0.305364
0.0882005
0.476506
0.0742589
0.198985
0.754818
0.385513
0.107876
0.420827
0.0311515
0.167902
0.444534
0.475291
0.0936209
0.120572
0.175886
0.28938
0.772689
0.72473
0.155275
0.241152
0.432141
0.182395
0.466122
0.320609
0.578482
0.153864
0.705207
0.0731457
0.289121
0.0671839
0.0190443
0.585175
0.503403
0.0472727
0.262226
0.643157
0.345159
0.283961
0.184291
0.348292
0.862256
0.616816
0.0480245
0.165041
0.0916696
0.21264
0.640666
0.109789
0.673578
0.591888
0.411905
0.361884
0.20416
0.137824
0.0227007
0.115408
0.553461
0.42811
0.277121
0.0208607
0.47237
0.000871843
0.0535107
0.829508
0.277132
0.547118
0.108859
0.384494
0.476135
0.044844
0.658283
0.000330406
0.0300594
0.323514
0.130232
0.558001
0.634511
0.416142
0.0584751
0.5149
0.601016
0.0273015
0.0684028
0.356016
0.00790123
0.446099
0.00819606
0.0725027
0.00681197
0.0769852
0.206735
0.510865
0.431946
0.0427983
0.104181
0.000712863
0.608905
0.184334
0.0255169
0.90385
0.175831
0.00733042
0.649457
0.11058
0.00557615
0.177351
0.369212
0.775702
0.247458
0.558528
0.119922
0.376586
0.0455236
0.000883134
0.415296
0.384029
0.324547
0.116545
0.144345
0.0288686
0.506084
0.00260834
0.0741704
0.449965
0.0351974
0.661024
0.446746
0.0436494
0.00451049
0.421457
0.0123543
0.434507
0.302575
0.443816
0.424418
0.09597
0.0144623
0.006925
0.530614
0.710571
0.00192322
0.295578
0.243902
0.046076
0.621349
0.319571
0.0389718
0.322809
0.332829
0.271415
9.2282e-05
0.707978
0.65265
0.708146
0.0770953
0.34653
0.604287
0.0954578
0.00103539
0.0133614
0.635553
0.029063
0.815894
0.349645
0.0100642
0.910389
0.405724
0.03424
0.120824
0.704691
0.676275
0.00706702
0.0821392
0.0376342
0.275141
0.00859979
0.00148699
0.00177278
0.0725589
0.445416
0.000946872
0.0916282
0.47366
0.277394
0.448334
0.266201
0.0024429
0.169588
0.0243977
0.102396
0.106701
0.458256
0.398929
0.124199
0.298813
0.10918
0.0599745
0.419921
0.194711
0.165705
0.246358
0.00639671
0.0394663
0.64673
0.047816
0.30097
0.449404
0.27797
0.000885766
0.645521
0.0312364
0.220268
0.764053
0.0878952
0.00849156
0.798983
0.00345422
0.0241093
0.521889
0.666254
0.496163
0.565315
0.726606
0.376904
0.585742
0.689639
0.553583
0.348829
0.0202993
0.327677
0.268357
0.667189
0.417384
0.146517
0.610516
0.445916
0.718988
0.122462
0.562574
0.934749
0.357519
0.67875
0.80268
0.436615
0.167806
0.207808
0.831424
0.23451
0.0498384
0.285917
0.389972
0.525849
0.0487023
0.547475
0.0279622
0.576839
0.0152323
0.632998
0.305887
0.045739
0.217453
0.0145697
0.158438
0.0964944
0.0733078
0.189067
0.732074
0.249044
0.430667
0.701236
0.418153
0.767789
0.143215
0.585043
0.688227
0.12558
0.025934
0.0597514
0.498794
0.365378
0.0255436
0.0298741
0.819483
0.463137
0.240271
0.271942
0.886395
0.638376
0.285438
0.363266
0.405534
0.00973138
0.454843
0.0290824
0.703248
0.0870212
0.630642
0.529886
0.349407
0.0186864
0.14898
0.475021
0.0319443
0.673886
0.320539
0.121447
0.867469
0.048483
0.41298
0.00128406
0.050448
0.71564
0.377628
0.189361
0.379723
0.0841192
0.271193
0.0616134
0.316167
0.622597
0.472736
0.870308
0.547909
0.717865
0.696934
0.0148214
0.00211681
0.638384
0.783024
0.709177
0.049688
0.599483
0.470805
0.644767
0.0641016
0.585649
0.344396
0.379223
0.39153
0.817777
0.657528
0.00187387
0.0293684
0.658751
0.203242
0.334907
0.112457
0.688079
0.684254
0.39303
0.545831
0.161656
0.0251033
0.211107
0.122375
0.339151
0.739567
0.0254675
0.458488
0.30964
0.141137
0.0793998
0.528077
0.606826
0.535169
0.0620967
0.107902
0.355364
0.0489783
0.0532669
0.516016
0.00889059
0.59718
0.659041
0.244012
0.557821
0.0833911
0.194516
0.0120895
0.404607
0.0692134
0.266348
0.0666473
0.0116492
0.698535
0.660195
0.420712
0.67431
0.162449
0.186621
0.0094912
0.434531
0.214216
0.415785
0.0454942
0.237572
0.900809
0.28524
0.267635
0.314148
0.145367
0.43383
0.356897
0.0712572
0.37386
0.0949163
0.627369
0.552574
0.319044
0.61482
0.81881
0.522335
0.067247
0.0133474
0.348695
0.346498
0.602843
0.00262883
0.205443
0.0216303
0.449187
0.496733
0.00121943
0.00334824
0.0985126
0.529804
0.539265
0.0777738
1.99456e-05
0.428181
0.00847541
0.759878
0.609297
0.188312
0.0772145
0.255185
0.316586
0.0362798
0.525173
0.0534433
0.0973767
0.0434178
0.0108572
0.0828239
0.555698
0.122955
0.193292
0.294621
0.0233947
0.000258981
0.808705
0.73936
0.156122
0.399056
0.445265
0.15536
0.0144339
0.669673
0.0135751
0.289746
0.598752
0.252721
0.0468961
0.508461
0.0273124
0.37156
0.114935
0.441154
0.00351004
0.0682319
0.843015
0.0859965
0.114257
0.459927
0.421863
0.663104
0.0325693
0.629261
0.426038
0.545414
0.205732
0.241532
0.115719
0.245231
0.0159904
0.0226017
0.390123
0.763611
0.000607757
0.560577
0.345647
0.0161929
0.00637201
0.0252532
0.482091
0.246164
0.769825
0.272728
0.381552
0.138037
0.187409
0.0485181
0.849467
0.763451
0.629362
0.02506
0.0126146
0.0146582
0.566226
0.206441
0.329205
0.309623
0.104939
0.158957
0.00172493
0.115314
0.339745
0.525068
0.321014
0.471135
0.364016
0.0112474
0.452307
0.592704
0.563715
0.0214907
0.0150404
0.0879109
0.00278961
0.300329
0.0568504
0.805044
0.408759
0.00479912
0.0663057
0.293479
0.00058751
0.00117636
0.43882
0.109209
0.461241
0.231403
0.0514887
0.502377
0.120678
0.0992542
0.565339
0.569813
0.229428
0.217833
0.00574633
0.728548
0.359065
0.688309
0.550237
0.189391
0.652651
0.0726552
0.554083
0.0965793
0.00363736
0.147158
0.216003
0.00164117
0.00229084
0.574676
0.0662087
0.595191
0.115718
0.0116879
0.309463
0.897978
0.661146
0.585523
0.317434
0.158243
0.129489
0.357144
0.0773812
0.0895638
0.432192
0.3255
0.58975
0.758609
0.0338299
0.00153729
0.00615827
0.820316
0.578925
0.398149
0.450091
0.236079
0.333408
0.179519
0.675535
0.0717276
0.0138657
0.597634
0.831584
0.0896989
0.172498
0.171045
0.0244503
0.381222
0.00274033
0.29907
0.435188
0.0797254
0.599322
0.181009
0.349524
0.599983
0.833147
0.0634267
0.0916271
0.106303
0.166326
0.000609238
0.864766
0.263882
0.0726569
0.188899
0.0352832
0.512091
0.0269483
0.806697
0.0474435
0.552152
0.445893
0.526932
0.164349
0.204018
0.238738
0.417625
0.695032
0.361006
0.304201
0.698504
0.0290094
0.0702329
0.0805857
0.48704
0.0122912
0.0511896
0.272438
0.390984
0.0381776
0.312727
0.389094
0.0660852
0.459982
0.0358675
0.00607356
0.753595
0.417448
0.380425
0.0819528
0.587736
0.07866
0.231604
0.557389
0.0338669
0.694353
0.0367966
0.734995
0.0822115
0.000497732
0.353938
0.33134
0.0390125
0.663651
0.201738
0.0186844
0.239344
0.352769
0.0062465
0.823112
7.18679e-05
0.269437
0.000834189
0.354624
0.0609006
0.251002
0.76185
0.457337
0.264762
0.0472593
0.196186
0.214005
0.298025
0.400047
0.111926
0.116547
0.549593
0.267947
0.0260761
0.207698
0.170495
0.517349
0.151045
0.094082
0.0114628
0.289942
0.333098
0.111426
0.142015
0.378775
0.237276
0.0722871
0.542881
0.028005
0.483541
0.354637
0.316712
0.72479
0.0594123
0.19065
0.323403
0.201054
0.474604
0.0195353
0.339352
0.247587
0.00337165
0.0274856
0.0192946
0.564401
0.454863
0.00858709
0.0041451
0.64682
0.0932178
0.499482
0.000102225
0.464859
0.186863
0.0297154
0.48608
0.260609
0.0208959
0.486856
0.00423052
0.0284942
0.0584674
0.417447
0.69863
0.0172156
0.559826
0.44745
0.113309
0.066967
0.0225295
0.154641
0.326908
0.274506
0.0044153
0.577321
0.153156
0.100239
0.627041
0.155119
0.357798
0.00471717
0.481685
0.00892683
0.597738
0.0113849
0.649325
0.195838
0.468414
0.620548
0.333571
0.573202
0.523643
0.0602453
0.0143102
0.225349
0.363917
0.649359
0.00290203
0.757167
0.517534
0.414829
0.383502
0.500897
0.301442
0.648142
0.629172
0.0380243
0.645956
0.57837
0.0669256
0.147727
0.337038
0.0147148
0.0429624
0.000273659
0.31681
0.0720293
0.848922
0.108516
0.578421
0.0063405
0.0371897
0.134051
0.279895
0.37605
0.680477
0.107343
0.783945
0.362855
0.0119381
0.722304
0.574139
0.0555084
0.256694
0.785434
0.300775
0.00576446
0.792835
0.014763
0.396814
0.349156
0.412228
0.0849667
0.316179
0.632479
0.16014
0.259343
0.000894731
0.0146011
0.517843
0.065744
0.21851
0.0282947
0.266885
0.0116946
0.0367759
0.000453963
0.265767
0.0301006
0.49429
0.43436
0.144359
0.0862969
0.235093
0.0800885
0.323958
0.366053
0.00191734
0.150325
0.100385
0.754985
0.0675595
0.00242046
0.0110686
0.354202
0.0131944
0.0656922
0.527867
0.260542
0.466345
0.18794
0.295653
0.0168715
0.180806
0.540084
0.839353
0.529987
0.081408
0.165269
0.0173552
0.427375
0.189387
0.68757
0.162844
0.0962681
0.16481
0.427771
0.232562
0.253025
0.16036
0.0176821
0.583429
0.00392445
0.219692
0.00062948
0.533131
0.747316
0.464822
0.455571
0.0356045
0.0295652
0.239373
0.722593
0.00117335
0.0777632
0.829478
0.0103742
0.682159
0.131212
0.827014
0.0796982
0.450797
0.0712722
0.00460492
0.823923
0.849294
0.0929364
0.802305
0.168107
0.144634
0.102004
0.0158776
0.250242
0.335253
0.0454256
0.00136497
0.374989
0.17534
0.162347
0.725741
0.481874
0.420048
0.333299
0.0130582
0.406802
0.456088
0.119406
0.368768
0.311174
0.804382
0.543596
0.000229781
0.0256043
0.0219854
0.0620935
0.380741
0.0850745
0.510201
0.00803807
0.763279
0.148597
0.232101
0.638391
0.000513226
9.26549e-05
0.0749961
0.726102
0.440326
0.081119
0.301774
0.530294
0.014308
0.00665718
0.00287121
0.702532
0.616405
0.568474
0.191217
0.539527
0.574548
0.0129837
0.0853841
0.155074
0.265052
0.382281
0.0935247
0.220738
0.0991266
0.419238
0.116144
0.633824
0.39515
0.063803
0.711363
0.655417
0.0770613
0.320466
0.686648
0.374563
0.649029
0.237003
0.175208
0.132859
0.108319
0.309567
0.41078
0.0533703
0.470497
0.797851
0.00866562
0.0895795
0.101243
0.163088
0.108506
0.0767341
0.470053
0.393864
0.0901429
0.174015
0.00528506
0.50856
0.199749
0.0083645
0.0176316
0.0574892
0.0310283
0.0295636
0.372596
0.257055
0.418592
0.0077007
0.00706544
0.441642
0.620368
0.0261177
0.00701368
0.325754
0.00820684
0.008845
0.0475954
0.138817
0.00157107
0.542164
0.256986
0.0788066
0.483173
0.0101001
0.119086
0.583347
0.00677433
0.520415
0.295575
0.351633
0.110346
0.490345
0.559695
0.334226
0.394889
0.302139
0.0194791
0.0278645
0.489035
0.554632
0.612281
0.161345
0.365566
1.04871e-05
0.0571203
0.52547
0.0781875
0.120739
0.0724896
0.12
0.041324
0.48551
0.668572
0.0658596
0.141158
0.0680091
0.0233123
0.113703
0.0422376
0.00190041
0.00242275
0.0381594
0.683912
0.00494778
0.0751335
0.0268214
0.0352733
0.159127
0.00305146
0.0138277
0.364216
0.0333256
0.065362
0.483908
0.83338
0.0117626
0.728766
0.209138
0.574446
0.270334
5.14909e-05
0.119041
0.682176
0.402635
0.419851
0.356661
0.0458195
0.426102
0.662653
0.00112901
0.00668309
0.808488
0.17418
0.0361826
0.252491
0.461825
0.000619652
0.00489345
0.299241
0.759967
0.483313
0.520709
0.00870904
0.028306
0.00206258
0.556811
0.317073
0.0772648
0.508315
0.851553
0.14023
0.228464
0.692337
0.00375217
0.0912178
0.492137
0.0861699
0.0679747
0.202981
0.642377
0.0358553
0.750041
0.620195
0.0266787
0.0229058
0.615756
0.353657
0.0113644
0.393102
0.314315
0.0327085
0.421638
0.113605
0.000818301
0.229424
0.00910236
0.670483
0.278714
0.621963
0.0062587
0.0441081
0.354369
0.0287352
0.835067
0.366832
0.651269
0.403303
0.000562661
0.312752
0.59971
0.751819
0.0979211
0.371254
0.383596
0.332072
0.38222
0.627062
0.0323564
0.0290044
0.787471
0.472715
0.000362586
0.26715
0.473528
0.306778
0.325575
0.224891
0.659397
0.51301
0.147343
0.215403
0.0582929
0.689001
0.00375807
0.154346
0.0516705
0.225317
0.175985
0.82006
0.136713
0.514203
0.701505
0.0432147
0.140471
0.133573
0.337289
0.308977
0.53713
0.454058
0.16644
0.0642862
0.196267
0.406022
0.228819
0.539112
0.766464
0.479141
0.000104586
0.0153348
0.401945
0.051607
0.112654
0.00515571
0.00954398
0.834182
0.000657467
0.688165
0.666941
0.592767
0.00101094
0.0432366
0.226061
0.247496
0.398373
0.302772
0.406349
0.424225
0.350648
0.774985
0.0804414
0.392591
0.419703
0.673901
0.515456
0.214751
0.0124504
0.765538
0.229668
0.129286
0.130218
0.30235
0.121215
0.52998
0.246822
0.232431
0.180368
0.46207
0.000639688
0.242659
0.0937578
0.59353
3.08118e-06
0.537368
0.204583
0.259594
0.221088
0.590014
0.0324773
0.0648774
0.352675
0.404243
7.78513e-05
0.514251
0.00124511
0.00545915
0.21595
0.021448
0.0184251
0.424446
0.072695
0.553499
0.564472
0.662271
0.0154554
0.225574
0.37436
0.0119271
0.0148974
0.0989382
0.220109
0.289214
0.429078
0.252908
0.370699
0.34842
0.269805
0.0769893
0.69135
0.391261
0.107488
0.523124
0.775627
0.547206
0.473395
0.751656
0.338129
0.764532
0.0993611
0.327357
0.243719
0.10225
0.160284
0.564735
0.0993572
0.31111
0.272101
0.189411
0.708964
0.549085
0.000889949
0.440727
0.00262794
0.00257722
0.130716
0.198086
0.625561
0.32044
0.233859
0.061917
0.0085979
0.287057
0.0390923
0.204397
0.000859958
0.184461
0.0273823
0.00465114
0.616583
0.0405519
0.459534
0.00789682
0.592965
0.257726
0.587884
0.637158
0.227772
0.368692
0.657521
0.206249
0.00933524
0.0053269
0.052654
0.693088
0.0126184
0.616212
0.673551
0.113016
0.554102
0.00168061
0.536714
0.00259289
0.172339
0.00596555
0.48874
0.431512
0.328197
0.237964
0.0149757
0.312631
0.00305515
0.497077
0.312039
0.134601
0.367444
0.473377
0.198827
0.270556
0.00196321
0.656577
0.102771
0.00995268
0.0133535
0.0113994
0.414894
0.205569
0.00926923
0.0126257
0.10019
0.690487
0.419077
0.0181112
0.890733
0.581713
0.441698
0.424761
0.255798
0.214256
0.149391
0.000569303
0.350407
0.431691
0.374364
0.271668
0.0831561
0.323453
0.654059
3.70282e-05
0.560101
0.157644
0.172859
0.299411
0.242754
0.792358
0.0143813
0.172837
0.142672
0.42707
0.0262229
0.344643
0.155004
0.660765
0.277906
0.00767699
0.287443
0.0151063
0.0350068
0.824739
0.00370023
0.131353
0.700116
0.319331
0.692398
0.283464
0.380516
0.0113198
0.396078
0.255257
0.0665385
0.0442671
0.0254595
0.0425271
0.039423
0.490316
0.339373
0.0206428
0.00171141
0.0210873
0.442527
0.0632465
0.285347
0.0196586
0.794049
0.00470537
0.0385484
0.610707
0.190022
0.672602
0.33247
0.338374
0.374768
0.0360551
0.000416454
0.248617
0.830306
0.688157
0.461876
0.0486788
0.147231
0.0341707
0.19876
0.0317697
0.931971
0.420516
0.0133492
0.0114595
0.289158
0.0740759
0.886127
0.136754
0.000687888
0.0883124
0.115207
0.027075
0.182801
0.449033
0.665807
0.00753741
0.40431
0.63364
0.338158
0.115474
0.000245221
0.489567
0.0135994
0.186
0.40769
0.199099
0.402426
0.121953
0.222902
0.543396
0.0197109
0.0119198
0.683784
0.509474
0.200919
0.208724
0.594061
0.255657
0.230618
0.00126121
0.801334
0.103149
0.783086
0.140059
0.22085
0.429758
0.000683594
0.0348924
0.518139
0.718113
0.302406
0.612179
0.455472
0.319376
0.623741
0.212623
0.14221
0.234784
0.0352015
0.194139
0.326844
0.279316
0.121976
0.179168
0.00180296
0.00454676
0.00169767
0.855764
0.436474
0.0124065
0.789441
0.00241734
0.000162111
0.000263949
0.351944
0.606844
0.0135209
0.0761985
0.0351856
0.0151696
0.603787
0.0182076
0.228071
0.67545
0.0990127
0.444447
0.551044
0.535604
0.725796
0.476563
0.705838
0.418159
0.727875
0.0442139
0.134079
0.353845
0.0933957
0.248583
0.366054
0.34502
0.00521314
0.20131
0.058408
0.0345175
0.621369
0.51075
0.0466496
0.491965
0.0477003
0.000313544
0.80947
0.119953
0.383976
0.517471
0.829355
0.308214
0.606393
0.0947572
0.281074
0.228456
0.169403
0.00296726
0.190338
0.481959
0.00398756
0.236495
0.618661
0.00351261
0.00500866
0.00140325
0.473457
0.00435654
0.553901
0.423835
0.883014
0.0160281
0.141748
0.00373395
0.574938
0.396339
0.848471
0.22448
0.00100318
0.777568
0.0416697
0.689498
0.311927
0.568034
0.247775
6.38563e-05
0.909771
0.127782
0.174309
0.00388123
0.0460059
0.461864
0.469038
0.240774
0.415348
0.304925
0.0738784
0.00638068
0.0906461
0.179853
0.188289
0.116524
0.372439
0.0972449
0.590267
0.201476
0.00353544
0.407691
0.669676
0.198369
0.041656
0.64668
0.709603
0.0375178
0.000699476
0.433085
0.340683
0.863408
0.605752
0.466209
0.115251
0.179062
0.391756
0.241015
0.773478
0.715413
0.547769
0.486679
0.0392637
0.22484
0.497228
0.180815
0.00777331
0.525351
0.0703894
0.126715
0.60746
0.0128265
0.0011993
0.324026
0.362315
0.784034
0.734595
0.687934
7.95693e-05
0.177145
0.597351
0.0138634
0.728544
0.140936
0.763523
0.601825
0.203669
0.348213
0.55284
0.597905
0.573539
0.019111
0.257084
0.550598
0.56861
0.0210816
0.189105
0.289888
0.590795
0.36936
0.577876
0.415241
0.487687
0.158482
0.71269
0.632216
0.530952
0.433945
0.637305
0.208274
0.40417
0.40705
0.0385678
0.000551611
0.00109836
0.396055
0.284614
0.69714
0.173515
0.472931
0.422965
0.133682
0.509871
0.00207593
0.491427
0.588193
0.532893
0.474129
0.307565
0.507664
0.455285
0.0202815
0.325477
0.548014
0.561971
0.540151
0.551801
0.0204926
0.731507
0.00115701
0.00320733
0.671767
0.054772
0.395774
0.00942668
0.292172
0.725766
0.700708
0.658753
0.0992665
0.00293283
0.118027
0.0352143
0.468734
0.460399
0.308141
0.837341
0.000740293
0.046145
0.058037
0.474924
0.00403789
0.46592
7.47754e-07
0.0194867
0.536774
0.156424
0.529878
0.299676
0.441287
0.850152
0.42158
0.0568697
0.460953
0.0617938
0.012571
0.201187
0.00127552
0.644536
0.00798419
0.423449
0.528138
0.621509
0.565118
0.475004
0.641835
0.315117
0.138552
0.466813
0.169657
0.190655
0.000679334
0.603018
0.0316288
0.451168
0.00121562
0.731638
0.548091
0.100821
0.203115
0.382369
0.154416
0.063207
0.280766
0.474464
0.731167
0.387516
0.115107
0.343028
0.483117
0.00263404
0.429551
0.569259
0.178662
0.0104969
0.178446
0.309255
0.567446
0.0201437
0.746441
0.094925
0.0571973
0.0386068
0.0104787
0.346602
0.000161094
0.120698
0.512619
0.334501
0.027144
0.361229
0.165384
0.563284
0.31901
0.646409
0.971018
0.449068
0.649155
0.797935
0.0138673
0.225799
0.742236
0.0380655
0.0251659
0.00089869
0.214853
0.583447
0.554835
0.717775
0.131176
0.333781
0.385568
0.0321852
0.509402
0.04889
0.247443
0.0164309
0.342393
0.254635
0.284108
0.796287
0.0258887
0.574716
0.665515
0.802141
0.420591
0.200382
0.180524
0.719317
0.146643
0.395333
0.442301
0.645991
0.276864
0.203615
0.550437
0.401185
0.287524
0.88476
0.0347107
0.163345
0.383835
0.189747
0.0178033
0.451257
0.122308
0.0191803
0.172518
0.258524
0.0633059
0.0122528
0.271513
0.0861233
0.221143
0.00117802
0.0170619
0.0669859
0.0272325
0.662853
0.0032487
0.287904
0.0790975
0.879911
0.0438188
0.196203
0.340659
1.61948e-05
0.0701286
0.563955
0.774649
0.587805
0.37315
0.473112
0.48178
0.0683333
0.026887
0.302124
0.16351
0.0145119
0.40272
0.442099
0.0371573
0.651889
0.560797
0.287816
0.155266
0.391387
0.0668551
0.0342186
0.367339
0.242526
0.2358
0.639071
0.272214
0.142387
0.146799
0.550264
0.790999
0.23204
0.00280195
0.837357
0.410923
0.539999
0.111385
0.28609
0.00213207
0.625978
0.799451
0.32065
0.0346552
0.335643
0.000535865
0.0381393
0.507639
0.52592
0.0888699
0.350417
0.578448
0.489746
0.00152708
0.770371
0.521558
0.523782
0.0165981
0.393404
0.18644
0.0478674
0.0655597
0.0969194
0.232841
0.5046
0.0234196
0.0490183
0.470293
0.505429
0.0406782
0.117067
0.0192372
0.0948533
0.21441
0.40096
0.37441
0.452026
0.252277
0.704221
0.505956
0.139744
0.0022795
0.824511
0.349677
0.774466
0.0728409
0.0464446
0.0052425
0.171337
0.166366
0.0882438
0.60117
0.0349163
0.101689
0.626338
0.234346
0.549121
0.316116
0.605847
0.180688
0.536591
0.00434006
0.340692
0.19794
0.723509
0.0184169
0.569337
0.574504
0.467278
0.23953
0.476278
0.0413823
0.729269
0.341556
0.618049
0.519988
0.201024
0.0255672
0.0203391
0.178276
0.508398
0.134394
0.794645
0.351098
0.822431
0.23775
0.0262978
0.0765937
0.399678
0.682306
0.0213743
0.0621984
0.183944
0.0575859
0.14415
0.698487
0.576811
0.622305
0.104221
0.534378
0.496117
0.00568659
0.259119
0.197722
0.484848
0.637085
0.474555
0.554111
0.136111
0.455205
0.600261
0.442892
0.0118252
0.0235967
0.118321
0.512186
0.0294171
0.0351342
0.600508
0.873231
0.27778
0.0246583
0.483329
0.13898
0.304862
0.358276
0.0578001
0.200784
0.0246574
0.86169
0.195332
0.00433767
0.351111
0.0945929
0.00813354
0.000635032
0.56825
0.512602
0.38074
0.000733026
0.413471
0.642948
0.00184286
0.573692
0.141687
0.0583158
0.75977
0.059265
0.0263669
0.271835
0.0399869
0.477361
0.517574
0.246847
0.659371
0.00324017
0.020121
0.0765418
0.312152
0.739614
0.302289
0.17388
0.480061
0.0102347
0.229224
0.519884
0.63583
0.562225
0.0533795
0.102614
0.270615
0.26366
0.184961
0.394138
0.25026
0.251249
0.42464
0.0963034
0.134316
0.506745
0.238217
0.125664
0.000695753
0.100955
0.306866
0.0102725
0.477306
0.943672
0.002669
0.60287
0.513734
0.155608
0.0324198
0.131192
0.358628
0.723156
0.19084
0.285863
0.234474
0.42896
0.0115009
0.190211
0.0129866
0.0368993
0.0918876
0.457162
0.0838518
0.134546
0.659484
0.199608
6.09695e-06
0.138641
0.725287
0.469419
0.399216
0.382744
0.594175
0.584199
0.59769
0.626694
0.0135223
0.593839
0.0316329
0.0802704
0.589321
0.585811
0.376535
0.0917141
0.796305
0.48349
0.290113
0.0199439
0.354816
0.0626405
0.0133065
0.0509317
0.0757372
0.0703108
0.270771
0.691439
0.00187846
0.543213
0.635034
0.0218886
0.641918
0.0055286
0.388856
0.303301
0.436379
0.794406
0.0320405
0.170555
0.0858067
0.647233
0.233036
0.682793
0.65645
0.00593358
0.346814
0.0392103
0.343939
0.211581
0.51846
0.749235
0.00320372
0.105419
0.843942
0.0128292
0.00159927
0.436521
0.310655
0.262284
0.108241
0.383136
0.349606
0.00910257
0.0645091
0.308865
0.74346
0.329639
0.326618
0.249012
0.163011
0.00436734
0.0139042
0.406236
0.575716
0.386068
0.251113
0.196604
0.0801676
0.0744761
0.490715
0.349361
0.181313
0.684117
0.828237
0.282314
0.00252155
0.524122
0.428539
0.519458
0.00400572
0.104439
0.277582
0.000505255
0.507323
0.330721
0.0477828
0.0256857
0.743506
0.14367
0.397033
0.65072
0.424941
0.314999
0.436314
0.0864937
0.000753216
0.47128
0.538446
0.0408724
0.324437
0.169225
0.791208
0.378707
0.00302117
0.127818
0.00857525
0.058974
0.26208
0.207193
0.175059
0.251313
0.34317
0.287695
0.737116
0.0885931
0.623462
0.031388
0.117138
0.259202
0.00668087
0.275626
0.601603
0.0590808
0.388632
0.00703734
0.00908452
0.789029
0.566339
0.0047119
0.0697475
0.256116
0.277014
0.357122
0.56288
0.52303
0.0702648
0.0897348
0.0787562
0.666095
0.00979986
0.409089
0.0230321
0.0176726
0.60057
0.0807213
0.562338
0.000179812
0.259813
0.706273
0.236199
0.286085
0.802988
0.4414
0.215736
0.721477
0.756687
0.572054
0.103578
0.669703
0.163892
0.0140227
0.233036
0.251642
0.593555
0.187255
0.254544
0.00037499
0.770271
0.00504851
0.35991
0.32774
0.74595
0.661796
0.50474
0.0468043
0.514672
0.549954
0.827351
0.026931
0.632576
0.279273
0.327795
0.767462
0.270486
0.000454923
0.226322
0.152218
0.662618
0.471442
0.0284812
0.000154151
0.149126
0.687813
0.136824
0.0765299
0.0496227
0.129655
0.382523
0.659798
0.066873
0.185946
0.0416314
0.12479
0.0118652
0.189361
0.00258661
0.242668
0.13153
0.617383
0.000941109
0.0256814
0.321478
0.616499
0.00368971
0.563671
0.000418035
0.0686237
0.381093
0.60506
0.00927044
0.0806048
0.809561
0.648616
0.211219
0.757588
0.436364
0.0580463
0.148271
0.0357665
0.0380867
0.0339278
0.00232331
0.2927
0.303821
0.220506
0.0448838
0.0738314
0.112403
0.272495
0.444376
0.542633
0.398425
0.0867662
0.00818945
0.774333
0.200998
0.282701
0.0605023
0.32664
0.488224
0.468997
0.165835
0.324824
0.419267
0.691322
0.0888575
0.538122
0.0101119
0.679642
0.0197153
0.040991
0.28617
0.736328
0.484648
0.431693
0.590315
0.00027116
0.286389
0.250098
0.02677
0.0276614
0.367653
0.032964
0.754555
0.289774
0.697834
0.064884
0.0242558
0.00510112
0.670181
0.529918
0.554844
0.0957756
0.148689
0.0632185
0.267189
0.772149
0.0195068
0.414883
0.374509
0.0388028
0.121295
0.165966
0.0757735
0.295808
0.359398
0.0044993
0.564014
0.0823043
0.311872
0.177656
0.0601732
0.500166
0.60629
0.0131208
0.256266
0.0111692
0.522892
0.635975
0.129401
0.744738
0.131818
0.123877
0.125064
0.305292
0.38587
0.00166633
0.16383
0.740083
0.128763
0.337405
0.349934
0.636082
0.00702785
0.297606
0.0292052
0.00486344
0.0354301
0.198287
0.114425
0.000614904
0.709452
0.211609
0.511048
0.375211
0.722731
0.278207
0.889465
0.207579
0.0257602
0.0359331
0.767278
0.39283
0.493425
0.372303
0.00570364
0.256313
0.677374
0.361958
0.389676
0.0987709
0.0121276
0.759116
0.00723311
0.272307
0.401568
0.324239
0.240277
0.687066
0.364146
0.303134
0.00216806
0.764333
0.25279
0.714174
0.0554037
0.10693
0.0678829
0.326718
0.0589971
0.0268334
0.0761463
0.254818
0.527518
0.0252727
0.399263
0.19797
0.34029
0.314778
0.258399
0.633397
0.146619
0.00199825
0.0099318
0.247591
0.711185
0.0755644
0.150896
0.537448
0.0670599
0.0593264
0.607262
0.225756
0.273979
3.6049e-05
0.0186708
0.0253964
0.0023334
0.000651676
0.237771
0.0686793
0.0428412
0.16522
0.514704
0.721811
0.510859
0.482383
0.0966988
0.478953
0.0169482
0.0819403
0.038771
0.0144305
0.474584
0.00137649
0.0348161
0.284967
0.000375714
0.034576
0.0793511
0.418427
0.142909
0.200651
0.337038
0.00231035
0.0281614
0.0390258
0.140534
0.31502
0.495394
0.420692
0.681603
0.17967
0.662203
0.438923
0.0053177
0.621927
0.109966
0.529236
0.126118
0.762857
0.31909
0.0914295
0.480008
0.460612
0.46335
0.669931
0.0031188
0.00633574
0.581085
0.0561089
0.00357375
0.679064
0.1547
0.0072605
0.00158949
0.558852
0.120687
0.168512
0.0283636
0.00414727
0.856768
0.0014666
0.622155
0.168581
0.216131
0.434963
0.731472
0.337546
0.602229
0.355349
0.00246978
0.597664
0.0951862
0.129111
0.216717
0.00569621
0.834888
0.108545
0.305411
0.0117565
0.00827196
0.277048
0.598848
0.560726
0.015302
0.56007
0.0372245
0.420054
0.374287
0.0422887
0.159518
0.381403
0.0646646
0.00196409
0.375019
0.566121
0.789054
0.0170754
0.017107
0.00347379
0.00336316
0.0305654
0.229496
0.0176784
0.174509
0.502875
0.495394
0.0527537
0.636586
0.329564
0.132289
0.0141899
0.050207
0.0432157
0.68189
0.673396
0.704786
0.256671
0.131132
0.604584
0.0317012
0.0740558
0.261432
0.183726
0.426254
0.17715
0.00173939
0.0653057
0.123627
0.150873
0.640524
0.708246
0.0320911
0.365353
0.00172059
0.293215
0.101777
0.00708798
0.378436
0.164186
0.23496
0.40302
0.00224676
0.321865
0.654222
0.14517
0.00443974
0.35242
0.0710096
0.317378
0.265046
0.762515
0.449149
0.0428571
0.00060657
0.655996
0.385774
0.0715868
0.263629
0.311737
0.461318
0.0106362
0.619005
0.0870982
0.363924
0.182571
0.434551
0.908572
0.160911
0.391282
0.370012
0.0322122
0.0114748
0.631992
0.592265
0.409939
0.197887
0.660729
0.0142458
0.131467
0.482843
0.00469392
0.640391
0.635922
0.718258
0.0496859
0.092354
0.00034181
0.0118773
0.438007
0.721553
0.543414
0.280087
0.00309736
0.475945
0.316373
0.0646838
0.633846
0.824097
0.697411
0.0410688
0.0164062
0.0668565
0.00356467
0.00342192
0.00285728
0.52965
0.423789
0.149338
0.0140187
0.355866
0.431536
0.328663
0.000797263
0.0186449
0.367459
0.291601
0.294638
0.498596
3.52565e-06
0.632296
0.0540688
0.0570367
0.290103
0.00805427
0.0382136
0.00114579
0.215974
0.273825
0.714684
0.0972708
0.704137
0.186561
0.108305
0.1082
0.353364
0.365695
0.48466
0.0286262
0.068399
0.533089
0.0108392
0.500567
0.663561
0.54201
0.623568
0.0550627
0.429898
0.326295
0.7364
0.49705
0.155256
0.151187
0.344782
0.0896062
0.924103
0.571454
0.334832
0.0771843
0.335761
0.425785
0.565624
0.683897
0.26407
0.43529
0.000355554
0.448186
0.434051
0.551448
0.0500197
0.0188864
0.0156112
0.00348704
0.516232
0.492526
0.633407
0.180636
0.346169
0.670599
0.441713
0.0596945
0.552193
0.557335
0.202492
0.000159362
0.763475
0.108083
0.171447
0.001673
0.25486
0.0515514
0.00172005
0.0209033
0.0739969
0.0562396
0.169642
0.350398
0.406893
0.13619
0.264166
0.69362
0.000893892
0.153575
0.0276737
0.118808
0.0735588
0.446021
0.210434
0.314916
0.114291
0.000604432
0.740862
0.369736
0.379246
0.0381867
0.545194
0.0524531
0.616467
0.0327576
0.516862
0.381052
0.118933
0.0225262
0.658706
0.0259365
0.638371
0.165884
0.696027
0.799387
0.184264
0.000980165
0.557338
0.0480867
0.00134654
0.701187
0.626835
0.767622
0.176486
0.0523508
0.0436291
0.0047768
0.649824
0.77342
0.52594
0.017993
0.0279078
0.00331742
0.355687
0.288551
0.0730568
0.31579
0.00221142
0.0592506
0.491868
0.188351
0.557278
0.136756
0.25576
0.456791
0.000825795
0.0474882
0.0639337
0.738022
0.332421
0.0575242
0.0899287
0.00769972
0.152416
0.000466199
0.935064
0.615504
0.246032
0.104242
0.512745
0.817391
0.450119
0.716937
0.120873
0.00753034
0.014047
0.0123593
0.224592
0.000686792
0.339077
0.0247751
0.223096
0.000134018
0.66754
0.225995
0.256151
0.783898
0.0269979
0.746733
0.215324
0.0476032
0.0013413
0.0291401
0.289814
0.174013
0.0583067
0.476755
0.754779
0.0117768
0.00589722
0.566783
0.0597552
0.000139065
0.577596
0.294538
0.315064
0.353929
0.104412
0.303536
0.0737125
0.00240317
0.536972
0.292147
0.485935
0.716185
0.525072
0.754204
0.58864
0.142129
0.594393
0.10451
0.000312071
0.621947
0.272475
0.00538089
0.0696658
0.610175
0.0198311
0.000518859
0.0123968
0.136436
0.220888
0.849399
0.00232624
0.168649
0.307475
0.0482787
0.302975
0.00653799
0.16959
0.384498
0.194113
0.00564537
0.568597
0.0113512
0.304013
0.267817
0.581675
0.0622629
0.157345
0.733705
0.521509
0.149612
0.659052
0.428708
0.00601879
0.797615
0.688711
0.577502
0.324327
0.00422056
0.0203726
0.191699
0.523152
0.261504
0.000945952
0.232866
0.44811
0.126195
0.451378
0.0761259
0.0657108
0.000541575
0.137373
0.265899
0.432941
0.639308
0.0287309
0.0955465
0.123694
0.137157
0.0734989
0.0202768
0.202765
0.00162741
0.549174
0.650467
0.0125849
0.706008
0.334021
0.00989823
0.0447989
0.163572
0.47817
0.049716
0.12701
0.0701512
0.333257
0.113989
0.264418
0.39199
0.693459
0.330485
0.148559
0.721238
0.0592904
0.216384
0.0654363
0.0500177
0.147564
0.0463773
0.387196
0.00121703
0.367973
0.628072
0.505224
0.628177
0.454282
0.391473
0.89804
0.549985
0.145901
0.0421697
0.037123
0.000471903
0.538648
0.241427
0.597884
0.207966
2.40676e-05
0.424928
0.447883
0.677027
0.117422
0.125116
0.426038
0.0104157
0.560856
0.00185247
0.533948
0.488814
0.574562
0.102698
0.395283
0.692735
0.498262
0.465382
0.679121
0.44729
0.0189287
0.125922
0.117437
0.599088
0.176253
0.185756
0.275294
0.508828
0.135116
0.310435
0.458259
0.527993
0.663702
0.904286
0.388548
0.00978085
0.668395
0.768158
0.45241
0.521065
0.0926851
0.203174
0.506026
0.0231452
0.000330323
0.0577759
0.542258
0.154584
0.56064
0.0121348
0.000459829
0.625173
0.117227
0.392118
0.176572
0.86676
0.0583158
0.726712
0.835604
0.288925
0.533543
0.471826
0.181667
0.244715
0.0563506
0.10454
0.540066
0.572105
0.454205
0.00201874
0.486231
0.643532
0.418153
0.830972
0.440836
0.56171
0.612404
0.00858037
0.0431905
0.0358547
0.0366802
0.0221187
0.726828
0.106639
0.00292195
0.590182
0.120097
0.00691433
0.197427
0.39861
0.301493
0.144774
0.15624
0.624734
0.00117878
8.19418e-06
0.12477
0.0944123
0.0874893
0.694009
0.0179735
0.663118
0.345058
0.320222
0.612746
0.395233
0.322759
0.125932
0.523952
0.233295
0.47774
0.0336923
0.132716
0.481139
0.121253
0.377619
0.0479591
0.0860947
0.352154
0.401859
0.588695
0.38225
0.316847
0.54991
0.0050565
0.353102
0.0875149
0.00173711
0.128524
0.180581
0.326433
0.035663
0.750153
0.290771
0.688122
0.0398089
0.140767
0.527936
0.285581
0.655424
0.823999
0.143343
0.0732166
0.817804
0.316041
0.41884
0.0177529
0.695686
0.145533
0.429945
0.152867
0.219974
0.036751
0.302667
0.53459
0.140635
0.0541589
0.0302791
0.713918
0.423896
0.755717
0.204232
0.140805
0.00199167
0.450803
0.147219
0.00623784
0.422368
0.483746
0.595632
0.159532
0.0288303
0.66085
0.36221
0.493518
0.429294
0.174083
0.709982
2.42488e-05
0.0496589
0.452855
0.00432852
0.37358
0.588962
0.57328
0.368419
0.200264
0.0967951
0.0208848
0.130237
0.0257181
0.142497
0.52885
0.386492
0.0901011
0.00266764
0.103119
0.0672385
0.0456395
0.62644
0.7095
0.0966704
0.116777
0.554372
0.681632
0.812235
0.708012
0.841782
0.212242
0.711386
0.0377855
0.330572
0.0222433
0.149467
0.484008
0.0382206
0.000728592
0.171171
0.43525
0.0621295
0.0153916
0.664249
0.00695582
0.124463
0.780765
0.166774
0.115602
0.0880715
0.238225
0.00434408
0.884871
0.363886
0.0526532
0.0142457
0.0608272
0.170961
0.000103825
0.279544
0.571819
0.0366537
0.111513
0.0704002
0.0586916
0.472322
0.412622
0.778773
0.413468
0.0146216
0.822564
0.483385
0.588241
0.0910399
0.00505559
0.734346
0.183536
0.0930328
0.0383824
0.224282
0.313051
0.663115
0.587681
0.19753
0.146984
0.382365
0.0982731
0.374842
0.363648
0.0589543
0.205895
0.000203256
0.270413
0.186198
0.109083
0.290602
0.252378
0.0968253
0.728799
0.687892
0.0191768
0.143441
0.0250354