0.309966
0.2365
0.371028
0.248729
0.351636
0.526039
0.172524
0.552913
0.391589
0.0385059
0.57252
0.00897895
0.525746
0.127143
0.0085991
0.484253
0.135037
0.43801
0.00573521
0.264974
0.791719
0.291048
0.586426
0.0447133
0.0832912
0.0900581
0.29695
0.209658
0.139422
0.349092
0.659699
0.17277
0.540283
0.269162
0.0104162
0.471064
0.362953
0.38394
0.0139377
0.0247619
0.575901
0.0203007
0.490212
0.00904168
0.233311
0.0510933
0.456158
0.7117
0.324743
0.523367
0.124758
0.198457
0.511171
0.311424
0.00343281
0.0515397
0.48684
0.727762
0.482424
0.581247
0.129989
0.495819
0.496793
0.330012
0.210496
0.266989
0.13353
0.384416
0.554041
0.79077
0.75179
0.697638
0.0144091
0.00814141
0.878852
0.104947
0.488138
0.369766
0.432688
0.00653272
0.0233667
0.0273498
0.0169203
0.439382
0.229654
0.657032
0.429372
0.775335
0.219827
0.00273475
0.178121
0.668396
0.0489199
0.16705
0.131549
0.416882
0.471645
0.51681
0.201842
0.585156
0.361175
0.504463
0.16778
0.376497
0.00278453
0.193956
0.389259
0.0257953
0.469087
0.202098
0.414575
0.511938
0.0206935
0.0630061
0.281362
0.758267
0.185055
0.728549
0.69525
0.45634
0.370095
0.71072
0.074141
0.12802
0.0555299
0.333123
0.109086
0.510816
0.737696
0.292142
0.280383
0.0179607
0.151261
0.0170452
0.0485943
0.62284
0.387216
0.154101
0.311535
0.153089
0.643941
0.0234195
0.298978
0.609082
0.221148
0.808093
0.164981
0.710268
0.572739
0.475089
0.128382
0.305263
0.822169
0.525739
0.262143
0.301327
0.237684
0.218331
0.330332
0.270062
0.0414361
0.00933548
0.60472
0.435945
0.547532
0.654623
0.00891648
0.49388
0.13846
0.614626
0.197756
0.81859
0.374842
0.123194
0.0873173
0.0163649
0.726414
0.134888
0.398284
0.640606
0.578409
0.178462
8.5606e-05
0.783429
0.567288
0.0024184
0.333292
0.331914
0.160256
0.500593
0.645984
0.099814
0.806462
0.405598
0.616727
0.652781
0.12887
0.637738
0.648615
0.249258
0.468114
0.491881
0.0124291
0.466676
0.0183891
0.0961512
0.482911
0.287487
0.0982104
0.129598
0.482301
0.750929
0.259719
0.433036
0.599223
0.534351
0.238571
0.0156556
0.727427
0.592245
0.462627
0.694767
0.00553391
0.707845
0.805158
0.314192
0.829232
0.626185
0.231204
0.732164
0.447854
0.021522
0.721645
0.325971
0.0175258
0.00936664
0.161772
0.77329
0.526428
0.385648
0.000704894
0.0551439
0.511175
0.0224761
0.290135
0.573443
0.167643
0.0764515
0.135395
0.719876
0.521432
0.343762
0.232159
0.302018
0.767768
0.782684
0.42505
0.0660215
0.173303
0.0496377
0.458752
0.439686
0.671818
0.652413
0.24433
0.203842
0.806253
0.189199
0.30136
0.665831
0.699699
0.630623
0.0765064
0.498818
0.00171457
0.52428
0.613657
0.743091
0.708555
0.494364
0.328958
0.279248
0.458607
0.00420163
0.183282
0.0122178
0.0128254
0.162608
0.129723
0.187638
0.0175438
0.016896
0.0676613
0.302677
0.110025
0.459889
0.00243166
0.262193
0.0476502
0.0467019
0.131633
0.305199
0.549171
0.465749
0.551427
0.428517
0.539329
0.0142537
0.216658
0.420876
0.515949
0.00783594
0.495163
0.710287
0.661728
0.698983
0.582259
0.36614
0.232998
0.249976
0.29006
0.280238
0.432019
0.704239
0.754643
0.246293
0.0672543
0.292514
0.871565
0.198799
0.0994925
0.358492
0.353405
0.0346208
0.0663218
0.197981
0.193876
0.0135784
0.335017
0.53874
0.417869
0.650652
0.0679876
0.689464
0.445846
0.363796
0.344236
0.360203
0.111879
0.19419
0.201879
0.0076968
0.518875
0.0766622
0.713753
0.2692
0.725219
0.404088
0.471177
0.250949
0.134701
0.287283
0.00934603
0.214754
0.017679
0.772259
0.635097
0.839018
0.597869
0.176375
0.557701
0.0534215
0.0151094
0.546416
0.12427
0.51083
0.695868
0.689079
0.0953754
0.171256
0.0873423
0.138017
0.0379328
0.433659
0.397885
0.293316
0.0321581
0.47666
0.319965
0.271889
0.0223621
0.103807
0.2853
0.389299
0.349616
0.138607
0.576825
0.444862
0.385906
0.718916
0.0118062
0.208035
0.522825
0.0367736
0.0147924
0.392767
0.110239
0.32948
0.00144225
0.463196
0.368919
0.322155
0.720921
0.200837
0.10671
0.00223774
0.349917
0.51364
0.686362
0.0705285
0.41011
0.585434
0.456521
0.762592
0.394417
0.0971017
0.663699
0.80964
0.727061
0.171707
0.55258
0.320253
0.170944
0.241118
0.596009
0.286437
0.647099
0.618917
0.349108
0.43154
0.00947054
0.437747
0.0295037
0.545396
0.579782
0.651643
0.667772
0.34096
0.127699
0.152385
0.734862
0.281591
0.16656
0.664624
0.135878
0.445832
0.212076
0.654525
0.325007
0.635517
0.59066
0.225563
0.0440068
0.569093
0.328487
0.0785749
0.32891
0.0882559
0.362054
0.149747
0.560784
0.196659
0.0051186
0.445706
0.654822
0.134897
0.577357
0.685974
0.337233
0.672292
0.43924
0.00871112
0.0311384
0.751401
0.413398
0.528735
0.101251
0.100231
0.706542
0.321889
0.00822164
0.422026
0.174244
0.00230651
0.246806
0.00149318
0.169402
0.38063
0.392683
0.261156
0.849702
0.314957
0.572223
0.603606
0.0218445
0.229278
0.458067
0.0532743
0.795852
0.195063
0.391458
0.0207732
0.00782558
0.157399
0.0321233
0.357214
0.148303
0.329128
0.414537
0.19799
0.477562
0.0187449
0.337635
0.27034
0.184592
0.697615
0.709394
0.0264849
0.839573
0.237317
0.322719
0.714066
0.127977
0.12863
0.0155273
0.0945669
0.268553
0.568721
0.158545
0.548645
0.00622883
0.439563
0.661945
0.0259088
0.0073591
0.120668
0.0140554
0.399999
0.106813
0.422219
0.490456
0.546051
0.0889535
0.518935
0.0190641
0.575772
0.434125
0.0346412
0.252973
0.00429404
0.0098223
0.256317
0.1098
0.568319
0.298689
0.464956
0.323072
0.683978
0.71827
0.477218
0.518802
0.119615
0.0248744
0.600564
0.447848
0.441769
0.0504536
0.645965
0.0375945
0.493928
0.147385
0.483573
0.301161
0.863339
0.154885
0.505453
0.334718
0.546313
0.00649526
0.00796907
0.059074
0.298038
0.00857268
0.247324
0.307375
0.557132
0.219306
0.597803
0.747512
0.205994
0.581494
0.36935
0.517086
0.00435288
0.00109339
0.0261404
0.812383
0.708435
0.124735
0.00772725
0.188698
0.283005
0.0298194
0.0154813
0.246149
0.516293
0.514722
0.47064
0.594944
0.0655262
0.230823
0.538929
0.00525732
0.66907
0.0707399
0.00619823
0.2794
0.269755
0.110938
0.681553
0.42724
0.140312
0.298198
0.581587
0.546487
0.583894
0.0121675
0.790293
0.51003
0.671173
0.515874
0.677181
0.76235
0.0182951
0.26422
0.209598
0.599079
0.757058
0.568742
0.267477
0.313458
0.505109
0.378685
0.82152
0.0882606
0.582998
0.0119833
0.478809
0.273935
0.611209
0.0681675
0.491896
0.00862016
0.44024
0.15836
0.536948
0.0622264
0.238568
0.186504
0.37682
0.152208
0.70321
0.797988
0.0997292
0.331965
0.648361
0.302186
0.290743
0.891388
0.462366
0.342839
0.0178092
0.724451
0.761601
0.134666
0.431846
0.393046
0.583803
0.502188
0.893207
0.661562
0.0111378
0.313776
0.0408738
0.00521292
0.624977
0.0651414
0.128414
0.16914
0.199836
0.233792
0.220611
0.487132
0.25596
0.336637
0.603019
0.251289
0.744945
0.238402
0.004358
0.349617
0.260448
0.016792
0.297268
0.486506
0.705357
0.666017
0.757037
0.522412
0.290579
0.391034
0.025053
0.00193497
0.00921851
0.140633
0.767977
0.020728
0.688318
0.389577
0.667772
0.663583
0.227163
0.12143
0.329315
0.279353
0.467268
0.262079
0.577209
0.00542352
0.447993
0.427484
0.00875043
0.559525
0.0531239
0.633138
0.0643053
0.738669
0.0740256
0.355042
0.316766
0.0610357
0.318621
0.318563
0.0115566
0.0524226
0.522546
0.090567
0.0252421
0.0295992
0.00294748
0.732056
0.605984
0.793031
0.248223
0.0457551
0.0297065
0.82633
0.609829
0.480239
0.52621
0.752661
0.313009
0.254576
0.533806
0.295431
0.410288
0.394578
0.0839551
0.0290852
0.37233
0.0682121
0.0462062
0.110809
0.434466
0.183659
0.376136
0.362569
0.539868
0.923427
0.0985503
0.0870022
0.0266884
0.875548
0.829281
0.351938
0.472776
0.588841
0.711737
0.404582
0.70268
0.0233748
0.000313202
0.440844
0.0148706
0.522074
0.511
0.146138
0.210281
0.584824
0.763624
0.446258
0.488453
0.280596
0.0216562
0.447925
0.0113524
0.270978
0.685596
0.739542
0.773596
0.685261
0.432439
0.134506
0.021134
0.0749004
0.442113
0.805681
0.0504161
0.43709
0.774993
0.410581
0.464414
0.0345091
0.292603
0.538846
0.745144
0.487103
0.4355
0.609248
0.00251004
0.00610229
0.302535
0.00308423
0.0750037
0.324484
0.636614
0.71762
0.107578
0.173774
0.122482
0.615899
0.31409
0.375005
0.0105109
0.0302106
0.813845
0.287384
0.489287
0.054075
0.0239493
0.080774
0.300868
0.275927
0.40022
0.0947929
0.0143628
0.676217
0.664084
0.184533
0.12035
0.229576
0.00282431
0.416762
0.190116
0.159976
0.0195092
0.146823
0.37145
0.488207
0.761883
0.00611112
0.539377
0.87596
0.0466529
0.37233
0.317807
0.336977
0.282493
0.514318
0.559593
0.447325
0.379879
0.628068
0.516151
0.136245
0.086531
0.341964
0.160221
0.577116
0.093444
0.689095
0.183682
0.00321996
0.270202
0.459655
0.483985
0.0883185
0.263987
0.0505526
0.155412
0.721064
0.0319956
0.635107
0.440484
0.426819
0.0109569
0.745323
0.0340826
0.0210366
0.387382
0.288551
0.00392337
0.448911
0.737824
0.590096
0.502384
0.300661
0.571253
0.126401
0.359284
0.232146
0.0735052
0.68371
0.621302
0.00274604
0.611458
0.0886527
0.120901
0.091544
0.592061
0.185793
0.498393
0.305724
0.570453
0.215974
0.378319
0.113719
0.234114
0.648519
0.146481
0.233407
0.0906369
0.5031
0.828736
0.191273
0.0457148
0.522004
0.29828
0.134127
0.00248285
0.337638
0.354877
0.0392365
0.0679171
0.674463
0.56213
0.590319
0.188877
0.00385608
0.0935994
0.292172
0.0335662
0.783116
0.0217469
0.202571
0.0156527
0.545754
0.0301997
0.0391086
0.204851
0.666171
0.523223
0.542536
0.329413
0.0484281
0.186455
0.470347
0.0238122
0.341006
0.558572
0.00131568
0.581989
0.0132494
0.684487
0.58198
0.459911
0.178605
0.0951573
0.0734301
0.00203599
0.0721165
0.629126
0.488757
0.185556
0.0307621
0.0162175
0.0259056
0.479405
0.714691
0.197944
0.028554
0.00313468
0.632436
0.0305145
0.550397
0.393546
0.0158547
0.0157999
0.189474
0.72281
0.0111325
0.595915
0.433563
0.362422
0.402464
0.42137
0.433522
0.565715
0.368888
0.0158731
0.162618
0.346127
0.825194
0.425211
0.473238
0.804941
0.526075
0.0742876
0.00624457
0.821619
0.652703
0.061268
0.77762
0.341601
0.00784611
0.363344
0.0299283
0.13064
0.00295854
0.0125026
0.683847
0.875418
0.261145
0.108308
0.0645071
0.172025
0.302854
0.882225
0.596007
0.424764
0.0106811
0.135809
0.433768
0.108404
0.699863
0.461162
0.30349
0.1661
0.0356308
0.0321577
0.390231
0.00904723
0.0329816
0.0159434
0.184669
0.0940718
0.259375
0.00446393
0.114444
0.575664
0.135913
0.260898
0.146444
0.204137
0.370486
0.341675
0.338162
0.173982
0.531886
0.0812967
0.489766
0.0437568
0.621253
0.795585
0.628341
0.552291
0.0495025
0.286163
0.00455591
0.0945097
0.88339
0.0483664
0.00524274
0.460189
0.584434
0.674109
0.0567599
0.158241
0.372391
0.296037
0.0541801
0.0361666
0.597401
0.100957
0.307969
0.0051887
0.382979
0.262643
0.553658
0.00229059
0.472812
0.674304
0.16824
0.420909
0.47151
0.126413
0.480397
0.0121648
0.635323
0.608029
0.497795
0.249571
0.626624
0.372803
0.0554602
0.276791
0.23002
0.695201
0.728638
0.0186879
0.0862704
0.128663
0.00425445
0.315253
0.330015
0.659369
0.388093
0.82504
0.0523873
0.77504
0.234928
0.563473
0.457037
0.204649
0.274833
0.718964
0.200732
0.364468
0.00405142
0.100828
0.259266
0.493388
0.0113893
0.408538
0.14382
0.681501
0.77657
0.688485
0.599836
0.600359
0.199404
0.0467944
0.393123
0.273225
0.12453
0.00796574
0.115641
0.26991
0.129982
0.0746244
0.494038
0.742198
0.00349212
0.603199
0.455082
0.45143
0.360049
0.016816
0.0717023
0.309484
0.0191728
0.350386
0.795769
0.432702
0.68395
0.180554
0.335043
0.0771664
0.127873
0.454135
0.510134
0.322961
0.234431
0.341994
0.0460461
0.465817
0.00562192
0.595647
0.809491
0.285034
0.0543888
0.674084
0.187089
0.0472809
0.0407892
0.0590854
0.421805
0.734436
0.107106
0.323919
0.719231
0.177585
0.210633
0.513416
0.548279
0.430603
0.112974
0.451922
0.837075
0.00546006
0.385484
0.175565
0.242152
0.796514
0.0166586
0.165288
0.67071
0.496614
0.00391895
0.408972
0.584986
0.501772
0.400407
0.0228047
0.435775
0.765157
0.285483
0.58835
0.862476
0.360604
0.061369
0.304118
0.235391
0.223298
0.146535
0.35329
0.198342
0.025406
0.532847
0.000190562
0.0563985
0.646771
0.0892611
0.229671
0.0868163
0.224876
0.231775
0.151966
0.770076
0.34119
0.272062
0.00384871
0.739608
0.74841
0.426703
0.459916
0.534852
0.392647
0.0204273
0.640151
0.466414
0.0304153
0.0046435
0.434864
0.561994
0.645985
0.393979
0.244024
0.00270036
0.0310068
0.602039
0.154576
0.815471
0.611383
0.437353
0.0111303
0.518894
0.340284
0.0119952
0.573546
0.685241
0.00974519
0.550142
0.591222
0.393494
0.125828
0.58568
0.502093
0.556805
0.467707
0.255923
0.0176901
0.27576
0.00109603
0.0265829
0.678985
0.0319431
0.00589055
0.402307
0.252103
0.277698
0.570375
0.558325
0.542637
0.518434
0.271333
0.568168
0.0215815
0.409557
0.470024
0.725777
0.464745
0.135302
0.831062
0.194045
0.100308
0.339237
0.442426
0.0429884
0.504629
0.176604
0.387927
0.779252
0.315617
0.371505
0.422227
0.932337
0.0552624
0.675388
0.00461054
0.459364
0.0259359
0.36373
0.846338
0.00818037
0.648647
0.594736
0.018261
0.209492
0.00239352
0.274983
0.314897
0.122483
0.00793953
0.190919
0.295552
0.114562
0.0697669
0.560187
0.0554223
0.131594
0.0269059
0.111518
0.353626
0.30561
0.322542
0.0659911
0.674652
0.0369184
0.404026
0.711336
0.671519
0.19305
0.446377
0.230927
0.166735
0.362313
0.0162345
0.692921
0.35214
0.069992
0.707162
0.0545495
0.718606
0.759521
0.64965
0.0175233
0.144671
0.824686
0.434323
0.432132
0.580602
0.101857
0.551809
0.00491395
0.489681
0.347509
0.12895
0.25595
0.308919
0.0287722
0.575994
0.0239202
0.104967
0.00251854
0.270406
0.495452
0.248496
0.124998
0.00128903
0.374527
0.123503
0.369778
0.533689
0.221354
0.570082
0.190538
0.295448
0.418417
0.700769
0.631565
0.56077
0.0311081
0.499174
0.530772
0.513706
0.622561
0.0377053
0.690426
0.230911
0.0924607
0.672941
0.335538
0.65778
0.175548
0.335515
0.272975
0.00800435
0.685732
0.0134962
0.0853706
0.570488
0.305848
0.895397
0.558372
0.581268
0.40904
0.00396812
0.389595
0.0712904
0.161445
0.444444
0.28559
0.583701
0.0354145
0.409596
0.522223
0.061378
0.334827
0.604068
0.634535
0.417421
0.621823
0.00879608
0.302073
0.0664809
0.0338294
0.082787
0.571554
0.786964
0.582438
0.0264434
0.388246
0.045201
0.473014
0.445744
0.0955087
0.204408
0.0150549
0.436987
0.0541119
0.833656
0.514365
0.432715
0.804915
0.276323
0.1496
0.0540373
0.217023
0.106636
0.00198311
0.524125
0.0351218
0.584527
0.103891
0.466995
0.291308
0.66092
0.0223695
0.172507
0.154614
0.100952
0.0317951
0.775692
0.639048
0.387765
0.449358
0.00315443
0.180493
0.299559
0.346223
0.323074
0.18635
0.243781
0.281734
0.729838
0.539274
0.507653
0.0416106
0.337954
0.644552
0.273355
0.137685
0.449803
0.0824976
0.447407
0.571145
0.406564
0.688359
0.130786
0.00796981
0.224445
0.157311
0.436539
0.503219
0.462006
0.151458
0.309151
0.669178
0.523435
0.295253
0.129984
0.514426
0.161739
0.52516
0.293552
0.123113
0.00421193
0.246062
0.507597
0.0998155
0.196731
0.0144275
0.0382071
0.0200762
0.434556
0.413331
0.496869
0.34379
0.100385
0.166882
0.675946
0.663571
0.396416
0.566973
0.203843
0.795848
0.6945
0.0864446
0.25472
0.671683
0.7538
0.055757
0.623541
0.575958
0.344294
0.0801931
0.461991
0.277176
0.31031
0.418969
0.122062
0.708994
0.371062
0.324904
0.504121
0.53477
0.424644
0.265995
0.478046
0.791448
0.223238
0.139973
0.648304
0.0131949
0.45536
0.528856
0.585734
0.392808
0.355791
0.893854
0.0651983
0.500907
0.571865
0.00759949
0.552161
0.166227
0.0797215
0.72506
0.219068
0.889231
0.168884
0.717223
0.50839
0.272033
0.713391
0.906236
0.0305916
0.517982
0.268159
0.268089
0.0620108
0.34339
0.423403
0.221376
0.0272116
0.598222
0.608767
0.562834
0.0195104
0.623099
0.286134
0.544741
0.00445072
0.726259
0.168665
0.0209349
0.0697134
0.0264937
0.43376
0.0171698
0.352626
0.361612
0.182925
0.224283
0.000805565
0.227074
0.0339566
0.67848
0.330616
0.462134
0.0772857
0.520685
0.359254
0.13663
0.0300671
0.379266
0.200244
0.247443
0.525067
0.480186
0.100039
0.3681
0.524814
0.0306861
0.780904
0.0183855
0.000577956
0.00241102
0.132426
0.257931
0.650308
0.013352
0.396253
0.396205
0.772085
0.491421
0.416601
0.879071
0.664227
0.5286
0.00588841
0.077961
0.10709
0.138743
0.020965
0.667382
0.0306685
0.360315
0.152073
0.455494
0.545049
0.341846
0.158417
0.604757
0.46173
0.0106142
0.0355676
0.638371
0.121279
0.545401
0.00395762
0.127228
0.330109
0.490477
0.424589
0.0186437
0.0612455
0.307075
0.131925
0.613885
0.738794
0.620101
0.829768
0.469456
0.156311
0.230397
0.612862
0.60582
0.00930653
0.822971
0.20663
0.142828
0.213044
0.452824
0.360152
0.85031
0.83364
0.412565
0.908368
0.0331896
0.62888
0.00319079
0.00834097
0.0637394
0.0807046
0.447076
0.352325
0.278168
0.703003
0.523681
0.0142842
0.494996
0.13903
0.571519
0.506179
0.451219
0.704277
0.119439
0.450749
0.374328
0.0114174
0.232676
0.491497
0.641936
0.828752
0.329544
0.601416
0.404092
0.481719
0.326749
0.409098
0.517093
0.263363
0.545879
0.190782
0.533426
0.450189
0.129299
0.310631
0.505852
0.00749882
0.602302
0.104122
0.00228088
0.0732791
0.0342706
0.624832
0.440508
0.330075
0.449487
0.362013
0.000626932
0.122022
0.584494
0.493692
0.38115
0.031991
0.530853
0.582076
0.706463
0.0420903
0.147722
0.559998
0.799444
0.00423837
0.291268
0.707263
0.157125
0.00528603
0.0211011
0.011855
0.457195
0.730853
0.214156
0.0387158
0.640416
0.397712
0.321486
0.0391122
0.0557787
0.818437
0.473879
0.725273
0.213894
0.00273647
0.0347433
0.124482
0.517902
0.40164
0.411087
0.346986
0.734363
0.000295439
0.140359
0.478349
0.37023
0.447033
0.750466
0.00139797
0.665687
0.615321
0.213086
0.00889382
0.0532285
0.146877
0.0655548
0.457342
0.0969476
0.00754477
0.709924
0.227693
0.685255
0.00988758
0.726652
0.049456
0.00509263
0.0719223
0.781712
0.100745
0.686771
0.527074
0.57127
0.836312
0.129339
0.345837
0.000736532
0.746241
0.16423
0.0535257
0.142602
0.550444
0.450557
0.542648
0.00517884
0.104958
0.453313
0.335697
0.374029
0.308831
0.0986221
0.0280271
0.0295204
0.627535
0.668399
0.551935
0.55617
0.581035
0.453761
0.0683513
0.679985
0.00112226
0.75815
0.0774025
0.193834
0.709779
0.395714
0.131062
0.871964
0.134385
0.00217978
0.0789916
0.327936
0.0378827
0.0714219
0.738281
0.64316
0.40946
0.527309
0.724747
0.513768
0.347689
0.371562
0.698029
0.0105512
0.0075441
0.528826
0.266423
0.426018
0.537984
0.0657918
0.74938
0.313433
0.00332849
0.46903
0.0626902
0.386437
0.564326
0.450534
0.342348
0.371418
0.343108
0.692095
0.405589
0.598021
0.526504
0.598534
0.351472
0.332478
0.609523
0.426232
0.533627
0.108657
0.00850451
0.634518
0.544792
0.0983052
0.330253
0.295885
0.484876
0.666153
0.11742
0.0775185
0.562049
0.612168
0.65497
0.158416
0.855154
0.792729
0.423015
0.218186
0.205789
0.0259795
0.448103
0.0818783
0.220836
0.015062
0.0430286
0.00603553
0.711633
0.0512986
0.362237
0.624369
0.360309
0.119594
0.705961
0.207794
0.278006
0.0630043
0.52148
0.053033
0.598504
0.0523126
0.714927
0.101072
0.337581
0.581693
0.111004
0.103915
0.665591
0.378766
0.000454079
0.3837
0.494561
0.687169
0.199172
0.732153
0.46998
0.224598
0.327173
0.171625
0.677606
0.511064
0.725255
0.0524196
0.411068
0.00788706
0.0829279
0.0189457
0.0111651
0.720514
0.690623
0.0818591
0.838544
0.196525
0.478051
0.15291
0.495951
0.261506
0.506971
0.0115141
0.112394
0.380256
0.583404
0.755803
0.479899
0.577213
0.875095
0.158219
0.470751
0.288367
0.0031176
0.857519
0.392596
0.391193
0.50667
0.442754
0.30942
0.449258
0.743133
0.0543996
0.0845331
0.00176787
0.341674
0.345794
0.022678
0.708708
0.333294
0.0664776
0.242013
0.0562833
0.430885
8.33171e-05
0.469726
0.194861
0.0935238
0.0443443
0.194483
0.639399
0.472616
0.444435
0.521688
0.455895
0.00732127
0.0153097
0.671139
0.512276
0.467825
0.514205
0.680566
0.0282188
0.212799
0.80924
0.266483
0.00170496
0.409185
0.32749
0.202724
0.774991
0.0456118
0.187793
0.278797
0.0217763
0.824793
0.0109046
0.251838
0.251498
0.51411
0.330847
0.0481889
0.119006
0.79415
0.108012
0.00557144
0.427803
0.3692
0.457607
0.1467
0.655164
0.00620491
0.19498
0.0893144
0.263959
0.289355
0.244706
0.680405
0.428815
0.146072
0.680833
0.239677
0.465375
0.252554
0.0147853
0.00565087
0.636854
0.139309
0.0995021
0.386552
0.00874313
0.383548
0.786655
0.652508
0.027468
0.185276
0.0979988
0.0592502
0.220005
0.695338
0.374982
0.0992207
0.156252
0.352163
0.244851
0.372763
0.61623
0.002881
0.486117
0.580853
0.0877196
0.322154
0.0740016
0.336982
0.440111
0.263263
0.628136
0.0755721
0.0467723
0.441186
0.297189
0.238543
0.179673
0.848608
0.687579
0.128684
0.444837
0.49519
0.0101816
0.5488
0.158876
0.858309
0.0930864
0.566252
0.589117
0.704312
0.0147043
0.375193
0.249411
0.694961
0.540105
0.032959
0.00546523
0.532556
0.406918
0.3836
0.501466
0.707362
0.31806
0.224046
0.278909
0.0900511
0.235674
0.812869
0.283973
0.618961
0.0618593
0.24441
0.772657
0.538095
0.0170837
0.022299
0.299334
0.833478
0.812315
0.442503
0.00286194
0.73709
0.00205818
0.128313
0.369632
0.504959
0.380683
0.0656167
0.0555957
0.452773
0.155747
0.476034
0.270596
0.588838
0.145718
0.800815
0.459882
0.0543955
0.0491392
0.51925
0.750562
0.491756
0.63691
0.0144593
0.0282527
0.34387
0.00324238
0.122609
0.440758
0.0321105
0.197841
0.440987
0.0848223
0.37694
0.24147
0.164432
0.471397
0.387068
0.613359
0.698813
0.377117
0.0504141
0.600951
0.455883
0.0114651
0.121461
0.313694
0.146511
0.523116
0.690743
0.392317
0.246858
0.775089
0.382696
0.340163
0.019542
0.661805
0.527573
0.183491
0.666724
0.020448
0.450558
0.548699
0.108654
0.00484844
0.457996
0.170811
0.285275
0.883679
0.0283987
0.51781
0.00138529
0.00655884
0.621086
0.164284
0.208261
0.818182
0.64765
0.143263
0.539201
0.0374586
0.40964
0.324666
0.329998
0.0382615
0.00398557
0.590326
0.132245
0.211732
0.679947
0.0431563
0.421679
0.601161
0.221323
0.671867
0.03355
0.0119851
0.0399686
0.425667
0.237528
0.740688
0.00758658
0.0517177
0.281733
0.318124
0.513559
0.427287
0.571709
0.0248846
0.333645
0.296134
0.609959
0.476195
0.0281807
0.0762937
0.50672
0.360986
0.459037
0.408618
0.605531
0.32756
0.0178333
0.825917
0.07193
0.0817426
0.579793
0.546254
0.460869
0.163907
0.170857
0.563097
0.683419
0.0017232
0.736107
0.0409512
0.555568
0.186439
0.507954
0.038755
0.108601
0.368786
0.469646
0.338616
0.109337
0.27924
0.207028
0.066334
0.348813
0.349577
0.584237
0.110422
0.00252706
0.077546
0.0385786
0.660382
0.0844524
0.737436
0.305612
0.71588
0.496036
0.00572305
0.561814
0.412829
0.141824
0.683367
0.76655
0.487378
0.126651
0.563081
0.722779
0.0663379
0.408854
0.554495
0.0972828
0.312738
0.0307119
0.264204
0.662976
0.434011
0.00224101
0.0190229
0.299132
0.662383
0.215191
0.035425
0.338367
0.025762
0.130997
0.0137658
0.516835
0.510516
0.810516
0.805018
0.498815
0.331695
0.0136993
0.880748
0.466166
0.66608
0.0834175
0.586216
0.788634
0.89945
0.467103
0.0357028
0.00443722
0.0119562
0.689241
0.00042155
0.52003
0.547939
0.11385
0.353143
0.353429
0.194421
0.352062
0.13833
0.144351
0.670415
0.534648
0.62596
0.452896
0.887051
0.318792
0.0290524
0.337266
0.720866
0.167757
0.867292
0.312667
0.172895
0.305684
0.310369
0.247141
0.0864746
0.0146793
0.0895064
0.00443143
0.489369
0.274293
0.490644
0.394427
0.406029
0.0495035
0.400345
0.00124357
0.735693
0.226504
0.515608
0.342244
0.582901
0.0038059
0.290392
0.473543
0.127927
0.541779
0.0301764
0.0254096
0.542732
0.215479
0.10038
0.599751
0.0957651
0.0027877
0.0959769
0.110019
0.46166
0.295457
0.0900434
0.27581
0.327426
0.134548
0.088259
0.00830731
0.465996
0.102456
0.186028
0.045174
0.696308
0.219322
0.453909
0.0556799
0.000331939
0.0273259
0.0477853
0.708654
0.10029
0.60729
0.157624
0.590694
0.000987678
0.0293717
0.644999
0.36164
0.0434523
0.479435
0.645452
0.496234
0.274529
0.172572
0.715521
0.692799
0.217331
0.56707
0.711695
0.221705
0.358279
0.199513
0.0418749
0.253958
0.255277
0.0645423
0.849638
0.577388
0.444121
0.858089
0.472351
0.133962
0.16937
0.00239003
0.78982
0.534439
0.467274
0.351376
0.0399792
0.523172
0.253822
0.589549
0.0425225
0.76648
0.741097
0.760726
0.723732
0.0529303
0.516663
0.340123
0.658745
0.502141
0.0419978
0.711702
0.241641
0.762122
0.0449241
0.0108907
0.68737
0.407403
0.310091
0.000814471
0.51196
0.573085
0.307327
0.52042
0.00544527
0.398646
0.445057
0.519231
0.589512
0.299004
0.0292934
0.00510663
0.562635
0.124978
0.5222
0.682529
0.452782
0.285135
0.594992
0.0463591
0.350186
0.2612
0.097047
0.284817
0.140149
0.608795
0.772148
0.124169
0.632232
0.401851
0.379931
0.584342
0.00475726
0.628159
0.191651
0.388725
0.419006
0.368508
0.40517
0.67016
0.250053
0.0109544
0.0304696
0.195864
0.741444
0.223898
0.296163
0.256736
0.752932
0.0124651
0.628471
0.130026
0.176114
0.446721
0.803242
0.611639
0.372695
0.478093
0.0212805
0.00083909
0.0147004
0.640377
0.0494548
0.31708
0.36403
0.030944
0.321994
0.580018
0.00649823
0.887743
0.626062
0.411054
0.311218
0.0175245
0.00693225
0.568249
0.573833
0.539436
0.0181839
0.00813248
0.384324
0.524594
0.470926
0.424679
0.705587
0.0734004
0.394458
0.276267
0.568693
0.308271
0.753143
0.646456
0.46844
0.382316
0.0183759
0.3652
0.214415
0.0624841
0.0452257
0.453666
0.302326
0.728353
0.546119
0.000544344
0.512304
0.0876433
0.654439
0.137066
0.88613
0.709899
0.0814393
0.59024
0.628607
0.360148
0.138443
0.535465
0.0420343
0.486111
0.37882
0.324198
0.718769
0.340205
0.261032
0.0130096
0.112221
0.00849855
0.379727
0.457857
0.543121
0.839711
0.607878
0.686851
0.452895
0.675878
0.341637
0.378847
0.412231
0.733758
0.104214
0.200035
0.271578
0.0896918
0.562593
0.620717
0.6577
0.00206452
0.358674
0.51496
0.482162
0.0121671
0.0567448
0.0310486
0.0183611
0.56381
0.648457
0.745198
0.104382
0.166491
0.247841
0.503614
0.379828
0.318866
0.883756
0.360013
0.112834
0.112811
0.732607
0.732467
0.203533
0.228557
0.18212
0.00318339
0.74596
0.0168982
0.507348
0.356237
0.509528
0.55995
0.266278
0.533333
0.646283
0.803562
0.181078
0.156876
0.280804
0.0161185
0.636338
0.673471
0.165095
0.196216
0.0584582
0.691782
0.0535754
0.0762164
0.506845
0.606807
0.375137
0.0782499
0.632856
0.0998698
0.544272
0.076213
0.0291742
0.00467826
0.648653
0.830945
0.0029066
0.0234516
0.322914
0.270657
0.538792
0.187273
0.244626
0.327192
0.782087
0.353205
0.101387
0.321683
0.391567
0.326339
0.447628
0.272802
0.0050822
0.116696
0.0823179
0.639516
0.47746
0.676932
0.842411
0.402604
0.51426
0.688756
0.537259
0.633781
0.524242
0.307682
0.125926
0.494733
0.0453511
0.370614
0.731718
0.609336
0.138563
0.642492
0.459567
0.299475
0.684834
0.266416
0.00266691
0.376805
0.0396175
0.354817
0.494712
0.58492
0.0668665
0.715984
0.399577
0.00289589
0.534141
0.418955
0.0169058
0.0271595
0.833503
0.298662
0.16006
0.325127
0.842216
0.305149
0.741132
0.340656
0.345052
0.0146225
0.327923
0.525894
0.45339
0.302819
0.612611
0.0247424
0.0687007
0.615156
0.457715
0.660187
0.221137
0.284353
0.164813
0.0856086
0.253289
0.466914
0.00720125
0.720272
0.35199
0.00555855
0.260075
0.803449
0.37035
0.00408652
0.537646
0.0281033
0.531284
0.70569
0.588877
0.830199
0.593971
0.642499
0.0444231
0.461237
0.525401
0.671363
0.255116
0.55581
0.708728
0.0951044
0.584281
0.701276
0.0044954
0.140924
0.353673
0.711033
0.565359
0.377913
0.564506
0.215277
0.076836
0.217121
0.212602
0.715513
0.823168
0.513455
0.077231
0.560352
0.060584
0.534648
0.223768
0.287095
0.331764
0.402821
0.617769
0.448816
0.0368681
0.742249
0.332741
0.019038
0.52055
0.139072
0.602684
0.3159
0.635328
0.438059
0.51246
0.420524
0.111167
0.00128298
0.289055
0.394699
0.00535094
0.340985
0.7971
0.828421
0.628378
0.0208521
0.395238
0.331389
0.431685
0.699868
0.469638
0.0334259
0.373451
0.370055
0.74576
0.00696781
0.74771
0.0290593
0.693054
0.00916389
0.352688
0.0137445
0.225645
0.000299367
0.72273
0.00100622
0.0616376
0.480821
0.00217988
0.666747
0.0130165
0.026416
0.00735429
0.0060992
0.664743
0.536741
0.17487
0.338498
0.566778
0.274516
0.0780814
0.41214
0.317993
0.042097
0.640121
0.651538
0.126986
0.0874692
0.0127617
0.462834
0.0932155
0.00328714
0.655346
0.486476
0.0765162
0.10885
0.630529
0.00060995
0.35185
0.590693
0.257322
0.762014
0.584998
0.664206
0.593771
0.231546
0.487388
0.563137
0.322003
0.509479
0.365809
0.121905
0.329287
0.718674
0.598997
0.232084
0.248692
0.150532
0.34214
0.614817
0.579211
0.854458
0.486284
0.11959
0.0057073
0.589334
0.0932023
0.0505581
0.155826
0.682618
0.16926
0.878431
0.670972
0.531619
0.456356
0.131996
0.696902
0.352705
0.121054
0.578269
0.615732
0.252985
0.25951
0.578534
0.0684359
0.00115007
0.0583801
0.122855
0.32608
0.444229
0.463586
0.106339
0.335269
0.179503
0.229371
0.541093
0.679174
0.737395
0.800139
0.148374
0.223744
0.0839677
0.112555
0.524357
0.207177
0.289982
0.376001
0.597681
0.0729754
0.717643
0.618599
0.00805564
0.0497873
0.306704
0.58499
0.471263
0.736764
0.0241902
0.133112
0.422237
0.498595
0.0844938
0.68391
0.0404435
0.0694294
0.513471
0.561222
0.337873
0.162294
0.207959
0.00240116
0.428454
0.25788
0.339263
0.344791
0.707017
0.439089
0.525321
0.492069
0.312256
0.578503
0.0691477
0.03686
0.818206
0.333208
0.731186
0.176991
0.357404
0.0209393
0.518315
0.59129
0.444394
0.324244
0.520047
0.362602
0.376609
0.393382
0.516023
0.00944846
0.698279
0.0107515
0.0103325
0.0269918
0.397174
0.290921
0.00900433
0.486979
0.525435
0.555805
0.665253
0.0106486
0.472948
0.581089
0.0185044
0.453925
0.153502
0.646863
0.165386
0.361874
0.757869
0.25499
0.637711
0.140439
0.0281709
0.585042
0.0117336
0.386713
0.376917
0.0578562
0.476921
0.25695
0.498845
0.675884
0.114062
0.507117
0.159314
0.197902
0.670593
0.408885
0.37732
0.0936725
0.61578
0.308862
0.606952
0.366619
0.018005
0.0246743
0.0793171
0.672803
0.144761
0.0300155
0.523448
0.0485652
0.356026
0.369693
0.389825
0.229564
0.144587
0.397559
0.303519
0.173571
0.348118
0.0445089
0.623224
0.0650915
0.0121636
0.442003
0.348535
0.0177842
0.530835
0.512131
0.0196701
0.394621
0.0886636
0.305125
0.135921
0.00570862
0.0155014
0.533816
0.00128914
0.00547248
0.00607408
0.230805
0.511304
0.519387
0.0670317
0.0350803
0.660336
0.292166
0.569811
0.290592
0.242993
0.664115
0.131793
0.532781
0.356374
0.219892
0.18908
0.426526
0.00331813
0.00989434
0.143436
0.598615
0.323073
0.471665
0.455368
0.0298233
0.267843
0.349548
0.0558351
0.704278
0.0347547
0.49733
0.0169241
0.311216
0.727228
0.457091
0.487475
0.460349
0.654131
0.393597
0.0417799
0.468775
0.021594
0.769313
0.266977
0.567425
0.0375129
0.408526
0.0324722
0.414732
0.855828
0.440514
0.576202
0.155899
0.8052
0.389559
0.162107
0.451357
0.0162339
0.821767
0.0408883
0.615785
0.319627
0.659062
0.354534
0.560917
0.559476
0.0634828
0.0244109
0.586284
0.270551
0.503312
0.420997
0.473623
0.532132
0.317265
0.0216437
0.160262
0.291257
0.443204
0.281121
0.299322
0.00632719
0.788528
0.0335166
0.414348
0.0127184
0.252581
0.018462
0.767146
0.324817
0.176562
0.452035
0.528469
0.588631
0.20147
0.632835
0.668927
0.232307
0.123363
0.217106
0.669949
0.185837
0.0783594
0.0341233
0.45653
0.1645
0.741451
0.0135774
0.31385
0.446987
0.0108787
0.0183639
0.00755885
0.4423
0.0211327
0.0033425
0.480545
0.690999
0.420848
0.00439572
0.498473
0.273098
0.367287
0.0479772
0.303071
0.705446
0.634068
0.0445961
0.0267798
0.338317
0.208036
0.049345
0.266427
0.44451
0.0557915
0.00273782
0.0502709
0.0272455
0.157259
0.823883
0.407583
0.596085
0.679674
0.765378
0.17573
0.0660479
0.290222
0.000392334
0.503847
0.0250403
0.229576
0.632065
0.557201
0.555647
0.853984
0.0103133
0.0566092
0.328075
0.065343
0.00893422
0.614766
0.812862
0.595925
0.149301
0.450609
0.180312
0.638238
0.733713
0.380422
0.646826
0.71593
0.614582
0.481624
0.00645896
0.500784
0.245429
0.435704
0.665459
0.672324
0.712324
0.59964
0.559669
0.3341
0.0249207
0.650431
0.533592
0.372766
0.0339526
0.537722
0.321217
0.163854
0.180343
0.05053
0.0818123
0.859494
0.32304
0.840118
0.835387
0.652162
0.785245
0.471127
0.799191
0.315425
0.578925
0.0104636
0.872162
0.322659
0.50083
0.55147
0.109314
0.0491661
0.538302
0.00709442
0.532761
0.00182732
0.883465
0.197412
0.244641
0.285975
0.146928
0.565116
0.705436
0.00629761
0.415405
0.600112
0.000346498
0.496831
0.000693921
0.0567983
0.275361
0.115348
0.0208025
0.333875
0.713606
0.430054
0.0835837
0.0427331
0.000278715
0.141477
0.281342
0.33942
0.187902
0.756046
0.149813
0.36716
0.00116076
0.104514
0.223058
0.15629
0.0205786
0.444345
0.0332815
0.0603765
0.432801
0.351251
0.817498
0.593273
0.632759
0.764846
0.857008
0.135565
0.536039
0.525704
0.805239
0.711679
0.0134941
0.0713463
0.452143
0.106958
0.428826
0.467654
0.283824
0.212852
0.131097
0.425331
0.714226
0.331999
0.121675
0.692571
0.0496913
0.0240581
0.74237
0.586081
0.332971
0.560363
0.175334
0.683057
0.273122
0.505151
0.168919
0.639014
0.692951
0.095018
0.173912
0.588295
0.0147208
0.0739367
0.31978
0.406544
0.659858
0.496584
0.745875
0.0986051
0.538553
0.119201
0.680644
0.340106
0.643541
0.218926
0.158205
0.0799925
0.41817
0.772524
0.00110062
0.443835
0.00916306
0.695735
0.335294
0.369034
0.232882
0.354505
0.561078
0.0615507
0.490474
0.363715
0.179378
0.153732
0.509676
0.0379544
0.0770469
0.00577053
0.428464
0.557497
0.48911
0.0883144
0.462208
0.602184
0.510945
0.682564
0.293874
0.897314
0.037949
0.0785575
0.0351081
0.607221
0.751387
0.0434985
0.495502
0.811359
0.186977
0.133928
0.396073
0.489373
0.384699
0.235932
0.680902
0.536404
0.00693582
0.0351168
0.781836
0.53018
0.334424
0.00943344
0.0315925
0.0593006
0.565263
0.497474
0.650635
0.150882
0.228908
0.0993831
0.41697
0.0321623
0.493576
0.226472
0.168679
0.812311
0.140729
0.256789
0.345647
0.0575737
0.854072
0.119934
0.0307604
0.00760143
0.221237
0.0934203
0.0805846
0.169764
0.055218
0.049872
0.060221
0.32063
0.253392
0.0231118
0.599394
0.242263
0.744733
0.0364137
0.707667
0.280446
0.294273
0.31881
0.38984
0.172851
0.039667
0.524179
0.1682
0.457079
0.0104222
0.0654014
0.72206
0.269797
0.708001
0.56705
0.183645
0.854556
0.23056
0.667328
0.326657
0.644555
0.0106895
0.856083
0.398886
0.501891
0.00376564
0.261357
0.00217245
0.0136687
0.671169
0.0211871
0.325326
0.0326414
0.583098
0.114556
0.734197
0.180283
0.305211
0.17507
0.118488
0.026636
0.0393129
0.349682
0.389012
0.543023
0.439711
0.00950063
0.573614
0.113598
0.374213
0.431335
0.00650068
0.433407
0.295427
0.142601
0.256752
0.549536
0.610615
0.354279
0.271957
0.369183
0.393979
0.496097
0.755481
0.663309
0.263787
0.395532
0.140708
0.0327189
0.870062
0.0633523
0.215657
0.0129727
0.66268
0.0532361
0.207849
0.72476
0.133574
0.5308
0.259481
0.424452
0.0640324
0.13773
0.389111
0.0427808
0.0159348
0.445345
0.138596
0.127996
0.0573223
0.129625
0.160808
0.405987
0.091784
0.0280341
0.182154
0.505519
0.475611
0.264719
0.271163
0.515787
0.207139
0.335455
0.00310126
0.540123
0.00832405
0.057977
0.407416
0.0591048
0.170903
0.534944
0.395124
0.268567
0.0892719
0.152295
0.79986
0.378708
0.302082
0.066042
0.704071
0.0125411
0.0970402
0.508918
0.3117
0.769667
0.811063
0.394717
0.0053342
0.0451013
0.33661
0.639413
0.669434
0.231498
0.000842516
0.307121
0.531612
0.598474
0.150231
0.36683
0.682331
0.268514
0.0419417
0.502358
0.00595133
0.0960625
0.127568
0.469504
0.50053
0.274501
0.319962
0.593057
0.510142
0.266249
0.293866
0.622933
0.253075
0.41236
0.498697
0.432281
0.00674394
0.0701302
0.334733
0.0142664
0.353591
0.00851645
0.0442877
0.684022
0.266312
0.73608
0.214252
0.761757
0.00842334
0.0742129
0.408091
0.325816
0.42276
0.516876
0.603942
0.567287
0.193323
0.11818
0.0101657
0.0359755
0.630098
0.177536
0.116639
0.186103
0.0183528
0.623855
0.273567
0.068718
0.0871663
0.381219
0.0876266
0.672187
0.686858
0.684473
0.732863
0.63762
0.759386
0.284436
0.322066
0.0163435
0.551729
0.581237
0.506739
0.0835934
0.0960002
0.562607
0.4162
0.359974
0.372476
0.335884
0.234284
0.541349
0.343612
0.604117
0.222057
0.588035
0.350122
0.613551
0.44012
0.463774
0.30886
0.00505938
0.197679
0.405299
0.721492
0.702611
0.759938
0.0505182
0.514694
0.269023
0.611749
0.376161
0.550757
0.00985987
0.323769
0.0962421
0.507885
0.0125276
0.524365
0.114499
0.274972
0.40589
0.0142259
0.667059
0.00647733
0.805811
0.092476
0.605582
0.598312
0.113263
0.0916627
0.322394
0.0170935
0.0160113
0.660328
0.454263
0.0933957
0.252918
0.314266
0.285282
0.60002
0.441345
0.0578726
0.427595
0.375598
0.0198375
0.682995
0.737759
0.217554
0.20035
0.656071
0.445653
0.619526
0.192222
0.572866
0.0228033
0.0173865
0.0989536
0.0969743
0.659558
0.00614888
0.0615809
0.672738
0.632442
0.098536
0.0810216
0.47393
0.190435
0.623479
0.192626
0.290597
0.00721185
0.753648
0.230969
0.00290097
0.31143
0.355374
0.13569
0.478041
0.0063362
0.265862
0.839891
0.408503
0.843645
0.135669
0.137219
0.400275
0.747179
0.0282218
0.101212
0.234658
0.671067
0.312641
0.227907
0.790488
0.0783388
0.18193
0.379175
0.16448
0.621055
0.253994
0.273164
0.564447
0.62666
0.582033
0.00861319
0.593087
0.208377
0.00658672
0.604583
0.449941
0.45663
0.314392
0.0816067
0.181564
0.262873
0.266629
0.0689056
0.800921
0.603879
0.789862
0.102614
0.194187
0.00486107
0.800192
0.429891
0.539944
0.00561626
0.472361
0.628484
0.0263764
0.110656
0.112111
0.0641662
0.435092
0.0793326
0.715626
0.188521
0.10636
0.751028
0.419234
0.876179
0.759441
0.594946
0.0718049
0.00343502
0.232867
0.750668
0.612913
0.0216054
0.0175836
0.728476
0.791803
0.861638
0.368164
0.0172669
0.00271737
0.00174795
0.255399
0.529572
0.0365952
0.226524
0.116243
0.130027
0.43404
0.00488569
0.342017
0.354326
0.472629
0.00853553
0.0284863
0.259112
0.640224
0.421693
0.060208
0.652795
0.437048
0.0177513
0.638856
0.0666677
0.096073
0.220949
0.696933
0.3273
0.493679
0.433714
0.341704
0.632388
0.317115
0.633254
0.255352
0.0290584
0.557605
0.0182722
0.0982681
0.278279
0.237422
0.332157
0.229472
0.790473
0.761998
0.00040316
0.606736
0.192912
0.188307
0.38382
0.00818285
0.315953
0.152199
0.315534
0.183058
0.0624937
0.0950814
0.0551117
0.615382
0.904142
0.377115
0.34146
0.308402
0.85404
0.42547
0.44727
0.243207
0.730589
0.432566
0.0417364
0.0936738
0.0263632
0.607651
0.74735
0.528827
0.863368
0.844526
0.00211366
0.0100068
0.391608
0.398311
0.186971
0.0587498
0.134564
0.0209466
0.282712
0.726665
0.100358
0.196506
0.360397
0.118275
0.25
0.760778
0.0262964
0.43412
0.321546
0.586953
0.0109068
0.331756
0.479264
0.0959272
0.357983
0.297693
0.286703
0.280354
0.65874
0.71137
0.451802
0.101135
0.0280735
0.129411
0.596042
0.197602
0.636358
0.851654
0.402773
0.360326
0.461277
0.697163
0.349381
0.502534
0.530559
0.0550422
0.0365671
0.0903851
0.443794
0.386399
0.0164995
0.538031
0.708013
0.0165495
0.247277
0.259835
0.0819641
0.940043
0.0612707
0.471178
0.534809
0.264556
0.358302
0.526555
0.418859
0.00375086
0.00209779
0.321091
0.079401
0.00257282
0.399045
0.752014
0.108047
0.273387
0.180813
0.458113
0.404684
0.0303459
0.2106
0.70539
0.264683
0.321431
0.285184
0.284486
0.420657
0.683568
0.00503317
0.595309
0.109494
0.472437
0.276553
0.0855162
0.545785
0.640314
0.277462
0.323536
0.092436
0.926707
0.534558
0.157112
0.442845
0.669754
0.132238
0.56527
0.382094
0.350612
0.580294
0.31572
0.109488
0.301411
0.0749397
0.547054
0.437188
0.576587
0.0260039
0.110255
0.566928
0.0175825
0.596746
0.316964
0.516208
0.371411
0.497358
0.652318
0.173063
0.512513
0.534431
0.0312617
0.130086
0.0730707
0.0259449
0.00334205
0.415726
0.203933
0.412561
0.468747
0.466903
0.664017
0.402034
0.10423
0.00536603
0.449756
0.086349
0.806532
0.659049
0.491183
0.50194
0.086014
0.217647
0.483115
0.536415
0.367166
0.731635
0.0534693
0.0108737
0.181313
0.468729
0.33272
0.280798
0.666121
0.531745
0.550032
0.192246
0.265577
0.00533987
0.398872
0.50084
0.101854
0.257621
0.0925129
0.0818439
0.225944
0.0272231
0.234109
0.11316
0.0742202
0.486606
0.0357615
0.388081
0.445439
0.188817
0.299869
0.00484325
0.649425
0.378685
0.0367157
0.42498
0.0115041
0.573436
0.32467
0.77747
0.229224
0.0400239
0.0380317
0.202181
0.47606
0.670408
0.401313
0.217593
0.0211544
0.184189
0.325371
0.24144
0.454847
0.00909454
0.187947
0.66171
0.354967
0.00290403
0.509089
0.195812
0.73378
0.402703
0.695106
0.550981
0.0361765
0.457842
0.114205
0.0932419
0.139231
0.0211713
0.0136754
0.0105777
0.253034
0.405247
0.243793
0.309728
0.471179
0.203373
0.0706711
0.735453
0.317081
0.120575
0.678327
0.364213
0.142837
0.722852
0.337877
0.226519
0.173637
0.0116694
0.711422
0.0129023
0.0651372
0.40218
0.235693
0.00811177
0.120494
0.263133
0.264586
0.501697
0.57852
0.58183
0.635035
0.362959
0.421601
0.537703
0.128578
0.0103136
0.34686
0.0180381
0.143239
0.352154
0.612865
0.0018878
0.471658
0.525965
0.374689
0.530002
0.37111
0.1319
0.585042
0.292157
0.806515
0.0267469
0.540206
0.336568
0.838117
0.000206206
0.621753
0.682807
0.15889
0.581421
0.0783679
0.095969
0.840631
0.0336482
0.752835
0.453347
0.289477
0.770253
0.0839688
0.316327
0.565226
0.311724
0.439114
0.379792
0.0273254
0.414676
0.633057
0.00483946
0.389232
0.135974
0.00276688
0.0221093
0.171916
0.612496
0.349783
0.318061
0.0738572
0.079072
0.364002
0.792482
0.00970374
0.0449841
0.802136
0.0178591
0.693746
0.400235
0.597851
0.686916
0.210024
0.115491
0.0738814
0.0342287
0.0794128
0.0459194
0.00138185
0.166985
0.204559
0.417266
0.415369
0.374707
0.0412511
0.100223
0.465777
0.0920909
0.00828455
0.725472
0.660238
0.617282
0.234634
0.0146193
0.853804
0.194308
0.133582
0.196438
0.0601776
0.113906
0.194319
0.0170735
0.0723105
0.604449
0.135014
0.636531
0.327318
0.0312988
0.00872857
0.0115049
0.336319
0.283352
0.63092
0.425807
0.187127
0.0563277
0.00050835
0.406587
0.44687
0.204406
0.707247
0.610157
0.138925
0.394574
0.501368
0.430672
0.00942124
0.0216843
0.218715
0.55406
0.797625
0.0108069
0.0167816
0.00260345
0.162496
0.775302
0.14417
0.659237
0.00693427
0.418956
0.797973
0.150021
0.0788626
0.0866228
0.0631424
0.580004
0.914728
0.504233
0.658374
0.0554391
0.0430801
0.180196
0.327397
0.120465
0.00848989
0.110145
0.129261
0.455389
0.455526
0.517873
0.47515
0.00316871
0.00173389
0.0242912
0.0723405
0.106701
0.3588
0.140675
0.0358481
0.25185
0.0197501
0.0507929
0.40623
0.777216
0.361392
0.420861
0.536555
0.450672
0.390701
0.707947
0.638539
0.00853951
0.23565
0.690846
0.639803
0.557189
0.353184
0.725097
0.0658598
0.214211
0.231333
0.00927702
0.00417415
0.00298776
0.644897
0.0543696
0.0905826
0.122049
0.354665
0.392329
0.718059
0.164361
0.568136
0.00429731
0.551211
0.110333
0.164497
0.375165
0.27654
0.149936
0.239678
0.494702
0.595206
0.620068
0.809448
0.159849
0.296543
0.23432
0.613632
0.192011
0.122085
0.268442
0.320233
0.597224
0.440871
0.0167133
0.00230194
0.895059
0.449481
0.0118777
0.557548
0.212666
0.661928
0.121813
0.00388339
0.0152901
0.767423
0.622271
0.297321
0.140136
0.71715
0.683816
0.350762
0.0120017
0.287808
0.698849
0.122184
0.253531
0.107461
0.489969
0.427897
0.132671
0.0463425
0.478899
0.0172193
0.000278177
0.672298
0.732637
0.744457
0.0609643
0.587314
0.1649
0.82633
0.50567
0.428308
0.586526
0.0914241
0.483257
0.0821323
0.00409518
0.669836
0.0832341
0.0878019
0.708175
0.490389
0.395082
0.0300422
0.380055
0.112857
0.737054
0.28198
0.160632
0.702688
0.481773
0.740436
0.806803
0.0665854
0.801654
0.6385
0.349497
0.467286
0.292135
0.744065
0.317581
0.0637256
0.0464187
0.600436
0.0195028
0.358196
0.794446
0.639039
0.172157
0.684995
0.150987
0.652098
0.136486
0.0273988
0.568714
0.4855
0.785905
0.491632
0.695373
0.071997
0.211398
0.620562
0.532931
0.43065
0.520891
0.473555
0.291295
0.329348
0.444597
0.591444
0.502529
0.108095
0.680745
0.635322
0.0343159
0.0256442
0.246021
0.624446
0.0126057
0.309578
0.510093
0.134068
0.0288513
0.331452
0.726795
0.075815
0.0104144
0.542405
0.285571
0.573609
0.620576
0.142376
0.554975
0.566511
0.826146
0.00832629
0.121429
0.264395
0.142578
0.503537
0.313711
0.499936
0.534814
0.216124
0.168211
0.273201
0.30705
0.469123
0.336771
0.437564
0.361696
0.381581
0.51303
0.390691
0.632975
0.0389621
0.75104
0.0178057
0.598776
0.158125
0.178702
0.452551
0.593014
0.635116
0.0066798
0.146249
0.409257
0.471744
0.642478
0.155698
0.43988
0.0448606
0.141446
0.0160046
0.507066
0.0634057
0.647146
0.11125
0.298351
0.644846
0.0464832
0.00540764
0.0482563
0.114858
0.867126
0.392094
0.0344716
0.000254969
0.514232
0.54016
0.182568
0.457433
0.330826
0.522376
0.147405
0.00334439
0.262599
0.19497
0.182188
0.631381
0.325918
0.0885557
0.273336
0.798624
0.0754903
0.322821
0.415142
0.22134
0.0600653
0.456894
0.287203
0.454282
0.106374
0.0262276
0.330509
0.350089
0.338832
0.513546
0.258232
0.302288
0.532791
0.434466
0.486033
0.762436
0.8175
0.165194
0.364389
0.187771
0.00514561
0.8488
0.141099
0.505513
0.113443
0.42955
0.802703
0.000803141
0.333125
0.00338365
0.00555293
0.290168
0.470329
0.569021
0.729319
0.0814013
0.450867
0.133526
0.789982
0.00943844
0.543607
0.278619
0.260058
0.052778
0.09319
0.650822
0.441315
0.308257
0.558496
0.154939
0.273462
0.6511
0.0080264
0.00781879
0.677501
0.42261
0.594291
0.0652646
0.0356135
0.221191
0.472404
0.824707
0.331807
0.454154
0.573236
0.576761
0.840346
0.610593
0.290294
0.407298
0.526977
0.0149052
0.519752
0.435419
0.704763
0.0706905
0.740302
0.0153415
0.0927613
0.482347
0.321181
0.640995
0.0309083
0.608786
0.00560091
0.00128421
0.765555
0.24021
0.0120747
0.00153688
0.551346
0.481422
0.58076
0.18622
0.290894
0.382483
0.512961
0.15383
0.0689942
0.597239
0.345495
0.124846
0.789435
0.00213539
0.49644
0.339679
0.270803
0.863403
0.361413
0.466944
0.22998
0.460847
0.166687
0.379253
0.666757
0.617775
0.0138428
0.588855
0.115456
0.263515
0.292596
0.70198
0.00631876
0.0204969
0.394284
0.0782049
0.0204233
0.487998
0.602588
0.0123663
0.539918
0.632393
0.462217
0.469749
0.47696
0.274369
0.189759
0.834721
0.0161045
0.816216
0.0173832
0.416582
0.722301
0.0393972
0.576609
0.549287
0.414295
0.0651498
0.406495
0.6199
0.682217
0.00196899
0.330191
0.0618661
0.422043
0.220989
0.157884
0.0101431
0.157327
0.0135779
0.432892
0.47961
0.273838
0.610101
0.00278339
0.609715
0.0700719
0.0144036
0.470369
0.2225
0.123528
0.0243004
0.0570824
0.00622415
0.310328
0.132947
0.390528
0.381908
0.612913
0.0112198
0.614449
0.838238
0.112645
0.463213
0.49255
0.00760875
0.506949
0.673615
0.281419
0.616331
0.218511
0.016864
0.32144
0.0474209
0.551874
0.0922472
0.542946
0.00682176
0.0835263
0.386038
0.669893
0.123071
0.00270761
0.54018
0.496659
0.558456
0.00176457
0.352037
0.602138
0.0121535
0.687376
0.0171751
0.0937495
0.547368
0.30916
0.334364
0.572959
0.12157
0.620738
0.270195
0.464092
0.0721283
0.747977
0.4918
0.77951
0.320474
0.23153
0.149209
0.000826593
0.296598
0.161251
0.0235474
0.308053
0.669299
0.0596614
0.0493883
0.135776
0.847486
0.246644
0.0631543
0.704741
0.347807
0.851453
0.0514203
0.147455
0.314638
0.161208
0.440169
0.485206
0.683002
0.279358
0.133323
0.522655
0.217612
0.731169
0.418667
0.164953
0.239074
0.617229
0.660333
0.00251661
0.271511
0.823089
0.455944
0.0175251
0.0192308
0.0236319
0.604193
0.215414
0.0566611
0.0618471
0.643052
0.22323
0.505763
0.160587
0.176966
0.204124
0.00484283
0.662653
0.383917
0.505308
0.798801
0.316795
0.849146
0.0207102
0.293321
0.523179
0.0226598
0.752444
0.406297
0.532978
0.361782
0.432467
0.0912882
0.0964553
0.543759
0.644288
0.431117
0.600383
0.542171
0.592268
0.660916
0.799041
0.321402
0.349973
0.181026
0.397812
0.150622
0.00370887
0.810586
0.00273678
0.345259
0.429188
0.369904
0.587402
0.0328848
0.00962738
0.00147452
0.0737205
0.525781
0.423609
0.553182
0.543002
0.404232
0.138998
0.603121
0.117147
0.779704
0.307719
0.6532
0.0893058
0.0734114
0.474713
0.624953
0.597551
0.0105503
0.144797
0.0172635
0.553785
0.790334
0.0498148
0.51029
0.302523
0.315649
0.168085
0.622662
0.274195
0.668204
0.0222674
0.268635
0.570415
0.0299633
0.184803
0.536126
0.513689
0.0273962
0.774696
0.222201
0.287206
0.652792
0.468685
0.32612
0.452485
0.288117
0.437283
0.444489
0.252326
0.0161753
0.835483
0.66451
0.00362463
0.0230112
0.519713
0.470521
0.190713
0.502802
0.533247
0.0474837
0.410334
0.346834
0.067293
0.3002
0.240244
0.18053
0.41975
0.62076
0.4905
0.487261
0.417108
0.121858
0.696834
0.772759
0.0243757
0.343897
0.0105344
0.0689476
0.498465
0.65475
0.330525
0.27869
0.488194
0.221824
0.689384
0.38404
0.676748
0.414309
0.502826
0.207732
0.257961
0.45172
0.230733
0.0540475
0.699841
0.522251
0.820559
0.527185
0.26982
0.503092
0.379589
0.698563
0.0689046
0.369839
0.612818
0.236928
0.065585
0.43911
0.0352913
0.241863
0.774546
0.532653
0.126166
0.673892
0.517896
0.395564
0.230319
0.708531
0.105831
0.0594672
0.556957
0.323454
0.0567188
0.054299
0.451671
0.338206
0.509481
0.552028
0.699257
0.440908
0.0243769
0.0415876
0.633941
0.0282629
0.123961
0.0948188
0.00445525
0.0525396
0.020345
0.930361
0.0288211
0.00190382
0.725032
0.206629
0.506164
0.459799
0.248683
0.25106
0.307493
0.751167
0.166203
0.180895
0.643173
0.260312
0.139168
0.0620263
0.531225
0.538006
0.0775965
0.207757
0.607099
0.536047
0.153804
0.217221
0.721641
0.432913
0.223629
0.0960194
0.112874
0.535066
0.736731
0.430905
0.121347
0.189762
0.46495
0.608769
0.416069
0.268367
0.31038
0.186876
0.465811
0.679658
0.707057
0.816741
0.190064
0.701555
0.156715
0.347795
0.422164
0.629843
0.288491
0.631318
0.678126
0.283741
0.214833
0.881468
0.838087
0.38222
0.411554
0.397616
0.230062
0.548405
0.298934
0.086236
0.873322
0.723477
0.372668
0.0406604
0.410365
0.874416
0.560869
0.749346
0.490836
0.79212
0.450002
0.00597207
0.63165
0.717636
0.276065
0.249253
0.622367
0.0430555
0.622531
0.367658
0.00510509
0.710509
0.188764
0.442557
0.428623
0.657468
0.623947
0.201583
0.586714
0.373267
0.218909
0.486923
0.282753
0.736588
0.634081
0.425126
0.0642755
0.00674302
0.0459751
0.00702995
0.197791
0.572109
0.0601322
0.211444
0.117794
0.457024
0.0543682
0.251447
0.293551
0.295948
0.371157
0.316288
0.638548
0.482301
0.0989942
0.649307
0.320464
0.032304
0.0376546
0.136703
0.387573
0.557936
0.821203
0.658203
0.00319141
0.495438
0.592194
0.758187
0.473732
0.195576
0.19409
0.61302
0.350512
0.588303
0.733644
0.772091
0.0719917
0.789982
0.0527915
0.0491874
0.120591
0.582701
0.317932
0.217569
0.610523
0.297185
0.426714
0.195131
0.100773
0.0731571
0.175712
0.66099
0.524563
0.0618965
0.0194625
0.245651
0.294573
0.128604
0.411442
0.69611
0.272468
0.0256684
0.43394
0.344254
0.315808
0.730508
0.0509107
0.909027
0.72061
0.0159181
0.325129
0.161397
0.361052
0.102889
0.656861
0.0134852
0.459641
0.00153757
0.817887
0.00794146
0.609298
0.543043
0.501853
0.524291
0.653701
0.0923843
0.18336
0.276453
0.46106
0.181385
0.0480216
0.450663
0.759168
0.574006
0.550983
0.384731
0.718413
0.473974
0.781187
0.616411
0.791525
0.065858
0.041983
0.160866
0.0496665
0.448299
0.61484
0.0178386
0.724446
0.0214285
0.429677
0.249762
0.297423
0.597013
0.354122
0.638635
0.493634
0.0707093
0.655455
0.600133
0.526269
0.433344
0.720575
0.443775
0.428575
0.62293
0.496187
0.352892
0.351552
0.223496
0.315949
0.761689
0.649046
0.382502
0.278666
0.310231
0.0699424
0.0490182
0.0702607
0.766385
0.0165964
0.497127
0.799748
0.616094
0.00816302
0.102098
0.492647
0.402295
0.0180209
0.263192
0.667119
0.325727
0.79087
0.721377
0.429695
0.364837
0.336691
0.191538
0.537853
0.376709
0.388292
0.293453
0.197358
0.0704893
0.503991
0.542806
0.0699422
0.35047
0.1282
0.305584
0.00992311
0.650945
0.0225221
0.295975
0.0535088
0.546149
0.129956
0.062313
0.576752
0.670699
0.37486
0.0640616
0.805317
0.0215934
0.380795
0.0578754
0.312232
0.403115
0.741856
0.828507
0.457174
0.339678
0.189857
0.00854878
0.042059
0.249945
0.882366
0.490848
0.0824284
0.167624
0.721282
0.451724
0.0238498
0.00630688
0.199708
0.00630323
0.354482
0.124518
0.288251
0.576548
0.377895
0.00103153
0.776448
0.573771
0.709443
0.683629
0.485701
0.677735
0.393801
0.0198612
0.487241
0.801155
0.709734
0.664398
0.0370333
0.19714
0.0357862
0.291965
0.034442
0.145254
0.410398
0.41325
0.0621305
0.441086
0.00994809
0.832982
0.598158
0.0847579
0.0221747
0.0856246
0.811816
0.681272
0.473232
0.207878
0.545607
0.098555
0.498472
0.90193
0.00704515
0.406047
0.70906
0.82288
0.0758837
0.412582
0.167447
0.333982
0.0872521
0.0125121
0.730393
0.370504
0.736789
0.355873
0.66761
0.0793305
0.550272
0.0373296
0.120669
0.0298742
0.047455
0.516304
0.508685
0.202205
0.722941
0.33776
0.628013
0.0714316
0.413876
0.243408
0.107658
0.410727
0.0218393
0.0998482
0.411214
0.627863
0.589683
0.0271041
0.623495
0.167616
0.593184
0.350707
0.425529
0.0429862
0.755352
0.341669
0.325812
0.149258
0.0830699
0.0119019
0.817343
0.355319
0.0858684
0.767042
0.58813
0.632696
0.19749
0.801512
0.548848
0.0600656
0.810621
0.745488
0.748568
0.511093
0.40922
0.123409
0.487399
0.0613738
0.315884
0.130135
0.341936
0.666148
0.0654646
0.401139
0.0956498
0.547535
0.0978903
0.710701
0.0636419
0.668686
0.00756362
0.533019
0.21339
0.111023
0.329196
0.41357
0.539869
0.304174
0.766801
0.0639973
0.0563956
0.0985538
0.347959
0.105845
0.194761
0.212629
0.24818
0.347265
0.491234
0.464368
0.247151
0.312719
0.0404671
0.160963
0.11607
0.0459582
0.696244
0.190736
0.0897229
0.248732
9.46651e-05
0.373999
0.299188
0.705723
0.123615
0.765616
0.624732
0.739311
0.00727153
0.595715
0.0169744
0.0775655
0.170007
0.326609
0.299727
0.00102357
0.508183
0.620174
0.0268052
0.0437419
0.00456519
0.133704
0.498399
0.123975
0.105364
0.379659
0.789516
0.781974
0.741332
0.231322
0.391133
0.168797
0.544404
0.115164
0.432315
0.458176
0.45005
0.228633
0.532913
0.33098
0.207391
0.594607
0.191891
0.48499
0.814915
0.0907591
0.429142
0.346995
0.107376
0.0954538
0.551308
0.381324
0.70398
0.392842
0.537366
0.619454
0.33727
0.600356
0.828994
0.0678253
0.456548
0.315249
0.136189
0.0987946
0.0110282
0.593669
0.644561
0.618349
0.00261817
0.112883
0.587743
0.26995
0.275428
0.196078
0.819303
0.309743
0.615213
0.408542
0.603538
0.275375
0.225262
0.0551297
0.406049
0.235502
0.00362816
0.0702743
0.283518
0.190791
0.13763
0.298682
0.120792
0.0566091
0.464587
0.00186403
0.367281
0.0372511
0.520373
0.339779
0.142031
0.577332
0.388815
0.0594952
0.0628297
0.0580491
0.328896
0.400034
0.147434
0.127852
0.169325
0.197736
0.593834
0.374573
0.334207
0.677341
0.0599101
0.544133
0.00669794
0.442723
0.40857
0.00651881
0.485086
0.510435
0.00768004
0.65303
0.0130004
0.269614
0.872766
0.398899
0.206113
0.242355
0.625396
0.190691
0.483403
0.420627
0.55091
0.445091
0.554393
0.155754
0.562636
0.258202
0.0944583
0.612299
0.0127757
0.40138
0.316897
0.38977
0.436906
0.565836
0.408253
0.320129
0.355897
0.703474
0.410168
0.371324
0.0312406
0.296555
0.0357252
0.0816515
0.235378
0.183875
0.0779571
0.011457
0.118782
0.0243617
0.30537
0.656964
0.00192698
0.362942
0.00598953
0.636926
0.899888
0.49943
0.535489
0.085992
0.0380912
0.376703
0.00467688
0.72369
0.189217
0.5179
0.183844
0.00390657
0.757536
0.844537
0.0220319
0.327391
0.359823
0.294453
0.428324
0.140923
0.85388
0.379546
0.121965
0.739392
0.460592
0.247329
0.463472
0.307134
0.617487
0.306283
0.543821
0.0889642
0.317864
0.0486229
0.599841
0.657403
0.119888
0.458292
0.553865
0.395273
0.270769
0.428587
0.46574
0.727583
0.179335
0.544892
0.475907
0.840694
0.632052
0.0143191
0.529765
0.680003
0.406499
0.334211
0.0692716
0.189858
0.631849
0.687536
0.691215
0.783529
0.294207
0.882716
0.519653
0.376852
0.486567
0.531076
0.264717
0.447133
0.491878
0.0424569
0.195777
0.059534
0.0945353
0.0760248
0.659835
0.492144
0.704228
0.142613
0.403918
0.240351
0.684859
0.497478
0.181465
0.205765
0.0344618
0.12557
0.288586
0.448233
0.760453
0.238837
0.287262
0.230654
0.0425078
0.0624144
0.364084
0.559104
0.622161
0.394306
0.653259
0.746559
0.586107
0.0140663
0.150569
0.0130306
0.371775
0.264604
0.202959
0.328709
0.307778
0.652663
0.878521
0.18647
0.625646
0.0254
0.610186
0.553076
0.646703
0.302551
0.13835
0.372297
0.488593
0.0470163
0.652118
0.080456
0.0330844
0.0155175
0.506911
0.779101
0.0986393
0.135142
0.359211
0.0639675
0.23963
0.7332
0.478122
0.485665
0.742948
0.224062
0.80413
0.062185
0.119903
0.225026
0.0664018
0.4152
0.0260512
0.613357
0.404387
0.0992458
0.568436
0.051146
0.355572
0.662926
0.550603
0.61066
0.306616
0.252106
0.668556
0.613941
0.580607
0.662509
0.297217
0.0241893
0.0719241
0.0142416
0.276174
0.413188
0.458022
0.259467
0.391831
0.518603
0.600592
0.259477
0.633538
0.0485884
0.288747
0.00751193
0.180003
0.03145
0.362613
0.511452
0.0511066
0.58777
0.600152
0.595726
0.176539
0.645049
0.666847
0.35628
0.507527
0.214677
0.024384
0.262208
0.0254901
0.00293638
0.329013
0.743842
0.0538478
0.00434212
0.529737
0.402939
0.00631434
0.0234556
0.336972
0.227128
0.495613
0.765067
0.00993431
0.174593
0.0929887
0.136275
0.538711
0.617336
0.539918
0.586545
0.0266831
0.000984894
0.0885038
0.72611
0.167535
0.000780395
0.616428
0.246198
0.46517
0.375499
0.210498
0.542778
0.438135
0.41618
0.0194259
0.0607915
0.110747
0.695067
0.631485
0.0208015
0.59073
0.70185
0.189462
0.597639
0.61366
0.35007
0.877287
0.221505
0.664629
0.581788
0.664027
0.024578
0.474486
0.701827
0.76222
0.623938
0.114848
0.485743
0.537112
0.469529
0.683083
0.39527
0.398832
0.672532
0.0491208
0.40774
0.0263061
0.539498
0.0540513
0.271195
0.558965
0.0593953
0.571938
0.470313
0.47271
0.348132
0.402229
0.0157846
0.079115
0.0909369
0.000825723
0.000301
0.596546
0.223893
8.85853e-05
0.351823
0.623849
0.398907
0.329284
0.445705
0.00141511
0.182074
0.701878
0.31196
0.642263
0.521842
0.0636219
0.562507
0.345857
0.252475
0.34458
0.178165
0.219506
0.679742
0.435583
0.113711
0.438075
0.700383
0.586416
0.406616
0.0478429
0.701634
0.0176911
0.217315
0.468145
0.730379
0.0902328
0.706602
0.016406
0.333748
0.256073
0.527995
0.0166957
0.252839
0.326342
0.670313
0.137937
0.168712
0.182605
0.322626
0.446137
0.422991
0.0454424
0.382775
0.598674
0.520128
0.000167046
0.169685
0.171405
0.0344963
0.648947
0.19757
0.0567781
0.571303
0.350888
0.6784
0.0667901
0.0103064
0.626729
0.00578592
0.318444
0.00609523
0.0742267
0.37282
0.492258
0.52833
0.621654
0.46522
0.257236
0.375786
0.368453
0.457337
0.741497
0.442449
0.377014
0.349969
0.795592
0.448195
0.751369
0.103957
0.639453
0.130808
0.0936422
0.0790749
0.810766
0.312292
0.0914335
0.661888
0.370562
0.0598721
0.409115
0.0419648
0.0547375
0.692553
0.269163
0.517616
0.350088
0.22193
0.0506844
0.473429
0.422744
0.00551165
0.635797
0.70582
0.81463
0.769067
0.841102
0.829809
0.712034
0.632642
0.396162
0.580539
0.105217
0.445425
0.0100273
0.0265075
0.58035
0.501241
0.00612357
0.569283
0.579524
0.0830355
0.648442
0.405324
0.00267741
0.363159
0.0621585
0.599952
0.25473
0.0529222
0.258183
0.116917
0.433032
0.288
0.0438006
0.10661
0.678873
0.539072
0.316649
0.618477
0.0036282
0.0796336
0.531452
0.558241
0.576543
0.390163
0.186324
0.0528586
0.342156
0.00527364
0.021034
0.090613
0.697212
0.00335999
0.111945
0.495364
0.447714
0.0925199
0.129646
0.204642
0.445299
0.165916
0.47836
0.256761
0.0347677
0.0279059
0.115532
0.506608
0.314826
0.435552
0.0800027
0.716848
0.135762
0.49409
0.368556
0.0107113
0.816318
0.614415
0.151085
0.779985
0.109626
0.289822
0.205774
0.479765
0.47042
0.589235
0.00358664
0.757567
0.00629094
0.255445
0.235217
0.15772
0.764479
0.626199
0.364446
0.282583
0.193449
0.637534
0.0117571
0.331503
0.329128
0.0598819
0.254284
0.417626
0.0645932
0.210347
0.546857
0.430947
0.0667056
0.299607
0.559264
0.130974
0.368198
0.641112
0.501367
0.691191
0.0120628
0.121427
0.203831
0.389627
0.523305
0.00943682
0.571135
0.0647022
0.236295
0.152812
0.275109
0.437454
0.233817
0.497054
0.361908
0.292411
0.590933
0.0421817
0.250495
0.403491
0.316074
0.0513207
0.00650722
0.06639
0.64665
0.871067
0.392557
0.00910943
0.718562
0.455866
0.0272862
0.611778
0.108706
0.504004
0.108426
0.114254
0.0323557
0.358972
0.163497
0.00828836
0.146268
0.893886
0.262579
0.614918
0.218417
0.22166
0.711616
0.380508
0.339143
0.112064
0.0179765
0.0171507
0.652333
0.123513
0.474132
0.21612
0.245982
0.19701
0.720093
0.118533
0.297636
0.0538158
0.645953
0.00194531
0.404519
0.506338
0.28403
0.381874
0.0459226
0.00840779
0.573361
0.676443
0.00303971
0.0964857
0.00596388
0.374414
0.385039
0.388825
0.228126
0.779509
0.418107
0.472655
0.0547984
0.353918
0.0254086
0.27262
0.459907
0.728375
0.0553695
0.0154711
0.509037
0.0422205
0.191655
0.524731
0.250855
0.315577
0.497469
0.319273
0.0857592
0.641347
0.201205
0.562318
0.165073
0.154553
0.37545
0.166171
0.576151
0.0475047
0.667325
0.425951
0.605549
0.175134
0.732653
0.595412
0.695745
0.463648
0.0159008
0.258158
0.615859
0.57945
0.385972
0.0329107
0.544122
0.461922
0.621547
0.0613352
0.583237
0.762511
0.625405
0.458968
0.0619472
0.502511
0.662535
0.213737
0.0900974
0.161499
0.00503747
0.481889
0.568918
0.510958
0.489976
0.0884193
0.0191516
0.0706331
0.375917
0.3102
0.177392
0.513383
0.665801
0.361558
0.466967
0.320029
0.00857146
0.0165727
0.420826
0.741214
0.164171
0.403008
0.820957
0.449689
0.0964508
0.0597762
0.379358
0.555896
0.398861
0.260313
0.55352
0.659366
0.695606
0.176731
0.48592
0.125328
0.669671
0.392376
0.465452
0.00954098
0.121396
0.248166
0.331505
0.439643
0.69003
0.035389
0.248749
0.675142
0.096119
0.0646362
0.690518
0.265462
0.246574
0.0924139
0.171959
0.723618
0.697674
0.464449
0.00165755
0.346207
0.120855
0.318438
0.149409
0.0840919
0.197527
0.3294
0.138402
0.53599
0.381561
0.26072
0.505922
0.563588
0.140831
0.395057
0.00919339
0.320871
0.517728
0.0687952
0.51693
0.278053
0.612022
0.408348
0.0248573
0.622624
0.466973
0.113403
0.565576
0.385523
0.68119
0.201321
0.771909
0.521914
0.227898
0.423917
0.29308
0.641945
0.0881625
0.87276
0.0150817
0.181804
0.656184
0.207356
0.0815633
0.199779
0.678813
0.450285
0.490661
0.448733
0.537386
0.218878
0.42245
0.19645
0.0904095
0.460323
0.167767
0.401024
0.102196
0.15595
0.730524
0.502644
0.481642
0.455665
0.691594
0.724779
0.00143676
0.561192
0.119983
0.757211
0.407656
0.11962
0.142827
0.133465
0.358798
0.719201
0.272237
0.562226
0.0343863
0.114751
0.0563918
0.4074
0.0256689
0.481745
0.00635269
0.430583
0.124925
0.0118743
0.114992
0.128924
0.407684
0.165377
0.669508
0.283025
0.397071
0.70774
0.395538
0.0419721
0.540517
0.507478
0.310463
0.509803
0.592643
0.315065
0.181075
0.306697
0.760695
0.289298
0.356398
0.625514
0.204093
0.0330859
0.79352
0.450337
0.0824214
0.0247978
0.538826
0.00120381
0.174139
0.500289
0.485795
0.571745
0.313496
0.48474
0.0240378
0.253659
0.483753
0.39473
0.548854
0.35476
0.756426
0.506573
0.0299379
0.367252
0.00566868
0.147889
0.56979
0.548025
0.741906
0.2248
0.70763
0.543813
0.00340921
0.0531958
0.59476
0.11235
0.512458
0.247848
0.688211
0.514421
0.0958816
0.195031
0.327312
0.387391
0.0359194
0.502107
0.282886
0.471449
0.128961
0.49056
0.708381
0.384695
0.413366
0.574113
0.245564
0.175074
0.566178
0.30547
0.13463
0.544029
0.0184662
0.349544
0.334418
0.628976
0.176496
0.159519
0.31742
0.355823
0.801818
0.595583
0.333004
0.180055
0.317136
0.226954
0.633495
0.29041
0.667558
0.130052
0.800083
0.183817
0.246136
0.0138864
0.0862144
0.592338
0.414539
0.061407
0.365222
0.559958
0.252974
0.282452
0.326923
0.367043
0.92368
0.62349
0.185658
0.247568
0.228147
0.418364
0.509285
0.34167
0.690668
0.240263
0.319397
0.680484
0.225778
0.0990872
0.0609682
0.0539356
0.591065
0.624224
0.468057
0.0750563
0.541621
0.013997
0.071213
0.848233
0.484244
0.604459
0.116137
0.449204
0.584469
0.117892
0.62072
0.00324084
0.427764
0.583968
0.0953312
0.542711
0.670138
0.297328
0.256395
0.480701
0.695668
0.0396965
0.0420017
0.378115
0.0128282
0.698826
0.0786677
0.0713879
0.0712162
0.202394
0.286155
0.480387
0.598229
0.141173
0.0726483
0.00829353
0.738819
0.200167
0.0230021
0.936616
0.22999
0.00710976
0.838987
0.407284
0.071994
0.148887
0.283219
0.822037
0.412498
0.835262
0.171746
0.605372
0.0291105
0.0110856
0.485449
0.262158
0.403553
0.567553
0.124985
0.0311636
0.52566
0.0111025
0.144792
0.301925
0.233592
0.782107
0.479482
0.100822
0.012652
0.365564
0.0720634
0.294987
0.308202
0.423335
0.462144
0.196874
0.0807333
0.0335576
0.556667
0.710375
0.00619777
0.390403
0.411788
0.109246
0.658806
0.215396
0.154059
0.313312
0.58361
0.394521
0.000937036
0.682738
0.76706
0.621858
0.212811
0.555244
0.662908
0.127623
0.00369101
0.0181133
0.646801
0.0841383
0.884401
0.44825
0.0344807
0.809853
0.566073
0.105226
0.255895
0.679421
0.681112
0.0130297
0.136976
0.0657345
0.349859
0.0919638
0.00191534
0.0236603
0.205131
0.356004
0.00434989
0.284917
0.460186
0.476627
0.444711
0.383574
0.0113968
0.193382
0.0667728
0.428632
0.10232
0.516339
0.392561
0.279519
0.288491
0.123973
0.169032
0.405327
0.353987
0.186366
0.412114
0.0294063
0.143772
0.576669
0.0402581
0.427869
0.441333
0.491246
0.00219923
0.638274
0.0540068
0.205317
0.757946
0.108199
0.0396343
0.692658
0.0139552
0.130587
0.433643
0.799222
0.484225
0.482308
0.834369
0.31065
0.632683
0.644835
0.58826
0.350342
0.178011
0.266136
0.318047
0.613882
0.417326
0.189536
0.796317
0.524678
0.54441
0.116579
0.410637
0.932768
0.434245
0.7694
0.568112
0.634724
0.312346
0.321886
0.740157
0.183901
0.134122
0.253355
0.571868
0.656729
0.0932329
0.730465
0.0340442
0.513155
0.0229934
0.609104
0.279967
0.220387
0.335527
0.123333
0.208348
0.308447
0.0952288
0.351512
0.685988
0.244841
0.440809
0.795839
0.658068
0.618832
0.0867221
0.433796
0.843636
0.407574
0.179351
0.12352
0.586337
0.414445
0.117888
0.0567362
0.699805
0.45217
0.641098
0.512942
0.63573
0.62409
0.396426
0.437509
0.332327
0.0332149
0.357066
0.0306145
0.583842
0.200453
0.555459
0.597077
0.214303
0.0213983
0.157774
0.608721
0.142627
0.560244
0.327327
0.400996
0.807239
0.0638254
0.689707
0.0160018
0.0529469
0.62025
0.310148
0.271235
0.591575
0.236124
0.407517
0.0646255
0.507538
0.692022
0.505612
0.865876
0.445062
0.728679
0.679609
0.0917118
0.00465889
0.649467
0.667882
0.673957
0.0677469
0.745809
0.412122
0.51832
0.120012
0.575199
0.225108
0.219066
0.598136
0.642676
0.75422
0.00361404
0.136507
0.644762
0.345942
0.476041
0.155366
0.64794
0.617066
0.472661
0.368273
0.197757
0.0149842
0.283447
0.143065
0.18388
0.718572
0.133137
0.64335
0.528201
0.216368
0.126162
0.52979
0.52779
0.480334
0.109259
0.105312
0.548196
0.218454
0.0646196
0.478807
0.0032139
0.593586
0.703925
0.548611
0.605528
0.189743
0.203351
0.034938
0.427978
0.176568
0.389572
0.168479
0.0102358
0.637166
0.726799
0.339491
0.615363
0.245461
0.20817
0.0424218
0.373447
0.169887
0.476098
0.130539
0.34846
0.854946
0.236621
0.310058
0.357907
0.63888
0.39494
0.126781
0.340695
0.205008
0.0754214
0.535335
0.704776
0.251428
0.77539
0.713467
0.466802
0.0932965
0.0303795
0.558999
0.350155
0.717839
0.0264001
0.150851
0.0880521
0.668876
0.567566
0.00631208
0.0243814
0.0662338
0.492079
0.156574
0.134788
9.29879e-05
0.496937
0.10906
0.588766
0.594276
0.0877691
0.192072
0.451285
0.357472
0.132626
0.585528
0.0829385
0.194863
0.0258081
0.0348099
0.189248
0.617249
0.144427
0.186634
0.0766828
0.0463979
0.00272901
0.832624
0.713098
0.359064
0.53539
0.401706
0.349747
0.0740084
0.687052
0.0543862
0.387454
0.506532
0.391436
0.0346279
0.47564
0.0781471
0.493501
0.217765
0.563532
0.00615147
0.347106
0.786257
0.215664
0.113061
0.450126
0.504391
0.641443
0.143056
0.431728
0.510309
0.450234
0.500927
0.217098
0.156421
0.103108
0.0267446
0.183461
0.450457
0.71933
0.00674725
0.524766
0.413117
0.01991
0.00573031
0.111906
0.529576
0.400878
0.772751
0.265957
0.487495
0.134403
0.0730432
0.25157
0.762292
0.733145
0.698573
0.0784692
0.0341147
0.0384202
0.488584
0.185106
0.595618
0.361795
0.191075
0.285746
0.00242066
0.297312
0.10842
0.541504
0.368458
0.668139
0.590708
0.0214835
0.417361
0.748166
0.453316
0.182376
0.038336
0.322427
0.00982751
0.306301
0.0483797
0.761734
0.542458
0.0132394
0.118396
0.325102
0.00265211
0.00775191
0.426207
0.162534
0.431447
0.300759
0.0832712
0.486939
0.259934
0.17333
0.612247
0.538908
0.284467
0.283675
0.0290823
0.821027
0.389996
0.736709
0.348747
0.231855
0.625262
0.285718
0.563744
0.180374
0.0082924
0.382679
0.337882
0.0397905
0.0290174
0.559338
0.164688
0.636017
0.163658
0.0812919
0.356944
0.820817
0.62655
0.423583
0.281144
0.182057
0.20365
0.410806
0.0675708
0.214759
0.632326
0.389079
0.386783
0.797684
0.179642
0.00279223
0.00820325
0.907649
0.546268
0.495033
0.449425
0.289493
0.275304
0.146134
0.704072
0.154911
0.104614
0.842118
0.830262
0.404964
0.273706
0.294336
0.0382578
0.46598
0.04272
0.294247
0.289331
0.221778
0.572355
0.454581
0.406988
0.741967
0.862525
0.0166324
0.245773
0.175906
0.178208
0.0129619
0.892031
0.261353
0.204893
0.459009
0.0706057
0.487801
0.0364933
0.55364
0.0550773
0.271077
0.465874
0.620362
0.343687
0.332329
0.489177
0.352572
0.647616
0.373977
0.425185
0.623201
0.193436
0.367168
0.170552
0.462127
0.0429797
0.126985
0.32974
0.400278
0.151583
0.374306
0.477434
0.19564
0.4459
0.239618
0.0212622
0.601653
0.475593
0.391108
0.334445
0.497014
0.284362
0.230798
0.575615
0.0745311
0.664415
0.0500616
0.744108
0.252455
0.00170762
0.450557
0.33501
0.118785
0.622973
0.467694
0.0267849
0.439521
0.438413
0.0137896
0.659991
0.000963747
0.335464
0.00161252
0.464518
0.134619
0.177413
0.712058
0.450909
0.230311
0.0780902
0.0867749
0.319779
0.277687
0.251929
0.485915
0.064336
0.500595
0.120828
0.158862
0.349974
0.216757
0.701532
0.488865
0.291896
0.0160568
0.609915
0.186488
0.257202
0.409768
0.444429
0.447219
0.101177
0.607211
0.0247708
0.437011
0.349578
0.356323
0.662345
0.0560159
0.3745
0.341406
0.345184
0.50923
0.132997
0.331103
0.277818
0.00347596
0.0534694
0.0787353
0.567361
0.543811
0.0311824
0.00555416
0.596325
0.141379
0.42732
0.00172601
0.545203
0.176207
0.104357
0.493066
0.344472
0.0773049
0.465771
0.0251237
0.0666382
0.156364
0.355112
0.619817
0.0201835
0.457589
0.547895
0.126936
0.147056
0.0260475
0.418928
0.424245
0.382474
0.036253
0.549963
0.143307
0.0974942
0.772572
0.294848
0.476972
0.0121541
0.462663
0.0103405
0.590864
0.211844
0.521411
0.216349
0.368245
0.615853
0.222343
0.590926
0.484903
0.159774
0.0720608
0.573796
0.24362
0.572554
0.0284953
0.621526
0.543282
0.540231
0.277505
0.546926
0.379345
0.855012
0.57987
0.273195
0.482155
0.482974
0.248615
0.563986
0.36593
0.0308723
0.0767593
0.00467659
0.593208
0.0991884
0.879517
0.364682
0.50704
0.0230285
0.0478467
0.205844
0.435111
0.305386
0.784497
0.192313
0.704381
0.403675
0.0398817
0.758485
0.567916
0.0703996
0.219559
0.837871
0.391236
0.010643
0.860291
0.00438078
0.357453
0.374748
0.456046
0.264632
0.311913
0.715994
0.509419
0.383617
0.00671245
0.0311121
0.516911
0.333696
0.247178
0.0657706
0.530021
0.0427333
0.0634309
0.00399868
0.485985
0.0514137
0.467758
0.334055
0.284482
0.207889
0.28354
0.189746
0.335762
0.458095
0.0181082
0.222596
0.121811
0.741259
0.111107
0.00523712
0.0251287
0.453416
0.0870909
0.0398431
0.628067
0.383916
0.685896
0.300278
0.326928
0.0870915
0.408755
0.439249
0.838628
0.445061
0.0537653
0.343285
0.0338458
0.666656
0.235127
0.628486
0.197651
0.0817025
0.355504
0.374032
0.546171
0.631515
0.264302
0.139348
0.486435
0.0126664
0.718582
0.00235334
0.561958
0.664241
0.546471
0.41174
0.0272658
0.0449846
0.21199
0.755718
0.00162014
0.0733855
0.801521
0.0189212
0.556147
0.345327
0.813652
0.0588503
0.295283
0.350262
0.00741244
0.840815
0.803212
0.20137
0.694949
0.226344
0.359502
0.27902
0.00733791
0.294453
0.708741
0.172105
0.0245694
0.703684
0.344917
0.249962
0.758676
0.535796
0.484404
0.36013
0.00496603
0.429763
0.451228
0.127002
0.222109
0.485218
0.623787
0.751606
0.00754893
0.0912918
0.0330048
0.0761976
0.589366
0.373349
0.54247
0.0881247
0.731863
0.0777051
0.349502
0.556785
0.00517762
0.00116535
0.271882
0.668905
0.3854
0.201806
0.373948
0.521713
0.0856083
0.0371256
0.0130389
0.678251
0.734559
0.534046
0.251802
0.396377
0.347747
0.0392843
0.338078
0.389068
0.221131
0.325814
0.163834
0.291612
0.339836
0.494465
0.205452
0.666601
0.469892
0.11623
0.670314
0.702482
0.214845
0.440789
0.798747
0.554901
0.659892
0.275534
0.207114
0.101768
0.231541
0.316057
0.586325
0.0580478
0.522818
0.704606
0.0226516
0.208538
0.236085
0.286524
0.0942462
0.0311288
0.56203
0.472104
0.0972612
0.350218
0.0431851
0.585635
0.344803
0.0254684
0.0846364
0.212588
0.0422782
0.116799
0.160416
0.428402
0.486499
0.0258101
0.122683
0.656062
0.449857
0.161087
0.247169
0.404326
0.0838747
0.0455613
0.176398
0.0568678
0.0268828
0.599869
0.27163
0.0946299
0.574778
0.0310521
0.263815
0.575605
0.0442814
0.492849
0.274956
0.488933
0.228998
0.378995
0.639547
0.508838
0.401442
0.389082
0.049718
0.0546261
0.594715
0.290824
0.796508
0.427167
0.726045
0.000378548
0.29305
0.509958
0.0494741
0.336876
0.10227
0.10179
0.0582215
0.579275
0.845373
0.0412974
0.197148
0.256992
0.128549
0.194363
0.179504
0.00605713
0.0132186
0.106526
0.665579
0.0093033
0.109132
0.0247877
0.0560074
0.435291
0.00930332
0.104909
0.427185
0.300586
0.184527
0.41894
0.853738
0.0459745
0.702132
0.252331
0.783327
0.330411
0.00112733
0.100429
0.758364
0.319199
0.33219
0.456964
0.188658
0.708707
0.653402
0.0304047
0.0146021
0.829213
0.230383
0.104281
0.182728
0.241383
0.00061122
0.0131606
0.277646
0.766973
0.391808
0.320574
0.0400976
0.065705
0.00216155
0.616975
0.28789
0.147195
0.490988
0.829689
0.333854
0.249082
0.812528
0.0125423
0.365021
0.618641
0.26766
0.107395
0.448786
0.682343
0.0542555
0.645796
0.650704
0.144679
0.0457572
0.675301
0.355852
0.0324731
0.528775
0.649396
0.116962
0.36752
0.144376
0.000717836
0.550314
0.0283311
0.828804
0.354069
0.656505
0.0203197
0.244086
0.334825
0.147507
0.825863
0.615027
0.695712
0.482394
0.0034476
0.430456
0.619273
0.73243
0.0782792
0.250909
0.237304
0.733943
0.406225
0.596306
0.057494
0.0552655
0.752938
0.517302
0.00532295
0.261666
0.510891
0.310645
0.345048
0.266945
0.660301
0.497827
0.431763
0.290101
0.0518093
0.707627
0.0110835
0.395521
0.0854364
0.123603
0.490747
0.800627
0.124635
0.566445
0.653132
0.229614
0.222177
0.341652
0.386668
0.391124
0.573612
0.346992
0.150185
0.234863
0.0899587
0.628044
0.303597
0.502265
0.868308
0.440736
0.00315809
0.0367989
0.530931
0.217788
0.0348554
0.0181231
0.0203661
0.816639
0.00101866
0.788363
0.778358
0.463465
0.00528355
0.155637
0.188092
0.468245
0.355503
0.226376
0.352871
0.256358
0.459374
0.642692
0.0848632
0.443008
0.516926
0.653765
0.556644
0.486147
0.0579897
0.821742
0.425194
0.318579
0.15657
0.314689
0.233667
0.694633
0.273533
0.283113
0.207544
0.520702
0.00641793
0.47336
0.346997
0.593467
8.52323e-05
0.699641
0.0863504
0.388683
0.297666
0.457064
0.172087
0.0906469
0.245315
0.579866
0.000900475
0.580232
0.0242893
0.00696645
0.207219
0.0361468
0.0683444
0.611027
0.218983
0.568261
0.588425
0.5915
0.0251629
0.233209
0.623493
0.0217338
0.0467589
0.222678
0.199229
0.473718
0.416904
0.443717
0.517064
0.400024
0.342847
0.431374
0.763027
0.46396
0.377763
0.506161
0.702698
0.715504
0.716031
0.682586
0.426881
0.681933
0.592873
0.428381
0.381117
0.1785
0.204271
0.661753
0.128017
0.31679
0.353602
0.487333
0.67869
0.609301
0.00512798
0.512539
0.018448
0.0271915
0.258759
0.31197
0.629304
0.602415
0.205345
0.0871889
0.142562
0.431278
0.0584017
0.313243
0.00149025
0.268322
0.162743
0.0121843
0.529251
0.242249
0.355043
0.024143
0.632602
0.173597
0.608674
0.505081
0.342006
0.591241
0.663854
0.252618
0.0733617
0.042237
0.335747
0.859923
0.0857465
0.712782
0.611638
0.382299
0.484666
0.00158768
0.608927
0.0206912
0.152002
0.0324462
0.650774
0.431914
0.656023
0.286114
0.019747
0.306241
0.0572703
0.562381
0.201297
0.110425
0.674973
0.436793
0.262351
0.301363
0.0162973
0.557443
0.269526
0.0140985
0.151889
0.0952545
0.615381
0.170748
0.0369971
0.00920395
0.234546
0.800906
0.378085
0.0558562
0.824726
0.663676
0.426103
0.600274
0.0743009
0.485676
0.171925
0.00455648
0.290592
0.301487
0.273853
0.357506
0.271302
0.265711
0.704724
0.000364063
0.656311
0.10033
0.346542
0.368955
0.241881
0.759333
0.0148409
0.413154
0.281544
0.33115
0.0478477
0.351951
0.243651
0.882392
0.479279
0.0135473
0.54111
0.0777026
0.143632
0.838005
0.0121739
0.0626266
0.647895
0.273406
0.6031
0.407798
0.449331
0.0385957
0.542756
0.403015
0.109864
0.0246238
0.125766
0.0919993
0.058484
0.520736
0.561028
0.0274796
0.00304556
0.113099
0.536228
0.268289
0.354853
0.106576
0.700609
0.00462015
0.0394835
0.371063
0.217289
0.555181
0.663309
0.436731
0.365073
0.0956996
0.00180693
0.283233
0.741123
0.71598
0.400071
0.127728
0.196203
0.0697095
0.297964
0.0791143
0.879498
0.429605
0.0714621
0.0474954
0.421777
0.162477
0.822084
0.453271
0.00986085
0.189638
0.112583
0.0145096
0.361464
0.482797
0.595197
0.0538937
0.535594
0.695465
0.449805
0.496526
0.00136112
0.333567
0.037748
0.427999
0.307337
0.270809
0.554109
0.133109
0.634717
0.408614
0.0408165
0.0538021
0.513516
0.445251
0.327576
0.241491
0.652193
0.367791
0.352104
0.0268112
0.770526
0.249907
0.683137
0.543353
0.185505
0.524728
0.0108133
0.0713247
0.773065
0.67211
0.470031
0.7252
0.253148
0.283723
0.704206
0.338946
0.244322
0.265554
0.0838944
0.457331
0.356807
0.254395
0.210346
0.26979
0.00489461
0.0282838
0.00880216
0.803105
0.699481
0.0323005
0.708901
0.00420566
0.00314507
0.00929586
0.5029
0.516526
0.0230928
0.0757903
0.0822305
0.101674
0.742418
0.0708184
0.289047
0.7014
0.311567
0.598579
0.641395
0.590948
0.721759
0.574614
0.668345
0.496393
0.47947
0.0212739
0.132924
0.280963
0.184888
0.327212
0.400622
0.284217
0.0384219
0.337211
0.0484062
0.292302
0.772352
0.574707
0.137218
0.239361
0.0527694
0.00138348
0.807401
0.19854
0.251133
0.44707
0.786252
0.44304
0.682088
0.250253
0.403114
0.368203
0.291353
0.0217676
0.50358
0.368293
0.010581
0.423111
0.541232
0.0298668
0.0783901
0.00790652
0.444616
0.0870146
0.518064
0.252438
0.869734
0.0433239
0.393585
0.0194367
0.574209
0.429525
0.830591
0.420266
0.00427486
0.695771
0.0589938
0.653579
0.247784
0.55082
0.378506
0.000493507
0.878415
0.123418
0.0682264
0.0240475
0.130307
0.6171
0.372081
0.143432
0.398452
0.247684
0.0707132
0.0178589
0.276444
0.180137
0.392572
0.251781
0.192847
0.0814529
0.632663
0.0835384
0.0184623
0.518252
0.684908
0.368409
0.0472671
0.807717
0.743963
0.0567853
0.0146084
0.374352
0.556091
0.804353
0.538761
0.497935
0.238551
0.114188
0.408253
0.446025
0.724268
0.594213
0.598851
0.657517
0.215523
0.265668
0.522942
0.202554
0.0614695
0.529603
0.117082
0.1696
0.670116
0.0156525
0.016526
0.343927
0.651753
0.653569
0.738126
0.700141
0.00153022
0.423058
0.539364
0.0172541
0.731956
0.232468
0.705588
0.657865
0.316663
0.482276
0.745501
0.678463
0.525145
0.0430182
0.307199
0.586332
0.517989
0.169998
0.249389
0.221512
0.635508
0.364292
0.450783
0.400084
0.600808
0.313267
0.678386
0.572419
0.513099
0.45977
0.609738
0.721093
0.612442
0.483199
0.119815
0.00587118
0.00764605
0.646635
0.354874
0.744328
0.420678
0.573034
0.344639
0.216599
0.476454
0.00273629
0.449309
0.749195
0.673806
0.553863
0.413512
0.369082
0.388294
0.0190035
0.300609
0.593529
0.551389
0.407062
0.624036
0.115416
0.660032
0.00768613
0.00691781
0.757596
0.0713146
0.490826
0.0401384
0.509255
0.689647
0.774492
0.488586
0.253364
0.00266199
0.266029
0.124652
0.639368
0.499737
0.204969
0.856987
0.00344138
0.053359
0.109477
0.644733
0.00442686
0.310696
3.91659e-06
0.0259393
0.662138
0.0913385
0.506191
0.284478
0.179471
0.827152
0.402453
0.0403751
0.369459
0.0531415
0.0234888
0.433116
0.00508338
0.568271
0.0178975
0.24539
0.572533
0.58981
0.682176
0.384066
0.685846
0.319501
0.13945
0.22544
0.262531
0.380815
0.00349809
0.567526
0.03018
0.431382
0.001964
0.757844
0.31642
0.25913
0.0425928
0.590204
0.0864813
0.154041
0.371101
0.652405
0.744425
0.716266
0.138356
0.462607
0.530014
0.0085404
0.337151
0.420406
0.135554
0.0619532
0.160634
0.362373
0.69119
0.0473524
0.781719
0.0790221
0.129701
0.131964
0.0156421
0.402745
0.00122651
0.151534
0.501717
0.37514
0.13025
0.448285
0.389896
0.599293
0.281799
0.731138
0.879271
0.486371
0.626766
0.778502
0.0126549
0.192867
0.782441
0.130272
0.0790437
0.00594537
0.484281
0.563536
0.717563
0.654639
0.0805746
0.617376
0.468574
0.0916331
0.714239
0.0755597
0.484611
0.0152977
0.444944
0.199793
0.435939
0.740435
0.0412882
0.523801
0.529504
0.442201
0.141893
0.249739
0.260559
0.640763
0.190155
0.293537
0.568175
0.604796
0.241594
0.49027
0.51437
0.319607
0.222866
0.934285
0.084795
0.150446
0.485925
0.200497
0.075772
0.562283
0.232704
0.0439002
0.338895
0.138593
0.217385
0.0298567
0.288793
0.200292
0.336448
0.00680726
0.0317536
0.212588
0.116848
0.411251
0.0549413
0.725861
0.0930179
0.906102
0.0845128
0.654337
0.233093
9.02927e-05
0.096621
0.477072
0.77421
0.644702
0.743734
0.469873
0.561439
0.260353
0.0859148
0.37223
0.163296
0.045119
0.435439
0.3707
0.032063
0.662783
0.722461
0.327808
0.294894
0.424711
0.069147
0.0672675
0.456294
0.557384
0.345239
0.734118
0.156862
0.322728
0.392289
0.69772
0.806728
0.454857
0.0321515
0.707092
0.574576
0.429443
0.0277807
0.323156
0.0226086
0.690662
0.799171
0.468188
0.0736075
0.320812
0.00331903
0.0443011
0.606695
0.417931
0.138247
0.354854
0.620347
0.468608
0.0047784
0.733773
0.764172
0.47897
0.0933819
0.558206
0.614213
0.0551382
0.145293
0.29845
0.295228
0.561709
0.059676
0.155428
0.449655
0.4345
0.142097
0.224955
0.0297809
0.154825
0.336719
0.315395
0.242227
0.410072
0.371334
0.697182
0.48206
0.317132
0.0032445
0.843923
0.510838
0.764609
0.0708796
0.071733
0.0205623
0.396663
0.155528
0.0778162
0.657571
0.119944
0.280356
0.560213
0.385867
0.520905
0.435192
0.631789
0.283149
0.510429
0.0116285
0.4416
0.155951
0.702123
0.0789599
0.608967
0.696549
0.536292
0.557116
0.511839
0.0844233
0.613591
0.215999
0.66771
0.64765
0.185532
0.109548
0.00879999
0.459431
0.212431
0.108258
0.805661
0.26419
0.813101
0.1497
0.0239045
0.17013
0.387972
0.712809
0.14917
0.28812
0.641656
0.160236
0.175398
0.654654
0.521719
0.623428
0.141459
0.584084
0.329541
0.0596241
0.237726
0.240053
0.19227
0.572796
0.901227
0.372273
0.312881
0.50817
0.660668
0.361178
0.0529168
0.0731152
0.190457
0.434622
0.0682141
0.25923
0.578645
0.838094
0.386227
0.0173892
0.526679
0.179889
0.373575
0.621719
0.154042
0.449812
0.0224238
0.62856
0.267516
0.0180968
0.147763
0.124432
0.0420163
0.00963908
0.468896
0.516065
0.333136
0.0119059
0.390207
0.556398
0.0114364
0.538385
0.411377
0.0778515
0.772184
0.0596716
0.222681
0.412743
0.114746
0.563179
0.310796
0.30596
0.5593
0.0186532
0.0412763
0.12563
0.31345
0.770493
0.588989
0.459861
0.418869
0.0322424
0.351826
0.417367
0.734513
0.661359
0.192513
0.174273
0.274577
0.600268
0.516051
0.175853
0.354183
0.391793
0.528622
0.171413
0.334898
0.375317
0.387508
0.605935
0.0031103
0.155603
0.413749
0.0202308
0.55116
0.901325
0.0205853
0.710414
0.668293
0.48833
0.228469
0.289294
0.57008
0.792493
0.256936
0.341522
0.714671
0.384202
0.0885815
0.187338
0.00812485
0.0659525
0.259317
0.695389
0.373206
0.0729186
0.726981
0.357278
0.000164242
0.603296
0.761755
0.521612
0.506526
0.424845
0.645598
0.687503
0.545194
0.578618
0.0295759
0.579701
0.0640666
0.242493
0.650933
0.605052
0.347555
0.109444
0.795244
0.457305
0.509257
0.0769957
0.357563
0.147102
0.032069
0.0222654
0.0628536
0.129256
0.291523
0.586458
0.00715238
0.594433
0.697966
0.0147113
0.619197
0.131484
0.434179
0.58839
0.776648
0.708132
0.08131
0.214474
0.263452
0.504
0.50487
0.79666
0.652546
0.00232142
0.284323
0.27684
0.311005
0.375841
0.57622
0.854775
0.0068242
0.124832
0.849385
0.00305861
0.00641843
0.378266
0.376985
0.610315
0.0993039
0.562428
0.394578
0.00922717
0.256805
0.15577
0.816681
0.364585
0.426556
0.354162
0.405624
0.00704149
0.0554354
0.272536
0.588784
0.401207
0.431944
0.183352
0.127056
0.0571544
0.436934
0.539443
0.147428
0.719392
0.769731
0.337024
0.0147144
0.677059
0.374573
0.517549
0.0066032
0.237368
0.198981
0.00767669
0.824327
0.296355
0.0896838
0.0282034
0.8569
0.285062
0.442754
0.501002
0.491703
0.212385
0.65715
0.240146
0.00346551
0.489513
0.551727
0.164524
0.449334
0.141988
0.822012
0.311001
0.0317091
0.23224
0.0308321
0.204408
0.328198
0.324114
0.426991
0.421966
0.316135
0.336542
0.792577
0.246076
0.388522
0.101893
0.0995788
0.1016
0.0354204
0.361306
0.556327
0.168059
0.472916
0.0266957
0.00531517
0.59997
0.656963
0.00537243
0.331001
0.230621
0.42447
0.479051
0.700511
0.704569
0.178793
0.223769
0.112313
0.759781
0.010585
0.358825
0.206978
0.0485198
0.451233
0.150752
0.591092
0.000199339
0.0646519
0.722206
0.360412
0.17417
0.799172
0.607925
0.691287
0.819957
0.807223
0.710785
0.430145
0.660953
0.440179
0.0107175
0.265963
0.279029
0.624861
0.370787
0.21576
0.00299684
0.877258
0.0265804
0.409127
0.188579
0.858551
0.665312
0.431555
0.0283482
0.504841
0.552922
0.817008
0.0400941
0.510661
0.336212
0.421649
0.692366
0.630825
0.0190951
0.0710102
0.18329
0.41248
0.379776
0.12278
0.000773165
0.309416
0.789501
0.102635
0.289772
0.144569
0.240159
0.377793
0.618363
0.109175
0.276393
0.111358
0.191883
0.0285993
0.323989
0.0020862
0.343362
0.12607
0.782369
0.00085241
0.0652061
0.254548
0.655825
0.0209681
0.663012
0.0114121
0.191255
0.47907
0.461246
0.0924207
0.172478
0.790745
0.506642
0.278955
0.584273
0.632912
0.106044
0.410663
0.0887375
0.0892463
0.0861581
0.0132695
0.283994
0.62007
0.339176
0.192916
0.150582
0.189628
0.431803
0.554885
0.556867
0.311082
0.502526
0.024341
0.638206
0.268688
0.374324
0.166959
0.327638
0.413332
0.474154
0.31978
0.418356
0.391224
0.786043
0.342256
0.618943
0.011847
0.615942
0.0174702
0.0995646
0.51779
0.636127
0.277518
0.665821
0.544727
0.00360878
0.397044
0.286668
0.0635948
0.180162
0.37281
0.392924
0.75001
0.354091
0.733363
0.318133
0.0432452
0.0108745
0.751115
0.450941
0.576669
0.177188
0.344109
0.263877
0.26864
0.802846
0.025239
0.574426
0.382263
0.084216
0.310058
0.38367
0.0860203
0.162056
0.569985
0.0867929
0.714547
0.168142
0.235871
0.354861
0.0345433
0.693606
0.528932
0.111455
0.527248
0.0544972
0.464162
0.749135
0.396808
0.765569
0.13136
0.384865
0.397664
0.315406
0.506544
0.0101116
0.178743
0.617868
0.147788
0.335427
0.356285
0.880174
0.0211638
0.369048
0.0188218
0.00674451
0.0652595
0.596111
0.234832
0.014536
0.784768
0.241556
0.290762
0.538933
0.603818
0.198262
0.858961
0.287123
0.0195538
0.022921
0.79327
0.37212
0.609744
0.339654
0.0684905
0.351782
0.665926
0.310536
0.520597
0.295509
0.109433
0.717483
0.0117152
0.503879
0.438966
0.247167
0.411368
0.693618
0.323492
0.307142
0.0295802
0.837131
0.372949
0.711053
0.0438626
0.240314
0.126392
0.478115
0.106235
0.124605
0.0928626
0.259939
0.61106
0.0980686
0.381
0.228642
0.346719
0.323663
0.439678
0.482105
0.215267
0.0548474
0.0219908
0.39303
0.665119
0.141287
0.268015
0.424467
0.0895606
0.202518
0.62934
0.345498
0.237081
5.67739e-05
0.151991
0.0373221
0.00420272
0.00613242
0.276738
0.0492859
0.185931
0.253634
0.443439
0.640002
0.666417
0.515496
0.302379
0.529124
0.0674789
0.152293
0.101276
0.0207473
0.28958
0.00256394
0.0111262
0.42432
0.00717061
0.083507
0.0835472
0.51617
0.364775
0.3133
0.449505
0.00561611
0.0609298
0.146524
0.133201
0.250705
0.412329
0.441268
0.789179
0.362583
0.646936
0.515073
0.0233037
0.804183
0.143144
0.64086
0.347374
0.737767
0.452899
0.292529
0.251752
0.3573
0.797613
0.712262
0.0250303
0.0184116
0.331856
0.191171
0.0125279
0.685204
0.251342
0.0256935
0.022853
0.4953
0.278316
0.155693
0.142689
0.0127955
0.83083
0.00911842
0.567913
0.252192
0.213942
0.565379
0.763652
0.209631
0.441557
0.423588
0.003353
0.659753
0.0912667
0.371851
0.225068
0.0184779
0.842693
0.191175
0.400819
0.0728278
0.0628408
0.673638
0.72276
0.488868
0.0397055
0.588083
0.105109
0.16275
0.526734
0.165452
0.1313
0.271113
0.279565
0.0129339
0.571045
0.601362
0.784249
0.105914
0.130914
0.0329801
0.0244385
0.164607
0.332209
0.106662
0.151363
0.616868
0.331824
0.18252
0.826091
0.351002
0.495779
0.0609174
0.36388
0.0485068
0.623664
0.735933
0.703698
0.243696
0.324259
0.826717
0.41559
0.249181
0.4366
0.362734
0.298427
0.265348
0.0255697
0.312578
0.149297
0.127978
0.66744
0.716598
0.074225
0.419435
0.0145017
0.300241
0.23159
0.0238266
0.499082
0.119361
0.290278
0.414846
0.00950264
0.325073
0.708996
0.142813
0.0201486
0.291558
0.310714
0.430865
0.255167
0.792871
0.440248
0.0983525
0.000548631
0.714009
0.299221
0.230465
0.468316
0.212565
0.543063
0.033757
0.69886
0.108408
0.286187
0.17154
0.430586
0.90062
0.121106
0.467814
0.424349
0.033208
0.151388
0.59392
0.667123
0.529732
0.357138
0.621791
0.0273451
0.124299
0.467393
0.00904235
0.573215
0.709527
0.846419
0.121113
0.126902
0.00208415
0.111304
0.479888
0.650939
0.665811
0.471848
0.0102757
0.514917
0.585407
0.126105
0.615852
0.813712
0.619057
0.224176
0.0468499
0.150024
0.0435083
0.0282778
0.0184498
0.520753
0.445372
0.155264
0.0163757
0.469194
0.452392
0.0651347
0.00572494
0.0358922
0.36205
0.348202
0.169632
0.73372
9.71227e-05
0.697765
0.0710943
0.181783
0.145075
0.0262876
0.0986171
0.00251776
0.370941
0.297637
0.4302
0.266154
0.608121
0.380514
0.142089
0.354297
0.382215
0.352701
0.559791
0.0354018
0.123442
0.603432
0.0314636
0.695991
0.760354
0.420881
0.474604
0.0416607
0.485452
0.493731
0.618181
0.676859
0.281308
0.228401
0.43779
0.526261
0.822621
0.491245
0.540351
0.171857
0.340277
0.503413
0.539201
0.773882
0.20226
0.513716
0.00763209
0.450871
0.446129
0.506012
0.0508894
0.0557547
0.0246216
0.0204386
0.579959
0.555241
0.61556
0.259634
0.496377
0.896575
0.498136
0.277482
0.775856
0.750993
0.115816
0.00198551
0.784173
0.374117
0.189183
0.00639651
0.398347
0.388341
0.0274089
0.131362
0.216634
0.0614034
0.460087
0.374504
0.406751
0.291853
0.521621
0.630975
0.00844676
0.23404
0.0327329
0.305927
0.35191
0.33792
0.367566
0.314782
0.298933
0.00258948
0.649841
0.482105
0.309921
0.0905597
0.453814
0.0826322
0.32238
0.0337313
0.577917
0.356391
0.387235
0.113461
0.742725
0.0245879
0.625773
0.234951
0.69329
0.700454
0.310731
0.0110066
0.366259
0.0891285
0.0129201
0.519486
0.617702
0.747957
0.275128
0.130668
0.0229138
0.02075
0.787621
0.793129
0.524183
0.0248532
0.0716401
0.0143478
0.39262
0.345085
0.158963
0.383146
0.022295
0.225853
0.33946
0.153779
0.365041
0.149045
0.303759
0.497407
0.00275827
0.236374
0.078237
0.707586
0.261158
0.175431
0.316068
0.00237271
0.276292
0.00455105
0.930702
0.713269
0.341557
0.142918
0.239463
0.852233
0.393002
0.598555
0.527904
0.0503396
0.0304769
0.0534172
0.52154
0.00640653
0.226557
0.058912
0.171218
0.00167982
0.518665
0.319744
0.297668
0.6901
0.0569404
0.638112
0.468227
0.112053
0.0100664
0.0773361
0.524671
0.176873
0.122461
0.532295
0.73312
0.0433631
0.0176907
0.515314
0.207127
0.000966609
0.579471
0.500633
0.381207
0.427634
0.222111
0.286506
0.081326
0.00363891
0.610278
0.609545
0.544769
0.742903
0.327992
0.842067
0.62775
0.240129
0.582616
0.27605
0.00950343
0.748612
0.164998
0.0168806
0.0453611
0.498807
0.0895992
0.00214699
0.0329176
0.451052
0.402943
0.838665
0.0070826
0.263256
0.247309
0.0363485
0.467074
0.0101875
0.144191
0.720186
0.23625
0.0433651
0.686614
0.00654289
0.294788
0.472734
0.723962
0.0838655
0.193597
0.871899
0.522043
0.125439
0.651176
0.314029
0.012108
0.797184
0.360856
0.318034
0.379202
0.0031587
0.0545916
0.44413
0.748551
0.348609
0.00630273
0.261811
0.28098
0.175902
0.575735
0.434119
0.127068
0.00328861
0.411062
0.371279
0.318575
0.500893
0.0380675
0.155407
0.187505
0.313972
0.113928
0.289768
0.305451
0.00889598
0.485963
0.663105
0.0456028
0.693339
0.340411
0.137652
0.194237
0.270291
0.490518
0.140897
0.104081
0.292488
0.40666
0.329536
0.125373
0.36384
0.758015
0.317786
0.188134
0.722648
0.158255
0.383604
0.0603668
0.0830554
0.479907
0.0314196
0.548256
0.0196075
0.393257
0.603083
0.781894
0.606836
0.517213
0.400909
0.839217
0.5985
0.143186
0.152234
0.0861297
0.00852284
0.640703
0.502366
0.505456
0.173531
0.000700955
0.334694
0.604071
0.76966
0.109104
0.131308
0.668169
0.0371199
0.531367
0.00859298
0.578585
0.668124
0.641389
0.0511392
0.734748
0.679096
0.513155
0.433602
0.77176
0.346449
0.0190957
0.0655835
0.304421
0.613878
0.16276
0.232223
0.534276
0.405979
0.145904
0.19938
0.340814
0.739744
0.716562
0.930924
0.554076
0.0292268
0.554052
0.823187
0.507241
0.418627
0.205129
0.257593
0.398505
0.103561
0.00103633
0.0511471
0.660498
0.132427
0.529348
0.0848036
0.00653405
0.677355
0.132058
0.370778
0.184085
0.703395
0.082443
0.67274
0.720051
0.309653
0.672588
0.608371
0.116139
0.401126
0.164623
0.245877
0.480311
0.706879
0.502457
0.00335244
0.602261
0.707416
0.255923
0.810667
0.622481
0.555839
0.439212
0.022644
0.134786
0.154376
0.202588
0.0208949
0.606418
0.264759
0.0212034
0.652623
0.289919
0.0374442
0.448472
0.335743
0.483088
0.326221
0.0706523
0.787936
0.00408344
0.000322469
0.318506
0.228865
0.135916
0.475553
0.0759109
0.436598
0.396522
0.469122
0.460692
0.327538
0.311789
0.13012
0.355873
0.142184
0.523152
0.0255511
0.372919
0.587888
0.340038
0.426121
0.243315
0.157654
0.328871
0.504563
0.676137
0.265771
0.410132
0.514932
0.0186508
0.451395
0.101868
0.0116629
0.262107
0.283516
0.300674
0.0773866
0.700384
0.481841
0.781816
0.104429
0.132215
0.623563
0.372246
0.787427
0.768964
0.275338
0.115693
0.814303
0.435731
0.562898
0.011349
0.693692
0.365077
0.413256
0.540258
0.346521
0.160137
0.282355
0.648396
0.333703
0.103069
0.0843571
0.760333
0.667682
0.797093
0.563664
0.170498
0.0138785
0.538418
0.160904
0.0191449
0.263385
0.537329
0.715598
0.343836
0.00550867
0.58202
0.545333
0.592567
0.335496
0.258861
0.687999
0.000398024
0.126645
0.442654
0.00205454
0.463702
0.598671
0.412135
0.227335
0.0519451
0.119349
0.0802674
0.130002
0.0313967
0.111458
0.677381
0.472696
0.296332
0.00964707
0.0710445
0.0814872
0.141425
0.742539
0.766441
0.341942
0.218852
0.603665
0.883329
0.651154
0.552101
0.817752
0.331391
0.699936
0.0449931
0.322641
0.00880619
0.0946371
0.581971
0.0591952
0.0042481
0.243821
0.202507
0.279064
0.145287
0.584823
0.0100067
0.391495
0.885694
0.419551
0.152799
0.0517246
0.48199
0.0686022
0.91123
0.592616
0.169208
0.114312
0.197257
0.179459
0.00171726
0.37304
0.689429
0.0733608
0.137283
0.0413685
0.197731
0.412014
0.320646
0.652549
0.29707
0.0868904
0.850747
0.613979
0.709936
0.12578
0.00454122
0.709697
0.154017
0.105945
0.0887149
0.394976
0.341201
0.706781
0.439382
0.184607
0.316516
0.540754
0.511831
0.620243
0.311838
0.180086
0.193791
0.00208123
0.286752
0.201665
0.123571
0.189137
0.218679
0.394187
0.563189
0.700753
0.0911684
0.229036
0.0562995