0.329891
0.00425088
0.207286
0.334336
0.0560998
0.350472
0.348943
0.533263
0.379637
0.304917
0.309354
0.000175704
0.730046
0.212414
0.000239909
0.403999
0.0311928
0.077167
0.00141761
0.00368283
0.545971
0.256086
0.355064
0.00859202
0.16423
0.338444
0.267215
0.171281
0.228966
0.0270241
0.60119
0.0491531
0.449627
0.269411
0.00093672
0.653125
0.325468
0.220201
0.000293738
0.000545774
0.445481
0.000502888
0.387127
0.00226957
0.0141456
0.00883566
0.360938
0.580122
0.136695
0.398071
0.286116
0.112386
0.729379
0.37242
3.10228e-05
0.00472863
0.299951
0.708861
0.494817
0.753593
0.0129835
0.328731
0.184122
0.068662
0.0902114
0.113305
0.339893
0.207988
0.380991
0.665414
0.484684
0.581457
0.00015935
0.000839439
0.676
0.0443954
0.38511
0.242053
0.297181
0.0120507
0.00149464
0.0523986
0.00628286
0.123966
0.513115
0.257225
0.787535
0.824673
0.026587
0.00134936
0.0969927
0.402939
0.0030283
0.0343172
0.0821756
0.421711
0.187306
0.427857
0.0947903
0.250372
0.0706107
0.180301
0.0141638
0.0895243
0.000876088
0.140819
0.574063
0.00291648
0.057689
0.255475
0.764755
0.384637
0.111897
0.0159972
0.531574
0.639338
0.0678758
0.715618
0.569368
0.313164
0.0230764
0.543642
0.139722
0.0193834
0.0100064
0.337426
0.0350877
0.195283
0.481676
0.246513
0.100569
0.0111213
0.0480495
0.0018251
0.367001
0.300259
0.29899
0.0224379
0.0524013
0.122454
0.206169
0.0142159
0.0741404
0.284089
0.00383612
0.599066
0.0285862
0.535052
0.189771
0.438981
0.0959271
0.0871227
0.444425
0.65834
0.0489236
0.0710278
0.253452
0.0272578
0.556921
0.0977688
0.268231
0.00164422
0.826906
0.328315
0.177102
0.620594
0.00177077
0.483973
0.322085
0.535222
0.0591534
0.72924
0.0714872
0.0127394
0.066677
0.00125014
0.378936
0.070968
0.461484
0.288772
0.60563
0.204187
0.000237291
0.513337
0.634242
8.34248e-05
0.224255
0.33011
0.212235
0.356185
0.341471
0.00219585
0.851114
0.334109
0.0455982
0.504949
0.0177845
0.240282
0.580767
0.0831364
0.426315
0.521776
0.00100478
0.345455
0.0324036
0.0723938
0.504768
0.0335465
0.0277903
0.00941116
0.542714
0.719138
0.0772444
0.201243
0.522585
0.377681
0.0672661
0.0022701
0.176742
0.381772
0.251267
0.719174
0.00135552
0.74942
0.69236
0.295011
0.796878
0.533023
0.124686
0.477443
0.116705
0.0441371
0.622358
0.145896
0.00802012
0.00401073
0.434927
0.788145
0.474001
0.363233
0.0001144
0.0456377
0.243283
0.0671073
0.0639607
0.147382
0.0423912
0.14729
0.0243839
0.222193
0.287917
0.30519
0.0986441
0.327831
0.831051
0.504057
0.252148
0.327967
0.0891914
0.0446116
0.418229
0.249402
0.381746
0.603032
0.345963
0.461567
0.835601
0.0112519
0.146962
0.666563
0.397937
0.438561
0.0150188
0.269516
0.00122178
0.503004
0.170366
0.34146
0.694746
0.540163
0.141979
0.179833
0.0931828
0.00628138
0.2305
0.00429568
0.0091275
0.121467
0.101085
0.0616472
0.0042258
0.00135976
0.0433014
0.315588
0.30295
0.494269
5.02229e-05
0.375417
0.162901
0.00405788
0.00869398
0.0354557
0.278095
0.243313
0.133767
0.401001
0.434655
0.00668306
0.280983
0.0992993
0.316252
0.00202153
0.0931295
0.745377
0.67701
0.322683
0.684557
0.120186
0.0334642
0.0250766
0.23059
0.429242
0.0387966
0.695427
0.702446
0.205878
0.0380583
0.0322411
0.10519
0.00608464
0.163047
0.0150179
0.329328
0.0223974
0.0435329
0.329516
0.0326892
0.00764167
0.303348
0.0869596
0.445948
0.08936
0.0601103
0.560999
0.369653
0.149629
0.293504
0.0934999
0.00532472
0.00409358
0.0460934
0.00139214
0.0421693
0.0296135
0.470242
0.145977
0.692308
0.0364297
0.101544
0.250427
0.105794
0.194411
0.000117009
0.341106
0.00230208
0.39309
0.789362
0.927879
0.354455
0.123965
0.555958
0.017718
0.00131109
0.734093
0.0813598
0.0826942
0.632869
0.451322
0.153433
0.0467136
0.00778412
0.0815321
0.0167003
0.519716
0.196346
0.309767
0.00998902
0.578457
0.396947
0.272213
0.00898359
0.0119775
0.186671
0.323407
0.580603
0.0597349
0.162018
0.511968
0.457312
0.647375
0.00645725
0.226856
0.249246
0.0082536
0.000505196
0.363233
0.0251541
0.44453
0.000134263
0.509251
0.413106
0.112958
0.549502
0.00917669
0.0693287
8.22701e-05
0.484038
0.412822
0.669225
0.0170509
0.457113
0.464744
0.0561288
0.638855
0.331863
0.0101076
0.355557
0.852046
0.699202
0.0587858
0.445362
0.49369
0.122864
0.350295
0.548982
0.0914996
0.630483
0.186246
0.215488
0.553197
0.0153621
0.426942
0.00219301
0.364086
0.557124
0.0501724
0.670539
0.148577
0.0588957
0.198728
0.609545
0.0899877
0.394952
0.715609
0.0504071
0.5135
0.522628
0.137648
0.709708
0.707445
0.34872
0.271907
0.142564
0.617597
0.144498
0.0274618
0.231805
0.154023
0.509704
0.0591888
0.377558
0.0386293
0.000185916
0.304958
0.385747
0.0399305
0.510287
0.55186
0.17537
0.308246
0.459752
0.00242871
0.000604845
0.756139
0.228944
0.261067
0.0183723
0.0201361
0.527196
0.0955415
0.000428799
0.444704
0.0480009
0.00459652
0.151839
0.000170319
0.217635
0.313846
0.0190243
0.22857
0.476178
0.180728
0.15728
0.496013
0.0040081
0.0593805
0.315733
0.0173636
0.621819
0.221055
0.0574478
0.00226539
0.000582901
0.0612763
0.0753367
0.0790592
0.0172673
0.00630745
0.467671
0.0206555
0.290353
0.00298896
0.203082
0.0575257
0.150637
0.544747
0.729652
0.0603106
0.776138
0.0349828
0.0741496
0.52071
0.144582
0.0202755
0.0185238
0.0298095
0.0415296
0.243367
0.473219
0.543609
0.00128046
0.527269
0.0385352
0.0202861
0.000816763
0.0111072
0.0387566
0.238902
0.12409
0.29828
0.230205
0.45402
0.00579424
0.112428
0.0215952
0.466468
0.238739
0.314334
0.0529721
0.000117688
0.0221712
0.0933436
0.0400574
0.660368
0.0888287
0.35886
0.139806
0.798379
0.678221
0.129191
0.396852
0.0472535
0.0431669
0.288542
0.353331
0.155695
0.000927234
0.204149
0.00529186
0.214753
0.119332
0.704337
0.228381
0.907766
0.0217156
0.351108
0.426505
0.304733
0.000138715
0.00229706
0.131463
0.100584
0.00381345
0.0209625
0.302729
0.517584
0.179186
0.65796
0.486688
0.0390849
0.216906
0.128682
0.377751
0.00060582
0.000165273
0.00244194
0.679188
0.662183
0.0713718
0.000293277
0.00508627
0.242232
0.00285616
0.000929817
0.0106298
0.587866
0.208088
0.409855
0.529765
0.0711744
0.184828
0.634699
0.0334732
0.442122
0.0119625
0.000454115
0.0441984
0.48282
0.0172247
0.692895
0.505706
0.343309
0.165214
0.10938
0.279561
0.445632
0.00280122
0.796325
0.469547
0.561309
0.506984
0.13524
0.664972
0.00397487
0.28558
0.194763
0.535606
0.725107
0.498262
0.090434
0.0916834
0.48355
0.112033
0.707617
0.128865
0.767963
0.056281
0.642118
0.695325
0.273848
0.194421
0.434011
0.000655334
0.357867
0.0446868
0.548412
0.00463796
0.197001
0.293256
0.370956
0.00189958
0.46937
0.810921
0.143608
0.632458
0.623405
0.413059
0.162604
0.897379
0.294606
0.210332
0.000699397
0.785769
0.395728
0.0112121
0.510923
0.0843797
0.390497
0.39706
0.57011
0.422474
0.0557507
0.106284
0.0110618
0.000344281
0.00934397
0.245771
0.0806259
0.0168477
0.224469
0.0598193
0.0119904
0.470221
0.0212776
0.554901
0.491477
0.119006
0.435369
0.140822
0.000430697
0.548797
0.245398
0.0109295
0.0465461
0.0900304
0.39899
0.353469
0.801513
0.579026
0.283081
0.506154
0.00334867
5.10927e-05
0.00528447
0.0124604
0.748639
0.0138469
0.488475
0.365103
0.0742979
0.271465
0.306947
0.00692598
0.0218285
0.594711
0.531884
0.660059
0.614632
0.0453413
0.144494
0.365499
0.00582099
0.0875051
0.00518286
0.571323
0.0229915
0.795792
0.001238
0.121565
0.392293
0.0447836
0.166592
0.474137
0.00433085
0.0055436
0.745487
0.0289717
0.000822087
0.00595849
0.00359881
0.639718
0.281075
0.16773
0.391023
0.00301752
0.0101265
0.498007
0.388746
0.184239
0.46965
0.7624
0.326254
0.0896542
0.381218
0.135991
0.25907
0.727142
0.00306585
0.0216893
0.32054
0.0168391
0.0331414
0.025567
0.0469055
0.0225691
0.579562
0.0894663
0.325342
0.780493
0.0128541
0.100168
0.00360349
0.736337
0.486558
0.307803
0.311828
0.555666
0.590078
0.403324
0.731078
0.00261478
0.000221831
0.218903
0.00355769
0.575554
0.67151
0.204728
0.313985
0.435126
0.528586
0.405096
0.134223
0.119346
0.0718864
0.22217
0.000662401
0.0618722
0.253528
0.804101
0.609614
0.787533
0.25451
0.076772
0.00707924
0.0395227
0.559209
0.328369
0.00261184
0.402338
0.702239
0.452901
0.33458
0.0521691
0.0975282
0.343936
0.814471
0.278864
0.496695
0.425672
7.42039e-05
0.0017988
0.124939
0.000154483
0.031304
0.150711
0.602587
0.443671
0.0254996
0.112466
0.0392116
0.590901
0.0729659
0.0443777
0.0255095
0.0100405
0.397245
0.144644
0.515627
0.0271538
0.00279299
0.185411
0.271941
0.250649
0.610162
0.0199439
0.0301573
0.756165
0.210441
0.0826074
0.160274
0.326323
1.63979e-05
0.588281
0.0430998
0.130064
0.00326436
0.040709
0.077457
0.656047
0.157278
0.000383316
0.414905
0.789766
0.174253
0.293613
0.257269
0.244036
0.274327
0.428852
0.427167
0.244948
0.370504
0.360828
0.249604
0.0229283
0.216285
0.166549
0.0392491
0.454651
0.252294
0.599966
0.0751904
0.000737984
0.0376007
0.594996
0.215797
0.0515029
0.0720391
0.003473
0.00375144
0.420521
0.0273015
0.853625
0.475592
0.825848
0.00775906
0.756256
0.0279626
0.00309797
0.360868
0.234334
0.000265493
0.359375
0.424703
0.459872
0.331101
0.447572
0.39865
0.0908896
0.264252
0.267317
0.0772824
0.598632
0.625171
4.1972e-05
0.544229
0.0244121
0.0540557
0.132585
0.488851
0.00743806
0.595645
0.12027
0.699607
0.206666
0.183066
0.262342
0.0320697
0.778987
0.043572
0.173688
0.00736115
0.133394
0.753502
0.240532
0.00311258
0.517732
0.494657
0.0151419
2.2276e-06
0.120971
0.654676
0.0344552
0.0236954
0.240711
0.584859
0.536155
0.316825
0.00289715
0.105212
0.08693
0.290326
0.43743
0.0122124
0.431142
0.0127748
0.461691
0.00207172
0.0883698
0.0582477
0.0313253
0.205604
0.397756
0.0656317
0.00710404
0.0135597
0.69736
0.00756639
0.497485
0.518701
0.000380621
0.244868
0.00180744
0.220634
0.489515
0.347691
0.0375895
0.030336
0.00267536
4.21026e-05
0.0406866
0.341931
0.0728953
0.0263916
0.030958
0.0473422
0.060023
0.379192
0.811357
0.391264
0.00486266
0.000287368
0.651438
0.0325939
0.543715
0.0286575
0.018976
0.00592081
0.0552424
0.817104
0.0213713
0.067916
0.696038
0.305359
0.487365
0.472219
0.436823
0.226418
0.0511082
0.00109682
0.0282979
0.302409
0.67764
0.208887
0.341673
0.789103
0.54295
0.0241161
0.0167516
0.425708
0.711562
0.00608254
0.696413
0.529912
0.000146169
0.0599978
0.0210775
0.0527543
0.00237375
0.107304
0.608381
0.678819
0.0294583
0.100697
0.0439983
0.0229538
0.300211
0.851257
0.467991
0.0485053
0.00430934
0.356412
0.271215
0.0883775
0.830217
0.310186
0.167661
0.0429491
0.00241944
0.0142685
0.283177
0.000204484
0.0277069
0.003897
0.425043
0.0605087
0.254529
0.00268768
0.0261317
0.206741
0.00495183
0.0216715
0.295588
0.130374
0.306359
0.22671
0.110283
0.0567465
0.235787
0.00110064
0.386359
0.00158162
0.38019
0.572438
0.62654
0.286922
0.0123064
0.0102359
0.000645833
0.0176251
0.205958
0.00534062
0.000617226
0.424522
0.212468
0.336436
0.00330721
0.00679322
0.257748
0.37649
0.0669321
0.00219018
0.760224
0.0669307
0.058293
0.000509119
0.0581749
0.110919
0.459677
0.000113069
0.471193
0.590554
0.0381289
0.171294
0.279876
0.00421464
0.311064
0.000105689
0.297206
0.529683
0.303699
0.031572
0.416986
0.452941
0.416528
0.0778218
0.110982
0.622416
0.516196
0.0132798
0.0049301
0.0608013
0.000122468
0.017515
0.251197
0.558656
0.331675
0.529467
0.00334116
0.0937036
0.172722
0.147472
0.432504
0.0324244
0.156969
0.745729
0.273443
0.524174
0.00805372
0.073814
0.0225804
0.307215
0.00568139
0.392369
0.0016858
0.490292
0.605439
0.507665
0.313404
0.185738
0.0990498
0.0182666
0.466949
0.0726069
0.128001
0.00108997
0.00347021
0.314205
0.182551
0.0632303
0.339079
0.683394
0.000726991
0.218877
0.119379
0.39751
0.474795
0.0374293
0.0252706
0.226248
0.0141008
0.2519
0.336944
0.57218
0.748145
0.0796796
0.0316941
0.00589106
0.0198558
0.591792
0.0718016
0.332382
0.0629286
0.310469
0.010066
0.122294
0.017907
0.159366
0.762953
0.237385
0.00438014
0.316026
0.271894
0.00770707
0.0071836
0.00794028
0.17816
0.66303
0.00996042
0.0914629
0.838815
0.151556
0.213914
0.362494
0.450281
0.285901
0.00942145
0.425873
0.65037
0.00609199
0.32459
0.0143137
0.207935
0.38022
0.00703725
0.145959
0.571689
0.344326
0.00551221
0.397373
0.33162
0.476615
0.656835
0.000670957
0.382126
0.126042
0.0146205
0.677728
0.714609
0.0946489
0.0706323
0.46174
0.0206216
0.0156462
0.0787969
0.351583
0.090297
0.0339695
0.546587
1.76751e-05
0.0656894
0.50729
0.00970975
0.164051
0.019984
0.250158
0.313059
0.144601
0.188827
0.334651
0.277152
0.00347074
0.54325
0.386173
0.0693124
0.327211
0.38787
0.169418
0.0653342
0.471669
0.538682
0.00218082
0.0262471
0.53396
0.240967
0.76419
0.0375256
0.0334108
0.00409826
0.0146149
0.226609
0.0325874
0.753109
0.479022
0.286974
0.00276568
0.114938
0.332949
0.000181169
0.239029
0.662509
0.00137695
0.531333
0.340656
0.290806
0.0561049
0.558319
0.319851
0.634773
0.0758252
0.103024
0.00124263
0.138699
0.000267984
0.0668299
0.468809
0.00819937
9.39331e-05
0.375741
0.0589234
0.119661
0.431303
0.684655
0.263148
0.259539
0.148181
0.193748
0.00201621
0.464181
0.304941
0.655961
0.434981
0.0912456
0.691067
0.172663
0.023368
0.0839283
0.175628
0.00132813
0.510993
0.143288
0.0394848
0.693703
0.342421
0.3639
0.439819
0.831507
0.0151966
0.452983
0.000662512
0.584772
0.004431
0.187415
0.765436
0.0103872
0.745093
0.58149
0.0246305
0.020092
0.000870544
0.0516463
0.170108
0.00254943
0.0133798
0.0273389
0.113173
0.00467205
0.0113834
0.466172
0.00115068
0.0364165
0.0470278
0.168307
0.342861
0.0699324
0.326183
0.309086
0.453869
0.000939856
0.140549
0.795316
0.152327
0.284747
0.0158243
0.0977444
0.138322
0.0508566
0.00240859
0.460898
0.452441
0.00549735
0.637658
0.00198504
0.612968
0.62148
0.303623
0.0281525
0.206289
0.569769
0.155769
0.210941
0.278318
0.108466
0.438296
0.00913758
0.560099
0.0941312
0.036073
0.209088
0.153467
0.00623664
0.0398709
0.0141067
0.346871
0.0041522
0.25753
0.549726
0.275637
0.38594
6.61862e-05
0.380839
0.0358579
0.0813305
0.415352
0.248086
0.458785
0.0178006
0.348187
0.151487
0.59883
0.357869
0.410667
0.000298931
0.117618
0.557892
0.419993
0.520299
0.0370201
0.169978
0.407198
0.253913
0.263678
0.354116
0.77997
0.0998125
0.289568
0.397482
0.000744286
0.295922
0.000236201
0.0385575
0.309121
0.0812498
0.701977
0.1947
0.571564
0.668163
0.000514061
0.295466
0.00608477
0.0192042
0.185794
0.474221
0.279199
0.103165
0.389556
0.0883431
0.104493
0.338816
0.46695
0.250847
0.244054
0.072508
0.000106735
0.393633
0.00741129
0.00475014
0.298173
0.423041
0.480823
0.555086
0.00538529
0.438671
0.000705247
0.334273
0.351664
0.0383334
0.180903
0.00160458
0.0924393
0.00298899
0.766313
0.407674
0.537691
0.870375
0.163844
0.437023
0.00294174
0.207977
0.00678976
0.00133368
0.673338
0.0163299
0.578581
0.31579
0.16552
0.0502255
0.574277
0.00105856
0.473519
0.00705817
0.0154381
0.00540733
0.553007
0.392027
0.296806
0.460729
0.00422441
0.261284
0.0206059
0.165185
0.316136
0.166759
0.097779
0.279814
0.63228
0.242718
0.259065
0.00364441
0.346741
0.646686
0.113889
0.0524013
0.400336
0.0701613
0.23488
0.577541
0.201627
0.818317
0.0386124
0.000228148
0.0701264
0.0204637
0.0374032
0.31861
0.467816
0.0449815
0.347066
0.313426
0.279249
0.195084
0.0273538
0.258117
0.21965
0.527737
0.169311
0.060737
0.000197696
0.313489
0.262434
0.0718491
0.0730079
0.00214007
0.00249309
0.1578
0.126703
0.334008
0.594432
0.143154
0.218106
0.312322
0.269665
0.397119
0.169407
0.65352
0.181501
0.658417
0.661865
0.0147203
0.174433
0.172232
0.572479
0.0134459
0.685581
0.498365
0.199216
0.00037361
0.326379
0.0700172
0.174003
0.59872
0.160546
0.663496
0.159067
0.577891
0.486333
0.272619
0.254637
0.0447274
0.0260159
0.382586
0.0279039
0.0342674
0.43446
0.00502439
0.604356
0.608196
0.599718
0.147986
0.488003
0.869617
0.0128295
0.470147
0.0270069
0.0019336
0.0401443
0.118526
0.00657748
0.485972
0.0608526
0.446567
0.440385
0.763034
0.429952
0.215366
0.426074
0.637228
0.00706032
0.5803
0.0676684
0.0527328
0.277099
0.448132
0.352428
0.0716886
0.011193
0.423231
0.541808
0.406666
0.00960833
0.505385
0.110198
0.114799
0.000760011
0.606905
0.267194
0.0435441
0.00977183
0.0179714
0.183917
0.000970366
0.301408
0.141346
0.0243149
0.151117
1.6265e-06
0.184619
0.00210978
0.307644
0.0785974
0.182671
0.0248402
0.61131
0.259973
0.137092
0.00847882
0.157178
0.113839
0.348667
0.298047
0.481687
0.00949156
0.0126222
0.359734
0.0997665
0.570741
0.00266216
0.000947133
0.00922113
0.118336
0.0461703
0.697458
0.00448968
0.211674
0.124283
0.64361
0.321343
0.244527
0.1094
0.577954
0.604595
0.00133376
0.0713634
0.00502756
0.00423586
0.0170777
0.531344
0.103769
0.0956401
0.0039571
0.30862
0.130803
0.0757201
0.0697078
0.408625
0.187897
0.010599
0.0124042
0.749769
0.0867775
0.504984
0.0150024
0.125757
0.420665
0.41367
0.428597
0.00491465
0.0437358
0.556429
0.131961
0.412546
0.847898
0.161939
0.78053
0.667814
0.0958024
0.176971
0.423499
0.517592
0.000465812
0.841401
0.374336
0.0430972
0.150374
0.198906
0.27453
0.689643
0.533592
0.567368
0.610679
0.210409
0.624918
3.14232e-05
0.000900532
0.037555
0.0246733
0.469812
0.425647
0.09818
0.47857
0.232199
0.00522094
0.216411
0.37079
0.115155
0.433996
0.604066
0.418013
0.0122939
0.443222
0.193683
0.0358521
0.480563
0.241914
0.490021
0.832981
0.355715
0.283502
0.302871
0.332891
0.208918
0.302928
0.414896
0.271066
0.232769
0.0330547
0.526296
0.349963
0.0100595
0.0700697
0.0789279
0.000477986
0.610745
0.00595209
0.0076848
0.268254
0.00999242
0.758346
0.652634
0.137778
0.606151
0.502069
0.00024334
0.319506
0.564801
0.153644
0.365921
0.0158078
0.689839
0.564947
0.492805
0.000889194
0.168196
0.38054
0.855867
0.000939262
0.228149
0.694992
0.00520664
0.00129906
0.0115265
0.135677
0.115597
0.660987
0.358422
0.00133343
0.348167
0.104016
0.171655
0.0533226
0.0106972
0.736989
0.597055
0.719129
0.0133881
0.000310774
0.00255517
0.121479
0.553913
0.607921
0.302992
0.107856
0.114238
3.59688e-06
0.0874644
0.760962
0.243192
0.581228
0.831023
0.000319611
0.587285
0.404268
0.0962195
0.00229046
0.00411544
0.303332
0.102269
0.35913
0.0740739
0.000218134
0.804789
0.271232
0.612977
0.000386341
0.471276
0.015239
3.50869e-05
0.0016336
0.716335
0.0110411
0.551431
0.306938
0.647418
0.407315
0.029235
0.0339402
5.98976e-06
0.566601
0.060383
0.0193842
0.0731924
0.417924
0.466097
0.141816
0.000508824
0.103774
0.132977
0.131081
0.0720075
0.0113453
0.0523723
0.0341634
0.0717779
0.610667
0.404787
0.776633
0.584647
0.64172
0.057493
0.00434378
0.612288
1.81281e-05
0.677255
0.00292198
0.0322439
0.573362
0.309525
0.126476
0.774664
0.00412527
0.000188665
0.0288332
0.0652053
0.0209531
0.0716773
0.704148
0.748354
0.183841
0.319899
0.472396
0.517579
0.344076
0.197551
0.261787
0.0264727
0.00345734
0.753102
0.00833493
0.18624
0.234572
0.0036474
0.410471
0.0478781
0.130031
0.658359
0.0706361
0.215864
0.36279
0.27239
0.244162
0.0580674
0.0302298
0.539637
0.156018
0.310793
0.539643
0.481317
0.463912
0.300592
0.744862
0.31902
0.466801
0.147554
0.0026021
0.731958
0.278258
0.0109522
0.611843
0.242838
0.532055
0.480812
0.0384434
0.134926
0.574984
0.653186
0.377988
0.0754101
0.842749
0.64764
0.522109
0.139415
0.341901
0.0113376
0.0521587
0.122585
0.0996452
0.00170358
0.030124
4.27145e-06
0.432057
0.375009
0.406094
0.247375
0.210788
0.00127975
0.78696
0.153848
0.223943
0.0705724
0.422977
0.270867
0.701173
0.0227504
0.755404
0.0975078
0.350211
0.320757
0.00366052
0.0208529
0.295605
0.30284
0.000418291
0.0656278
0.28554
0.0903446
0.0325575
0.259028
0.267342
0.526824
0.00302162
0.100197
0.664549
0.711902
0.398799
0.0504207
0.184343
0.000949495
0.0280668
0.010291
0.0159025
0.64095
0.448408
0.0115654
0.647546
0.00953579
0.577719
0.0432845
0.561159
0.0722185
0.719148
0.005402
0.123579
0.3563
0.395534
0.189052
0.0347105
0.229761
0.8403
0.076273
0.114635
0.185873
0.00503339
0.845778
0.356566
0.440777
0.256465
0.330012
0.501515
0.71472
0.379156
0.0104135
0.229333
0.00107761
0.0882686
0.473995
0.00612848
0.545426
0.0763464
0.00130216
0.549676
0.0162773
0.110619
1.71176e-06
0.0502999
0.192839
0.0158508
0.0439653
0.013031
0.176534
0.315623
0.310847
0.558763
0.563348
0.0108512
0.000270206
0.676292
0.304485
0.182349
0.230222
0.327298
0.00667787
0.0581441
0.866744
0.0567254
0.000444266
0.374868
0.10855
0.0963862
0.605544
0.169838
0.321805
0.349273
0.00224378
0.778743
0.00197299
0.31442
0.427765
0.59371
0.154688
0.0142624
0.190069
0.638271
0.0487586
0.000523123
0.0364044
0.141108
0.282272
0.0504619
0.583824
0.0285363
0.0227877
0.0726026
0.117213
0.216242
0.00885978
0.62916
0.120847
0.0524006
0.271139
0.214667
0.321379
0.30612
0.0200192
0.000712472
0.102799
0.0124963
0.0252965
0.304647
0.000750924
0.238632
0.691674
0.379896
0.00171439
0.00865442
0.0160207
0.0284454
0.145617
0.382697
0.0849343
0.0990827
0.417582
0.490714
0.0307881
0.424053
0.649802
0.000303061
0.716642
0.134306
0.00406442
0.0434146
0.0196415
0.338516
0.180292
0.0655473
0.25655
0.0479053
0.0123939
0.236054
0.276932
0.111358
0.225863
0.900069
0.448174
0.263795
0.438821
0.251567
0.00584335
0.36524
0.0204545
0.757077
0.0149079
0.59298
0.526199
0.149578
0.0604077
0.624859
0.297285
0.186527
0.177806
0.0232798
0.00335306
0.12282
0.44595
0.612287
0.332131
0.522232
0.367474
0.0459152
0.0182077
0.00748916
0.506871
0.618014
0.0526706
0.179076
0.00147168
0.0585246
0.895594
0.426157
0.000410763
0.00138562
0.272079
0.502278
0.504477
0.274837
5.70106e-05
0.686875
0.000495166
0.00387503
0.155136
0.744066
0.203891
0.0421852
0.0192889
0.055114
0.0557822
0.287282
0.246039
0.409279
0.0041533
0.71795
0.180789
0.0162842
0.00511525
0.143894
0.738154
0.57986
0.620004
0.000386403
0.0101547
0.0800485
0.000610816
0.0889115
0.0640272
0.00103906
0.493576
0.0354627
0.00534029
0.0755128
0.118007
0.111707
0.389897
0.176659
0.582859
0.654893
0.108167
0.0375995
0.716575
0.206086
0.00391855
0.2522
0.181115
0.0953685
0.474209
0.619236
0.363678
0.0855672
0.518398
0.02121
0.543443
0.00378373
0.734551
0.605098
0.0492651
0.769003
0.00671285
0.449149
0.700548
0.0573787
0.0381735
0.163076
0.0892215
0.023872
0.541095
0.0242625
0.545209
7.30669e-06
0.000367259
0.5253
0.0073062
0.0790343
0.662838
0.414373
0.0126563
0.424208
0.0236957
0.20668
0.40204
0.35601
0.00365161
0.00415726
0.66177
0.0177076
0.244655
0.60036
0.0256987
0.108567
0.593876
0.208546
0.558867
0.00318065
0.0036514
0.00356635
0.0787946
0.246774
0.609448
2.24912e-05
0.0229556
0.0134804
0.263255
0.136136
0.737091
0.161303
0.00481211
0.242623
0.0545452
0.543689
0.0803837
0.0143954
0.105372
0.439499
0.543414
0.395431
0.130767
0.621198
0.325322
0.00578331
0.379663
0.123151
0.00778984
0.391257
0.620227
0.724666
0.292525
0.205584
0.419827
0.764068
5.29639e-05
0.761134
0.00705617
0.389809
0.080465
0.347201
0.0732941
0.026813
0.814743
0.143421
0.0222878
0.0203716
0.249993
0.200632
0.0258147
0.311642
0.533815
0.325547
0.0626226
0.000273678
0.0246443
0.0436969
0.733323
0.0769882
0.301653
0.231217
0.586121
0.594589
0.000317842
0.58475
0.194727
0.0210275
0.515188
0.185864
0.473519
0.323853
0.401392
0.154495
0.00518729
0.286374
0.674922
0.106448
0.0937709
0.0155022
0.0409836
0.555268
0.479603
0.00347579
0.000676266
0.274309
0.766739
0.336732
0.0590272
0.0772815
0.00178183
0.0470666
0.000332701
0.564089
0.213203
0.799603
0.724067
0.653745
0.335487
0.000918201
0.765621
0.352052
0.43065
0.372799
0.102798
0.552369
0.871739
0.505191
0.0155111
3.48735e-05
0.0279042
0.458642
1.9186e-05
0.30491
0.547238
0.00263721
0.113591
0.0630125
0.172379
0.300767
0.0552567
0.0925377
0.163913
0.423533
0.412938
0.266476
0.679922
0.107154
0.000454691
0.550921
0.733252
0.0565584
0.823471
0.262371
0.0425761
0.160356
0.223406
0.373406
0.0272766
0.00234459
0.184798
0.000215328
0.263369
0.0165693
0.409531
0.445671
0.402404
0.148301
0.447493
0.000543067
0.663777
0.471943
0.552926
0.109357
0.369977
4.53524e-05
0.286852
0.672118
0.147039
0.401346
0.0932129
0.00267456
0.59379
0.481932
0.219052
0.548257
0.00802459
5.01578e-05
0.0107473
0.0303334
0.270722
0.134878
0.0382126
0.113962
0.19814
0.0325065
0.260944
0.0304359
0.195014
0.0197684
0.0264566
0.00712225
0.373607
0.0406345
0.263459
0.031456
3.72919e-05
0.0731824
0.00220295
0.184066
0.0104067
0.539381
0.368949
0.409688
0.0029162
0.00061881
0.509774
0.558663
0.00339327
0.508014
0.63309
0.29077
0.0295637
0.298532
0.456489
0.253728
0.523227
0.481743
0.339216
0.464958
0.513654
0.175072
0.018111
0.0531743
0.307363
0.00849721
0.891688
0.551924
0.0656167
0.536039
0.36855
0.363106
0.0414215
6.29892e-05
0.887186
0.128369
0.2411
0.0552931
0.03087
0.332131
0.63067
0.537352
0.108347
0.623193
0.804751
0.65877
0.567476
0.00290667
0.100215
0.319633
0.528918
0.0541808
0.302619
0.689726
0.0283996
0.459253
0.0166265
0.0333756
0.387677
0.118641
0.473967
0.000216147
0.398481
0.26053
0.183057
0.474437
0.000321426
0.118735
0.366718
0.189946
0.241745
0.130681
0.0510545
0.000306485
0.496436
0.284328
0.106602
0.214485
0.184024
0.0914817
0.275612
0.00188142
0.209066
0.273525
0.0264199
0.668349
0.105524
0.360844
0.68508
0.0741984
0.656805
0.319638
0.346587
0.269619
1.33529e-05
0.58762
0.0221711
0.113039
0.083944
0.0338479
0.399191
0.725046
0.0109695
0.00398803
0.154089
0.105142
0.611366
0.317441
0.346833
0.278069
0.814522
0.000388353
0.590106
0.00442268
0.162558
0.626791
0.677184
0.587525
0.219141
0.416969
0.00162946
0.000156303
0.000929034
0.594597
0.00266496
0.439532
0.469601
0.00630788
0.268151
0.486692
0.0013424
0.763602
0.589812
0.391449
0.295589
0.0116805
0.0645958
0.170238
0.0215039
0.219569
0.001371
0.00322504
0.359279
0.397528
0.544024
0.00528679
0.511754
0.0379407
0.161878
0.557288
0.41704
0.19216
0.383166
0.226997
0.629097
0.509119
0.0125919
0.0799806
0.472371
0.0114665
0.00253078
0.492454
0.383386
0.498429
0.0682699
0.0077385
0.421222
0.300633
0.678716
0.00254007
0.877055
0.648057
0.00635163
0.525147
0.0271033
0.259227
0.0385028
0.0531913
0.00394734
0.113812
0.235728
0.167228
0.425688
0.0126639
0.16085
0.0219298
0.0299559
0.00663977
0.412436
0.0571976
0.106209
0.79428
0.632317
0.689999
0.377433
0.827025
0.321438
0.0963265
0.104129
0.736587
0.0207845
0.215416
0.0216704
0.00132962
0.460925
0.640354
0.208485
3.56105e-05
0.426856
0.470463
0.503513
0.0119348
0.0113596
0.00700164
0.00233607
0.490813
0.664193
0.518968
0.042977
0.527732
0.184993
0.568231
0.354294
0.392566
0.827171
0.281273
0.257928
0.0222513
0.593685
0.431279
0.0422186
0.0937862
0.194943
0.00021859
0.422882
0.00605829
0.374537
0.318945
0.536223
0.466105
0.111497
0.273499
0.73461
0.480376
0.0883245
0.0763076
0.0410354
0.0022911
0.227976
0.361597
0.279157
0.112252
0.0113292
0.5532
0.00287833
0.0508675
0.31996
0.496478
0.272141
0.0107964
0.429788
0.00641771
0.17415
0.0346004
0.00179947
0.000161883
0.357245
0.799201
0.00407073
0.0353073
0.136105
0.371005
0.168082
0.0756936
0.188738
0.0753231
0.773556
0.145487
0.0827142
0.35906
0.448842
0.445549
0.302716
0.254946
0.00199603
0.0569259
0.0199481
0.58567
0.37035
0.762515
0.870048
0.0637086
0.17591
0.661229
0.371381
0.172319
0.119669
0.285721
0.234045
0.371592
0.00346867
0.114231
0.658488
0.491721
0.0144152
0.607479
0.159853
0.163881
0.662474
0.0277096
7.93849e-05
0.286579
0.012384
0.101282
0.570652
0.624003
0.0395711
0.225302
0.112999
5.28899e-05
0.107758
0.410487
0.000227717
0.00185835
0.731019
0.0542736
0.300181
0.669654
0.592098
0.360249
0.641757
0.473817
0.42405
0.0218202
0.178269
0.563734
0.24133
0.049864
0.36353
0.0244812
0.00362097
0.660754
0.614534
0.70882
0.132043
0.323205
0.241143
0.0057533
0.0117741
0.784978
0.000806131
0.651407
0.484107
0.000590963
0.0900772
0.814696
0.274331
0.000112115
0.295804
0.00324869
0.425314
0.359897
0.389341
0.566647
0.729944
0.384346
0.00578416
0.337525
0.0268501
0.327748
0.174928
0.14341
0.490106
0.0124379
0.410046
0.669752
0.00088282
0.0673817
0.179662
0.737481
0.380262
0.0195364
0.217999
0.439863
0.0208636
0.0133222
0.101192
0.37403
0.489624
0.603133
0.00520477
0.520968
0.0667269
0.648884
0.187773
0.233455
0.0585071
0.141107
0.46833
0.262072
0.00261373
0.266843
0.13757
0.000496142
0.44073
0.0404662
0.530116
0.074773
0.498487
0.497304
0.380393
0.429116
0.167621
2.61705e-05
0.0327605
0.634559
0.00108518
0.108183
0.46127
0.781576
0.628132
0.0842755
0.0317524
0.0786339
0.0819412
0.692932
0.573007
0.0719014
0.141316
0.261037
0.406538
0.00461815
0.746511
0.0246654
0.39861
0.00219823
0.370494
0.00346015
0.0465706
4.66494e-05
0.675922
6.03229e-06
0.0139593
0.337906
0.00203042
0.581322
0.00043336
0.000595237
0.00163296
0.012466
0.504088
0.359755
0.0350799
0.22969
0.204707
0.026811
0.0161271
0.329033
0.316553
0.0489133
0.169819
0.620017
0.00630823
0.142668
0.0615654
0.354268
0.02156
0.00332574
0.647227
0.357964
0.291845
0.114361
0.418093
6.73983e-06
0.470237
0.584334
0.211951
0.669903
0.431271
0.738972
0.775473
0.2509
0.361991
0.321674
0.336672
0.177104
0.345717
0.0513169
0.22899
0.273025
0.487365
0.0645799
0.190626
0.109635
0.276853
0.716422
0.631703
0.645229
0.237893
0.284657
2.71188e-05
0.745424
0.0117581
0.0183777
0.00690967
0.587009
0.00845239
0.880934
0.496492
0.194702
0.504151
0.101284
0.591442
0.174936
0.00304792
0.595515
0.313021
0.0606572
0.25067
0.163079
0.0127996
0.000158176
0.0239913
0.262518
0.137485
0.576663
0.0875786
0.017054
0.327028
0.038589
0.0695416
0.340223
0.642932
0.520361
0.792598
0.276485
0.368569
0.014711
0.0690121
0.577684
0.37008
0.00611368
0.0800876
0.827745
0.0155206
0.670343
0.33191
0.0148292
0.0066964
0.220815
0.327817
0.14098
0.733774
0.00434794
0.0370645
0.390373
0.400506
0.0814696
0.680665
0.036942
0.00927791
0.510938
0.23737
0.229617
0.189951
0.102064
0.00110183
0.342862
0.141927
0.436406
0.310849
0.242403
0.484333
0.441648
0.40331
0.184387
0.289639
0.00861689
0.00431573
0.816756
0.458408
0.308262
0.00737621
0.221947
0.0178808
0.563223
0.453839
0.458203
0.28276
0.647323
0.275164
0.0418691
0.510799
0.478878
0.0172208
0.640661
0.000744758
0.00195342
0.00268624
0.348443
0.288788
0.00202165
0.175952
0.140927
0.504937
0.521429
0.000634532
0.225792
0.268114
0.00117851
0.448541
0.221661
0.55309
0.115797
0.252872
0.807278
0.0100988
0.342158
0.0637241
0.000755934
0.391062
0.0016724
0.111752
0.302297
0.0158176
0.788322
0.107205
0.589268
0.0805596
0.0201846
0.629613
0.331686
0.254634
0.508758
0.515566
0.211044
0.0430454
0.106301
0.0637634
0.498768
0.178538
0.00101432
0.0419341
0.00171497
0.213317
0.0423171
0.000629629
0.357843
0.0322231
0.358851
0.200164
0.112239
0.0405062
0.405528
0.119615
0.429239
0.192988
0.451824
0.000407992
0.703208
0.0145481
0.00372702
0.245602
0.463562
0.0399907
0.324335
0.612885
0.0113175
0.0154317
0.0415922
0.128492
0.019137
0.000688279
0.0210186
0.354394
0.000538963
0.000122628
6.94563e-05
0.0184201
0.231206
0.438978
0.0440431
0.00732674
0.603512
0.16101
0.710737
0.198214
0.217414
0.867107
0.231327
0.559434
0.244724
0.111575
0.0638493
0.257158
0.00169233
0.00168929
0.246363
0.24467
0.0168763
0.484697
0.332985
6.52623e-05
0.602876
0.0954555
0.136098
0.669187
0.054069
0.46097
0.00424003
0.299669
0.699431
0.51817
0.29635
0.484508
0.135169
0.235379
0.043127
0.244343
0.00107943
0.526665
0.203984
0.496211
0.0133587
0.0678872
0.00119811
0.311171
0.778349
0.240949
0.455335
0.246163
0.891052
0.0860269
0.060808
0.518857
0.0293707
0.568951
0.00143032
0.612189
0.497432
0.493167
0.0897493
0.129074
0.182708
0.00100071
0.0019305
0.507657
0.396115
0.355696
0.280146
0.584401
0.496606
0.310039
0.000313761
0.170496
0.0445419
0.287835
0.340642
0.0704504
0.0130183
0.784031
0.00115887
0.564593
0.00871718
0.11301
0.00557499
0.708183
0.0511918
0.0552209
0.100476
0.589025
0.052453
0.121874
0.81357
0.214657
0.060913
0.0249848
0.17789
0.475977
0.185638
0.0199473
0.0243017
0.46425
0.0765263
0.697722
0.00294891
0.11256
0.442225
0.0111401
0.00316861
7.80576e-05
0.12641
0.00666516
0.000113879
0.40596
0.777566
0.351387
0.000657037
0.312382
0.0465553
0.339558
0.0092725
0.304562
0.406425
0.447343
0.00298753
0.000368795
0.202549
0.0423858
0.00312381
0.187361
0.217968
0.144753
0.00100124
0.0434357
0.04545
0.0373573
0.782025
0.112696
0.493446
0.307735
0.678042
0.089418
0.0671169
0.0471389
0.000106978
0.475008
0.00400361
0.0429123
0.750027
0.281293
0.2236
0.880372
0.000780828
0.274586
0.2885
0.00109099
0.000136752
0.504419
0.746422
0.867306
0.541431
0.0462929
0.0742702
0.700719
0.260638
0.185329
0.657034
0.413505
0.553411
0.361057
0.000133524
0.47176
0.290252
0.373453
0.592018
0.530982
0.490596
0.446686
0.74776
0.0339683
0.00817646
0.75545
0.469173
0.300135
0.0045031
0.561763
0.258211
0.283041
0.312706
0.108349
0.00564368
0.411994
0.48955
0.760526
0.898487
0.593858
0.850405
0.708367
0.76358
0.424097
0.689822
0.00500259
0.530882
0.594682
0.295313
0.0492901
0.197934
0.00767218
0.284023
0.0145899
0.440186
0.00201202
0.924125
0.141931
0.559846
0.0858968
0.0241716
0.493657
0.301863
0.00327849
0.322888
0.315613
3.16667e-05
0.114144
0.000265197
0.00375753
0.34322
0.0374295
0.00592678
0.268239
0.519569
0.391066
0.00905229
0.0222579
2.66761e-06
0.343388
0.21672
0.278074
0.0790329
0.700786
0.176188
0.353933
2.55059e-05
0.024405
0.362479
0.0034186
0.0165206
0.465711
0.000511914
0.0135845
0.60579
0.475339
0.602538
0.287606
0.707855
0.615044
0.673688
0.0486524
0.298626
0.0740872
0.707847
0.524921
0.00186655
0.00166774
0.604345
0.0443524
0.0920219
0.627458
0.360486
0.190834
0.0477326
0.22613
0.741299
0.104612
0.0599519
0.495878
0.00564983
0.00772675
0.580131
0.418095
0.235993
0.621589
0.186698
0.482556
0.0272144
0.465185
0.0917719
0.387026
0.556659
0.185025
0.0137231
0.61765
0.00298364
0.0113709
0.443526
0.23125
0.620166
0.137164
0.607636
0.00612704
0.428786
0.0822221
0.599732
0.125362
0.129111
0.0147405
0.310093
0.0306515
0.071089
0.651163
0.00600778
0.208619
0.00163844
0.821319
0.427397
0.403711
0.353158
0.0552461
0.549897
0.0207577
0.242006
0.400536
0.0166184
0.148713
0.149228
0.00883923
0.00216599
0.0171616
0.265441
0.736243
0.498225
0.0275972
0.440703
0.658991
0.481845
0.776894
0.572262
0.70009
0.00599797
0.111446
0.0464973
0.65883
0.621683
0.00154343
0.447225
0.64678
0.301065
0.114761
0.628757
0.461586
0.360843
0.273719
0.590043
0.434577
0.000585223
0.0165676
0.506306
0.201283
0.00424614
0.0443112
0.0045875
0.0104003
0.251853
0.442327
0.77106
0.0213962
0.282068
0.0174685
0.145595
0.00869775
0.136539
0.0344322
0.0324847
0.886811
0.00135563
0.110358
0.0335079
0.101096
0.753278
0.0163061
0.00336555
0.000460784
0.039559
0.323321
0.253229
0.227456
0.0167137
0.0511502
0.00803088
0.313915
0.26917
0.0044889
0.586475
0.0616181
0.633326
0.00888375
0.409448
0.0360659
0.24863
0.0950371
0.385289
0.0123373
0.00132697
0.605596
0.0867927
0.123174
0.000219773
0.0877761
0.450521
0.254035
0.458474
0.422723
0.0188179
0.861139
0.299553
0.715606
0.39334
0.193906
0.0684437
0.765533
0.366531
0.0193537
0.0052283
0.283472
2.0657e-05
0.000810114
0.664069
0.000244934
0.0458711
0.00299591
0.253381
0.00944756
0.596344
0.195129
0.234512
0.352655
0.097405
0.0121988
0.0142561
0.617103
0.534936
0.510973
0.488252
0.0035207
0.46792
0.115776
0.215732
0.0912579
0.000672308
0.319023
0.0937509
0.0838303
0.0347977
0.468844
0.272445
0.138428
0.138442
0.180958
0.261858
0.180672
0.699044
0.583461
0.120681
0.514581
0.0208905
0.0168158
0.890026
0.132765
0.552959
0.000598731
0.680636
0.00527689
0.0239576
0.655654
0.169754
0.59474
0.230014
0.0921496
0.0397533
0.128371
0.357637
0.0132315
0.00234925
0.647911
0.0624562
0.363403
0.1253
0.0539072
0.163608
0.10278
0.0496823
0.0707689
0.561527
0.512436
0.531501
0.185588
0.0317841
0.684081
0.0336914
0.369938
0.0038337
0.410405
0.0252129
0.0109185
0.437557
0.00316279
0.0550019
0.0585167
0.334813
0.0300714
0.0775721
0.0181462
0.563453
0.206519
0.0299577
0.38975
0.594142
0.00986508
0.0613588
0.565999
0.325443
0.604593
0.711369
0.206471
0.00218122
0.00443313
0.261734
0.44437
0.596719
0.104773
0.00719315
0.154501
0.673792
0.255829
0.0103578
0.196482
0.699485
0.00602346
0.00972035
0.263462
0.0267189
0.224966
0.182038
0.677932
0.0389663
0.161885
0.45534
0.592007
0.416257
0.10826
0.262835
0.772784
0.101774
0.319588
0.702153
0.534905
0.00277392
0.0108716
0.0490184
0.00807123
0.336157
0.00070722
0.0576768
0.651061
0.106697
0.753843
0.0171249
0.714469
0.00236159
0.0635765
0.0534836
0.191169
0.49566
0.138714
0.562787
0.258044
0.0632876
0.0511255
0.00084918
0.0243089
0.379137
0.0857174
0.0435444
0.0768267
0.0190297
0.519193
0.0856411
0.0590184
0.00189577
0.291652
0.0134817
0.682054
0.660487
0.266239
0.74845
0.444737
0.488107
0.276508
0.335692
0.0016544
0.597745
0.502031
0.379771
0.136201
0.445887
0.563071
0.0186547
0.620032
0.603455
0.151355
0.296076
0.468656
0.151163
0.306516
0.0283775
0.679879
0.289432
0.319395
0.679929
0.152689
0.172586
0.0171697
0.0739767
0.199467
0.454815
0.406138
0.642591
0.0281176
0.654812
0.217985
0.279164
0.121599
0.391728
0.0196928
0.0209822
0.0601031
0.386808
0.00561552
0.519266
0.0672656
0.182905
0.0356614
0.00020401
0.552134
0.00101933
0.813955
0.008804
0.500368
0.664298
0.322323
0.0106072
0.118766
0.00169186
0.00475909
0.509152
0.647708
0.00934027
0.0269525
0.330523
0.256038
0.589386
0.547273
0.173796
0.14504
0.268542
0.0189028
0.57658
0.742365
0.388372
0.0993996
0.443599
0.0740996
0.463736
0.0688703
0.404613
0.000976688
0.00128631
0.173078
0.022082
0.474254
0.000379541
0.0104347
0.255829
0.451327
0.13449
0.0572527
0.165119
0.130155
0.520027
0.349781
0.285515
0.047634
0.418298
0.13598
0.000335734
0.175864
0.333346
0.0262805
0.658283
0.00217009
0.0581322
0.806086
0.37994
0.638541
0.0812705
0.268847
0.086377
0.633645
0.00150861
0.00866035
0.0123702
0.632978
0.264709
0.0213052
0.563314
0.0282065
0.12173
0.393145
0.0192492
0.194254
0.331277
0.0990924
0.482788
0.45235
0.568282
0.001585
0.603368
0.0394443
0.00206642
0.270422
0.255982
0.433476
0.294182
0.0230965
0.388552
0.284725
0.42379
0.0426116
0.60714
0.665868
0.83335
0.0473245
0.0750562
0.0013947
0.770146
0.362218
0.295851
0.00198615
0.177622
0.713105
0.000479266
0.0516192
0.00438552
0.171544
0.648608
0.0161264
0.562408
0.0265025
0.0504479
0.571308
0.341813
0.653112
0.613127
0.521655
0.0591943
0.000286178
0.368852
0.77028
0.590324
0.0345256
0.00105378
0.144993
0.695597
0.460585
0.192383
0.0246718
8.78055e-05
8.53893e-05
0.221018
0.112395
0.209368
0.215238
0.0162265
0.0246065
0.158226
0.000116361
0.293772
0.424133
0.457393
0.00258216
0.0206098
0.178278
0.790659
0.0502256
0.144393
0.665384
0.543368
0.00874939
0.167976
0.042714
0.00459562
0.236687
0.575103
0.239438
0.252081
0.296872
0.478631
0.32221
0.103029
0.561426
0.170821
0.00343914
0.413031
0.00107966
0.00835125
0.138314
0.0811281
0.0559498
0.082035
0.21584
0.36367
2.03423e-05
0.159064
0.064086
0.0245034
0.564076
0.0171798
0.607396
0.00405742
0.079837
0.00183082
0.0874079
0.0178304
0.00344988
0.565946
0.762051
0.465555
0.450259
0.348706
0.747416
0.366041
0.781572
0.242494
0.362098
0.315645
0.00035148
0.0450733
0.0144959
0.268367
0.415723
0.607455
0.821923
0.802168
0.000197196
0.00197512
0.404637
0.0984055
0.0567192
0.0165766
0.148711
0.00270672
0.0947934
0.501849
0.0142763
0.413392
0.0147432
0.575588
0.135562
0.63987
0.0376017
0.317492
0.312488
0.468095
0.00328929
0.0191583
0.29673
0.0256843
0.299263
0.0217087
0.0996287
0.017082
0.373877
0.302275
0.372793
0.0166522
0.00254779
0.289348
0.446896
0.38792
0.50549
0.517713
0.052849
0.30932
0.378298
0.466975
0.144442
0.594423
0.600225
0.00658001
0.00373304
0.0414634
0.328481
0.32407
0.00560189
0.437083
0.402106
0.0239877
0.0420703
0.026752
0.00335515
0.507544
0.00944394
0.0691997
0.437558
0.061095
0.114422
0.266266
0.221109
0.000151485
0.00805457
0.644436
0.00766625
0.00135034
0.131887
0.868417
0.00139032
0.074891
0.00114385
0.468091
0.394995
0.000667421
0.0859257
0.363008
0.280386
0.142021
0.127205
0.461062
0.225815
0.715216
0.00178104
0.592442
0.109966
0.711912
0.24364
0.0120467
0.205251
0.557164
0.0614723
0.249249
0.0975926
0.932265
0.0233925
0.0287391
0.482356
0.274255
0.0377634
0.536035
0.421235
0.290082
0.506936
0.395904
0.0673301
0.0708981
0.0172852
0.600881
0.121471
0.233956
0.0142756
0.0239673
0.638119
0.00576889
0.196624
0.130384
0.359939
0.191942
0.148004
0.634793
0.147389
0.499783
0.558021
0.00102921
0.0378675
0.0349308
0.0289005
7.72912e-05
0.165608
0.333204
0.195997
0.534593
0.0198755
0.431732
0.580459
0.00174508
0.00254126
0.39808
0.00888357
0.722375
0.428362
0.467165
0.414654
0.0577171
0.0631329
0.222918
0.0816245
0.136976
0.602929
0.00816492
0.00303155
0.384999
0.413683
0.224759
0.299806
0.646547
0.588548
0.37948
0.0310635
0.200192
0.000548732
0.249859
0.316205
0.0173069
0.0352432
0.00385782
0.23814
0.012579
0.00875531
0.223303
0.00260881
0.0698932
0.310496
0.000908879
0.53436
0.0700447
0.148273
0.316327
0.000287195
0.656649
0.214847
0.00766005
0.328005
0.000914549
0.315285
0.239472
0.625258
0.0460141
0.0379866
0.0463209
0.662097
0.353432
0.532486
0.235857
0.0735344
0.00100585
0.0730941
0.193797
0.166146
0.357918
0.00184383
0.0196083
0.787181
0.512733
0.000344789
0.536249
0.125824
0.0364861
0.319759
0.429416
0.57295
0.0100501
0.284782
0.0101976
0.00356445
0.121622
0.000686776
0.0472091
0.0156621
0.273283
0.481945
0.0832305
0.0223941
0.141097
0.00603589
0.013304
0.68076
0.232332
0.0103953
0.517518
0.295267
0.0662096
0.448334
0.334968
0.0645974
0.00434728
0.00101294
0.670585
3.73371e-05
0.000761343
0.40855
0.115175
0.000335142
0.498503
0.250955
0.00976246
0.478035
0.199242
0.487079
0.458428
0.477831
0.404221
0.29684
0.0795311
0.000774226
0.293545
0.031133
0.15118
0.450128
0.601498
0.000797903
0.0614534
0.263562
0.526846
0.457608
0.117077
0.00274499
0.611079
0.330006
0.756944
0.0310317
0.180501
0.291927
0.715091
0.000121766
0.422584
0.46718
0.0890103
0.0733272
0.0187569
0.0433569
0.790049
0.0240106
0.577398
0.0789358
0.119097
0.72987
0.05807
0.180014
0.616888
0.139013
0.718265
0.434012
0.0011946
0.574618
0.694316
0.000153966
0.79501
0.00666098
0.000229285
0.00612908
0.272241
0.299339
0.0964337
0.254572
0.00405859
0.00221404
0.325161
0.353507
0.0429635
0.0048893
0.558691
0.0214536
0.617746
0.326864
0.165598
0.528811
0.418142
0.102056
0.0573457
0.00307738
0.0247824
0.0133079
0.00269569
0.0370368
0.195223
0.429474
0.184675
0.0721107
0.00222455
0.0345504
0.0893647
0.0285325
0.000252259
0.468786
0.533183
0.128586
0.39706
0.0224921
0.73046
0.252731
0.0466518
0.339244
0.00047303
0.148192
0.0151934
0.0273742
0.0460192
0.649755
0.265883
0.800202
0.0263953
0.00417253
0.0203133
0.00750981
0.0823631
0.247918
0.564853
0.524791
0.117376
0.0830035
0.00161968
0.4249
0.513862
0.170399
0.631007
0.0773606
0.143458
0.158717
0.148166
0.14439
3.58285e-05
0.00222822
0.380763
0.442673
0.21628
0.00160829
0.0123361
0.000575878
0.0881845
0.798677
0.213111
0.286921
0.00486255
0.15661
0.539462
0.562814
0.0185887
0.0500212
0.0339295
0.785056
0.522375
0.764191
0.575491
0.0358738
0.00308448
0.0172582
0.0786249
0.25818
0.00905038
0.00223502
0.0886151
0.142804
0.479407
0.2167
0.565528
0.00120527
0.00031307
0.0116561
0.0740049
0.0714883
0.0281643
0.279638
0.146087
0.0823504
0.00195311
0.0542692
0.451993
0.68087
0.174655
0.517787
0.29164
0.370311
0.543246
0.883762
0.0612212
0.00685327
0.0274483
0.815749
0.741013
0.266264
0.248641
0.666894
0.212402
0.495696
0.222242
0.00174692
0.000206487
0.000244483
0.591253
0.026673
0.0205324
0.00823461
0.0519224
0.530039
0.637426
0.019421
0.349676
0.00236662
0.26116
0.386137
0.0181603
0.52598
0.0737993
0.235677
0.138746
0.478825
0.708294
0.455151
0.648633
0.020652
0.0614561
0.110084
0.188174
0.01686
0.222356
0.113156
0.126734
0.637239
0.288046
0.0113029
2.88272e-05
0.871586
0.425174
0.00112958
0.582316
0.0113026
0.186166
0.0363847
0.0005048
0.000430375
0.484953
0.635704
0.109736
0.0269628
0.824341
0.694894
0.579983
0.0499229
0.0772108
0.354125
0.057371
0.0599997
0.00709644
0.242747
0.47204
0.382134
0.0305078
0.316088
0.00435831
0.00177618
0.473742
0.578707
0.631414
0.0228165
0.574647
0.0932768
0.679732
0.377934
0.313032
0.715804
0.113799
0.269627
0.0483317
0.00376763
0.4221
0.0161646
0.0103924
0.616934
0.481504
0.231333
0.0158731
0.391254
0.0206965
0.674745
0.0355987
0.0278265
0.574861
0.471961
0.396225
0.785613
0.00906339
0.890619
0.39024
0.315916
0.23919
0.0292391
0.714801
0.194208
0.0561646
0.014158
0.733145
0.0141927
0.344124
0.576487
0.524999
0.206754
0.607986
0.0348144
0.403951
0.0211636
0.00178691
0.537231
0.44724
0.366876
0.431272
0.723071
0.0538029
0.528632
0.509832
0.860664
0.0985147
0.233187
0.47173
0.389754
0.0180673
0.481731
0.476998
0.360116
0.0384922
0.496681
0.74592
0.0839922
0.0053224
0.0658772
0.16998
0.0362407
0.742835
0.36354
0.228293
0.0439818
0.232303
0.597597
0.0633615
0.00177247
0.541027
0.284686
0.571358
0.740909
0.0155813
0.567763
0.480635
0.663345
0.000374958
0.216915
0.27322
0.466622
0.353708
0.50083
0.681571
0.504739
0.0147563
0.029256
0.0862827
0.346423
0.0184107
0.252107
0.0835504
0.2189
0.619373
0.639665
0.0247096
0.554238
0.00226711
0.777687
0.0149218
0.579194
0.00949607
0.013805
0.169548
0.088842
0.363044
0.00144055
0.00595165
0.294077
0.368132
0.126685
0.176869
0.407179
0.118447
0.0184742
0.00115922
0.284486
0.000755547
0.728781
0.0680437
0.275274
0.505189
0.00255022
0.00170468
0.0625757
0.237688
0.501501
0.384529
0.0282988
2.06712e-05
0.308821
0.269568
0.157416
0.291362
0.0529568
0.252836
0.282786
0.000199589
0.00859993
0.104377
0.259854
0.499801
0.0715882
0.0363059
0.179432
0.866336
0.0078038
0.429201
0.353571
0.04141
0.146153
0.300219
0.0321739
0.556501
0.0163672
0.00191838
0.147835
0.308195
0.724912
0.361902
0.025153
0.289656
0.383754
0.294783
0.238954
0.528699
0.611098
0.129382
0.0559066
0.234266
0.00331817
0.805661
0.0236796
0.500509
0.132012
0.0914925
0.527322
0.00120378
0.343826
0.000195355
0.000279983
0.329276
0.186828
0.625616
0.678825
0.00595877
0.232919
0.336495
0.758955
0.000131926
0.148153
0.305448
0.365598
0.00807821
0.0355236
0.712752
0.548732
0.201409
0.677368
0.294416
0.340752
0.310927
0.00370045
0.00454351
0.153303
0.276341
0.650323
0.284481
0.00126484
0.0169864
0.630531
0.618431
0.034727
0.416372
0.964496
0.597131
0.913999
0.449411
0.097315
0.736889
0.192695
0.0068179
0.631726
0.377895
0.722873
0.0459469
0.706955
0.00885667
0.277468
0.105427
0.107675
0.620654
0.0175428
0.163214
0.00337047
3.07619e-05
0.54219
0.256051
0.000552122
3.6523e-05
0.402465
0.402888
0.66658
0.0361361
0.0297062
0.120073
0.3831
0.0247463
0.00881379
0.440429
0.20861
0.0379566
0.885285
2.23013e-05
0.0900442
0.431451
0.299652
0.647012
0.312256
0.153091
0.230068
0.408704
0.0378009
0.0984705
0.577167
0.599126
0.00123252
0.252857
0.0112075
0.23296
0.1414
0.431361
0.00751871
0.0331589
0.457594
0.0657908
0.00555498
0.318931
0.443065
9.71854e-05
0.504223
0.61538
0.227823
0.0448889
0.0682475
0.184209
0.0569648
0.893774
0.0346602
0.675602
0.00195108
0.563953
0.502109
0.00408443
0.512066
0.325789
0.308324
0.0121519
0.558104
0.726434
0.518276
0.000309268
0.227753
0.00134192
0.461747
0.0713141
0.0284567
0.000319312
0.264149
0.0105266
0.101414
0.178147
0.0343029
0.377811
0.000653095
0.386206
0.245685
0.00523007
0.313493
0.0191977
0.0907912
0.0431899
0.00566363
0.000206998
0.0632985
0.0122493
0.0488772
0.585807
0.663832
0.000712652
0.822425
0.752458
0.250805
0.406976
0.535123
0.000265648
0.163284
0.275875
0.137772
0.467262
0.201277
0.0507663
0.398298
0.0174967
0.456636
0.00858877
0.515819
0.000338318
0.00750847
0.329922
0.598532
0.0180678
0.000221124
0.0933489
0.189912
0.711311
0.00082549
0.168178
0.188703
0.12763
0.543553
0.087951
0.0212104
0.478744
0.00482666
0.13589
0.189865
0.0336475
0.466042
0.284799
0.816345
0.00605853
0.652075
0.365664
0.646778
0.158888
0.0805401
0.00588158
0.00496076
0.304066
0.207995
0.00322535
0.443755
0.769016
0.109492
0.0433898
0.0155391
0.782976
0.164625
0.272752
0.441903
0.0849026
0.85797
0.0555707
0.0309829
0.11239
0.107119
0.36693
0.387953
0.513087
0.0125144
0.288296
0.43336
0.340956
0.562599
0.166816
0.0127296
0.056894
0.658588
0.60641
8.35942e-05
0.131451
0.708603
0.435825
0.0204214
0.00972756
0.0153827
0.136106
0.248866
0.0163327
0.0724274
0.524351
0.122714
0.551357
0.120978
0.030331
0.084009
0.000770818
0.578943
0.512468
0.713546
0.762023
0.0832385
0.464836
0.0100241
0.0647454
0.477768
0.012664
0.48796
0.418778
0.153111
0.13992
0.260696
0.0319695
0.035505
0.208578
0.610556
0.637923
0.425973
0.681564
0.594528
0.642968
0.685077
0.247789
0.1677
0.00830713
0.0447331
0.10842
0.0120742
0.751572
6.89175e-05
0.20594
0.409878
0.53664
0.559836
0.002466
0.000600652
0.00024862
0.018038
0.400253
0.468509
0.26121
0.563386
0.0616199
0.353235
0.549105
0.0635997
0.684218
0.119694
0.658684
0.038778
0.0135003
0.0972926
0.0800866
0.502234
0.00755996
0.116112
0.0440017
0.34238
0.685246
0.0319923
0.119859
0.0964886
0.243858
0.0969208
0.495453
0.617141
0.924936
0.0579096
0.289549
0.498166
0.0162315
0.0249606
0.478979
0.374857
0.00392596
0.58331
0.49067
0.052612
0.361094
0.221113
0.126896
0.329737
0.146774
0.381177
0.149243
0.112068
0.0502308
0.674817
0.726074
0.00124931
0.0305238
0.681032
0.439185
0.296432
0.587537
0.623368
0.234943
0.0348044
0.0497377
0.0130313
0.298646
0.104999
0.196979
0.566381
0.459509
0.393681
0.855164
0.15716
0.0139334
0.564917
0.484441
0.0048848
0.344508
0.000237437
0.026337
0.437614
0.634415
0.184656
0.0733201
0.584917
0.359103
0.672468
0.441108
0.812602
0.103509
0.564162
0.0764677
0.379911
0.331773
0.0558877
0.0119339
0.452923
0.11001
0.769773
0.487201
0.0562214
0.514107
0.781386
0.515305
0.267971
0.291445
0.495611
0.068675
0.0629636
0.124147
0.00207227
0.0819608
0.736185
0.354486
0.0163557
0.44592
0.478115
0.186154
0.409564
0.73104
0.070239
0.0128027
0.111196
0.105231
0.0264108
0.0271518
0.517108
0.163996
0.359221
0.475578
0.489047
0.127453
0.00467849
0.00642366
0.746684
0.00242916
0.176778
0.00725072
0.000124515
0.156958
0.003332
0.731197
0.00178437
0.000476289
0.850357
0.354676
0.634667
0.129178
0.128262
0.109457
0.322435
0.728463
0.192887
0.019192
0.784039
0.342266
0.152868
0.00682003
0.20551
0.3214
0.0876835
0.109442
0.538073
0.418606
0.229957
0.065748
0.689126
0.226816
0.0454918
0.0691612
0.0245419
0.0726199
0.654971
0.430414
0.138226
0.00653063
0.631426
0.731746
0.318328
0.218556
0.239564
0.0800353
0.697947
0.684832
0.697912
0.662138
0.0731795
0.783704
0.00904314
0.391416
0.0424989
0.596109
0.339728
0.666305
0.791848
0.516421
0.00667794
0.811837
0.786571
0.474893
0.361069
0.210542
0.200762
0.268204
0.371004
0.121324
0.650802
0.514565
0.345522
0.0157518
0.548594
0.489101
0.524936
0.630844
0.486339
0.674715
0.122812
0.0248928
0.290329
0.492239
0.134295
0.0740011
0.197696
0.016314
0.493612
0.253
2.71169e-05
0.575224
0.0237289
0.383187
0.255005
0.416943
0.547467
0.439012
0.532539
0.611685
0.293569
0.631021
0.208981
0.345645
0.70541
0.369276
0.00731531
0.00125639
0.0264968
0.00341983
0.192719
0.191093
0.137741
0.00860163
0.110519
0.408071
0.175133
0.0457927
0.183496
0.0154911
0.202569
0.0747382
0.543891
0.340953
0.0769448
0.679083
0.108463
0.0141403
0.00484252
0.121097
0.457301
0.135091
0.423409
0.198768
0.00811268
0.421639
0.384641
0.535771
0.241044
0.0276726
0.0298245
0.388561
0.358643
0.516652
0.719414
0.410188
0.0329099
0.69837
0.00272372
0.249634
0.0497072
0.490153
0.1391
0.490271
0.403542
0.475749
0.485836
0.0464603
0.00558815
0.118991
0.0524274
0.563349
0.581868
0.0108316
0.00335361
0.0947266
0.354478
0.0343718
0.388357
0.13415
0.0281461
0.0100463
0.253575
0.472675
0.483103
0.893305
0.0193495
0.520878
0.569174
0.000323037
0.0120976
0.559785
0.348672
0.0626662
0.477846
0.0213157
0.227861
0.000269963
0.520884
5.81437e-05
0.375549
0.742436
0.452971
0.24972
0.697067
0.0163048
0.0348815
0.0379062
0.231102
0.497502
0.00277376
0.0358666
0.327979
0.489334
0.592633
0.176333
0.602
0.623892
0.307518
0.738325
0.31944
0.0745703
0.0912201
0.156373
0.0414292
0.276723
0.702262
0.108445
0.559488
0.00374242
0.0731082
0.413358
0.224979
0.0150762
0.570011
0.471747
0.566751
0.0156674
0.570217
0.313075
0.60164
0.277857
0.175244
0.164659
0.408414
0.395027
0.0658335
0.361039
0.354894
0.136756
0.245112
0.76964
0.600752
0.348926
0.194576
0.400356
0.0073903
0.0682246
0.0778236
0.276788
0.00380835
0.439488
0.335677
0.681773
0.00859179
0.00810244
0.482914
0.396819
0.00947583
0.120812
0.757149
0.204926
0.857927
0.63882
0.208483
0.348038
0.230866
0.0091472
0.539886
0.237494
0.0371704
0.290227
0.0651888
0.00433293
0.419758
0.176082
0.0089242
0.312894
0.263735
0.398179
0.0233285
0.583419
0.000768912
0.408838
0.0146886
0.11425
0.125074
0.0246349
0.460414
0.717034
0.26405
0.0101714
0.712442
0.00276203
0.350501
0.00127922
0.166052
0.311377
0.377575
0.656091
0.0909067
0.170034
0.304533
0.0024844
0.0064322
0.424849
0.453923
0.271625
0.00499698
0.0472724
0.80212
0.0393266
0.00348823
0.00960103
0.284237
0.000423741
0.218677
0.44404
0.25473
0.87687
0.634234
0.000657409
0.701742
0.386376
0.157132
0.55566
0.310392
0.410284
0.402432
0.00477895
0.564418
0.623525
0.736492
0.37226
0.00726036
0.012226
0.0337691
0.101662
0.0554166
0.0515147
0.231717
0.268503
0.0288065
0.0808234
0.0526959
0.374881
0.296214
0.040582
0.00331042
0.00984136
0.406567
0.29511
0.319727
0.1645
0.45522
0.158163
0.211504
0.548304
0.00079601
0.420403
0.685927
0.657586
0.149438
0.176298
0.00790142
0.0640483
0.00990164
0.00406782
0.656694
0.26548
0.804828
0.506013
0.630227
0.126663
0.36016
0.00425256
0.0246905
0.0154408
0.0346187
0.445778
0.467819
0.247777
0.788698
0.0133511
0.669993
0.03141
0.506
0.125787
0.102902
0.411536
0.00106104
0.0261657
0.0476401
0.336155
0.563713
0.0190587
0.57809
0.151929
0.510652
0.106159
0.0175951
0.518281
0.307902
0.507143
0.101099
0.0755427
0.000289907
0.00417806
0.779413
0.0321918
0.0271596
0.652436
0.501116
0.503937
0.0624398
0.78412
0.581906
0.0717801
0.475037
0.415232
0.237051
0.519999
0.288153
0.0464479
0.363077
0.00357343
0.550426
0.0568914
0.116581
0.506609
0.00446296
0.158815
0.0294661
0.463401
0.0398323
0.613641
0.387429
0.623485
0.00564351
0.334065
0.0310641
0.233379
0.424692
0.230232
0.463642
0.660747
0.818544
0.00429639
0.0130931
0.241189
0.144453
0.025003
0.421455
0.0138709
0.28998
0.142851
0.130606
0.361292
0.0941496
0.3486
0.00346269
0.564171
0.122552
0.143271
0.311848
0.0193949
0.126598
0.580195
2.76431e-05
0.323109
0.0282224
0.735119
0.0189629
0.753469
0.648047
0.622
0.00312149
0.500896
0.00358841
0.0139085
0.0194707
0.425699
0.252909
0.000250282
0.548241
0.502345
0.0447117
0.00412729
0.0100448
0.212558
0.587484
0.0582558
0.248501
0.189433
0.464183
0.281602
0.731984
0.0107654
0.541375
0.11527
0.10075
0.0344288
0.385036
0.575059
0.602336
0.121526
0.48889
0.230769
0.151508
0.347495
0.373977
0.141846
0.421614
0.210631
0.434076
0.167503
0.0193492
0.0151404
0.70112
0.0619315
0.64196
0.409784
0.529786
0.819127
0.12614
0.50758
0.701853
0.00140241
0.102468
0.190149
0.0341908
0.169848
0.000289578
0.843565
0.640459
0.511484
0.000100214
0.0535471
0.241126
0.252901
0.0331536
0.380253
0.738416
0.667327
0.465665
0.57435
0.503776
0.166023
0.296502
0.0300301
0.188661
0.122382
0.000170588
0.102863
0.132189
0.12789
0.0132328
0.0461562
0.188003
0.00278231
0.532564
0.00136273
0.416807
0.0321637
0.595393
0.239266
0.185102
0.151617
0.0493064
0.0656588
0.0182266
0.0228161
0.388455
0.506139
0.0341353
0.0888971
0.145341
0.117993
0.466964
0.0429845
0.351591
0.750445
0.360529
0.310579
0.00216484
0.403402
0.393344
0.00102283
0.172371
0.306125
0.00174039
0.0800482
0.0110441
0.202532
0.73208
0.310333
0.378374
0.282089
0.170029
0.116735
0.544672
0.39781
0.456056
0.0488957
0.0667916
0.208007
0.426346
0.114451
0.0207543
0.460359
0.00332895
0.280453
0.0181888
0.388618
0.0630916
0.799531
0.664191
0.155319
0.21324
0.739503
0.358718
0.069406
0.011349
0.273012
0.0214523
0.0917794
0.305435
0.361139
0.0105471
0.0337081
0.0241231
0.0123184
0.0050203
0.191872
0.000124798
0.353859
0.000628945
0.336514
0.398136
0.254425
0.17035
0.00669723
0.0114482
0.628178
0.000220965
0.481241
0.102123
0.423107
0.0244522
0.00126643
0.71235
0.766831
0.0184262
0.262865
0.359205
0.164039
0.337956
0.0214378
0.669985
0.341793
0.138745
0.705326
0.355825
0.526264
0.111828
0.161379
0.520121
0.359304
0.53986
0.311794
0.0864782
0.00231455
0.273268
0.745296
0.0135108
0.307946
0.489033
0.729311
0.493181
0.160986
0.507001
0.672806
0.0446003
0.263891
0.45675
0.856133
0.727026
0.00235606
0.114859
0.539244
0.426924
0.168437
0.0401993
0.122355
0.568729
0.345156
0.215714
0.711768
0.137443
0.803693
0.421755
0.507965
0.843882
0.352904
0.116038
0.0876797
0.475426
0.0562497
0.054509
0.00409629
0.0103404
0.00500898
0.658023
0.431563
0.512002
0.00486501
0.324747
0.0764648
0.547376
0.521441
0.117276
0.164628
0.0062716
0.174362
0.209903
0.165239
0.358628
0.128372
0.561052
0.0197616
0.0177856
0.0321535
0.0513637
0.522392
0.605332
0.608537
0.699257
0.655421
0.684901
0.0456628
0.148213
0.000595496
0.585258
0.0769013
0.301444
0.214943
0.138748
0.446226
0.713092
0.0892458
0.735698
0.0183906
0.623336
0.516461
0.412729
0.070153
0.0537166
0.36037
0.0422305
0.0118549
0.783016
0.403382
0.0036975
0.0122638
0.438018
0.516255
0.00881175
0.226158
0.0176755
0.0213875
0.161864
0.668235
0.73546
0.660827
0.565565
0.195656
0.724009
0.00475389
0.206105
0.128364
0.00269055
0.229861
0.000248088
0.611838
0.242166
0.0406559
0.350268
0.0976657
0.230364
0.543055
0.419885
0.395026
0.354886
0.237676
0.496386
0.536754
0.171408
0.654668
0.35528
0.000733133
0.0323398
0.0269849
0.366948
0.231681
0.176639
0.22446
0.109952
0.460624
0.0756725
0.335923
0.163209
0.00141837
0.312985
0.00160535
0.131751
0.0335403
0.0833028
0.519439
0.00492283
0.439723
0.551091
0.716956
0.107215
0.489537
0.602427
0.784033
0.123867
0.479573
0.0221546
0.0144757
0.00253688
2.8953e-05
0.448086
0.554719
0.0576584
0.0289469
0.23688
0.260543
0.0181551
0.0449086
0.258471
0.0682921
0.0754553
0.46367
0.000977252
0.385881
0.154039
0.0590289
0.42251
0.752002
0.570796
0.769972
0.0109744
1.76467e-05
0.0269798
0.563104
0.331768
4.06623e-06
0.664434
0.0982361
0.42851
0.486428
0.0700482
0.436557
0.1306
0.448867
0.043894
0.0293533
0.0950517
0.0334917
0.440874
0.0135842
0.550419
0.660193
0.316931
0.64964
0.639247
0.157589
0.853742
0.182184
0.460826
0.700184
0.43249
0.00357602
0.10381
0.655825
0.685998
0.503871
0.233087
0.685687
0.41965
0.0912903
0.684716
0.462914
0.0501884
0.512743
0.193651
0.0190737
0.288792
0.563797
0.0866704
0.227294
0.5769
0.0287282
0.368328
0.804504
0.188787
0.0808924
0.43189
0.00159562
0.03816
0.103135
0.000150715
5.79991e-06
0.644162
0.53043
2.83049e-06
0.130448
0.428673
0.221046
0.385198
0.238276
0.00429665
0.0146297
0.722683
0.204281
0.398501
0.638334
0.148742
0.435198
0.0797541
0.133533
0.575787
0.154426
0.203381
0.358053
0.0543656
0.0348532
0.364842
0.406363
0.780279
0.467934
0.00154208
0.557537
0.0131226
0.138182
0.502758
0.746068
0.0641829
0.696729
0.00500293
0.0489412
0.019016
0.437481
0.172153
0.052906
0.0252137
0.137259
0.191957
0.368018
0.0242615
0.313013
0.126171
0.0609504
0.1112
0.588604
0.619756
0.15142
7.61162e-06
0.0592098
0.00720453
0.000572931
0.477396
0.14267
0.0405474
0.571353
0.0806158
0.548293
0.0445125
0.00341737
0.631324
0.0105824
0.280894
0.00616591
0.00492531
0.588397
0.118115
0.0355225
0.678542
0.346583
0.298001
0.687162
0.0805374
0.148934
0.557771
0.227889
0.309142
0.607077
0.822888
0.752242
0.671447
0.185436
0.747362
0.153849
0.0149812
0.0160396
0.635241
0.280938
0.300684
0.516839
0.373287
0.00554672
0.116021
0.00421349
0.0182657
0.692772
0.15299
0.403749
0.654454
0.0118904
0.00522445
0.186189
0.709013
0.00168372
0.772732
0.583631
0.789127
0.593129
0.787305
0.42989
0.575474
0.527626
0.37037
0.189614
0.0278981
0.243166
0.0521216
0.000745422
0.204701
0.363508
0.0211471
0.181864
0.673886
0.0308836
0.572
0.0270196
0.0044918
0.313612
0.0765199
0.586447
0.0754414
0.00746853
0.072636
0.0268318
0.532231
0.303292
0.000858022
0.0384122
0.668726
0.670843
0.271991
0.733417
0.000192857
0.0057753
0.277541
0.25163
0.659274
0.0390317
0.244288
0.00255805
0.42526
0.000443469
0.00100348
0.0324143
0.762511
0.000152077
0.0904898
0.596101
0.575124
0.0661804
0.115964
0.0176747
0.679882
0.205935
0.0891705
0.202738
0.000543642
0.00278841
0.0271008
0.230638
0.0422867
0.399146
0.245443
0.210946
0.00911888
0.287466
0.344385
0.00241812
0.680969
0.58673
0.0776693
0.516116
0.00590154
0.162721
0.0769182
0.360585
0.519656
0.752713
0.000323805
0.750904
0.0180129
0.217735
0.199086
0.0214384
0.763434
0.552483
0.301451
0.459094
0.24025
0.0631983
0.0157143
0.277929
0.046854
0.0151395
0.121103
0.481014
0.00394833
0.111292
0.449408
0.177564
0.0441475
0.313345
0.0574359
0.177729
0.236964
0.66242
0.422221
0.440891
0.00654336
0.0218067
0.405607
0.158852
0.320479
0.00213538
0.610973
0.027317
0.203912
0.109078
0.272872
0.25315
0.0196948
0.102833
0.121545
0.29205
0.194882
0.0183838
0.183085
0.115988
0.222869
0.00914374
0.000841119
0.00883054
0.596286
0.746164
0.525527
0.0110981
0.593672
0.0312416
0.0192668
0.555842
0.056028
0.521135
0.0857936
0.01204
0.00200198
0.30967
0.117369
0.000460541
0.215498
0.722789
0.0912986
0.420663
0.0885948
0.0559804
0.809857
0.0658689
0.19489
0.0422878
0.00139168
0.00368465
0.740896
0.0276494
0.115221
0.526229
0.345659
0.240798
0.46906
0.00595976
0.307418
0.0316322
0.469878
6.43349e-05
0.214415
0.41384
0.070662
0.0859459
0.00276225
0.00318446
0.521347
0.454415
0.000121859
0.0885407
0.00249187
0.386969
0.0204221
0.329108
0.139678
0.248861
0.568737
0.408709
0.045892
0.314818
0.00177055
0.333275
0.0776503
0.574695
0.00226065
0.000320417
0.576393
0.0506269
0.120425
0.574157
0.0808763
0.0543483
0.517892
0.483321
0.0214191
0.330684
0.0442744
0.169435
0.00195372
0.421488
0.145687
0.0137437
0.728891
0.142062
0.564724
0.342063
0.414853
0.24154
0.661393
0.687069
0.661622
0.293829
0.00116395
0.0235914
0.101654
0.496836
0.288078
0.000386772
0.522908
0.186765
0.653987
0.0413415
0.487535
0.56926
0.219848
0.0108306
0.0754943
0.0992109
0.584646
0.0259693
0.0714325
0.166576
0.000161274
0.0381104
0.459178
0.168451
0.457492
0.191664
0.00527452
0.039229
0.0644885
0.304941
0.131261
0.130722
0.668947
0.513771
0.198948
0.444173
0.00314362
0.00841955
0.490037
0.431935
0.160093
0.055236
0.376675
0.0444438
0.166641
0.00400457
0.335465
0.3378
0.645141
0.121196
0.350281
0.400939
0.608133
0.464886
0.613982
0.163332
0.687122
0.471362
0.322286
0.000658228
0.0229126
0.20243
0.489185
0.438001
0.75129
0.0126909
0.0662431
0.540165
0.034179
0.00648734
0.616881
0.777732
0.132638
0.0103113
0.243451
0.603893
0.900204
0.0398511
4.30395e-06
0.259763
0.344777
0.40272
0.0791073
0.115145
0.0370672
0.327957
0.0792579
0.435959
0.324298
0.198056
0.627456
0.864335
0.221045
0.0201792
0.000741398
0.142218
0.486231
0.00340601
0.369681
0.0198068
0.349015
0.436068
0.0778105
0.493213
0.368426
0.100254
0.673401
0.134496
0.495554
0.141502
0.823595
0.223472
0.507611
0.0668025
0.168253
0.391937
0.0465041
0.766525
0.00506726
0.0343192
0.787254
0.0246706
0.0237633
0.210734
0.404037
0.355324
0.213503
0.157175
0.0614483
0.125328
0.163565
0.235708
0.0619223
0.428477
0.0553257
0.20866
0.00329746
0.261645
0.45938
0.359294
0.0245893
0.357161
0.693323
0.62218
0.000148569
0.478491
0.369405
0.601899
0.459731
0.0641991
0.0156101
0.0200493
0.436009
0.601389
0.0902268
0.459638
0.00372408
0.0654062
0.0160825
0.363444
0.0172716
0.396879
0.00482133
0.292639
0.201744
0.0165462
0.433637
0.00847937
0.438326
0.330814
0.137422
0.146201
0.408654
0.197743
0.471737
0.00746053
0.672195
0.52545
0.0253549
0.435796
0.106939
0.0915941
0.0320128
0.44296
0.60651
0.0259838
0.470084
0.397844
0.0410366
0.00474116
0.802321
0.699299
0.00600586
0.015222
0.318005
0.00672502
0.00733263
0.101408
0.326097
0.389516
0.191383
0.178937
0.000118896
0.49448
0.467132
0.306201
0.118929
0.316182
0.722568
0.382252
0.0644338
0.27634
0.00082144
0.0502456
0.536817
0.510328
0.82419
0.291288
0.451208
0.16689
0.000586959
0.00537947
0.409015
0.0147009
0.271193
0.0795374
0.587405
0.263226
0.0345749
0.213917
0.604014
0.0405491
0.0167389
0.305991
0.1632
0.628413
0.158603
0.332455
0.365262
0.384148
0.0459946
0.475807
0.0482636
0.107152
0.592212
0.182038
0.0453967
0.755028
0.0900386
0.113247
0.271067
0.382223
0.393126
0.285688
0.219149
0.115445
0.749345
0.666103
0.0544318
0.10622
0.293676
0.140136
0.0871892
0.341258
0.424318
0.307542
0.648592
0.0315329
0.29825
0.2796
0.002892
0.652437
0.518745
0.102461
0.342957
0.54638
0.351298
0.306623
0.0183217
0.376558
0.692944
0.498951
0.0120969
0.253131
0.028076
0.457585
0.27904
0.146361
0.723602
0.501363
0.479555
0.436085
0.111194
0.0136093
0.0265561
0.118258
0.647098
0.39484
0.180172
0.14993
0.544971
0.000407444
0.033781
0.58119
0.217459
0.551561
0.0581389
0.611732
0.400599
0.0266786
0.335551
0.00158592
0.0473694
0.52572
0.0641526
0.645353
0.280801
0.352705
0.00358689
0.420546
0.368187
0.0383119
0.0310965
0.3949
0.027181
0.393859
0.00393211
0.0206309
0.00296564
0.281853
0.0560964
0.757689
0.466732
0.178277
0.0548494
0.000833609
0.661277
0.186869
0.0493004
0.881598
0.0384316
0.00225019
0.374473
0.0506067
0.00456828
0.139582
0.235845
0.728737
0.312407
0.214337
0.100504
0.489574
0.0163178
0.000135836
0.33157
0.430147
0.344806
0.0681039
0.354361
0.0108
0.345771
0.000363677
0.0732198
0.419454
0.0356583
0.704908
0.694608
0.0178184
0.00355899
0.767671
0.00518215
0.481779
0.502912
0.426264
0.420003
0.0950638
0.00457985
0.0163944
0.320376
0.256722
0.0049352
0.26325
0.395814
0.0562165
0.677762
0.291378
0.087999
0.193215
0.177985
0.421678
0.000198915
0.690352
0.673411
0.425786
0.020385
0.0747252
0.631523
0.0268441
0.00273429
0.0166148
0.517199
0.0477229
0.727302
0.100074
0.00395826
0.875563
0.300838
0.0031448
0.0592614
0.542727
0.591981
0.000497347
0.0500838
0.0273272
0.276295
0.0435416
0.00313813
0.00221683
0.185883
0.329658
0.00165453
0.0982006
0.467606
0.112332
0.227499
0.359351
0.0126663
0.446152
0.0078688
0.0370714
0.0852867
0.537719
0.378388
0.015081
0.391682
0.0593871
0.0268319
0.482596
0.0576649
0.119888
0.260321
0.0073221
0.0441551
0.742127
0.116823
0.211183
0.0773445
0.164048
0.00714762
0.414432
0.026577
0.447003
0.745907
0.278224
0.0012964
0.639027
0.000607869
0.0116108
0.610983
0.50662
0.214085
0.450581
0.511591
0.377911
0.497335
0.694993
0.535497
0.197465
0.0317371
0.258551
0.174213
0.666383
0.387793
0.0355209
0.487372
0.517982
0.671328
0.110078
0.517321
0.835918
0.397905
0.504928
0.801533
0.318863
0.389351
0.121779
0.752758
0.261564
0.0105726
0.225046
0.0842704
0.593628
0.079821
0.435351
0.00649229
0.461381
0.053189
0.796502
0.277305
0.0444114
0.0452128
0.0084202
0.144814
0.080515
0.0821827
0.0427332
0.644778
0.202013
0.24696
0.711387
0.521749
0.73043
0.076564
0.609343
0.398801
0.0356189
0.0101775
0.0306655
0.202253
0.345461
0.0184885
0.00419006
0.641871
0.29064
0.031323
0.501544
0.853268
0.431737
0.498348
0.21061
0.584159
0.00471793
0.261953
0.0390002
0.452921
0.0126464
0.691357
0.466047
0.160546
0.0213326
0.247526
0.268946
0.0106657
0.694246
0.25314
0.0124427
0.635786
0.00957234
0.501233
0.000822891
0.0264068
0.69218
0.482191
0.141498
0.232167
0.114933
0.049733
0.0341742
0.32797
0.678058
0.260432
0.790754
0.507026
0.718528
0.773649
0.0115815
0.000882727
0.367672
0.835065
0.629081
0.0160699
0.636899
0.47454
0.891174
0.0804019
0.55839
0.273483
0.105402
0.431385
0.76188
0.797191
0.00220512
0.027696
0.740313
0.091367
0.151122
0.459713
0.540379
0.573831
0.405603
0.359366
0.13544
0.0866453
0.29282
0.221967
0.578453
0.520995
0.0192544
0.427874
0.252177
0.0377889
0.0450073
0.526945
0.384832
0.469431
0.11218
0.0466817
0.500303
0.0159539
0.0110096
0.487493
0.0706155
0.532128
0.333669
0.106993
0.484269
0.0186613
0.301912
0.021318
0.24072
0.0849402
0.206803
0.0474385
0.0764165
0.520222
0.44796
0.418047
0.479462
0.183588
0.0884226
0.00479129
0.464007
0.114975
0.170821
0.106461
0.138915
0.419315
0.161107
0.124236
0.123343
0.137943
0.2306
0.719705
0.148433
0.219899
0.122556
0.480757
0.617057
0.0581259
0.362228
0.800197
0.47856
0.183202
0.00199368
0.58891
0.0714153
0.727731
0.00114994
0.0481604
0.00631068
0.142775
0.300096
0.00551939
0.00824681
0.398192
0.621159
0.473224
0.0666373
9.21162e-05
0.285996
0.00429675
0.527653
0.615392
0.450788
0.0761901
0.12434
0.113112
0.0413968
0.435646
0.0314355
0.113975
0.066157
0.00537975
0.0679832
0.769514
0.136599
0.393584
0.261472
0.0356439
0.00011307
0.765105
0.608497
0.19836
0.353701
0.48646
0.0580861
0.0263993
0.681288
0.000623375
0.219434
0.736825
0.137968
0.0388453
0.162851
0.00712716
0.1281
0.0325264
0.512345
0.00341865
0.0435782
0.500073
0.0310114
0.108407
0.396279
0.383742
0.625201
0.0502762
0.680326
0.169331
0.727242
0.288684
0.0999456
0.153576
0.190916
0.0185468
0.0427304
0.363343
0.486797
0.000237107
0.525007
0.414625
0.00858461
0.0021331
0.00377953
0.359322
0.0613673
0.866777
0.341834
0.458715
0.0968358
0.0499642
0.00945192
0.755844
0.817254
0.664502
0.0768748
0.00670391
0.0103717
0.536392
0.0875551
0.48596
0.0961845
0.0166152
0.148146
0.0030851
0.0686451
0.484735
0.534802
0.345972
0.494495
0.420607
0.0296088
0.196177
0.379578
0.495976
0.0257801
0.00820065
0.0454992
0.00136067
0.0692678
0.0348085
0.629744
0.396039
0.00370479
0.0403194
0.242155
0.00126331
0.00234845
0.199917
0.376192
0.150438
0.146505
0.0437221
0.638987
0.20932
0.118594
0.224901
0.352837
0.222426
0.122774
0.00496465
0.56348
0.383516
0.629039
0.332348
0.0899185
0.789963
0.00489048
0.387165
0.0467906
0.00141847
0.20604
0.22326
0.000357761
0.000855513
0.516773
0.0786255
0.485094
0.0168606
0.00864068
0.232666
0.776999
0.642838
0.605826
0.326871
0.042088
0.211938
0.300672
0.246315
0.0617016
0.407346
0.331822
0.566862
0.70533
0.010153
0.00211119
0.00136241
0.727391
0.390002
0.194945
0.38173
0.155823
0.312135
0.0582155
0.666036
0.131953
0.0244051
0.432117
0.743252
0.104925
0.0547677
0.26277
0.0135614
0.338167
0.000298944
0.353061
0.623004
0.0355855
0.490277
0.0255736
0.226721
0.46539
0.40253
0.0888863
0.077248
0.0521453
0.2892
0.00089343
0.680702
0.160224
0.0375743
0.114188
0.0130274
0.354065
0.0198348
0.753691
0.0216112
0.459385
0.488071
0.316507
0.18551
0.260503
0.427915
0.241728
0.511504
0.334349
0.443413
0.549069
0.0254131
0.0938766
0.0209695
0.490037
0.0171359
0.00609473
0.339426
0.269764
0.0557784
0.304797
0.23948
0.0269953
0.588027
0.0451265
0.00190661
0.602077
0.192274
0.349119
0.0739945
0.382091
0.0382612
0.223599
0.27799
0.00631048
0.545618
0.0129571
0.763415
0.0196289
8.40301e-05
0.485904
0.256501
0.0391209
0.51476
0.0880601
0.024881
0.03795
0.464421
0.0130046
0.795375
1.38539e-05
0.18244
0.00239777
0.277971
0.0824053
0.196402
0.621007
0.367861
0.262647
0.0690649
0.275744
0.736317
0.0928362
0.37006
0.107237
0.140438
0.439655
0.331873
0.00930414
0.201048
0.225126
0.209417
0.326008
0.063199
0.0116193
0.210882
0.330568
0.184065
0.0221179
0.0839888
0.0688051
0.0275144
0.0757504
0.0528967
0.572667
0.33993
0.327255
0.653212
0.167045
0.0657144
0.363088
0.105933
0.296718
0.00330533
0.544033
0.303681
0.000836448
0.0166673
0.0218186
0.366974
0.43013
0.00956955
0.0358642
0.604178
0.0870778
0.439581
0.000365394
0.178296
0.261141
0.0303215
0.300674
0.230332
0.0510201
0.534203
0.00118282
0.0293461
0.05829
0.318309
0.674074
0.0210975
0.513373
0.230694
0.452939
0.175723
0.0567822
0.0650837
0.0959546
0.41465
0.00223093
0.482773
0.164245
0.0586058
0.272877
0.0632019
0.24596
0.00353436
0.614265
0.00340512
0.532056
0.00235929
0.664468
0.234737
0.540638
0.523148
0.353663
0.446018
0.368534
0.0221842
0.0106396
0.1542
0.232741
0.535934
0.00079569
0.740288
0.251524
0.404193
0.451908
0.709586
0.433185
0.515989
0.115547
0.0164908
0.676253
0.639054
0.0765382
0.0869669
0.151939
0.00133275
0.0336458
0.000105238
0.180523
0.0343234
0.849941
0.161403
0.489409
0.00469064
0.00834429
0.00486916
0.271789
0.320574
0.40601
0.0546663
0.772587
0.293207
0.00463609
0.282103
0.641561
0.0712022
0.333542
0.71832
0.175473
0.00383306
0.677554
0.0207432
0.365097
0.0797672
0.284535
0.219331
0.319607
0.582429
0.0371684
0.0935223
0.000185838
0.0451825
0.591883
0.0730651
0.190177
0.0030595
0.224937
0.000901156
0.00458833
5.58928e-05
0.112209
0.0130388
0.558383
0.357095
0.248838
0.0207846
0.176029
0.144988
0.395592
0.314052
0.000854936
0.229325
0.0477854
0.596288
0.196705
0.00232068
0.00119627
0.25785
0.00778231
0.0532205
0.581944
0.0428161
0.690644
0.266903
0.300517
0.00448473
0.182272
0.606309
0.637507
0.418547
0.0703565
0.155112
0.0112457
0.632498
0.04426
0.327784
0.133509
0.0550709
0.0958494
0.39451
0.660357
0.22483
0.237438
0.00198089
0.419451
0.00477947
0.0251544
0.000552917
0.368601
0.542798
0.284171
0.412964
0.0266869
0.0155898
0.0755345
0.646419
3.6071e-05
0.103607
0.719157
0.0012876
0.619492
0.0482191
0.729753
0.347426
0.319103
0.0193562
0.00647499
0.599544
0.669561
0.0453291
0.629228
0.148669
0.11963
0.0325427
0.0220596
0.152624
0.293079
0.0196577
0.000331575
0.145913
0.0960896
0.085449
0.723536
0.313905
0.388945
0.249329
0.0251553
0.423587
0.479965
0.196615
0.539513
0.227895
0.648531
0.679624
8.05105e-05
0.00259117
0.0159073
0.0718182
0.329797
0.111526
0.419603
0.0206266
0.716826
0.251047
0.311659
0.53018
0.00100753
5.51664e-05
0.0235795
0.683403
0.365717
0.0391663
0.163694
0.379852
0.0250958
0.00631748
0.000320299
0.63906
0.278994
0.580266
0.405443
0.530499
0.414228
0.00502768
0.0387867
0.130452
0.426314
0.36371
0.0178817
0.150336
0.145719
0.297444
0.0813343
0.419765
0.457823
0.11811
0.637297
0.656021
0.0632099
0.193958
0.433837
0.311544
0.735318
0.0809144
0.137784
0.163866
0.0185055
0.183481
0.402037
0.0509017
0.494172
0.876663
0.00610083
0.105736
0.274489
0.157707
0.144589
0.0853691
0.426001
0.722477
0.0897958
0.0658512
0.010253
0.434271
0.063447
0.0175813
0.00354159
0.00577885
0.089088
0.0100045
0.586973
0.179748
0.356364
0.00588178
0.00399094
0.498264
0.342238
0.0120955
0.00199885
0.450115
0.00220501
0.00455184
0.103862
0.0466261
0.000966632
0.520936
0.194066
0.120153
0.501765
0.0111668
0.00787706
0.616248
0.000920046
0.473546
0.300799
0.0514453
0.0420386
0.559967
0.463004
0.555871
0.447223
0.31167
0.0125406
0.00402421
0.221889
0.647184
0.444783
0.145742
0.0490816
2.21686e-06
0.0346712
0.452926
0.028913
0.0741234
0.0755255
0.244868
0.135731
0.660746
0.497161
0.0501628
0.294509
0.0319026
0.00126741
0.0437748
0.152818
0.00262015
0.000773427
0.0161138
0.661816
0.000427994
0.205578
0.0210611
0.00411063
0.0248514
0.00293408
0.0282558
0.350064
0.035546
0.095236
0.381224
0.601528
0.00897632
0.674459
0.313712
0.659372
0.090952
0.000105575
0.0927834
0.64704
0.384488
0.721804
0.247159
0.00431914
0.693138
0.736854
0.00075357
0.000806525
0.661878
0.085654
0.068069
0.149453
0.464507
0.00226763
0.00335764
0.119045
0.859146
0.671047
0.539977
0.00148019
0.0177656
0.00193804
0.387596
0.293492
0.0743574
0.269355
0.770126
0.0515685
0.148269
0.61406
0.00056944
0.0911398
0.480035
0.0703809
0.0323571
0.0785814
0.536227
0.0933036
0.352894
0.379831
0.0102408
0.0141304
0.526502
0.50756
0.00253249
0.177861
0.0363181
0.00493433
0.359724
0.150675
0.000110795
0.31977
0.00360928
0.206199
0.0541918
0.289392
0.00564551
0.00693247
0.320649
0.00412929
0.769573
0.0974625
0.750626
0.236181
0.000537749
0.216115
0.733851
0.572015
0.0641783
0.350367
0.283148
0.0714427
0.351967
0.588486
0.061633
0.0239094
0.714367
0.760704
6.15285e-05
0.208357
0.372438
0.216157
0.358615
0.280047
0.604399
0.400298
0.0589837
0.229295
0.0565913
0.617881
0.00202722
0.0880774
0.0243294
0.0655969
0.041576
0.831687
0.0606293
0.788739
0.699257
0.0233508
0.0715653
0.0428976
0.482168
0.242421
0.55709
0.320493
0.109329
0.0854977
0.340372
0.108083
0.173286
0.644604
0.634942
0.444223
2.42145e-05
0.0103617
0.11036
0.0434936
0.0394581
0.00238024
0.00647857
0.707007
0.00482347
0.552134
0.343362
0.672273
0.000846849
0.0571231
0.382467
0.042628
0.371837
0.218141
0.229549
0.371206
0.354675
0.622026
0.0297725
0.37515
0.124742
0.577188
0.262191
0.152527
0.0155095
0.711128
0.292441
0.0731464
0.240035
0.281277
0.115165
0.675412
0.0512837
0.0691199
0.0464458
0.459991
6.45709e-05
0.291605
0.0222421
0.706994
1.78348e-06
0.637693
0.384961
0.238722
0.0546855
0.687272
0.0115413
0.0387121
0.623623
0.628943
5.64286e-05
0.49488
0.00245457
0.0243035
0.0361224
0.00476237
0.0294496
0.672693
0.0865483
0.134607
0.73254
0.532885
0.192898
0.214664
0.535613
0.0240385
0.0531972
0.236388
0.306592
0.181727
0.540507
0.030493
0.571473
0.333587
0.270156
0.100824
0.588335
0.719778
0.0954982
0.482882
0.750244
0.268928
0.517156
0.631483
0.291723
0.416947
0.0955392
0.282127
0.265533
0.142722
0.0373202
0.574865
0.0439043
0.289903
0.0956771
0.387869
0.708058
0.703079
0.0010126
0.491654
0.00298582
0.00145348
0.03819
0.113289
0.44393
0.615368
0.220477
0.200639
0.00106161
0.0784278
0.0777525
0.268258
0.00101719
0.507815
0.0123586
0.00151526
0.409398
0.18919
0.2998
0.011491
0.636404
0.184095
0.493476
0.67267
0.172017
0.492643
0.61889
0.0710857
0.00884849
0.000641365
0.0595372
0.445536
0.00104996
0.144105
0.603161
0.0226733
0.484687
0.00909518
0.233288
0.00733649
0.353695
0.00309882
0.732175
0.326672
0.294397
0.0616006
0.00436945
0.635291
0.00419212
0.253596
0.205203
0.0695569
0.222953
0.601057
0.257878
0.221155
0.00112057
0.50986
0.124957
0.00138414
0.0127171
0.0108619
0.351257
0.154278
0.00276512
0.0108679
0.209595
0.468516
0.0939275
0.029125
0.87622
0.62423
0.243714
0.215926
0.347569
0.208161
0.153196
0.000385938
0.372374
0.36413
0.347826
0.209778
0.0516609
0.315908
0.516016
0.000106001
0.384904
0.241429
0.0818993
0.242705
0.194366
0.789953
0.00933248
0.0876849
0.348123
0.435033
0.00645067
0.153032
0.171113
0.745507
0.0737986
0.00853365
0.0880276
0.00239577
0.0116393
0.701873
0.000978533
0.278089
0.869282
0.0733755
0.642092
0.363225
0.238266
0.00864829
0.493459
0.185011
0.113073
0.0940335
0.0179964
0.0803077
0.0776148
0.487957
0.679428
0.0271648
0.00030059
0.0265627
0.280278
0.0268318
0.101785
0.0190633
0.651763
0.00140107
0.0158418
0.54467
0.22222
0.516657
0.255111
0.313074
0.312174
0.00565977
0.000293492
0.434541
0.868216
0.6543
0.345673
0.014111
0.113071
0.0161858
0.317119
0.0197576
0.75664
0.421902
0.0077845
0.00108328
0.120927
0.120754
0.671633
0.213852
0.000394935
0.0102261
0.0586274
0.0486275
0.232
0.491735
0.580625
0.00969777
0.37299
0.65
0.145259
0.108232
0.000121724
0.438535
0.0011751
0.13191
0.211482
0.229261
0.199468
0.0278994
0.045146
0.485908
0.00760147
0.00126743
0.69127
0.595089
0.106659
0.396309
0.644247
0.58079
0.211934
0.00102778
0.60152
0.0490707
0.573258
0.0828077
0.11734
0.347793
0.000138812
0.141545
0.381407
0.569714
0.398014
0.579469
0.442694
0.297093
0.501193
0.149238
0.253501
0.246592
0.0115035
0.448761
0.0350022
0.124773
0.110913
0.100585
0.000563075
0.000309074
0.00317526
0.618805
0.359649
0.0314661
0.620114
0.00222098
2.19218e-05
7.87786e-05
0.107102
0.466612
0.00255664
0.0736872
0.00371157
0.047832
0.170739
0.00655557
0.168739
0.467242
0.014388
0.436695
0.138565
0.52698
0.564508
0.458544
0.156637
0.473377
0.509011
0.00377114
0.240212
0.285845
0.0674128
0.0462803
0.202963
0.1723
0.000413707
0.0725445
0.0128409
0.0647081
0.57598
0.515134
0.039783
0.397234
0.0714813
8.21409e-05
0.588007
0.161851
0.482565
0.651751
0.797863
0.313035
0.622026
0.0206542
0.149274
0.22411
0.0801001
0.00193925
0.0709204
0.352982
0.00567895
0.0274357
0.50372
0.000912467
0.0110131
0.00193618
0.15058
0.000497951
0.572754
0.441907
0.881218
0.0287103
0.238619
0.000806224
0.531502
0.338503
0.798916
0.131797
0.000378951
0.771695
0.0274872
0.669897
0.24728
0.435672
0.426779
0.00016883
0.888808
0.120921
0.128517
0.00553739
0.0188865
0.485998
0.453998
0.233215
0.740243
0.231571
0.00932907
0.000997531
0.318564
0.172359
0.0639079
0.0275145
0.230485
0.0815261
0.552604
0.205332
0.000560696
0.354941
0.719752
0.0263307
0.0358304
0.544201
0.785552
0.0164008
0.00147362
0.331748
0.305844
0.813252
0.648837
0.301441
0.0675506
0.147248
0.352521
0.0296495
0.57
0.608514
0.523491
0.527619
0.0672295
0.152607
0.441836
0.0808567
0.00469585
0.778245
0.169016
0.143313
0.523059
0.000985834
0.000449992
0.323753
0.450698
0.673384
0.751414
0.586887
1.36308e-05
0.307155
0.441142
0.0386557
0.598671
0.120201
0.734729
0.336075
0.179243
0.0645338
0.577722
0.59962
0.346903
0.00478786
0.480609
0.546276
0.509848
0.0988879
0.151836
0.198052
0.67127
0.257917
0.49011
0.694871
0.586321
0.163819
0.552242
0.516327
0.455106
0.500675
0.558729
0.178899
0.247319
0.391392
0.0205342
0.000160136
0.000328724
0.384404
0.252852
0.817516
0.0410029
0.310049
0.38941
0.270462
0.538392
0.000380224
0.48106
0.631024
0.584573
0.388678
0.1994
0.678031
0.470035
0.0887098
0.3056
0.442336
0.558095
0.400232
0.478322
0.0299249
0.761892
0.00010303
0.0035285
0.482249
0.0193885
0.323417
0.0750814
0.249227
0.596692
0.465115
0.571147
0.0534984
0.0145634
0.0742303
0.0140145
0.389268
0.449249
0.222411
0.7225
0.000220117
0.0934822
0.0394844
0.581056
0.00116397
0.393224
1.4738e-07
0.0138458
0.593555
0.073307
0.384874
0.351124
0.495388
0.781928
0.324738
0.045165
0.510103
0.10358
0.0306802
0.111062
0.000361653
0.602018
0.0153848
0.389789
0.479336
0.562611
0.42624
0.500543
0.588243
0.0794998
0.0402468
0.536917
0.367532
0.120218
0.000105612
0.536339
0.037865
0.407678
0.00011646
0.391458
0.53017
0.0192888
0.0321035
0.193066
0.334598
0.02958
0.366989
0.2822
0.454822
0.298132
0.0378091
0.305413
0.490747
0.000702323
0.224753
0.679951
0.00699158
0.00158251
0.121972
0.0367846
0.599771
0.00986015
0.555909
0.157234
0.0586295
0.0608331
0.0105252
0.194383
6.58155e-05
0.0195743
0.367752
0.471165
0.0594847
0.359489
0.0641269
0.339943
0.708146
0.772753
0.898838
0.30818
0.710862
0.704547
0.0343915
0.45403
0.686834
0.0214559
0.0120407
0.000974486
0.30169
0.559298
0.567403
0.294917
0.249829
0.128914
0.234103
0.0110076
0.356198
0.101558
0.357554
0.010176
0.305156
0.145139
0.480733
0.836179
0.00799862
0.519951
0.599453
0.846426
0.250289
0.220866
0.0937355
0.855873
0.237826
0.593804
0.233608
0.590903
0.359169
0.133103
0.675724
0.36864
0.399841
0.871438
0.0922219
0.0705272
0.35535
0.300512
0.0171776
0.173099
0.0447419
0.0279234
0.124864
0.363573
0.0140451
0.00572052
0.331686
0.127357
0.0225622
0.000691542
0.0451689
0.0287467
0.0205307
0.552603
0.00195625
0.253851
0.217257
0.827179
0.111985
0.0413696
0.218074
2.09386e-05
0.0784415
0.402918
0.476906
0.482721
0.384709
0.425139
0.448926
0.00771107
0.0158176
0.0653831
0.0633885
0.0061589
0.392345
0.496647
0.0182617
0.578542
0.541571
0.309506
0.135917
0.544817
0.0305908
0.0199786
0.43009
0.354066
0.1874
0.595343
0.245736
0.191525
0.332738
0.310217
0.617607
0.10495
0.00110699
0.799464
0.361066
0.528288
0.12449
0.508922
0.000277763
0.688106
0.776158
0.386514
0.0749691
0.361344
3.0446e-05
0.0281161
0.484474
0.259471
0.120065
0.221954
0.431594
0.49075
0.000876228
0.826317
0.174081
0.382959
0.0390267
0.176927
0.404567
0.0153423
0.00301259
0.145111
0.257111
0.463011
0.00841282
0.00852618
0.428885
0.625239
0.0177167
0.0529122
0.0637915
0.0772061
0.273162
0.279425
0.416569
0.500047
0.196212
0.574846
0.481034
0.156494
0.00914438
0.854407
0.15808
0.503444
0.0657037
0.0187771
0.00481303
0.156974
0.273085
0.0379847
0.425494
0.0754204
0.0821669
0.543561
0.216038
0.54466
0.0489456
0.659899
0.0821356
0.239655
0.00325132
0.536672
0.0899059
0.808498
0.00401301
0.713292
0.287854
0.412991
0.178421
0.618567
0.0354615
0.691546
0.282261
0.193327
0.274765
0.280916
0.0432032
0.0480151
0.251863
0.516882
0.121258
0.78672
0.317815
0.746204
0.308863
0.0166965
0.0430857
0.282095
0.482923
0.00550762
0.0578298
0.0746169
0.0707125
0.289128
0.53096
0.340199
0.364715
0.187909
0.705386
0.407754
0.0103945
0.0637606
0.128059
0.487371
0.662512
0.61185
0.575808
0.057464
0.477471
0.576788
0.367523
0.0340127
0.0623646
0.00603655
0.250685
0.0201284
0.174193
0.351098
0.830685
0.0824834
0.055975
0.580843
0.0782819
0.218094
0.138885
0.0328329
0.082291
0.104191
0.740539
0.337566
0.00266614
0.0833028
0.0934201
0.0293922
0.00137781
0.567134
0.478951
0.251411
0.000546799
0.389239
0.555993
0.000897865
0.551702
0.067729
0.0222221
0.699302
0.100459
0.0588453
0.104802
0.0266224
0.656351
0.348718
0.110056
0.401828
0.00979015
0.0782623
0.102278
0.276745
0.513046
0.278282
0.359508
0.387985
0.0028903
0.126639
0.57111
0.445859
0.408053
0.0721618
0.00499147
0.0686122
0.305101
0.19256
0.281298
0.407172
0.144003
0.222178
0.0486983
0.0883714
0.233709
0.139849
0.0758488
0.00132636
0.197669
0.354785
0.015168
0.418729
0.895931
0.00129297
0.573482
0.467251
0.411398
0.00204086
0.0625834
0.443277
0.559218
0.331484
0.33638
0.385501
0.309997
0.00489314
0.0309288
0.0139554
0.0157747
0.0660806
0.303079
0.261529
0.111412
0.670011
0.0530015
2.26323e-05
0.23137
0.550727
0.530904
0.25939
0.387422
0.615478
0.426903
0.630381
0.578658
0.0130366
0.439677
0.0208293
0.0700746
0.309262
0.458344
0.24313
0.0599387
0.698634
0.410554
0.375325
0.0234852
0.299803
0.0221095
0.00476631
0.0915443
0.0631339
0.10054
0.250214
0.49106
0.000865466
0.579615
0.618762
0.0140409
0.550907
0.000502457
0.0765699
0.261499
0.128643
0.830074
0.0163492
0.250485
0.0703379
0.515724
0.520345
0.601884
0.241346
0.00110844
0.292238
0.0782265
0.169882
0.301667
0.349785
0.774491
0.000120315
0.0630008
0.796987
0.00634088
0.000756422
0.100837
0.250791
0.0461602
0.0111661
0.329379
0.203137
0.0146076
0.00830823
0.251829
0.791835
0.158909
0.257233
0.15432
0.101038
0.00686262
0.00106666
0.303763
0.523336
0.198302
0.541605
0.0303584
0.025837
0.232609
0.581414
0.44088
0.151757
0.714388
0.434604
0.1404
0.00639124
0.45539
0.2283
0.274724
0.00265055
0.187651
0.170385
1.95306e-05
0.460209
0.484105
0.0767022
0.0351791
0.610753
0.0241425
0.572295
0.643265
0.365381
0.661456
0.117992
0.0549149
0.00334475
0.449865
0.489754
0.04866
0.378341
0.196016
0.614624
0.214501
0.00617732
0.18003
0.00186265
0.0160813
0.345215
0.012753
0.511694
0.0415033
0.267394
0.295269
0.730283
0.0325653
0.781469
0.0630508
0.0351549
0.168437
0.0128138
0.00928164
0.718525
0.14867
0.344312
0.00231477
0.00967441
0.607555
0.421323
0.00393416
0.0253482
0.173717
0.365234
0.356412
0.598352
0.393123
0.02096
0.0272261
0.0364923
0.629573
0.00457894
0.599806
0.0026416
0.00627131
0.476088
0.00779108
0.543499
0.000110631
0.424663
0.613166
0.27537
0.234598
0.629106
0.396434
0.549039
0.68716
0.844772
0.309743
0.021859
0.376605
0.174509
0.0170028
0.222247
0.1357
0.384299
0.205066
0.193328
0.000911475
0.540908
0.00342917
0.341437
0.327333
0.594229
0.63044
0.538042
0.0744036
0.538872
0.345394
0.445552
0.0126129
0.595432
0.0775303
0.242263
0.774619
0.40757
5.72268e-05
0.274052
0.0409398
0.488163
0.360464
0.00794302
9.07862e-05
0.0859081
0.816323
0.122127
0.0276403
0.00597773
0.0279801
0.534754
0.6111
0.0130413
0.0887721
0.00315935
0.174969
0.00148247
0.0968539
0.00226691
0.419092
0.0171227
0.629238
0.000474708
0.0173446
0.286272
0.396276
0.00105041
0.64454
0.000199588
0.0935625
0.214661
0.566125
0.00244531
0.298093
0.713743
0.717698
0.172943
0.768606
0.600428
0.0133903
0.198812
0.0671334
0.0377577
0.00760339
0.0026401
0.0580047
0.29891
0.0973502
0.0190681
0.0980453
0.2183
0.479004
0.451251
0.432439
0.445677
0.0188172
0.00302271
0.689095
0.333385
0.329161
0.004702
0.216051
0.515333
0.479898
0.245296
0.317852
0.428901
0.547443
0.0463337
0.542091
0.042129
0.415345
0.0667626
0.0111879
0.0870089
0.422445
0.232019
0.470973
0.281964
0.000138394
0.306619
0.314456
0.020047
0.00709851
0.441768
0.0134141
0.693488
0.251456
0.185846
0.0308726
0.00848665
0.00470098
0.818044
0.666043
0.551708
0.0450533
0.343599
0.0133052
0.195997
0.450919
0.0256828
0.248797
0.350957
0.021427
0.101528
0.0463452
0.141986
0.421849
0.694174
0.00152364
0.63506
0.0499557
0.221944
0.097068
0.0187071
0.198672
0.634064
0.00139171
0.0319281
0.00434838
0.24291
0.731659
0.175401
0.687975
0.172006
0.138833
0.0779504
0.0580584
0.168674
0.000433695
0.0973615
0.702071
0.039859
0.221039
0.231503
0.57157
0.00237975
0.279922
0.089826
0.000487547
0.00582281
0.0832212
0.0330242
0.000667319
0.527972
0.083674
0.351279
0.26459
0.702976
0.234686
0.695368
0.286131
0.0178052
0.0207402
0.854985
0.404669
0.588053
0.442763
0.00290331
0.416962
0.698776
0.40559
0.170367
0.210379
0.00168077
0.660439
0.00754613
0.224155
0.528953
0.330042
0.129393
0.784778
0.408226
0.31402
0.000524706
0.757014
0.218492
0.61595
0.0228555
0.0383872
0.0393262
0.26528
0.029001
0.00787286
0.0585785
0.325084
0.299519
0.0383493
0.353949
0.0657214
0.366995
0.140716
0.291925
0.614095
0.322544
8.96484e-05
0.0150721
0.465386
0.718672
0.0177396
0.0642148
0.0729573
0.123605
0.0213238
0.603982
0.203422
0.298602
3.84878e-05
0.00407576
0.0134906
0.000947201
0.000249256
0.0757139
0.131628
0.0568787
0.336745
0.608636
0.619733
0.31403
0.525281
0.0819175
0.37552
0.00286012
0.0242409
0.148415
0.0385876
0.395659
0.00100564
0.00418463
0.195258
0.000181719
0.0301735
0.0374042
0.48882
0.314165
0.0303718
0.376682
0.00330268
0.0238898
0.107517
0.0662316
0.47809
0.299934
0.22595
0.736965
0.0154612
0.468573
0.705132
0.00627379
0.463737
0.034599
0.718449
0.0455896
0.549583
0.1735
0.0603504
0.508614
0.472696
0.40176
0.697173
0.00467557
0.00155306
0.57192
0.0717438
0.00171621
0.658638
0.285819
0.0011445
0.00427767
0.49125
0.065676
0.149212
0.0408516
0.0056824
0.709851
0.000185983
0.474003
0.132805
0.0980683
0.200359
0.644069
0.540773
0.671695
0.251984
0.000714453
0.272418
0.0925118
0.0676119
0.148624
0.000496854
0.866497
0.0342877
0.15048
0.010687
0.00283677
0.366649
0.56652
0.599868
0.0166139
0.543083
0.0332519
0.565303
0.314788
0.0141483
0.119444
0.251195
0.0483193
0.000147199
0.246513
0.47573
0.425968
0.0172398
0.0134922
0.00103543
0.00523803
0.00580566
0.463522
0.0183779
0.0881448
0.404218
0.385164
0.0395406
0.51171
0.248731
0.154545
0.0440523
0.088195
0.0438177
0.67538
0.488324
0.61552
0.310167
0.036418
0.643065
0.00998534
0.0425392
0.275678
0.0285941
0.209757
0.0462498
0.00147462
0.0418295
0.0409182
0.238405
0.589514
0.668342
0.049008
0.326195
0.000926426
0.0638713
0.121818
0.0139098
0.362164
0.202633
0.0713229
0.477943
0.00158141
0.289667
0.525814
0.105643
0.000527258
0.13884
0.0873625
0.0799325
0.297693
0.2191
0.479051
0.0317384
0.000959067
0.270226
0.38633
0.00317468
0.450864
0.319698
0.573098
0.00236496
0.415911
0.429522
0.480979
0.259447
0.494711
0.877923
0.15075
0.24452
0.332258
0.0105454
0.0344583
0.628171
0.599404
0.418663
0.317704
0.645678
0.017218
0.110611
0.134831
0.00286258
0.666612
0.694786
0.682802
0.016962
0.200391
0.00148915
0.0038935
0.338398
0.642426
0.360142
0.100051
0.00546047
0.338504
0.269438
0.148012
0.661111
0.76774
0.54947
0.0313699
0.0271657
0.00684191
0.000313742
0.00100983
0.000751007
0.738421
0.672867
0.425225
0.0178332
0.413591
0.212248
0.290251
0.000398999
0.00450408
0.343888
0.27155
0.325714
0.341752
5.00893e-07
0.647681
0.0433075
0.0105134
0.235846
0.012902
0.297055
0.000478707
0.108474
0.270002
0.770751
0.0248528
0.546995
0.0390109
0.130542
0.0157107
0.735561
0.365346
0.399155
0.0437705
0.103658
0.553212
0.0135558
0.567814
0.667192
0.347443
0.26615
0.182032
0.419328
0.420514
0.532775
0.300176
0.190105
0.150699
0.193301
0.0172844
0.78593
0.648118
0.315305
0.0125165
0.161398
0.275898
0.453306
0.508933
0.510272
0.513449
0.000237954
0.371338
0.315125
0.47557
0.0533634
0.0142343
0.0507832
0.00365638
0.663232
0.458916
0.524391
0.368175
0.228391
0.76425
0.452577
0.0867003
0.389499
0.467306
0.215
8.97042e-05
0.636407
0.0224864
0.10604
6.55809e-05
0.285477
0.0292909
0.000391185
0.014662
0.128053
0.124056
0.0758856
0.257425
0.355848
0.200774
0.338252
0.599352
0.00391524
0.0138262
0.027899
0.0262592
0.113619
0.746816
0.0904564
0.621423
0.082385
0.0011918
0.670499
0.270305
0.106118
0.0375735
0.521193
0.011918
0.540445
0.0069314
0.27573
0.544772
0.0511407
0.0101424
0.618336
0.087124
0.438396
0.14978
0.490368
0.744529
0.230359
0.00016769
0.533577
0.079759
0.00068227
0.670088
0.456576
0.693224
0.0349096
0.038681
0.070462
0.00676085
0.56473
0.794607
0.668359
0.00819587
0.0152712
0.00172629
0.191643
0.164835
0.112788
0.0959681
0.00273283
0.0426499
0.141927
0.266317
0.587731
0.284415
0.0990004
0.204393
0.00266814
0.0195339
0.0468232
0.585216
0.178515
0.0173038
0.320638
0.00972984
0.184408
0.000360641
0.835077
0.228119
0.200597
0.0174466
0.390819
0.834162
0.423744
0.187125
0.133652
0.00549246
0.0138499
0.0148604
0.219907
6.55559e-05
0.240715
0.0161975
0.118478
0.000126433
0.569589
0.0274546
0.0133071
0.687525
0.0338199
0.440132
0.222284
0.0240795
0.00213875
0.0117719
0.283371
0.0621617
0.0222453
0.209587
0.707745
0.0263632
0.000446777
0.328364
0.0762951
0.00058422
0.663631
0.484773
0.381495
0.164595
0.0807332
0.297849
0.0168092
0.00191992
0.686606
0.287568
0.267086
0.312597
0.273388
0.691049
0.589987
0.100393
0.614099
0.0246239
0.00015465
0.515343
0.189273
0.000416246
0.0286422
0.53094
0.0124092
0.00241976
0.00119742
0.227413
0.123837
0.756873
0.000530225
0.287221
0.339689
0.125576
0.0438621
0.00458971
0.0731186
0.0732071
0.185728
0.0126403
0.502591
0.0736935
0.434795
0.0433841
0.377176
0.00733987
0.050116
0.520977
0.640512
0.0333198
0.568663
0.295896
0.00184998
0.841106
0.515913
0.39028
0.153349
0.0168011
0.0253419
0.543069
0.242649
0.0699332
0.00163294
0.536005
0.405301
0.179493
0.407913
0.0309909
0.0401612
0.000552761
0.219965
0.31511
0.429509
0.668423
0.0285955
0.0641044
0.0468449
0.131727
0.056093
0.00757019
0.0374305
0.000327124
0.433716
0.446544
0.00427435
0.608792
0.120949
0.00951523
0.164074
0.115778
0.456497
0.0376037
0.315804
0.081186
0.212493
0.041278
0.204374
0.344941
0.535861
0.290525
0.166598
0.603734
0.0360842
0.387863
0.0160149
0.0525709
0.108697
0.0550533
0.184803
0.00124822
0.109635
0.632129
0.224531
0.421245
0.48215
0.267098
0.917367
0.423745
0.0405535
0.114866
0.0273021
0.000217846
0.3079
0.393976
0.643232
0.252636
2.27155e-06
0.327249
0.302064
0.344828
0.0982772
0.12532
0.499418
0.00337056
0.584199
0.0163825
0.510017
0.348068
0.551446
0.093209
0.21264
0.743947
0.155813
0.419012
0.533668
0.502019
0.303669
0.123349
0.0292006
0.411471
0.301859
0.0273659
0.0535776
0.54359
0.133698
0.180187
0.307673
0.616139
0.781431
0.852285
0.559425
0.00217147
0.676772
0.57016
0.125994
0.437328
0.0048013
0.29876
0.31435
0.00429774
0.000214376
0.229356
0.7463
0.135638
0.671655
0.00769193
9.59956e-05
0.489528
0.0769418
0.402597
0.22652
0.787317
0.0238185
0.750295
0.775204
0.299758
0.387839
0.518395
0.301783
0.0786012
0.0623734
0.00803395
0.392981
0.643017
0.627927
0.00708169
0.228553
0.414304
0.376021
0.855057
0.646174
0.218255
0.492971
0.00303196
0.0958367
0.00900664
0.0762009
0.0176131
0.731679
0.0104582
0.00944993
0.540268
0.265013
0.00206938
0.19371
0.346954
0.267806
0.197566
0.296233
0.042585
0.00259009
5.64665e-07
0.260316
0.0755629
0.316179
0.168795
0.0108085
0.686911
0.117795
0.174814
0.597028
0.489582
0.185211
0.00176751
0.378802
0.314318
0.44382
0.055262
0.121296
0.285154
0.21903
0.190451
0.0245883
0.0697366
0.17787
0.152399
0.614611
0.325576
0.351131
0.557113
0.0014177
0.247253
0.212743
7.91622e-05
0.0531158
0.22367
0.222897
0.0435637
0.614931
0.292131
0.501716
0.0501038
0.0977073
0.350128
0.222672
0.730517
0.603404
0.380394
0.0334351
0.663408
0.0562747
0.493314
0.0552881
0.810819
0.0309574
0.153571
0.246404
0.120185
0.00494373
0.149501
0.603221
0.214601
0.03601
0.0781732
0.533551
0.416808
0.809114
0.16652
0.284749
0.00244375
0.372631
0.176651
0.000578716
0.40175
0.200015
0.568204
0.111675
0.0167059
0.768687
0.303203
0.37232
0.547949
0.0212527
0.665621
1.02628e-05
0.191555
0.438945
0.00434323
0.523551
0.481274
0.534591
0.164937
0.0754535
0.0470942
0.0397044
0.242612
0.0432776
0.21383
0.585413
0.301948
0.0659817
0.000483537
0.234192
0.124585
0.0192366
0.675379
0.717432
0.0179783
0.117869
0.14042
0.246033
0.593596
0.726225
0.706393
0.197109
0.743944
0.010999
0.252837
0.00841075
0.0732744
0.427035
0.16417
0.000750497
0.0379843
0.093319
0.0874361
0.00359353
0.758045
0.0353773
0.160782
0.725904
0.26459
0.185148
0.0486425
0.146416
0.000832789
0.847325
0.285255
0.0743328
0.00130543
0.22712
0.0646116
1.06146e-05
0.165642
0.521684
0.0166239
0.303692
0.0293906
0.0299076
0.112117
0.197081
0.774998
0.471068
0.000853221
0.832392
0.354018
0.292769
0.103067
0.00811931
0.695199
0.142089
0.213851
0.012812
0.333723
0.153222
0.365853
0.529637
0.172865
0.173744
0.212852
0.077691
0.374757
0.234097
0.0328729
0.171443
9.3543e-06
0.217378
0.122495
0.065617
0.306126
0.359992
0.0315012
0.768418
0.406115
0.00149049
0.349211
0.0244678