0.307969
0.0118064
0.221545
0.312832
0.123101
0.437082
0.296808
0.680172
0.383821
0.0712092
0.398117
0.000540147
0.703933
0.107918
0.00100089
0.429013
0.0504534
0.124713
0.00477318
0.0272799
0.558713
0.317096
0.547992
0.0225758
0.202796
0.157041
0.250035
0.214047
0.260363
0.0923427
0.4907
0.120977
0.585887
0.372648
0.00142245
0.657768
0.380112
0.286892
0.0009068
0.00328707
0.617628
0.00139249
0.545724
0.00504809
0.12171
0.0100272
0.594179
0.447312
0.0840435
0.439812
0.357118
0.107608
0.54961
0.452226
0.000129405
0.0162496
0.319972
0.82533
0.508681
0.645404
0.0186883
0.355349
0.400619
0.0623633
0.0650047
0.114372
0.331988
0.277172
0.495356
0.795346
0.72525
0.597522
0.00186996
0.00090602
0.844312
0.0753953
0.521031
0.408845
0.451084
0.0136652
0.00870747
0.0357787
0.00195743
0.182855
0.361599
0.282634
0.495159
0.870586
0.0478578
0.00400885
0.107573
0.332627
0.0115814
0.0454477
0.086848
0.601669
0.357516
0.405553
0.148487
0.392771
0.115231
0.36175
0.0789369
0.171345
0.000292399
0.0987015
0.678652
0.00929474
0.0688773
0.122134
0.73521
0.499018
0.0178437
0.0180897
0.32754
0.678692
0.0639097
0.830067
0.638443
0.450001
0.0358673
0.611967
0.0480124
0.0601634
0.0470943
0.318908
0.0563404
0.328935
0.626919
0.0934621
0.254376
0.00420769
0.0974286
0.00338782
0.134387
0.516529
0.486017
0.0268406
0.0683669
0.09486
0.321633
0.00614464
0.150895
0.414611
0.023332
0.772796
0.0753638
0.725931
0.184348
0.435013
0.0807942
0.138147
0.601873
0.580002
0.0896754
0.235311
0.352661
0.0626373
0.511272
0.163575
0.177776
0.00294135
0.800219
0.289842
0.365464
0.651623
0.00351444
0.30527
0.159363
0.465389
0.0505456
0.766682
0.294965
0.0133637
0.0381854
0.00377535
0.539429
0.103248
0.401888
0.396626
0.61762
0.29746
3.02922e-05
0.496191
0.6231
0.000172687
0.456759
0.308955
0.152689
0.449489
0.436467
0.00606594
0.832187
0.110799
0.18053
0.609262
0.0144687
0.634517
0.701024
0.0274395
0.4792
0.51154
0.00323139
0.546587
0.0151935
0.0610019
0.575688
0.0886596
0.0127391
0.0325196
0.578823
0.717777
0.10357
0.418593
0.522556
0.583506
0.0855114
0.00350075
0.585559
0.223618
0.367618
0.699102
0.00255497
0.79312
0.797446
0.293611
0.833071
0.641498
0.189285
0.472298
0.241735
0.0210407
0.614376
0.36112
0.00642214
0.00335206
0.251929
0.836724
0.558798
0.351928
7.27551e-05
0.0203852
0.354816
0.0240497
0.183066
0.247718
0.0312384
0.248889
0.0451495
0.517459
0.475432
0.230684
0.16384
0.376582
0.860201
0.579974
0.358491
0.200336
0.133805
0.0611478
0.277537
0.185713
0.597469
0.494669
0.387696
0.532084
0.861124
0.0269756
0.134962
0.774528
0.531164
0.373991
0.0456694
0.560454
0.00493266
0.528072
0.272872
0.333217
0.724371
0.491176
0.194159
0.357159
0.2819
0.00210385
0.0830563
0.00667897
0.0144976
0.118627
0.0409264
0.0402393
0.00713833
0.005362
0.0524805
0.310404
0.190408
0.446991
9.84584e-05
0.26301
0.106889
0.0203249
0.034057
0.0781125
0.487782
0.244095
0.389845
0.390085
0.442777
0.0132589
0.283549
0.358612
0.339608
0.00331549
0.40538
0.805195
0.702539
0.455927
0.650143
0.218502
0.0977388
0.0817592
0.277039
0.446576
0.156142
0.643023
0.792903
0.114798
0.0285181
0.110578
0.301672
0.0313626
0.101773
0.0967006
0.261091
0.0266309
0.0456133
0.289966
0.0459888
0.007987
0.284024
0.385016
0.489243
0.181276
0.0298662
0.589385
0.376485
0.214591
0.353117
0.49184
0.0109878
0.0443496
0.192451
0.000542613
0.144218
0.0221367
0.609755
0.151501
0.606764
0.0569249
0.242252
0.374614
0.0624226
0.126158
0.000360855
0.3509
0.00524233
0.745908
0.527546
0.765406
0.472601
0.0528109
0.649963
0.00974418
0.00450726
0.77307
0.0967827
0.155355
0.662341
0.623724
0.0785635
0.0523272
0.0147834
0.144456
0.0351607
0.64125
0.191079
0.373341
0.00802249
0.628794
0.500784
0.39546
0.0173053
0.0230052
0.393083
0.312873
0.407031
0.207789
0.400358
0.386702
0.469527
0.827114
0.0115528
0.318983
0.353277
0.0301171
0.00241641
0.41042
0.0487272
0.404171
7.69695e-05
0.556796
0.251138
0.366495
0.740431
0.057737
0.0627195
0.000148185
0.452831
0.594306
0.756102
0.0294521
0.271728
0.649259
0.161216
0.654824
0.469393
0.0166474
0.447762
0.884733
0.681285
0.0720024
0.581434
0.291795
0.23071
0.266386
0.31244
0.17814
0.604134
0.460586
0.293383
0.424618
0.00773092
0.284553
0.00679172
0.525976
0.458572
0.179565
0.729054
0.190416
0.0394061
0.141847
0.753935
0.147808
0.354041
0.591726
0.0448554
0.457757
0.502125
0.435776
0.593577
0.5238
0.458954
0.145375
0.0715313
0.650887
0.122627
0.042275
0.317732
0.122121
0.242171
0.0234491
0.673209
0.070593
0.00209468
0.579169
0.60674
0.0973797
0.551843
0.734711
0.354806
0.346064
0.26581
0.00230023
0.00579322
0.73494
0.474888
0.466135
0.0426966
0.0685282
0.597484
0.0792632
0.000408988
0.375637
0.082532
0.00598917
0.109406
0.000768601
0.136151
0.294303
0.0399292
0.153054
0.736683
0.0855324
0.2162
0.512577
0.0132897
0.11438
0.3522
0.0106452
0.842805
0.0987785
0.163236
0.00415242
0.00103212
0.0405959
0.0427613
0.0670817
0.0456255
0.03207
0.435515
0.149788
0.312103
0.00389317
0.497744
0.148284
0.302715
0.541858
0.674962
0.0598466
0.848513
0.0702963
0.0835172
0.506062
0.11712
0.0136127
0.0409257
0.0260312
0.091804
0.20632
0.403461
0.504618
0.000828393
0.320773
0.191813
0.00662732
0.000803138
0.0612839
0.0104233
0.311628
0.0502156
0.417451
0.39817
0.402091
0.0488221
0.416555
0.0363408
0.326456
0.363655
0.127771
0.119884
0.000198804
0.0128169
0.079418
0.0986502
0.635286
0.139825
0.506496
0.127884
0.684752
0.746641
0.217166
0.486943
0.0564896
0.0341334
0.399264
0.507274
0.282552
0.0012224
0.393122
0.00510119
0.209152
0.295672
0.552704
0.149875
0.909824
0.0381213
0.406315
0.397924
0.390794
0.000280887
0.00153407
0.0625413
0.291005
0.00505935
0.104466
0.0892544
0.609973
0.101172
0.616978
0.58261
0.0450423
0.20045
0.113563
0.483425
0.003557
6.04539e-05
0.0104234
0.659448
0.762871
0.0995268
0.000761545
0.0250463
0.2499
0.010815
0.000706445
0.0755271
0.521094
0.247062
0.53279
0.502476
0.0668408
0.144482
0.224121
0.00709411
0.662451
0.0141224
0.000844626
0.091956
0.277763
0.091266
0.508841
0.504664
0.0869461
0.121059
0.511747
0.203694
0.617664
0.00740848
0.858309
0.447328
0.55719
0.578139
0.585591
0.77786
0.00864289
0.365456
0.111941
0.57703
0.802033
0.600139
0.228472
0.161344
0.507309
0.240484
0.837415
0.151981
0.658964
0.0269661
0.531344
0.418171
0.451253
0.115037
0.485675
0.000901327
0.45622
0.143413
0.588177
0.0119505
0.357158
0.22653
0.451893
0.0109487
0.486469
0.822436
0.142856
0.514877
0.500732
0.459682
0.0933911
0.893842
0.431731
0.227485
0.00263643
0.758242
0.740231
0.0309581
0.481911
0.18646
0.547686
0.268847
0.7996
0.456729
0.00435701
0.296858
0.0136724
0.00143127
0.0936897
0.0380121
0.0966722
0.00781942
0.260257
0.0537923
0.0323784
0.471223
0.0399619
0.354339
0.592616
0.0923881
0.789738
0.087787
0.000680499
0.599728
0.253265
0.0157604
0.0863775
0.188249
0.666932
0.505816
0.752143
0.509994
0.340692
0.444138
0.00468637
0.000100144
0.00175378
0.0665042
0.658704
0.00428572
0.65112
0.481574
0.387839
0.651167
0.222412
0.0131917
0.111778
0.397403
0.579853
0.593258
0.662661
0.00622494
0.184212
0.512171
0.00233968
0.366534
0.00752021
0.664959
0.0193582
0.815509
0.0115567
0.294138
0.433731
0.0237117
0.299636
0.506383
0.0020824
0.0130251
0.673066
0.0371611
0.00475469
0.00405862
0.00286675
0.628213
0.393216
0.384364
0.395352
0.00610464
0.0126114
0.634537
0.511384
0.355649
0.501269
0.740308
0.260049
0.13789
0.43456
0.297803
0.263622
0.675877
0.00934829
0.0177525
0.253448
0.0479671
0.0275498
0.012691
0.161891
0.0308772
0.543212
0.172249
0.215935
0.871303
0.00780521
0.0681044
0.0161123
0.81037
0.634497
0.184875
0.268417
0.807474
0.677359
0.376206
0.716782
0.00262649
7.09493e-05
0.345714
0.00421482
0.620546
0.709612
0.241919
0.245194
0.563604
0.577878
0.449039
0.426333
0.0864746
0.0372263
0.2869
0.00717941
0.167373
0.685893
0.85358
0.653443
0.840233
0.266257
0.187426
0.0206421
0.0408126
0.592918
0.681081
0.0179791
0.43927
0.704409
0.462215
0.386606
0.0293448
0.0853371
0.502667
0.749869
0.436981
0.55008
0.565486
7.99882e-05
0.00213109
0.419748
0.000415138
0.0352346
0.252562
0.496151
0.620214
0.101318
0.0874972
0.0437163
0.41004
0.243526
0.112376
0.0201394
0.00865894
0.566518
0.0849378
0.436653
0.0279433
0.00291129
0.116431
0.211765
0.20918
0.556528
0.038718
0.00768617
0.588178
0.391577
0.175482
0.0977331
0.257079
3.89174e-05
0.383216
0.04781
0.262457
0.00367664
0.11628
0.248829
0.504097
0.339882
0.00334108
0.49563
0.899629
0.133535
0.385048
0.292342
0.393817
0.277414
0.508537
0.533235
0.296145
0.45587
0.480443
0.42239
0.0412795
0.0987118
0.258798
0.0780423
0.554799
0.231985
0.698089
0.0771734
0.00279374
0.10291
0.456428
0.273723
0.0109196
0.133055
0.0311873
0.0119722
0.557075
0.0150103
0.739856
0.643359
0.330949
0.00695346
0.707742
0.169844
0.0146981
0.431422
0.297805
0.000977025
0.244652
0.650358
0.345441
0.401125
0.384051
0.543316
0.0533957
0.289182
0.140713
0.0185454
0.774741
0.635544
0.000105411
0.501767
0.0646233
0.0553565
0.0711825
0.359276
0.128438
0.568894
0.0772933
0.708284
0.260778
0.455874
0.283876
0.0517054
0.912281
0.0639592
0.165551
0.0138147
0.138992
0.792021
0.329615
0.00359682
0.540431
0.231568
0.0195168
2.31682e-05
0.164545
0.455034
0.0149425
0.0616387
0.590323
0.653778
0.591535
0.15787
0.00142836
0.0271127
0.2974
0.0548606
0.640023
0.0053973
0.255475
0.0634275
0.7107
0.00147043
0.0874807
0.226931
0.341582
0.326552
0.542925
0.123349
0.00480529
0.0140934
0.634833
0.00689998
0.412027
0.456497
5.84853e-05
0.462316
0.00143086
0.362777
0.534358
0.493701
0.0397193
0.0144001
0.0103771
0.000647153
0.0233948
0.383095
0.141049
0.106134
0.0394371
0.0203755
0.0448658
0.504499
0.512694
0.493972
0.00990224
0.000684907
0.705859
0.0269454
0.658923
0.0904986
0.012963
0.00576506
0.0816531
0.776502
0.0153533
0.131045
0.620161
0.299213
0.515782
0.401983
0.485276
0.380778
0.0800441
0.00199154
0.0614607
0.34821
0.815972
0.452294
0.432992
0.711072
0.513604
0.02452
0.00682175
0.759294
0.604164
0.0193572
0.777942
0.366065
0.000878842
0.361558
0.0198296
0.043458
0.000818356
0.0289435
0.63327
0.809648
0.157535
0.0635413
0.0331697
0.0990069
0.41938
0.820929
0.747119
0.143356
0.00295055
0.0967558
0.315411
0.0866176
0.842079
0.383327
0.194351
0.116725
0.00415046
0.0375466
0.458725
0.00170892
0.00840413
0.00278261
0.263552
0.105785
0.437863
0.00283302
0.0473099
0.407608
0.0575222
0.0886617
0.199094
0.264935
0.202321
0.431434
0.150101
0.135213
0.510544
0.00527269
0.492249
0.00314113
0.401199
0.698591
0.672932
0.588749
0.0134937
0.116802
0.00028714
0.0178308
0.708435
0.0298238
0.00111962
0.413256
0.263216
0.677189
0.00302114
0.0407149
0.217156
0.263702
0.0431959
0.0059538
0.711834
0.193844
0.0881303
0.00117663
0.0873441
0.222973
0.256717
0.000168024
0.530493
0.508718
0.0409761
0.257168
0.338052
0.00712086
0.274787
0.00235761
0.630903
0.59291
0.407864
0.043541
0.567541
0.296734
0.193578
0.342291
0.232947
0.706275
0.534823
0.0272987
0.00796982
0.051966
9.26067e-05
0.164135
0.0607097
0.6679
0.418582
0.663022
0.0202542
0.295319
0.136701
0.312049
0.520827
0.128052
0.330367
0.73195
0.139198
0.498181
0.00102525
0.0628263
0.0544171
0.341085
0.00187232
0.361407
0.0104804
0.557834
0.731407
0.694662
0.354051
0.219445
0.0374786
0.0514661
0.489773
0.158628
0.122522
0.00304793
0.00498482
0.156978
0.191237
0.0827601
0.303536
0.713145
0.000528004
0.377412
0.209997
0.39766
0.395429
0.0143584
0.0713257
0.252848
0.00185829
0.30772
0.704165
0.473867
0.777026
0.131146
0.0379697
0.0405514
0.0357447
0.64203
0.113199
0.294624
0.101918
0.387342
0.0172292
0.193362
0.00858598
0.46774
0.837474
0.0606355
0.0195556
0.485149
0.163208
0.0259592
0.0161638
0.00610262
0.528324
0.71579
0.045525
0.0853868
0.620154
0.149949
0.178233
0.511838
0.416898
0.359728
0.0132678
0.464523
0.813688
0.00288583
0.336354
0.0405601
0.11318
0.688057
0.00438965
0.115092
0.68712
0.344829
0.00142837
0.488471
0.370479
0.474852
0.547552
0.0212957
0.426975
0.500019
0.0681819
0.743214
0.742157
0.298986
0.0229243
0.317626
0.0304923
0.0355437
0.0412081
0.437089
0.094655
0.0109284
0.506212
9.05933e-05
0.0447495
0.493627
0.0257418
0.17207
0.0415236
0.304565
0.240411
0.193878
0.509652
0.429536
0.235865
0.00206032
0.630812
0.676145
0.239725
0.24155
0.603095
0.254636
0.054102
0.455528
0.493181
0.00298384
0.00682601
0.559316
0.128609
0.765794
0.0357727
0.0467265
0.00824984
0.0385121
0.522988
0.087396
0.785704
0.488872
0.358556
0.00585165
0.1064
0.303244
0.000969555
0.293562
0.775235
0.000636941
0.617111
0.426375
0.337162
0.0730239
0.500824
0.406883
0.593066
0.245583
0.171718
0.00201931
0.226817
0.000148251
0.0509786
0.679788
0.0233239
0.000714786
0.527506
0.113602
0.0232414
0.504622
0.697732
0.497768
0.638195
0.184281
0.455071
0.00362059
0.371863
0.247226
0.543796
0.260492
0.101398
0.737768
0.122275
0.0197937
0.162412
0.181291
0.00620234
0.490386
0.113493
0.141928
0.827537
0.286914
0.288951
0.445745
0.891118
0.0167136
0.513375
0.00143309
0.58666
0.0106792
0.339125
0.684959
0.00385998
0.704981
0.666721
0.0441297
0.0689475
0.000839299
0.0631452
0.2365
0.010143
0.00547397
0.0596352
0.145196
0.0319416
0.0210728
0.558042
0.0103682
0.0456152
0.0220107
0.309241
0.291177
0.0528282
0.316878
0.0678701
0.721653
0.000961387
0.268448
0.815824
0.387891
0.285161
0.0555707
0.0942877
0.213393
0.184343
0.0152892
0.653743
0.453064
0.0348193
0.734817
0.0114525
0.642515
0.760459
0.533451
0.0069271
0.17542
0.697821
0.173324
0.230904
0.667078
0.0332862
0.565247
0.00586132
0.494956
0.10166
0.0350419
0.145345
0.234437
0.00756648
0.152291
0.0127183
0.122551
0.00687776
0.111078
0.509861
0.154927
0.253938
0.000388935
0.42003
0.156035
0.294033
0.276843
0.283614
0.393383
0.0245277
0.318881
0.20987
0.765545
0.375566
0.613982
0.00275719
0.201287
0.490457
0.534254
0.742712
0.0272288
0.436124
0.354083
0.0738551
0.400288
0.329022
0.720426
0.0368641
0.135741
0.306335
0.000578908
0.594781
0.00114291
0.045452
0.511921
0.291332
0.850529
0.401072
0.667161
0.640953
0.000287552
0.326416
0.0155576
0.046444
0.331825
0.513867
0.414589
0.0576283
0.281141
0.18953
0.0466994
0.325146
0.545042
0.381516
0.216961
0.238568
0.000405275
0.158857
0.0414233
0.00909049
0.253579
0.347854
0.680264
0.469577
0.00598372
0.523365
0.00394212
0.42835
0.209544
0.0148328
0.21738
0.00145652
0.400517
0.00656453
0.88566
0.421194
0.47212
0.818116
0.257756
0.261006
0.0208068
0.27798
0.0349212
0.00050048
0.560527
0.0166587
0.385718
0.136666
0.160263
0.0536507
0.735955
0.0011681
0.0538108
0.0200854
0.0189764
0.00710399
0.77455
0.478308
0.386112
0.451564
0.00209027
0.269167
0.0939935
0.280904
0.421667
0.176332
0.187057
0.414694
0.723369
0.280499
0.494028
0.00841807
0.451369
0.563861
0.131347
0.076264
0.354894
0.211495
0.452061
0.478776
0.383923
0.685734
0.125783
0.00178682
0.142741
0.0410501
0.128707
0.398057
0.417478
0.0540502
0.28178
0.455592
0.272658
0.363454
0.0974855
0.426139
0.221093
0.51595
0.13596
0.0298264
0.00178914
0.428142
0.486833
0.0810419
0.1335
0.00370838
0.00296114
0.0388022
0.194096
0.395592
0.611049
0.324464
0.112352
0.185107
0.527409
0.733889
0.364434
0.570661
0.262538
0.633723
0.731275
0.0368657
0.152348
0.419419
0.713889
0.00983956
0.520981
0.585341
0.191386
0.00204403
0.360395
0.197209
0.307118
0.57373
0.19842
0.659733
0.361762
0.234419
0.45274
0.538528
0.38557
0.149566
0.0792212
0.428005
0.0636327
0.0293475
0.537106
0.00222427
0.512444
0.518193
0.608137
0.489539
0.466255
0.855726
0.0311109
0.664986
0.046349
0.00423066
0.134889
0.05274
0.00547921
0.556986
0.100441
0.480549
0.209211
0.710359
0.454585
0.227238
0.551885
0.711536
0.0192012
0.611382
0.0585632
0.111524
0.176244
0.481198
0.45863
0.112407
0.0122658
0.614234
0.499473
0.510582
0.0174534
0.573499
0.109472
0.432311
0.000970972
0.682853
0.147126
0.0383694
0.00414335
0.0124869
0.148906
0.00154952
0.323021
0.194514
0.0788331
0.109812
2.16148e-05
0.109306
0.00282153
0.665913
0.289298
0.293086
0.0807467
0.503624
0.362092
0.157023
0.0179963
0.432522
0.234423
0.265743
0.32886
0.547588
0.0152589
0.0368442
0.529258
0.0578036
0.728585
0.00283649
0.000113397
0.0021813
0.114481
0.0593077
0.425397
0.00385736
0.308996
0.202369
0.831063
0.546035
0.303231
0.545682
0.740429
0.513151
0.000713306
0.113525
0.0127193
0.0461185
0.0080201
0.743265
0.0872682
0.236701
0.0117251
0.333305
0.38559
0.17716
0.026422
0.595247
0.451841
0.0107279
0.0208253
0.495012
0.0380479
0.491231
0.0033377
0.0934109
0.496794
0.415513
0.656299
0.00583957
0.0512518
0.283506
0.156506
0.546344
0.805113
0.430692
0.781162
0.723946
0.197594
0.0824795
0.573738
0.275254
0.000898929
0.893555
0.340392
0.0656239
0.143524
0.336484
0.202367
0.730872
0.6667
0.378923
0.770279
0.052703
0.640104
9.37221e-05
0.00191539
0.0808448
0.0980016
0.449011
0.16178
0.165948
0.566606
0.37955
0.00180838
0.382399
0.353169
0.119603
0.391613
0.634258
0.533337
0.070397
0.3712
0.358871
0.0306081
0.367115
0.179292
0.539473
0.855731
0.267511
0.437641
0.367332
0.416546
0.134851
0.371594
0.398888
0.346557
0.572139
0.0936241
0.525575
0.40457
0.0308262
0.130336
0.18179
0.000554444
0.529748
0.024336
0.00213229
0.171494
0.017479
0.581778
0.628232
0.139743
0.605033
0.469756
0.000196505
0.291428
0.52506
0.452568
0.411745
0.0233444
0.655256
0.580174
0.503002
0.002143
0.123688
0.393628
0.802491
0.000717224
0.301426
0.755348
0.0158314
0.00252393
0.0017784
0.0205253
0.108256
0.734496
0.223865
0.0130731
0.476674
0.292147
0.160396
0.0492474
0.0159594
0.790532
0.632204
0.771552
0.0241601
0.00089318
0.00441651
0.0443258
0.623376
0.414012
0.307501
0.284924
0.359302
3.42181e-05
0.306169
0.367851
0.351677
0.441542
0.844492
0.000166266
0.588673
0.408996
0.109453
0.00789932
0.0211586
0.113391
0.153535
0.403696
0.171841
0.000391224
0.803774
0.321924
0.512502
0.00209547
0.515867
0.0197279
0.000157246
0.00574686
0.701885
0.0175594
0.652875
0.619445
0.590542
0.859904
0.0286434
0.0232527
2.53895e-05
0.75954
0.0541534
0.0214963
0.247356
0.482439
0.558532
0.1375
0.0018782
0.0805403
0.26645
0.389833
0.216192
0.0689186
0.103506
0.0654028
0.0164494
0.560802
0.6921
0.682532
0.569821
0.605469
0.158886
0.0160641
0.55177
0.000125549
0.727795
0.0365422
0.109042
0.647672
0.292387
0.140443
0.8
0.00738658
0.000197182
0.0582179
0.20926
0.0295576
0.0637274
0.61218
0.723834
0.0458566
0.385045
0.614574
0.496418
0.342913
0.28214
0.442395
0.0159408
0.00256284
0.785618
0.0317581
0.331839
0.442369
0.0060412
0.558988
0.102078
0.0210076
0.662428
0.129355
0.397524
0.450379
0.299184
0.290376
0.0836347
0.0830033
0.518385
0.233169
0.215305
0.487438
0.558666
0.524418
0.317488
0.720263
0.418301
0.494997
0.247614
0.000282422
0.783174
0.348035
0.0300975
0.546737
0.209721
0.489975
0.612475
0.0605223
0.144781
0.544104
0.778174
0.434456
0.0297712
0.779852
0.779426
0.509863
0.340669
0.196306
0.0375822
0.242301
0.139208
0.10532
0.000728441
0.0132643
6.38662e-05
0.445699
0.156276
0.383209
0.417973
0.35134
0.0100944
0.777061
0.0682139
0.243463
0.097566
0.586719
0.0592016
0.646665
0.018262
0.862996
0.0673195
0.416911
0.49595
0.00838672
0.0499508
0.673535
0.242337
0.000113343
0.134188
0.253929
0.242641
0.0601483
0.627958
0.431889
0.346054
0.0410053
0.0661405
0.709712
0.631371
0.602888
0.0385821
0.474972
0.0028745
0.0603305
0.0130844
0.00892135
0.792659
0.601651
0.0160505
0.833434
0.0376994
0.507944
0.0968783
0.615016
0.0714751
0.664466
0.00354404
0.132356
0.378057
0.654169
0.376145
0.104322
0.500812
0.840127
0.0353094
0.268966
0.272518
0.00322929
0.908912
0.403985
0.404259
0.378222
0.437783
0.330739
0.522414
0.589808
0.0484449
0.198168
0.000468553
0.198407
0.459304
0.00231408
0.534172
0.156441
0.0012572
0.552002
0.0192561
0.216001
1.16981e-05
0.300592
0.153794
0.0236297
0.0438404
0.0425932
0.349651
0.381312
0.372195
0.515117
0.396049
0.0116692
0.00206645
0.689394
0.403514
0.268743
0.300546
0.463147
0.0146756
0.12369
0.830422
0.107306
0.000455065
0.327009
0.132588
0.261039
0.713071
0.102709
0.281148
0.38032
0.0134805
0.838863
0.00171236
0.168088
0.140026
0.643416
0.269284
0.0143724
0.330293
0.765042
0.076804
0.00262451
0.25959
0.226802
0.413488
0.0935568
0.602056
0.0128565
0.0389963
0.134018
0.329831
0.0701802
0.0981706
0.717082
0.258009
0.129492
0.488339
0.20237
0.329752
0.317237
0.0112786
0.00183275
0.166432
0.0347287
0.0355929
0.24167
0.00197304
0.320289
0.687265
0.692058
0.0106218
0.0251049
0.0209778
0.048692
0.0979481
0.755653
0.214007
0.030726
0.238037
0.324652
0.123864
0.310399
0.629487
0.00173032
0.502824
0.325989
0.0197727
0.0184678
0.0319572
0.25874
0.260249
0.194687
0.341413
0.0895179
0.0308268
0.239196
0.242104
0.233132
0.155105
0.845348
0.513006
0.128364
0.410059
0.156867
0.00269754
0.571443
0.101274
0.729555
0.0429977
0.579912
0.609743
0.142025
0.018686
0.574839
0.339381
0.397336
0.394068
0.012505
0.0015302
0.242872
0.487882
0.711575
0.411174
0.721143
0.145591
0.0735558
0.0868378
0.00649923
0.162062
0.698837
0.130562
0.23481
0.00950835
0.184428
0.850158
0.610011
0.00169353
0.0011018
0.302748
0.735592
0.647226
0.442221
0.000296425
0.770634
0.00125863
0.0155012
0.0420919
0.633843
0.197078
0.0542538
0.0462623
0.320352
0.114482
0.316855
0.295351
0.467983
0.0285063
0.758799
0.296723
0.00855057
0.017309
0.381801
0.783061
0.34869
0.6474
0.00118158
0.0143547
0.215763
0.000755017
0.0648568
0.235318
0.0113943
0.293034
0.0525427
0.00896657
0.121163
0.136898
0.200262
0.307984
0.26836
0.516064
0.627799
0.13103
0.022191
0.559521
0.404509
0.00169936
0.0232898
0.325374
0.095364
0.578168
0.776668
0.263954
0.076084
0.544889
0.102109
0.194879
0.0132833
0.659436
0.46036
0.0815149
0.727156
0.00635064
0.454548
0.501822
0.0524877
0.00511036
0.143488
0.18231
0.0819846
0.612436
0.0616199
0.511027
4.01526e-05
0.000919624
0.641506
0.0176344
0.0760015
0.817849
0.391343
0.0285455
0.425145
0.0342398
0.439496
0.217457
0.343778
0.00608966
0.00164122
0.632004
0.0364211
0.145004
0.689412
0.0088754
0.174616
0.425979
0.118102
0.62208
0.00666062
0.00308802
0.0142381
0.284572
0.181989
0.719177
0.000533117
0.011368
0.031839
0.180016
0.313487
0.609808
0.3866
0.0184757
0.255353
0.207979
0.606106
0.268568
0.0106029
0.113113
0.431708
0.318085
0.163622
0.164367
0.703081
0.315791
0.00679103
0.789949
0.0768817
0.0167028
0.201968
0.627238
0.605409
0.248455
0.301001
0.310976
0.780015
7.23331e-05
0.668371
0.0162093
0.488033
0.2404
0.394455
0.029967
0.0545379
0.640211
0.383189
0.0847221
0.0242707
0.208335
0.194349
0.00933005
0.360973
0.668003
0.608865
0.058905
0.000170871
0.0168232
0.0445601
0.795198
0.0456549
0.418224
0.192274
0.709988
0.653656
0.000658169
0.484132
0.397279
0.0390245
0.619178
0.543115
0.455264
0.11786
0.545066
0.383306
0.03949
0.25195
0.512644
0.0847172
0.230762
0.00681878
0.0812186
0.618318
0.43089
0.00272025
0.00253117
0.247315
0.76246
0.233349
0.0330129
0.0702541
0.0128328
0.130969
0.000732029
0.547001
0.324792
0.819115
0.589448
0.473882
0.359409
0.00242353
0.836798
0.435547
0.56173
0.382143
0.372735
0.497122
0.875699
0.509962
0.0252866
0.000189659
0.0112882
0.60431
5.67399e-05
0.278541
0.514179
0.0312922
0.109748
0.0810589
0.183492
0.214093
0.199961
0.106017
0.394877
0.585264
0.623076
0.272264
0.856887
0.115609
0.0012517
0.343114
0.71382
0.062004
0.708979
0.204447
0.0493243
0.131176
0.142432
0.578979
0.0413086
0.00524296
0.102078
0.00195613
0.337397
0.0755383
0.443818
0.418485
0.430378
0.0248185
0.342268
0.000460661
0.599597
0.244123
0.488215
0.270663
0.459507
0.000640294
0.248223
0.506441
0.0781827
0.565435
0.0171723
0.00993205
0.524315
0.361066
0.222976
0.665274
0.0452821
0.000274491
0.0290812
0.0529436
0.207584
0.156683
0.0123178
0.122038
0.230149
0.057944
0.157779
0.0317374
0.330416
0.0351237
0.0834043
0.0125574
0.492398
0.115565
0.359682
0.0515117
0.00018824
0.0214562
0.00913022
0.437832
0.0309839
0.494874
0.106427
0.390262
0.00268591
0.00596544
0.664288
0.421332
0.0051754
0.519044
0.597436
0.439556
0.013385
0.246261
0.52428
0.215604
0.371745
0.538078
0.429779
0.311381
0.617155
0.144881
0.0105226
0.16753
0.31473
0.0189068
0.915798
0.498614
0.447841
0.74193
0.410622
0.118701
0.205714
0.000241625
0.876776
0.223227
0.357512
0.212826
0.0176437
0.243684
0.555711
0.479016
0.0262831
0.672353
0.866734
0.754999
0.611634
0.00768605
0.142229
0.392701
0.592272
0.22116
0.127841
0.534431
0.139441
0.664034
0.030515
0.0223869
0.667447
0.323907
0.174761
0.000201987
0.495474
0.350665
0.266416
0.632962
0.000694861
0.273589
0.430998
0.404715
0.305642
0.213027
0.0425565
0.0014857
0.594927
0.279611
0.306006
0.249858
0.405791
0.145486
0.363596
0.0234812
0.340198
0.269344
0.046695
0.378575
0.121515
0.500369
0.897798
0.284813
0.677577
0.380289
0.333743
0.517587
0.000101795
0.628903
0.075997
0.171608
0.0886678
0.0412437
0.362568
0.646209
0.0556226
0.00594283
0.0715722
0.165836
0.763081
0.189931
0.2437
0.374433
0.7701
0.00211322
0.660169
0.0244737
0.153517
0.548168
0.75179
0.649372
0.233074
0.513655
0.00761884
2.60066e-05
0.00249031
0.657628
0.00417881
0.287038
0.29713
0.00445125
0.244455
0.440985
0.00317778
0.82728
0.605226
0.432992
0.304123
0.00447095
0.00674227
0.309635
0.130323
0.344644
0.0026311
0.0010617
0.333673
0.436411
0.588099
0.0572618
0.432911
0.00911757
0.44804
0.538667
0.420425
0.154837
0.621284
0.460077
0.386436
0.583334
0.00349747
0.38314
0.471672
0.0396985
0.00292999
0.55483
0.152627
0.585279
0.0555651
0.00147922
0.367231
0.0779315
0.705425
0.00941289
0.922889
0.753247
0.00763307
0.581886
0.142155
0.384447
0.0471633
0.208431
0.00260409
0.228347
0.16264
0.295015
0.727163
0.193541
0.134414
0.0111502
0.0600288
0.00510646
0.332306
0.136348
0.21903
0.730945
0.696698
0.77738
0.372014
0.808753
0.319624
0.0796595
0.135182
0.79121
0.0288886
0.0481895
0.0263377
0.00866106
0.550547
0.652585
0.377799
0.00026137
0.376428
0.493082
0.3757
0.0116146
0.0274873
0.0120916
0.00103861
0.536827
0.720698
0.864803
0.124165
0.397805
0.291321
0.490779
0.427017
0.257863
0.799485
0.273844
0.245706
0.0406037
0.735179
0.572405
0.0421886
0.092176
0.0836445
0.00104285
0.72879
0.00951529
0.424764
0.433231
0.411016
0.446281
0.192091
0.347939
0.693677
0.805224
0.0769243
0.147233
0.0847796
0.00102911
0.541487
0.516515
0.207869
0.0847654
0.0167498
0.669654
0.0129188
0.0391924
0.214055
0.474058
0.524478
0.0211282
0.484963
0.0163644
0.469116
0.0480129
0.00887303
0.000109712
0.486016
0.830991
0.00276254
0.0273693
0.250042
0.378052
0.32802
0.0569191
0.198245
0.178028
0.74787
0.205027
0.0670316
0.216843
0.455721
0.384527
0.337004
0.234002
0.00315169
0.0901693
0.0444069
0.379572
0.45596
0.691613
0.921214
0.144164
0.438188
0.621565
0.426487
0.359984
0.259976
0.282784
0.0996258
0.540198
0.0103229
0.168648
0.604787
0.691376
0.0145333
0.644226
0.387057
0.295289
0.734658
0.0943823
0.0010072
0.338304
0.0274376
0.159286
0.58374
0.76866
0.0139384
0.484118
0.132114
0.000468195
0.271684
0.277682
0.00212563
0.00591283
0.687038
0.121189
0.262733
0.446391
0.713795
0.665315
0.703948
0.234645
0.350383
0.0150247
0.306372
0.55567
0.353729
0.113547
0.548555
0.0182029
0.0147617
0.61047
0.410889
0.714388
0.0435801
0.27769
0.118654
0.0104538
0.0395601
0.712615
0.00269638
0.770323
0.503829
0.00236535
0.161892
0.70833
0.384007
0.000356371
0.270315
0.00428315
0.559669
0.59743
0.386466
0.636024
0.765184
0.586739
0.00931862
0.392739
0.244019
0.67071
0.124803
0.367234
0.672754
0.0197506
0.506684
0.82705
0.00122089
0.202695
0.317429
0.751273
0.590478
0.0928525
0.32542
0.449456
0.0439943
0.0415787
0.0812231
0.561394
0.716328
0.548922
0.0602037
0.498448
0.0332458
0.595925
0.160463
0.368788
0.112862
0.310403
0.530739
0.307956
0.00679346
0.33406
0.152349
0.000953996
0.446963
0.077197
0.626773
0.0872899
0.505557
0.451972
0.470112
0.425091
0.337239
8.77813e-05
0.120469
0.598153
0.000515513
0.215245
0.536555
0.666923
0.601536
0.0132537
0.182012
0.129699
0.101655
0.704132
0.27863
0.0652774
0.186631
0.270805
0.406319
0.00232675
0.820472
0.0246621
0.603647
0.0053908
0.231832
0.00378038
0.120854
5.61039e-05
0.666295
0.000126457
0.0479906
0.452422
0.00162418
0.574325
0.000927504
0.00509356
0.00162543
0.00290299
0.680992
0.506261
0.0354559
0.329157
0.292832
0.137438
0.0499578
0.454669
0.342378
0.0488348
0.170904
0.612162
0.0112279
0.0658329
0.0658741
0.498336
0.0395328
0.000769199
0.730423
0.472259
0.10345
0.0698008
0.596302
4.36271e-05
0.258393
0.6116
0.379875
0.714297
0.603628
0.67654
0.758354
0.334249
0.540079
0.497733
0.267986
0.109309
0.39327
0.0232432
0.275964
0.534543
0.542939
0.109651
0.302654
0.237213
0.284254
0.777476
0.711028
0.754614
0.406433
0.158867
0.000107128
0.819019
0.0241766
0.0338852
0.0202679
0.66939
0.0319208
0.878143
0.589156
0.289168
0.443633
0.237916
0.575706
0.465597
0.00931838
0.470495
0.466508
0.12427
0.307711
0.5443
0.0257139
5.29604e-05
0.0149713
0.170624
0.244866
0.583491
0.306073
0.0426137
0.336861
0.045142
0.0863008
0.562606
0.587083
0.712334
0.795425
0.182994
0.274187
0.0382383
0.0611419
0.560392
0.267852
0.0254299
0.149064
0.2814
0.10257
0.709423
0.649089
0.00939014
0.0108309
0.0728595
0.453127
0.221491
0.70178
0.0183498
0.0618727
0.522155
0.508241
0.0944876
0.587989
0.015861
0.00906254
0.437248
0.270001
0.240193
0.0720922
0.198646
0.000652198
0.281198
0.258356
0.339768
0.268571
0.32146
0.525935
0.480345
0.474608
0.276288
0.643256
0.031492
0.00626045
0.782545
0.335331
0.479774
0.0141558
0.305693
0.0253469
0.471166
0.364173
0.63461
0.277929
0.760319
0.19152
0.127885
0.496639
0.472548
0.0135742
0.726435
0.00408035
0.000998471
0.00705865
0.346422
0.128644
0.00450385
0.230486
0.216295
0.711714
0.720483
0.000514725
0.467779
0.4807
0.00247234
0.462383
0.0662849
0.58292
0.120047
0.332122
0.804946
0.0156551
0.593111
0.0860141
0.00104473
0.39872
0.0023892
0.226636
0.341408
0.0136276
0.376013
0.11165
0.624472
0.237965
0.0621777
0.476289
0.38294
0.239964
0.46474
0.464659
0.149236
0.0558938
0.283121
0.167104
0.614863
0.229505
0.00454126
0.0237542
0.00273691
0.476582
0.156701
0.00144036
0.505633
0.0518457
0.343211
0.362203
0.0895911
0.0286412
0.175707
0.184309
0.480371
0.166047
0.224085
0.00432338
0.784667
0.029128
0.00953286
0.511782
0.428021
0.00852697
0.530768
0.614667
0.00704188
0.143787
0.105889
0.244998
0.0591958
0.000644344
0.0637706
0.33678
0.000842754
0.000259597
0.000156888
0.0166513
0.385403
0.312681
0.0363604
0.017605
0.67466
0.248024
0.691903
0.28845
0.233773
0.850468
0.153726
0.502301
0.045466
0.22275
0.169377
0.258776
0.00069378
0.00241161
0.197024
0.508419
0.098819
0.467963
0.387589
0.00114411
0.313235
0.275248
0.200511
0.429262
0.032561
0.301121
0.0153346
0.368753
0.584574
0.481266
0.388053
0.434099
0.272474
0.320958
0.0327219
0.376727
0.00270751
0.559951
0.338212
0.48259
0.038693
0.165042
0.0101089
0.426739
0.786486
0.280409
0.602944
0.334265
0.890119
0.223308
0.112235
0.593336
0.00986499
0.635751
0.00232737
0.715761
0.479392
0.59242
0.274229
0.17357
0.170264
0.00658044
0.00447253
0.582381
0.386135
0.627898
0.454074
0.562884
0.511224
0.208866
0.00222462
0.176985
0.0855922
0.447792
0.344571
0.230969
0.00567875
0.783048
0.00179182
0.64076
0.0418966
0.111728
0.00200848
0.683444
0.0870912
0.120926
0.132806
0.5055
0.274167
0.146259
0.853503
0.519213
0.276572
0.0749072
0.200602
0.45757
0.189732
0.0297671
0.0163488
0.439299
0.0897088
0.618937
0.00131296
0.0658821
0.385475
0.0119009
0.00272568
0.000459954
0.140375
0.00596298
0.000464536
0.291077
0.812451
0.379651
0.00139992
0.427885
0.167306
0.233407
0.0168887
0.365475
0.530618
0.617503
0.00489095
0.00220185
0.123219
0.0333413
0.0028683
0.137658
0.239069
0.0821644
0.000392442
0.0761268
0.0297128
0.0467279
0.850629
0.197753
0.433238
0.471614
0.711137
0.163576
0.03274
0.0372897
5.67759e-05
0.372474
0.0115746
0.0869688
0.626763
0.41261
0.592383
0.902898
0.000741672
0.171728
0.465583
0.00176205
0.000365643
0.555632
0.825798
0.628895
0.440772
0.0715479
0.0779969
0.782157
0.574967
0.219355
0.76052
0.64514
0.561689
0.359665
0.00150141
0.471523
0.267836
0.368251
0.550856
0.581885
0.495565
0.462256
0.70363
0.116879
0.00576877
0.677797
0.543156
0.37002
0.0119463
0.654907
0.329549
0.179881
0.367193
0.0678281
0.00576715
0.765728
0.440535
0.886083
0.884632
0.5961
0.865785
0.579501
0.803934
0.381738
0.643706
0.000890793
0.586507
0.65085
0.464741
0.512716
0.118488
0.00940138
0.209843
0.0108887
0.522316
0.000358054
0.932466
0.117254
0.441267
0.121697
0.0604151
0.443883
0.579359
0.00529907
0.322171
0.342143
0.000179317
0.39115
0.000280201
0.00641309
0.586806
0.110906
0.00247898
0.238706
0.701862
0.383246
0.0229859
0.0110293
4.1941e-05
0.195834
0.232589
0.340654
0.256965
0.735638
0.14829
0.429539
0.000213693
0.0274084
0.237071
0.0260436
0.0117293
0.324213
0.00306122
0.0248818
0.543147
0.343252
0.73709
0.195953
0.659772
0.650544
0.80986
0.0509198
0.616507
0.582857
0.698017
0.68142
0.0148491
0.0066438
0.573564
0.0988199
0.208376
0.620445
0.315944
0.192004
0.0782507
0.365153
0.648208
0.363632
0.147334
0.704989
0.00336366
0.00931487
0.788668
0.45513
0.445655
0.642556
0.208616
0.55702
0.0620772
0.520496
0.0903025
0.544103
0.743408
0.131541
0.0196174
0.500936
0.0110872
0.00761183
0.435778
0.411324
0.590608
0.175846
0.569319
0.00916997
0.509659
0.0399856
0.655504
0.275339
0.251169
0.0304662
0.328914
0.0485575
0.242224
0.586574
0.00421597
0.256333
0.00221223
0.826808
0.3084
0.290499
0.47097
0.30012
0.665443
0.0579454
0.22934
0.298956
0.038743
0.121965
0.398549
0.0234484
0.00523543
0.00585017
0.508255
0.576086
0.5052
0.044391
0.434284
0.717183
0.336355
0.768582
0.490921
0.888418
0.00893301
0.0775954
0.035712
0.691106
0.759245
0.0109851
0.448782
0.861986
0.184588
0.184153
0.595715
0.643971
0.340581
0.225742
0.604982
0.50571
0.00138503
0.0301805
0.610439
0.417397
0.0278007
0.0149285
0.0195138
0.0207487
0.446149
0.216851
0.886927
0.0466632
0.250063
0.0183208
0.27047
0.00738106
0.26564
0.0426894
0.0345731
0.809568
0.0127082
0.248311
0.0650194
0.0277424
0.749926
0.0309785
0.0103936
0.00158313
0.117819
0.286162
0.0675374
0.166205
0.0166631
0.134871
0.0134987
0.209748
0.208949
0.0104574
0.55785
0.0369227
0.689796
0.0137996
0.545511
0.0737124
0.268273
0.291382
0.430066
0.0406731
0.00592375
0.561259
0.075967
0.278727
0.000862497
0.149965
0.741884
0.190855
0.682069
0.502233
0.0239774
0.857832
0.286439
0.293384
0.225163
0.377426
0.00658626
0.805403
0.515062
0.220981
0.00262146
0.447271
0.000105331
0.0167126
0.531135
0.000909614
0.0614428
0.00165711
0.603291
0.0140046
0.657733
0.231369
0.347855
0.31767
0.128589
0.00711746
0.0145174
0.473765
0.392582
0.703461
0.511172
0.00194208
0.580284
0.168854
0.173972
0.216109
0.00408958
0.36808
0.0671836
0.0933255
0.131107
0.538833
0.421445
0.238393
0.275414
0.348265
0.162912
0.3826
0.720303
0.651922
0.128507
0.436528
0.10598
0.025805
0.914031
0.19606
0.409157
0.00119447
0.483878
0.00400401
0.0671261
0.713142
0.200409
0.786478
0.186723
0.215824
0.0353707
0.100257
0.204721
0.0211097
0.00410541
0.636701
0.0667549
0.324953
0.0880774
0.0272893
0.169811
0.198529
0.118955
0.0198533
0.266786
0.47276
0.40368
0.123181
0.0398721
0.567839
0.127281
0.336494
0.000366772
0.413019
0.0108044
0.0178506
0.17691
0.0181702
0.0672285
0.208351
0.325046
0.148143
0.114458
0.0443312
0.591353
0.372542
0.131514
0.209821
0.64035
0.00805578
0.0402504
0.555835
0.261131
0.601509
0.76881
0.271826
0.00120623
0.0164885
0.226486
0.590298
0.62743
0.134499
0.000860941
0.280993
0.580914
0.399347
0.0209057
0.352088
0.699943
0.0740691
0.00796311
0.430475
0.0213968
0.180104
0.14057
0.718044
0.103496
0.0943847
0.258669
0.530065
0.39538
0.201027
0.180855
0.733382
0.120825
0.492529
0.462252
0.620502
0.000686589
0.0156576
0.200938
0.0127505
0.359914
0.00109337
0.0377462
0.518186
0.0896047
0.731279
0.073667
0.802749
0.00222263
0.0647184
0.288312
0.199606
0.576359
0.144414
0.617587
0.405365
0.13749
0.0443336
0.0021351
0.0290561
0.402925
0.245368
0.0938041
0.161113
0.0138502
0.676871
0.174332
0.119179
0.00699277
0.245305
0.0307353
0.739144
0.697039
0.590784
0.657823
0.486258
0.752681
0.160614
0.279245
0.00210403
0.695164
0.510097
0.52962
0.150038
0.364947
0.536913
0.181945
0.420724
0.609105
0.183238
0.267238
0.376466
0.338886
0.522291
0.0694379
0.626141
0.144985
0.293876
0.789338
0.37835
0.109426
0.0108341
0.0547247
0.261346
0.621786
0.466091
0.671987
0.0375664
0.658929
0.155802
0.313186
0.381562
0.543648
0.0069985
0.0135846
0.038343
0.530621
0.00615855
0.51283
0.0883048
0.126361
0.0872779
0.000588016
0.637432
0.000435474
0.823355
0.00831688
0.418189
0.454494
0.338312
0.037602
0.30806
0.00443885
0.00277529
0.49626
0.651765
0.00836451
0.0573298
0.28185
0.167827
0.562029
0.480138
0.156438
0.299747
0.177682
0.0272949
0.666644
0.753254
0.459227
0.320337
0.432562
0.145836
0.610747
0.0418635
0.458086
0.00270818
0.00735629
0.111086
0.0401342
0.56678
0.000389872
0.0114478
0.382439
0.514227
0.181707
0.0497021
0.452438
0.29945
0.685765
0.295008
0.248809
0.0127919
0.384154
0.14231
0.000579955
0.218541
0.186951
0.0527057
0.725007
0.00100931
0.104797
0.870197
0.452013
0.716714
0.048417
0.227085
0.305894
0.689626
0.0102316
0.0180834
0.0122461
0.467521
0.222789
0.0797131
0.656667
0.017796
0.282511
0.19912
0.0338766
0.491021
0.0929059
0.0725618
0.593821
0.492449
0.571372
0.00293022
0.56598
0.0841087
0.00356694
0.412638
0.358118
0.494673
0.359491
0.0248449
0.183203
0.338721
0.422239
0.0128265
0.717198
0.63365
0.828691
0.0199427
0.215121
0.00108276
0.80078
0.481286
0.305416
0.00225631
0.280644
0.492026
0.00215544
0.201364
0.0172282
0.0565366
0.764498
0.0444626
0.625977
0.0380082
0.0137824
0.738063
0.428443
0.799163
0.732617
0.595523
0.0234608
0.000647987
0.223832
0.750736
0.617721
0.0176363
0.00218954
0.395979
0.523244
0.748684
0.269063
0.00923442
0.000558113
0.000157281
0.165778
0.261141
0.0766404
0.173482
0.0580778
0.0321558
0.33883
0.000257074
0.341443
0.253903
0.354842
0.0089698
0.00503313
0.125054
0.686474
0.169271
0.158291
0.730575
0.458914
0.0156851
0.350156
0.0494264
0.0076011
0.157087
0.552802
0.245736
0.259711
0.426809
0.438715
0.534105
0.162037
0.674651
0.412635
0.00302592
0.350093
0.00109282
0.0153456
0.0632828
0.142071
0.0937211
0.150421
0.404373
0.427112
5.45094e-05
0.276446
0.0528595
0.0438944
0.596163
0.00530168
0.51358
0.0177445
0.181897
0.00744138
0.0901663
0.0243675
0.00653721
0.369438
0.857515
0.233499
0.320871
0.415711
0.804299
0.469091
0.652309
0.194002
0.43234
0.386677
0.000405795
0.0589524
0.00471595
0.475929
0.534263
0.577588
0.797435
0.864482
0.0016464
0.000798989
0.384307
0.236638
0.137823
0.0143961
0.169643
0.00449317
0.253078
0.550935
0.0562343
0.260088
0.0762369
0.232926
0.268521
0.721308
0.0356109
0.436101
0.400573
0.546712
0.00352811
0.10677
0.414922
0.0235935
0.259013
0.053953
0.287433
0.0227366
0.382081
0.432861
0.53349
0.0330593
0.00285579
0.233642
0.708972
0.430098
0.526579
0.784299
0.116322
0.339616
0.446538
0.68276
0.188923
0.599806
0.591744
0.0068196
0.0186155
0.0363842
0.205883
0.216175
0.00808469
0.402103
0.560865
0.0122006
0.0699527
0.166744
0.0208141
0.700008
0.0136467
0.241072
0.560869
0.144917
0.187436
0.481828
0.212769
0.000618341
0.0032138
0.443347
0.0160284
0.000900072
0.265862
0.277914
0.00653812
0.102096
0.0118133
0.679526
0.438759
0.00497684
0.0669452
0.614794
0.24425
0.0510305
0.0977045
0.657705
0.418423
0.72957
0.000921457
0.64872
0.110919
0.532801
0.210795
0.0047327
0.413884
0.492986
0.105916
0.314066
0.0720995
0.939797
0.1983
0.0259587
0.609048
0.267126
0.0689159
0.712744
0.45124
0.350805
0.507288
0.290416
0.0763307
0.126195
0.0515033
0.621004
0.11146
0.51753
0.00903445
0.0147313
0.517807
0.00467143
0.251933
0.312746
0.184688
0.156033
0.226005
0.658693
0.118956
0.549477
0.496532
0.00173335
0.0285879
0.0592942
0.0193201
0.000879474
0.303599
0.173057
0.243015
0.589939
0.0870764
0.683857
0.547104
0.0235337
0.00189407
0.342948
0.0826551
0.790204
0.380442
0.354184
0.560425
0.0513489
0.177859
0.490695
0.116749
0.364617
0.676719
0.036288
0.0154036
0.271276
0.352504
0.257483
0.323778
0.691964
0.535406
0.522809
0.0772006
0.347703
0.000322962
0.378671
0.502539
0.0350577
0.0626186
0.00614041
0.0893543
0.0256529
0.00762289
0.146505
0.0205758
0.0817392
0.236889
0.00173449
0.473612
0.209253
0.263708
0.283768
0.00427497
0.759609
0.224343
0.010288
0.447865
0.00247807
0.551534
0.170941
0.763622
0.112843
0.0155969
0.102121
0.342167
0.357117
0.543622
0.366917
0.0537901
0.00320522
0.114927
0.18825
0.105524
0.374244
0.0022163
0.100817
0.786774
0.319215
0.000456106
0.529427
0.0869661
0.511283
0.372002
0.633186
0.504419
0.0291106
0.341909
0.0206705
0.00938194
0.273444
0.00160086
0.0274594
0.00727177
0.0983801
0.504204
0.202321
0.0308696
0.27837
0.0276785
0.0257119
0.640268
0.21407
0.0361719
0.610691
0.299483
0.0801227
0.514688
0.521899
0.253776
0.0166526
0.00074667
0.662875
0.000428454
0.00631225
0.198784
0.183586
0.00225031
0.265681
0.433661
0.195088
0.3974
0.32837
0.500088
0.653123
0.342082
0.397456
0.469514
0.0320458
0.000427265
0.1628
0.0612992
0.222083
0.393903
0.457094
0.000296655
0.108178
0.363562
0.464474
0.565242
0.225332
0.0436332
0.647584
0.352383
0.790361
0.00326594
0.340681
0.229596
0.873302
6.19207e-05
0.508895
0.489179
0.154654
0.161505
0.0251028
0.0591547
0.805338
0.0164562
0.45654
0.517397
0.138027
0.848644
0.107164
0.260924
0.585455
0.277976
0.57004
0.379227
0.00296578
0.362515
0.713958
8.47488e-05
0.536922
0.084906
0.0042585
0.000874589
0.138892
0.626216
0.167316
0.291409
0.00783297
0.0122067
0.293996
0.661362
0.0136696
0.0264072
0.711074
0.0332603
0.717628
0.422822
0.276692
0.635918
0.338759
0.0345088
0.0291042
0.00821891
0.0132867
0.014414
0.00162521
0.127993
0.21853
0.519563
0.437672
0.175542
0.0135614
0.0299938
0.250148
0.0405837
0.000757302
0.712262
0.626791
0.261793
0.542191
0.0210264
0.682199
0.404836
0.101504
0.288026
0.00257544
0.0502413
0.0535035
0.0108749
0.0583902
0.57734
0.15955
0.743968
0.0704623
0.000788102
0.00932586
0.00653504
0.210178
0.350302
0.689815
0.476878
0.206993
0.053275
0.000766393
0.555517
0.534658
0.199567
0.693409
0.271747
0.143075
0.229299
0.232285
0.322703
0.000567034
0.00355058
0.178371
0.554887
0.459233
0.00217459
0.00768978
0.000611427
0.112659
0.669123
0.318231
0.32109
0.00772342
0.19103
0.628105
0.716081
0.0365373
0.0768359
0.0506156
0.428808
0.555703
0.41637
0.627445
0.0301611
0.0041994
0.0369697
0.164213
0.135107
0.0154939
0.0108086
0.0756862
0.187254
0.447694
0.60895
0.493892
0.00043561
0.000399444
0.0177399
0.114698
0.245486
0.0836819
0.174907
0.0960845
0.0940121
0.00244444
0.0465563
0.548133
0.748002
0.401927
0.349937
0.333235
0.474148
0.434557
0.58824
0.235892
0.00614809
0.115513
0.748244
0.655601
0.522725
0.318109
0.532485
0.0623606
0.492824
0.313379
0.00782126
0.000234751
0.000172759
0.674022
0.0929673
0.00887242
0.0322791
0.115078
0.452284
0.686927
0.0708757
0.49897
0.00120135
0.419097
0.278248
0.0359505
0.502052
0.0937523
0.142297
0.168428
0.315047
0.678245
0.488181
0.780819
0.0396126
0.0980771
0.125753
0.349003
0.0981242
0.0811272
0.137034
0.220203
0.591286
0.453184
0.0119186
2.96924e-05
0.821159
0.456807
0.00257926
0.452483
0.108677
0.414522
0.014417
0.00142699
0.000794607
0.597429
0.632899
0.211324
0.0615423
0.84208
0.557954
0.437985
0.0068636
0.122892
0.187494
0.0606802
0.119028
0.0113859
0.264272
0.640783
0.333557
0.030775
0.148563
0.0076594
0.000341584
0.679054
0.630443
0.737419
0.0911665
0.559695
0.231344
0.805681
0.422375
0.392016
0.731877
0.0792356
0.11678
0.0221496
0.00546125
0.504346
0.0292369
0.0286052
0.43495
0.532032
0.246126
0.0188637
0.287132
0.0249909
0.739458
0.0440114
0.0289348
0.669983
0.542657
0.678943
0.766259
0.00973867
0.836968
0.475283
0.321413
0.42137
0.250812
0.745558
0.231215
0.103493
0.0209824
0.708651
0.00776072
0.345771
0.760406
0.363675
0.0831426
0.627259
0.0698763
0.403181
0.0176364
0.00161842
0.511264
0.450855
0.72355
0.459387
0.571184
0.0329867
0.324223
0.622858
0.83088
0.235914
0.335146
0.484021
0.173496
0.0628918
0.423848
0.504169
0.475143
0.0928748
0.517753
0.682551
0.0309114
0.00343048
0.0465499
0.614383
0.0122073
0.696177
0.681965
0.200052
0.0246276
0.452192
0.727428
0.0457201
0.00071941
0.678595
0.338961
0.54054
0.666238
0.0161775
0.567611
0.568215
0.872986
0.000316042
0.175033
0.454736
0.526284
0.538359
0.285544
0.684481
0.566123
0.0730281
0.0407863
0.182449
0.386318
0.0833578
0.292303
0.354184
0.319461
0.439195
0.524517
0.0568509
0.631599
0.00601397
0.713989
0.0117897
0.513039
0.0105904
0.0291831
0.392449
0.28389
0.498642
0.00539886
0.0490188
0.319919
0.541103
0.313202
0.143794
0.414317
0.0950081
0.106829
0.00347283
0.515339
0.0036464
0.850998
0.132557
0.13857
0.663721
0.0051263
0.00190103
0.026408
0.165185
0.706665
0.42144
0.0396098
1.64881e-05
0.426906
0.445992
0.437937
0.46307
0.244057
0.177592
0.256684
0.00135041
0.0686676
0.196514
0.346519
0.387964
0.100921
0.136432
0.388923
0.781208
0.00482385
0.416057
0.368965
0.101033
0.0897206
0.563588
0.0946714
0.483045
0.025144
0.00155618
0.1503
0.270719
0.526294
0.553891
0.0504289
0.259986
0.478844
0.371014
0.429704
0.641723
0.62369
0.413067
0.0868727
0.274542
0.00284177
0.748905
0.0807503
0.438604
0.0762608
0.110156
0.587098
0.000933445
0.257369
0.000444821
0.000696964
0.314703
0.193305
0.672071
0.717933
0.00421631
0.139903
0.336448
0.656024
0.000842921
0.315929
0.263166
0.259254
0.0433605
0.0190908
0.635875
0.370625
0.513257
0.672106
0.260871
0.292935
0.450081
0.0038947
0.00403558
0.440711
0.2593
0.716585
0.103769
0.00325432
0.05493
0.465377
0.702454
0.117806
0.356863
0.930052
0.488708
0.823719
0.497178
0.0749835
0.656713
0.176259
0.00279868
0.453108
0.407121
0.517927
0.0809956
0.452978
0.0075209
0.197926
0.28251
0.195428
0.550586
0.00969682
0.293386
0.00532594
0.000194576
0.60118
0.357889
0.00260597
5.25771e-06
0.616136
0.252358
0.524313
0.179967
0.0794087
0.25644
0.529668
0.142618
0.0275247
0.511493
0.258608
0.141893
0.911121
3.61657e-05
0.226164
0.429628
0.306062
0.760749
0.350307
0.323277
0.139343
0.406649
0.137069
0.29306
0.657359
0.583609
0.00252888
0.328122
0.0720783
0.141832
0.273763
0.564164
0.00263558
0.0181434
0.466113
0.166578
0.00241933
0.372321
0.462057
0.000419109
0.242569
0.542837
0.404724
0.190756
0.177471
0.116841
0.280856
0.883046
0.0053349
0.630176
0.0072291
0.244076
0.676804
0.00428073
0.580599
0.565371
0.442341
0.0321309
0.639615
0.627392
0.685778
0.000479353
0.270708
0.00234853
0.384426
0.0759683
0.0526008
0.000753755
0.0680921
0.00266889
0.325272
0.522224
0.0369285
0.460347
0.000454957
0.592717
0.170758
0.00379543
0.487311
0.0342614
0.0607695
0.0138132
0.0113976
0.00135974
0.216471
0.0369276
0.169961
0.404065
0.665852
0.000563629
0.812702
0.766274
0.15874
0.405857
0.630148
0.00290342
0.327761
0.392583
0.293839
0.606151
0.195347
0.0177041
0.377784
0.0215244
0.31057
0.0154533
0.506531
0.000892074
0.0281312
0.348497
0.568732
0.0577432
0.000823895
0.382741
0.386025
0.557592
0.000961257
0.323139
0.184877
0.0352557
0.721621
0.066484
0.0120921
0.550566
0.0500866
0.292813
0.215806
0.0534282
0.493413
0.342115
0.762541
0.00735801
0.659429
0.456143
0.790332
0.120793
0.0892865
0.0753922
0.00102129
0.117587
0.258122
0.00767961
0.426681
0.79972
0.169571
0.0384447
0.0242953
0.740145
0.375227
0.0611796
0.676795
0.16626
0.889901
0.0583848
0.0519227
0.308407
0.101564
0.267516
0.496043
0.688797
0.00761435
0.214371
0.426877
0.393227
0.764724
0.203131
0.0533647
0.0664607
0.632627
0.663423
0.00033208
0.130155
0.746528
0.391424
0.00409544
0.00292268
0.00924217
0.223927
0.296836
0.0680279
0.190032
0.629982
0.191368
0.403089
0.1759
0.0431368
0.156563
0.00262965
0.498857
0.487095
0.703476
0.792292
0.306345
0.602805
0.0154841
0.0395414
0.586716
0.00790719
0.682833
0.523909
0.229496
0.288616
0.334185
0.0548414
0.0307672
0.262336
0.591794
0.493253
0.457609
0.678102
0.530999
0.676853
0.656848
0.245257
0.351273
0.0290954
0.311704
0.234581
0.00219935
0.743838
0.000460393
0.276798
0.464685
0.399461
0.581877
0.00318476
0.001414
0.000472027
0.0508025
0.41669
0.481508
0.504109
0.568985
0.23976
0.271883
0.550893
0.0560737
0.817356
0.332246
0.70682
0.0214105
0.176335
0.305415
0.180937
0.539973
0.00314602
0.10577
0.0242176
0.49348
0.826141
0.0110572
0.348146
0.156082
0.413919
0.159737
0.641281
0.377515
0.88596
0.0302196
0.335944
0.467735
0.0251156
0.0960195
0.331628
0.645431
0.0133588
0.786105
0.244558
0.138722
0.587878
0.383202
0.099284
0.427075
0.0672605
0.26476
0.0977583
0.35867
0.00897321
0.739752
0.649393
0.000434749
0.0252806
0.676061
0.439992
0.320264
0.607381
0.457731
0.13978
0.0912699
0.0626403
0.00985651
0.260978
0.217166
0.306478
0.330942
0.469217
0.331662
0.735152
0.116753
0.0116407
0.735058
0.659981
0.00439105
0.365197
0.00197157
0.0140513
0.27943
0.742318
0.231496
0.180206
0.524522
0.157747
0.665424
0.516121
0.653978
0.204603
0.36039
0.100418
0.389225
0.34811
0.102843
0.0167235
0.529669
0.302541
0.722593
0.571738
0.102828
0.426003
0.597058
0.713695
0.157817
0.112045
0.59638
0.103725
0.0223465
0.157987
0.0215217
0.308898
0.749598
0.350099
0.0375429
0.481264
0.593303
0.22496
0.239159
0.722651
0.0662616
0.0270897
0.341062
0.129437
0.0882483
0.0275804
0.410527
0.245342
0.374574
0.256401
0.618841
0.258017
0.00242295
0.0310251
0.698847
0.00157438
0.269464
0.0165873
0.00375941
0.114918
0.00666503
0.870087
0.0154569
0.000548704
0.839192
0.139487
0.518141
0.565181
0.266075
0.204131
0.268916
0.794525
0.188295
0.124207
0.797416
0.319519
0.0592892
0.017168
0.358968
0.448511
0.174947
0.309948
0.514871
0.485977
0.140461
0.122909
0.531601
0.289217
0.0389465
0.0434568
0.022699
0.0955149
0.763819
0.516639
0.110744
0.0517564
0.54104
0.803343
0.337453
0.234793
0.284531
0.0550436
0.543351
0.68539
0.66726
0.790337
0.117397
0.704634
0.0122181
0.320993
0.114607
0.607251
0.321451
0.617177
0.810583
0.375978
0.0164928
0.89704
0.613785
0.433059
0.475076
0.296567
0.238898
0.414309
0.306587
0.141795
0.730991
0.683354
0.341091
0.0103383
0.500133
0.728153
0.600691
0.684468
0.234165
0.733159
0.332817
0.0074989
0.518677
0.699821
0.31834
0.146238
0.510709
0.046716
0.519168
0.373102
9.64201e-05
0.670893
0.0630241
0.44516
0.449408
0.706922
0.613975
0.256057
0.60523
0.302348
0.373527
0.595762
0.235028
0.404583
0.682012
0.322333
0.0458683
0.000465635
0.0301302
0.00579011
0.231952
0.234607
0.116859
0.0403736
0.0725983
0.431936
0.109437
0.157994
0.266505
0.238701
0.397536
0.197381
0.55841
0.403658
0.0758094
0.484669
0.172276
0.0212256
0.0205186
0.19552
0.368091
0.33413
0.695875
0.465766
0.00435511
0.499235
0.330524
0.751127
0.221328
0.0285547
0.109589
0.607763
0.350886
0.625837
0.746255
0.638249
0.0624296
0.739071
0.0107183
0.0602157
0.0752841
0.629534
0.243497
0.514712
0.566941
0.472163
0.381747
0.114617
0.0134647
0.15963
0.109742
0.709444
0.53674
0.00522151
0.0086586
0.126448
0.29423
0.0629428
0.328688
0.477243
0.0909977
0.00409579
0.203097
0.276622
0.45126
0.865197
0.0114003
0.640262
0.548157
0.000802377
0.0923839
0.357381
0.352085
0.0271393
0.56113
0.0484828
0.345482
0.000133822
0.854427
0.000152967
0.572561
0.783599
0.562304
0.456212
0.749049
0.0367439
0.0562912
0.0523366
0.387543
0.392434
0.0108072
0.0613447
0.464336
0.5369
0.669368
0.284537
0.824419
0.644819
0.650745
0.552138
0.613269
0.0727126
0.0711282
0.155669
0.045129
0.332123
0.660339
0.0178274
0.549267
0.0121311
0.126941
0.375095
0.150247
0.124674
0.602734
0.494725
0.361411
0.0338395
0.790791
0.220246
0.456031
0.196946
0.338623
0.167311
0.48163
0.373971
0.241888
0.263147
0.362695
0.112872
0.206352
0.769536
0.521154
0.385154
0.179494
0.38293
0.021604
0.0273904
0.0811015
0.670801
0.00133541
0.539238
0.68961
0.716589
0.00709597
0.0273256
0.546443
0.193353
0.00285162
0.23759
0.657138
0.119403
0.862426
0.787883
0.348227
0.317565
0.210509
0.0190601
0.586759
0.173572
0.0628157
0.22467
0.0277674
0.00664114
0.432129
0.304075
0.0235812
0.346085
0.268088
0.359217
0.00816368
0.56675
0.0036139
0.176356
0.034783
0.204036
0.208111
0.0595654
0.479055
0.757452
0.346003
0.0281637
0.795651
0.00645522
0.294606
0.00244715
0.174333
0.351536
0.592409
0.792264
0.28923
0.319141
0.206323
0.000474853
0.0122406
0.326509
0.520715
0.380541
0.0175512
0.0515703
0.751914
0.192214
0.00810424
0.0049838
0.392669
0.00130192
0.392941
0.341374
0.292987
0.777671
0.373252
0.000630244
0.809119
0.475934
0.362899
0.78831
0.364324
0.359128
0.306599
0.0029418
0.510971
0.680636
0.841121
0.589885
0.0313958
0.0570643
0.0392267
0.110991
0.0362508
0.0656182
0.385633
0.217934
0.0515708
0.158696
0.00198946
0.745356
0.462342
0.017676
0.0197235
0.0794541
0.58799
0.425731
0.327977
0.123349
0.610431
0.409929
0.56991
0.76224
0.00251357
0.423742
0.839672
0.76883
0.144254
0.251828
0.0160158
0.188354
0.0210568
0.00672769
0.613323
0.214761
0.798768
0.389697
0.564159
0.106718
0.546351
0.0137662
0.0592671
0.0353821
0.0344892
0.563526
0.455479
0.0446374
0.786438
0.173239
0.620654
0.0746693
0.530439
0.13191
0.120209
0.424213
0.00202709
0.0225899
0.191939
0.460278
0.742612
0.00934334
0.598178
0.217469
0.651299
0.179063
0.0381584
0.114225
0.320136
0.474725
0.109084
0.0429183
0.00251553
0.00341401
0.768366
0.0911008
0.0163984
0.589923
0.553625
0.586696
0.31995
0.832717
0.53914
0.0350955
0.593445
0.57401
0.527414
0.533774
0.206485
0.220145
0.464698
0.0134762
0.33333
0.0337339
0.272193
0.674269
0.00411505
0.129359
0.0146383
0.515141
0.0455518
0.668706
0.107855
0.641597
0.00168639
0.549587
0.121221
0.106103
0.453229
0.289681
0.50943
0.454329
0.833724
0.0444763
0.0259551
0.259844
0.356005
0.154262
0.344964
0.0328169
0.332242
0.269137
0.369577
0.206726
0.109018
0.482974
0.00621456
0.353978
0.119323
0.0167329
0.641727
0.0289311
0.083813
0.564681
3.73887e-05
0.372286
0.0572589
0.518718
0.0485877
0.651365
0.686981
0.648588
0.00191026
0.578258
0.00542695
0.0283467
0.101164
0.410358
0.467843
0.000227642
0.584836
0.447061
0.0354734
0.00491655
0.00190815
0.216339
0.537004
0.0777595
0.203467
0.26488
0.636564
0.557701
0.802786
0.0376242
0.365391
0.0318054
0.204502
0.0202072
0.383907
0.701125
0.492831
0.110372
0.537744
0.178511
0.110481
0.542015
0.211238
0.257533
0.534383
0.149546
0.466986
0.179847
0.0223346
0.0519325
0.710961
0.194509
0.697959
0.493897
0.528215
0.826532
0.234507
0.528807
0.535913
0.0100235
0.224345
0.297041
0.0953131
0.210521
0.000720959
0.785046
0.72478
0.745959
6.85915e-05
0.125846
0.268793
0.177543
0.111869
0.0987233
0.729103
0.75515
0.383568
0.567444
0.618029
0.395417
0.148376
0.100197
0.314868
0.103732
0.000785586
0.157796
0.218013
0.139143
0.0371174
0.0589249
0.0990872
0.00690604
0.375386
0.000991801
0.419207
0.0679202
0.560896
0.371266
0.256756
0.539867
0.194737
0.0311361
0.00524074
0.0444708
0.435813
0.625379
0.0272227
0.12245
0.209704
0.182788
0.587026
0.115505
0.317797
0.806849
0.077145
0.430607
0.00137303
0.388051
0.37803
0.00106261
0.41606
0.442197
0.000803228
0.416702
0.00497787
0.0993242
0.798327
0.442148
0.56996
0.164648
0.392163
0.0813487
0.453962
0.14285
0.571499
0.127446
0.295816
0.0242431
0.649889
0.214568
0.0184504
0.546019
0.00313278
0.300941
0.0229897
0.423099
0.198547
0.611023
0.5749
0.219972
0.22715
0.761676
0.375146
0.23469
0.00625923
0.31566
0.015574
0.131568
0.221451
0.200608
0.0130947
0.0103797
0.0344121
0.0131801
0.0279804
0.400821
0.000174451
0.311905
0.00206538
0.462086
0.589415
0.180092
0.405116
0.0293556
0.00565948
0.73022
0.000323618
0.491686
0.101776
0.397562
0.0628867
0.00125861
0.699292
0.857642
0.0238796
0.188265
0.315966
0.282735
0.370898
0.0428348
0.789453
0.340924
0.0922147
0.701684
0.403372
0.505202
0.294533
0.201287
0.591978
0.300523
0.485697
0.284876
0.164201
0.00603696
0.420366
0.773217
0.0795218
0.28776
0.555169
0.434443
0.575841
0.327464
0.52709
0.680405
0.0274562
0.472759
0.543707
0.861069
0.67877
0.00441176
0.166404
0.614197
0.343467
0.315526
0.0352916
0.170532
0.592698
0.502428
0.253762
0.713311
0.196091
0.856437
0.410372
0.482266
0.716398
0.421399
0.105511
0.520173
0.35292
0.0532972
0.155844
0.00823579
0.0117764
0.00819571
0.803995
0.593239
0.796169
0.0115385
0.362531
0.0610232
0.605246
0.53392
0.227747
0.207044
0.00905706
0.161468
0.272075
0.322987
0.611489
0.188736
0.313471
0.114016
0.0331673
0.0333007
0.0937527
0.684732
0.594183
0.50561
0.723799
0.756314
0.691811
0.0073544
0.127847
0.00485569
0.40549
0.286884
0.271679
0.185881
0.231993
0.624025
0.821855
0.119383
0.682673
0.00676773
0.639726
0.483078
0.375326
0.244493
0.0537726
0.33199
0.123089
0.0220998
0.671145
0.157562
0.00269959
0.0028325
0.170194
0.718808
0.0189178
0.313212
0.033715
0.022719
0.207789
0.725679
0.475863
0.522731
0.681724
0.239162
0.694735
0.0142242
0.094021
0.251972
0.00499016
0.492717
0.000378882
0.554785
0.246907
0.0134166
0.220429
0.0689875
0.220601
0.61827
0.523643
0.434627
0.358504
0.195113
0.64261
0.697484
0.217426
0.699454
0.330638
0.00192082
0.104817
0.0190386
0.160202
0.539118
0.245375
0.213528
0.236334
0.366461
0.266295
0.301084
0.102256
0.010773
0.213462
0.00373579
0.22542
0.0342613
0.194101
0.543915
0.013786
0.476598
0.518647
0.648448
0.0893842
0.677561
0.714494
0.671959
0.231337
0.257551
0.0150279
0.0284923
0.00375184
0.000340496
0.245243
0.72598
0.0343019
0.0166356
0.432623
0.384204
0.0126198
0.0474116
0.212483
0.253307
0.212584
0.65749
0.0021455
0.196942
0.0459586
0.208708
0.569594
0.784985
0.432107
0.658713
0.00833958
4.37637e-05
0.0364113
0.618479
0.146513
1.88664e-05
0.554646
0.203721
0.423685
0.386363
0.0659366
0.501489
0.156808
0.411324
0.0249453
0.0597164
0.0759332
0.431429
0.429253
0.00935526
0.768885
0.666949
0.413197
0.569367
0.722968
0.414456
0.854333
0.0525582
0.56657
0.593132
0.712292
0.00546515
0.14609
0.702752
0.716606
0.579466
0.176572
0.694999
0.56326
0.489125
0.755216
0.387164
0.111988
0.606654
0.0759463
0.198857
0.136959
0.568807
0.0615235
0.25862
0.612218
0.0714771
0.32687
0.494595
0.424912
0.232475
0.362653
0.00373309
0.0362547
0.0594047
0.000105084
1.12191e-05
0.682108
0.354362
3.34998e-06
0.17989
0.474626
0.217399
0.357246
0.33879
0.00045764
0.108057
0.67415
0.375556
0.67296
0.73344
0.10913
0.500092
0.12614
0.143668
0.287929
0.104828
0.253204
0.423693
0.176539
0.0729265
0.364002
0.571605
0.672019
0.498596
0.0058313
0.680784
0.00425531
0.329776
0.577711
0.472131
0.0852936
0.631571
0.0138857
0.27637
0.10058
0.320609
0.0450514
0.133192
0.0494334
0.327735
0.121053
0.388975
0.0718911
0.371126
0.407083
0.113434
0.0703957
0.423048
0.73803
0.211825
6.36685e-06
0.0545026
0.0632028
0.00282475
0.654665
0.140391
0.0898293
0.41145
0.183223
0.685728
0.0297351
0.00402419
0.671797
0.00963181
0.361747
0.003593
0.0143539
0.338367
0.428142
0.275556
0.572407
0.205795
0.243288
0.726324
0.243856
0.340553
0.63649
0.25395
0.182429
0.44374
0.858895
0.751405
0.706273
0.105666
0.726801
0.194116
0.0530607
0.0161244
0.619036
0.334982
0.158438
0.588499
0.144286
0.010354
0.268381
0.00465655
0.0140538
0.577755
0.168387
0.465278
0.66615
0.0393616
0.00738827
0.18448
0.68773
0.000321329
0.870534
0.664099
0.65273
0.683162
0.832353
0.75915
0.471126
0.58944
0.38401
0.325724
0.0688887
0.426646
0.0125265
0.0062274
0.399513
0.475362
0.0115594
0.364203
0.545783
0.0461271
0.567973
0.0323698
0.00237185
0.302276
0.0665597
0.639216
0.146574
0.0132929
0.16625
0.057177
0.611077
0.250673
0.00684603
0.0601269
0.583488
0.336091
0.544926
0.573742
0.000194076
0.017654
0.364572
0.605778
0.650582
0.284121
0.127795
0.000910578
0.379567
0.00236545
0.00626387
0.0170759
0.777693
0.00030086
0.0672312
0.669865
0.518179
0.038882
0.0463813
0.0165678
0.787642
0.0805786
0.247109
0.0707723
0.00339044
0.00395801
0.0234242
0.260837
0.0946016
0.475531
0.204212
0.449104
0.03196
0.479855
0.382212
0.00181257
0.793216
0.506376
0.0352996
0.594414
0.0336942
0.0825863
0.173063
0.410969
0.568956
0.749307
0.000829831
0.801765
0.0178988
0.182853
0.163586
0.0289729
0.793593
0.589886
0.283281
0.674514
0.24688
0.357363
0.0153317
0.477971
0.055141
0.0281555
0.24135
0.407718
0.033093
0.162153
0.615529
0.255688
0.0516917
0.32947
0.189818
0.117142
0.1642
0.779059
0.246426
0.509598
0.00634954
0.0695665
0.401399
0.250576
0.406531
0.000893803
0.596574
0.0837734
0.304603
0.150258
0.321706
0.390165
0.0858199
0.269898
0.32464
0.319253
0.357648
0.0353477
0.142475
0.178838
0.361076
0.0560623
0.00320204
0.019509
0.584208
0.827805
0.314885
0.00294491
0.611856
0.108273
0.0427819
0.657296
0.136629
0.525054
0.0983408
0.0472409
0.011859
0.335625
0.0395198
0.000640899
0.227295
0.865722
0.134892
0.60259
0.0543323
0.0628719
0.734208
0.219914
0.177216
0.0609026
0.0042664
0.00385807
0.719465
0.062805
0.338485
0.364333
0.357549
0.254474
0.688968
0.0352834
0.279906
0.0296328
0.492143
7.29694e-05
0.382538
0.360803
0.15078
0.159504
0.022236
0.00124816
0.548276
0.563255
0.000654062
0.113599
0.00402986
0.302215
0.0941689
0.198443
0.103898
0.444523
0.555251
0.405758
0.0389141
0.272882
0.00171366
0.304536
0.199663
0.678225
0.00635772
0.00113858
0.791594
0.0215291
0.165092
0.624962
0.0511587
0.107129
0.510637
0.21451
0.0344575
0.634861
0.0989234
0.30728
0.00241811
0.185836
0.252887
0.0101322
0.556816
0.13866
0.657728
0.221183
0.554778
0.18536
0.76155
0.649522
0.753355
0.433771
0.00116787
0.0472445
0.268447
0.473015
0.440526
0.00103868
0.55993
0.302725
0.662448
0.0189319
0.602622
0.806573
0.352926
0.125523
0.0234316
0.075933
0.705319
0.0349934
0.0882028
0.188315
0.000489368
0.0658277
0.558611
0.292959
0.596895
0.101176
0.0106991
0.0241358
0.130069
0.337681
0.045075
0.381084
0.631705
0.472881
0.386371
0.452112
0.00190644
0.0134819
0.424207
0.256958
0.117115
0.0619813
0.437709
0.0326308
0.0513091
0.0131257
0.359068
0.655282
0.595129
0.144589
0.295118
0.542846
0.713047
0.435823
0.373322
0.10643
0.640498
0.433378
0.328455
0.00260318
0.0802184
0.0879801
0.410786
0.277753
0.763311
0.00741461
0.0888957
0.555515
0.0547182
0.0168299
0.482735
0.648146
0.234508
0.0258413
0.216295
0.649399
0.865289
0.185998
9.67872e-05
0.284094
0.237945
0.332
0.0295881
0.140641
0.149055
0.291721
0.173028
0.60773
0.275853
0.210725
0.305738
0.68276
0.125489
0.0981001
0.000974313
0.299035
0.523675
0.0146178
0.369281
0.0822718
0.447164
0.268127
0.0278452
0.667874
0.50488
0.0387394
0.513134
0.197973
0.50244
0.237718
0.824995
0.445692
0.153688
0.211747
0.157901
0.500336
0.0574564
0.84882
0.0137273
0.124832
0.783084
0.073972
0.0561421
0.132482
0.578011
0.498451
0.400801
0.314328
0.264801
0.238165
0.38047
0.21805
0.0693452
0.468542
0.0524366
0.440756
0.00718859
0.236897
0.472651
0.346296
0.170359
0.51451
0.570355
0.770414
0.000116198
0.527986
0.247163
0.79469
0.3757
0.0408249
0.0437454
0.00940348
0.52261
0.636917
0.155066
0.533167
0.007785
0.0835811
0.0910473
0.527995
0.00985781
0.462552
0.00251547
0.578488
0.306107
0.0136333
0.125923
0.0450758
0.360071
0.225318
0.299426
0.308492
0.426924
0.36407
0.380323
0.00888976
0.490878
0.307874
0.143854
0.392284
0.146648
0.186966
0.154609
0.492688
0.50774
0.174084
0.463782
0.180281
0.174572
0.00920689
0.729084
0.604387
0.00959026
0.029628
0.523312
0.000423426
0.0528827
0.304322
0.488605
0.56019
0.131412
0.507058
0.00147394
0.362161
0.533031
0.325429
0.24865
0.328216
0.733732
0.462839
0.0217072
0.291316
0.000618114
0.0384749
0.451746
0.543993
0.849606
0.1617
0.489345
0.434536
0.00052678
0.0055209
0.421827
0.0153795
0.42343
0.111562
0.648765
0.422929
0.0435003
0.23617
0.295584
0.0985696
0.0359242
0.444595
0.390222
0.47429
0.0143087
0.271807
0.652171
0.289541
0.0556845
0.450747
0.063732
0.184171
0.731461
0.356266
0.0834022
0.495688
0.037001
0.138225
0.394573
0.455104
0.137237
0.117567
0.16709
0.258707
0.778543
0.705584
0.131561
0.257203
0.430062
0.150529
0.322915
0.328016
0.537808
0.160832
0.706613
0.0737087
0.281554
0.0840012
0.0141147
0.570364
0.560165
0.0455433
0.244456
0.634693
0.35128
0.270412
0.123129
0.350207
0.851512
0.605419
0.0482134
0.178225
0.0846937
0.203143
0.61584
0.119589
0.688586
0.568216
0.416687
0.344087
0.170132
0.142744
0.0301128
0.131801
0.577098
0.367152
0.186799
0.0241339
0.506664
0.000837855
0.0466989
0.809814
0.302292
0.54732
0.104259
0.375477
0.484082
0.0380562
0.613977
0.000236391
0.0218611
0.331738
0.139765
0.576437
0.588358
0.422229
0.0375788
0.507406
0.597059
0.0340639
0.0817392
0.383953
0.00594946
0.438815
0.0089051
0.0585577
0.00756731
0.0859734
0.176542
0.515682
0.424834
0.0363611
0.0917406
0.000445291
0.617857
0.18059
0.0269287
0.886634
0.181096
0.0062907
0.534639
0.101543
0.00554866
0.171814
0.326678
0.794469
0.25512
0.509718
0.100718
0.38086
0.0309288
0.000664664
0.373383
0.434312
0.359698
0.0909802
0.145336
0.0332922
0.555217
0.0021867
0.0725323
0.488975
0.0287019
0.672609
0.457507
0.0349139
0.00420552
0.500658
0.0100297
0.454002
0.341586
0.485196
0.416005
0.0935664
0.0114995
0.00565807
0.495312
0.686605
0.00178384
0.276994
0.246614
0.050504
0.666749
0.318311
0.0505114
0.312836
0.331149
0.261911
5.83993e-05
0.728372
0.660576
0.659658
0.0620928
0.30145
0.557208
0.0831841
0.000876638
0.0128194
0.615575
0.0253043
0.798221
0.322698
0.00812477
0.906627
0.375685
0.0176118
0.0942259
0.670736
0.686893
0.00550467
0.0707934
0.0299617
0.316354
0.00998604
0.00146067
0.0012321
0.0811536
0.412593
0.00113384
0.0969564
0.508368
0.24901
0.409404
0.304784
0.00193516
0.171717
0.0175296
0.0865079
0.0962175
0.47334
0.429003
0.111218
0.32725
0.0861441
0.0523954
0.423064
0.197153
0.235474
0.234347
0.0100797
0.0389582
0.644902
0.0560534
0.319868
0.373115
0.269659
0.000769065
0.591992
0.0366598
0.248423
0.781072
0.0915581
0.00444199
0.754691
0.00284905
0.0219846
0.514723
0.54111
0.455595
0.567499
0.676029
0.437351
0.573947
0.6569
0.581231
0.325298
0.0219176
0.351365
0.229803
0.65644
0.398016
0.101244
0.571173
0.406326
0.733788
0.123305
0.565651
0.931488
0.369647
0.665117
0.838989
0.442924
0.169636
0.244838
0.824251
0.281818
0.0379666
0.294123
0.338017
0.508671
0.050664
0.520966
0.0233803
0.598482
0.0144282
0.665188
0.317324
0.0367193
0.181603
0.0145073
0.127405
0.0972079
0.0616882
0.159292
0.732034
0.289067
0.417103
0.67879
0.369669
0.729664
0.143844
0.667298
0.619907
0.100116
0.016995
0.0590886
0.450404
0.374255
0.0223281
0.0232549
0.825154
0.469321
0.132281
0.237121
0.897166
0.609971
0.304573
0.338252
0.436116
0.00795362
0.43771
0.0303526
0.692143
0.0621768
0.655468
0.536948
0.318683
0.0215235
0.158685
0.473733
0.0261543
0.668188
0.291258
0.0800095
0.863041
0.0463252
0.391862
0.000939712
0.0488763
0.734212
0.423117
0.158014
0.296504
0.0804865
0.222828
0.0711862
0.321952
0.643804
0.448379
0.874518
0.53267
0.731178
0.642595
0.0102034
0.00144603
0.59851
0.807739
0.701438
0.0344305
0.566917
0.487721
0.704151
0.0647003
0.57172
0.337205
0.336775
0.377858
0.81402
0.669573
0.00222144
0.0137747
0.658168
0.172933
0.300773
0.212896
0.694646
0.662011
0.39563
0.560172
0.187947
0.0280372
0.198533
0.111367
0.404892
0.723924
0.0209775
0.399284
0.291812
0.123399
0.0495332
0.497441
0.579169
0.520213
0.0558415
0.0950166
0.328784
0.0438376
0.0502651
0.502622
0.0123105
0.590049
0.624814
0.180935
0.519274
0.0652125
0.147287
0.010177
0.386869
0.0612624
0.259247
0.0572936
0.00992292
0.672129
0.581685
0.411278
0.688104
0.154685
0.162397
0.00749682
0.454134
0.19786
0.362717
0.0496364
0.211254
0.895945
0.265809
0.261164
0.270746
0.144871
0.39607
0.435366
0.0745379
0.367889
0.111084
0.611313
0.549015
0.313503
0.570785
0.822827
0.493934
0.0742379
0.0112223
0.347627
0.314987
0.592247
0.00232352
0.141541
0.0163691
0.393225
0.492701
0.001117
0.00331699
0.135169
0.54252
0.607423
0.0767669
2.59057e-05
0.431565
0.00594727
0.712583
0.613354
0.194573
0.0769774
0.246598
0.289847
0.0514194
0.468046
0.046427
0.0961368
0.0444944
0.00851894
0.0775569
0.558969
0.0965043
0.225887
0.284287
0.0198089
0.000164878
0.798043
0.718736
0.145403
0.361062
0.43468
0.153412
0.0122859
0.686795
0.0112433
0.296704
0.617974
0.251644
0.0461001
0.459018
0.0202248
0.344939
0.110689
0.454344
0.00345318
0.0711743
0.809066
0.0835473
0.0935425
0.449851
0.405052
0.692676
0.0301666
0.648603
0.374269
0.590953
0.19814
0.301979
0.131179
0.271491
0.0127583
0.0159609
0.391111
0.766793
0.000559846
0.580208
0.356098
0.0162419
0.0057075
0.0184039
0.477398
0.196043
0.788877
0.286926
0.374841
0.115609
0.169015
0.027879
0.845582
0.752665
0.606758
0.0248779
0.0090489
0.0160257
0.526723
0.188466
0.344502
0.275511
0.0819824
0.162877
0.00279805
0.122125
0.320171
0.555878
0.303391
0.497557
0.320343
0.00847634
0.465646
0.502849
0.565987
0.0254495
0.00888151
0.0782946
0.00185854
0.272499
0.0527643
0.798972
0.390673
0.00349977
0.0543808
0.319492
0.000575112
0.00086411
0.410277
0.116725
0.387708
0.255696
0.0503026
0.496802
0.145692
0.0815693
0.528246
0.540285
0.221197
0.215639
0.0039669
0.697381
0.289804
0.670363
0.537598
0.174432
0.671932
0.0435829
0.4845
0.0806067
0.00404614
0.11237
0.216536
0.00128405
0.001794
0.574788
0.0650686
0.561054
0.0897295
0.0117767
0.347345
0.900392
0.635065
0.590422
0.317959
0.11709
0.135303
0.377788
0.089522
0.0879832
0.425946
0.323662
0.614601
0.757399
0.0293179
0.00169912
0.00650376
0.778565
0.57143
0.384725
0.458251
0.216944
0.380975
0.15014
0.658741
0.0492301
0.0118336
0.528028
0.812924
0.0726461
0.117668
0.206628
0.02067
0.374706
0.00185558
0.273509
0.518369
0.070126
0.579061
0.138699
0.369625
0.563264
0.812275
0.053138
0.093955
0.100815
0.160261
0.000667287
0.839022
0.287344
0.078386
0.174306
0.0344425
0.505221
0.0326694
0.827533
0.0374195
0.572702
0.510484
0.439264
0.153395
0.200492
0.280896
0.442385
0.653273
0.372305
0.289386
0.713443
0.0222082
0.0528618
0.0845985
0.46547
0.0141415
0.0356685
0.312024
0.400866
0.04656
0.307236
0.418028
0.0551202
0.471457
0.0251113
0.00348636
0.721237
0.381046
0.410061
0.0738748
0.576646
0.058309
0.23203
0.516854
0.0282283
0.701764
0.0308239
0.760022
0.0718684
0.000415584
0.39873
0.309436
0.0346419
0.650855
0.190165
0.0159913
0.133773
0.310549
0.00760148
0.813838
4.51371e-05
0.243024
0.000756211
0.349339
0.0529564
0.226927
0.75608
0.44265
0.278233
0.0498109
0.184612
0.253721
0.301129
0.404881
0.108464
0.141275
0.484207
0.251377
0.0169296
0.191195
0.16516
0.435311
0.149426
0.0916041
0.0101414
0.275099
0.353011
0.111164
0.116209
0.394851
0.198836
0.0679865
0.485748
0.0343358
0.497695
0.39229
0.309974
0.711867
0.0521574
0.179853
0.325647
0.189193
0.433001
0.0125805
0.360887
0.22003
0.00334378
0.0299393
0.0145009
0.564662
0.454431
0.0089302
0.00474746
0.633197
0.104897
0.564945
3.92999e-05
0.426363
0.19946
0.0238384
0.501959
0.284809
0.0233257
0.490043
0.00265476
0.0348453
0.0534233
0.408448
0.699849
0.0154113
0.554444
0.439548
0.132711
0.0745827
0.0247528
0.141131
0.27535
0.287224
0.00523767
0.534122
0.16919
0.0850106
0.616795
0.15284
0.339231
0.00482746
0.471529
0.00699978
0.576285
0.00754581
0.644084
0.202744
0.472532
0.626129
0.318834
0.572519
0.503535
0.062714
0.0123487
0.19854
0.409984
0.652707
0.0022176
0.75123
0.464641
0.459368
0.419537
0.552188
0.337572
0.647641
0.577859
0.039947
0.663712
0.613663
0.0606962
0.123918
0.329442
0.0118465
0.0455053
0.000140656
0.308035
0.0640746
0.850357
0.103876
0.576125
0.00408489
0.0266864
0.096028
0.23532
0.374656
0.64115
0.100745
0.787777
0.371788
0.00972305
0.649649
0.624482
0.0412271
0.255827
0.76475
0.288936
0.00561296
0.758939
0.0202486
0.381591
0.275491
0.461961
0.104043
0.311456
0.617441
0.129151
0.262017
0.000920474
0.0160509
0.513348
0.0639128
0.208066
0.0366576
0.248975
0.00768101
0.0221283
0.000342351
0.236518
0.0265639
0.532138
0.426073
0.133073
0.0746469
0.246523
0.0669801
0.305087
0.361848
0.00159012
0.128013
0.0886018
0.731295
0.0553404
0.00223777
0.00948604
0.320231
0.00999723
0.0633204
0.51987
0.202373
0.482526
0.162966
0.302078
0.0173725
0.191146
0.57328
0.803117
0.485529
0.0849614
0.161662
0.0181391
0.45933
0.185323
0.702003
0.131854
0.0974314
0.129141
0.41302
0.269215
0.207817
0.185929
0.0162173
0.567189
0.00277787
0.173693
0.000351226
0.529885
0.742668
0.415541
0.435938
0.0403333
0.0274608
0.191653
0.658935
0.000810986
0.0993006
0.793319
0.00842352
0.69134
0.133492
0.824228
0.104488
0.443624
0.0665383
0.0042366
0.792378
0.840517
0.0918203
0.785028
0.170778
0.120971
0.099176
0.0176707
0.274228
0.281136
0.0402175
0.00139179
0.368522
0.151722
0.140745
0.711734
0.471141
0.409105
0.362184
0.0148719
0.333152
0.481031
0.10962
0.429421
0.266552
0.798838
0.531996
0.000226299
0.0207559
0.0241654
0.0712803
0.35172
0.0690291
0.484081
0.00804981
0.76509
0.117782
0.213367
0.597376
0.000648729
6.98244e-05
0.057642
0.722531
0.436812
0.0819331
0.310006
0.501051
0.0122328
0.00366852
0.00244327
0.680561
0.560748
0.556248
0.236697
0.540687
0.572706
0.0100604
0.0676405
0.115801
0.268379
0.387321
0.0684334
0.214995
0.103946
0.395632
0.108417
0.597812
0.461834
0.0543261
0.7216
0.628607
0.0725946
0.27737
0.694627
0.329585
0.642052
0.203951
0.19336
0.151655
0.095405
0.310414
0.413248
0.070256
0.460064
0.803239
0.00755243
0.101614
0.103011
0.15014
0.106113
0.062886
0.424166
0.465627
0.089426
0.157064
0.00450594
0.439037
0.154786
0.00568396
0.0117982
0.0462747
0.0390628
0.0230249
0.464052
0.241255
0.479828
0.00663382
0.00494015
0.44057
0.620163
0.0297056
0.00609019
0.322078
0.0084716
0.00856823
0.0415482
0.152834
0.00164372
0.498849
0.246238
0.0704382
0.505053
0.00641701
0.0859311
0.535623
0.00531615
0.519703
0.35731
0.331902
0.104942
0.472878
0.611288
0.365835
0.378017
0.340827
0.0213555
0.019529
0.475712
0.597156
0.605056
0.146724
0.32911
9.09393e-06
0.0538227
0.504487
0.0867685
0.116437
0.0773749
0.13959
0.0301303
0.452499
0.66678
0.0720521
0.14741
0.0624462
0.0148996
0.0953743
0.0501492
0.00175778
0.00261141
0.0350388
0.64719
0.00280323
0.104632
0.0224162
0.0355125
0.104672
0.00218073
0.0100209
0.366082
0.0299803
0.0656278
0.452885
0.805404
0.00902464
0.730571
0.218925
0.538435
0.224588
3.09261e-05
0.15729
0.691903
0.444517
0.451147
0.335261
0.0314675
0.449879
0.660942
0.000755812
0.00612302
0.783963
0.153437
0.0344848
0.264143
0.470945
0.000710096
0.00309831
0.302221
0.765473
0.581082
0.546911
0.00731528
0.0290638
0.00199102
0.532314
0.371104
0.0787695
0.476116
0.835936
0.113298
0.256753
0.644922
0.00283596
0.0776505
0.470488
0.0803163
0.0816402
0.20568
0.646585
0.0359596
0.707016
0.578855
0.0180761
0.0185942
0.622416
0.365523
0.00758448
0.402677
0.236293
0.021845
0.425315
0.129282
0.000747239
0.208858
0.00912043
0.547846
0.193753
0.560809
0.00606194
0.0380302
0.348538
0.0183503
0.840532
0.348748
0.677102
0.398151
0.000650111
0.293952
0.624885
0.765698
0.100821
0.368814
0.393955
0.328929
0.376388
0.615104
0.0287365
0.0303608
0.768746
0.482987
0.000320265
0.248164
0.464727
0.312663
0.327078
0.222198
0.602191
0.522127
0.123059
0.217511
0.0781062
0.70117
0.0043331
0.140735
0.0410775
0.199059
0.140048
0.818277
0.131093
0.528904
0.698904
0.0362795
0.145015
0.115565
0.361504
0.3443
0.548187
0.417377
0.167821
0.0587474
0.193073
0.365069
0.209689
0.543386
0.706704
0.460132
5.17742e-05
0.0175344
0.379786
0.0396948
0.129456
0.00337536
0.00784136
0.797208
0.000811888
0.644606
0.668915
0.645761
0.00123107
0.0488823
0.185744
0.257366
0.392503
0.301785
0.422543
0.408719
0.313061
0.741061
0.0728792
0.391002
0.400286
0.643074
0.506198
0.216498
0.0134109
0.753076
0.191991
0.109172
0.131409
0.327706
0.127976
0.50963
0.25977
0.209147
0.160164
0.474433
0.000433672
0.221396
0.0818948
0.600045
1.99576e-06
0.520334
0.191922
0.267831
0.255496
0.617053
0.0246171
0.0950163
0.399153
0.422706
5.33831e-05
0.503503
0.000788427
0.00588783
0.219053
0.0198307
0.0199054
0.454593
0.0679168
0.506644
0.583726
0.648556
0.0134647
0.230767
0.401054
0.0094374
0.0131316
0.102401
0.173578
0.228943
0.399505
0.215146
0.384186
0.347909
0.26188
0.0583591
0.659802
0.412579
0.0777229
0.533531
0.790564
0.509847
0.51871
0.746532
0.313639
0.764214
0.0857486
0.375237
0.274715
0.111708
0.136085
0.534261
0.0812016
0.310085
0.239839
0.237912
0.741142
0.60662
0.000810656
0.452745
0.0015699
0.00170335
0.0952396
0.191611
0.597321
0.358228
0.186936
0.0709305
0.00373129
0.223497
0.0468287
0.25593
0.000735777
0.223204
0.0249547
0.00307157
0.571948
0.0377706
0.465534
0.00981013
0.596195
0.257197
0.565716
0.644857
0.213488
0.309049
0.676031
0.187124
0.00736251
0.00308965
0.0482167
0.673894
0.00950804
0.499591
0.645655
0.0845981
0.538004
0.00196064
0.487715
0.00194543
0.150159
0.00533567
0.491558
0.400045
0.329002
0.207326
0.0125457
0.358937
0.00284199
0.48499
0.271563
0.128822
0.34514
0.452869
0.193578
0.26408
0.00192849
0.597006
0.101993
0.00881811
0.00829752
0.00816449
0.469687
0.186422
0.00797454
0.0120978
0.132173
0.637563
0.406051
0.0146951
0.900025
0.548953
0.425862
0.398462
0.24817
0.254518
0.150848
0.000370243
0.364196
0.420088
0.344084
0.250026
0.0671701
0.310355
0.65723
2.6565e-05
0.521505
0.185946
0.157604
0.266649
0.239556
0.797576
0.0120555
0.153936
0.155871
0.446126
0.0160794
0.346514
0.165065
0.621301
0.260399
0.00568187
0.234707
0.0081452
0.0238966
0.854974
0.00292092
0.125391
0.720051
0.301605
0.669652
0.284102
0.345892
0.00938421
0.412357
0.280051
0.0548518
0.0464721
0.0258406
0.0443664
0.0400612
0.500294
0.385417
0.0229736
0.0010024
0.0168653
0.451223
0.0514907
0.279544
0.0205454
0.787467
0.00425052
0.0362268
0.579997
0.213652
0.646544
0.248275
0.320281
0.32295
0.0276031
0.000329129
0.274178
0.847089
0.66338
0.436321
0.0386957
0.140338
0.040933
0.20608
0.0354453
0.933241
0.389396
0.0101656
0.00775492
0.24467
0.0930991
0.868002
0.124357
0.000356474
0.0663598
0.113721
0.0317229
0.153906
0.481477
0.660467
0.00726549
0.357864
0.616955
0.283929
0.0985722
0.00032626
0.494433
0.00928675
0.153448
0.443209
0.202582
0.36944
0.0946996
0.153325
0.557013
0.0180302
0.00900128
0.646896
0.519315
0.214651
0.2419
0.601421
0.277144
0.18418
0.00194792
0.792154
0.0971761
0.781144
0.100934
0.208951
0.426048
0.000499747
0.0437553
0.476689
0.675407
0.31441
0.608279
0.459874
0.30938
0.629083
0.195385
0.116294
0.276862
0.0371976
0.199802
0.278742
0.253062
0.121114
0.18792
0.00148976
0.00321179
0.00172513
0.852511
0.42636
0.0155703
0.774612
0.00154967
0.000108814
0.000188533
0.300976
0.583061
0.0107498
0.068171
0.0295077
0.0139614
0.570439
0.0153419
0.220389
0.647887
0.0856185
0.428436
0.525604
0.539631
0.708566
0.507743
0.68309
0.415877
0.738235
0.03521
0.111119
0.334457
0.121395
0.195025
0.368876
0.285823
0.00397828
0.202813
0.05428
0.0324313
0.555064
0.523623
0.0470182
0.487922
0.0563194
0.000235555
0.773102
0.104494
0.396388
0.485923
0.829189
0.320902
0.544918
0.0788502
0.299362
0.187998
0.16602
0.0019772
0.172698
0.430864
0.00428703
0.205115
0.61522
0.00270082
0.00289686
0.000868119
0.400757
0.00288289
0.582463
0.410543
0.858274
0.0130169
0.141077
0.00290917
0.564806
0.401669
0.849594
0.237551
0.000729401
0.785653
0.0316212
0.687773
0.295072
0.563174
0.275746
5.29345e-05
0.913544
0.109136
0.196999
0.00388992
0.0340268
0.468643
0.461506
0.251799
0.493941
0.296655
0.0545569
0.00525868
0.0972173
0.156069
0.178214
0.0878689
0.372068
0.10926
0.64731
0.233489
0.00298604
0.381859
0.646724
0.154569
0.0297688
0.610488
0.714884
0.0354455
0.00078221
0.394443
0.295503
0.862816
0.628347
0.484913
0.0979261
0.196744
0.434126
0.219474
0.771165
0.709031
0.560774
0.491839
0.0434732
0.193305
0.497183
0.14086
0.00682589
0.591295
0.0740828
0.131043
0.61122
0.012595
0.00100811
0.332658
0.403782
0.776584
0.767253
0.680897
6.13546e-05
0.186001
0.593665
0.0110081
0.682761
0.143278
0.749935
0.582601
0.220238
0.320986
0.571709
0.58611
0.590031
0.0136425
0.292148
0.542492
0.576109
0.0186836
0.161758
0.313474
0.617256
0.320256
0.55072
0.497657
0.52442
0.132794
0.703362
0.642068
0.523281
0.543047
0.654913
0.180235
0.388174
0.413117
0.0290393
0.00052913
0.0013027
0.365975
0.314811
0.710177
0.157072
0.475957
0.433234
0.165178
0.502767
0.00263412
0.496748
0.617266
0.527554
0.466425
0.255589
0.59833
0.442058
0.0266356
0.313216
0.523748
0.542154
0.540628
0.536276
0.0192946
0.730703
0.000758147
0.00254482
0.613192
0.041612
0.329826
0.0126361
0.270051
0.695441
0.678088
0.64346
0.098505
0.00344262
0.109283
0.0323176
0.439381
0.400721
0.390829
0.814931
0.000725874
0.0507822
0.0520269
0.439552
0.00432337
0.477507
4.7676e-07
0.023055
0.466346
0.142518
0.527321
0.348422
0.479783
0.830862
0.426372
0.0629646
0.461891
0.0740154
0.0117245
0.179936
0.00109675
0.609732
0.00809402
0.500406
0.514102
0.603412
0.552627
0.486078
0.626999
0.308305
0.132126
0.489114
0.163759
0.144302
0.000657683
0.620575
0.0455973
0.464281
0.000910555
0.694712
0.594674
0.0839741
0.16726
0.337945
0.174276
0.0719178
0.311019
0.471934
0.67803
0.32823
0.095626
0.306374
0.53069
0.002293
0.393153
0.604918
0.115934
0.00628864
0.202438
0.280171
0.582764
0.0184555
0.739231
0.0997725
0.0525464
0.0352602
0.0140441
0.335322
0.00015532
0.100466
0.489359
0.352792
0.024165
0.353027
0.133925
0.543152
0.314962
0.659567
0.950961
0.423864
0.665626
0.791026
0.0112694
0.219859
0.718222
0.0438006
0.0170173
0.000906735
0.220649
0.615034
0.548554
0.667859
0.133493
0.274196
0.384658
0.0246321
0.49877
0.0685194
0.268633
0.0131796
0.321149
0.243419
0.281067
0.797002
0.0239781
0.540016
0.634633
0.799333
0.410763
0.139241
0.157882
0.732807
0.183473
0.422908
0.455323
0.654883
0.265985
0.195109
0.560488
0.426237
0.28206
0.902988
0.0317643
0.118528
0.3703
0.195765
0.0157664
0.398898
0.113784
0.0132619
0.149805
0.30049
0.0689688
0.00914582
0.290155
0.0738193
0.176145
0.000565229
0.0219695
0.0561965
0.0250724
0.629047
0.00211204
0.291599
0.082522
0.862191
0.0399486
0.137701
0.389091
1.05816e-05
0.0550981
0.565393
0.737119
0.588899
0.35291
0.434662
0.508727
0.0732476
0.0234919
0.225169
0.118153
0.0120651
0.404738
0.476038
0.0353869
0.626729
0.590006
0.276832
0.139723
0.400783
0.0733903
0.0279491
0.379925
0.196477
0.185679
0.634521
0.289174
0.144847
0.170528
0.537576
0.778633
0.224907
0.00187389
0.8003
0.399838
0.516063
0.107502
0.342073
0.00186646
0.653593
0.802023
0.338452
0.0402415
0.336869
0.000440311
0.0315993
0.524501
0.49434
0.0727386
0.332238
0.564395
0.465849
0.000994521
0.777766
0.474006
0.505163
0.0124527
0.333776
0.28335
0.0376057
0.0550906
0.0774811
0.259262
0.470659
0.0155349
0.035467
0.459772
0.515202
0.0319876
0.109574
0.0244937
0.090672
0.219281
0.38504
0.370729
0.421034
0.221805
0.656118
0.50102
0.143078
0.00189028
0.827644
0.337611
0.7355
0.1135
0.0433008
0.00620952
0.147947
0.160523
0.073232
0.630926
0.034095
0.0907189
0.579215
0.202291
0.564912
0.301142
0.597287
0.11172
0.511451
0.00245412
0.463277
0.242271
0.725418
0.0137475
0.560855
0.525245
0.466899
0.228948
0.504463
0.0335111
0.74176
0.333828
0.607774
0.442438
0.223053
0.0214962
0.0181878
0.153459
0.529375
0.113663
0.790731
0.323966
0.824092
0.257171
0.0261628
0.0942271
0.307735
0.677483
0.0126131
0.0687386
0.150329
0.0637675
0.17133
0.730124
0.589215
0.587017
0.118776
0.579101
0.500133
0.00344445
0.258955
0.211329
0.502975
0.625314
0.45274
0.534827
0.128348
0.470018
0.580686
0.424965
0.0106461
0.023285
0.103926
0.475085
0.0237884
0.051429
0.547568
0.873138
0.254739
0.0256012
0.528027
0.12907
0.297873
0.344952
0.0436129
0.195897
0.0330996
0.853348
0.217286
0.00446939
0.2942
0.0944942
0.0099066
0.000619075
0.557192
0.489955
0.362277
0.000510787
0.447644
0.62985
0.000979929
0.610043
0.102252
0.0577971
0.765708
0.0584592
0.0231398
0.218797
0.0369512
0.516931
0.497171
0.183408
0.642812
0.00352093
0.0170155
0.058492
0.310268
0.732327
0.291183
0.153503
0.459571
0.00945655
0.182644
0.541422
0.651576
0.554902
0.0514799
0.081753
0.263288
0.258841
0.17582
0.407131
0.294486
0.220475
0.44156
0.0676312
0.11721
0.43311
0.229943
0.092226
0.000423869
0.103848
0.259021
0.0136309
0.452443
0.946978
0.00227641
0.612982
0.496434
0.153816
0.0224702
0.0921974
0.359992
0.680545
0.223872
0.290349
0.222889
0.431322
0.00820254
0.178498
0.0121494
0.0309905
0.0842767
0.425526
0.0842822
0.152844
0.664187
0.187059
4.86464e-06
0.121009
0.701254
0.446589
0.401629
0.396836
0.591063
0.522793
0.601608
0.656191
0.0198105
0.631872
0.0247153
0.0956271
0.552372
0.611893
0.366857
0.0955477
0.768034
0.474055
0.303027
0.0200886
0.41072
0.0555905
0.0094682
0.0621594
0.087662
0.058044
0.274289
0.699566
0.00190108
0.541609
0.607916
0.0209543
0.618667
0.00310822
0.331763
0.282648
0.353035
0.827345
0.0279872
0.121998
0.101657
0.652775
0.226802
0.665916
0.604074
0.00512161
0.3544
0.0301702
0.286247
0.199473
0.486536
0.750735
0.00177146
0.0705116
0.844324
0.0114524
0.00147609
0.404979
0.297767
0.192919
0.0823182
0.373138
0.358373
0.00685703
0.0485986
0.3098
0.735856
0.278515
0.329831
0.282319
0.146511
0.00507117
0.0105244
0.397531
0.57697
0.358099
0.295375
0.164405
0.0587599
0.10656
0.475952
0.346194
0.185399
0.689827
0.815076
0.303364
0.00241132
0.476473
0.430062
0.513982
0.00464841
0.114165
0.253013
0.000375787
0.463934
0.418704
0.0497623
0.0303536
0.731645
0.111226
0.485059
0.648028
0.431413
0.318361
0.375762
0.0889722
0.00074571
0.469019
0.537119
0.0410365
0.312709
0.194848
0.798999
0.330037
0.00256212
0.127255
0.00772352
0.0430605
0.249878
0.161421
0.150433
0.175994
0.334004
0.281467
0.708317
0.0679082
0.680791
0.0241833
0.0964617
0.267987
0.00730499
0.235446
0.623597
0.0567956
0.385028
0.00648514
0.00920152
0.769296
0.55298
0.00442465
0.0466416
0.30638
0.26463
0.34323
0.511037
0.493172
0.0539177
0.0938808
0.0824741
0.631051
0.00791831
0.432753
0.0117804
0.0180182
0.662026
0.0662832
0.547653
0.000193887
0.288602
0.709957
0.188501
0.288914
0.781836
0.391489
0.230864
0.691795
0.718277
0.499439
0.081178
0.585356
0.117522
0.012752
0.245691
0.254137
0.538754
0.179255
0.253645
0.000399462
0.735879
0.0043793
0.379893
0.342963
0.737816
0.640071
0.52995
0.0511978
0.531874
0.501493
0.791933
0.0277422
0.627935
0.263113
0.288812
0.77605
0.247807
0.000269238
0.276585
0.163714
0.653943
0.487487
0.0205605
0.00013768
0.134006
0.69058
0.174138
0.0797419
0.0339245
0.0970814
0.370379
0.669161
0.0554645
0.193256
0.0280923
0.130134
0.0081495
0.1767
0.00124871
0.291049
0.138587
0.629157
0.000994499
0.0302019
0.302231
0.566696
0.00296836
0.571465
0.000302132
0.0467762
0.40366
0.604977
0.00702803
0.0956268
0.797995
0.6694
0.208462
0.75853
0.33422
0.0572946
0.137548
0.0383831
0.0289116
0.0210558
0.00194156
0.265705
0.344683
0.256912
0.0361783
0.0801407
0.13284
0.315034
0.443016
0.54068
0.39747
0.0557315
0.00783438
0.777142
0.187967
0.296859
0.0479743
0.316975
0.485044
0.468728
0.138048
0.281787
0.422436
0.674102
0.0809084
0.554389
0.0171639
0.63431
0.0227169
0.0379404
0.288827
0.739725
0.45292
0.442913
0.600141
0.000268891
0.277998
0.247343
0.0182369
0.0222183
0.325494
0.022774
0.750314
0.300304
0.657809
0.0461661
0.0228669
0.00397554
0.684794
0.534458
0.558024
0.0880876
0.158163
0.050894
0.264366
0.750627
0.0219946
0.389146
0.355425
0.036389
0.119313
0.155504
0.0703077
0.346704
0.383381
0.00245987
0.593608
0.0806076
0.309644
0.133959
0.0576539
0.480991
0.590611
0.0116694
0.181495
0.00692991
0.487796
0.627499
0.103934
0.742125
0.178981
0.13163
0.113116
0.225178
0.353089
0.00191523
0.128048
0.731946
0.11563
0.361336
0.356449
0.63142
0.00706627
0.274508
0.0352596
0.00367083
0.0362754
0.19697
0.101906
0.000438496
0.742762
0.164595
0.494678
0.326331
0.683399
0.303323
0.885599
0.226602
0.0253248
0.0338837
0.781604
0.432902
0.494553
0.364191
0.00530364
0.283167
0.659131
0.412227
0.392045
0.0879175
0.00735114
0.728905
0.00714136
0.257285
0.394072
0.338268
0.226579
0.745555
0.363082
0.303633
0.00194967
0.775769
0.23382
0.72061
0.0560196
0.0854915
0.0580776
0.235409
0.0504788
0.0237404
0.0645493
0.251744
0.50924
0.0289267
0.395075
0.14938
0.337954
0.294295
0.251659
0.695256
0.158619
0.000970335
0.00967625
0.319185
0.73919
0.0554827
0.116929
0.470799
0.0840907
0.0569681
0.602093
0.227455
0.241964
2.30165e-05
0.0143137
0.031331
0.00188372
0.000573273
0.175429
0.0622961
0.0374495
0.143283
0.526515
0.711736
0.485154
0.529549
0.0821533
0.485239
0.0116944
0.0631361
0.0439884
0.00853333
0.512769
0.00152397
0.0322479
0.305215
0.000329835
0.0401707
0.0847288
0.355155
0.17538
0.209181
0.333504
0.00175447
0.027357
0.040332
0.118067
0.326911
0.45036
0.415418
0.694075
0.11693
0.658577
0.481325
0.00649073
0.545912
0.0791787
0.584274
0.116109
0.723065
0.302473
0.102707
0.479911
0.472405
0.429236
0.673322
0.00260001
0.00635628
0.590861
0.0546866
0.0038384
0.675153
0.183424
0.00710619
0.00162591
0.552662
0.103141
0.155079
0.0264492
0.00429107
0.855282
0.00126524
0.579286
0.237347
0.201002
0.379504
0.694112
0.374434
0.679245
0.356804
0.00269637
0.58354
0.102737
0.0863928
0.230901
0.00468376
0.846528
0.0846117
0.29107
0.0102148
0.00606161
0.283991
0.564877
0.593313
0.0178518
0.560629
0.0328579
0.472063
0.340142
0.038428
0.130527
0.336646
0.0503849
0.00185332
0.334364
0.525387
0.752657
0.0176406
0.013373
0.00246628
0.00243423
0.0247623
0.245483
0.0161092
0.143238
0.528364
0.408003
0.0374985
0.547991
0.299031
0.140782
0.0177822
0.0367169
0.048946
0.678081
0.672456
0.680519
0.238877
0.125949
0.55513
0.022713
0.0606588
0.280838
0.104119
0.414514
0.1626
0.00106894
0.0581519
0.109802
0.150747
0.646461
0.71555
0.0311028
0.369128
0.00139382
0.212818
0.0738238
0.00498948
0.437327
0.182819
0.181533
0.360685
0.00208486
0.302001
0.627735
0.126932
0.00267313
0.336385
0.0544462
0.250926
0.275824
0.73959
0.453372
0.035217
0.000405385
0.609532
0.416831
0.0638264
0.228119
0.310172
0.471142
0.00884116
0.61966
0.116372
0.363533
0.21908
0.440252
0.896659
0.17875
0.352106
0.371076
0.0326653
0.00913946
0.65922
0.609382
0.358848
0.223436
0.649384
0.0162187
0.134164
0.46211
0.00439563
0.634426
0.662428
0.680408
0.056386
0.101721
0.000313029
0.00765381
0.403138
0.712828
0.506655
0.259822
0.00278892
0.466829
0.320989
0.0786075
0.61881
0.831889
0.68424
0.0363198
0.0173327
0.057092
0.00242375
0.00235129
0.0025535
0.621259
0.454307
0.175048
0.00988633
0.327094
0.442552
0.355862
0.000483916
0.0188682
0.411758
0.290509
0.331565
0.503561
3.19291e-06
0.653723
0.0454239
0.0441279
0.37756
0.00898059
0.0480058
0.00115563
0.209853
0.265006
0.738764
0.0792424
0.701128
0.162308
0.0637148
0.0982602
0.408906
0.375992
0.450338
0.0334672
0.0680515
0.483866
0.0109775
0.482411
0.616046
0.531961
0.606194
0.0377169
0.412943
0.339882
0.714553
0.44595
0.145511
0.146429
0.327363
0.0628473
0.92603
0.577109
0.294316
0.0491687
0.308118
0.391644
0.547923
0.632201
0.283986
0.422803
0.000237356
0.420453
0.432649
0.556742
0.0432776
0.0134706
0.0154502
0.00299402
0.55275
0.481332
0.595948
0.171725
0.32795
0.635315
0.416171
0.0559058
0.569045
0.495969
0.211947
0.000127211
0.752573
0.0829435
0.185296
0.00150427
0.236121
0.0435859
0.00148181
0.0170387
0.0782242
0.0550038
0.14419
0.379332
0.411743
0.149299
0.245479
0.6789
0.000685385
0.161009
0.0242025
0.123675
0.0909784
0.510265
0.200717
0.374835
0.101381
0.000438771
0.736585
0.368185
0.380107
0.0399596
0.570331
0.0448228
0.618766
0.0328615
0.474705
0.357754
0.0991842
0.0260943
0.630322
0.0257892
0.567031
0.167309
0.615077
0.788942
0.19642
0.000711429
0.627072
0.042112
0.00110459
0.733753
0.57902
0.748961
0.160718
0.0460442
0.0429152
0.00397279
0.622914
0.75989
0.587253
0.016065
0.025064
0.00417449
0.372646
0.304421
0.0707695
0.299008
0.00193958
0.0474912
0.493152
0.227841
0.535693
0.166085
0.232394
0.429866
0.00107929
0.0527528
0.0640537
0.718045
0.333183
0.0554686
0.100102
0.00858633
0.131738
0.000357579
0.924728
0.572752
0.237574
0.0852583
0.545168
0.863687
0.435746
0.716498
0.118061
0.00569822
0.0140721
0.0134767
0.185393
0.000454922
0.331748
0.0165299
0.212828
0.000121919
0.680606
0.154451
0.193006
0.802454
0.0347467
0.749101
0.191939
0.0414417
0.000705974
0.0252903
0.296379
0.185888
0.0407178
0.468387
0.71746
0.00932852
0.00515499
0.585023
0.0600624
9.62205e-05
0.632023
0.287916
0.322343
0.31806
0.100594
0.294905
0.0596743
0.00304634
0.597625
0.270034
0.449763
0.729069
0.572731
0.714683
0.587799
0.138156
0.570438
0.0662427
0.000200173
0.611042
0.228332
0.00447429
0.0713224
0.567212
0.0151252
0.000426693
0.0104935
0.125184
0.226005
0.834524
0.00191487
0.179219
0.321286
0.0613205
0.215102
0.0073155
0.135158
0.323489
0.153794
0.0042452
0.546826
0.0129565
0.276475
0.232474
0.569849
0.0398394
0.137904
0.720684
0.533536
0.110548
0.693069
0.412515
0.00282859
0.816159
0.628823
0.580763
0.313859
0.00442892
0.0197559
0.208499
0.506559
0.22779
0.000953077
0.291809
0.443012
0.133481
0.489077
0.0560647
0.0592395
0.000478531
0.11644
0.298109
0.423037
0.647459
0.0367095
0.0878007
0.120703
0.121362
0.0644792
0.013356
0.156037
0.00138155
0.540699
0.606657
0.010469
0.698619
0.33075
0.00915608
0.0411425
0.138449
0.461652
0.0414312
0.117262
0.0571356
0.332214
0.0728007
0.287947
0.365214
0.698088
0.325155
0.118936
0.676744
0.0610005
0.194382
0.0677466
0.0504861
0.109236
0.0478613
0.331724
0.000909353
0.292717
0.639335
0.436774
0.561958
0.472325
0.391055
0.900136
0.551069
0.12564
0.0567174
0.0374975
0.00032651
0.479805
0.256797
0.676391
0.260233
1.40041e-05
0.409636
0.390864
0.599965
0.119635
0.128594
0.411826
0.00903149
0.572716
0.00211217
0.552864
0.511385
0.528511
0.133629
0.325595
0.718107
0.478641
0.46805
0.664046
0.458333
0.0269261
0.127197
0.101613
0.600094
0.176408
0.178928
0.23339
0.502931
0.133245
0.279162
0.4755
0.464868
0.678026
0.915813
0.428556
0.0105159
0.706069
0.754172
0.437654
0.507616
0.0810073
0.227606
0.501818
0.0190741
0.000237859
0.0865557
0.553715
0.16436
0.586085
0.00894451
0.000377938
0.611073
0.120063
0.402401
0.222478
0.8468
0.0520233
0.751238
0.847779
0.291663
0.527034
0.531439
0.182277
0.2135
0.0576453
0.0689738
0.511315
0.546579
0.483177
0.00207265
0.481629
0.596932
0.414611
0.830087
0.458357
0.471013
0.602702
0.00583097
0.0357127
0.0275582
0.0276145
0.0165559
0.752473
0.0706572
0.00213581
0.625422
0.131727
0.00468916
0.168869
0.413485
0.272573
0.130165
0.205643
0.541625
0.00129787
4.65266e-06
0.157809
0.0686612
0.0910321
0.697453
0.0150217
0.684293
0.30117
0.295243
0.633871
0.341568
0.317216
0.0875463
0.485364
0.279375
0.476939
0.0310745
0.120604
0.492811
0.112706
0.339749
0.0339925
0.080089
0.324802
0.374159
0.610532
0.34732
0.363143
0.522465
0.00363821
0.35349
0.109599
0.00130919
0.117231
0.129548
0.319282
0.0286825
0.752407
0.277825
0.694499
0.051442
0.145514
0.508249
0.306257
0.63317
0.832234
0.155804
0.0557015
0.778014
0.273601
0.445072
0.019488
0.740287
0.103631
0.36836
0.124601
0.171491
0.0247658
0.244165
0.492701
0.126373
0.0444807
0.0331905
0.694495
0.422734
0.761643
0.175886
0.158036
0.00160472
0.445599
0.115591
0.00493805
0.408768
0.470598
0.566284
0.138747
0.0274474
0.730486
0.345383
0.404826
0.452697
0.128393
0.69947
2.12699e-05
0.0521011
0.403891
0.00412502
0.33847
0.576968
0.607089
0.367329
0.202264
0.0639503
0.0180778
0.172811
0.0239988
0.129519
0.53847
0.338478
0.0718633
0.00286981
0.0991926
0.0583083
0.0539901
0.601318
0.691545
0.0915481
0.117478
0.487389
0.669155
0.856771
0.707815
0.81829
0.207434
0.717003
0.0345503
0.337636
0.0168677
0.147846
0.478317
0.0432438
0.000522799
0.134515
0.39151
0.0689968
0.0116236
0.695299
0.00596347
0.0885159
0.759557
0.177496
0.108058
0.0968211
0.245841
0.00325835
0.879574
0.36813
0.0417954
0.0106396
0.0534802
0.169003
8.68805e-05
0.261173
0.5592
0.0354256
0.134271
0.0610915
0.0508451
0.413873
0.385958
0.771685
0.362775
0.00956336
0.822373
0.472175
0.525878
0.108271
0.00612506
0.70365
0.179236
0.0953631
0.0261911
0.220703
0.320606
0.643888
0.582844
0.195334
0.127366
0.374289
0.0777217
0.364003
0.361114
0.0550175
0.217747
0.000154224
0.263328
0.174199
0.0799251
0.33897
0.295979
0.0918695
0.754185
0.657635
0.0134842
0.194098
0.021813