0.0753905
0.253384
0.532423
0.156164
0.0299686
0.235683
0.222904
0.428427
0.130044
0.143518
0.274848
0.00124479
0.445281
0.0549269
0.00143271
0.172876
0.0856412
0.169055
0.00527695
0.00111019
0.278482
0.191067
0.526347
0.00172745
0.0721948
0.474281
0.160121
0.241233
0.0717918
0.0130642
0.446215
0.0716983
0.46925
0.487679
0.00106443
0.606327
0.24443
0.380529
0.000263846
0.00367299
0.240462
0.000195204
0.333765
0.000530435
0.00482601
0.0052567
0.189237
0.296615
0.0932835
0.45026
0.0486417
0.130307
0.755474
0.234212
0.00128065
0.00714601
0.343363
0.553919
0.464995
0.632671
0.0082957
0.283093
0.139496
0.223024
0.050686
0.116986
0.0754966
0.314992
0.357405
0.626834
0.521896
0.496281
0.00236364
0.0169645
0.572475
0.0362984
0.670207
0.123717
0.356215
0.0150265
0.0229986
0.164494
0.000683428
0.207734
0.52189
0.424991
0.694263
0.741267
0.069586
0.00647915
0.0133679
0.522825
0.0412433
0.00626605
0.0621573
0.31543
0.0344047
0.354666
0.0690695
0.276599
0.149586
0.266571
0.0199432
0.0771328
0.000133444
0.00289678
0.710029
0.00213416
0.413993
0.364011
0.712859
0.0965299
0.360749
0.0305384
0.337714
0.530816
0.0522237
0.295148
0.672982
0.411991
0.0813102
0.223366
0.0311351
0.0208312
0.0419863
0.678239
0.0453609
0.0657392
0.278855
0.378073
0.101619
0.0167059
0.308674
0.00026852
0.138718
0.192904
0.100043
0.0163139
0.128616
0.444503
0.0755186
0.0791004
0.045143
0.34694
0.0497098
0.601472
0.0389747
0.551603
0.168763
0.47452
0.455887
0.290241
0.585675
0.474021
0.145068
0.067387
0.391084
0.0204567
0.421608
0.0181087
0.375975
0.000907312
0.873289
0.244436
0.523575
0.634755
0.0094918
0.197045
0.487867
0.525922
0.0429027
0.436501
0.109514
0.00693711
0.0094098
0.000812598
0.262681
0.0349777
0.347461
0.174146
0.563319
0.101404
0.000860662
0.548543
0.544222
0.000755166
0.197528
0.141515
0.17649
0.281344
0.399456
0.0216415
0.616767
0.127131
0.173622
0.634658
0.0467282
0.21193
0.504217
0.187436
0.470046
0.285297
0.00957625
0.492475
0.0293708
0.16321
0.317518
0.0828123
0.0428805
0.0249194
0.564099
0.659692
0.150638
0.34344
0.536598
0.514279
0.0663875
0.00606663
0.441343
0.238596
0.294147
0.408279
0.00104687
0.59277
0.511407
0.240123
0.745283
0.359371
0.0966308
0.385321
0.106454
0.0888768
0.603907
0.312447
0.0209705
0.00146105
0.117077
0.802848
0.36326
0.338219
0.000182038
0.0366278
0.385104
0.0465587
0.13322
0.428816
0.0455674
0.321939
0.0259881
0.518593
0.297248
0.28175
0.0322049
0.0682594
0.792294
0.600195
0.0884396
0.103406
0.146833
0.182864
0.357909
0.195221
0.404973
0.540508
0.258666
0.539476
0.800783
0.00255685
0.0546775
0.330153
0.324144
0.417444
0.00405859
0.364764
0.0102646
0.579304
0.0973678
0.43259
0.505775
0.23713
0.15148
0.303344
0.0281274
0.00198846
0.200872
0.00437299
0.00280603
0.33784
0.111674
0.0190261
0.00170436
0.00300995
0.0180749
0.24531
0.129858
0.47361
0.000222146
0.157958
0.0668237
0.00122615
0.00108145
0.0340661
0.356492
0.218514
0.0966475
0.0413428
0.0340558
0.040403
0.159721
0.328116
0.360846
0.000908724
0.339729
0.698428
0.335144
0.397316
0.620844
0.107164
0.0374738
0.0241928
0.0580624
0.263806
0.0600791
0.716273
0.75207
0.0665282
0.0122416
0.0390813
0.0588111
0.00421049
0.0291065
0.0128933
0.355738
0.00628502
0.00969598
0.235829
0.0561424
0.017467
0.322257
0.182313
0.376358
0.0832516
0.225697
0.383332
0.502609
0.186606
0.234624
0.284983
0.0220413
0.00737841
0.105
0.00143406
0.359429
0.0296534
0.380137
0.290085
0.751083
0.0633201
0.241314
0.0576652
0.0192731
0.160691
0.000405
0.177593
0.000578162
0.154722
0.564731
0.359744
0.458932
0.0323834
0.573035
0.00889684
0.00502337
0.279596
0.0263252
0.0734323
0.551078
0.397819
0.33972
0.0332233
0.00575781
0.0903992
0.0197202
0.280219
0.358399
0.377923
0.00626567
0.411498
0.43047
0.25964
0.00271951
0.0204009
0.127972
0.449489
0.25745
0.0162855
0.0829216
0.371179
0.239784
0.593403
0.00118879
0.147042
0.169566
0.0839926
0.00611661
0.421987
0.00562818
0.443433
0.000704754
0.420939
0.385616
0.479448
0.269634
0.00238219
0.0700458
0.000261925
0.591394
0.26
0.590274
0.0338593
0.10673
0.454149
0.0954814
0.575517
0.286299
0.0100138
0.314783
0.803709
0.632838
0.0656771
0.557678
0.395281
0.0496282
0.381668
0.52164
0.0944185
0.62347
0.325844
0.1628
0.44096
0.00329957
0.468721
0.000592004
0.507789
0.510269
0.172804
0.512736
0.0969903
0.0563671
0.261998
0.761008
0.0522923
0.202927
0.473037
0.0139167
0.456538
0.294791
0.141808
0.58717
0.84994
0.515817
0.0546451
0.0374965
0.542668
0.113581
0.0141446
0.232575
0.0717664
0.491488
0.105798
0.375289
0.0385009
0.00492278
0.452382
0.470364
0.0415888
0.295489
0.582674
0.228697
0.168536
0.620258
0.000954088
0.00690912
0.756395
0.151097
0.355895
0.00258038
0.00537237
0.522307
0.0832017
0.000351933
0.300841
0.0808799
0.000429156
0.0791964
0.00161963
0.218507
0.316275
0.0348943
0.18162
0.350163
0.0986735
0.174778
0.256805
0.00663649
0.00991
0.485251
0.011507
0.797971
0.0700223
0.042437
0.000384501
0.000170199
0.0311451
0.0747925
0.391867
0.0209573
0.051713
0.459185
0.150622
0.23471
0.00563033
0.0651586
0.0920797
0.161547
0.386175
0.743723
0.0061069
0.786127
0.0446897
0.0563271
0.702572
0.30779
0.0342077
0.00706315
0.0188342
0.00367503
0.411723
0.567057
0.451198
0.000775702
0.54287
0.0283056
0.00599479
0.00763223
0.00734796
0.0234666
0.162066
0.219433
0.368381
0.132295
0.407996
0.0285097
0.198158
0.00546317
0.146845
0.11591
0.254918
0.021775
0.000291431
0.007394
0.0431742
0.0166237
0.638661
0.122109
0.376607
0.0608105
0.587294
0.733187
0.159686
0.050137
0.0330171
0.00569403
0.314713
0.172828
0.323191
0.00195431
0.327631
0.00575444
0.327198
0.0288559
0.525793
0.0502212
0.781314
0.00809417
0.320137
0.494112
0.121793
0.00125255
0.00186561
0.0790716
0.244907
0.00998742
0.00723642
0.0784557
0.124579
0.139136
0.620441
0.496305
0.0140283
0.212801
0.121018
0.117343
0.00138875
0.000104731
0.00825903
0.691599
0.653569
0.0806484
0.00096106
0.0055408
0.489321
0.00256925
0.0215475
0.0410402
0.599266
0.0546053
0.334183
0.613359
0.0237137
0.124172
0.583063
0.00616388
0.480445
0.0154633
0.00296113
0.0451721
0.266463
0.0149655
0.486559
0.575542
0.45678
0.13868
0.277186
0.20408
0.314603
0.0158749
0.701248
0.237453
0.52355
0.577643
0.138678
0.788481
0.000849539
0.231238
0.112092
0.334887
0.67412
0.246863
0.15716
0.0394381
0.294282
0.122707
0.781385
0.032207
0.52083
0.0521879
0.473243
0.185278
0.0484001
0.00438778
0.461139
0.000674537
0.22757
0.0278449
0.393128
0.00299032
0.0521201
0.170558
0.432256
0.00367394
0.457375
0.804667
0.164362
0.730076
0.45945
0.355822
0.115214
0.884258
0.359422
0.297588
0.000959191
0.811841
0.736419
0.00712295
0.537071
0.0431209
0.307311
0.359966
0.581048
0.408721
0.123736
0.0906008
0.0119271
0.00341808
0.00600837
0.438849
0.11428
0.0212452
0.181888
0.0242682
0.147625
0.290687
0.0468022
0.390798
0.414689
0.256404
0.350202
0.348481
0.00213971
0.427557
0.0994578
0.0241553
0.0713977
0.0230358
0.412413
0.148696
0.870363
0.524855
0.245487
0.442229
0.0360295
0.000514018
0.0096261
0.062
0.837298
0.0125365
0.590231
0.154193
0.128318
0.41688
0.117265
0.0148258
0.0338637
0.392048
0.375154
0.454674
0.317422
0.0285874
0.458191
0.453221
0.0120887
0.0372203
0.00538272
0.512491
0.00729288
0.795831
0.00145664
0.168146
0.339967
0.0201743
0.211228
0.292467
0.00497547
0.0144508
0.755264
0.0522958
0.0169582
0.0178848
0.00114988
0.427938
0.500361
0.1112
0.174916
0.012918
0.0163012
0.359363
0.320771
0.274265
0.254511
0.68941
0.370075
0.0352615
0.349131
0.126254
0.592374
0.729521
0.00143425
0.00377001
0.320962
0.0138013
0.0094326
0.0156097
0.0463535
0.0087007
0.302667
0.0572661
0.300371
0.563951
0.0113297
0.312786
0.00741383
0.637391
0.58213
0.357634
0.164034
0.397002
0.50334
0.559736
0.646908
0.00259979
0.0001332
0.355133
0.00201686
0.311374
0.327324
0.35127
0.249281
0.197361
0.638228
0.433502
0.18876
0.100615
0.0746255
0.549111
0.00334709
0.0198695
0.472703
0.649238
0.742541
0.63861
0.167458
0.0180893
0.0497301
0.0154106
0.652311
0.188172
0.00340485
0.132796
0.561462
0.384202
0.331709
0.132687
0.117061
0.312253
0.632391
0.36095
0.495356
0.267706
0.000430386
0.000994247
0.111648
0.000275935
0.0119944
0.0259418
0.507068
0.236821
0.0158667
0.20383
0.0243255
0.387477
0.124751
0.10523
0.0227452
0.02438
0.27683
0.118405
0.371387
0.0115038
0.00211848
0.0582541
0.0956217
0.195969
0.405888
0.00536375
0.0101392
0.607885
0.334037
0.020185
0.0942943
0.0845442
6.101e-06
0.233569
0.0726698
0.027414
0.0837576
0.032884
0.0783348
0.729657
0.111313
0.00342902
0.485972
0.719392
0.211539
0.142754
0.542531
0.232286
0.156833
0.71813
0.404454
0.150563
0.27565
0.506416
0.373768
0.00928095
0.163311
0.0584537
0.0481883
0.505299
0.210623
0.651961
0.0429835
0.00125834
0.0707517
0.515445
0.183338
0.0180127
0.0731808
0.00685775
0.00700636
0.483329
0.0116077
0.664268
0.209846
0.543183
0.00197672
0.559099
0.0502218
0.0454432
0.174652
0.0703646
0.000373726
0.0703661
0.303943
0.42624
0.344126
0.380638
0.243001
0.0769097
0.0959024
0.154079
0.175229
0.394964
0.450913
0.000113943
0.476966
0.0455358
0.0634769
0.104979
0.309273
0.0122116
0.429417
0.0818289
0.666694
0.0350321
0.145387
0.116192
0.0166237
0.667
0.0101613
0.101941
0.00364933
0.0527118
0.505789
0.210582
0.000797332
0.546647
0.355007
0.0136213
3.70118e-05
0.0965468
0.396029
0.0151365
0.0144483
0.3305
0.623553
0.291885
0.117953
0.00182385
0.0514026
0.0449179
0.0807512
0.552289
0.00768791
0.381132
0.00150088
0.658872
0.00919029
0.0448317
0.0490384
0.0719179
0.388238
0.480641
0.0105074
0.00747173
0.0266076
0.491587
0.0117258
0.534327
0.262498
0.00063246
0.147007
0.0196542
0.46675
0.643208
0.429759
0.0356722
0.0125075
0.0108193
0.000389118
0.0617204
0.207387
0.117457
0.0254271
0.166258
0.0125796
0.00994577
0.432459
0.569546
0.304902
0.000968424
0.00169169
0.464901
0.0160687
0.405411
0.0324223
0.0182593
0.00338436
0.0301431
0.66182
0.0180715
0.00511941
0.383237
0.107854
0.372223
0.363833
0.287397
0.0526418
0.0586999
0.000272331
0.0265436
0.0700277
0.930403
0.0968949
0.269794
0.650493
0.619996
0.0234873
0.018888
0.65965
0.719995
0.0150316
0.800552
0.608926
0.00384981
0.0252034
0.0301496
0.296517
0.00752642
0.0855963
0.563099
0.474217
0.00609807
0.267855
0.0317123
0.0322479
0.268377
0.706982
0.323771
0.118448
0.0149573
0.181697
0.160944
0.0295133
0.740534
0.437665
0.23074
0.176328
0.00463011
0.0109553
0.298724
7.78177e-05
0.0513421
0.00171832
0.321698
0.272162
0.199879
0.00195669
0.0149564
0.26894
0.020668
0.0252862
0.263872
0.122342
0.325826
0.0900433
0.087366
0.0205673
0.310527
0.00179055
0.0884406
0.0182653
0.242815
0.584942
0.557336
0.285454
0.0094484
0.0122274
0.000102364
0.0583822
0.516782
0.0575621
0.00207726
0.277114
0.0219935
0.32247
0.00246771
0.0288926
0.139991
0.224426
0.0585793
0.0341976
0.692838
0.261165
0.0711125
0.000259631
0.0835762
0.239524
0.3795
0.000721153
0.553515
0.465769
0.0384458
0.212588
0.375838
0.00518487
0.213005
0.0013472
0.433313
0.406123
0.326376
0.0263242
0.522722
0.0528549
0.36622
0.025312
0.0335594
0.534045
0.486529
0.0510929
0.00855629
0.0164296
0.000192767
0.00843999
0.16099
0.553545
0.311612
0.588409
0.0212528
0.385274
0.410047
0.172253
0.176383
0.0578005
0.100253
0.702398
0.163339
0.291782
0.0116814
0.190948
0.0382414
0.236837
0.00548994
0.475651
0.00886116
0.505706
0.328864
0.557888
0.272972
0.176908
0.138963
0.0163819
0.498024
0.02505
0.0344861
0.00202659
0.00143959
0.297054
0.193023
0.0899168
0.406003
0.826498
0.00159971
0.230054
0.0720872
0.294631
0.0524129
0.0223013
0.0344152
0.324975
0.0118719
0.297314
0.184376
0.473744
0.374975
0.0292933
0.0125292
0.00186671
0.0120408
0.628656
0.17234
0.323294
0.243811
0.33763
0.0110184
0.366061
0.00998286
0.278396
0.801671
0.0669761
0.00264865
0.393082
0.14173
0.0327868
0.0104144
0.00380834
0.19492
0.604903
0.0543104
0.291227
0.758769
0.0175736
0.186609
0.40161
0.344479
0.209535
0.00564584
0.459748
0.597681
0.01308
0.290215
0.00119963
0.0636769
0.139742
0.00549599
0.128161
0.570433
0.369638
0.00353715
0.344931
0.331958
0.598103
0.533727
0.0181971
0.314652
0.0994139
0.0709913
0.672068
0.683968
0.0630211
0.023626
0.413827
0.0581235
0.0996345
0.105408
0.108107
0.402499
0.0587453
0.261704
0.000498902
0.0184068
0.44986
0.0155504
0.295472
0.0708061
0.327265
0.239319
0.0434928
0.235731
0.3482
0.172834
0.0175869
0.494876
0.219514
0.0334138
0.323613
0.523179
0.361001
0.121404
0.426099
0.476306
0.0182398
0.00689335
0.458389
0.273493
0.460412
0.0496674
0.0939603
0.000577089
0.0122202
0.191636
0.135458
0.709948
0.39215
0.255093
0.00534314
0.0714598
0.3266
0.0041045
0.262366
0.629614
0.000684529
0.243401
0.301678
0.226785
0.074218
0.428305
0.481247
0.555472
0.146183
0.107105
0.0365896
0.0251748
0.000576584
0.0136322
0.532231
0.0287837
0.000166461
0.334339
0.0633483
0.137425
0.470217
0.591513
0.562075
0.185354
0.18527
0.195455
0.00378032
0.360844
0.328615
0.745419
0.317824
0.0468362
0.750025
0.319336
0.00557688
0.153961
0.222387
0.00226777
0.416948
0.0393293
0.042617
0.719271
0.226775
0.258004
0.415453
0.835615
0.0269756
0.573816
0.00789817
0.349421
0.00219078
0.0711856
0.83636
0.00735674
0.754203
0.666325
0.0195192
0.0810361
0.000271105
0.0519031
0.0107363
0.00348441
0.00286945
0.0284948
0.0794606
0.0138351
0.0134789
0.335605
0.00179021
0.0113988
0.0488963
0.180893
0.456382
0.159934
0.147903
0.143015
0.305748
0.00192178
0.19394
0.77035
0.105739
0.0747244
0.0262347
0.0257237
0.181947
0.077799
0.00129101
0.286197
0.481383
0.00429499
0.526644
0.000766905
0.407873
0.645002
0.252237
0.00612939
0.171613
0.721642
0.218447
0.0958802
0.0994802
0.027129
0.411957
0.00290614
0.61345
0.019682
0.134965
0.219216
0.0984378
0.00187953
0.0606515
0.00242944
0.102668
0.00435321
0.152523
0.513591
0.221376
0.18496
0.00180689
0.256292
0.0146917
0.420395
0.522617
0.0889312
0.486918
0.0266478
0.315536
0.0889662
0.606916
0.497548
0.385549
0.00116409
0.232099
0.236547
0.179197
0.332087
0.0114312
0.231177
0.330438
0.487012
0.406355
0.292333
0.538348
0.0758154
0.202809
0.194781
0.01145
0.207336
0.00222259
0.134065
0.365044
0.213727
0.705414
0.196846
0.45812
0.595227
0.00057892
0.09142
0.0459126
0.00219824
0.24161
0.187813
0.144997
0.0207716
0.494469
0.150975
0.042897
0.230949
0.516891
0.612927
0.432591
0.0487822
0.000238373
0.662573
0.0103417
0.00653291
0.383666
0.355061
0.639371
0.359881
0.00838929
0.58358
0.00029739
0.233785
0.413705
0.0256337
0.118847
0.0351243
0.0650458
0.000615157
0.699343
0.496767
0.207482
0.857827
0.146524
0.414142
0.00203097
0.103927
0.0260093
0.00209596
0.386749
0.0539818
0.444747
0.243812
0.233364
0.0405004
0.658473
0.0254381
0.251741
0.00959956
0.00340933
0.0309005
0.634479
0.239396
0.190926
0.167831
0.0013548
0.0614995
0.00392318
0.15966
0.325566
0.0998759
0.124453
0.0907336
0.743011
0.0788356
0.45702
0.00301708
0.344081
0.608957
0.036321
0.238507
0.373112
0.00832913
0.192571
0.487951
0.145387
0.78157
0.0569423
0.000326298
0.0778147
0.0512005
0.0749094
0.166789
0.3551
0.0286417
0.413858
0.554701
0.419234
0.123889
0.0260933
0.315321
0.0557944
0.593365
0.181223
0.199565
0.00150896
0.342393
0.31844
0.0457205
0.147555
0.00176925
0.00988221
0.0405806
0.102098
0.308503
0.350822
0.155685
0.0429808
0.393174
0.347181
0.514536
0.102911
0.716462
0.248647
0.606067
0.668622
0.0129406
0.0443978
0.315351
0.709213
0.0151047
0.281146
0.605687
0.28191
0.00144858
0.378185
0.0584242
0.101064
0.610731
0.0999786
0.608465
0.271179
0.181277
0.524549
0.319595
0.0980832
0.071891
0.0456116
0.611971
0.00829243
0.0690923
0.220279
0.00195121
0.629987
0.564856
0.577188
0.105687
0.452201
0.735317
0.00514877
0.218367
0.0493371
0.000117932
0.230917
0.113438
0.0114296
0.48063
0.0316318
0.704928
0.189188
0.692728
0.281555
0.239115
0.174533
0.568978
0.0125911
0.509302
0.10129
0.0234758
0.266105
0.57078
0.145633
0.0419193
0.011715
0.504311
0.588163
0.363432
0.0405733
0.491054
0.0889907
0.203264
0.00179943
0.465094
0.118977
0.0275558
0.00122191
0.156609
0.37588
0.00591901
0.257416
0.193883
0.0702553
0.0462087
3.69395e-05
0.30324
0.00188631
0.15773
0.0592833
0.0756006
0.0172182
0.48674
0.169177
0.0842428
0.00132073
0.0580823
0.0282304
0.307555
0.133462
0.42818
0.0413744
0.0266113
0.568223
0.0598349
0.593005
0.0301924
0.000529139
0.00771918
0.042201
0.0252003
0.709079
0.00264375
0.240364
0.323265
0.798337
0.123317
0.367154
0.229015
0.18045
0.62046
0.00773881
0.0104378
0.0572617
0.00129898
0.00862771
0.720575
0.0498906
0.0747144
0.0282973
0.304629
0.260322
0.127133
0.107356
0.61841
0.10007
0.00297607
0.0025699
0.685543
0.197664
0.388728
0.00264281
0.0413159
0.453754
0.468992
0.423116
0.00462487
0.00891061
0.467238
0.035714
0.583776
0.617013
0.190453
0.723446
0.656078
0.0162874
0.0819463
0.525712
0.403312
0.00110933
0.643685
0.31362
0.159357
0.159767
0.256101
0.208111
0.57695
0.316762
0.288447
0.62416
0.0320631
0.532005
0.000296473
0.00125317
0.0457771
0.0319409
0.170319
0.227487
0.121547
0.435163
0.276468
0.028612
0.0898682
0.230756
0.0788469
0.244027
0.578465
0.293882
0.00995754
0.347935
0.135579
0.0106525
0.312239
0.286944
0.554153
0.821116
0.392231
0.225612
0.324755
0.171437
0.0653654
0.338801
0.485385
0.24774
0.0340814
0.0182459
0.231571
0.317838
0.07571
0.192677
0.0833548
0.00076806
0.583896
0.0645403
0.00934086
0.325707
0.0472391
0.599058
0.50706
0.27629
0.567993
0.438279
0.000413174
0.22581
0.371817
0.18779
0.369144
0.0118256
0.401055
0.334847
0.249537
0.000470467
0.17554
0.466865
0.733851
0.00893976
0.199296
0.654477
0.00862082
0.00183252
0.00127558
0.0545207
0.0566987
0.722128
0.284131
0.00238916
0.271825
0.069636
0.234885
0.0364987
0.0640406
0.637405
0.629451
0.723682
0.0455235
0.000487317
0.0134157
0.018413
0.606071
0.442651
0.485158
0.106466
0.0400427
0.000150078
0.21488
0.674413
0.222388
0.429628
0.793216
0.000844491
0.633042
0.271427
0.0491331
0.0196342
0.00925755
0.31707
0.11478
0.377191
0.0426259
8.93915e-05
0.73227
0.102506
0.48772
0.000136359
0.368754
0.0440826
0.000514418
0.00360914
0.598691
0.0462558
0.542086
0.159672
0.240701
0.509622
0.032947
0.0463314
0.000355162
0.497197
0.282449
0.0617028
0.209862
0.150485
0.294819
0.079722
0.00386016
0.0936816
0.223225
0.0680527
0.105728
0.0110179
0.0154947
0.00670318
0.00682737
0.617354
0.370216
0.691488
0.636535
0.451498
0.019869
0.0077852
0.549758
0.000157279
0.387102
0.0212275
0.0486297
0.351807
0.295103
0.309007
0.807405
0.0035249
0.0017317
0.0529048
0.082912
0.0128038
0.0200186
0.747267
0.719985
0.0268036
0.328919
0.2261
0.400089
0.287987
0.126408
0.124157
0.00649896
0.00435153
0.204554
0.00819994
0.194828
0.0958869
0.00974304
0.375725
0.0767855
0.0246167
0.699704
0.029539
0.179147
0.230492
0.19322
0.329293
0.0118623
0.00854738
0.640372
0.264135
0.577781
0.550415
0.5292
0.487447
0.214372
0.812049
0.377259
0.562668
0.266356
0.00608441
0.505017
0.308309
0.0216335
0.616568
0.2594
0.275004
0.402209
0.0455768
0.0586123
0.506975
0.505038
0.464908
0.0295421
0.804779
0.702223
0.513721
0.129024
0.104664
0.003386
0.101008
0.0474979
0.184748
0.00041701
0.010063
0.000188897
0.0974739
0.162021
0.243322
0.178323
0.199134
0.00195387
0.670857
0.266557
0.264248
0.0385582
0.333546
0.270636
0.391114
0.00245296
0.748018
0.0184549
0.2659
0.626239
0.0115891
0.0415314
0.441986
0.349823
0.000151704
0.0340345
0.486589
0.111104
0.0709381
0.315269
0.258225
0.588701
0.00337089
0.045213
0.557059
0.574251
0.354874
0.044856
0.299257
0.00161477
0.0440837
0.0120558
0.00359044
0.700691
0.551715
0.0146663
0.670685
0.0864412
0.377226
0.0731561
0.571895
0.427234
0.646735
0.00636309
0.346681
0.298198
0.417551
0.297589
0.0441465
0.338767
0.530764
0.0293494
0.194058
0.15286
0.00169358
0.696448
0.586358
0.52042
0.463355
0.119837
0.331531
0.638116
0.373158
0.00460143
0.225434
0.00626812
0.403813
0.341486
0.0035823
0.46014
0.265711
0.00203181
0.510573
0.0428074
0.10316
0.00017808
0.0276918
0.280106
0.0129337
0.0579796
0.0277151
0.362878
0.167822
0.119456
0.377987
0.236846
0.00342183
0.00353538
0.601744
0.290282
0.251408
0.0688579
0.179909
0.00586126
0.0303748
0.59272
0.104402
0.000445804
0.261871
0.141421
0.0181955
0.524668
0.278314
0.104723
0.265781
0.00467253
0.812097
0.00232164
0.31569
0.158635
0.460644
0.246521
0.0141344
0.18813
0.703261
0.00966698
0.000203632
0.0620865
0.18449
0.232224
0.0276296
0.321175
0.00606827
0.0443942
0.0745238
0.123304
0.119286
0.00873515
0.505994
0.170285
0.0257389
0.210627
0.0383917
0.247541
0.244686
0.00778841
0.00037655
0.128785
0.01626
0.00541811
0.185626
0.00501552
0.108615
0.697298
0.475412
0.00277775
0.0417264
0.00757887
0.0232128
0.198614
0.527599
0.0537777
0.0669657
0.374513
0.515968
0.0488546
0.128696
0.553217
0.00194069
0.540378
0.195463
0.00221416
0.0358021
0.0220872
0.41935
0.0956183
0.0781842
0.24183
0.0403675
0.0277472
0.365079
0.0450518
0.0517416
0.284053
0.825846
0.389204
0.165661
0.659931
0.301959
0.00581479
0.285446
0.020393
0.811437
0.0107276
0.484251
0.472426
0.0710269
0.0105638
0.622404
0.13021
0.188211
0.116012
0.0441887
0.00338065
0.213423
0.511686
0.432626
0.337947
0.67572
0.140406
0.0107888
0.0181091
0.0027135
0.099339
0.699995
0.0337701
0.137708
0.00063633
0.0249643
0.688078
0.276168
0.00074716
0.00260962
0.2983
0.73328
0.371871
0.184426
0.000927478
0.230954
0.000772411
0.000971798
0.378418
0.728393
0.293536
0.0391732
0.0131366
0.0169379
0.0160753
0.433206
0.0919919
0.240981
0.00119682
0.267143
0.178587
0.0179117
0.00766372
0.182303
0.70345
0.301315
0.610352
0.0115539
0.00250719
0.267243
0.000962435
0.0738047
0.332645
0.00505727
0.271182
0.0274112
0.00348261
0.0449583
0.171898
0.10318
0.260617
0.25196
0.561708
0.639014
0.0810101
0.0125808
0.767092
0.0459287
0.00867542
0.322458
0.280974
0.197452
0.549064
0.619033
0.321335
0.164036
0.503454
0.0358613
0.372891
0.000437108
0.627529
0.268818
0.0132229
0.625403
0.0237692
0.355863
0.468763
0.0562362
0.0217565
0.120941
0.0554869
0.0268603
0.48382
0.0135991
0.588095
7.92902e-05
0.00304233
0.254433
0.00404478
0.0545086
0.521903
0.448629
0.00868745
0.425498
0.0303547
0.107216
0.287731
0.337067
0.00413911
0.00704901
0.402393
0.0439368
0.168593
0.578492
0.173639
0.275807
0.530709
0.172555
0.647727
0.00170021
0.00112981
0.00694878
0.147465
0.05458
0.411739
0.00195776
0.00602771
0.0179716
0.320539
0.199019
0.769602
0.0657592
0.000183407
0.144324
0.0337948
0.266613
0.0836047
0.0126512
0.0454535
0.483337
0.548134
0.245029
0.174122
0.624363
0.0988508
0.0175997
0.567997
0.17582
0.0169867
0.322625
0.614396
0.767382
0.26807
0.342329
0.456482
0.842244
0.000115721
0.66452
0.00248013
0.218721
0.0312491
0.275291
0.0344404
0.0380994
0.547049
0.303563
0.0330328
0.0119408
0.0984368
0.164454
0.0140503
0.348075
0.435631
0.266836
0.0687703
0.00107989
0.00987934
0.0880452
0.6331
0.120823
0.554078
0.116055
0.533686
0.542
0.00180744
0.557722
0.115266
0.0271408
0.524945
0.216161
0.399862
0.321667
0.562746
0.191095
0.00413479
0.410011
0.257976
0.0206129
0.0529824
0.00455459
0.012895
0.11824
0.425801
0.000888104
0.00319371
0.059329
0.827271
0.353842
0.0361156
0.0950148
0.00753305
0.0737664
0.00147502
0.429968
0.227897
0.722215
0.605954
0.28954
0.141915
0.000811471
0.581685
0.380677
0.495669
0.210437
0.0872027
0.63717
0.711752
0.406509
0.0267874
0.000387101
0.0175899
0.207977
4.84087e-05
0.611996
0.493367
0.00344354
0.013592
0.0330882
0.265643
0.352841
0.0200172
0.0633015
0.140116
0.403199
0.517337
0.239073
0.760356
0.174311
0.0184906
0.238601
0.82712
0.109342
0.690224
0.293433
0.0396302
0.237893
0.191448
0.283963
0.048556
0.00782597
0.147821
0.00152858
0.314386
0.00453561
0.379556
0.449603
0.227597
0.154173
0.304425
0.000955401
0.590112
0.342182
0.181738
0.0548589
0.438401
4.22988e-05
0.131787
0.724566
0.170524
0.47443
0.0172027
0.00598405
0.518665
0.310855
0.0822824
0.405592
0.142083
0.000126008
0.20473
0.0674484
0.0220772
0.153669
0.00898427
0.110112
0.296581
0.0319373
0.391913
0.00714745
0.114614
0.0240774
0.066694
0.0207214
0.591522
0.301854
0.126848
0.0135043
0.00122916
0.090989
0.00367264
0.164603
0.0178343
0.600638
0.317481
0.408634
0.000773688
0.00113584
0.307938
0.556048
0.0102027
0.389385
0.587532
0.377199
0.0976217
0.293918
0.415633
0.429516
0.154381
0.438072
0.0976992
0.564572
0.318555
0.0460071
0.030385
0.0927586
0.149253
0.0228773
0.78267
0.455417
0.0728688
0.793485
0.320391
0.139998
0.0669568
5.03596e-05
0.781397
0.315123
0.456665
0.070218
0.0490131
0.130142
0.243404
0.48904
0.0781635
0.672845
0.63868
0.66223
0.594321
0.0233387
0.0788894
0.125999
0.451492
0.104996
0.0529527
0.676843
0.00785857
0.590503
0.0130101
0.00738289
0.444066
0.273806
0.679074
0.000284709
0.221241
0.335897
0.138433
0.214639
0.000814807
0.228091
0.187499
0.1903
0.250501
0.440993
0.0138284
0.0017271
0.359413
0.154076
0.0305438
0.485439
0.136705
0.164151
0.15198
0.00278721
0.152248
0.371486
0.0123703
0.396038
0.221864
0.306577
0.816057
0.0170754
0.68124
0.297247
0.374965
0.370326
9.81084e-05
0.552842
0.0808316
0.0824643
0.0567852
0.129079
0.495576
0.720928
0.0206789
0.0104487
0.0273095
0.170838
0.71669
0.378993
0.138517
0.36858
0.761833
0.00477371
0.38517
0.0236288
0.152585
0.146208
0.475261
0.539772
0.255721
0.344828
0.00525881
1.32263e-05
0.000349281
0.50734
0.00635312
0.412907
0.447562
0.00146382
0.219841
0.519014
0.00296896
0.610037
0.329969
0.193415
0.117277
0.00796738
0.0171348
0.427662
0.0359414
0.344482
0.00230255
0.0100234
0.31165
0.61357
0.317327
0.016477
0.471908
0.0342651
0.288467
0.454084
0.416949
0.283892
0.429358
0.123044
0.441142
0.482115
0.00898326
0.114978
0.449497
0.00324177
0.00386617
0.374071
0.438274
0.456326
0.0461092
0.0029329
0.238571
0.10218
0.472457
0.00216796
0.909896
0.784045
0.00395946
0.271834
0.0310603
0.0801634
0.00686527
0.156777
0.00718509
0.111998
0.331638
0.102149
0.242927
0.0749649
0.206891
0.00584799
0.0246178
0.00180114
0.444614
0.150398
0.13385
0.671093
0.648924
0.607486
0.423043
0.803526
0.261169
0.0786642
0.158793
0.717333
0.00241515
0.370597
0.0141555
0.00147791
0.244431
0.60414
0.0672037
0.00329025
0.370318
0.251928
0.66112
0.019969
0.209574
0.00264499
0.000425225
0.5662
0.533565
0.346177
0.0412018
0.330414
0.164629
0.494338
0.141117
0.29766
0.829362
0.150093
0.293516
0.0179847
0.474499
0.417169
0.00669643
0.12273
0.0645943
0.00217399
0.543718
0.00303219
0.523522
0.266783
0.66478
0.513643
0.0511303
0.181352
0.685468
0.628298
0.0145914
0.322636
0.0391586
0.0212096
0.191169
0.251259
0.184152
0.186063
0.00806537
0.362103
0.00145825
0.161784
0.503769
0.378898
0.436636
0.0365023
0.442755
0.0066452
0.0956753
0.0115683
0.00169624
0.000713117
0.598063
0.708229
0.00685321
0.0246819
0.0817587
0.232276
0.13767
0.076756
0.0373586
0.183562
0.461289
0.0480929
0.179669
0.166826
0.494424
0.129991
0.411958
0.338179
0.00205263
0.0682508
0.0276287
0.51443
0.356495
0.739778
0.847831
0.0588555
0.12654
0.476214
0.212587
0.163685
0.140905
0.232306
0.145665
0.593743
0.00199617
0.139299
0.546597
0.314042
0.0179222
0.593869
0.108775
0.168547
0.674551
0.0231829
0.00195023
0.0778152
0.00529961
0.036784
0.383377
0.480431
0.0394043
0.265383
0.228321
0.00169866
0.0432997
0.538227
0.000190675
0.00152917
0.759269
0.0116266
0.271624
0.64929
0.600423
0.352424
0.653555
0.535394
0.19273
0.00429413
0.314059
0.461967
0.253001
0.00810774
0.454948
0.0115445
0.00335035
0.715957
0.517556
0.525014
0.0832077
0.212466
0.0392891
0.00964056
0.0547451
0.663854
0.000416312
0.65803
0.410551
0.000646892
0.108399
0.760906
0.319814
0.00199458
0.0596973
0.00596983
0.490063
0.317268
0.271167
0.790738
0.579111
0.459694
0.00711116
0.167006
0.0202833
0.279211
0.230815
0.0323002
0.553529
0.0130662
0.297561
0.551674
0.00164161
0.00901124
0.142995
0.63187
0.328204
0.0289913
0.370921
0.341978
0.0952362
0.0180755
0.0371801
0.493931
0.654002
0.437234
0.0217039
0.244407
0.0241648
0.500238
0.287431
0.425808
0.0367708
0.309924
0.368873
0.264303
0.00250926
0.208989
0.0396272
0.00131149
0.260968
0.0169963
0.404124
0.20662
0.524554
0.435411
0.302731
0.383574
0.107154
0.000314948
0.0416782
0.538492
0.0023421
0.0476974
0.353822
0.700917
0.641477
0.24608
0.13968
0.32179
0.0502624
0.636083
0.373461
0.0677993
0.136269
0.124218
0.551614
0.00138096
0.71156
0.0041974
0.383513
0.0110506
0.128273
0.0013432
0.111768
0.000349086
0.676497
9.63682e-05
0.00796246
0.410235
0.00270245
0.369275
0.0069186
0.00816417
0.00040938
0.00914758
0.571729
0.195911
0.00652549
0.218705
0.0991201
0.0625815
0.0170999
0.296152
0.59667
0.272352
0.139124
0.69385
0.019107
0.0625796
0.0111543
0.197227
0.0323537
0.000781912
0.693217
0.30885
0.0608715
0.240877
0.326796
0.000555277
0.342188
0.664285
0.0853852
0.418544
0.494289
0.724693
0.267118
0.156751
0.428423
0.0834105
0.161954
0.184623
0.0705438
0.0406584
0.149543
0.235936
0.564481
0.104029
0.127708
0.0621704
0.0707773
0.464888
0.598773
0.583817
0.308348
0.132257
0.000142313
0.685245
0.0158861
0.0267967
0.0455602
0.753419
0.0370548
0.766755
0.524493
0.139309
0.452859
0.0380936
0.36754
0.10287
0.00469761
0.298608
0.28097
0.181942
0.241864
0.140784
0.0154429
8.82142e-05
0.0552603
0.422895
0.128084
0.551233
0.100723
0.0115153
0.301726
0.0105484
0.0274673
0.292469
0.599614
0.495095
0.539585
0.122189
0.217414
0.0334401
0.0975907
0.587663
0.206513
0.0450882
0.172384
0.717449
0.0117225
0.720735
0.443126
0.00376698
0.00192407
0.301077
0.226425
0.418441
0.529791
0.0024435
0.0532494
0.170324
0.427348
0.147966
0.517618
0.0159558
0.00465137
0.391881
0.330298
0.0882031
0.133619
0.180371
0.00960889
0.373178
0.206935
0.410745
0.318167
0.369786
0.414062
0.378051
0.0937423
0.226463
0.452676
0.00538408
0.00304035
0.725824
0.25497
0.153813
0.0111214
0.222527
0.00600076
0.289963
0.340456
0.396584
0.219476
0.48894
0.114611
0.0147812
0.375188
0.384974
0.00409383
0.51743
0.00544211
0.000403378
0.0424462
0.23223
0.1924
0.00460926
0.34642
0.514487
0.423494
0.502074
0.00102188
0.0576724
0.119057
0.000906931
0.328229
0.0946395
0.33788
0.0886473
0.375564
0.730467
0.00263629
0.296082
0.0690423
0.000746955
0.346331
0.00113825
0.102454
0.13633
0.00522903
0.695164
0.120343
0.54655
0.172672
0.0730006
0.555455
0.158228
0.0604257
0.700483
0.67801
0.403424
0.081346
0.0897589
0.0175077
0.447613
0.46722
0.000348816
0.0150166
0.0173949
0.0670169
0.0239244
0.000596132
0.27092
0.016208
0.248885
0.177514
0.0865532
0.100055
0.137037
0.0899499
0.483622
0.0795804
0.436433
0.00158357
0.652931
0.0713696
0.00108799
0.149245
0.241892
0.0160988
0.285445
0.626443
0.00706496
0.0346119
0.0269264
0.195268
0.311844
0.000885894
0.00260804
0.424629
0.00890594
0.000144241
0.000121425
0.0707574
0.103351
0.468524
0.00519769
0.00839476
0.424361
0.27205
0.465438
0.205984
0.266503
0.891318
0.126503
0.353204
0.0758369
0.234885
0.0357422
0.378783
0.00231709
0.00102545
0.270957
0.160947
0.0316026
0.603153
0.33286
0.0003379
0.508368
0.0526311
0.202239
0.774732
0.0253168
0.342941
0.0742838
0.316781
0.66819
0.534742
0.356048
0.334058
0.226702
0.34924
0.0151823
0.0819687
0.00225492
0.424084
0.377256
0.301838
0.0128849
0.0624502
0.00369554
0.182943
0.628378
0.24901
0.696661
0.138077
0.682831
0.01112
0.0379071
0.48044
0.0491399
0.631203
0.00156627
0.77911
0.172336
0.498754
0.0803376
0.169807
0.0604686
0.000183403
0.00706154
0.617083
0.343237
0.0960069
0.409925
0.411766
0.412121
0.332553
0.00183947
0.107865
0.0382303
0.382493
0.298407
0.0526424
0.002257
0.535233
0.000648649
0.600835
0.0329464
0.0889009
0.00644414
0.646494
0.0705351
0.0205454
0.0706576
0.552268
0.0427759
0.0894787
0.840379
0.205729
0.0913478
0.0192057
0.166879
0.590877
0.0688012
0.0177682
0.0167655
0.489301
0.0661498
0.695324
0.0400252
0.0299107
0.302496
0.0164164
0.00303284
0.00171831
0.257863
0.0060948
0.000348362
0.118663
0.66126
0.30564
0.00148865
0.336071
0.147035
0.229047
0.00866495
0.0819191
0.436797
0.458262
0.00138714
0.00016789
0.223942
0.0162879
0.00645798
0.290137
0.0725406
0.0689362
0.000482902
0.0157221
0.0277995
0.0191408
0.633637
0.101506
0.363279
0.498711
0.56668
0.131264
0.106886
0.0226829
8.3794e-05
0.485349
0.00710785
0.0515934
0.535176
0.188016
0.3883
0.786545
0.00213385
0.297866
0.236987
0.00175962
0.000335491
0.495308
0.807649
0.777308
0.502967
0.035377
0.133936
0.679715
0.333019
0.0243001
0.696963
0.273093
0.442121
0.385477
0.00243518
0.381254
0.223094
0.345308
0.630772
0.421291
0.409254
0.428197
0.503115
0.0233559
0.00160009
0.615365
0.552671
0.3361
0.000955714
0.513218
0.0963877
0.0423618
0.462706
0.140521
0.00940728
0.575097
0.15792
0.686561
0.879393
0.689743
0.839788
0.215783
0.721982
0.116869
0.563693
0.00393576
0.770383
0.424396
0.0838802
0.206749
0.111253
0.00237579
0.185802
0.000556228
0.422305
0.00072337
0.8205
0.0982015
0.476852
0.0863756
0.0266321
0.374801
0.264357
0.00682777
0.224751
0.60883
0.00149708
0.312329
0.0132861
0.00525915
0.315548
0.115858
0.00456818
0.28044
0.254503
0.5376
0.0524833
0.00995923
1.62698e-05
0.53126
0.0598173
0.383088
0.0346992
0.664243
0.169831
0.274325
0.000286137
0.0832308
0.108821
0.000756239
0.00129158
0.439744
0.00165902
0.0114245
0.46466
0.468921
0.736016
0.250982
0.673304
0.676407
0.631469
0.0747194
0.206248
0.0960303
0.496508
0.428751
0.00877823
0.00431592
0.285635
0.0358861
0.145927
0.516497
0.382329
0.197762
0.0148195
0.193571
0.752102
0.2455
0.0345217
0.599108
0.00162145
0.0160686
0.703056
0.567023
0.0723418
0.575406
0.124964
0.357882
0.00876872
0.453201
0.0525047
0.205313
0.232082
0.103873
0.0544773
0.508733
0.00172796
0.0102155
0.340622
0.0561115
0.500671
0.174132
0.366749
0.000963168
0.446332
0.184146
0.632174
0.0978146
0.19103
0.00621382
0.309085
0.0656305
0.317779
0.476919
0.00197523
0.283858
0.0100798
0.660869
0.445453
0.439031
0.291107
0.0380187
0.352969
0.0132516
0.32403
0.432083
0.0120005
0.0480202
0.26146
0.00606761
0.00453036
0.0167425
0.226141
0.665478
0.393399
0.0156867
0.196007
0.763982
0.590657
0.830895
0.372092
0.711854
0.00209259
0.0673243
0.0486216
0.716037
0.523058
0.00120148
0.435666
0.512595
0.252856
0.0598989
0.548155
0.250245
0.243798
0.105515
0.603929
0.454476
0.0013407
0.0129245
0.584144
0.238755
0.0062884
0.0325271
0.0696966
0.00477384
0.225053
0.429621
0.59682
0.00659717
0.0987874
0.0189084
0.257235
0.00560352
0.311361
0.107145
0.0930861
0.734467
0.00259645
0.0218759
0.0993961
0.221538
0.401847
0.0174851
0.0134983
0.000447808
0.029666
0.133308
0.17094
0.168351
0.00875531
0.0134736
0.0171744
0.321375
0.253874
0.038594
0.110541
0.113644
0.416663
0.00160147
0.640405
0.0481771
0.144889
0.143052
0.440528
0.0574429
0.000788994
0.527367
0.0384312
0.110472
0.000105783
0.0231107
0.248445
0.315228
0.455159
0.0907185
0.0311891
0.850074
0.306483
0.413118
0.118678
0.24161
0.0360739
0.343436
0.0970776
0.0593898
0.000369638
0.309563
0.00071018
0.0113483
0.623347
6.19086e-05
0.0800899
0.00512103
0.223261
0.00453569
0.50197
0.469822
0.0970857
0.19647
0.0289395
0.0144025
0.00623062
0.588661
0.63321
0.401179
0.478972
0.015417
0.187691
0.0876469
0.245057
0.226675
0.00583509
0.313098
0.138214
0.104809
0.0643695
0.406499
0.0880505
0.0916095
0.201224
0.148231
0.19381
0.12914
0.546368
0.479085
0.21137
0.566085
0.0642502
0.00691585
0.81973
0.0382852
0.289152
0.00654759
0.713746
0.00809274
0.0298886
0.563871
0.438033
0.596486
0.411625
0.322562
0.023615
0.44814
0.0856429
0.0021834
0.010114
0.234743
0.0460831
0.172581
0.0374269
0.0103444
0.0582745
0.162137
0.111373
0.158477
0.616345
0.44503
0.409938
0.291674
0.0677926
0.3603
0.0127883
0.066621
0.00247596
0.362495
0.00504723
0.00189568
0.322273
0.0114192
0.0567715
0.102454
0.328458
0.0476007
0.0586969
0.00575529
0.516419
0.0788212
0.00826536
0.239118
0.188189
0.0123711
0.0249199
0.511036
0.354798
0.526204
0.785204
0.155462
0.00482499
0.0308387
0.241667
0.383307
0.503495
0.322483
0.00176235
0.095396
0.680799
0.368126
0.0181793
0.370661
0.659557
0.0338699
0.00569813
0.146329
0.00325567
0.0435609
0.246557
0.663268
0.0463812
0.0216013
0.459407
0.404041
0.329527
0.0392822
0.32512
0.534258
0.0877446
0.2421
0.453518
0.499413
0.00121253
0.0311712
0.0705392
0.0173315
0.307797
0.0012204
0.0498715
0.659785
0.252529
0.684986
0.0251946
0.729433
0.00786786
0.0392636
0.0148871
0.147277
0.702526
0.185543
0.379559
0.204106
0.032687
0.0219691
0.00309069
0.016069
0.520778
0.0287642
0.162887
0.0535461
0.0162594
0.493828
0.0541334
0.0731441
0.0134679
0.346162
0.0172445
0.643817
0.48966
0.368544
0.760476
0.470145
0.621991
0.474429
0.283546
0.00105676
0.569743
0.47939
0.172227
0.0215808
0.392003
0.478349
0.0341064
0.365993
0.251458
0.0927486
0.127102
0.305657
0.0605481
0.460636
0.00954053
0.50364
0.193011
0.373207
0.795709
0.10097
0.315551
0.0256398
0.298587
0.114497
0.661778
0.548479
0.727851
0.0070398
0.683915
0.138049
0.247706
0.135872
0.4926
0.00247029
0.0260955
0.117114
0.330915
0.0276847
0.599539
0.0316258
0.341312
0.0588589
0.0038559
0.423992
0.000241148
0.850055
0.0886126
0.290205
0.196981
0.292867
0.0135806
0.135003
0.0123029
0.000987433
0.526878
0.573908
0.023182
0.0321923
0.33986
0.305749
0.565979
0.244834
0.0730202
0.129027
0.195129
0.00642277
0.426995
0.522741
0.51188
0.110671
0.400034
0.12525
0.242898
0.0961322
0.521541
0.000881344
0.000481412
0.0637483
0.0825856
0.59589
0.000770543
0.0923206
0.3638
0.576638
0.173083
0.0375062
0.0627042
0.431375
0.513746
0.0611362
0.298105
0.0532635
0.256432
0.125634
0.000129475
0.0356238
0.156139
0.115488
0.447226
0.000573937
0.0554424
0.676806
0.344869
0.60366
0.169837
0.165472
0.12952
0.666979
0.00943077
0.0494524
0.0119477
0.487011
0.151143
0.0142449
0.734969
0.0222208
0.148214
0.550601
0.116212
0.0368339
0.137481
0.155681
0.379945
0.505069
0.581914
0.0112459
0.566151
0.10523
0.000969931
0.310526
0.0770911
0.490439
0.0751613
0.0173633
0.241814
0.355646
0.207209
0.0294635
0.674374
0.551947
0.79517
0.139308
0.0242615
0.00145962
0.712366
0.281232
0.297025
0.00152043
0.336505
0.594325
0.00147932
0.210442
0.0170256
0.101532
0.0800634
0.013637
0.462988
0.00408353
0.0436561
0.517993
0.349208
0.421513
0.570734
0.519918
0.01006
0.000408105
0.257426
0.721904
0.253361
0.0206081
0.0017668
0.278806
0.723637
0.411282
0.0535154
0.00425221
0.00100724
0.000156676
0.0760686
0.11612
0.0777427
0.226144
0.0188332
0.0161969
0.124517
0.000858953
0.294155
0.191713
0.341932
0.0191641
0.0114508
0.0517099
0.79545
0.0739538
0.0202492
0.434368
0.4681
0.0121745
0.1967
0.0357727
0.0434134
0.148572
0.46325
0.0480811
0.127513
0.283161
0.348662
0.363409
0.120496
0.637394
0.0448993
0.0259704
0.253586
0.00264864
0.00930131
0.0675983
0.0633393
0.180924
0.0531688
0.364617
0.500196
4.74883e-06
0.124131
0.126271
0.0200173
0.412225
0.0158237
0.459691
0.0518857
0.0565511
0.00403911
0.016169
0.00753762
0.00719587
0.319503
0.751215
0.674008
0.508505
0.290223
0.731813
0.531649
0.674635
0.265082
0.376673
0.331534
0.000624521
0.0135816
0.0200814
0.0670057
0.220448
0.472147
0.775594
0.702385
0.000777004
0.00476992
0.438988
0.0949688
0.00455511
0.037822
0.370896
0.000559512
0.111465
0.636191
0.0201782
0.156028
0.0617318
0.0860078
0.0528824
0.713746
0.0141498
0.296508
0.341613
0.417315
0.00833784
0.0410415
0.123197
0.0168255
0.334642
0.0240682
0.0126494
0.0657612
0.300806
0.225343
0.586794
0.0168146
0.0028579
0.138912
0.146491
0.261988
0.27156
0.489297
0.19631
0.183939
0.384983
0.485008
0.0308288
0.370157
0.445018
0.00544537
0.00298082
0.0899051
0.271082
0.228111
0.00356739
0.312157
0.4232
0.0168231
0.0602992
0.0349495
0.00653028
0.403242
0.032764
0.0716848
0.483902
0.167585
0.0678449
0.292858
0.121945
0.00433706
0.00124555
0.159858
0.00479823
0.00191477
0.0618989
0.744904
0.0199515
0.0331482
0.00195463
0.559706
0.368909
0.0214991
0.15861
0.115916
0.273161
0.0191227
0.113322
0.64303
0.230453
0.582257
0.00106519
0.523966
0.0195292
0.52432
0.151804
0.00249498
0.425353
0.61782
0.130259
0.163087
0.122333
0.857133
0.0317885
0.0086482
0.28528
0.372559
0.0940306
0.190909
0.477467
0.386902
0.467874
0.471765
0.0259799
0.0477788
0.0650699
0.399492
0.25435
0.0691178
0.00300432
0.00983196
0.419308
0.00585417
0.124792
0.258796
0.320929
0.348877
0.233225
0.606078
0.0983662
0.187549
0.558325
0.00261563
0.0514123
0.0543891
0.00365462
0.00406132
0.267592
0.502921
0.0663752
0.211266
0.0284468
0.40482
0.609085
0.00182715
0.00217012
0.281014
0.004137
0.656099
0.232087
0.421816
0.214796
0.0646477
0.0560742
0.369297
0.0358543
0.260273
0.654861
0.00151718
0.000226277
0.362692
0.28821
0.1058
0.259989
0.48147
0.461562
0.528354
0.0138163
0.0474195
0.000111123
0.0855732
0.402654
0.0286524
0.032763
0.00273194
0.075067
0.060119
0.0056289
0.284662
0.00115206
0.0215273
0.336815
0.00311075
0.407579
0.236947
0.066942
0.28842
0.00653554
0.245163
0.185246
0.0169531
0.325497
0.000713481
0.0826572
0.308261
0.491268
0.0241078
0.020579
0.00815471
0.728922
0.284374
0.626637
0.216223
0.0249827
0.000391856
0.341412
0.284812
0.0605219
0.556798
0.00321028
0.0235007
0.79378
0.36607
0.00588276
0.323972
0.190598
0.0491438
0.0994086
0.299766
0.221453
0.0475975
0.445685
0.016212
0.00399421
0.0330632
0.00121454
0.00167402
0.0115845
0.133284
0.511076
0.101487
0.0185334
0.199301
0.0701851
0.00246988
0.599922
0.308327
0.0226348
0.442395
0.287434
0.0472458
0.295129
0.511723
0.0168675
0.00619873
0.00199203
0.332898
0.000275459
0.0015122
0.364522
0.17397
0.000755118
0.21955
0.229854
0.020205
0.604888
0.309293
0.243045
0.197556
0.503058
0.27393
0.368438
0.0420519
0.000199453
0.551214
0.0171072
0.319566
0.375915
0.514172
4.23563e-05
0.0118903
0.11663
0.504104
0.426905
0.0553147
0.00393283
0.551595
0.356
0.69587
0.00659439
0.371628
0.258568
0.46401
9.63538e-05
0.239445
0.396224
0.052726
0.25447
0.00363058
0.153261
0.793041
0.0736859
0.661227
0.0488304
0.351931
0.776872
0.0234021
0.389144
0.610326
0.110442
0.686962
0.378775
0.0010411
0.555362
0.72143
0.000975139
0.778824
0.0351109
0.0098753
0.00196513
0.297844
0.530806
0.100356
0.294985
0.0114827
0.00901802
0.121928
0.373952
0.0554742
0.00244332
0.421848
0.0154732
0.597183
0.142605
0.1425
0.440063
0.698198
0.00426519
0.0419219
0.0232223
0.0107271
0.00439263
0.0019374
0.0110217
0.252764
0.324494
0.0957654
0.0631574
0.0236201
0.0116005
0.0363059
0.019327
0.00179088
0.368353
0.34117
0.140886
0.210949
0.00373276
0.762259
0.226225
0.0283497
0.329942
0.00210994
0.104706
0.0131493
0.0253552
0.0181641
0.628065
0.505155
0.698444
0.0400155
0.0148246
0.00739105
0.00827456
0.0391141
0.0628651
0.474825
0.601362
0.0548017
0.0225984
0.00388628
0.0496682
0.405249
0.284553
0.623367
0.0825814
0.191109
0.176098
0.121659
0.134081
0.000973361
0.00631772
0.613669
0.363941
0.1325
0.00903635
0.00222719
0.00514605
0.185886
0.840731
0.28056
0.33871
0.0013279
0.0780803
0.290536
0.4377
0.00632715
0.0232767
0.0409791
0.611206
0.572159
0.724412
0.494092
0.0497786
0.00186751
0.156502
0.0393491
0.396871
0.00235026
0.00379227
0.0892253
0.127828
0.421803
0.0713536
0.514033
0.00102162
0.000116919
0.00268391
0.136497
0.101517
0.0350341
0.04692
0.039755
0.271695
0.00510946
0.0265201
0.34696
0.718375
0.0377665
0.699927
0.173664
0.404066
0.520826
0.55176
0.0690196
0.0088281
0.0469841
0.714783
0.562586
0.238807
0.270111
0.491701
0.326523
0.531852
0.218016
0.000518961
0.000629855
0.000639675
0.556566
0.0111109
0.064134
0.0174931
0.0146849
0.441152
0.496979
0.010281
0.304061
0.00194671
0.0894011
0.327438
0.0362814
0.50076
0.0994348
0.0572504
0.0404091
0.242933
0.560533
0.392647
0.590248
0.00462316
0.0547272
0.00786649
0.387713
0.036397
0.333856
0.104113
0.133711
0.562486
0.144652
0.00373867
4.01977e-05
0.838472
0.486535
0.00693307
0.395264
0.05413
0.432415
0.033489
0.00250746
0.00758928
0.638631
0.468656
0.137059
0.0166744
0.66777
0.616426
0.19226
0.00924775
0.108926
0.248147
0.0564476
0.0261118
0.00169095
0.327209
0.231976
0.0987494
0.0535697
0.112803
0.0559446
0.00397874
0.522224
0.45412
0.683706
0.0057171
0.650064
0.0927665
0.584976
0.312259
0.342629
0.652812
0.0703902
0.25114
0.014135
0.000968395
0.479314
0.0330486
0.0125481
0.625387
0.421286
0.312695
0.113016
0.0701577
0.0900519
0.518178
0.0234588
0.0462234
0.49972
0.42234
0.419662
0.600133
0.0152886
0.854961
0.405208
0.308692
0.208725
0.0119308
0.60976
0.207864
0.0338595
0.0106025
0.548617
0.00832928
0.311452
0.608568
0.521847
0.0474335
0.750371
0.182112
0.269481
0.0736641
0.00309537
0.340487
0.504924
0.491323
0.549677
0.583028
0.0176538
0.276909
0.482505
0.690938
0.241705
0.187925
0.47413
0.415882
0.0166096
0.308286
0.489479
0.561784
0.0737319
0.275883
0.443109
0.191576
0.00439104
0.0383668
0.396134
0.0159784
0.493953
0.408142
0.0573898
0.0340731
0.376972
0.44647
0.109026
0.000838469
0.472502
0.112762
0.625014
0.725441
0.0090959
0.510716
0.475762
0.388299
0.000152392
0.315009
0.266181
0.399689
0.464817
0.200775
0.629053
0.383959
0.0291847
0.044177
0.302322
0.529166
0.0345574
0.296666
0.0318357
0.236429
0.2727
0.604657
0.00900785
0.672239
0.00743383
0.727716
0.000339755
0.544522
0.0153808
0.0864249
0.328217
0.0567699
0.401011
0.00294727
0.0270969
0.30833
0.404924
0.0842536
0.0567295
0.475526
0.0309996
0.00610846
0.0123794
0.160888
0.00818626
0.498943
0.160373
0.260025
0.395851
0.0114013
0.000191924
0.0288159
0.135488
0.503104
0.503783
0.00973295
1.95954e-05
0.372105
0.196651
0.0149804
0.267444
0.0804511
0.348791
0.103639
0.000453884
0.00652703
0.0184711
0.0549462
0.28703
0.106126
0.0322221
0.323054
0.850033
0.014006
0.341459
0.363188
0.0639182
0.0945352
0.241437
0.21002
0.343942
0.0190225
0.00148642
0.265503
0.30485
0.560228
0.534032
0.0642973
0.338981
0.317386
0.170387
0.0864717
0.558382
0.355069
0.0590207
0.0555781
0.1524
0.00222946
0.747495
0.0251443
0.47608
0.0818239
0.368115
0.346054
0.00048246
0.28549
0.000178163
0.000536397
0.258022
0.14395
0.360931
0.603883
0.00158078
0.263793
0.0294276
0.661742
0.000378671
0.197508
0.300926
0.20142
0.00355936
0.00726099
0.436258
0.633433
0.116149
0.6468
0.0830362
0.197558
0.385733
0.00368826
0.00234991
0.12301
0.224497
0.655099
0.196092
0.00489796
0.00725035
0.499199
0.388862
0.016641
0.509154
0.808718
0.551596
0.836132
0.193876
0.0253543
0.534851
0.309853
0.00417653
0.505891
0.25656
0.323252
0.0212269
0.583419
0.00135274
0.166581
0.0671734
0.168509
0.574208
0.0231991
0.03144
0.000269537
0.000568986
0.284573
0.0241284
0.000533688
5.89474e-05
0.0443506
0.299887
0.416827
0.0601774
0.0230686
0.218331
0.237367
0.0783936
0.00421557
0.330488
0.119237
0.0405333
0.742841
5.58814e-05
0.114836
0.373629
0.228659
0.31984
0.103018
0.0562119
0.266471
0.175938
0.0335128
0.12913
0.609693
0.347993
0.00177137
0.333656
0.0154383
0.100365
0.0440647
0.418703
0.00632899
0.0844256
0.534655
0.00662389
0.0338794
0.152855
0.453998
0.0015348
0.547973
0.300622
0.109914
0.0631898
0.11785
0.288573
0.0990224
0.762906
0.0123823
0.619806
0.00290065
0.479352
0.22329
0.00327095
0.292282
0.289841
0.246683
0.00823036
0.710766
0.668213
0.472896
0.000680879
0.279475
0.00263294
0.183401
0.0227098
0.00893517
0.000394176
0.329938
0.00308428
0.243966
0.147037
0.0259192
0.254278
0.000158226
0.382969
0.155935
0.00183558
0.213913
0.0213257
0.0189509
0.00860478
0.00506552
0.000111516
0.0900699
0.00833989
0.0670327
0.483179
0.67126
0.00757484
0.614904
0.374493
0.0377922
0.362891
0.515658
0.00180782
0.439721
0.285745
0.115896
0.540317
0.0741412
0.0167131
0.163367
0.0268855
0.101378
0.00648963
0.433843
0.00254061
0.00511299
0.371667
0.370068
0.0819765
0.000274422
0.130942
0.0990828
0.551949
0.000286521
0.076354
0.153195
0.0541019
0.532307
0.00690104
0.045066
0.449731
0.00308192
0.294917
0.0362953
0.043017
0.414213
0.446292
0.364452
0.00213479
0.435946
0.375603
0.405299
0.0943314
0.273668
0.0480558
0.000937471
0.0280498
0.0393824
0.00949108
0.420604
0.713644
0.0284912
0.244289
0.0254671
0.705905
0.318858
0.198033
0.353298
0.0841165
0.844402
0.0196253
0.0179713
0.316707
0.0643957
0.235698
0.360994
0.300717
0.0269764
0.259353
0.397039
0.107577
0.641239
0.0460961
0.00463327
0.238815
0.332737
0.504177
0.000522716
0.0977431
0.731987
0.304663
0.00953437
0.00229135
0.00566128
0.0311628
0.281818
0.00228256
0.07268
0.413333
0.207925
0.370965
0.167036
0.0265996
0.0338271
0.00147657
0.280142
0.230541
0.665208
0.806884
0.0291514
0.756104
0.00502299
0.0384003
0.302313
0.00469338
0.355171
0.320226
0.0912901
0.136213
0.188457
0.0210776
0.0116605
0.225073
0.564525
0.627703
0.388171
0.713681
0.496253
0.513508
0.717047
0.132492
0.134842
0.0286076
0.30314
0.112817
0.00383543
0.848474
0.000264002
0.278747
0.552514
0.329032
0.505597
0.0021234
0.0012116
0.000215156
0.0929048
0.293729
0.310012
0.156659
0.646105
0.0610134
0.181838
0.527443
0.0181784
0.614085
0.14229
0.670918
0.0496008
0.0158847
0.0884413
0.185772
0.491156
0.00091279
0.141005
0.00969641
0.155514
0.345386
0.0173258
0.118424
0.114767
0.0890991
0.164033
0.423555
0.522505
0.842993
0.0673585
0.222681
0.589855
0.0219529
0.0305217
0.530265
0.188352
0.00147631
0.805892
0.364796
0.0402776
0.186157
0.232444
0.0662465
0.375479
0.103777
0.242954
0.0395921
0.0876635
0.0339035
0.617009
0.674599
0.000681887
0.00626706
0.596371
0.428595
0.0508009
0.344623
0.640378
0.0565764
0.153564
0.109196
0.027345
0.109621
0.0283661
0.296155
0.438614
0.277221
0.402902
0.785042
0.327464
0.0180467
0.785946
0.588771
0.0185056
0.35681
0.00307797
0.0335111
0.135667
0.552191
0.0530501
0.0270967
0.453931
0.384877
0.662518
0.0423255
0.754858
0.109183
0.335019
0.112367
0.0585383
0.243068
0.0353679
0.0339864
0.52803
0.338482
0.866835
0.560445
0.0311675
0.340967
0.443051
0.624946
0.355616
0.113613
0.447782
0.0620541
0.0436828
0.201352
0.0222398
0.0508384
0.776827
0.308497
0.0043785
0.273597
0.554148
0.188914
0.491751
0.708946
0.145537
0.0230186
0.125071
0.333209
0.0064718
0.0130552
0.551809
0.0869745
0.291505
0.430644
0.507253
0.0313707
0.00236572
0.019211
0.676171
0.00311353
0.0245557
0.00655751
0.00148051
0.172128
0.0188855
0.633999
0.00498254
8.24453e-05
0.836594
0.208613
0.546867
0.0341063
0.103591
0.126319
0.197083
0.606287
0.0353079
0.0652639
0.784806
0.400158
0.251183
0.00263405
0.124877
0.118581
0.0278837
0.135569
0.575547
0.369822
0.0454232
0.115785
0.683308
0.0456139
0.075229
0.0864678
0.0261196
0.169634
0.627427
0.212449
0.0825122
0.00898375
0.658617
0.603818
0.297631
0.271088
0.31335
0.0122671
0.382595
0.639168
0.741094
0.731987
0.069727
0.708393
0.0171301
0.256947
0.0188094
0.306794
0.32101
0.626846
0.685221
0.409559
0.0103052
0.91173
0.677486
0.476754
0.387111
0.130767
0.273378
0.271662
0.296589
0.335141
0.501188
0.534623
0.176963
0.0162096
0.369503
0.654517
0.485899
0.475919
0.220655
0.673142
0.0538111
0.0070361
0.293599
0.358055
0.11764
0.0768925
0.37778
0.00241631
0.51879
0.0828723
6.74642e-05
0.561242
0.005998
0.322386
0.162247
0.144157
0.481611
0.21898
0.639829
0.664485
0.0872967
0.524105
0.101236
0.28195
0.456936
0.43384
0.0086623
0.000949703
0.0593323
0.000730282
0.212332
0.184282
0.0124211
0.0360285
0.0594976
0.371359
0.125289
0.00996333
0.182163
0.00148964
0.0418336
0.0953877
0.582127
0.0587269
0.0185948
0.785309
0.111757
0.0367115
0.00506444
0.0590555
0.400531
0.0568814
0.398295
0.210092
0.00132479
0.373959
0.373247
0.489795
0.42811
0.0736458
0.015755
0.51123
0.151267
0.55005
0.583461
0.377312
0.00760219
0.709155
0.00231704
0.0378641
0.0638315
0.476618
0.0524577
0.500342
0.205119
0.150367
0.50321
0.0123481
0.0237825
0.0220777
0.0208639
0.617173
0.584963
0.00469526
0.00239724
0.196748
0.196863
0.232282
0.506517
0.196842
0.0366797
0.0055174
0.19894
0.193746
0.422206
0.696265
0.0221916
0.445433
0.402854
0.00150563
0.0047339
0.323409
0.35381
0.0379204
0.569822
0.0158072
0.158916
0.000463349
0.794781
0.00375628
0.244622
0.554041
0.328975
0.145406
0.61336
0.0139327
0.00544589
0.0603964
0.344425
0.383337
0.00102617
0.0317514
0.463222
0.304585
0.610932
0.0416095
0.561391
0.398621
0.36662
0.334299
0.272171
0.0284138
0.0043403
0.189805
0.0474137
0.260512
0.614666
0.0430037
0.591279
0.022752
0.0209954
0.467796
0.16816
0.0118731
0.0463303
0.348677
0.589254
0.035252
0.597226
0.387432
0.462052
0.581572
0.0827895
0.322004
0.362506
0.255954
0.105103
0.249861
0.277654
0.0293978
0.26379
0.752715
0.260968
0.119911
0.250201
0.160527
0.0232026
0.0566964
0.0388831
0.225079
0.00926256
0.376875
0.499196
0.480205
0.0192014
0.0717602
0.423926
0.217376
0.00274535
0.0575802
0.234376
0.0647378
0.828349
0.546495
0.252983
0.216933
0.179945
0.00470082
0.502324
0.278064
0.0344135
0.306114
0.090856
0.0133677
0.529164
0.432723
0.0151997
0.259117
0.075305
0.247308
0.0106806
0.559528
0.00822075
0.389486
0.00384885
0.136771
0.0192921
0.0093371
0.435677
0.496077
0.249759
0.00810999
0.717061
0.0016631
0.309336
0.00281471
0.0414703
0.329114
0.321069
0.424569
0.0562097
0.0993323
0.341948
0.00379429
0.00384368
0.333116
0.478791
0.21032
0.0178016
0.0697692
0.770097
0.103355
0.00571565
0.00143674
0.234048
0.000276917
0.0638296
0.483163
0.13733
0.73586
0.298531
0.000675621
0.733452
0.415941
0.15732
0.466871
0.112908
0.363981
0.479259
0.00210947
0.48491
0.450677
0.601982
0.352945
0.000457252
0.00989243
0.0144148
0.160244
0.0374091
0.0435072
0.200481
0.388752
0.0315785
0.134095
0.0219192
0.51133
0.34154
0.166394
0.00239654
0.019441
0.436531
0.401783
0.184034
0.285883
0.395527
0.0631437
0.250451
0.242416
0.00302857
0.135044
0.650401
0.522603
0.121942
0.195661
0.034961
0.0434551
0.00178641
0.0256349
0.634411
0.0854494
0.66404
0.358742
0.489421
0.151141
0.430205
0.00147744
0.05429
0.020474
0.0468036
0.349325
0.349508
0.145309
0.662346
0.0136597
0.617608
0.0317201
0.154437
0.0977829
0.0233272
0.286131
0.00479051
0.00409399
0.0642544
0.418899
0.610616
0.197098
0.48217
0.209955
0.496172
0.144905
0.015246
0.577249
0.234531
0.438891
0.115241
0.029963
0.00114818
0.00256792
0.85894
0.00335803
0.0111955
0.747817
0.521575
0.495632
0.055652
0.844758
0.546164
0.163074
0.654977
0.372357
0.149387
0.483091
0.205616
0.078776
0.310902
0.00475113
0.50892
0.10221
0.137002
0.219134
0.00188483
0.15613
0.00398687
0.26719
0.0483803
0.56202
0.0884305
0.275482
0.00466009
0.172057
0.0388539
0.411566
0.327241
0.114693
0.365712
0.540081
0.7654
0.00400168
0.00717019
0.253454
0.373254
0.00706851
0.263572
0.00890798
0.229523
0.354038
0.0860774
0.228747
0.085363
0.174854
0.0175803
0.624027
0.0133009
0.189467
0.436948
0.0310803
0.041376
0.546656
3.12178e-05
0.161766
0.0310118
0.696157
0.000964846
0.66818
0.626869
0.640558
0.0149768
0.490285
0.0131858
0.0546337
0.0197615
0.423441
0.0379894
0.00370414
0.539244
0.164191
0.00277141
0.0160023
0.0119768
0.168765
0.663441
0.015424
0.107909
0.312799
0.403973
0.111675
0.770304
0.00330866
0.523095
0.054712
0.234668
0.0428324
0.192488
0.544048
0.608788
0.0621838
0.415316
0.201792
0.0885364
0.341638
0.505057
0.14802
0.43944
0.314903
0.451726
0.0548695
0.0660016
0.0477294
0.587012
0.115939
0.538386
0.340663
0.528514
0.835723
0.0552681
0.418693
0.495163
0.00681665
0.0336116
0.220003
0.0551249
0.0259022
0.000205092
0.587805
0.662325
0.222617
0.00213421
0.110164
0.220259
0.0778383
0.0673655
0.187573
0.238076
0.46159
0.654088
0.397445
0.463627
0.0470508
0.254491
0.0169878
0.0219792
0.352015
0.00159724
0.122802
0.160561
0.0431368
0.00680524
0.0368148
0.306421
0.00177093
0.594841
0.00111106
0.380312
0.00459881
0.656697
0.143241
0.0479532
0.0730074
0.0365413
0.186631
0.00223615
0.0282687
0.381795
0.471896
0.0333697
0.129658
0.147247
0.155216
0.431807
0.055635
0.216091
0.685944
0.243861
0.36685
0.000653356
0.286471
0.360833
0.000284303
0.123486
0.305896
0.00116663
0.141173
0.012874
0.395231
0.707017
0.171944
0.548312
0.26299
0.0778374
0.0374725
0.432711
0.460358
0.436869
0.250278
0.0613206
0.150561
0.453122
0.234958
0.12861
0.610276
0.00351426
0.320722
0.0270569
0.223019
0.0417913
0.522686
0.576539
0.177943
0.242775
0.632321
0.33686
0.0507364
0.00617204
0.0620959
0.0776372
0.0144047
0.324948
0.129517
0.00489212
0.00120504
0.0580657
0.013046
0.0183236
0.0835695
0.000255427
0.410854
0.00149438
0.144765
0.443389
0.222135
0.0667162
0.00524015
0.00303801
0.325192
0.000826853
0.393638
0.31947
0.488555
0.033207
0.00501346
0.473698
0.741048
0.00940848
0.108452
0.415489
0.173509
0.29775
0.0464658
0.81837
0.333824
0.198927
0.649765
0.101078
0.216043
0.171028
0.143471
0.326269
0.135809
0.401604
0.312178
0.304027
0.00144812
0.306408
0.655126
0.00428219
0.231829
0.369784
0.335585
0.60101
0.425757
0.469866
0.634022
0.0269385
0.508863
0.415111
0.863411
0.508519
0.0149751
0.25556
0.385655
0.617396
0.0691293
0.0641028
0.158572
0.344134
0.387739
0.114712
0.760385
0.139313
0.836616
0.249723
0.418811
0.483858
0.353964
0.187675
0.0261435
0.193202
0.107999
0.0345703
0.00555867
0.0300297
0.023202
0.556864
0.421344
0.132691
0.00854133
0.134566
0.216361
0.675329
0.462659
0.284008
0.06603
0.00490797
0.0795728
0.0898343
0.0786878
0.366735
0.0366328
0.301281
0.007052
0.0169949
0.101789
0.101447
0.689631
0.594195
0.605802
0.638874
0.634121
0.648039
0.0163264
0.155865
0.00093853
0.585435
0.183319
0.0960037
0.210553
0.303607
0.380737
0.500941
0.12278
0.653524
0.0495841
0.521727
0.183388
0.390678
0.0204771
0.0607586
0.331503
0.0204967
0.00412364
0.555665
0.138884
0.00420671
0.018225
0.815721
0.562677
0.0142339
0.229946
0.0381757
0.021851
0.0947716
0.576056
0.610831
0.458921
0.563914
0.0893331
0.34526
0.00185555
0.0199129
0.12185
0.00783874
0.418956
0.00154717
0.476066
0.0790685
0.11932
0.299462
0.0612167
0.562294
0.56809
0.150756
0.262027
0.117757
0.100145
0.547839
0.300466
0.202751
0.383225
0.155363
0.000152076
0.113726
0.00804544
0.134741
0.332024
0.267277
0.178167
0.0702523
0.665161
0.189028
0.217995
0.343604
0.007579
0.148739
0.000780416
0.0963001
0.0106531
0.0260498
0.323245
0.0189266
0.674722
0.366343
0.577999
0.0740923
0.550769
0.449114
0.670785
0.073716
0.128724
0.0294348
0.0230387
0.0017833
0.000144197
0.428776
0.536341
0.021836
0.002627
0.0810317
0.0836504
0.00538444
0.0125654
0.37349
0.0450956
0.132986
0.730936
0.00100654
0.436604
0.0744649
0.0138919
0.246912
0.518348
0.455244
0.798869
0.0137702
0.000418271
0.119579
0.608802
0.337062
1.31445e-05
0.654645
0.0608118
0.320408
0.265993
0.0591501
0.5566
0.17779
0.352003
0.0690928
0.0459937
0.0507952
0.0128996
0.326134
0.0112131
0.632962
0.571947
0.447266
0.663419
0.420742
0.0909896
0.836206
0.321511
0.358434
0.393629
0.238087
0.00142233
0.0112709
0.50077
0.440374
0.360076
0.268572
0.677694
0.387485
0.0554494
0.604717
0.32756
0.117935
0.399099
0.102093
0.00947106
0.0075125
0.318889
0.0361925
0.309203
0.383601
0.0880572
0.360987
0.489561
0.0700567
0.0796442
0.256243
0.00875541
0.023297
0.00583053
4.795e-05
8.75165e-05
0.662528
0.369974
2.22445e-05
0.089131
0.364108
0.271266
0.547794
0.358189
0.00136722
0.00821733
0.682463
0.0867504
0.53576
0.587165
0.197407
0.622495
0.0925774
0.0496394
0.47258
0.13681
0.180466
0.323826
0.0763502
0.0859126
0.239053
0.35882
0.628637
0.560442
0.00566319
0.440809
0.102209
0.16587
0.22782
0.849499
0.0374532
0.677539
0.00326585
0.0581032
0.0195242
0.200433
0.138797
0.0184537
0.0622302
0.355625
0.181065
0.265793
0.0277949
0.212299
0.0663351
0.104644
0.0674915
0.248766
0.652589
0.0851919
8.85182e-06
0.020758
0.00526876
0.000616124
0.415185
0.11521
0.0151287
0.601224
0.202524
0.251044
0.0703703
0.022692
0.592037
0.0032501
0.213778
0.00207176
0.0280231
0.52063
0.280396
0.00880857
0.780459
0.456196
0.302412
0.682577
0.0579267
0.0348205
0.514734
0.261978
0.5276
0.444332
0.82742
0.593605
0.684298
0.299829
0.453915
0.0344731
0.00636563
0.083213
0.619898
0.265528
0.389275
0.45774
0.160661
0.00957794
0.0696807
0.00152279
0.0127721
0.439076
0.0696786
0.232632
0.367822
0.0459214
0.00416373
0.424621
0.755059
0.00166798
0.741084
0.630856
0.743335
0.658638
0.708845
0.431862
0.42253
0.47121
0.324007
0.33903
0.0697246
0.228444
0.013463
0.000583639
0.22426
0.286893
0.00491376
0.211068
0.723291
0.133359
0.316298
0.128203
0.00112136
0.322394
0.0265545
0.494291
0.00754579
0.0192559
0.0907923
0.0509537
0.476026
0.128519
0.000930026
0.0010541
0.381096
0.483361
0.0706924
0.522898
0.000498581
0.0110443
0.128045
0.181415
0.681445
0.0280167
0.384776
0.00161224
0.383213
0.000323332
0.00910485
0.0296468
0.540093
0.00240858
0.261621
0.632691
0.609632
0.0709238
0.155322
0.0985748
0.591615
0.104726
0.143076
0.0815568
0.00132745
0.0032966
0.038874
0.256238
0.0694019
0.480092
0.37521
0.0265409
0.0171603
0.554677
0.426805
0.00150251
0.763515
0.407427
0.0356549
0.506297
0.0214291
0.126531
0.0720721
0.165219
0.274017
0.672804
0.00569459
0.525538
0.00753276
0.0725947
0.280819
0.0126967
0.594324
0.58305
0.379984
0.479773
0.193032
0.0959037
0.00365255
0.143764
0.0653037
0.00788397
0.280858
0.535571
0.0717208
0.12331
0.515369
0.0796572
0.0324153
0.276246
0.0235976
0.0577062
0.325613
0.641909
0.481214
0.628487
0.00442535
0.0749906
0.474297
0.157049
0.281449
0.00016788
0.533876
0.0339871
0.280153
0.0762601
0.0500546
0.297516
0.0479438
0.167848
0.0638866
0.247997
0.116259
0.0188382
0.0466724
0.137332
0.110732
0.0200709
0.00417157
0.0146912
0.401355
0.624633
0.268773
0.0239228
0.221624
0.058844
0.00663507
0.554535
0.0267086
0.401006
0.0606229
0.0130409
0.00110663
0.355351
0.192992
0.000540671
0.0474735
0.576871
0.0537314
0.308709
0.0215172
0.0868908
0.767182
0.136517
0.205948
0.0226415
0.0017123
0.00197466
0.778225
0.0340472
0.0273998
0.359648
0.135673
0.0844102
0.364666
0.00448969
0.491207
0.0665235
0.181802
0.000191564
0.132065
0.235349
0.0318636
0.0828669
0.0935068
0.00791925
0.575463
0.440104
0.00205815
0.0251926
0.00471132
0.383138
0.00937513
0.0455075
0.188891
0.445803
0.520338
0.173829
0.0406059
0.319348
0.00906976
0.199986
0.126816
0.580993
0.000840801
0.000238285
0.574865
0.046791
0.351098
0.486485
0.039737
0.0832081
0.375853
0.248363
0.0238854
0.113918
0.0334596
0.096941
0.0111162
0.0172126
0.307588
0.0528102
0.617165
0.0743108
0.410086
0.542302
0.384461
0.32132
0.496256
0.650325
0.526028
0.131091
0.000753588
0.00587083
0.326358
0.551826
0.198175
0.040875
0.505563
0.176758
0.701698
0.0734093
0.308823
0.504664
0.259853
0.00456895
0.0179337
0.0480956
0.663634
0.0366211
0.0465014
0.095983
0.000143866
0.0719641
0.415057
0.24123
0.444853
0.057855
0.00243366
0.0763722
0.0425378
0.436582
0.086864
0.0610269
0.602079
0.477493
0.296898
0.359632
0.00839596
0.00790722
0.514466
0.413849
0.0296716
0.052777
0.325887
0.133321
0.304183
0.0027512
0.275714
0.256736
0.477196
0.09088
0.60776
0.251035
0.304701
0.467998
0.577557
0.0215579
0.76694
0.142995
0.283549
0.0104513
0.0133268
0.0693978
0.48821
0.230934
0.496404
0.0212942
0.226092
0.500978
0.0453289
0.00447066
0.475621
0.508931
0.0972218
0.0283915
0.1432
0.361286
0.844928
0.0869853
0.00040266
0.259836
0.041678
0.162379
0.0119586
0.0203001
0.235156
0.462186
0.019863
0.307385
0.147499
0.109743
0.626153
0.833321
0.266609
0.00722728
0.00757927
0.0854926
0.463217
0.00592111
0.388148
0.00934909
0.431899
0.52841
0.131077
0.271031
0.368547
0.0869409
0.723193
0.282828
0.528629
0.319897
0.814322
0.276088
0.323477
0.0360695
0.0931042
0.166304
0.15351
0.711817
0.000832961
0.0499655
0.87953
0.0127176
0.0728414
0.261572
0.629864
0.245216
0.34047
0.176466
0.0466231
0.272843
0.0667464
0.0371565
0.0762236
0.553909
0.0641725
0.293507
0.0365001
0.347936
0.456099
0.303039
0.0372964
0.198624
0.686446
0.316828
0.00019214
0.453981
0.0661109
0.486156
0.541978
0.0954899
0.0486136
0.0770752
0.270197
0.747025
0.343941
0.226719
0.0121109
0.0469371
0.0158203
0.413847
0.0090811
0.351926
0.00711988
0.269002
0.245795
0.00125837
0.131143
0.0293291
0.33604
0.317229
0.065993
0.100948
0.558598
0.120307
0.450139
0.00294722
0.354056
0.344201
0.0314022
0.550338
0.160199
0.149309
0.0180933
0.463327
0.574221
0.0234578
0.42559
0.20342
0.0368079
0.00415725
0.699477
0.48512
0.00159964
0.00566241
0.330609
0.00295839
0.0056326
0.08432
0.365647
0.383771
0.255329
0.38893
0.000358981
0.42874
0.419768
0.413592
0.334968
0.272251
0.605752
0.366229
0.03019
0.398256
0.00395353
0.0659607
0.540366
0.271621
0.698371
0.343146
0.22261
0.271439
0.00837938
0.0132589
0.430162
0.0317066
0.43457
0.0650757
0.330478
0.113511
0.00186404
0.254057
0.425383
0.0287348
0.00637088
0.254289
0.0595224
0.609004
0.354892
0.472832
0.53037
0.256038
0.0388191
0.401758
0.0421549
0.0883022
0.453543
0.0919664
0.042947
0.529996
0.0339151
0.138321
0.144148
0.210358
0.115899
0.228996
0.0611205
0.0886637
0.566583
0.469287
0.016692
0.167262
0.0341742
0.0671169
0.0554292
0.342018
0.19685
0.266471
0.752363
0.0546783
0.0651178
0.108952
0.00159605
0.253787
0.459276
0.097123
0.29481
0.455322
0.316517
0.177843
0.0394593
0.384444
0.564864
0.356669
0.0320106
0.490502
0.0338903
0.545291
0.279633
0.218299
0.559678
0.562525
0.167616
0.628785
0.0560346
0.0287369
0.0655568
0.0377272
0.429815
0.177282
0.368799
0.118565
0.423696
0.00958099
0.00990351
0.348272
0.213632
0.234397
0.0448487
0.625543
0.354481
0.0436566
0.403608
0.00511247
0.228975
0.57587
0.224631
0.676504
0.173892
0.303182
0.00353045
0.26279
0.329939
0.116818
0.0697629
0.441458
0.00465254
0.557799
0.00872725
0.0179681
0.00679387
0.516059
0.0759159
0.49993
0.416302
0.0978764
0.0273732
0.0035168
0.683272
0.0947743
0.00680868
0.841644
0.0375625
0.00409759
0.674607
0.0375303
0.0192102
0.048538
0.0955921
0.64301
0.115251
0.383449
0.13849
0.256247
0.00202948
0.000816838
0.0625356
0.384273
0.366474
0.0397603
0.52711
0.00256457
0.3156
0.00394811
0.0874433
0.272347
0.0256181
0.411177
0.680524
0.00964023
0.0250001
0.481233
0.00860202
0.508347
0.515017
0.543765
0.507048
0.203944
0.0181678
0.015339
0.418822
0.15311
0.00226076
0.361475
0.280181
0.322413
0.704405
0.205178
0.0434376
0.373432
0.215834
0.272995
0.00021928
0.439389
0.655647
0.318034
0.0440071
0.0265303
0.557673
0.13329
0.00565568
0.00373295
0.424006
0.046921
0.508549
0.115672
0.0095255
0.809836
0.426241
0.00263673
0.0427339
0.442303
0.589207
0.000434808
0.0568159
0.0257093
0.119569
0.0136847
0.00238761
0.00815256
0.2609
0.0961128
0.00423485
0.0184128
0.240594
0.0643215
0.412091
0.119674
0.00310513
0.146322
0.00485335
0.145492
0.0326396
0.423296
0.536858
0.0280602
0.357009
0.0587458
0.0239123
0.310736
0.0442928
0.142841
0.0187288
0.0174356
0.0503427
0.701275
0.0143048
0.338826
0.0861197
0.208816
0.00349408
0.611751
0.0126059
0.295501
0.565344
0.100442
0.00165485
0.778899
0.000910308
0.0224895
0.466705
0.653999
0.106535
0.249652
0.531226
0.465874
0.504378
0.37603
0.51741
0.392887
0.00982314
0.268194
0.238209
0.707004
0.312211
0.032473
0.234233
0.509379
0.636768
0.272482
0.420935
0.819473
0.366266
0.460918
0.703775
0.215202
0.255623
0.180346
0.310347
0.464669
0.0148978
0.32596
0.16867
0.803117
0.0705565
0.385193
0.00261243
0.513485
0.00340424
0.769312
0.317692
0.0478492
0.0581692
0.00668368
0.339633
0.0559238
0.054147
0.0687476
0.426282
0.381517
0.295381
0.735183
0.345553
0.837747
0.142036
0.320362
0.452059
0.0363841
0.011093
0.0258603
0.0801158
0.386338
0.00888038
0.00613257
0.715206
0.192958
0.270483
0.32954
0.754206
0.542241
0.268691
0.0720845
0.589634
0.00658915
0.0704052
0.0296921
0.65261
0.0376551
0.656298
0.501826
0.131353
0.0376586
0.173888
0.127847
0.019845
0.71279
0.0929131
0.0116359
0.757671
0.141387
0.498473
0.00147819
0.0197667
0.730307
0.488292
0.211809
0.294358
0.299933
0.0506686
0.0869532
0.195706
0.580405
0.447393
0.576442
0.427564
0.49747
0.714867
0.0131744
0.000320998
0.256045
0.782067
0.456803
0.0219278
0.401655
0.552081
0.294736
0.116165
0.50492
0.141407
0.0731798
0.314615
0.711265
0.680293
0.00297492
0.0894371
0.648763
0.0724134
0.309793
0.707544
0.350718
0.345253
0.253211
0.25624
0.279179
0.0657291
0.217186
0.0700594
0.674465
0.571831
0.0470468
0.595438
0.334147
0.0235704
0.00728207
0.665857
0.354968
0.509248
0.111013
0.0158951
0.600158
0.0409436
0.0319963
0.529127
0.0239778
0.522726
0.423605
0.117278
0.543524
0.00806716
0.300787
0.00763186
0.152926
0.0796392
0.163854
0.0341594
0.0220037
0.347587
0.355573
0.267479
0.250835
0.118112
0.141977
0.00645835
0.419085
0.0911148
0.168432
0.0282082
0.0471848
0.243952
0.0939017
0.0953358
0.136512
0.114005
0.0502919
0.3654
0.183136
0.0550336
0.0708086
0.522781
0.614529
0.0206487
0.25078
0.866272
0.476487
0.375466
0.00135368
0.673173
0.0286872
0.380742
0.00660972
0.0752775
0.017215
0.248297
0.0844557
0.00320628
0.00437116
0.421306
0.597419
0.499814
0.0082281
0.000127912
0.201879
0.00356035
0.314665
0.559315
0.131504
0.141944
0.171077
0.121078
0.0455708
0.268422
0.00548474
0.156406
0.0146646
0.0952158
0.0313078
0.562757
0.174897
0.0613142
0.0818119
0.0221849
3.90345e-05
0.617302
0.338867
0.355086
0.42981
0.226857
0.131958
0.0227065
0.573984
0.00194884
0.342594
0.642691
0.132752
0.0626612
0.163489
0.00331342
0.0846564
0.0412925
0.34211
0.00281826
0.0552003
0.590842
0.0129802
0.220931
0.218561
0.503807
0.519223
0.0989804
0.708593
0.127189
0.13252
0.175704
0.039024
0.0730032
0.188765
0.00600692
0.0420594
0.324531
0.636877
0.000843411
0.37047
0.379299
0.0172877
0.00185052
0.00134692
0.338599
0.200591
0.767842
0.454445
0.416855
0.0622875
0.0263521
0.0184744
0.791602
0.846425
0.707088
0.0207714
0.0155245
0.0354749
0.30675
0.0100325
0.346274
0.231825
0.136289
0.327126
0.0006297
0.241036
0.427305
0.510234
0.220757
0.467769
0.580203
0.0349488
0.397987
0.241408
0.176223
0.0218842
0.000705085
0.03555
0.000652236
0.032038
0.0884811
0.424944
0.380636
0.0186225
0.0198618
0.26739
0.000722674
0.00123907
0.183409
0.249798
0.212835
0.171242
0.0153558
0.480818
0.119371
0.104629
0.27545
0.36192
0.0766632
0.0813381
0.0151979
0.652857
0.269996
0.687429
0.249607
0.0987496
0.815504
0.0144635
0.258972
0.0241526
0.00382112
0.176823
0.365801
0.00183191
0.0197889
0.542727
0.0321111
0.451079
0.0113184
0.00637092
0.167785
0.729132
0.404366
0.557704
0.143173
0.120668
0.467324
0.168075
0.0806143
0.0341267
0.270917
0.0775439
0.478187
0.678177
0.0289016
0.00262981
0.00170292
0.482689
0.442706
0.102604
0.30396
0.118815
0.116734
0.222795
0.70972
0.00998056
0.0103322
0.250897
0.708775
0.321531
0.0906337
0.345085
0.00373889
0.385569
0.0012404
0.434789
0.367954
0.0760746
0.232656
0.00854623
0.311181
0.363775
0.514424
0.0572674
0.189129
0.0290017
0.293781
0.00625651
0.811773
0.117312
0.0794493
0.065462
0.104392
0.356811
0.0373741
0.474985
0.0206442
0.426415
0.579078
0.295928
0.0890026
0.316517
0.668449
0.398077
0.590894
0.302421
0.585025
0.432352
0.11985
0.116695
0.0414269
0.467958
0.00903876
0.00286644
0.269504
0.208031
0.0148899
0.203424
0.148199
0.107946
0.433047
0.03857
0.000719829
0.530921
0.201492
0.354354
0.0634715
0.430173
0.0595447
0.166159
0.100348
0.00712223
0.403447
0.0168885
0.675608
0.0774518
0.00127207
0.162493
0.238778
0.0249633
0.357679
0.0150766
0.00584885
0.0793622
0.412536
0.0056056
0.626467
0.00248387
0.130651
0.00157727
0.268693
0.0907024
0.220639
0.400186
0.429577
0.108291
0.0123013
0.152402
0.72053
0.0518897
0.22989
0.197978
0.0750703
0.513708
0.188211
0.00452342
0.0583171
0.0546464
0.0889104
0.134552
0.0984022
0.0198692
0.08619
0.171199
0.289219
0.00950544
0.137549
0.00884036
0.0604638
0.058929
0.0656902
0.493156
0.138513
0.431601
0.693991
0.0434616
0.152485
0.161575
0.11577
0.127935
0.0105906
0.433632
0.320864
0.00690081
0.0050072
0.00223057
0.540701
0.291538
0.0409592
0.00146435
0.684665
0.097175
0.148551
0.00130175
0.0912748
0.06135
0.0584835
0.337585
0.219956
0.0694176
0.728532
0.00335049
0.0153562
0.0517045
0.30618
0.780384
0.0109185
0.294085
0.217993
0.533558
0.0739997
0.02245
0.204948
0.0907027
0.404767
0.00258567
0.503711
0.0727542
0.00642744
0.404045
0.0642089
0.176042
0.0126524
0.410895
0.0148901
0.456591
0.0207502
0.569339
0.267234
0.292401
0.549058
0.320233
0.393992
0.247936
0.16204
0.00366241
0.378654
0.26812
0.566684
0.00656017
0.582467
0.685638
0.309605
0.105151
0.754606
0.501853
0.601416
0.0835276
0.0899736
0.467778
0.675175
0.240897
0.331044
0.0808194
0.00124819
0.0204832
7.925e-05
0.195033
0.017318
0.771358
0.405556
0.36819
0.000419144
0.0114913
0.00078393
0.176807
0.21962
0.228752
0.0754508
0.565232
0.330299
0.0278191
0.478257
0.693185
0.294148
0.162304
0.788595
0.265697
0.0189977
0.796329
0.00779087
0.129346
0.021937
0.343598
0.0183
0.173037
0.630902
0.0989129
0.440086
0.00214948
0.0764624
0.2634
0.321888
0.116439
0.00971153
0.286671
0.000553781
0.00686554
0.00208441
0.0404378
0.00527933
0.680732
0.382967
0.0340589
0.0414233
0.227844
0.305529
0.307847
0.19831
0.000405075
0.041545
0.116218
0.55445
0.0195752
0.000700685
0.00637211
0.242936
0.00438879
0.0385655
0.506309
0.00456541
0.426624
0.301654
0.314647
0.00599691
0.114126
0.30196
0.46816
0.277324
0.112429
0.0371636
0.0227623
0.694634
0.130209
0.258292
0.0672988
0.00884767
0.133006
0.408744
0.7468
0.141945
0.208172
0.00126293
0.446704
0.0107113
0.164795
0.00536655
0.436684
0.537399
0.36254
0.241952
0.017176
0.00833409
0.0485694
0.714542
0.000232428
0.0961265
0.589329
0.00302004
0.493197
0.0280877
0.571649
0.0693059
0.0998014
0.0145162
0.00167758
0.682631
0.700903
0.0315472
0.578272
0.0773017
0.0917169
0.349989
0.0184793
0.0640755
0.432446
0.0743415
0.000531362
0.067252
0.167014
0.0408434
0.605523
0.12691
0.392387
0.344822
0.0125985
0.516534
0.492065
0.208876
0.117108
0.131513
0.642556
0.671912
0.000402106
0.0144117
0.00799389
0.0479116
0.280503
0.192378
0.133414
0.00372274
0.707544
0.0701961
0.430238
0.26855
0.00302889
0.000535142
0.0146122
0.379326
0.248805
0.123318
0.165252
0.310371
0.0863488
0.0130932
0.000242843
0.683993
0.37705
0.537505
0.189438
0.448964
0.295493
0.00386406
0.0271902
0.130554
0.17341
0.273853
0.127937
0.27331
0.206529
0.406113
0.0546623
0.262506
0.134875
0.0437681
0.507714
0.690443
0.0244356
0.240454
0.614108
0.232381
0.73369
0.314544
0.0226431
0.036812
0.101438
0.0901422
0.335967
0.0408987
0.432384
0.791986
0.0243071
0.0416663
0.210241
0.20993
0.249128
0.0378787
0.293599
0.625263
0.0247037
0.151903
0.00443965
0.582516
0.162625
0.0159402
0.000665729
0.0212373
0.130526
0.0865698
0.120996
0.429603
0.552471
0.00104152
0.0319746
0.489036
0.347082
0.0273222
0.000319703
0.426997
0.00682688
0.0195594
0.032718
0.00499039
0.00956386
0.380721
0.36451
0.0569137
0.446803
0.00999676
0.00649384
0.455609
0.0110898
0.419196
0.342159
0.0301074
0.0023808
0.437128
0.506756
0.545491
0.17381
0.35623
0.0799878
0.010307
0.289751
0.466234
0.643939
0.134742
0.0291865
0.000154594
0.0138563
0.422818
0.00375436
0.117302
0.0576317
0.474898
0.112225
0.670366
0.153087
0.119687
0.133949
0.0156647
0.00118862
0.0641588
0.130834
0.00329816
0.00601766
0.0414954
0.725022
0.000307391
0.0883317
0.00863816
0.000968819
0.0163018
0.00213504
0.0102607
0.346572
0.0671479
0.111586
0.347757
0.552751
0.0207949
0.662235
0.242736
0.479702
0.0872286
0.000162544
0.234303
0.506073
0.0348936
0.686811
0.356598
0.00302399
0.699335
0.659133
0.00255074
0.000771134
0.339148
0.0171636
0.0675598
0.0333847
0.263168
0.00147671
0.00270045
0.0572875
0.671269
0.623565
0.385208
0.00210105
0.014044
0.000655863
0.352509
0.205051
0.0374058
0.0813895
0.539688
0.0714729
0.224747
0.647805
0.00048672
0.0452209
0.630404
0.141466
0.00425635
0.0620385
0.321112
0.0344496
0.415298
0.203532
0.00933795
0.00309092
0.335286
0.0751879
0.00160072
0.225921
0.0337522
0.0138049
0.258903
0.0425684
0.0049198
0.340268
0.00208867
0.488175
0.0168006
0.228648
0.000803281
0.00563954
0.309212
0.00450653
0.802069
0.360847
0.569432
0.130527
0.00128309
0.270109
0.702544
0.662552
0.0122731
0.260075
0.0584897
0.0246121
0.23963
0.554775
0.0712161
0.0362612
0.548331
0.503132
0.00113952
0.243311
0.357455
0.206486
0.348434
0.0934367
0.580138
0.241891
0.0729257
0.133643
0.0791334
0.230573
0.0036669
0.193689
0.021821
0.0445976
0.0187476
0.708603
0.0435516
0.70486
0.532633
0.0370207
0.0345144
0.0152009
0.388344
0.228805
0.523918
0.190523
0.24699
0.104576
0.0804067
0.218464
0.0960134
0.501575
0.764925
0.402563
0.000313694
0.117021
0.100906
0.0185785
0.0439649
0.000700444
0.0105848
0.419465
0.00231938
0.605298
0.295998
0.74189
7.9149e-05
0.0204082
0.312509
0.123335
0.350972
0.30303
0.126487
0.122183
0.334948
0.756096
0.0188127
0.221195
0.0379522
0.581631
0.279246
0.0217863
0.0133322
0.645395
0.115327
0.0284926
0.0985874
0.124568
0.0629968
0.76643
0.0863444
0.0167485
0.0566959
0.261679
0.000259266
0.0944838
0.0138349
0.56651
8.69296e-07
0.614517
0.119937
0.105401
0.013597
0.506153
0.00760879
0.0088473
0.454392
0.294189
8.1811e-05
0.535495
0.000739012
0.00509565
0.0471355
0.0116797
0.0326403
0.525084
0.159801
0.0655705
0.649541
0.241696
0.180768
0.182833
0.277464
0.0396893
0.0457687
0.0982538
0.0229186
0.387634
0.581101
0.0674374
0.15486
0.326441
0.336286
0.052359
0.556271
0.823423
0.0843995
0.138163
0.733527
0.227267
0.355743
0.366436
0.413092
0.725754
0.0273444
0.157846
0.338419
0.135355
0.070307
0.264811
0.0293512
0.176079
0.327071
0.510069
0.683455
0.722812
0.0015567
0.426349
0.00198057
0.000483376
0.00949052
0.0731076
0.464586
0.584525
0.299063
0.0940966
0.00538594
0.106865
0.0334556
0.10821
0.000913307
0.523071
0.0132277
0.00251999
0.659649
0.0900802
0.343125
0.00295204
0.439073
0.0590695
0.479901
0.570213
0.289285
0.555791
0.638835
0.0318465
0.00275349
0.00149762
0.0946264
0.613447
0.0111086
0.300564
0.385609
0.0149469
0.372467
0.0032803
0.143075
0.0122884
0.339431
0.0150164
0.608979
0.49232
0.177312
0.0926605
0.00384393
0.719285
0.0117954
0.280356
0.191115
0.0309151
0.0932812
0.378629
0.275699
0.157368
0.000531787
0.564578
0.0593207
0.0262094
0.0329976
0.00667157
0.584685
0.0987892
0.00383153
0.00359505
0.195072
0.413585
0.319661
0.0127644
0.749984
0.762253
0.0556662
0.289779
0.300399
0.146151
0.104641
0.0043396
0.373451
0.425614
0.188297
0.076892
0.0782512
0.309925
0.313505
0.00030572
0.407779
0.19894
0.115855
0.288153
0.14968
0.765696
0.0329079
0.110266
0.363207
0.315219
0.00495964
0.105113
0.113141
0.260959
0.109817
0.00240787
0.0270602
0.00158032
0.0148732
0.65187
0.00027309
0.326733
0.752113
0.103397
0.546336
0.438861
0.240062
0.00682474
0.674199
0.0999362
0.0579531
0.0162292
0.0173657
0.114295
0.0572904
0.343241
0.794368
0.00895361
0.000192351
0.0419416
0.490529
0.019612
0.0602906
0.00827447
0.418855
0.014722
0.0796554
0.455349
0.16578
0.475362
0.335257
0.0316491
0.178243
0.018271
0.000259124
0.335671
0.858805
0.485474
0.391326
0.017943
0.344383
0.0109361
0.396949
0.0200185
0.560143
0.507467
0.00962399
0.00110396
0.0742031
0.07473
0.607329
0.150826
0.000661013
0.0637428
0.0556885
0.0138621
0.103852
0.126232
0.528069
0.00544343
0.174168
0.627075
0.17971
0.121736
0.000868097
0.104104
0.00686695
0.130178
0.141374
0.393137
0.149816
0.0129012
0.0436401
0.455864
0.00481499
0.0234905
0.405737
0.531411
0.129471
0.23423
0.426659
0.242696
0.1043
0.031879
0.594616
0.0226045
0.689805
0.239967
0.288129
0.0930557
0.00067719
0.107172
0.240239
0.58492
0.510764
0.382451
0.332927
0.290015
0.540406
0.0724353
0.168355
0.0421099
0.0308752
0.533835
0.0562389
0.0493514
0.0600004
0.0237285
0.000321054
0.00242644
0.00416524
0.745307
0.229879
0.00738994
0.716006
0.000986036
7.80234e-05
0.000756788
0.096846
0.487865
0.0157876
0.0254504
0.00185206
0.016494
0.448129
0.00218621
0.135541
0.484547
0.0126099
0.333673
0.172276
0.371466
0.342227
0.160677
0.133636
0.425897
0.36316
0.00207641
0.218682
0.260458
0.0668998
0.118385
0.0360077
0.0808592
0.00747401
0.0652513
0.0189792
0.158833
0.354982
0.377929
0.0405377
0.232209
0.0305357
0.00232432
0.684947
0.312794
0.391531
0.758149
0.734218
0.308799
0.607229
0.00703758
0.0889056
0.192361
0.114484
0.00372185
0.0806051
0.252926
0.000837057
0.0172771
0.436277
0.00232982
0.00183264
0.00183379
0.119397
0.00109645
0.396311
0.524255
0.895708
0.00635161
0.486385
0.00303797
0.466219
0.276405
0.810189
0.142488
0.00658466
0.730252
0.0265264
0.49726
0.165926
0.368549
0.421664
0.000155199
0.88327
0.0622719
0.0501443
0.00707827
0.0142986
0.380987
0.273575
0.14321
0.361662
0.291714
0.0954213
0.000722841
0.307258
0.0862633
0.0168443
0.0210141
0.303852
0.0929596
0.747785
0.0654819
0.0154229
0.291673
0.647006
0.178431
0.0151632
0.638215
0.763953
0.0841488
0.0105061
0.0517153
0.360881
0.778049
0.671518
0.351501
0.0356127
0.10404
0.361758
0.00871947
0.518708
0.51055
0.546856
0.430821
0.0725624
0.190378
0.223953
0.218412
0.00506518
0.546213
0.234977
0.0163558
0.690621
0.00724405
0.00225954
0.382325
0.408017
0.735181
0.700184
0.633239
0.000337063
0.262985
0.40649
0.0134667
0.639395
0.073915
0.591942
0.38456
0.113123
0.272786
0.469724
0.533952
0.165818
0.000882271
0.488949
0.496354
0.553622
0.120532
0.120138
0.153724
0.672335
0.067452
0.545624
0.552879
0.553648
0.0886996
0.32097
0.65358
0.410979
0.390329
0.41535
0.445145
0.17404
0.315812
0.0167502
0.000900881
0.00209843
0.50082
0.266532
0.736114
0.0652428
0.364668
0.207725
0.101358
0.482956
0.00860755
0.469427
0.698234
0.271437
0.100273
0.310499
0.222564
0.444497
0.0464254
0.389292
0.37538
0.33233
0.464277
0.49816
0.0135906
0.581686
0.00025009
0.00214993
0.230948
0.00956153
0.230935
0.0743518
0.450366
0.510636
0.479038
0.654893
0.0157604
0.0036334
0.0479132
0.0021606
0.147133
0.393484
0.239033
0.770717
0.00343999
0.0309423
0.0215315
0.519633
0.00259316
0.351698
4.58704e-05
0.0231331
0.592047
0.064905
0.445416
0.537214
0.298454
0.683198
0.253277
0.00690365
0.244071
0.0280215
0.0198056
0.0600095
0.00201732
0.525795
0.00386638
0.324408
0.416784
0.557451
0.529184
0.388222
0.595139
0.0369361
0.00832637
0.396861
0.645674
0.184629
0.000712653
0.249716
0.150931
0.346449
0.000828246
0.398506
0.361631
0.0147088
0.00720376
0.219108
0.257696
0.0523704
0.473479
0.120008
0.447467
0.539873
0.0259079
0.25787
0.331585
0.000847649
0.280368
0.688455
0.00200507
0.0114509
0.214198
0.0549705
0.679648
0.0136817
0.530261
0.199837
0.0317129
0.0311568
0.0293094
0.226448
0.000681347
0.0133174
0.37192
0.38481
0.0735076
0.248229
0.0938996
0.457431
0.536846
0.818154
0.85676
0.341449
0.619703
0.534136
0.0232586
0.523907
0.585359
0.0966227
0.0333371
0.028286
0.422826
0.623388
0.477019
0.169886
0.198666
0.255449
0.085699
0.0113071
0.556903
0.200837
0.392426
0.0107123
0.495278
0.103109
0.0806911
0.773777
0.0143976
0.433419
0.261395
0.736248
0.140177
0.0161392
0.0557522
0.824386
0.0407695
0.315674
0.508102
0.681843
0.0690875
0.268119
0.646588
0.288661
0.210506
0.836048
0.018517
0.00845745
0.175901
0.143589
0.0160923
0.359254
0.0596503
0.00223296
0.0658677
0.109224
0.0204207
0.00800611
0.214041
0.128897
0.0448578
0.000569286
0.327393
0.0504732
0.00882074
0.555053
0.0117523
0.257524
0.0553252
0.761852
0.0903607
0.0271311
0.57
7.57012e-06
0.0563912
0.34327
0.638539
0.359661
0.208674
0.133013
0.4899
0.0560861
0.018402
0.516445
0.0440958
0.007292
0.333754
0.414342
0.0121824
0.645338
0.255559
0.0836016
0.309626
0.644712
0.0192692
0.0106171
0.362064
0.440955
0.238609
0.702474
0.219022
0.164341
0.449086
0.21351
0.659737
0.102096
0.00636202
0.529689
0.159431
0.658924
0.0119232
0.377725
0.00135752
0.759437
0.785194
0.350007
0.0368914
0.493062
0.000150978
0.0268166
0.407602
0.163216
0.058231
0.0939867
0.516772
0.417042
0.00114234
0.784075
0.236598
0.365109
0.0418502
0.268379
0.353373
0.027783
0.0365442
0.0523229
0.152479
0.236977
0.00189152
0.00456425
0.365298
0.520285
0.0140826
0.0327194
0.026956
0.0306911
0.183512
0.141167
0.384671
0.405087
0.239001
0.55375
0.407127
0.399431
0.00378665
0.584218
0.0655812
0.412158
0.0977367
0.194765
0.0052804
0.251822
0.111024
0.0262922
0.343748
0.121337
0.0254639
0.416986
0.264885
0.49639
0.231202
0.61604
0.0289864
0.179328
0.00114466
0.301506
0.178558
0.822267
0.00126543
0.636892
0.70674
0.489318
0.347816
0.849172
0.049973
0.611351
0.113434
0.114373
0.227255
0.145863
0.067504
0.014475
0.329473
0.430499
0.00933838
0.776196
0.229751
0.617318
0.0981163
0.00247058
0.0576452
0.434598
0.42406
0.0132514
0.236068
0.38965
0.109758
0.219358
0.146014
0.312453
0.0849537
0.211363
0.517018
0.292357
0.0194953
0.0566738
0.0527027
0.437765
0.469263
0.649782
0.473861
0.0973028
0.488
0.587855
0.274045
0.102023
0.0789347
0.0326453
0.211621
0.0273985
0.129147
0.132808
0.752501
0.207649
0.0328711
0.582113
0.098256
0.0956336
0.0807759
0.0184627
0.0570894
0.194447
0.279043
0.422177
0.00230092
0.321762
0.0732628
0.128077
0.009494
0.471997
0.49875
0.290081
0.00802593
0.163189
0.289002
0.0121952
0.393077
0.0566662
0.0265139
0.757032
0.0159218
0.0426965
0.0301546
0.0253165
0.480066
0.216177
0.0817712
0.577085
0.0261974
0.0139969
0.199529
0.114049
0.546773
0.346197
0.131621
0.283798
0.0318123
0.0286451
0.422503
0.326347
0.458152
0.320444
0.0079955
0.209993
0.205598
0.263252
0.310337
0.203343
0.140455
0.0998554
0.0705044
0.149865
0.153875
0.240869
0.316117
0.00207227
0.268673
0.115693
0.0103477
0.418937
0.902046
0.0031586
0.37101
0.42828
0.504689
0.00105925
0.114845
0.561311
0.56291
0.0905541
0.138495
0.373857
0.440511
0.024256
0.0103797
0.00644404
0.0411824
0.0482144
0.429454
0.128569
0.070765
0.357843
0.0632844
5.72143e-05
0.245031
0.398556
0.277346
0.239242
0.196434
0.694474
0.498798
0.37316
0.416633
0.0686272
0.58402
0.011792
0.340521
0.278513
0.381793
0.175649
0.0504233
0.676441
0.289675
0.164599
0.031312
0.214387
0.0137642
0.00654707
0.023107
0.0762231
0.124932
0.0454275
0.189978
0.00222336
0.646009
0.809221
0.0119574
0.583353
0.000366362
0.0911364
0.319775
0.223048
0.89781
0.00538684
0.139556
0.0317655
0.533632
0.294363
0.650269
0.177918
0.00184299
0.369472
0.092583
0.235563
0.115247
0.332461
0.541717
0.00295298
0.11835
0.663516
0.00057178
0.000418472
0.12815
0.110003
0.0255127
0.0575528
0.190166
0.38695
0.0108724
0.129579
0.0749462
0.808868
0.134614
0.133791
0.163834
0.0886241
0.00579313
0.000848647
0.389408
0.360972
0.0347759
0.445882
0.0153689
0.0162612
0.133621
0.65176
0.510125
0.0631725
0.52034
0.456306
0.120525
0.0276412
0.433359
0.326074
0.3318
0.00297915
0.188637
0.0466755
0.000553691
0.327498
0.541879
0.146704
0.0122075
0.793194
0.0415637
0.621156
0.513262
0.348082
0.415631
0.297283
0.0669069
0.00430657
0.299691
0.259342
0.257963
0.341075
0.147469
0.682812
0.271595
0.00418771
0.0867063
0.00226761
0.0412339
0.395836
0.0129929
0.341766
0.0307047
0.224427
0.43018
0.75479
0.0703567
0.753051
0.0917756
0.0169135
0.165714
0.0321472
0.0350566
0.729269
0.0305491
0.0444941
0.000669431
0.00963646
0.441399
0.512933
0.0132241
0.0434491
0.141863
0.500505
0.317522
0.518071
0.421999
0.0331086
0.0538562
0.0145437
0.494821
0.00501981
0.530136
0.00506935
0.00753348
0.371591
0.0190011
0.538587
7.70582e-05
0.376985
0.50946
0.246622
0.0315103
0.471686
0.662225
0.585317
0.774669
0.72887
0.192165
0.00244961
0.52626
0.259351
0.00770525
0.198871
0.229149
0.353536
0.189136
0.0777961
0.0037483
0.442887
0.00628825
0.326751
0.162648
0.680421
0.655262
0.579111
0.0377433
0.516117
0.0957965
0.294327
0.00525068
0.208486
0.0560151
0.224916
0.716813
0.190478
0.00163467
0.217548
0.0320366
0.713731
0.274882
0.0111353
0.000281911
0.181371
0.752813
0.0552482
0.03326
0.00714946
0.0311285
0.626089
0.483863
0.0313292
0.232369
0.00382998
0.237823
0.00197028
0.100499
0.000163026
0.0970404
0.0278068
0.276823
0.00214656
0.0179554
0.623441
0.213996
0.000641158
0.152588
0.00143376
0.0214565
0.2533
0.376931
0.00351143
0.360172
0.566803
0.680448
0.0837244
0.844238
0.587459
0.0750998
0.288643
0.0557376
0.0773519
0.019301
0.00272729
0.0276194
0.371294
0.0849674
0.013458
0.115943
0.139738
0.23357
0.169388
0.407474
0.230164
0.0267655
0.0292142
0.299268
0.404326
0.184352
0.0306214
0.272442
0.591619
0.44659
0.399387
0.29085
0.528139
0.381035
0.15593
0.45974
0.00542588
0.209833
0.0712157
0.0329699
0.0506197
0.1929
0.363465
0.118399
0.290396
0.00151175
0.240457
0.485558
0.0375653
0.00989818
0.163539
0.0660292
0.62446
0.132241
0.288175
0.0103933
0.00454646
0.000623309
0.590069
0.732279
0.366342
0.0397223
0.259554
0.00287569
0.124723
0.338012
0.0241718
0.392455
0.294564
0.031103
0.0174703
0.0970386
0.0612379
0.410036
0.581572
0.0026596
0.448525
0.272276
0.282535
0.318148
0.0039342
0.113398
0.577908
0.00545343
0.0503594
0.00186037
0.0737234
0.575605
0.349068
0.517567
0.237426
0.0968017
0.0955056
0.0243353
0.0260306
0.00337893
0.11581
0.557571
0.0323667
0.535563
0.128376
0.724708
0.00212875
0.211896
0.0445204
6.07443e-05
0.00345773
0.0879708
0.0898563
0.000947216
0.479947
0.0445512
0.375379
0.134699
0.556271
0.181783
0.702657
0.237115
0.00637437
0.00676824
0.60916
0.404582
0.522584
0.261569
0.0136025
0.160292
0.677936
0.378605
0.0645992
0.0656184
0.000199903
0.523868
0.00594697
0.241713
0.427753
0.229798
0.0429818
0.58652
0.173913
0.266068
0.00192343
0.280654
0.251482
0.549644
0.0116665
0.0219031
0.0417992
0.475658
0.0215242
0.0132046
0.0210421
0.316122
0.411502
0.0363619
0.25351
0.137366
0.340246
0.0366808
0.332359
0.505528
0.254104
0.000230594
0.0131726
0.305287
0.590202
0.0135024
0.0228481
0.00723992
0.0549713
0.00520359
0.53953
0.296278
0.181002
2.31674e-05
0.0098177
0.00559855
0.000570524
0.00354376
0.161725
0.0652141
0.0671483
0.19798
0.561678
0.568193
0.420822
0.398491
0.411734
0.43319
0.00533131
0.0128884
0.0918821
0.0172751
0.128615
0.00054109
0.0272713
0.164011
4.81214e-05
0.193755
0.164725
0.366665
0.300486
0.084762
0.2065
0.00612621
0.0249831
0.0395472
0.0274482
0.422637
0.617763
0.277369
0.720975
0.0133011
0.386587
0.266005
0.13265
0.359261
0.0699619
0.66703
0.0291342
0.494551
0.138681
0.0426783
0.322222
0.614451
0.669138
0.695409
0.0102388
0.0700419
0.496797
0.0752712
0.000705857
0.602027
0.181404
0.00953807
0.00610017
0.509377
0.0924499
0.131092
0.018926
0.0064929
0.577809
0.000360438
0.648994
0.042686
0.239135
0.196828
0.462171
0.631343
0.612055
0.345122
0.000596225
0.240225
0.1241
0.0252906
0.213673
0.0013919
0.728927
0.046767
0.302744
0.00612846
0.0222831
0.291791
0.441701
0.598674
0.0140789
0.487988
0.00752114
0.470706
0.291504
0.0741452
0.187087
0.190215
0.104345
0.000219124
0.095423
0.449872
0.514075
0.0076437
0.00491097
0.00891009
0.0114209
0.00833602
0.62124
0.116031
0.0977631
0.378546
0.283354
0.0264535
0.577833
0.188618
0.255439
0.0767228
0.0490469
0.00755112
0.591416
0.623267
0.674328
0.320793
0.0695378
0.576773
0.0225777
0.049161
0.170303
0.209603
0.247072
0.0675337
0.00113373
0.125192
0.0249265
0.334656
0.54661
0.588872
0.037142
0.321826
0.00392541
0.040939
0.20589
0.00295087
0.058353
0.0449889
0.0287341
0.386289
0.00797479
0.288906
0.533015
0.135916
0.000536666
0.044723
0.103151
0.0350937
0.29647
0.372292
0.389845
0.0151771
0.000753958
0.629411
0.153282
0.0333063
0.519534
0.239494
0.632947
0.0079526
0.455793
0.431327
0.250814
0.303122
0.292794
0.757436
0.0574037
0.253447
0.0924188
0.0313086
0.0850867
0.531321
0.593876
0.483264
0.121318
0.396284
0.0254461
0.061936
0.119061
0.00605331
0.251836
0.733081
0.61887
0.0506293
0.0600175
0.000762583
0.00913844
0.314863
0.69208
0.311744
0.178945
0.00299174
0.382386
0.391149
0.0429303
0.178319
0.659851
0.495221
0.0873647
0.0160279
0.00294323
0.00103008
0.0169649
0.000539061
0.616662
0.30111
0.477199
0.00460456
0.402084
0.346776
0.349676
0.000226095
0.000503736
0.279479
0.179344
0.179757
0.379146
2.7048e-05
0.5313
0.0268213
0.0174701
0.023521
0.0604307
0.153372
0.00131977
0.0853158
0.1715
0.640266
0.0531159
0.242625
0.163072
0.155069
0.0716849
0.524458
0.297676
0.345426
0.0892761
0.0868588
0.34126
0.00784822
0.435314
0.716054
0.292923
0.376049
0.0589254
0.183625
0.207292
0.636524
0.27933
0.30734
0.0730454
0.138389
0.0232207
0.901067
0.257735
0.32114
0.00318358
0.545346
0.387148
0.282433
0.545666
0.233783
0.478591
0.00434554
0.505039
0.301808
0.413273
0.0177634
0.0108466
0.0635363
0.00304651
0.732604
0.263711
0.395606
0.555386
0.438491
0.817687
0.430877
0.192425
0.552352
0.519717
0.0795488
0.000599027
0.514073
0.0701247
0.120029
0.00205149
0.311283
0.0585233
0.00143576
0.0135146
0.0425804
0.0548758
0.0345112
0.393333
0.0639517
0.0741033
0.185715
0.373769
0.0056561
0.00999189
0.0242493
0.292076
0.107782
0.518014
0.307172
0.192476
0.0154051
0.000663335
0.529473
0.528922
0.0459886
0.0209531
0.649927
0.0046335
0.506949
0.00234336
0.218215
0.657972
0.206889
0.0723455
0.213446
0.03083
0.0678513
0.0874228
0.496082
0.765997
0.240822
0.000238824
0.119013
0.0747488
0.000360835
0.160921
0.454038
0.643254
0.0295461
0.0207522
0.21268
0.0339252
0.417628
0.682168
0.685659
0.00488701
0.0076928
0.0275833
0.547192
0.0851422
0.0831144
0.0505128
0.00236338
0.290001
0.0181092
0.126639
0.21986
0.146643
0.132664
0.15644
0.00111994
0.00952542
0.0141394
0.331132
0.266341
0.014311
0.454056
0.00368338
0.215256
0.000194116
0.730267
0.111113
0.339226
0.0111285
0.313395
0.667461
0.241898
0.0621783
0.259397
0.00512836
0.00660491
0.0698871
0.114497
0.00127666
0.476157
0.0476614
0.106304
0.000612288
0.598013
0.00778827
0.0103923
0.324964
0.00449059
0.219097
0.400277
0.00275639
0.000356601
0.0124048
0.373511
0.0507492
0.01561
0.245665
0.749353
0.0146737
0.00422372
0.532378
0.034632
0.000364713
0.597778
0.194793
0.348563
0.208918
0.0187749
0.0350968
0.00856608
0.0168125
0.512954
0.125233
0.34378
0.516134
0.236836
0.781302
0.595841
0.111233
0.642511
0.0104728
0.000920373
0.420892
0.116874
0.000267984
0.0143815
0.714139
0.0488181
0.000231963
0.00171453
0.370454
0.0514043
0.72871
0.00228492
0.186407
0.332962
0.050727
0.1402
0.00141329
0.0276245
0.0514511
0.219593
0.0239197
0.507418
0.0313
0.508509
0.0295491
0.381145
0.0133499
0.0360774
0.492959
0.485188
0.0152015
0.377166
0.209757
0.00183261
0.73513
0.427367
0.255074
0.292548
0.0481302
0.0231124
0.624989
0.241875
0.103383
0.00792818
0.386109
0.308237
0.0665766
0.0258711
0.00905564
0.0295512
0.000464634
0.025006
0.264662
0.142073
0.501889
0.00868462
0.0959354
0.212362
0.0351279
0.0412503
0.00416245
0.0989391
0.000330412
0.479718
0.640205
0.00401119
0.462405
0.107862
0.0464622
0.323084
0.1439
0.51538
0.0321791
0.212346
0.138466
0.283367
0.0404303
0.0312742
0.462463
0.639771
0.132537
0.341924
0.80986
0.0548759
0.0693939
0.10188
0.0214563
0.26641
0.0264999
0.239744
0.000943208
0.0648633
0.534866
0.733291
0.214851
0.420986
0.374463
0.905677
0.388282
0.0358633
0.0788545
0.0407355
0.00068904
0.266489
0.374614
0.290641
0.353918
0.000113868
0.560338
0.440786
0.173683
0.0986255
0.0462241
0.268738
0.0254562
0.510564
0.0380154
0.494557
0.319569
0.550939
0.0419757
0.0795254
0.569071
0.133041
0.454658
0.439652
0.435215
0.186478
0.0623654
0.0569832
0.434589
0.303618
0.0165782
0.0380692
0.506981
0.0600223
0.101853
0.122039
0.628401
0.646689
0.851183
0.604221
0.00575223
0.328239
0.727793
0.19171
0.0917191
0.0406661
0.0983573
0.326478
0.00394178
0.000306309
0.586747
0.249049
0.0904259
0.591323
0.00604877
0.000473011
0.226635
0.117409
0.471997
0.113603
0.722996
0.0241155
0.768659
0.289995
0.258806
0.467706
0.486552
0.270368
0.0989307
0.11498
0.0312452
0.270646
0.418665
0.619999
0.0034823
0.0530309
0.588453
0.243374
0.676118
0.61559
0.546707
0.49959
0.0194144
0.00961807
0.0287892
0.129645
0.00608106
0.746736
0.00904495
0.00730707
0.583969
0.137993
0.0206005
0.0721403
0.177006
0.311313
0.305357
0.0571919
0.216311
0.0024242
2.3299e-05
0.247097
0.0185143
0.298343
0.106678
0.0347456
0.726539
0.0428576
0.190165
0.615001
0.323482
0.182035
0.00220607
0.22229
0.339932
0.552706
0.064273
0.300428
0.521845
0.135193
0.133429
0.0309535
0.0858536
0.0919479
0.145539
0.692416
0.240807
0.109672
0.400135
0.000284244
0.25408
0.128173
0.00291527
0.0261038
0.189837
0.13314
0.0201255
0.383589
0.217811
0.470658
0.0181635
0.130226
0.257138
0.148375
0.639558
0.540407
0.274564
0.00786219
0.708396
0.0890739
0.551911
0.0847348
0.607863
0.189924
0.298967
0.211845
0.245727
0.0214697
0.0369466
0.500076
0.260087
0.0573212
0.0409413
0.465011
0.412978
0.799691
0.347171
0.0793101
0.00577708
0.185278
0.14293
0.00534927
0.237707
0.211405
0.443981
0.10777
0.00575254
0.667782
0.368154
0.456919
0.396144
0.0046894
0.264653
0.000449659
0.246821
0.590183
0.0127665
0.336949
0.515554
0.495222
0.0215834
0.033308
0.00698142
0.0167328
0.204296
0.0132281
0.155397
0.626498
0.300969
0.0249019
0.00224015
0.19786
0.0527002
0.0595788
0.667508
0.511333
0.00729962
0.0410269
0.17845
0.623565
0.763453
0.341928
0.61959
0.107297
0.628679
0.0584533
0.232501
0.00204221
0.209128
0.60881
0.210257
0.00035622
0.0478875
0.070246
0.0155787
0.0163097
0.722884
0.0106394
0.132266
0.751499
0.165387
0.17964
0.0139786
0.0980055
0.00896863
0.830325
0.164818
0.106021
0.00127881
0.23664
0.0346112
0.000243884
0.0567164
0.591551
0.00737803
0.460047
0.0224024
0.0323188
0.188206
0.413414
0.762331
0.304195
0.00247559
0.806271
0.426644
0.360553
0.0721076
0.00586292
0.22977
0.0325505
0.0916237
0.00473343
0.361295
0.113624
0.210258
0.270242
0.0756706
0.238616
0.160184
0.0555809
0.593296
0.215861
0.10511
0.113854
0.000135917
0.209125
0.0857356
0.0479367
0.0330058
0.365872
0.0553035
0.730994
0.347156
0.0054631
0.252546
0.0214138