0.125697
0.285037
0.503431
0.339053
0.00247664
0.0391943
0.00914153
0.0546181
0.45574
0.00586622
0.168851
0.0192713
0.151114
0.424165
0.024928
0.201118
0.0045354
0.509981
0.000617546
9.18105e-05
0.471761
0.000147075
0.182669
0.0397959
0.000982348
0.665618
0.36322
0.211732
0.0655586
0.0417801
0.0488389
0.133924
0.404586
0.340276
0.0171782
0.172614
0.0459599
0.0433737
0.00102384
0.000217777
0.456013
3.75524e-06
0.0481172
0.000126993
0.0404455
0.0457163
0.209128
0.169694
0.301079
0.137257
0.184381
0.0482515
0.286922
0.0539512
0.00280466
0.00376304
0.4312
0.717007
0.15182
0.328471
0.0132034
0.0594963
0.298263
0.438175
0.0235769
0.101233
0.137974
0.0272939
0.544506
0.432309
0.531969
0.229495
7.1522e-05
0.00177876
0.511747
0.428076
0.0868416
0.331135
0.00339084
0.000193667
0.015953
0.0219894
4.59116e-05
0.126713
0.579916
0.461825
0.678191
0.335607
0.0158186
0.0244196
0.139356
0.137688
0.0231306
0.000162249
0.045235
0.000377374
0.00203571
0.0913029
0.00571551
0.684799
0.323814
0.438665
0.00276976
0.013462
0.0016076
0.00433483
0.200243
7.04249e-06
0.0231255
0.125062
0.306833
0.0390123
0.0198151
0.321633
0.0369952
0.681559
0.0630361
0.0792968
0.568835
0.402108
0.00571813
0.444902
0.000535771
0.618976
0.0426161
0.632715
0.0584533
0.397659
0.133717
0.34271
0.310371
0.00335054
0.216059
4.35711e-05
0.485955
0.562157
0.214912
0.0361099
0.23216
0.156958
0.0968729
0.000159293
0.000325324
0.160525
0.015947
0.599088
0.034431
0.315413
0.0620521
0.105539
0.236349
0.513522
0.135586
0.0684459
0.0304395
0.0322107
0.486163
0.0567955
0.121584
0.129181
0.0679279
8.27823e-05
0.509385
0.00997416
0.400556
0.200813
0.0675971
0.383032
0.23484
0.54982
0.533801
0.344755
0.357072
0.00633483
0.0166722
0.0190767
0.390032
0.0236046
0.00370707
0.558171
0.212244
0.0276053
0.239691
0.21771
0.477333
0.000423745
0.026039
0.598023
0.496092
0.278048
0.426008
0.0494318
0.563586
0.555061
0.560538
0.382833
0.00366665
0.476175
0.329016
0.0158336
0.0220729
0.605976
0.0277161
0.293159
0.000392013
0.0375771
0.288775
0.0289846
0.0163172
0.0765984
0.0159073
0.543236
0.321189
0.132394
0.281709
0.260144
0.198103
0.0287609
0.290672
0.313099
0.414765
0.440422
0.0023143
0.467795
0.517598
0.098481
0.829572
0.296685
0.505984
0.775349
0.00429868
0.0102513
0.0316488
0.201712
0.00136383
3.7984e-05
0.0392871
0.772355
0.0178239
0.135351
0.00010878
0.141807
0.296647
0.00879564
0.0143106
0.422797
0.493902
0.0107691
0.57765
0.426594
0.383465
0.000405566
0.178884
0.301779
0.523445
0.558377
0.0145056
0.0418116
0.00808099
0.127652
0.203104
0.0544561
0.542132
0.224572
0.299954
0.0158964
0.630384
0.0787714
0.0724453
0.535874
0.363898
0.431564
3.90843e-05
0.152793
0.000298911
0.518362
0.180478
0.690034
0.268129
0.208706
0.329722
0.343275
0.00766245
0.00326366
0.218699
0.00526551
0.00108551
0.132315
0.0290896
0.0312614
3.73199e-05
0.498641
0.00108408
0.0215231
0.0477975
0.467699
5.78503e-07
0.0383824
0.00196675
8.53209e-05
0.0217356
0.0429209
0.174165
0.684096
0.0416133
0.223266
0.282808
0.713826
0.0916706
0.21541
0.0501485
2.83835e-08
0.17402
0.344532
0.214726
0.340587
0.487
0.11606
0.00334867
0.00812987
0.152586
0.00736299
0.12152
0.428852
0.464644
0.0290629
0.041029
0.346611
0.236671
7.71765e-06
0.000797805
0.241723
0.219186
0.000512226
6.36933e-05
0.116783
0.00506969
0.00939333
0.0589231
0.1695
0.164023
0.00144243
0.012829
0.374983
0.204376
0.0859504
0.237199
0.0065295
0.0113835
0.197852
0.261711
0.0269812
0.461066
0.0044315
0.00635854
0.346338
0.31705
0.358471
0.0719993
0.058567
0.000501828
0.00087891
3.4807e-05
0.0215932
0.00497509
0.283723
0.490852
0.757799
0.259443
0.0883841
0.323921
0.00237399
0.0169
0.125506
0.594425
0.298885
0.684001
0.422168
0.527454
0.00799887
0.000345931
0.303555
0.000663652
0.336702
0.207918
0.10745
0.00463262
0.35723
0.00221478
0.0636666
1.10626e-05
0.00282897
0.0337766
0.6219
0.0790133
0.000718205
0.0791782
0.710602
0.372072
0.484954
0.00416348
0.0738727
0.0850122
0.0898523
0.0132096
0.11723
0.000740295
0.0782356
0.00062436
0.360803
0.113908
0.121155
0.0642224
0.000946171
0.0116714
0.0371423
0.39124
0.517666
0.594203
0.50341
0.408706
0.395486
0.303054
0.729902
0.1912
0.29605
0.333796
0.478116
0.00311147
0.000897493
0.193963
0.0177648
0.342316
0.477156
0.574524
0.312587
0.282061
0.478965
0.128948
0.307923
0.000405905
0.185927
0.00381817
0.526279
0.389179
0.36138
0.487608
0.00246506
0.326868
0.0325759
0.419642
0.415098
0.401944
0.436895
0.0201859
0.410087
0.30244
0.482634
0.17005
0.490005
0.438327
0.000517037
0.00674531
0.463114
0.640988
0.0655488
0.310972
0.295147
0.369212
0.0017443
0.205104
0.043253
0.0014069
0.451992
0.0113085
0.051997
0.0269169
0.681885
0.00144205
0.623212
0.245775
1.1911e-06
0.0284124
0.729348
0.0981823
0.386114
0.000561949
0.180978
0.656536
0.0147583
0.0041787
0.356478
0.112909
0.000852078
0.0176986
0.00271064
0.323242
0.00371219
0.249127
0.000538145
0.408135
0.00832044
0.0974469
0.277405
0.031255
0.00145097
0.487147
0.0885451
0.545552
0.105263
0.00653513
0.000741147
5.37096e-07
0.0462337
0.00734417
0.258054
0.00482572
0.309837
0.588712
0.0502663
0.139047
0.00254549
0.110236
0.219727
0.0222633
0.494921
0.496239
0.000187112
0.55563
0.00345024
0.419242
0.557343
0.194391
0.0209887
1.78356e-05
0.000129104
0.000810687
0.0326528
0.377611
0.436798
0.00311148
0.338286
0.053041
0.00767078
0.000101561
0.00525664
0.0523237
9.45601e-06
0.0207769
0.0947012
0.228436
0.0631502
0.038853
0.0277741
0.00687243
0.662905
0.00554501
0.0307663
0.123173
0.595684
0.0016178
0.0785042
0.000416274
0.540414
0.573389
0.325297
0.0908199
0.455481
0.322323
0.0641045
0.203948
0.00770265
0.000857463
0.473263
0.0843507
0.00116264
5.48599e-05
0.407597
0.0110086
0.379959
0.147177
0.138533
0.00134783
0.781818
0.0400171
0.470837
0.366293
0.118766
2.10536e-05
0.00125687
0.0045525
0.0556915
0.425698
0.0318392
0.0229009
0.319243
0.00804053
0.424324
0.432013
0.30565
0.146701
0.00404517
0.0177411
0.431276
0.000298711
0.000115521
0.451028
0.3225
0.367086
0.00221518
0.00103184
0.46978
0.00790255
0.000520456
0.0042498
0.155023
0.070073
0.0890301
0.635621
0.000611017
0.2017
0.282435
0.00011647
0.704985
0.0113003
0.0104647
0.0600299
0.289663
0.288393
0.613245
0.291555
0.0169055
0.00157896
0.0372386
0.31462
0.123625
0.00892243
0.672497
0.233944
0.367129
0.127958
0.0379613
0.389208
0.000580643
0.143763
0.00164644
0.568968
0.127456
0.299224
0.182557
0.166728
0.508823
0.0131821
0.228167
0.00639986
0.35232
0.00268351
0.298368
0.178816
0.0316221
0.0265154
0.345387
0.0143192
0.0750272
0.026667
0.244748
0.0292692
0.0191321
0.0580602
0.262841
2.90974e-05
0.398716
0.537728
0.00527317
0.479781
0.445552
0.215257
0.199938
0.147031
0.00643058
0.319663
4.41738e-06
0.57852
0.589141
0.0595331
0.284681
0.277544
0.0904496
0.0151411
0.279909
0.288809
0.402673
0.0337505
0.0167246
0.00394056
0.385856
0.176916
0.385501
0.00371714
0.00545753
0.0297915
0.110469
0.235064
0.0169453
0.439915
0.39205
0.0933214
0.668657
0.05508
3.88642e-05
0.0863653
0.00691989
0.00717719
0.499333
0.314617
0.211287
0.295661
0.684219
0.161918
0.173746
0.3215
0.0938089
0.000564792
0.00099547
0.0105888
0.711106
0.00567207
0.564519
0.00966715
0.150372
0.407988
0.0155755
0.121892
0.166436
0.332502
0.418362
0.292826
0.52341
0.002833
0.313102
0.0326352
0.00956983
0.273084
0.0202036
0.436528
0.002511
0.422102
2.9171e-05
0.480746
0.0546305
0.0290056
0.0175063
0.0722679
0.0068793
0.387918
0.427739
0.00474189
0.00661223
0.442945
0.00158554
0.558872
0.441634
0.125129
0.0208742
0.00331153
0.605078
0.701375
0.126598
0.0101896
0.503722
0.650458
0.365761
0.000176333
0.228425
0.00608294
0.228522
0.541495
0.000853802
0.00327943
0.00400311
0.0405895
0.000412201
0.0150278
0.00582261
0.211852
0.295745
0.282549
0.501197
0.193898
0.0127139
0.0176526
0.0158546
0.810106
0.66329
0.198827
0.255548
0.55002
0.652334
0.491596
0.414193
0.00186716
3.88908e-05
0.101469
0.00152384
0.44396
0.195359
0.298488
0.30526
0.0494308
0.701439
0.037011
0.0332381
0.289468
0.0974926
0.480459
0.000188318
0.0391326
0.500807
0.463294
0.307086
0.0975321
0.4743
0.0511884
0.0013752
0.00684282
0.534677
0.541439
0.000190218
0.050127
0.606776
0.0206531
0.0472722
0.762247
0.00828752
0.356088
0.477211
0.2116
0.283316
0.266064
0.377889
0.000154723
0.0186105
0.000100436
0.0436972
0.0374469
0.446904
0.564759
0.00236974
0.0409888
0.0299304
0.396468
0.27118
0.0169887
0.00177411
0.00673837
0.75112
0.0919536
0.0814866
0.0624029
0.0030915
0.0368342
0.0105792
0.0296056
0.623773
0.00184939
0.0015325
0.504398
0.359511
0.0750829
0.390816
0.343157
0.000352252
0.311718
0.447359
0.0399472
0.0184231
0.0479385
0.0062451
0.661158
0.359777
0.0563399
0.541289
0.585753
0.0896632
0.100141
0.30108
0.513832
0.0373639
0.406382
0.0229042
0.243731
0.013881
0.475695
0.335722
0.0175234
0.2141
0.104639
0.0266466
0.0856284
0.174917
0.480078
0.225274
9.27743e-07
0.0743574
0.270342
0.3627
0.0633782
0.0309305
0.0330117
0.0415998
0.356009
0.26118
0.577392
0.0466383
0.0320803
0.0490408
0.722833
0.00617024
0.0203286
0.199504
0.000161801
0.0186595
0.122275
0.440117
0.557262
0.0733582
0.241967
0.223804
0.000979881
0.107859
0.459653
0.264549
0.416788
0.0451766
0.0022413
0.104915
0.543861
0.0186828
0.172192
0.0095238
0.300865
0.23219
0.00871655
0.303802
0.0248483
0.200335
0.0106061
0.0450105
0.479317
0.010376
0.411667
0.0106428
0.0181754
0.74596
0.223885
0.00381672
0.158729
0.0963549
0.0495621
0.00173803
0.00443825
0.177572
0.00931466
0.000372202
0.0400873
0.145465
0.163024
0.403881
0.000650502
0.0701824
0.181841
0.00927113
0.384855
0.000204379
0.142239
0.000490611
0.029054
0.00402472
0.00853868
0.0329679
0.298657
0.438734
0.324919
0.125305
0.0135222
0.0981479
0.0323362
0.00164109
0.453051
0.0420446
1.19332e-06
0.13312
0.00902385
0.475253
0.0352673
0.0404629
0.172023
0.0134372
0.0264258
3.38938e-05
0.000567003
0.511299
0.388989
0.0329286
0.0238854
0.00291321
0.000151423
0.299651
0.621578
0.0147315
0.000104229
0.000451761
0.394182
0.0408654
0.211666
0.313628
0.00251547
3.43371e-06
0.00824859
0.536547
0.000328039
0.0566825
0.0689287
0.0178264
0.0820988
0.0890166
0.428928
0.100144
0.000162248
1.35003e-06
0.0242278
0.183828
0.117661
0.690717
0.128914
0.185955
0.41807
0.254324
0.654457
0.60437
0.0760162
0.00343612
0.770207
0.523665
0.017643
0.00849576
0.228362
0.1568
0.00648956
0.0499973
0.336373
0.324767
0.101999
0.00102611
0.0264579
0.00464676
0.0370952
0.801883
0.405747
0.0841771
0.00263778
0.229533
0.0126799
0.158326
0.764718
0.279127
0.190399
0.0863522
0.00300283
6.20096e-06
0.00245992
7.83791e-06
0.00168666
0.000480009
0.190644
0.259002
0.24529
0.00266965
0.00273582
0.117365
0.000704115
0.00298915
0.328372
0.40092
0.0370218
0.0416223
0.132214
0.0199694
0.00743836
0.000156621
0.120159
0.0144891
0.0825031
0.310287
0.195816
0.293114
0.0263939
0.00495111
0.00033848
0.151523
0.587781
0.00835632
0.00027527
0.112599
0.471625
0.350626
0.126839
0.084519
0.695732
0.0300945
0.271103
0.0124289
0.157786
0.330708
0.403551
0.000811067
0.106934
0.0270609
0.544751
0.0006672
0.364915
0.412197
0.0110006
0.292713
0.571513
0.00130047
0.00693781
0.00019701
0.187541
0.635058
0.302204
0.0943734
0.328901
0.123302
0.190441
0.101448
0.219542
0.603185
0.46395
0.000870459
0.00046762
0.00251501
0.000157639
0.000859482
0.268579
0.0495101
0.292023
0.0543097
0.00948155
0.391496
0.291712
0.110446
0.0409097
0.0190625
6.72998e-05
0.499628
0.471405
0.341017
0.0130176
0.359263
0.0597477
0.336489
0.0018741
0.169965
0.0573858
0.184956
0.710512
0.623178
0.430168
0.324923
0.220572
0.00317946
0.405051
0.0840445
0.239046
0.111682
0.00254993
0.296263
0.574089
0.370664
0.34013
0.235115
0.0232668
0.0625295
0.0201441
0.104714
0.0340841
0.00157078
0.00183946
0.0622941
0.00100326
0.0957903
0.088631
0.0473829
0.418044
6.42533e-06
0.717224
0.000409065
0.156266
0.212582
0.0589556
0.234293
0.206064
0.478504
0.00012837
0.405997
6.06959e-05
0.554652
0.408284
0.0795581
0.11919
0.0015367
0.0337598
0.00464699
0.010376
0.0212782
0.507272
0.329977
0.0353809
0.00232274
0.34794
0.273775
0.0157057
0.0776941
0.469664
0.0643672
0.00116272
0.334997
0.782906
0.00286918
0.244524
0.228726
0.00207681
0.48763
0.165107
0.000695764
0.7374
0.00747156
0.00119373
0.386391
0.0169406
0.365362
0.274885
0.00193022
0.0141782
0.436249
0.268605
0.642679
0.513877
0.298505
0.0190514
0.388924
0.0104188
0.202538
0.165355
0.0939242
0.18428
0.321464
0.209104
1.47943e-06
0.0068082
0.233636
0.00629724
0.256156
0.01872
0.316827
0.19792
0.181948
0.61624
0.0324596
0.0807315
0.00646461
0.2347
0.117854
0.493761
0.292524
0.306314
0.435336
0.532547
0.231706
0.390408
0.00178776
0.00717779
0.339188
0.00355305
0.426015
0.0549627
0.196882
4.42942e-05
0.000427304
0.7074
0.195443
0.489877
0.643705
0.0822309
0.000684763
0.377785
0.00939861
0.01751
0.583927
0.38757
1.12022e-05
0.0151615
0.242447
0.179985
0.153872
0.269086
0.0254781
0.485325
0.000866625
0.171696
0.0016006
0.000951949
3.00892e-05
0.00331975
0.366961
2.56796e-05
0.00210294
0.0987147
0.00380331
0.181258
0.237917
0.472756
0.501039
0.0445441
0.221345
0.0457532
3.4621e-05
0.121122
0.393685
0.595741
0.0252376
0.024065
0.695157
0.39776
0.00222076
0.290022
0.182939
0.000397886
0.1162
0.133674
0.322222
0.282846
0.0355479
0.105894
0.160171
0.297241
0.000377773
0.706427
3.97614e-05
0.076423
0.00780542
0.613342
0.588546
0.0960771
0.18418
0.222536
0.00185405
0.0552556
0.00170593
0.17352
0.00954744
0.00159183
0.0017164
0.0214813
0.000683282
0.0122468
0.372957
0.284733
0.0093278
0.0653155
0.0115318
0.215023
0.0715261
0.0175941
0.289947
0.0418416
0.468145
0.106836
0.365696
0.539378
0.0047254
0.00737284
0.0218301
0.067832
0.0027753
0.325222
0.0201233
0.148296
0.113418
4.39063e-07
0.711444
0.44697
0.174824
0.560844
0.110505
0.000762395
0.000909626
0.403314
0.0198761
0.29906
0.143377
0.188841
0.0371647
2.80829e-05
0.0161587
0.0621115
0.0610061
0.300153
0.231005
0.00154465
0.448575
0.00924264
0.00167164
0.00173101
0.25121
0.0148226
0.0378591
0.424957
0.000627772
0.305213
8.37345e-05
0.158843
0.226586
0.10372
0.167503
0.0324373
0.0037083
0.309023
0.07845
0.09952
0.329937
0.0872058
0.323941
0.450435
0.113185
0.0728771
0.0605164
0.307806
0.262142
0.292853
0.232334
0.265058
0.410722
0.0501162
0.204528
0.00555291
0.00143051
0.264767
3.68485e-06
0.672796
0.0919212
3.49685e-05
0.280067
0.337745
0.093615
0.241643
0.000499753
0.0812796
0.0027265
0.000172814
0.261233
0.0813283
0.202828
0.0678678
0.268803
0.080731
0.014486
0.000986927
0.559161
0.286799
0.398582
0.432376
0.00144552
0.153823
0.0253288
0.0086577
0.100233
0.195962
0.811427
0.307934
0.46333
0.232834
0.000246166
0.0514756
0.574489
0.0124062
0.241099
0.0135045
0.0010885
2.66733e-05
0.159575
0.104087
0.259903
0.375487
0.0334796
0.454529
0.00704822
0.148532
0.0604103
0.000100391
0.302437
0.436717
0.343463
0.0187465
0.437066
0.262952
0.682357
0.111459
0.235044
0.014177
0.134084
0.0796719
0.319576
0.483177
0.270087
0.0472679
0.000163439
0.0352188
0.000411738
0.576408
0.287138
0.00992366
0.310082
0.250045
0.778061
0.576766
0.0932354
0.682279
0.323335
0.428992
0.307917
0.0248
0.282243
0.0331569
0.0963233
0.812147
0.301452
0.167299
0.44568
0.00204879
0.194665
0.000364305
0.0761289
0.187457
0.318667
0.34705
0.00436821
0.180861
0.344232
0.000764954
0.286687
0.139251
0.240042
0.310188
0.00266027
0.0496019
0.00313177
0.232873
0.020743
0.0545482
0.0161231
4.73577e-06
0.127421
0.0103556
0.011429
0.362195
0.537712
0.326365
0.0406714
0.240528
0.333391
0.346882
0.295725
0.656876
0.375479
0.67114
0.0340691
0.000109606
0.0327673
0.302855
0.743616
0.025998
0.660749
0.302287
0.549964
1.32416e-05
0.0783738
0.051513
0.000460125
0.277944
0.10497
0.0788054
0.321217
0.63995
0.45148
0.556092
0.133288
0.00344601
0.494351
0.514969
0.0294778
0.233774
0.424183
0.000633137
0.377188
0.185077
0.254526
0.180112
0.391413
0.723657
0.230506
0.301578
0.601672
0.00013032
0.282194
0.0928825
0.0236448
0.555785
0.0437023
0.450305
0.352912
0.290713
0.685968
0.0448466
0.296785
0.536853
0.0154997
0.0919081
0.248877
0.131049
0.0163855
0.701138
0.210345
0.0187647
0.024416
0.037492
0.474932
0.0555718
0.0527174
0.102438
0.0101701
0.479422
0.00037507
0.00151771
0.0804457
0.0115297
0.0641762
0.0130709
0.391052
2.26238e-06
0.0157223
0.0228516
0.278273
0.141682
0.000196459
0.31599
0.000152715
0.302027
0.000618867
0.192317
0.00273349
0.505302
0.000759027
0.00618836
1.92975e-05
0.0150178
0.000878844
0.178412
0.00447306
0.333976
0.0131649
0.0940547
0.37446
0.0126483
0.720983
0.041529
0.000211547
0.667718
0.00480041
0.00147045
0.399451
0.00834761
0.255159
0.0769921
0.00789902
0.204013
0.384996
0.458646
0.0906576
0.327215
0.0192888
0.00307622
0.144115
0.000235343
0.0528955
0.739223
0.00845769
0.0179818
0.0972815
0.0304392
0.414614
0.151991
0.00217415
0.422393
0.54119
5.06859e-05
0.0125377
0.284707
0.0415452
0.264146
0.00388816
0.0311052
0.178059
0.0799478
0.012839
0.000542822
0.024443
0.115593
0.0111418
0.00573187
0.753468
0.0136756
0.66532
0.3388
0.0079801
0.00406021
0.365927
0.251704
0.00289799
0.72638
0.0327639
0.208544
0.0130445
0.379307
0.0241029
0.478057
0.418609
0.00124859
0.785481
0.00757699
0.210122
4.12547e-05
0.000569941
0.00753595
0.00202775
0.129657
0.0873483
0.00250254
0.493832
0.30788
0.00363983
0.00190691
0.000746514
0.164108
0.340506
0.556573
0.213361
0.0350886
0.239381
0.0398622
6.06628e-06
0.184601
0.426547
0.567041
0.736742
0.000667977
0.63251
0.393179
0.278295
0.256152
0.0472937
0.419518
0.00601148
0.0693779
0.779475
0.00812806
0.296182
0.037559
0.0562727
0.373505
4.64266e-06
0.141454
0.0014207
8.45999e-06
0.00724899
0.0289274
0.326625
0.00470553
0.631988
0.200077
0.0201878
0.000835994
0.0199214
0.36736
0.0271939
0.255707
0.00315874
0.228295
0.357979
0.526029
0.063487
0.543247
0.396271
0.654251
0.00015876
0.197803
0.477291
0.0520847
0.00676989
0.000214908
0.0100424
0.390544
0.146707
0.183868
0.125037
0.751418
0.0078981
0.042779
0.000203668
0.0357445
0.204904
0.610905
0.600664
0.0811113
0.293681
0.00738535
0.0326844
0.195803
0.395071
0.255603
0.298211
0.0132691
0.000154803
0.279041
0.377744
0.131424
0.282386
0.426917
0.00103546
0.607346
0.255716
0.247037
0.0414581
0.00478092
0.147178
0.166612
0.147259
0.0802848
0.00022675
0.393931
0.00151817
0.441525
0.00371383
0.00607791
1.53785e-05
0.000376042
0.0081797
0.352937
0.475097
0.318245
0.403355
0.307287
0.650838
0.0141482
0.140471
9.37391e-05
0.0339419
0.326702
0.0804132
0.100638
0.77806
0.17772
0.0142432
0.0243463
0.00196151
0.572729
0.414977
0.302913
0.0312835
0.000684756
0.240162
0.199433
0.156635
0.556692
0.262074
0.33586
0.290168
0.589115
0.0242474
0.208056
0.000324336
0.144361
0.00747849
0.000448804
0.394708
0.391587
0.289084
0.581625
0.00139668
0.000239088
0.00251303
0.0146792
0.00733142
0.0116091
0.424041
0.607566
0.0645501
0.0385098
0.260877
0.466475
0.127089
0.0383617
0.403822
0.012618
0.00118433
0.0698185
0.0116223
0.473796
0.328618
0.174859
0.436706
0.0137482
0.00704758
0.559585
0.00623555
0.24502
0.414425
0.26714
0.177492
0.0120814
0.000721172
0.326259
0.0119981
0.0723189
0.0228971
0.627727
0.0874732
0.15039
0.519843
0.195128
0.420389
0.0772026
0.0496688
0.602734
0.222498
0.04937
0.207832
0.0331133
0.0479728
0.263641
0.0412558
0.0197045
0.424731
0.377678
0.338338
0.06051
0.785772
0.00720179
0.08294
0.00713705
0.15622
0.00422056
0.0414935
0.00343839
0.0515466
0.0012919
0.00699925
0.000752746
0.153347
0.0243889
0.0806596
0.115299
0.00979117
0.00164011
0.0209647
0.134533
0.264376
5.6834e-05
0.0477803
0.200383
0.66828
1.01882e-05
0.533807
0.0139309
0.0335821
0.14557
0.258501
0.000676553
0.0602715
0.230395
0.000211576
3.78594e-05
0.246929
0.392921
0.238385
0.079293
0.113543
0.381366
0.00296683
0.269695
0.0630795
0.659827
0.354857
0.142321
0.0131944
0.000107416
0.207127
0.0372423
0.00730842
0.667581
0.158785
0.000353824
0.125747
0.0228749
0.113842
0.0125713
0.649806
0.0206185
0.617699
0.0323432
0.0101199
0.0799344
0.378954
0.350446
0.10596
0.193776
0.333986
0.0974791
0.426703
0.258684
1.27358e-05
0.723073
0.347271
0.303069
0.0135402
0.329584
0.314993
0.794128
0.270058
0.0133179
0.0143582
3.83471e-06
0.194121
0.000937437
0.00130413
0.0677981
0.000341035
0.000631539
0.165997
0.000769022
0.0201315
3.62888e-06
6.68013e-05
0.000366113
0.0701043
0.00641061
0.325699
0.444648
0.312779
0.00993235
0.373013
0.0369027
0.0039519
0.00706129
0.342772
0.143668
0.0839949
0.0874394
0.302905
0.257452
0.00845408
0.221032
0.602378
0.555387
0.307057
0.483693
0.307014
0.145218
0.0148475
0.366437
0.0152122
0.172135
0.443639
0.000269212
0.151103
0.0378521
0.225835
0.117681
0.0133747
0.463271
0.27754
0.000468165
6.54451e-09
0.00252979
0.300309
0.473812
0.63906
0.285087
7.60074e-05
0.654848
0.000191202
0.114175
0.203802
0.00156615
0.174838
0.00587472
0.313505
0.490124
0.0984713
0.12133
0.110146
0.00329027
0.000182618
0.678477
0.0417114
0.0205055
0.418351
0.00381797
0.000209933
0.0816283
0.424439
0.0012536
0.0471469
0.00228113
0.146582
0.309843
0.309546
0.0174712
0.0756804
0.043165
0.151267
0.289286
0.290079
0.324237
0.00315905
0.679904
0.490879
0.00156656
0.00197919
0.0126296
0.435025
0.0201431
0.255623
0.342089
0.20114
0.466946
0.721913
0.172496
0.000709442
0.305963
0.671966
0.214549
0.000407389
0.212016
0.427637
0.00174707
0.284649
0.0241949
0.779576
0.0379957
0.387653
0.365869
0.595345
0.00401067
0.0325689
0.00824852
0.467322
0.315937
0.00361478
0.173418
0.0018896
0.414395
0.500951
0.210739
0.762196
0.195837
0.0746952
0.578134
0.206833
0.0870156
0.703731
0.0427974
0.31231
0.000337378
0.081355
0.587164
0.358232
0.0094395
0.484833
0.277489
0.69233
0.118329
0.05446
9.17325e-05
0.137706
0.000777395
0.00151692
0.241002
0.108764
0.00714021
0.000273783
0.351057
0.00142725
0.0708188
0.351267
0.0111477
0.378465
0.0133071
0.576428
0.206104
0.00860385
0.248994
0.00840259
0.392388
0.224533
0.156303
0.0431006
0.00823185
0.018891
0.0433148
0.447081
0.102486
0.0926567
0.0213961
0.289196
1.80363e-05
0.0249457
0.322203
0.0872919
0.379583
0.329303
0.789469
0.4963
0.0576066
0.282088
0.12076
0.00285734
0.0272998
0.121364
0.26988
0.00161574
0.133028
0.237435
0.35326
0.268566
0.449359
0.0567771
0.112684
0.00157259
0.704198
0.00703262
0.398763
0.467677
0.00698785
0.207995
0.449114
0.0297703
0.00876357
0.00860882
0.0429836
0.000557376
0.575449
0.00116472
0.831294
0.000530706
9.28675e-05
0.131236
0.180336
0.324133
0.415069
0.546682
0.149026
0.173786
0.00793857
0.00505768
0.0984057
0.0208097
0.0665511
0.0217819
0.429995
0.0024092
0.101995
0.383316
0.00505059
0.435506
0.409888
0.581502
0.460544
0.00422301
0.111294
0.0046879
0.114514
0.0497929
0.436005
0.000407526
0.0652079
0.461381
0.289499
0.176326
0.39209
0.380387
0.00364142
0.48761
0.000258487
0.370979
0.38227
0.00165006
0.0109298
0.255072
0.476142
0.318384
0.0911416
0.372105
0.0865965
0.324145
0.19486
0.00592924
0.606053
0.524885
0.108077
0.427709
0.00086035
0.128086
0.541973
0.405838
0.000206807
0.231075
0.0307438
0.0376119
0.0520836
0.27337
0.00846593
0.000134428
0.0145734
0.17321
0.227352
0.00480587
0.0159646
0.208381
0.0416923
0.00672073
0.230093
0.0287161
0.0359409
0.000849417
0.0271579
0.0315966
0.468047
0.0664557
0.432077
0.29383
0.308847
0.201572
5.75423e-05
0.394699
0.0226524
0.000407404
0.353301
0.634036
0.473915
0.335779
0.349823
0.160003
0.000487298
0.324181
0.320357
0.165979
0.0171705
0.00418898
0.00594135
0.609663
0.102979
2.45932e-06
0.00755802
0.0598069
0.62265
0.264882
0.000480634
0.0933314
0.0131818
0.000424439
0.0223693
0.384296
0.337139
0.319133
0.643231
0.0616166
0.12334
0.000106847
0.121329
0.765382
0.236533
0.0564912
0.063731
0.412014
0.421855
0.0927643
0.0260738
3.32191e-05
0.000566365
0.334408
0.000806636
0.401899
0.43384
1.07792e-05
0.432299
0.186903
0.501169
0.0228062
0.482241
0.0340509
0.191302
0.00824239
0.50198
0.0421391
0.234021
0.333039
0.0378958
0.216466
0.446143
0.146012
0.667043
0.0376334
0.0996269
0.511988
0.0154347
0.116846
0.000357051
0.00785487
0.204338
0.00368153
0.185487
0.13979
0.411564
0.116979
0.00123569
0.0232272
0.428075
0.000144624
0.435912
0.44514
0.345792
0.566497
0.0646884
5.03158e-06
0.0270968
0.101863
0.282384
0.412267
0.00941132
4.74578e-05
0.427302
0.123956
0.0148843
0.537655
0.126121
2.73127e-08
0.0230265
0.000285183
0.237209
0.00229224
0.0049756
0.0377098
0.623477
0.285125
0.0393106
0.25044
0.00306103
0.102106
0.164759
0.147733
0.335467
0.267422
0.00900488
0.00769489
0.000497037
0.000973284
0.00123543
0.3369
0.000148935
0.484655
0.00842674
0.357199
6.14461e-06
1.4974e-07
0.144983
0.28871
0.000220627
0.779188
0.414464
0.470138
0.001671
0.0606955
0.400227
0.170356
0.101654
0.248717
0.228115
0.0923533
0.00716013
0.0203715
0.00954458
0.0794632
0.0109284
0.0241035
0.745151
0.103428
0.0633042
0.370239
0.271081
0.208364
0.323688
0.363688
0.645282
0.215194
0.00502064
0.175356
0.249445
0.192822
0.0110822
0.345646
0.0324803
0.0691712
0.627162
0.547224
0.465709
0.00114947
0.177486
0.359034
0.0225802
0.137675
0.00272708
0.681667
0.0103448
0.344988
0.0011879
0.00503282
0.316837
0.261268
0.577967
2.52031e-05
0.00212978
0.393282
0.170297
0.0260804
0.000847979
0.163963
0.497691
0.116764
0.039417
0.526908
0.0814809
0.00226529
0.482397
0.0508311
0.0014168
0.693224
0.114977
0.482504
0.495011
4.07699e-05
0.105864
0.0087226
0.695759
0.0851233
0.298345
0.284361
0.499309
0.000105279
0.376873
0.332041
0.037588
0.310869
9.95797e-05
0.575763
0.313139
0.39862
0.0163353
0.0479911
0.34274
0.541747
0.0238053
0.010743
0.000148136
0.00265596
0.565702
0.550214
0.0303027
0.0431692
0.716582
0.000320778
0.530098
0.00135099
0.155218
0.344676
0.301484
0.0904071
0.294931
0.165991
0.001419
0.00183965
5.99976e-07
0.392353
0.00438262
0.205852
0.128927
0.00130335
0.0149444
0.578903
0.149792
0.502323
0.469231
0.0385738
0.00305906
0.00423618
0.00258014
0.471698
0.0646007
0.58499
0.000235431
0.0675664
0.0215922
0.105308
0.296362
0.0572417
0.315698
0.151062
0.0288006
0.0340324
0.13662
0.292015
0.599038
0.661586
0.632495
0.284524
0.00169077
0.059172
0.261221
8.62267e-07
0.0811405
0.0777611
0.012096
0.529067
0.0019917
6.81224e-05
0.199209
0.0114638
0.164246
0.000179956
0.621416
0.47482
0.0420446
0.345654
0.282882
0.373909
0.21041
0.504037
0.0337014
0.581726
0.0547904
0.00643707
0.296129
0.0845384
0.133111
7.76293e-05
0.000102783
8.37665e-06
0.0531557
0.0189609
0.196993
0.0110024
0.514825
0.137647
0.0262702
0.0402605
0.215253
0.0395319
0.306346
0.178155
0.00654968
0.192293
0.238044
6.84925e-05
0.441073
0.281706
0.0605909
0.000395872
0.0213972
0.00818505
0.567286
0.290034
0.0522
0.0462021
3.8505e-05
0.0335244
0.508373
0.436051
0.00254148
0.181311
0.203434
0.303371
0.0678308
0.280659
0.651433
0.310913
0.0281456
0.000934415
0.564776
0.0250279
0.0455468
0.00317158
0.00975934
0.000296792
0.791559
0.000134044
0.347376
0.350595
0.713972
0.0486418
0.00476833
0.409228
0.606323
0.612359
0.0054324
0.141508
0.111451
0.126123
0.281105
0.520517
0.00521472
0.305928
0.109651
0.494406
0.00161401
0.261897
0.380154
0.619387
0.287351
0.225873
0.0373243
0.00139257
0.171949
0.0787359
0.0118578
0.00146595
0.127612
0.417767
0.000647187
0.00827796
0.00780233
0.291382
0.0798961
0.243587
0.213878
0.10374
0.0419579
0.00993531
0.00653173
0.499954
0.25012
0.0524401
0.107459
0.0694203
0.00150305
0.130506
0.045238
0.53222
0.00332667
0.177264
0.665162
0.47119
0.304515
0.0281523
0.0263347
0.164228
0.114305
0.00836708
0.088777
0.610491
0.0234454
0.231522
0.375742
0.208489
0.0982804
0.222826
0.208505
0.653047
0.425734
0.0983548
0.00103042
0.081087
0.000186805
0.109736
0.369475
0.213766
0.0318273
0.18046
0.000769651
0.00024275
0.278566
0.315013
4.67451e-07
2.35734e-06
0.698039
0.00894845
0.227984
0.641156
0.58796
0.139251
0.682916
0.626411
0.010148
2.84635e-05
0.249988
0.726958
0.14128
0.0230099
0.254423
0.082221
0.0010408
0.566532
0.0800269
0.359467
0.110373
0.115048
0.146099
6.11308e-05
0.303805
0.0528292
1.32925e-05
0.664079
0.52637
0.000794473
0.166694
0.508267
0.578158
0.00107745
0.0587506
0.309593
0.128766
0.471546
0.57759
0.681251
0.876939
0.486495
0.000334793
0.111246
0.0802086
0.00228651
0.0784086
0.358255
0.338183
0.076285
0.42851
0.379849
0.357782
0.0195329
0.0978633
0.42426
0.204549
0.000825689
0.00665661
0.000978451
0.000142078
0.000129117
0.0146178
0.308711
0.420189
0.292533
0.0132235
0.0532769
0.00249576
0.260593
0.132925
0.170661
0.337834
0.208842
0.602272
0.332875
0.0026419
0.764461
0.112166
0.515274
0.0212835
1.58017e-05
0.028077
0.187662
0.532
0.0512868
0.0382446
0.487641
0.0212933
8.41314e-06
0.00424842
0.5616
0.0189647
0.547241
0.397942
0.443362
0.0985002
0.114607
0.490986
0.416799
0.353193
0.109719
0.224321
0.191132
0.129144
0.0121646
0.456119
0.00109589
0.124748
0.0261921
0.337858
1.43262e-05
0.0879635
0.0501941
0.478348
1.13898e-05
0.162261
0.0050969
0.0878941
0.0375724
3.18107e-05
0.543111
0.188657
0.0551578
7.27709e-07
0.00107382
0.684228
0.128216
0.291877
0.0806342
0.0131884
0.0725479
0.00100333
0.0692531
0.758029
0.0898084
0.528836
0.336984
0.000313522
0.0158929
0.00743187
0.134786
0.0885055
0.000274848
0.648646
0.186871
0.00411433
0.0957277
0.52648
7.34211e-05
0.315319
0.408797
0.0355711
0.690988
0.361637
0.40644
0.39429
0.304547
0.234983
0.263088
0.10353
0.59246
0.172759
0.222786
0.00316077
0.206047
0.0934557
0.0267317
0.350173
0.0999519
0.182129
0.688086
0.685612
0.0150683
0.490285
0.013849
0.00242634
0.521552
0.0700263
0.00265936
0.342385
0.699974
0.142948
0.602558
0.364302
0.168355
0.0637841
0.244252
0.358033
0.135966
0.00923067
0.334206
0.494864
0.00784831
0.0257962
0.0767717
0.00012124
0.00271524
0.00719023
0.177116
0.0276705
0.108296
0.0587666
4.24935e-05
0.0887153
0.0102111
8.77913e-05
0.274392
0.0646353
0.63828
0.620382
2.56872e-06
0.055048
0.00312254
0.0511124
0.116364
0.0956782
0.420768
0.104101
0.437025
0.000305366
0.0126238
0.379822
0.000127373
0.00107876
0.272486
0.183545
0.531356
0.431738
0.0212657
0.693215
0.30069
0.117907
0.0378276
0.394706
0.0115487
0.00121943
0.236929
0.303067
0.304039
0.0605116
0.000659783
0.00443875
0.332089
0.0272644
0.00530468
0.148727
0.371351
0.0742102
0.415211
0.470933
0.0850516
0.233948
6.50164e-06
0.00342502
0.340928
0.0393179
0.50345
0.0372437
0.00807252
0.0117406
0.51718
0.505883
0.164961
0.00493093
0.305295
0.268416
0.538491
0.313374
0.0343351
1.6809e-05
0.720221
0.328093
0.0135306
0.00849365
0.523394
0.214207
0.0197294
0.0652814
0.707265
0.475318
0.270155
0.0138797
0.0122787
0.00697048
0.00106644
0.292811
0.490936
0.0449345
0.00913895
0.0135317
0.514115
0.310219
0.761127
0.0121999
0.0164807
0.030659
0.00331983
0.274437
0.00381779
0.0018725
0.564866
0.0263272
0.463915
0.716423
0.0894824
0.157293
0.297247
0.183778
0.364201
0.20722
0.520902
0.128085
0.197575
0.000737937
0.405177
0.347242
0.000945005
0.000345528
0.0254936
0.0110161
0.181034
0.0533581
0.313339
0.351198
0.000911483
0.280034
0.284047
0.0165477
0.264075
0.257061
0.254706
0.0199516
0.576986
0.00010706
0.631913
0.0205841
0.25301
0.00379088
0.0550096
0.000859534
0.268626
0.388057
0.476283
0.203383
0.101628
0.0456041
0.0102962
3.8675e-05
0.000684115
0.103416
0.00105419
0.00249903
0.00496079
0.13659
0.555246
0.284712
0.0569383
0.000397889
0.0419015
0.549872
0.298259
0.285587
0.637911
0.295977
0.0397247
0.143382
0.0201887
0.382585
0.245461
0.494579
0.00681203
0.00302698
0.0111618
0.521594
0.000729895
0.00140943
0.444909
0.00109092
0.693694
0.0625371
7.64071e-05
0.718463
0.000278228
0.251008
0.00864291
0.168
0.544746
0.315142
0.0959402
0.0172463
0.470038
0.509166
0.000487254
0.00777613
8.52361e-06
0.37014
0.0651965
0.463249
0.0108653
0.492326
0.00104443
0.194343
0.774295
0.581224
0.334276
0.0616219
0.500649
0.0118972
0.036128
0.0719795
0.00831357
0.684911
0.00960303
0.263155
0.246534
0.420157
0.000126229
0.215253
0.0510404
5.79221e-08
0.0446962
0.547471
0.161727
0.394799
0.420918
0.0126214
0.670527
0.188437
0.00233738
0.358575
0.395863
0.0696492
0.177968
0.0021617
0.000120328
0.555634
0.00341975
0.231374
0.0056902
0.0778327
0.0794969
0.10924
0.385694
0.00172996
0.202821
0.503783
0.155925
0.0597839
0.62827
0.623999
0.358193
0.0983272
0.0433335
0.530615
0.204691
0.0235036
0.00364377
0.566274
0.0202135
0.230266
0.00168433
0.371859
0.0905713
0.000131112
0.00363601
0.0138936
0.280492
0.00729814
0.000431087
0.429645
0.604928
0.287621
0.000876552
0.0583358
0.0158106
0.0107501
0.505434
0.118064
0.618979
0.312767
0.00372905
1.4973e-06
0.22208
0.303552
0.00172097
0.00380325
0.00127763
0.111639
0.00173155
0.0004829
0.0651012
0.0390206
0.317812
0.0763581
0.7025
0.188159
0.612191
0.0289835
0.00134261
0.154482
0.00412402
0.483748
0.00149927
0.274294
0.362891
0.149821
0.573787
0.569593
0.453759
0.193032
0.35731
0.24992
0.00787268
0.553602
0.286886
0.465464
0.290762
0.0104608
0.0181672
0.00974946
0.397679
0.373652
0.685454
0.811391
0.374259
0.574155
0.00296675
0.360051
0.00640328
0.0768811
0.500231
0.459638
0.474625
0.517697
0.394963
0.00160702
0.000245778
0.538544
0.300959
0.302947
0.00106862
0.650038
0.0390363
0.103466
0.0535389
0.0140721
0.000233146
0.36985
0.396822
0.505791
0.755669
0.336296
0.391199
0.305912
0.571036
0.0526516
0.336001
0.00611569
0.436474
0.308051
0.217656
0.45827
0.194766
0.0118357
0.0247112
0.000107643
0.0185445
1.60029e-05
0.70482
0.000540018
0.301335
0.00628167
0.0379759
0.0134243
0.0313548
0.000120797
0.021141
0.421851
0.00426354
0.119836
0.00549856
0.460651
0.284052
0.000279082
0.000712947
0.0945611
0.64359
0.319862
0.00118799
0.0060599
7.70371e-05
0.158978
0.267297
0.0232604
0.332478
0.59771
0.435825
0.00145583
1.3447e-05
8.6745e-06
0.0350294
0.000460481
0.000289617
0.30712
0.00305603
0.0294575
0.034362
0.00896213
0.15235
0.607808
0.441924
0.527727
0.706014
0.144428
0.255845
0.047612
0.324891
0.215392
0.0142402
1.11612e-05
0.267558
0.00257444
0.0180945
0.752437
0.0207726
0.0732124
0.213952
0.0685201
0.561505
0.050137
5.39572e-06
0.40477
0.00218115
0.0138441
0.523697
0.139907
0.0308346
0.0686696
0.0810165
0.0643429
0.00248524
0.133697
0.0122703
0.296176
0.00993992
0.0732398
0.00685337
0.0126508
0.303015
0.0284746
0.212615
0.264968
0.511433
0.0141826
0.107478
0.00969204
0.0962462
0.688889
0.658341
0.439128
0.154686
0.00160329
0.053828
0.197439
0.239108
0.732294
0.000506705
0.153302
0.0146583
0.788368
0.0190255
0.0263697
0.0058485
0.256748
0.217952
0.1771
0.506973
0.0970735
0.000875679
0.0200088
0.0982604
0.000402338
0.00399345
0.00146427
0.215665
0.0370697
0.0730001
0.0802932
0.377625
0.592134
0.479732
0.619462
0.0243064
0.275222
0.00203442
0.360863
5.21688e-05
0.31984
0.484732
0.000628786
0.288202
0.10794
0.143166
0.0403916
0.607378
0.35835
0.217107
0.196675
0.0124031
0.212235
1.33927e-05
0.246026
0.318695
0.00901779
0.325327
0.00116503
0.0176719
0.364275
0.0521705
0.351125
0.435795
0.30517
0.0587662
0.347548
0.000137103
0.000228437
0.402093
0.183009
0.346065
0.478369
0.00099023
0.0501494
0.215385
0.593465
0.491091
1.61962e-07
0.154258
0.0159993
0.000107166
0.0589261
0.239409
0.000635305
0.0205507
0.0365549
0.0213927
0.231167
0.314867
0.0144702
0.297776
0.0581691
0.295892
2.21137e-05
0.0671993
0.0217653
0.148748
0.303877
0.0309196
0.0584144
2.23511e-05
0.352066
0.0189733
0.205996
1.06508e-06
0.00407652
0.0682394
0.000209738
0.389941
0.146136
0.596805
0.68288
0.53598
0.513445
0.336885
0.159218
0.000360947
0.665258
0.19679
0.00962741
8.94905e-06
0.0258618
0.00101922
0.00181678
0.520126
7.27388e-05
0.0888134
0.0170044
0.0881002
0.0203499
0.471335
0.167325
0.070862
0.316095
3.76295e-05
0.531458
0.00059937
0.430316
0.623447
0.559697
0.0513422
0.408136
0.18952
0.307
0.727316
0.465712
0.0191819
0.0143175
0.00156902
0.214721
0.0022965
0.038641
0.277184
0.105532
0.190783
0.33895
0.13244
0.578196
0.284569
0.507607
0.00146986
0.0963695
0.070951
0.131271
0.58467
0.118892
0.316347
0.000319271
0.494416
0.0469391
0.248575
0.68401
0.103419
0.276984
0.0693146
0.280695
0.0430052
0.20506
0.257062
0.0629274
0.00223203
0.396512
0.121853
0.309496
0.0256151
0.070048
0.359134
0.109481
0.21612
0.448573
0.581142
0.189271
0.0458098
0.716545
0.456806
0.387995
0.000127347
0.096745
0.0022669
0.116111
0.000203079
0.000364916
0.22723
0.0169151
0.00386546
0.150512
0.391486
0.280308
0.12778
0.00150826
0.442614
0.536546
0.0582725
0.374936
0.440798
0.0165897
0.166015
0.195057
0.294774
0.38438
0.795339
0.259005
0.400956
0.0241443
0.275912
0.666919
0.605607
0.381973
1.97327e-06
0.281939
0.266668
0.584588
0.0353747
0.53319
0.504131
0.413125
0.157541
0.0252324
0.00109716
0.0642402
0.00178811
0.552756
0.172477
0.0493213
0.0889627
0.316494
0.126648
0.449397
0.372494
0.196953
0.26584
0.46644
0.428612
0.00851024
3.3276e-07
0.0370544
0.00221584
0.222049
0.648248
0.00702248
0.0758552
0.487751
0.49455
0.676551
0.152475
0.480492
0.00164637
0.136522
0.00323969
0.32874
0.390135
0.328174
0.250427
0.0748078
0.0503421
0.0960589
0.0158213
0.00332347
0.634214
0.21064
0.277864
0.0856038
0.0013671
0.0137637
0.0392667
0.00911779
0.00886172
0.199265
0.131595
0.422815
0.00345423
0.386116
0.344186
0.537496
0.708029
0.558693
0.0768895
0.000191195
0.654751
0.452278
0.000643971
0.0266536
0.352149
0.532709
0.129917
0.416765
0.0461329
0.231287
0.00110592
0.444625
0.0199468
0.165663
0.000209763
0.063383
0.0124945
0.386585
0.351741
0.0602133
0.464525
0.00553357
0.0304561
0.0106431
0.578804
0.418079
0.360341
0.00254356
0.1978
0.234904
0.233564
0.231972
0.482313
0.00845832
0.110011
0.000251697
0.384285
8.53939e-05
0.425876
0.159001
0.00775806
0.422179
0.00947874
0.206751
0.00691799
0.404407
0.206722
0.140435
0.409302
0.390911
0.020385
0.171868
0.00434911
0.0351443
0.39995
0.311454
0.261539
0.11025
0.324089
0.00177181
0.0733497
0.216044
0.00111407
0.24523
0.0196387
0.000731236
0.262404
0.426689
0.380253
0.000360429
0.446445
0.429993
0.0620893
0.0174698
0.237306
0.0904512
0.00229826
0.0102609
0.00011348
0.0664265
0.0102474
0.035851
0.442189
0.28031
0.121401
0.0632422
0.138111
0.266762
0.111167
0.26416
0.390822
0.371368
0.0253855
0.00414645
9.26521e-06
0.359451
0.0534248
0.00677103
0.49242
0.00166251
0.00447168
0.387947
0.0375352
0.728884
0.0645966
0.017487
0.00234213
0.30938
0.0138842
0.0134483
0.0174064
0.51995
0.347382
0.0214396
0.820083
0.012101
0.311775
0.279131
0.185037
0.00282187
0.0205518
0.153706
0.231101
0.540362
0.00677916
0.00743743
0.0691842
1.56889e-07
8.21039e-08
0.197563
0.503225
0.322715
0.243219
0.196144
0.0805355
0.0608325
0.186549
0.00037927
0.147539
0.0945019
0.690415
0.0288715
0.0270812
0.00215334
0.523712
0.402192
0.312942
0.60325
0.115038
0.615653
0.034333
0.213644
0.270237
0.0377133
0.0851882
0.140774
0.553972
0.000375289
0.0184449
0.755686
0.283588
0.774525
0.507252
0.335204
0.158582
0.000573773
0.0367756
0.149692
0.714709
8.31768e-05
0.000214218
0.282398
0.376297
0.261908
0.274218
0.000291316
0.00407592
8.7684e-05
0.231961
0.00360486
0.00428573
0.0953688
0.0249771
0.0416311
0.0253703
0.00174781
0.175602
0.650271
0.020652
0.00296405
0.0197371
0.0616305
0.103069
0.00881894
0.000695296
0.17743
0.463217
0.0321432
0.0655597
0.348555
0.219107
0.0952281
0.312299
0.374649
0.0291115
0.0585808
0.146728
0.0606666
0.257148
0.469534
0.0289987
0.00827764
0.17452
0.000487174
0.0528254
0.447081
0.00772224
0.290449
0.107277
0.791366
0.329784
0.000328829
0.381765
0.00742279
0.0893146
0.309373
0.0464724
0.0761048
0.00626578
0.0515515
0.269191
0.0015891
0.000245653
0.00423313
0.275124
0.264311
0.328042
0.403011
0.269653
0.742638
0.315734
0.177077
0.0247533
0.248473
0.158768
0.000576511
0.00135238
0.00948373
0.268566
0.455659
0.623471
0.591067
0.571668
0.000325912
5.12444e-05
0.0700539
0.121097
0.230337
0.0118295
0.413173
0.0188476
5.34654e-07
0.455976
0.00230827
0.0281166
0.257357
0.15017
0.00915362
0.336934
0.000457209
0.32377
0.00686827
0.0123105
0.468214
0.0158832
0.203869
0.00102237
0.254832
0.353717
0.0115492
0.263295
0.587513
0.395707
0.0830804
0.401211
0.000835361
0.320493
0.66136
0.410425
0.5087
0.651712
0.202466
0.342175
0.0954206
0.297503
0.00988809
0.140879
0.38837
0.00763048
0.000371371
0.0254523
0.141167
0.220487
0.0198882
0.523279
0.00484481
0.00242731
0.00204283
0.000475471
0.0065521
0.725166
0.00549861
0.00791878
0.404118
0.448737
0.184687
0.0496556
0.00389383
0.00222726
9.10493e-06
0.144188
0.258169
0.000884481
0.159272
0.68343
0.0195094
0.000718083
0.160768
0.32593
0.0324703
0.158186
0.289977
0.482208
0.0756521
0.0834978
0.0615424
0.00265811
0.49193
0.321319
0.000294016
0.470726
0.0136573
0.0936424
0.00504009
0.00981235
0.265076
0.596393
0.26313
0.000171254
0.282437
0.752886
0.0961526
0.00953799
0.034463
0.146448
0.0820311
0.113762
0.131293
0.206777
0.361813
0.651906
3.40408e-05
0.000202911
0.152814
0.409091
0.0356344
0.00915473
0.0143277
0.00206454
0.0100525
0.00197382
0.341374
0.815258
0.150742
0.523116
0.458163
0.468313
0.345039
0.543243
0.513647
0.000100187
0.0114423
0.00112083
0.00153027
0.00432516
0.358493
0.561886
0.332798
0.283648
0.0184467
0.0627845
0.274488
0.106329
0.00329545
0.30425
0.103311
0.79749
0.531015
0.0449529
0.0407839
0.000841538
0.00900816
0.00508193
0.130007
0.141164
0.389464
0.0169486
0.000101445
0.0983926
0.50817
0.277642
0.000400854
0.0493248
0.618153
0.557847
0.0311454
0.0140878
0.00160236
0.00124876
0.318677
0.0190405
0.0135431
0.0113078
0.138277
0.311772
0.00817996
0.0136813
0.00251334
0.00321141
0.422366
0.0276458
0.0910063
0.277414
0.000187215
0.323558
0.00993031
0.315874
0.0356146
0.0952831
0.0466713
8.74704e-05
0.181078
0.212212
0.116938
0.00776074
0.000515115
0.00356603
0.66929
0.241961
0.626853
0.285896
0.00312662
0.00314741
0.404859
0.332216
0.00262203
0.328885
0.00826282
0.0157442
0.228184
0.458796
0.000726205
0.305991
0.345832
0.472582
0.0846375
0.408608
0.0504274
0.0133114
0.146025
0.296759
0.000836807
0.0139747
0.258542
0.00638047
0.00853214
0.0230476
0.386967
0.0833404
0.142468
0.0203042
0.300385
4.40472e-06
0.429521
0.0322824
0.0245991
0.298758
0.0849805
0.0191511
0.183285
0.156969
0.261921
0.206532
0.000600315
0.0471527
0.00287864
0.00179117
0.174191
0.000525568
0.000734584
0.239933
0.229566
0.0415386
0.14383
0.131323
0.18601
0.202753
0.276881
0.0662299
0.390045
0.210867
2.65697e-05
0.384605
0.0154292
0.160037
0.408414
0.04713
0.000254634
0.00511925
0.428856
0.760745
0.54352
0.0194721
0.124536
0.154513
0.00779403
0.749226
0.000737166
0.532087
0.619764
0.50886
1.48554e-06
0.38894
0.376509
0.00351176
0.329201
0.0263261
0.245296
0.30104
0.0110437
0.315186
0.00336779
0.609294
0.258099
0.0734884
0.392932
0.531145
0.0280707
0.222933
0.301452
0.00272057
0.202983
0.424216
0.00300963
0.366236
0.0139723
0.00546885
0.00121686
0.00361727
0.406361
0.0186414
0.261059
0.000661655
0.240881
0.00173546
0.673893
0.00543749
0.000162943
0.110611
0.00401641
0.337445
0.64771
0.519292
0.598092
0.102136
0.0781955
0.00152892
0.033311
0.0152772
0.0145999
2.43967e-06
0.165279
0.00668323
0.322796
0.00740424
0.0926439
0.110763
0.00822893
0.244901
0.0651783
0.000444203
0.468207
0.122381
0.675381
0.725584
5.76361e-05
0.391629
0.0112182
0.391755
0.019951
0.000562513
0.0163169
0.188877
0.274242
0.151479
0.111822
0.365642
0.0922645
0.813293
0.000589335
0.00144476
0.000550147
0.126602
0.00793098
0.113584
0.594084
0.311464
0.0499757
0.00178865
0.170137
0.220227
0.0297378
0.154348
0.0861695
0.0975957
0.0456806
0.0957528
0.127365
8.5024e-05
0.000377385
0.428431
0.104003
0.49049
7.4054e-05
0.00427269
0.00906139
0.0308938
0.651611
0.140143
0.482411
0.000724316
0.446658
0.338173
0.0549428
3.74373e-06
0.0181438
0.0356116
0.122244
0.216104
0.295595
0.159072
0.0190356
5.09535e-05
0.203936
0.00641422
0.12806
0.00350129
0.232347
0.0131156
0.34988
0.0411815
0.512702
0.56398
0.000756128
0.000319445
0.000290822
0.625219
0.0275931
0.486745
0.0725467
0.0486424
0.485973
0.000197138
0.421956
0.113555
0.322064
0.0385374
0.538972
0.394649
0.302863
0.0237957
0.162936
0.121202
0.000447079
0.289769
0.644902
0.205118
0.31117
0.359877
0.267051
0.698664
0.567521
0.0317151
2.56053e-06
0.00011284
0.000774812
0.46856
0.458102
0.017047
0.300649
0.133842
3.05494e-05
0.0526769
0.182169
0.188168
0.00358216
0.18947
0.369345
0.00222849
0.416459
0.0001869
0.339417
0.100831
0.386557
0.534053
0.3512
0.553577
0.0739298
0.0876925
0.234435
0.503438
0.219107
0.120755
0.144152
0.17666
0.198579
0.50362
0.00289618
7.19703e-05
0.639229
0.153036
0.0262404
0.474964
0.0619518
0.261511
0.0327376
7.43633e-05
0.01782
0.7727
0.250481
0.00919902
0.0527405
0.495637
0.257943
0.327813
0.0001024
0.141562
0.337916
0.0489016
0.28277
0.00153626
0.196623
0.200166
0.0285088
0.00025074
0.270653
0.182326
0.00730738
0.611617
0.408042
0.63393
0.28508
0.335503
0.208887
0.646878
0.392435
0.155495
0.470922
0.00318021
0.483557
0.00400351
0.000683024
0.239466
0.134766
0.0123085
0.581001
0.300641
0.0963189
0.478894
0.0530262
0.298556
0.42109
0.478327
0.0712911
0.146311
0.069835
0.443141
0.49537
0.00497701
0.35123
0.412872
0.0504922
0.647074
0.0384927
0.387132
0.342308
0.00946556
0.0021525
0.216387
0.00233561
0.00890209
0.344658
0.363561
0.0244405
0.442557
0.202314
0.31831
0.0571389
0.0180922
0.246956
0.462085
0.342678
0.109601
0.402736
0.000121933
0.119786
0.0682949
0.122291
0.000354039
0.109977
0.00964278
0.150362
0.043252
0.349539
0.331107
0.0625455
0.00732035
0.500221
0.34777
0.618849
0.000237211
0.402211
0.171789
0.000242182
0.138243
0.342636
0.00421472
0.00238209
0.228064
0.303661
0.478046
0.000146118
0.162631
0.229071
0.0198567
0.676756
0.182637
0.307916
0.496055
0.663886
0.000100137
0.418078
0.0171772
0.122555
0.235183
0.325298
0.457933
0.00871042
0.446542
0.24259
0.0382904
0.270374
0.152032
0.276243
0.276894
0.00293172
0.383607
0.207482
0.0336962
0.29532
3.70713e-06
0.651094
2.92458e-05
0.220992
0.0368076
0.142805
0.0562721
0.110461
0.132043
0.251145
0.00238716
0.169192
0.032723
0.608865
0.323988
0.243941
0.00140609
1.62518e-05
0.105941
0.0217229
0.0300994
0.824521
0.224492
0.086456
0.0780167
0.40564
0.000102112
0.00609171
0.1593
0.666596
0.174424
4.45421e-07
3.64549e-05
0.112372
0.112695
0.00463817
0.138743
0.0351391
0.0308024
0.0161349
3.22632e-08
0.00172426
0.00213408
0.229106
0.159503
0.247044
0.0962312
0.586793
0.348182
0.0274611
0.144331
0.148364
0.0659221
0.0309615
0.252901
0.205041
0.623505
0.0629639
0.00140388
0.246424
0.00454845
0.109464
0.326538
0.0531866
0.229381
0.266337
0.209947
0.00254454
0.508015
0.0324323
0.0242066
0.00320469
0.462347
0.00485303
0.553004
0.15577
0.430559
0.47626
0.123194
0.598413
8.83728e-05
0.206177
0.00546548
1.77683e-05
0.30201
0.663266
0.0424135
0.459923
0.0790821
0.266953
0.0861299
0.0629873
0.00154966
0.248945
0.215617
0.115774
0.0932013
0.0534762
0.0110867
0.645315
0.0309956
0.421773
0.000590477
0.146137
0.371225
0.00377983
0.119214
0.399129
0.51697
0.315811
0.0223174
0.0244434
5.12411e-06
0.240529
0.521973
0.00454643
0.283337
0.0753026
0.493836
0.41546
0.0122836
0.0960327
0.464281
0.299625
0.0141977
0.0420011
0.0499822
0.277681
0.00266195
0.676893
0.0122893
0.00604055
0.0476143
0.000642878
0.455254
0.0574656
0.0802762
0.0029686
0.000341781
0.349529
0.000922872
1.39227e-05
0.000383548
0.003572
0.4351
0.238887
0.00381639
0.000841014
0.129072
0.372799
0.387773
0.535599
0.325549
0.0884815
0.358851
0.887049
1.27437e-05
0.134089
0.443736
0.00856283
0.379619
0.238994
0.0423895
0.471289
0.0790894
0.184106
0.0179029
0.496332
0.0791105
0.0100454
0.293473
0.000934022
0.072381
0.309581
0.035555
0.00177518
0.00126557
0.040382
0.0230004
9.96066e-06
0.0331354
0.658771
0.0291554
0.622593
0.293426
0.0690143
0.0749028
0.496756
0.00426922
0.232546
0.369876
0.0234153
0.575102
0.00197738
0.0300646
0.377557
0.00716957
0.245642
0.17873
0.0707653
0.000295044
0.172635
0.45721
0.321592
0.0049609
0.342864
0.00335643
0.051365
0.0671941
0.0186198
0.000456959
0.0450583
0.00396564
0.175236
0.808762
0.000427696
0.489717
4.33026e-06
0.480795
0.254687
0.00233092
0.496897
0.0214279
0.00643433
6.82727e-05
0.0177076
5.89378e-09
0.233635
0.00174727
0.00024029
0.403736
0.522226
0.00385816
0.51099
0.429365
0.0832632
0.0654803
0.036585
0.00100413
0.348516
0.571003
0.0422435
0.201448
0.0855583
0.0053169
0.327747
0.000173048
0.0492594
0.00246362
0.498257
0.00276054
2.04838e-05
0.0661847
0.45592
0.538693
0.379149
0.104301
0.0338588
0.153199
5.4574e-06
0.0139126
0.304089
0.0235874
0.036742
0.000117592
0.290986
0.48641
0.00119191
0.457872
0.4192
0.0608543
0.461051
0.316605
0.251062
0.00336658
0.294344
0.243693
0.323126
0.00647255
0.451607
0.00484119
0.000122389
0.00682795
0.00145796
0.000611264
0.0029607
0.645618
0.253822
0.054251
0.279666
0.436513
0.464616
0.18372
0.53303
0.0239579
0.655263
0.0176717
0.296192
0.425703
0.084085
0.382974
0.321323
0.335293
0.024378
0.00193351
0.653729
0.0209574
0.127016
0.00589435
0.000332946
0.00927785
0.514476
0.0677617
0.00459386
0.0985925
0.189695
0.157838
4.83559e-05
0.00575677
0.409999
0.336132
0.255278
0.00223423
0.00659439
0.181081
0.0022387
0.10559
0.130666
0.118695
0.298079
0.000482208
0.448253
0.0793524
0.0654708
0.491623
0.0214409
0.748905
0.000130164
0.0629033
0.0544599
0.00696345
0.079211
0.373373
0.283352
0.319831
0.0269545
0.0149433
0.029339
0.303486
0.109574
0.347776
0.440497
0.344958
0.277098
0.528748
0.688828
0.0187744
0.178437
0.00314185
0.196617
0.167334
0.00184695
0.801397
0.0020987
0.00176922
0.422362
0.583301
0.198156
0.0296417
0.00044251
5.30994e-08
0.104102
0.39425
0.312335
0.228633
0.508617
0.544833
0.0203141
0.709475
0.0141003
0.556301
0.000249997
0.447679
0.011324
0.300315
0.295761
0.471555
0.4689
0.000113358
0.0033892
0.00100728
0.634304
0.576709
0.0121691
0.0490063
0.302044
0.0369559
0.301097
0.06194
0.422154
0.508011
0.0774776
0.0596016
0.207862
0.000122162
0.0809184
0.16
0.170974
2.54641e-05
0.428272
0.0893941
0.630565
0.45797
0.069124
0.305647
0.375821
0.00470814
0.116595
0.0497535
0.405645
0.0138306
0.313249
0.18915
0.00639898
0.000154311
0.224646
0.653968
0.0364849
0.0869853
0.0250547
0.00458025
0.159047
0.311694
0.000230695
0.237146
0.0343669
0.0389668
0.103734
0.140261
0.320874
0.427461
0.113562
0.00165729
0.548533
0.0650484
0.000858904
0.0361817
0.000429073
0.036468
0.092295
0.00670276
0.0284151
0.266555
0.117952
0.0113694
0.475626
0.0496986
0.0906809
0.0137686
0.124899
0.00643313
0.125963
0.457416
0.00659355
0.00317317
0.243469
0.34644
0.911029
0.54469
0.420646
0.0039427
0.0929482
0.649865
0.0101643
0.0483657
0.305924
0.0695465
8.76181e-05
0.0144235
0.00829104
0.0377873
0.469845
0.350494
0.0159249
0.552988
0.0419422
0.403921
0.798059
0.573022
0.391406
9.35806e-06
0.0543631
0.497543
0.00147763
0.000714838
0.381098
0.209933
0.213144
0.00278119
0.575284
0.028362
0.0230149
0.332532
0.413347
0.00368799
0.0218853
0.00770925
0.00270647
0.000185517
0.000317346
0.0493722
0.101585
3.84718e-05
0.62884
0.137072
0.304659
0.415878
0.00676585
0.0337461
0.258424
0.777332
0.0674815
0.582682
0.259447
0.0418938
0.240311
0.00328833
0.20297
0.000252575
0.00245244
0.46372
0.205012
0.338466
0.024849
0.538809
0.546005
0.125681
0.0559678
0.803141
0.122686
0.639551
0.73272
0.0467981
3.90501e-05
0.00224679
0.270508
0.200958
0.00480152
0.00196829
0.391751
0.00598103
0.0542702
0.226823
0.411281
0.747026
0.0114928
0.104977
0.395702
0.0110161
0.0542253
0.253662
0.314175
0.621148
0.653012
0.0939226
0.103368
0.234895
0.704001
0.1469
0.0416105
0.114268
0.278324
0.401666
0.545432
0.130767
0.52159
0.416181
0.226458
0.0159446
0.0201261
0.882335
0.00202721
0.752875
0.0221092
0.246468
0.00699511
0.00113833
0.182491
0.510521
0.114185
0.287279
0.398404
0.206981
0.307903
0.157616
0.000729107
0.0559771
0.370389
0.100088
0.695145
0.0858076
0.265512
0.0381006
0.658828
0.384266
0.147124
0.187871
0.00382211
0.364514
0.0220191
0.00510528
0.0650456
0.00295525
0.36093
0.00357926
0.289605
0.145867
0.0187289
0.0373927
0.054074
0.0406253
0.00176179
0.0110894
0.0813238
0.00701375
0.0413443
0.241196
0.568543
0.161743
0.000357252
0.437189
0.546496
0.00153021
1.6716e-05
0.352661
0.0713892
0.0677495
0.219988
0.279581
3.66348e-06
0.28167
0.499555
0.287337
0.067027
0.629429
0.136471
0.418167
0.550048
0.502409
0.483392
0.689355
0.0396417
0.795792
4.6511e-06
0.001336
0.000478133
0.497151
0.10285
0.34687
0.14278
0.146692
0.188616
0.0614382
0.0113113
0.283967
0.296058
0.0239271
0.170236
0.0163216
0.0735807
0.534934
0.00623472
0.000477893
0.575822
0.442503
0.379376
0.0170166
0.100181
0.711923
0.310719
0.271551
0.000776157
0.757833
0.051142
0.00049896
0.0721723
0.0445894
0.0515738
0.0175414
0.364783
0.0307516
0.16542
3.65849e-05
0.697237
0.00780379
0.314437
0.838042
0.283027
0.305989
0.541498
0.224763
0.183789
0.203717
0.0112843
0.385532
0.120674
0.194933
0.658687
0.664184
0.17008
0.00480894
0.326534
0.0106822
0.250464
0.316141
0.376712
0.334484
0.000427176
0.213604
0.187779
0.412834
0.0881393
8.91223e-05
0.247948
0.00664929
0.0311405
0.0292184
0.497699
0.00460562
0.0137567
0.58207
0.255795
0.0204552
0.342457
0.314004
0.555329
0.330293
0.761701
0.332937
0.441424
0.291515
0.0564263
6.32723e-05
0.0213047
0.0279635
0.00352678
0.46624
0.0454278
0.410544
0.053953
0.190757
0.016546
0.0891765
0.000557994
0.483671
0.0158376
0.0118612
0.526933
0.445601
0.00191898
0.301545
0.0462444
0.531688
0.00455919
0.169244
0.373242
0.365669
0.0811007
0.317144
0.0870615
0.24423
0.251488
0.0220351
0.403124
0.0209582
0.0108758
0.0517106
0.317616
0.00190599
0.390782
0.00196787
3.06994e-05
0.000979201
0.183475
0.0355876
0.00123274
0.233024
0.121726
0.0502323
0.000318451
0.00220203
0.00266181
7.67498e-06
0.158626
0.0657399
0.0213921
0.0287433
0.372376
8.16934e-05
0.0519031
0.000751752
0.314276
0.0144356
0.0264339
0.40316
0.00904849
0.0346195
0.272195
0.00378935
0.0717031
0.0731746
0.699832
0.0324331
0.0728546
0.0271832
0.386718
0.052055
0.0212935
0.00109353
0.0461213
2.78677e-06
0.0926043
0.584221
0.00944349
0.156604
0.0929158
1.79908e-05
0.138177
0.160799
0.509593
0.763244
0.123206
0.089804
0.228842
0.0312517
0.0173404
0.67452
0.199561
0.282136
7.49629e-05
9.21516e-05
0.000199152
0.000208115
0.00179506
0.334001
0.00806962
0.56149
0.0140758
0.334895
0.000610782
0.525379
0.226189
0.0261541
0.000373316
0.00801702
0.454876
0.440315
0.11423
0.0492947
0.0475986
0.00497481
0.406592
0.774092
0.0596316
0.312184
0.0128394
0.449879
0.299756
0.00592503
0.0571642
0.00277715
5.25392e-05
0.00192418
0.378397
0.306391
0.364774
0.0020373
0.499019
0.0279355
0.349347
1.89846e-05
0.0250451
4.07817e-05
0.140188
0.39599
0.140592
0.0679185
0.571232
3.50342e-05
0.181352
0.281307
0.233964
0.0016773
0.00999868
0.478988
0.00243487
0.11642
0.0500969
0.279684
0.0885948
0.176638
0.408109
0.383879
0.0615428
0.708452
0.254739
0.0561449
0.751159
0.316606
0.0296724
0.0116187
0.166262
0.000239417
0.486843
0.00438941
0.00961333
0.532206
0.298916
0.398258
0.005324
0.794358
0.244015
0.016702
0.657945
0.313241
0.261128
0.380996
0.503357
0.205394
0.0234349
0.000172514
0.269657
0.0441673
0.292624
0.592615
0.040414
0.000295391
0.00460137
0.32854
0.0114718
0.478955
0.0413943
0.159129
0.0227287
0.169886
0.0180222
0.516219
0.325667
0.450402
0.00524703
0.0418602
0.287106
0.0169816
9.77133e-05
0.379711
0.276779
0.0124992
0.109567
0.23332
0.118763
0.00643852
0.0862507
0.187201
0.221168
0.016828
0.0182457
0.0179558
0.29677
0.530731
0.0308676
0.464502
0.109683
0.321544
1.86478e-07
0.25311
0.323422
0.30579
0.0624082
0.706738
0.466836
0.252437
0.00170216
0.165995
0.00130017
0.000402528
0.000387771
0.00218343
0.00313277
0.000357998
0.389774
0.112476
0.00352799
0.00126288
0.000668905
0.303911
0.293137
0.402552
0.00689826
0.00111939
0.765634
0.249491
0.613949
0.141493
0.434387
0.00383749
0.34253
0.0133742
0.31967
0.197449
0.00531854
0.107615
0.319447
0.00374759
0.0619187
0.406457
0.301262
0.0919819
0.214075
0.104087
0.393088
0.172056
0.00240619
0.000677821
0.405172
0.382884
0.734791
0.731342
0.0781117
0.534738
0.0931476
0.526537
0.5188
0.00227892
0.00393342
0.00730253
0.000271113
0.0129553
0.002971
0.396337
0.548793
0.53048
0.0484585
0.0464465
0.364576
0.167196
0.000387417
0.232253
0.0338809
0.240053
0.746579
0.664371
0.0417437
0.00565861
0.299947
0.00263751
0.0318563
0.213901
0.000331842
0.308983
0.0320498
0.589787
0.000145433
0.0111005
0.0186671
0.0886847
0.163446
0.000904864
0.379015
0.0294951
0.52294
0.00738012
0.00610947
0.300564
0.0466573
0.341597
0.000312379
0.122786
0.0405475
0.303812
0.00155069
0.000990566
0.51339
0.00787267
0.433121
0.0554609
0.00109495
0.320404
0.00642663
0.0298954
0.000977907
0.0473001
0.0902845
0.000570614
0.00246119
0.188586
7.58429e-06
0.100116
0.00434548
0.199295
0.530851
0.053414
0.314484
0.154377
0.0474636
0.00111
0.41764
0.212373
0.386986
0.00125847
0.0630381
0.0785216
0.22517
0.00154049
0.500437
0.305911
0.0152659
0.214277
0.0581135
0.0383559
0.00711106
0.306665
0.550194
0.220589
0.00716669
0.329456
0.337967
0.179982
0.00119998
0.106901
0.45501
6.37083e-06
0.298055
0.51322
0.0148386
0.00326469
0.0547645
0.174429
0.405465
0.442106
0.000411079
0.309209
0.00174435
0.207367
0.373396
0.0850524
0.0810812
0.000200419
0.000198829
0.579151
0.0227447
0.216111
0.182192
0.387053
0.000858055
0.464623
0.309902
0.543832
0.00208185
0.0089031
0.285221
0.0298078
0.286323
0.103053
0.475547
0.122032
0.0400208
0.50548
0.00728218
0.00626666
0.268678
0.295759
0.282387
0.00745669
0.0700479
0.00466863
0.0461282
0.0001006
0.156468
0.190161
0.00213458
0.049717
0.254107
0.145342
0.564553
0.359146
0.0239781
0.542444
0.0106962
0.615495
0.0412676
0.717135
0.715138
6.88041e-05
0.39926
0.113747
0.410366
0.0150079
0.00484198
0.0530346
0.218566
0.0602897
0.135151
0.359698
0.0012721
0.573275
0.0680054
0.256148
0.273008
0.158214
0.620018
0.0660356
0.358367
0.000217641
0.027994
0.000422323
0.00544631
0.0268506
0.73277
0.641478
0.0546909
0.00335658
0.30846
0.0487369
0.622265
0.02483
0.000106804
0.161492
0.00531629
0.596669
0.0397798
0.121439
0.0758495
0.0541703
0.104104
0.00037035
0.183003
0.0690013
0.513744
0.742623
0.120707
0.347575
0.30818
0.187063
0.266641
0.0601394
0.00383937
0.0105503
0.142242
0.183291
0.0767791
0.0908039
0.238177
0.251783
0.611395
0.119164
0.36161
0.00385124
0.248103
0.219819
0.605307
0.0501949
0.139607
0.44193
0.284761
3.4097e-05
0.419102
0.0509105
0.022552
0.000455818
0.673808
0.351235
0.0678378
0.135208
0.449736
0.044872
0.00931182
0.314576
0.623836
0.0308741
0.39237
0.0188277
0.641788
0.00292378
0.00409226
0.37419
0.156107
0.440089
0.0203586
0.463686
0.0010115
0.371766
0.40846
0.00544437
0.213193
0.317473
0.298437
0.135281
0.133985
0.217778
0.62303
0.0527956
0.274082
0.195665
0.0616892
2.80933e-07
8.08113e-05
0.0243626
0.166181
0.374363
0.26215
0.00943766
0.05969
0.278567
0.533765
0.092618
0.291391
2.77677e-06
0.0414342
3.97527e-05
0.0967228
0.000390503
0.0282253
0.332507
0.011113
0.561249
0.510811
0.299808
0.0419112
0.502841
0.0257847
0.24429
0.031148
0.0560923
0.000465659
0.119876
0.0718875
0.0167382
0.0148541
0.31305
0.00169819
0.000206259
0.475119
0.023776
0.00307655
0.000298783
0.165134
0.000378678
0.00106309
0.152631
0.00384667
0.545708
0.016011
0.209498
0.0268707
0.253938
0.506774
0.335242
0.0619848
4.0842e-05
0.15036
0.108853
0.0187841
2.70024e-06
0.428715
0.0126689
0.427817
0.107612
0.0367577
0.516747
0.238589
0.441196
0.53785
0.00143731
0.00943789
0.0839222
0.417943
7.56228e-05
0.0557706
0.342726
0.49598
0.457706
0.341474
0.0167866
0.362316
0.0337849
0.0851616
0.432281
0.0592237
4.64953e-06
0.0799373
0.591586
0.388193
0.108417
0.420747
0.163177
0.704002
0.171688
0.57754
0.0220422
0.0957036
0.104026
0.0632471
0.182357
0.00105876
0.0200256
0.00281239
0.00049375
0.46517
0.0468285
0.0868499
0.524542
0.0545939
0.156372
0.299562
6.25325e-05
0.549213
0.00433071
0.000109719
1.69475e-07
0.535142
0.424945
1.11826e-05
0.248769
0.274009
0.110827
0.23809
0.184334
4.2615e-06
0.00237154
0.464453
0.275572
0.0810629
0.0712396
0.00764873
0.598931
0.00747342
0.0296107
0.0648975
0.164736
0.292988
0.557128
0.222985
0.468205
0.188278
0.15797
0.492447
0.317125
0.591575
0.08831
0.00192882
0.0396513
0.0570041
0.788378
0.000581324
0.267698
0.0262668
0.197236
0.000623878
0.191513
0.0208758
0.231873
0.0980346
0.0534329
0.000502627
0.310643
0.139304
0.000975564
0.00602718
0.143142
0.0363642
0.238545
0.421094
0.00443833
0.000111895
0.00041174
0.561638
0.0267562
0.218115
0.363207
0.0160087
0.318252
0.0207446
0.553914
0.121157
0.00338595
0.541859
6.49394e-05
0.0573731
0.000331641
0.00797994
0.39992
0.140876
0.00204015
0.519384
0.347412
0.272149
0.435468
0.0205896
0.523679
0.296787
0.00321912
0.636203
0.0288524
0.661322
0.370194
0.389358
0.231887
0.143387
0.0107944
0.0153212
0.247778
0.587006
0.298611
0.19622
0.18752
0.339069
0.0353808
0.323211
0.00202144
0.00371387
0.347179
0.00951613
0.226251
0.0586501
0.0885273
0.137211
0.488641
0.28694
0.000121863
0.695272
0.0133636
0.655008
0.709062
0.673729
0.483142
0.142839
0.474598
0.011652
0.485364
0.134365
0.0667314
0.00107718
0.000166859
0.357572
0.103756
0.0203648
0.198165
0.628664
0.00998227
0.5317
0.013848
0.000284605
0.00567312
0.478746
0.00497329
0.0968696
0.188222
0.226172
0.0265721
0.246916
0.392905
6.32879e-07
0.00616874
0.53549
0.351826
0.270702
0.117494
0.000656414
0.0027063
0.168726
0.440508
0.430268
0.425262
0.36939
0.00962133
0.149521
5.73842e-05
0.00652291
0.0795035
0.426474
0.0108236
0.461913
0.17443
0.351618
0.139551
0.0292272
0.00845927
0.407993
0.0491367
0.141371
0.00709787
0.000855219
0.0256317
0.0136243
0.0587618
0.0596072
0.0844135
0.299716
0.0115842
0.442032
0.327359
0.587694
0.000160085
0.617931
0.00782384
0.00685409
0.683578
0.00260521
0.0616274
0.620046
0.102251
0.111348
0.358747
0.000717084
0.323026
0.004179
0.00591407
0.385237
0.00379828
0.446926
0.510946
0.536772
0.327331
0.298563
0.272261
0.00491367
0.57804
0.0198888
0.000329725
0.294893
0.0168249
0.146532
0.501363
0.00176537
0.13363
0.0149713
0.261791
0.00727069
0.0659969
0.00184877
0.025317
0.310865
0.720567
0.00189972
0.173174
0.0430074
0.448792
0.0428131
1.05821e-05
0.530861
0.00244777
0.0119924
0.137862
0.00409651
0.103229
0.0989559
0.105007
0.00121423
0.228383
0.37641
0.00770678
0.0359799
0.387242
0.274365
0.00523389
0.000463678
9.20793e-06
0.417694
0.761155
0.202183
0.0101566
0.352484
0.169197
4.1428e-05
0.437592
0.0580233
0.234026
0.0559121
0.000146105
3.1314e-07
0.165774
0.539117
0.00237007
0.00011755
0.244881
0.0985046
0.357018
0.0634244
0.335757
0.158262
0.0126494
0.297504
0.114869
0.0067482
0.000343847
0.773905
0.189001
0.269037
0.201072
0.0148814
0.000697821
0.395754
0.0248498
0.555343
0.292275
0.523831
0.00355764
0.13542
0.375856
0.436049
0.623003
0.060229
0.00418899
0.366111
0.574306
0.000980847
0.015614
0.00122597
0.515672
0.0756772
0.0495737
0.503174
0.576684
0.594719
0.154053
0.1646
0.252075
0.0504658
0.377438
0.436139
0.429664
0.0062214
0.000936527
0.405875
0.183864
0.162878
0.252981
0.0570154
0.180248
0.2987
0.0357536
0.0107782
0.153079
0.308338
0.220297
0.17594
0.0113087
0.168068
0.304495
0.342951
0.0040398
0.298666
0.177677
0.0504464
0.00687065
0.507404
0.440984
0.709301
0.0581544
0.00227924
0.162489
0.0341578
0.336266
0.42643
0.00933515
0.162185
0.00166576
0.473462
0.298556
0.270459
0.313478
0.0544933
0.0916605
0.00218233
0.454913
0.469383
0.380138
0.0211507
0.273518
0.000167706
0.0698736
0.405211
0.0475809
0.27352
0.174222
0.000141985
0.000631815
0.0887459
0.303253
0.376947
0.0121854
0.154919
0.228878
0.284672
0.472474
0.000219879
0.391504
0.347713
0.373911
0.0410911
0.126611
0.186892
0.147861
0.0200394
0.0252337
0.146987
0.28732
0.471753
0.00329475
0.711074
0.0479719
0.204385
0.0639252
0.388642
0.165525
0.783065
0.332215
0.260958
0.0343768
0.0485509
0.154225
0.331659
0.238146
0.489848
3.50519e-06
0.122806
0.154553
0.328181
0.00782839
0.709695
0.245132
0.0399885
0.165839
0.00360042
0.71358
0.603994
0.0188672
0.00227039
0.0773785
0.230145
0.0964342
0.272863
0.0373205
0.0228079
0.640894
0.0147423
0.509377
0.178061
0.0282741
0.455029
0.605445
0.319109
0.00420557
0.0011237
0.0801893
0.497768
0.00334765
0.587019
0.00391199
0.585566
0.251169
0.01794
0.182301
0.351904
0.000866637
0.569793
0.44174
0.398863
0.300926
0.746185
0.593668
0.0111284
0.0552644
0.316086
0.258552
1.20597e-06
0.801762
2.0145e-05
0.209601
0.273575
0.0793982
0.49199
0.135211
0.773201
0.455989
0.26581
0.24804
0.0445255
0.194613
0.00392875
0.141899
0.143798
0.281443
0.0844886
0.39535
0.0100193
0.0584003
0.408312
0.384707
0.0176966
0.058711
0.0694532
0.358147
8.1224e-05
0.334826
0.194546
0.419024
0.684993
0.253911
0.0513182
0.11054
0.144121
0.171686
0.318004
0.181326
0.0115252
0.00021815
0.00361372
0.160394
0.0105247
0.166698
0.0129637
0.483672
0.0436305
0.000132351
0.175511
0.0775374
0.210478
0.053226
0.0989658
0.280889
0.14473
0.215184
0.00271064
0.00769317
0.612875
0.244394
0.49098
0.412713
0.537004
0.0327511
0.0338902
0.141833
0.506088
0.301377
0.131796
0.0685471
0.0136944
0.103226
0.535075
0.385614
0.0138646
0.0125059
0.114435
8.46819e-05
0.000366793
0.51427
0.115095
0.176822
0.133401
0.0691815
1.41684e-05
0.47738
0.347997
0.34269
0.00683419
0.0719321
0.422186
0.0718568
0.0041442
0.00629367
0.00285915
0.198363
0.0773851
0.0771988
0.683439
0.0287366
0.638935
0.103482
0.00485896
0.003073
0.482687
0.0211484
0.118033
0.220009
0.343204
0.153682
0.00104264
0.0625352
0.204178
0.139363
0.00177518
0.355424
0.306696
0.38983
0.788389
0.392784
0.495966
0.333985
0.17007
0.203607
0.0942018
0.149076
0.0537764
0.376094
0.365344
0.695955
0.0166816
0.289525
0.726506
0.123458
0.0142977
0.00522829
0.0435418
0.00282098
0.365174
0.419019
0.095229
0.232396
0.240409
0.000801037
0.59943
0.0629697
0.170984
0.0374733
0.516034
0.468027
0.0346276
2.07903e-05
0.217944
0.13456
0.186623
0.0185449
0.215758
0.155265
0.30116
0.241862
0.00712505
0.0758419
0.812425
0.213259
0.281322
0.123132
0.0592145
0.251119
0.124429
0.386069
0.330736
0.400107
0.0247852
0.703616
0.0281392
0.00304588
0.550266
0.0335389
0.041349
0.287892
0.630673
0.0442864
0.172775
0.0252721
9.2743e-05
0.0399999
0.355262
0.15144
0.0214163
0.112117
0.312552
0.0838323
0.241376
6.57665e-05
0.00620601
0.0619273
0.237707
0.675187
0.521737
0.313681
0.012505
0.331764
0.578867
0.000260205
0.066882
0.415232
0.00135121
0.321465
0.0365979
0.118372
0.0119277
0.679149
0.0390471
0.59988
0.409003
0.140689
0.0184103
4.36446e-06
0.472211
0.0402384
0.000235569
0.727734
0.242364
1.76781e-06
0.686841
0.0210731
0.0229252
0.00560678
0.0267305
0.323814
0.00874983
0.462824
0.380478
0.345987
0.00739073
0.000128939
0.621729
0.318883
0.0299295
0.00688887
0.224929
0.00833552
0.238828
0.0246435
0.253886
0.0143991
0.0235136
0.420281
0.502206
0.0890106
0.00210581
0.476012
1.32487e-05
0.246413
0.643275
0.525539
0.0952084
0.431569
0.0919365
0.0045351
0.19977
0.469191
0.012251
0.0153797
0.540628
0.0358947
0.388483
0.000647024
0.0210098
0.275535
0.462112
0.346496
0.000108635
0.188897
0.603597
0.0075088
0.0804441
0.00190359
0.471615
0.00118491
0.000716137
0.358251
0.262115
0.00732975
0.763323
0.0104068
0.000261149
0.142373
0.192335
0.00364835
0.157769
0.536705
0.191018
1.55127e-05
0.424012
0.000429467
0.124189
0.0148027
0.000261601
0.0400319
0.279352
0.00246713
0.00128318
0.211288
0.306891
0.220939
0.237778
0.115973
2.83997e-05
0.0145259
0.0113691
0.776603
0.00451897
0.391992
0.00912309
0.00800946
0.0133467
0.000499509
0.00113319
0.493043
0.225361
0.00457348
0.45736
0.0017223
0.0282069
0.376235
0.00313697
0.372246
0.243486
0.0618316
6.53132e-05
0.566214
0.0335557
0.0321365
0.485207
0.00230072
0.00557995
0.655439
0.0609324
0.00437362
0.227412
0.493696
0.207109
0.333663
0.325529
0.404133
0.233027
0.54756
0.349145
0.197422
0.0128702
0.0628787
0.0116976
0.559532
0.0667427
0.00186168
0.0574747
0.583582
0.256846
0.00707837
0.459427
0.40004
0.278852
0.515923
0.318095
0.125649
0.10339
0.027135
0.761831
0.0705932
9.55102e-05
0.343392
0.386993
0.377548
0.266202
0.473967
0.000365883
0.32452
0.000238057
0.283509
0.0683621
0.0590495
0.0366843
0.00620759
0.00661581
0.000962685
0.00815653
0.78492
0.030074
0.449206
0.473141
0.630055
0.717642
0.41195
0.264915
0.397914
0.607496
0.370982
0.413174
0.0027411
0.251813
0.147517
0.0239701
4.18906e-05
0.440953
0.0050227
0.421024
0.164038
0.305235
0.486896
0.270579
0.0642225
0.196781
6.7634e-06
0.0111953
0.000270881
0.354691
0.615354
0.465593
0.125303
0.11778
0.000529651
0.00153055
0.424512
0.0662589
0.427515
0.0172223
0.0325886
0.0591594
0.0653528
0.117479
0.512085
0.0136874
0.454866
0.508212
0.0692133
0.0353629
0.000184028
0.0295873
0.0488133
0.0222355
0.77829
0.375288
0.570256
0.281427
0.569569
0.61582
0.0641505
2.20771e-05
0.00744073
0.598509
0.2379
0.161294
0.39763
0.458169
0.348974
0.0186926
0.36281
0.139394
0.0495196
0.350617
0.520212
0.35497
9.76423e-05
0.0215545
0.0657259
0.0118864
0.184495
0.212024
0.43601
0.0803176
0.208861
0.335844
0.0384738
0.0180668
0.188957
0.0244189
0.0680912
0.251028
0.0374749
0.529448
0.144305
0.212381
0.179849
0.110467
0.216845
0.0917878
0.00166259
0.0117393
0.455983
0.114402
0.239068
0.145887
0.000154572
0.0604367
0.509807
0.120504
0.312947
0.0125566
0.237579
0.16088
0.00946959
0.0196593
0.320942
0.0107181
0.00200031
0.47802
0.163079
0.0729342
0.452894
0.0695396
0.288837
0.0104054
0.176032
0.426981
0.505649
0.0188655
0.00191037
0.468789
0.0303052
0.348174
0.11741
0.455295
0.0373394
0.0872757
0.192248
0.0206665
0.0280785
0.628936
0.164468
0.0954642
0.495781
0.413665
0.119811
0.296518
4.13437e-05
0.257313
0.536135
0.633261
0.0714606
0.489238
0.154035
0.384503
0.195301
0.00523372
0.00244924
0.215419
0.248772
0.169473
3.64031e-05
0.000359144
0.0791372
0.0122771
0.32275
0.0488346
0.307752
0.00174431
0.525161
0.00159356
0.032933
0.141556
0.157555
0.0311406
0.00382621
0.0552414
0.0762908
0.421392
0.0805686
0.145204
0.00101128
0.00480099
0.000168802
0.542343
0.533052
0.112469
0.0816872
0.15531
0.308385
0.0212092
0.229224
0.00300532
0.0814797
0.248551
0.00349569
0.102902
0.410879
0.0133437
0.198912
0.0155861
0.0962376
3.02318e-05
0.00465768
0.562578
0.00890821
0.0156663
0.109808
0.349173
0.615139
0.0159088
0.0879084
0.607068
0.0982349
0.478622
0.0240525
0.000315362
0.146493
0.00525367
0.0170781
0.31455
0.427185
1.03018e-06
0.51971
0.263273
0.0896358
0.00877652
2.71856e-05
0.332388
0.0120375
0.521833
0.387414
0.0256239
0.0161473
0.000695581
0.00864005
0.25904
0.411475
0.217396
0.00814467
0.0141227
0.00136329
0.0680743
0.0275601
0.389397
0.00871257
0.030965
0.424354
6.22314e-05
0.00533642
0.00908968
0.297677
0.166403
0.494865
0.375446
0.0012751
0.232335
0.577351
0.286548
0.125336
0.00179926
0.0069839
7.57169e-05
0.00128234
9.80858e-05
0.469356
0.459061
1.72028e-06
0.0509195
0.017083
0.00125097
0.00184519
0.0973484
0.429403
0.314601
0.546588
0.296924
0.312729
0.0868832
0.26003
0.229408
0.511513
0.107231
0.253974
1.54325e-06
0.752054
0.0200365
0.37063
0.124497
0.0345007
0.509357
0.346511
0.259943
0.0397091
0.0484441
0.00505106
0.336488
0.00439168
0.000879989
0.67125
0.000505574
0.317759
0.389212
0.0838376
0.286388
0.631382
0.0191159
0.495139
0.0249975
3.91679e-06
0.154201
0.375936
0.0620848
0.0027937
0.0472275
0.59884
0.564268
0.571721
0.000295923
0.00046078
0.519289
0.524027
0.19295
0.052923
0.27086
0.320022
0.310546
0.165515
0.686947
0.0306347
0.113276
0.666604
0.257678
0.0273854
0.473193
0.0318247
0.231424
0.0285425
0.00338405
0.0594192
0.076751
0.171305
0.393622
0.401699
0.0555893
0.258662
0.566759
0.00157027
0.00106389
0.0450242
0.00220989
0.0198994
0.619237
0.284957
0.328715
0.489763
0.00415432
0.0266828
0.219863
0.566171
0.285455
0.106983
0.00572051
0.2498
0.14529
0.318703
0.258964
0.0296102
0.284617
0.194329
0.0754208
0.471782
0.557687
0.299574
0.0132503
0.359392
0.0183754
0.0029471
0.203787
0.627147
0.01452
0.224557
0.00664112
0.00138088
0.159247
0.0986692
0.0044463
0.474169
0.464071
0.471945
0.739635
0.193692
0.0258172
0.035825
0.0263641
0.00353436
0.496866
0.00305858
0.622564
0.000250716
0.00126024
0.121537
0.0675913
5.40768e-05
0.491731
5.59243e-05
0.000325655
0.0459449
0.431875
1.10796e-06
0.48641
0.00261583
0.0501161
6.40688e-05
0.456234
0.166754
0.292533
0.417075
0.163805
0.364891
0.0712891
0.00363039
0.38965
0.0883782
0.17929
0.314603
0.057446
0.507235
0.407713
0.0100916
0.223401
0.0316909
0.184745
0.100768
0.0592783
9.75572e-06
0.358675
0.0096397
0.000230942
0.312913
0.0830621
0.0290771
0.00441283
0.00463987
0.442029
0.143431
0.194168
0.402212
0.193242
0.00158608
0.00270175
0.0184503
0.347285
0.276988
0.135697
0.0661459
0.0024934
0.00043936
0.00341004
0.00154939
0.151433
0.0824327
0.00199413
0.0279284
0.458169
0.00469551
0.212941
0.032667
0.212099
0.299608
0.604956
0.00759399
0.0133235
0.0170938
0.0823737
4.82637e-06
0.000274827
0.00596908
0.112424
0.602167
0.00268005
0.350451
0.00387417
0.110301
0.0481277
0.0134335
0.244678
0.02635
0.0401071
0.0154855
0.433717
0.00326797
0.00329576
0.0137767
0.268128
0.215995
0.00106858
0.0799217
2.14503e-05
0.498615
0.0482814
0.146481
0.458264
0.0281421
0.0564722
0.019278
0.465119
0.182052
0.0668221
0.0124284
0.122938
0.337692
0.090452
0.0166662
0.472957
0.438009
0.0991403
0.00747932
0.453956
0.537137
0.444739
0.00881006
0.00710285
0.625286
0.534357
0.192791
0.649642
2.92004e-05
0.282423
0.46942
0.000593565
0.419662
0.0647553
0.394286
0.0899046
0.273213
0.0111416
2.89303e-07
0.0591989
0.142498
0.245803
0.618762
0.00408584
0.566872
0.350227
0.0280579
0.684784
0.322351
0.297396
0.0179577
0.568934
0.157061
0.300454
0.209863
6.48259e-06
0.30479
0.0724945
0.223981
0.00200438
0.177797
0.246424
0.270022
0.0360358
0.000366857
1.74372e-06
0.0120495
0.282215
0.106353
0.0026824
0.332181
7.67408e-07
9.00898e-05
0.00107304
0.00878927
0.0365534
0.34363
0.396197
0.0921898
0.000400116
0.00410484
0.0807171
0.00772004
0.220129
0.0021907
0.0909687
0.0772532
0.0386824
0.00846203
2.42877e-06
0.0277557
0.206494
0.00767747
0.746472
0.151533
0.097943
0.233873
0.302342
0.00117396
0.375057
0.376901
0.0539657
0.0556812
0.026158
0.038066
0.00455018
0.0187736
0.335996
0.151205
0.0347947
0.124258
0.0563321
0.349169
0.248027
0.439393
0.191425
0.00466107
0.0138422
0.406067
0.0021922
0.354257
0.0038053
0.156819
0.531873
0.375359
0.474915
0.515014
0.0227904
0.00422591
0.848794
0.000520338
0.0611219
0.0601775
0.00012601
0.0170994
0.216171
0.483661
0.0111263
0.0140272
0.000146166
0.0149758
0.31024
0.446827
0.00930087
0.424979
0.00010781
0.04547
0.413737
0.00897183
0.00854984
0.480243
0.339123
0.000537787
0.0307507
0.000104829
0.0385532
0.568394
0.22042
0.518166
0.0472552
3.57519e-06
0.695602
0.676323
0.195076
0.0937505
0.478178
0.706027
0.765781
0.00363707
0.0125587
0.0172854
0.107577
0.104418
0.0798138
0.339603
0.00836791
0.0321466
0.0155707
0.176287
0.671168
0.00867881
0.000340139
0.00614599
0.41839
0.0150736
0.234235
0.0735353
0.313244
0.0180044
0.0465774
9.23818e-06
0.660467
0.471167
0.268582
0.0179613
0.161694
0.106988
0.0223756
0.00697776
0.254758
0.0236037
0.000696552
0.305626
0.0207301
0.223563
0.424579
0.0279811
0.149023
0.276681
0.00381897
0.00387826
0.0406247
0.0163799
0.170696
0.870948
0.205534
0.608856
0.217363
0.0583118
0.0541381
0.0427192
0.0182997
0.169214
0.0162615
0.309491
0.325359
0.293275
0.0735463
0.307826
0.0955275
0.0224936
0.0498083
0.298173
0.362492
0.000793565
0.190511
0.0224075
0.436053
0.030227
0.0033594
0.0139523
0.0227835
0.0371041
0.0233916
0.170485
0.465342
0.375917
0.0151288
0.210387
0.259687
0.0726139
0.209841
0.000146884
0.222311
0.109829
0.552837
0.178407
0.00679462
0.00119007
0.196891
0.295396
0.0609117
0.141868
0.014437
0.291031
0.379642
0.0555718
0.0842893
0.0894862
0.586472
0.0267862
0.399048
0.0133254
0.0258197
0.00301905
0.363551
0.000882054
6.13002e-05
0.429859
0.0728041
0.522764
0.216679
0.48144
0.000204179
0.00257253
0.331169
0.0834628
0.0945308
0.00648837
0.00852772
0.0715199
0.718562
0.393417
0.02767
0.311301
0.0103411
1.64874e-06
0.00284006
0.194897
0.000861323
0.00298873
0.0259744
0.354752
0.000104685
0.219387
3.19483e-05
0.000554408
0.287459
0.00452244
0.00174294
0.119218
0.401142
0.00793191
0.0594322
0.695813
0.00870124
0.420877
0.00108541
0.521833
0.0413786
0.000854231
0.00584084
0.810062
0.0756986
0.411231
0.153283
0.116889
0.160562
0.384653
0.00914733
0.102488
0.468148
0.0033732
0.0199238
0.306692
0.182908
1.35755e-06
0.00168713
0.000467973
0.297158
0.153473
0.136769
0.0426283
0.694787
0.000568224
0.0323622
0.15108
0.037988
0.768165
0.62604
0.293394
0.00500075
0.662353
0.00144876
0.192894
0.0962641
0.042924
0.149946
0.0544244
0.148548
0.0028008
0.0764056
0.00677268
0.142737
0.000861215
0.799065
0.282529
0.00739556
0.542133
0.161611
0.0109215
0.00462539
0.149156
0.0125098
0.406969
0.0106202
0.254143
0.715525
0.628475
0.000310016
0.477991
0.00247876
0.00305784
0.584847
0.182086
0.259007
0.118146
0.000130355
0.0058834
0.616455
0.296084
0.0101799
0.0194611
0.00304365
0.709753
0.142946
0.0495217
0.298172
0.0174609
0.457803
0.730898
0.000783658
0.00626596
0.284531
0.333082
0.0231855
0.054777
0.714398
0.397835
0.0207177
0.268883
0.0393038
0.584978
0.000299245
0.156412
0.000161162
0.000681881
0.562471
0.46719
0.236846
0.22596
0.37278
0.00104613
0.345715
0.00228067
0.112175
0.0842342
0.011519
0.120207
0.0376727
0.000319467
0.0381878
0.142717
0.061011
0.0834281
0.499535
0.0800052
0.00507817
0.0435178
0.338956
0.00666879
0.0112323
0.00108552
0.0237539
0.376895
0.000300788
0.0105821
0.45753
0.161324
0.000164704
0.710343
0.0161008
0.296521
0.122453
0.000225771
0.170629
0.0261058
0.320483
0.689939
0.334064
0.139597
0.0277403
0.4471
0.170065
0.444828
0.0128118
0.605435
0.00285911
0.0482758
0.00748655
0.0289524
0.000709251
0.561567
0.195042
0.0891152
0.000267917
0.010219
0.00247452
0.0528997
0.00868384
0.431625
1.61086e-07
0.185012
0.184155
0.306124
0.0169719
0.424791
0.201759
0.0243364
0.15847
0.240734
0.000118667
0.407111
0.00218942
0.000749921
0.00025499
7.6252e-06
0.312466
0.322394
0.266831
0.266371
0.0791188
0.215566
0.00255561
0.379346
0.213307
0.000915998
0.612156
0.0253258
0.103668
0.378024
0.385646
0.00898064
0.470699
0.433489
0.000443047
0.615819
0.472395
0.466325
0.42415
0.0880361
0.553223
0.126483
0.0355094
0.0426604
0.048312
0.461771
0.00527587
0.146567
0.0522532
0.0113356
0.00345772
0.549573
0.475398
0.00127945
0.379365
0.584267
0.495452
0.504918
0.000193467
0.37424
0.00270459
0.00019202
0.5581
0.543944
0.0574895
0.385433
0.112355
0.0112782
0.0747177
0.00192501
0.0325379
0.00319609
7.11584e-05
0.0314417
0.297259
0.323349
0.517379
0.102795
0.403587
0.00159061
0.421099
0.31943
0.536896
0.305417
0.163114
0.207691
0.335822
0.0741618
0.000654074
0.0122021
0.40179
0.350917
0.00810543
0.0101606
0.246892
0.00777212
0.355538
1.68214e-05
0.0641403
0.588181
0.131474
0.0178754
0.603822
0.360922
0.456844
0.0237899
0.0492979
0.0631412
0.106305
0.048089
0.0353625
0.00424135
0.100738
0.0234861
0.025412
0.0624735
1.97973e-08
0.306561
0.00875105
0.000687383
0.0544623
0.029758
0.273793
0.00857052
0.0225133
0.000412107
0.000950901
0.194571
0.404891
0.0210964
0.67788
0.402427
0.0265383
0.314898
0.040362
0.0189685
0.00954574
0.0290056
0.382509
0.164824
0.259544
0.00279134
0.21537
0.00322702
0.614467
0.000317844
0.547378
0.0159325
0.0247045
0.138034
0.255757
0.556287
0.0224824
0.418485
0.358485
0.436889
0.00293619
0.023544
0.00712967
0.447155
0.190624
0.00964677
0.00020705
0.0104975
0.77018
0.676908
0.00392973
0.113341
0.481953
0.0381085
0.077035
0.347037
0.174509
0.00120251
0.53318
0.412037
0.0385845
0.000116139
0.00747046
0.283953
0.0266571
0.0285314
0.572088
0.14596
1.84914e-07
0.00863833
0.0147741
0.318367
0.0336228
0.104031
0.522949
0.0127652
0.0196577
0.223468
0.000213393
0.545115
0.355745
0.286206
0.170586
0.23588
0.000125663
0.120959
0.800005
0.388869
0.109964
0.000124231
0.042467
0.0625872
0.0293394
0.252849
0.674071
0.00280773
0.127267
0.00653369
0.0126834
0.524628
0.630795
0.110157
2.0795e-06
0.24793
0.258183
0.00269277
0.0677493
0.2944
0.145938
0.0390506
0.651727
0.096191
0.551885
0.117966
0.00302768
0.154193
0.00101996
0.0295751
0.00540704
0.0151442
0.011268
5.04479e-06
0.199541
0.657179
0.00255482
0.105449
0.454438
0.325705
0.0637209
0.0533489
0.426492
0.4423
0.328917
0.0519517
0.401631
0.342298
0.412928
0.365055
0.000811733
0.295452
0.00306187
0.00944308
0.0054959
0.455082
0.472658
0.0374436
0.0197564
0.103545
0.201833
0.0942209
0.16176
0.151332
0.254522
0.331792
0.0924991
0.00279151
0.0841858
0.311079
8.44859e-10
0.00094783
0.000324845
0.632386
0.066654
0.0264178
0.343268
3.27852e-05
0.000101713
0.000204545
0.153353
0.453325
0.227124
0.000795838
0.000195131
0.0290181
0.423298
1.27706e-05
0.000737089
0.00150742
0.0731662
0.08201
0.215629
0.622506
0.229336
0.431941
0.0387586
0.194836
0.283329
0.0419267
0.289521
0.657637
0.141182
0.00647391
0.0254286
0.00547617
0.000753761
0.0378486
0.0512236
0.543379
0.282444
0.183683
0.116559
0.00456151
0.0115316
0.00203878
0.557697
0.0661033
0.224063
0.533243
0.609962
0.760038
0.422351
0.026415
0.00152568
0.716319
0.140024
0.0632744
0.0908789
0.144404
0.000138886
0.00274462
0.0858369
2.0944e-05
0.0239124
1.08028e-05
0.564891
0.00199044
0.412454
0.165849
0.378754
0.0164251
0.290011
0.0275038
0.313401
0.212261
0.729686
0.202493
0.000668029
0.218295
0.00179438
0.383639
0.00134326
0.151902
0.194717
3.16184e-05
0.60027
0.000479783
0.00697267
0.0511942
0.118194
0.154373
0.0820024
0.0491093
0.156634
0.00110529
0.0244307
4.17787e-08
0.177895
0.132722
0.0789084
0.301452
0.327233
0.0292541
0.188238
0.155341
0.0053373
0.0214002
0.375824
0.225632
0.143038
0.63831
0.0860409
0.00115706
0.403793
0.246921
0.0274228
0.420233
0.304214
0.348614
0.000664129
0.00376363
0.521539
0.0027638
0.521217
0.590629
0.467834
0.251038
0.0103135
0.0929948
0.0810251
0.00100402
0.000109969
0.0224394
0.415345
0.17229
0.652884
0.0081542
5.7592e-06
0.535459
0.321104
0.229418
0.676855
0.133908
1.6528e-05
0.0254247
0.512463
0.000392197
0.520677
0.000102262
0.533654
0.554624
0.0928176
0.0456155
0.623124
0.232642
0.107563
0.0127183
0.0161903
0.223575
0.00904363
0.00152395
0.333072
0.0057868
0.042965
0.0215182
0.478125
0.211578
0.558529
0.420795
0.136618
0.365908
0.205009
0.557296
0.0507149
0.504468
0.276408
0.314221
0.0218022
0.01201
0.000306011
0.262497
0.234806
0.3294
0.125847
0.216064
0.036448
0.559396
0.336004
0.00674244
0.114216
0.0853871
0.45378
0.68301
0.176525
0.468255
0.239047
0.00780094
0.206819
0.19437
0.442002
0.406439
0.305963
0.006484
0.0732224
0.00956591
0.000583974
0.45989
0.00118018
0.208678
0.0832842
0.166894
0.57724
0.302557
0.118973
0.0153213
0.000379211
0.0119088
1.38434e-05
0.377099
0.00659758
0.41314
0.39054
0.00079699
0.0120038
0.0714513
0.34329
0.004114
0.20725
1.0204e-05
0.0533314
0.770314
0.123335
0.507535
0.240089
0.0104183
0.773787
0.161059
0.174017
0.141867
0.00569343
0.000854603
0.000484784
0.0250155
0.292068
0.0315851
0.145663
0.374427
0.231744
0.287984
0.193809
0.454875
0.274065
0.000598741
0.424673
0.256247
0.0604784
0.000126022
0.0817775
0.0823155
0.00462607
4.81345e-05
0.433669
0.190878
0.000200121
0.00217007
0.398103
0.113234
0.0136083
0.670746
0.162682
0.294341
0.658624
1.07903e-05
0.00830696
0.272726
0.00098862
0.419997
0.139934
0.00839815
0.195648
0.0518662
0.0712245
0.541439
0.0604504
0.68377
0.018685
0.191813
0.163255
0.000893034
0.0135781
5.65362e-05
0.000134679
0.125799
0.414981
0.13614
0.404526
0.120741
0.264639
0.270689
0.581159
0.623331
0.112753
0.406328
0.600503
0.00198076
0.188198
0.334796
0.000422064
0.274436
0.00106507
0.664606
0.516757
0.0361714
0.0428713
0.156817
0.602697
0.199939
0.000755218
0.412315
0.139219
0.465812
0.476775
0.0705981
0.205651
0.471172
0.410094
0.00102805
0.0427594
0.225967
0.761969
0.684531
0.0067908
0.0151687
0.256674
0.00804821
0.14343
0.380615
0.351086
0.241951
0.136366
0.406958
0.299691
0.180909
0.390498
0.018976
0.000867104
0.274125
0.011677
0.123036
0.0968325
0.00627534
0.014646
0.157183
0.00265148
0.000361116
0.0540647
0.236561
0.0599222
0.000505944
0.000361271
0.0262688
0.134285
0.214596
0.129946
0.00124139
0.68074
0.29908
0.61084
0.0962458
0.276445
0.271459
7.57222e-06
0.00868114
0.00440723
0.276079
0.59075
0.334724
0.445769
0.449296
0.0469312
0.00427591
0.261233
0.000132787
1.68681e-05
0.0745146
0.333118
7.36508e-05
0.605354
0.0591956
0.190114
0.232709
0.0367418
0.00155606
0.000510399
0.0607594
0.338984
4.57305e-06
0.505281
0.0517254
0.202697
0.17454
0.31125
0.705959
0.0105133
3.31277e-05
0.5788
0.262805
0.319896
0.00463523
0.191989
0.00245296
0.211335
0.341798
0.493238
0.00851057
0.36735
5.45161e-05
0.00408198
0.0501656
0.552579
0.0209387
0.250723
0.295633
0.277929
0.00500627
0.499474
0.0550909
0.0817297
0.00657086
0.44043
0.105332
0.000151962
0.0130009
0.0449131
0.300445
0.301737
0.00546407
4.12667e-05
0.0375647
0.0983317
0.00294938
0.0727929
0.00105948
0.0354024
0.0553105
0.0663032
0.394593
0.226367
0.0526338
0.491178
0.481413
0.298425
0.0148353
0.436051
0.138126
0.556295
0.00703608
0.319208
5.93344e-06
0.603532
0.0986352
0.00847587
0.00918533
0.0328814
0.123552
0.00440675
0.0597273
0.383136
0.0571614
0.626428
0.336006
0.0656341
0.0556095
0.509878
0.0105615
0.502758
0.00907557
0.436715
0.422064
0.1175
0.379208
0.0599404
0.67523
0.00313527
0.00338226
0.128747
0.244412
0.0199376
0.14948
7.53972e-05
0.18486
0.00191973
0.0102894
0.333898
0.0490887
0.62644
0.00115493
0.00425319
0.211324
0.055384
0.214441
0.120455
0.146435
0.333098
0.0322703
0.338352
0.266572
0.26765
0.672817
0.264366
0.332733
0.217874
0.0169926
0.00340902
0.777965
0.0752669
0.386608
0.387622
0.368394
0.223253
0.444304
0.600599
0.164963
0.00562972
0.008718
0.0913221
0.0443894
0.289893
0.297665
0.268062
0.553874
0.00351433
0.00482272
0.596529
0.0720758
0.135141
0.0016093
0.138669
0.00125741
0.0148993
0.240676
0.0611811
0.00742158
0.187877
0.171618
0.0591996
0.00196124
0.0836869
0.434178
0.171219
0.000311485
0.328313
0.251962
0.0276941
0.00331239
0.16027
0.296543
0.754696
0.000615287
0.23747
0.0520037
0.000195151
0.496852
0.0288151
0.514478
0.215353
0.0565726
0.0318376
0.651445
0.000606115
0.31002
0.56973
0.316433
0.0611204
0.071162
0.238228
0.0659069
0.431087
0.490826
0.36553
0.162241
0.156037
0.321257
0.672307
0.368375
0.579139
0.11264
0.428484
0.284644
0.612698
0.117566
0.576679
0.155158
0.000271156
0.00436828
0.477828
0.287971
0.0578649
0.769847
0.0231515
0.368409
0.105415
0.182252
0.0194176
0.0255072
0.367084
0.332176
0.179376
0.243056
0.00421143
0.344908
0.0231349
0.1486
0.00465307
0.244726
0.0442596
0.50809
0.830387
0.0230006
0.331888
0.02902
7.29902e-05
0.108822
0.428116
0.161264
0.00274182
0.17648
0.685091
0.275707
0.327364
0.0888207
5.25248e-05
0.0245175
0.0132853
0.309397
0.566975
0.419557
0.0802474
5.20115e-05
0.436132
0.0459871
0.00432602
0.0402591
0.0211507
0.00532757
0.0472322
0.121446
0.000483882
0.0500312
0.000604883
0.226938
4.71029e-06
0.39786
0.805317
0.0977174
0.067044
1.45269e-05
0.000298293
0.0304976
0.625792
0.575279
0.000838301
0.0239092
0.112726
0.186823
0.389801
0.394829
0.614107
0.000253542
0.0695938
0.0992175
0.0120064
0.279097
0.347638
0.451926
0.00926364
0.332819
0.568892
1.28622e-05
0.00775014
0.0867495
0.215144
0.041815
0.0797144
0.697875
0.298842
0.0409792
0.0235318
0.00810851
0.66623
0.0564532
0.306752
0.0486535
0.0366263
0.277111
2.97798e-06
0.0588599
0.422456
0.26307
0.389661
0.00176185
0.245586
0.0280629
0.186015
0.407633
0.000282873
0.6251
0.0354418
0.0786125
0.320834
0.269024
0.13101
0.155395
0.00524923
0.276422
0.048559
0.00126125
0.279301
0.317277
0.0273254
0.0473177
0.572334
0.00225902
0.12336
0.389697
0.45291
0.324195
0.442728
0.189117
0.00929738
0.00870448
0.421396
0.181316
0.122942
0.0131378
0.61446
0.274969
0.00171856
0.0532428
0.0111418
0.196712
0.014775
0.00019241
0.348854
0.0690888
0.467782
0.229183
0.477339
0.272199
0.322427
0.268634
0.00493759
0.0328634
0.017117
0.121964
0.472099
0.00580805
0.0173009
0.00482061
5.04782e-05
0.259064
0.533968
0.000275118
0.150405
0.175844
0.449198
0.177422
0.580497
0.28191
0.000626505
0.294133
0.105109
0.274923
0.236172
0.0371647
0.0581786
0.0434746
0.476922
0.298959
0.707901
0.000132189
0.536196
0.266154
0.15953
0.00727369
0.303968
0.382309
0.337252
0.375291
0.67861
0.392104
0.0011381
0.445675
0.669023
0.000186693
0.187724
0.0322985
0.000592502
0.282023
0.0810509
0.000291545
0.117932
0.139153
0.142206
0.183152
0.652459
0.515814
0.117874
0.0287902
0.0644886
0.0701177
0.763372
0.00503956
0.148494
0.291605
0.641519
0.560402
0.196383
0.000172135
0.00110225
3.11129e-05
0.862586
0.00219274
0.238203
0.000718201
0.189171
0.43961
0.00189109
0.0982557
0.0290909
0.119146
0.663667
0.0734012
3.40065e-05
0.239732
2.30732e-06
0.431525
0.421437
0.0194071
4.14046e-05
0.0479056
0.000270725
0.0826577
0.00045597
0.0674316
0.331135
0.038292
0.00370685
0.474321
0.000456589
0.0197549
0.0610421
0.365298
0.0374178
0.0166097
0.141158
0.666325
0.0424146
0.412715
0.314045
0.0276694
0.475991
0.0100196
0.0194979
0.0370344
0.019626
0.00206444
0.0136839
0.159996
0.267379
0.21848
0.390722
0.0502601
0.0992486
0.061061
0.393966
0.0679892
0.071873
0.501954
0.150626
0.3048
0.170799
0.526811
0.31285
0.126346
0.300501
0.308278
0.136969
0.0562661
0.058817
0.439223
0.00285394
0.607933
0.0967478
0.100448
0.319644
0.470137
0.285677
0.081866
0.221618
0.00253653
0.0550768
0.0997594
0.00143427
0.00474412
0.231851
0.0792198
0.12612
0.0771262
0.466752
0.119836
0.0905673
0.000774478
0.124632
0.0626457
0.159428
0.426721
0.174002
0.156285
0.326137
0.564808
0.0175351
0.0141225
0.0134347
0.000580458
0.000611841
0.0791346
0.167691
0.347885
0.0445094
0.0222172
0.501476
0.261217
0.000511251
0.331303
0.00162189
0.0800345
0.627123
0.461477
0.19239
0.0141151
0.329711
0.0795278
0.478303
0.0350868
0.255751
0.0647211
0.268491
0.311151
0.475306
0.00082418
0.00997507
0.32964
0.0076332
0.365193
0.012178
0.690308
0.0506186
0.206282
5.13054e-05
2.15669e-05
0.117159
0.247978
0.168335
0.000230652
0.282222
0.19584
0.00788231
0.189793
0.716155
0.138773
0.75161
0.170593
0.00116022
0.00737301
0.495028
0.347782
0.300249
0.371502
0.00187823
0.510477
0.586261
0.0790804
0.0273449
0.0307707
3.73345e-05
0.160785
0.000425544
0.344167
0.28199
0.0744709
0.539945
0.103003
0.124076
0.0548428
6.24246e-07
0.414233
0.00453266
0.690457
0.000204403
0.0337383
0.11951
0.0173862
0.282389
0.0153477
0.00169876
0.0913379
0.230177
0.0250088
0.192174
0.00093604
0.114451
0.300295
0.0175248
0.193958
0.0331993
0.0973198
0.510357
0.348419
0.626355
0.520602
0.0161645
0.0591636
0.239162
0.00207478
0.600838
0.0249243
0.0416407
1.60195e-05
9.59163e-05
0.000833433
1.93898e-05
0.00614402
0.28425
0.0218772
0.0917061
0.223752
0.255832
0.249961
0.449896
0.515819
0.394644
0.422899
8.64118e-05
3.67148e-06
0.0803226
0.00056946
0.0572032
0.00238702
0.00429525
0.466055
0.00155382
0.0232447
0.11879
0.215429
0.0386654
0.297278
0.527168
0.00104758
0.276343
0.00624231
0.000452044
0.243586
0.127188
0.0288048
0.421872
0.311013
0.273291
0.0555904
0.0530414
0.476383
0.0752819
0.164003
0.00223801
0.582575
0.314794
0.384526
0.251642
0.126963
0.738875
0.582261
0.0415359
0.0210704
0.147846
0.134563
0.00436884
0.269698
0.247508
0.000269203
0.000509024
0.060615
0.413914
0.000327874
0.0140152
0.00189078
0.832789
0.00676854
0.518896
0.00485961
0.467439
0.290007
0.485631
0.491348
0.119407
0.375515
9.21123e-05
0.0230451
0.308952
0.0945236
0.00171317
2.2144e-06
0.846921
1.79205e-05
0.0635413
0.0035483
0.00261428
0.0359496
0.542701
0.392012
0.000646568
0.169887
0.00507286
0.568994
0.262496
0.0451323
0.184261
0.228479
0.160158
0.00123467
0.461054
0.610103
0.692028
0.0182787
0.0160031
0.00662104
0.0801919
0.155717
0.200801
0.00434292
0.0152439
0.356681
0.122895
0.0264638
0.533708
0.00488665
0.0456394
0.298671
0.0498022
0.0924358
0.468116
0.070038
0.7041
0.302196
0.058034
0.680419
0.0497884
0.0138445
0.250137
0.0333439
0.0151057
0.0176913
0.0426371
0.357407
6.07273e-05
0.272596
0.179101
0.279944
0.0167268
0.0310103
0.0327153
0.0651349
0.357098
0.0002318
0.150217
0.0280782
0.150302
0.29588
1.40995e-06
0.157884
0.522868
0.390443
0.0145304
0.011417
0.317365
0.273047
0.000996331
0.417166
0.360762
0.00390498
0.000969159
0.459061
0.00348042
0.275952
0.189969
0.245077
0.360103
0.0328641
0.177107
0.0495152
0.0804427
0.00451817
0.137411
0.349436
0.00448176
0.37062
0.12599
0.199225
0.278811
0.236041
0.153405
0.305938
0.192807
0.383825
0.00481326
0.00193862
0.522372
0.0554206
0.406744
0.0705469
0.451152
0.249238
0.0275629
0.0281195
0.0493165
0.392779
0.107953
0.496602
0.273397
0.00788409
0.0051328
0.482924
0.0217195
0.167707
0.462072
0.305128
0.238894
0.008325
0.182355
0.0332811
0.0881209
0.0496587
0.395012
0.336616
0.0874433
0.00309766
0.120445
0.199479
0.223571
0.0117304
6.12379e-07
0.390842
0.002269
0.350315
0.701373
0.000209323
0.00950479
0.0226043
7.04345e-06
0.0105137
4.22324e-05
0.0596768
4.54091e-05
0.0568788
0.41733
0.360332
0.344137
0.694892
0.35203
0.117058
0.219805
0.527494
0.0149146
0.326247
0.474185
0.000174019
0.312909
0.0175932
0.622871
0.532912
0.0165262
0.0030007
0.0177074
0.45065
0.225306
0.38022
0.451416
0.403322
0.177618
0.287116
0.396182
0.502629
0.348779
0.470455
0.18781
0.386126
0.0210917
0.201022
0.683607
0.0547735
0.15117
0.00635785
0.32914
0.120685
0.26517
0.0139122
1.12616e-05
0.21997
0.00150508
0.0982142
0.305265
0.0918419
0.198099
0.407173
0.71561
0.366135
0.0994758
0.42369
0.389822
0.0400256
0.0295895
0.342506
0.0577342
0.00559803
0.00599688
0.0153579
0.0342485
3.69195e-05
0.0145324
0.0262486
0.609532
0.0756245
0.0961315
0.310439
0.268245
0.363722
0.426832
0.00328065
0.00116865
2.42468e-05
0.357802
0.054875
0.153524
0.255568
0.312287
0.0267613
0.000558803
0.00112173
0.00377315
0.0234441
0.0703891
0.182396
2.37318e-05
0.0530732
1.09973e-05
0.466406
0.498892
0.409805
0.0763624
0.359651
0.00251721
0.185969
0.0189861
0.376867
0.340059
0.385464
0.00345184
0.158035
0.0135822
0.00437455
0.0322615
0.08463
0.49464
0.00491344
0.0724744
0.139252
0.375467
0.195991
0.631478
0.665641
5.31194e-07
7.11701e-05
0.00222142
0.0584289
0.00672158
0.0798525
0.154092
1.37354e-06
0.399679
0.00758015
0.00131554
0.0234184
0.226903
0.279276
0.0566227
0.000885435
0.000234047
0.00288339
0.503919
0.203193
1.87218e-05
0.65214
0.120894
0.391512
0.000118258
0.374251
0.185918
0.102458
0.0052341
0.315975
0.518998
0.0770466
0.378087
0.570475
0.0153669
0.000253865
0.00400537
0.451103
0.0135591
0.00633563
0.0314619
0.00054955
0.000393671
0.3095
0.00770876
0.00132606
0.802808
0.00618805
0.372519
0.0117313
0.000296337
0.000839124
0.0004675
0.235303
0.273105
0.113993
0.0160439
0.583694
0.00683992
0.0201045
0.397311
0.120816
1.99376e-06
0.373388
0.173462
0.364289
0.111344
0.0426781
0.224796
0.0194815
0.00202989
0.356894
0.281888
0.327749
0.0955138
0.420876
0.571628
0.302395
0.00551566
0.355131
0.30565
7.6117e-05
0.29115
0.00488087
2.48595e-06
5.29862e-05
0.202309
0.00121984
2.23177e-05
0.000145084
0.257371
0.0213697
0.78806
0.236153
0.313294
0.0902373
0.00613795
0.339622
0.00090409
0.00104908
0.325224
0.0800989
0.055903
0.470329
0.000769247
0.268842
0.00614532
0.51016
5.21095e-05
0.450555
0.656679
0.34872
0.00029601
0.219736
0.303394
2.0991e-05
0.493697
0.557176
0.830226
0.184351
0.000341072
0.0072145
0.316792
0.0231462
0.373388
0.00353338
0.275394
0.346068
0.0207449
0.332157
0.122393
0.00482327
0.0353566
0.00771195
0.059165
0.022414
0.376375
0.0872251
0.231961
0.0355916
0.00164227
0.179948
0.0495201
0.513426
0.000829188
0.20476
0.314114
0.00515116
0.576989
0.000663395
0.0856302
0.774379
0.0188345
0.063935
0.0891078
0.0456998
0.29459
0.00290591
0.457422
0.320569
0.063435
0.0396232
0.0151494
0.0141701
0.375948
0.0102472
0.0321508
0.0179037
0.0041289
0.257821
0.0492438
0.380042
0.00100834
0.291084
0.0607216
0.39458
0.305493
0.535062
0.0694367
0.564575
0.272745
0.246254
0.00125786
0.015087
0.000293207
0.213297
0.32424
0.323947
0.268605
7.86065e-05
0.224335
0.0699844
0.117888
0.106798
0.000845369
0.104546
0.223625
0.461835
0.501356
0.0224635
0.073278
0.409905
0.0393333
0.470621
0.540555
0.0783413
0.19715
0.614936
0.0459745
0.00116792
4.93133e-05
0.0152757
0.686016
0.0284707
0.299566
0.486791
0.0358338
0.299294
0.443473
0.257306
0.436844
0.436025
0.737152
0.175993
0.07925
0.124962
0.649113
0.134262
0.064037
0.00749817
0.0146986
0.0792061
5.09434e-06
0.000211335
0.390076
0.564411
0.00621911
0.289195
0.00306188
0.000946945
0.131787
0.143611
0.177836
0.358264
0.502142
0.0180638
0.449991
0.0316481
0.000962558
0.294319
0.377484
0.000211483
0.504891
0.105821
0.256524
0.090889
0.560402
0.33538
0.00111683
0.0914793
0.268185
0.0796522
0.555715
0.209905
0.179145
0.331692
0.0439565
0.00214953
0.192301
0.195267
0.000332506
0.640305
0.00106411
0.000215704
0.772025
0.00831299
0.00270108
0.0353281
0.151003
0.33804
0.101864
0.0111061
0.183049
0.00018367
0.000104431
0.114685
0.362592
0.0402676
0.344082
4.37853e-05
0.42689
0.0269085
0.0376271
0.0274089
0.283875
0.0437693
0.000260169
0.205386
0.144605
0.541538
0.000870126
0.110855
0.359293
0.21418
0.0670832
0.555274
0.28887
0.128878
0.0806533
0.454352
0.264795
0.221231
0.329701
7.59059e-06
0.00157798
0.0936183
0.0102945
0.0327559
0.338382
0.0531919
0.189486
0.0490209
0.149531
0.678967
0.0259806
0.0174637
0.325046
0.282876
0.337026
0.507422
0.566485
7.51316e-06
0.484015
0.000443726
0.48059
0.000419047
0.674801
0.354637
0.0717665
0.447713
0.32481
0.301945
0.277455
0.754782
0.257419
0.318796
0.00815693
0.0332449
0.433796
0.297407
0.647115
0.0468826
0.00303871
0.278048
0.0105135
0.0112873
0.244362
0.0261411
0.267552
0.194878
3.91005e-05
0.676792
0.293841
0.560778
0.344937
0.0299446
0.34066
0.000280192
0.080591
0.392547
0.00174969
0.310668
0.509794
0.347913
0.0829824
0.0131998
0.144679
0.00203687
0.127171
0.00297078
0.0130764
0.624582
0.186643
0.0329873
0.00126557
0.547708
0.268627
0.260899
0.444731
0.546193
0.00763874
0.0682646
0.136493
0.514058
0.453149
0.172305
0.111778
0.535262
0.695544
0.0491945
0.516526
0.00307872
0.0839401
0.509543
0.144837
0.00176016
0.0744549
0.0471655
0.0254665
0.00039418
0.165616
0.000437491
0.168852
0.736418
0.347246
0.0902972
0.000221088
0.315986
0.121075
0.440044
0.480904
0.00154581
0.000205285
0.454924
0.00888052
0.000859562
0.031633
0.46463
0.069017
0.550602
4.51077e-05
0.293181
0.465605
0.325218
0.391012
0.283984
2.89426e-05
0.451331
0.175539
0.32935
0.0947773
0.00942745
0.160439
0.0253091
0.0167896
0.0170455
0.119202
0.0472282
0.364223
0.206641
0.00103412
0.300577
0.270612
0.375633
0.296571
0.0665213
0.106391
0.157545
0.000516903
0.384916
0.442173
0.0719973
0.0366561
0.200846
0.240971
0.451655
0.343772
0.000282589
0.136047
0.0387414