0.0500547
0.363235
0.515563
0.0846648
0.257893
0.166444
0.252409
0.0560593
0.0630173
0.273507
0.410813
5.25282e-05
0.28389
0.148421
0.000975611
0.284762
0.00290466
0.574347
0.0233626
0.343422
0.425542
0.0003618
0.060773
0.00093025
0.00259611
0.237586
0.0059569
0.319919
0.0612917
0.0943252
0.210296
0.189086
0.179773
0.417122
0.043635
0.610701
0.166448
0.202467
0.000404943
0.0203527
0.499265
0.070506
0.0316873
0.00704117
0.205976
0.181005
0.143873
0.628663
0.176736
0.264304
0.0390991
0.129299
0.379356
0.490267
0.0110011
0.0217757
0.210992
0.42914
0.585056
0.092858
0.0381005
0.0589346
0.257756
0.621941
0.157244
0.122969
0.127429
0.058199
0.0565611
0.497566
0.415826
0.348597
0.0881559
0.00526608
0.497187
0.313145
0.309398
0.0795264
0.00894039
0.0400151
0.268341
0.466172
0.0290703
0.315996
0.444383
0.369493
0.566382
0.500733
0.0973559
0.000628055
0.1257
0.295042
0.0320603
0.0363457
0.00163531
0.0693623
0.0274372
0.465231
0.0609177
0.65552
0.353199
0.491493
0.106494
0.154637
0.00821475
0.218964
0.428716
0.0023871
0.166604
0.116105
0.294424
0.00289633
0.340377
0.343393
0.217951
0.544761
0.304466
0.441455
0.172768
0.371018
0.406072
0.136679
0.254135
0.0761179
0.67455
0.421783
0.157528
0.030652
0.432129
0.170276
0.0822459
0.263713
0.153393
6.50242e-05
0.410803
0.341786
0.00800539
0.367269
0.123516
0.514639
0.299508
0.00704107
0.0497519
0.219592
0.0083995
0.670767
0.356648
0.350992
0.248815
0.021443
0.438711
0.23851
0.323905
0.610365
0.270222
0.137414
0.257429
0.0252415
0.0308808
0.0617527
0.505412
0.0987047
0.230885
0.265115
0.300413
0.356898
0.147362
0.228231
0.405256
0.63143
0.253775
0.525738
0.340818
0.227768
0.00197974
0.0120363
0.39298
0.330599
0.00887729
0.39543
0.164293
0.0756091
0.40719
0.73706
0.316321
0.00916287
0.0857138
0.285972
0.289529
0.344033
0.50985
0.207278
0.333528
0.481671
0.626381
0.0373397
0.133367
0.179458
0.227373
0.289212
0.0349754
0.619266
0.312616
0.473316
0.237798
0.111928
0.2246
0.0553693
0.163563
0.0186187
0.138971
0.602263
0.279967
0.154372
0.553256
0.452129
0.21023
0.00982743
0.130107
0.200984
0.289979
0.217612
0.000791969
0.214775
0.493518
0.00201593
0.503269
0.128591
0.274124
0.5239
0.121751
0.25816
0.192504
0.464859
0.0481898
0.00321153
0.029108
0.713265
0.114049
0.318374
0.00223504
0.331336
0.460364
0.142229
0.154158
0.5782
0.540047
0.129183
0.357451
0.354584
0.44001
0.00390121
0.0182104
0.163722
0.33323
0.638306
0.232558
0.180189
0.0502269
0.467515
0.139889
0.492811
0.543312
0.384827
0.0202306
0.0997594
0.352699
0.00315518
0.0773777
0.569871
0.345095
0.325107
0.0107343
0.0122446
0.00504605
0.256111
0.281066
0.426613
0.488276
0.120133
0.28851
0.473054
0.296303
0.0388643
0.0205538
3.84587e-05
0.326875
0.320213
0.307238
0.00622739
0.0993408
0.256783
0.0954939
0.301047
0.0278018
0.092868
0.00313714
0.0303599
0.0170976
0.0650727
0.00236286
0.11107
0.148696
0.304052
0.405295
0.345623
0.265293
0.311072
0.173723
0.139824
0.0564062
7.44411e-05
0.102077
0.409269
0.245996
0.486898
0.52655
0.20903
0.10149
0.103399
0.02779
0.000970671
0.387677
0.362163
0.483782
0.430705
0.465058
0.348114
0.572103
0.0279832
0.0237062
0.0816197
0.456523
0.00131194
0.0142584
0.493528
0.22496
0.0118211
0.182131
0.506333
0.0281366
0.341772
0.323495
0.675727
0.164909
0.0461497
0.176999
0.119205
0.116849
0.0189192
0.0124662
0.259735
0.129397
0.0795945
0.417185
0.317666
0.0783729
0.453137
0.264448
0.303748
0.251303
0.00416115
0.0298047
0.259583
0.00123858
0.449908
0.502935
0.726023
0.331845
0.267687
0.199072
0.0362969
0.00146149
0.0232022
0.258724
0.415527
0.434959
0.0928196
0.326697
0.00492252
0.0706763
0.0690808
0.00701345
0.241039
0.32541
0.00384606
0.308628
0.26926
0.0399597
0.0599179
0.0806816
0.0662993
0.0758367
0.448448
0.54388
0.213298
0.312343
0.647501
0.262928
0.120545
0.0119151
0.0340785
0.147529
0.170249
0.0310532
0.0841595
0.0301671
0.294436
0.0544153
0.411172
0.306989
0.195696
0.239907
0.332637
0.296667
0.0822534
0.345864
0.675294
0.372148
0.525386
0.126699
0.2186
0.212926
0.591996
0.0393937
0.294485
0.300956
0.126685
0.0382711
0.00888814
0.323004
0.0390796
0.171012
0.287843
0.540525
0.0582017
0.442152
0.322169
0.0499902
0.0586624
0.120922
0.00302274
0.00303527
0.591087
0.491694
0.0358658
0.340727
0.0387199
0.230209
0.305507
0.248441
0.156851
0.309111
0.235454
0.0177596
0.380401
0.0726825
0.206303
0.314192
0.397377
0.428949
0.0304527
0.343172
0.379059
0.211675
0.0358107
0.211849
0.443453
0.233859
0.0750092
0.257199
0.199196
0.0192437
0.357876
0.0703158
0.0776367
0.327012
0.602909
0.000877783
0.197725
0.334441
0.0154947
0.100513
0.604363
0.106829
0.516562
0.000217074
0.00147589
0.644387
0.0676585
0.00840553
0.301266
0.374816
0.00455795
0.442241
0.159051
0.39574
0.216835
0.33722
0.00293823
0.169786
0.030747
0.185085
0.271946
0.000476717
0.00282221
0.240314
0.028007
0.321896
0.0141328
0.0264063
0.0266536
0.0468159
0.0327507
0.104695
0.105361
0.00294378
0.130728
0.410217
0.02616
0.0586156
0.101201
0.26712
0.234358
0.0719968
0.317671
0.20895
0.00399033
0.537566
0.0191864
0.277752
0.425245
0.473364
0.0385221
0.00273921
0.0381703
0.188297
0.144885
0.429981
0.416259
0.0859879
0.452608
0.167743
0.0556022
0.000174241
0.00313247
0.123705
0.00174432
0.0308297
0.420056
0.299262
0.0814975
0.135698
0.312649
0.0028524
0.22558
0.172219
0.037946
0.0360728
0.371359
0.0227852
0.249469
0.00895346
0.257246
0.273388
0.462371
0.10283
0.305779
0.518721
0.300209
0.279891
0.0410805
0.0326984
0.496739
0.294448
0.0811214
0.0205043
0.477944
0.0834643
0.467242
0.0264921
0.533357
0.300884
0.16056
0.217682
0.584366
0.240367
0.192897
0.00380528
0.00261109
0.00585619
0.238563
0.170769
0.264722
0.325894
0.161135
0.0943988
0.428188
0.328355
0.367049
0.420914
0.00709909
0.29137
0.0798657
0.00955761
0.00057686
0.4882
0.274224
0.355789
6.89077e-05
0.102823
0.207291
0.0182749
0.0328084
0.0354992
0.0783521
0.323553
0.403963
0.525567
0.296002
0.596742
0.411003
0.168537
0.463429
0.260088
0.00521048
0.00237712
0.0169189
0.297405
0.478706
0.449077
0.0648888
0.0155506
0.315524
0.0206303
0.0849339
0.244912
0.681518
0.397539
0.460616
0.265897
0.277381
0.509846
0.00156899
0.561283
0.0896752
0.472463
0.0362264
0.278849
0.264516
0.278582
0.262685
0.224146
0.458331
0.0202562
0.291533
0.280561
0.239008
0.0489241
0.401975
0.0147381
0.134131
0.0363647
0.210085
0.137593
0.264939
0.0103508
0.0184155
0.101941
0.285276
0.03945
0.344747
0.537248
0.00302501
0.0343575
0.591466
0.0113988
0.304445
0.201242
0.00420109
0.249785
0.00649039
0.209704
0.592562
0.019632
0.149848
0.469988
0.21773
0.0974648
0.391189
0.264246
0.46038
0.176573
0.0481265
0.0323433
0.172085
0.31276
0.3643
0.058934
0.055294
0.325695
0.0268401
0.388104
0.247856
0.385776
0.228619
0.41143
0.220786
0.129657
0.000920157
0.457125
0.272161
0.0975211
0.366182
0.351993
0.435374
0.280288
0.251448
0.0159841
0.336609
0.502814
0.400202
0.00812376
0.28221
0.169943
0.536868
0.0744252
0.450226
0.109504
0.481716
0.342124
0.00370727
0.226349
0.47399
0.556626
0.237393
0.549265
0.344657
0.151571
0.399941
0.0129146
0.0422241
0.321187
0.311412
0.668169
0.209746
0.2703
0.0160326
0.408507
0.123893
0.00197205
0.470299
0.0254391
0.242583
0.129998
0.149701
0.0891469
0.118824
0.475938
0.00886666
0.540194
0.147094
0.831815
0.0766797
0.307972
0.203293
0.265713
0.585057
0.0290974
0.345193
0.597256
0.243986
0.0903276
0.129719
0.171753
0.0119312
0.492173
0.0550572
0.0731058
0.0295702
0.00475152
0.0271587
0.290158
0.217848
0.171978
0.260288
0.422229
0.3331
0.401411
0.0397747
0.328096
0.104956
0.550102
0.443325
0.285877
0.00933459
0.0750935
0.408834
0.279854
0.249264
0.0478083
0.000975777
0.342115
0.0102046
0.0188817
0.00432916
0.340229
0.119836
0.137713
0.472572
0.00238675
0.00760071
0.305973
0.181871
0.278054
0.00259619
0.00865844
0.294756
0.625596
0.561697
0.512906
0.529754
0.0857897
0.0416399
0.0628489
0.601283
0.300901
0.0609063
0.337432
0.655355
0.212791
0.350106
0.336145
0.00659021
0.0583942
0.286011
0.196801
0.391866
0.0570644
0.445588
0.00359449
0.435572
0.0115121
0.481467
0.202032
0.731495
0.301746
0.0139011
0.105382
0.0310256
0.0508262
0.25416
0.15031
0.235847
0.259314
0.691592
0.323923
0.251129
0.265037
0.0224344
0.000123416
0.301223
0.262491
0.419984
0.00187677
0.0879335
0.78254
0.516552
0.0171336
0.53364
0.356425
0.00274841
0.0123747
0.451181
0.0417272
0.146447
0.00239005
0.00897694
0.186655
0.303916
0.268454
0.339301
0.12539
0.33908
0.683615
0.237876
0.116445
0.250907
0.670373
0.25712
0.105151
0.0890368
0.324744
0.357743
0.355361
0.353089
0.492766
0.231922
0.0550014
0.0867618
0.253967
0.260652
0.00363077
0.0786915
0.405796
0.407653
0.336213
0.250798
0.0385693
0.117514
0.393321
0.244315
0.544066
0.220088
0.434707
0.216889
0.523559
0.106543
0.00808273
0.0591877
0.0390116
0.00176538
0.405796
0.174218
0.67165
0.0564013
0.188006
0.154256
0.0031253
0.0222282
0.18643
0.0930259
0.0952393
0.0295586
0.0165819
0.257018
0.253452
0.0507634
0.490772
0.00201837
0.0017317
0.296907
0.0223996
0.0482802
0.165059
0.0129906
0.0252995
0.427612
0.0685723
0.0657533
0.235126
0.000634614
0.27547
0.585572
0.115214
0.244091
0.323877
0.188012
0.399914
0.0647542
0.0154763
0.287274
0.309911
0.0016713
0.14072
0.266029
0.254872
0.034384
0.0342879
0.0251837
0.0614939
0.0005052
0.422098
0.0234306
0.0579628
0.000559404
0.204953
0.0381725
0.0297185
0.0133383
0.201239
0.42215
0.0499295
0.0356927
0.367237
0.15563
0.0549473
0.142431
0.393106
0.379139
0.238474
0.088386
0.0850035
0.62553
0.113445
0.0499183
0.0824407
0.172366
0.437548
0.00541119
0.00101727
0.564509
0.566434
0.0256519
0.240926
0.0425957
0.0808366
0.334422
0.595463
0.295169
0.0169926
0.109983
0.250815
0.138288
0.160165
0.047682
0.260343
0.00134557
0.0984646
0.3702
0.0429905
0.290489
0.0464027
0.0882059
0.13262
0.138442
0.466732
0.448653
0.127959
0.0178081
0.230605
0.497613
0.354999
0.689132
0.386407
0.199193
0.0594345
0.198751
0.287376
0.326661
0.00154811
0.0127651
0.0624308
0.152278
0.046412
0.166625
0.426027
0.311352
0.271205
0.18789
0.177201
0.370757
0.376088
0.00979723
0.248434
0.00879193
0.00584991
0.546117
0.456583
0.367804
0.000733039
0.160615
0.267219
0.160789
0.483557
0.452702
0.293417
0.426482
0.00345233
0.041439
0.00943817
0.00118627
0.0982994
0.132653
0.188523
0.371281
0.0226765
0.0447564
0.00403625
0.181952
0.0661232
0.166094
0.350698
0.300824
0.316574
0.0028152
0.105757
0.0578518
0.0818788
0.01498
0.034643
0.0154136
0.330925
0.420657
0.427773
0.0469784
0.0259742
0.0127476
0.0693199
0.514172
0.177442
0.0156112
0.00361048
0.145478
0.454437
0.301682
0.0132065
0.432532
0.551059
0.266083
0.0276368
0.0394612
0.0304801
0.400038
0.389185
0.294746
0.13673
0.138144
0.460462
0.0118734
0.194133
0.406437
0.0618305
0.396828
0.264437
0.0793079
0.205438
0.00665481
0.194623
0.56958
0.24796
0.237693
0.611084
0.018695
0.162993
0.309753
0.262106
0.549866
0.285762
0.038138
0.0810073
0.0973854
0.00232261
0.00814751
0.30303
0.263501
0.00597246
0.368932
0.346576
0.362373
0.422665
0.303959
0.128911
0.11721
0.00997051
0.593221
0.362966
0.109691
0.0654067
0.52592
0.0758532
0.359044
0.0484786
0.372449
0.286496
0.331577
0.293963
0.0584148
0.296964
0.280571
0.436071
0.0332062
0.310688
0.464431
0.22054
0.00319826
0.221959
0.0593287
0.278773
0.131066
0.445996
0.250362
0.142139
0.272695
0.216733
0.534059
0.000601533
0.275124
0.384388
0.0243393
0.142581
0.485386
0.323633
0.0138405
0.139466
0.00123949
0.255846
0.0112004
0.156192
0.349854
0.0241916
0.423187
0.43317
0.180775
0.0265229
0.339466
0.00315963
0.408599
0.518195
0.369655
0.149221
0.437321
0.0973413
0.29878
0.13129
0.00799786
0.348476
0.295796
0.418862
0.00431636
0.696802
0.318697
0.506509
0.312014
0.313004
0.275765
0.11407
0.369693
0.620051
0.0150521
0.0583976
0.0157813
0.0643599
0.310762
0.138998
0.000554799
0.447696
0.23482
0.131832
0.311348
0.271394
0.0901256
0.391385
0.0310023
0.0022913
0.370518
0.385655
0.459469
0.66905
0.012988
0.0692056
0.308681
0.00717124
0.32199
0.00864744
0.0287117
0.530954
0.309306
0.160549
0.000182412
0.276991
0.0741731
0.0427423
0.295141
0.287627
0.0711921
0.304523
0.021566
0.758364
0.0509665
0.263559
0.0798985
0.0580265
0.262909
0.337512
0.30171
0.228877
0.407535
0.536466
0.23751
0.327596
0.0125424
0.0035965
0.450395
0.305388
0.314287
0.357071
0.26368
0.00535271
0.0312499
0.20608
0.0836875
0.329562
0.553737
0.0501408
0.0479875
0.175035
0.140782
0.0382935
0.72358
0.00512743
0.247592
0.396264
0.0874922
0.445943
0.0707432
0.590115
0.130873
0.134575
0.00030554
0.0162359
0.0326338
0.0841811
0.259969
0.000921432
0.480444
6.82322e-05
0.000336015
0.182352
0.018699
0.108449
0.0960174
0.502204
0.525702
0.191552
0.287564
0.348431
0.0366439
0.322153
0.15863
0.577063
0.242421
0.363179
0.281828
0.333918
0.382965
0.0635349
0.149639
0.00987252
0.0212002
0.354197
0.117379
0.482423
0.0202818
0.41177
0.0973516
0.525997
0.251159
0.177635
0.00838119
0.225107
0.106448
0.560816
0.145168
0.0399875
0.275462
0.339875
0.0747731
0.156946
0.00109003
0.420114
0.00998154
0.15972
0.414498
0.0129242
0.0175961
0.00631083
0.276035
0.12088
0.0124276
0.329679
0.25575
0.00466187
0.373402
0.220086
0.157625
0.171078
0.397286
0.245794
0.200376
0.339387
0.212554
0.00943514
0.244299
0.179753
0.000976406
0.0744272
0.043601
0.0469689
0.0164867
0.000301513
0.0957725
0.31507
0.34635
0.435241
0.314498
0.30184
0.0135882
0.395321
0.148128
0.211228
0.327295
0.405112
0.350665
0.000236235
0.494927
0.00778594
0.0157706
0.363163
0.190852
0.101274
0.339816
0.295212
0.299547
0.0288168
0.31705
0.00726044
0.13134
0.4768
0.0263585
0.276645
0.00168383
0.401099
0.0085174
0.427841
0.0346498
0.25428
0.0298865
0.389943
0.38394
0.200083
0.129505
0.046199
0.211286
0.615653
0.164286
0.537765
0.531774
0.341253
0.237867
0.302504
0.287069
0.328265
0.327707
0.588992
0.295996
0.0297217
0.100896
0.0873605
0.00531889
0.563219
0.267855
0.137586
0.317353
0.227058
0.445378
0.353561
0.0125013
0.409921
0.103172
0.101206
0.371053
0.0716291
0.33879
0.102704
0.429986
0.0657292
0.178678
0.000887105
0.26065
0.343535
0.490238
0.634609
0.0168686
0.361782
0.000427865
0.233463
0.178475
0.150384
0.484143
0.172129
0.271825
0.0365984
0.0355611
0.1311
0.465467
0.0988128
0.259757
0.0908966
0.31319
0.0254826
0.53466
0.400091
0.324535
0.393517
0.293869
0.282753
0.0128158
0.0282536
0.38593
0.286331
0.401876
0.0884229
0.105945
0.0978711
0.424341
0.0521856
0.414131
0.159168
0.189555
0.265236
0.0658356
0.269908
0.339661
0.391269
0.193813
0.204371
0.0255256
0.325408
0.232049
0.155352
0.0346947
0.00397368
0.157144
0.255341
0.729361
0.300989
0.495229
0.185528
0.0879939
0.0334201
0.166634
0.270895
0.310688
0.017367
0.0696241
0.270825
0.227861
0.251953
0.160552
0.00301373
0.0178159
0.00543008
0.0385422
0.0699376
0.312623
0.057462
0.0194237
0.406217
0.496452
0.00493289
0.0356298
0.179023
0.0685909
0.279674
0.195116
0.472822
0.00378606
0.0627006
0.0539198
0.0169819
0.118955
0.0128048
0.0384426
0.302929
0.403322
0.325256
0.248419
0.407144
0.402503
0.27224
0.411963
0.657563
0.307521
0.702488
0.105609
0.267793
0.364374
0.0246541
0.129026
0.517195
0.0837399
0.0409085
0.588099
0.310258
0.256818
0.000426021
0.283118
0.353294
0.00493592
0.316466
0.073901
0.332277
0.273904
0.175789
0.321265
0.683554
0.215797
0.00917433
0.364765
0.291634
0.242338
0.600991
0.392912
0.218556
0.039407
0.191557
0.468215
0.255265
0.0376606
0.803376
0.282009
0.566272
0.418909
0.0780174
0.590486
0.323984
0.230739
0.669172
0.094811
0.47881
0.310528
0.0693735
0.296378
0.00745825
0.212467
0.53388
0.00805188
0.249255
0.136481
0.100173
0.102019
0.726846
0.425868
0.210027
0.089023
0.00777898
0.0806605
0.0603488
0.0244012
0.108573
0.109547
0.244049
7.09394e-05
0.416623
0.0412479
0.00342917
0.293177
0.029458
0.296856
2.18481e-05
0.259957
0.0382636
0.20931
0.0939572
0.000457252
0.385398
0.000299494
0.154289
0.0122122
0.279207
0.0541322
0.312474
0.0566507
0.0387735
0.000298798
0.308193
0.301249
0.295421
0.279142
0.0234183
0.0693757
0.182675
0.0141373
0.00299521
0.479505
0.324688
0.025105
0.457709
0.0743891
0.193075
0.402663
0.219606
0.274834
0.394664
0.534485
0.369881
0.577424
0.728794
0.122828
0.336847
0.139341
0.000337539
0.0758307
0.00275355
0.000853347
0.402746
0.000114661
0.0089676
0.362312
0.253744
0.137353
0.0292249
0.0210585
0.670755
0.416862
0.00570616
0.00105428
0.437848
0.168152
0.0793303
0.0687162
0.320529
0.157418
0.36948
0.0257458
0.128768
0.0250465
0.0568384
0.134109
0.158208
0.604707
0.266626
0.577224
0.103892
0.0162322
0.342579
0.291557
0.546752
0.013391
0.425957
0.0814527
0.586954
0.00113143
0.0892517
0.321961
0.269445
0.59774
0.0183536
0.579569
0.314557
0.0492783
0.000367562
0.0466443
0.0435698
0.00558481
0.248927
0.56467
0.154231
0.0778679
0.387837
0.303813
0.00684503
0.0037723
0.369785
0.340061
0.687117
0.350554
0.00383411
0.0751444
0.248125
0.0012583
0.0151543
0.617869
0.402534
0.370836
0.30149
0.230524
0.124053
0.612927
0.406637
0.228322
0.627528
0.00594432
0.167952
0.360914
0.0756112
0.115127
0.157304
0.0191755
0.613854
0.0450864
0.0479882
0.0914374
0.0150917
0.106211
0.215345
0.500507
0.00589418
0.576502
0.428479
0.242511
2.24016e-05
0.00762243
0.346946
0.110818
0.313397
0.0480862
0.150041
0.418109
0.398207
0.00409927
0.304058
0.12593
0.368876
0.062892
0.297267
0.3967
0.021146
0.0107444
0.10089
0.00613093
0.35706
0.228017
0.27166
0.0185201
0.671747
0.296191
0.0226077
0.086821
0.072704
0.216443
0.477681
0.368154
0.0245826
0.196423
0.0371125
0.000163521
0.241674
0.590226
0.440882
0.00636357
0.490951
0.00248822
0.000455716
0.249815
0.0170541
0.209084
0.269014
0.00219191
0.708707
0.223523
0.10368
0.333864
0.0336424
0.210833
0.240208
0.0964278
0.0498028
0.0362253
0.0588967
0.0136546
0.29187
0.000974419
0.00639517
4.86507e-05
0.136841
0.00334234
0.187836
0.173149
0.0394638
0.559332
0.256646
0.415328
0.0451483
0.261929
0.00260333
0.344845
0.502483
0.0921347
0.232672
0.530454
0.310261
0.296198
0.280603
0.0889578
0.853997
0.204186
0.519866
0.0766231
0.316491
0.0201786
0.213886
0.384892
0.441509
0.374909
0.587367
0.288516
0.643401
0.00483436
0.0281773
0.0245301
0.0833413
0.00110618
0.168784
0.428814
0.071809
0.375408
0.507717
0.10399
0.0399339
0.0233551
0.353991
0.182463
0.246078
0.615546
0.452456
0.725027
0.216523
0.514495
0.267543
0.300176
0.141771
0.482849
0.0041797
0.00045607
0.546946
0.0253246
0.665076
0.361426
0.133256
0.459391
0.00678674
0.245874
0.646619
0.302574
0.354583
0.286938
0.0670689
0.0628679
0.0677939
0.0545324
0.407129
0.00399399
0.304637
0.0113189
0.429654
0.0274532
0.100322
0.655398
0.0653255
0.316069
0.448135
0.0819801
0.196394
0.314831
0.34461
0.0717103
0.164975
0.261628
0.10268
0.0839912
0.0786513
0.13491
0.198297
0.553861
0.37922
0.556572
0.340819
0.4306
0.00225201
0.286858
0.00930537
0.0943002
0.00109523
0.627283
0.0581579
0.031781
0.00247932
0.314156
0.352766
0.0292154
0.527105
0.27333
0.0274125
0.039215
0.00119352
0.20661
0.000256648
0.575286
0.00644076
0.473223
0.0223738
0.0436398
0.182167
0.392122
0.328343
0.247209
0.00642609
0.22253
0.476575
0.00314438
0.00510424
0.257938
0.759716
0.58295
0.0301722
0.554171
0.475436
0.505147
0.375932
0.022313
0.0231171
0.481117
0.0896864
0.00126168
0.104684
0.0784737
0.00556845
0.103657
0.757195
0.292772
0.0050972
0.234637
0.136126
0.159875
0.301872
0.419972
0.246362
0.330448
1.56099e-05
0.171443
0.134578
0.456097
0.452236
0.0672568
0.221738
0.585982
0.369784
0.159383
0.0381459
0.0208596
0.109552
0.152751
0.149284
0.173106
0.331186
0.395077
0.487123
0.604681
0.100093
0.132668
0.158358
0.299575
0.000479574
0.131689
0.355056
0.0149439
0.0867263
0.0420517
0.188239
0.0179241
0.000284628
0.0705213
0.0004006
0.2764
0.0152584
0.136842
0.39173
0.565724
0.0250789
0.0762699
0.186536
0.28183
0.32975
0.28002
0.133922
0.0446015
0.304761
0.0146353
0.498835
0.00662735
0.577412
0.28461
0.368026
0.170036
0.193072
0.302035
0.290514
0.386118
0.311924
0.264846
0.344197
0.429517
0.0219231
0.08294
0.220049
0.432455
0.0986135
0.0994473
0.0122875
0.678655
0.00402113
0.000296576
0.10308
0.354519
0.0506963
0.256346
0.317265
0.0375912
0.335316
0.0229543
0.166104
0.467716
0.103185
0.136231
0.0707728
0.0498629
0.418927
0.116351
0.403238
0.146876
0.129086
0.00532842
0.311407
0.541224
0.00147066
0.352477
0.0955949
0.0992604
0.102561
0.256568
0.0601905
0.362575
0.0693487
0.197782
0.121224
0.0728842
0.153694
0.149073
0.0877426
0.413255
0.0774914
0.474981
0.287555
0.0183377
0.335658
0.353993
0.283194
0.0784166
0.000442242
0.323549
0.0982965
0.0100009
0.248994
0.00272157
0.213472
0.478559
0.00268459
0.0237074
0.0124375
0.504316
0.340038
0.00773129
0.400162
0.580485
0.0101927
0.200149
0.0402326
0.695866
0.025208
0.267026
0.180482
0.19603
0.0227629
0.229196
0.0153599
0.540382
0.476621
0.0147636
0.0054143
0.000406906
0.567016
0.378387
0.297999
0.272533
0.378373
0.387337
0.513323
0.241335
0.00485742
0.812568
0.0602847
0.12451
0.00285669
0.13607
0.660306
0.133599
0.00020277
0.239319
0.0456681
0.168493
0.436878
0.0198273
0.0844303
0.322776
0.0452821
0.31331
0.168232
0.325513
0.222226
0.000153236
0.0610693
0.0392502
0.0559845
0.368364
0.186293
0.355732
0.000843916
0.150832
0.110064
0.23639
0.187128
0.187873
0.194078
0.238703
0.0545658
0.277215
0.00138237
0.208938
0.0218404
0.23604
0.0631118
0.251521
0.237782
0.511473
0.0556336
0.102346
0.441687
0.00968845
0.0491561
0.155702
0.547908
0.394534
0.117505
0.136796
0.120384
0.0553608
0.177209
0.308991
0.494406
0.0291447
0.30839
0.120386
0.213285
0.41399
0.647461
0.0284351
0.254668
0.0173559
0.545697
0.0258775
0.298177
0.126641
0.0795747
0.408276
0.0191687
0.10343
0.384472
0.057506
0.00578178
0.00850519
0.364227
0.00297305
0.377857
0.016586
0.0073808
0.25928
0.639952
0.193331
0.333818
0.406032
0.05126
0.299713
0.0875611
0.168267
0.361244
0.0252624
0.005036
0.00958508
0.305843
0.0006345
0.109444
0.0910124
0.122486
0.233178
0.476371
0.525318
0.103869
0.0423892
0.00207067
0.0163918
0.277754
0.480916
0.444143
0.0321879
0.00120034
0.343322
0.530653
0.10755
0.00911649
0.0240892
0.272022
0.0781519
0.0141529
0.573936
0.249657
0.0182356
0.115391
0.446573
0.149613
0.13096
0.182921
0.374741
0.379059
0.193194
0.406709
0.0204529
0.247336
0.371221
0.269411
0.185525
0.00195612
0.271975
0.679002
0.356301
0.187204
0.627614
0.217257
0.150666
0.0184365
0.450235
0.0274034
0.0126244
0.539218
0.0728999
0.00495753
0.274591
0.104119
0.301358
0.250215
0.358344
0.364904
0.193185
0.146982
0.24786
0.27777
0.365227
0.462871
0.198045
0.562337
0.0719129
0.511063
0.211323
0.0335067
0.434466
0.468942
0.287038
0.129734
0.52778
0.0701529
0.297317
0.285338
0.45759
0.0787982
0.335363
0.529941
0.0115945
0.0166788
0.283416
0.103526
0.180475
0.088385
0.000122827
0.0163676
0.240594
0.661289
0.162676
0.0753064
0.1663
0.0141285
0.0027427
0.00207614
0.12273
0.402869
0.34909
0.115913
0.516494
0.230404
0.00388869
0.669305
0.310965
0.129879
0.34012
0.190613
0.44289
0.781523
0.411975
0.105684
0.00872694
0.00169187
0.250487
0.000895454
0.315895
0.516879
0.00451839
0.0301168
0.0591863
0.30933
0.0179247
0.618322
0.109934
0.60841
0.0267852
0.437538
0.258297
0.303389
0.213412
0.0973584
0.0922577
0.398303
0.370098
0.512204
0.215986
0.228385
0.165014
0.343163
0.322092
0.00482135
0.02758
0.372061
0.0289263
0.438692
0.124763
0.430102
0.264043
0.0344234
0.0677442
0.330568
0.0460775
0.630974
0.079928
0.414887
0.546389
0.340869
0.00101686
0.380249
0.221519
0.487235
0.316575
0.169883
0.00151661
0.287051
0.011571
0.330397
0.29656
0.26992
0.000387106
0.0632512
0.000229391
0.350884
0.295599
0.0138138
0.197028
0.512331
0.00283614
0.0986823
0.00968539
0.0857272
0.00622634
0.516663
0.254647
0.496314
0.09022
0.214134
0.0150889
0.00187313
0.028575
0.00938246
0.281763
0.0100363
0.0770843
0.170787
0.221854
0.00405377
0.00406552
0.0252575
0.163792
0.0124495
0.451398
0.114524
0.387493
0.0195186
0.267849
0.522263
0.218181
0.00427729
0.568439
0.588089
0.410371
0.303477
0.0841913
0.0335588
0.446652
0.128962
0.52894
0.308931
0.361086
0.308622
0.268807
0.122247
0.0239175
0.403449
0.0255372
0.559511
0.018583
0.00290363
0.213823
0.22014
0.22886
0.242587
0.266268
0.490687
0.389981
0.445617
0.600537
0.233891
0.0198131
0.183612
0.370824
0.101765
0.0627252
0.0967497
0.629648
0.17579
0.374218
0.000478661
0.022975
0.329601
0.339745
0.467518
0.0103953
0.00244213
0.242536
0.189322
0.29356
0.00591287
0.311938
0.636644
0.262734
0.248115
0.0579896
0.00885325
0.013
0.146787
0.3366
0.246153
0.60613
0.15317
0.622483
0.300633
0.00260241
0.269708
0.0856657
0.404559
0.0944683
0.32336
0.310477
0.0351365
0.00162312
0.277315
0.098966
0.308047
0.23232
0.00181182
0.0935585
0.786853
0.0742809
0.0868132
0.486176
0.318613
0.129633
0.0156845
0.0271418
0.00409912
0.0280283
0.344532
0.472442
0.0291388
0.114059
0.464326
0.051689
0.440923
0.231968
0.464722
0.0311056
0.602095
0.0274761
0.311966
0.630316
0.00742315
0.0250352
0.00321597
0.46769
0.257589
0.178332
0.34002
0.0471673
0.0127422
0.687157
0.0405279
0.447884
0.306794
0.320278
0.0315814
0.123306
0.0303941
0.135056
0.280604
0.387902
0.000370125
0.195731
0.26653
0.0295475
0.609508
0.0330942
0.431366
0.148007
0.149756
0.124041
0.27469
0.0820705
0.278809
0.604553
0.380545
0.129572
0.0170468
0.12888
0.317173
0.00559451
0.154317
0.296497
0.230415
0.225115
0.046502
0.00386487
0.319657
0.0226746
0.0416652
0.0121054
0.549204
0.484862
0.157818
0.131018
0.349043
0.124895
0.0749065
0.241741
0.0155179
0.462127
0.201159
0.0641663
0.348018
0.278337
0.140663
0.166291
0.0744123
0.0332967
0.376156
0.20167
0.236309
0.794092
0.528394
0.52098
0.315915
0.0952798
0.137106
0.301563
0.381801
0.433526
0.0392897
0.304857
0.325281
0.000189581
0.310885
0.0268234
0.299
0.0675001
0.033367
0.0462333
0.41138
0.0896773
0.38896
0.01419
0.0195416
0.265125
0.370134
0.380634
0.00284753
0.0867961
0.309747
0.0239775
0.301913
0.290556
0.537238
0.188793
0.00206738
0.130414
0.310399
0.4223
0.0758259
0.0228671
0.306299
0.00218551
0.496679
0.00514715
0.333429
0.526959
0.0862092
0.00581831
0.128293
0.332058
0.328927
0.453887
0.0154805
0.269464
0.234579
0.0603122
0.254701
0.443293
0.0445908
0.410652
0.0612166
0.154774
0.0537394
0.410262
0.355804
0.242121
0.00676657
0.245831
0.661719
0.10692
0.181812
0.011168
0.00239835
0.0207715
0.220953
0.790729
0.278821
0.00846366
0.0437979
0.312737
0.123127
0.20211
0.240193
0.195301
0.422713
0.278256
0.0312165
0.448668
0.237715
0.123114
0.0438482
0.0608523
0.128928
0.251295
0.0109155
0.589493
0.0110545
0.463986
0.69897
0.548322
0.352357
0.589781
0.250902
0.0389531
0.443918
0.00487283
0.000358207
0.695535
0.0864409
0.648137
0.559444
0.380024
0.547422
0.139013
0.0850214
0.746646
0.220103
0.138179
0.045164
0.366077
0.000830829
0.00440813
0.435906
0.417465
0.130753
0.279106
0.00056214
0.0104714
0.305684
0.367833
0.0350067
0.000350834
0.470859
0.00688714
0.0966028
0.432373
0.556395
0.0373717
0.702129
0.0818693
0.0492909
0.198493
0.0563747
0.750438
0.0711666
0.102414
0.108126
0.128295
0.28689
0.364262
0.105128
0.438778
0.301132
0.293042
0.0259928
0.000106477
0.452661
0.030552
0.00655701
0.767601
0.352619
0.158365
0.337285
0.571215
0.52259
0.0823662
0.206076
0.367899
0.17318
0.26703
0.247099
0.737284
0.40636
0.283877
0.0261103
0.446982
0.0620357
0.0942628
0.0164719
0.206065
0.203034
0.000485352
0.338766
0.118447
0.172773
0.0258181
0.0405263
0.431816
0.078474
0.00185911
0.544487
0.163134
0.000676551
0.0411755
0.00595439
0.139703
0.729993
0.272904
0.0417338
0.0167862
0.23507
0.0281434
0.32566
0.394437
0.243559
0.442487
0.521715
0.274947
0.000269491
0.621157
0.338171
0.0973137
0.250105
0.000530289
0.0855803
0.220449
0.37091
0.00597675
0.0380155
0.226813
0.30016
0.000250584
0.279585
0.0206599
0.00114426
0.468606
0.522855
0.530813
0.00670701
0.286226
0.359012
0.597312
0.323629
0.140386
0.360222
0.0509984
0.447244
0.310581
0.712817
0.266979
0.401708
0.363326
0.40956
0.000114237
0.303042
0.0224248
0.145045
0.00169472
0.174644
0.0853226
0.434987
0.0424152
0.0635478
0.381612
0.000164157
0.0444545
0.00196998
0.267287
0.307485
0.0451279
0.00470136
0.0282935
0.297581
0.418058
0.00161447
0.0879103
0.154979
0.0257362
0.72479
0.135514
0.00734015
0.387706
0.004343
0.355291
0.0771992
0.0340092
0.542088
0.100443
0.322076
0.168218
0.394942
0.00309272
0.187562
0.138975
0.0888178
0.342622
0.263002
0.356906
0.480073
0.0370161
0.308373
0.561723
0.295871
0.237336
0.218375
0.315575
0.0644616
0.271009
0.0178122
0.0364229
0.557962
0.105076
0.112009
0.0519519
0.62917
0.749686
0.661117
0.281209
0.00496649
0.0434141
0.0686079
0.000721518
0.232159
0.577829
0.1165
0.322566
0.427279
0.395921
0.0392698
0.232364
0.434259
0.00604337
0.0215664
0.00271877
0.403774
0.0016555
0.0358606
0.283708
0.000605342
0.007384
0.0529503
0.531503
0.0304828
0.10446
0.359852
0.0135094
0.0279163
0.104985
0.100641
0.427552
0.296631
0.58041
0.635105
0.0866032
0.0148473
0.0135764
0.205843
0.383028
0.116316
0.343065
0.440648
0.48822
0.0696577
0.259106
0.255616
0.00502946
0.148508
0.110533
0.561654
0.283624
0.23215
0.0522747
0.527832
0.332806
0.315535
0.00216559
0.380382
0.336308
0.0268765
0.0446005
0.358584
0.230143
0.436409
0.0192389
0.102251
0.0878389
0.125345
0.00669825
0.514236
0.58011
0.410156
0.236811
0.518272
0.170238
0.0490012
0.00341009
0.405973
0.521873
0.222049
0.500185
0.131447
0.100335
0.0476959
0.405212
0.243891
0.161913
0.324114
0.437661
0.300442
0.281776
0.0511537
0.0857985
0.0527456
0.40475
0.289174
0.0400098
0.243321
0.600316
0.219157
0.0123871
0.446594
0.166986
0.0102307
0.308888
0.00967363
0.0387354
0.393172
0.0639307
0.0429945
0.399865
0.0744311
0.0426879
0.375481
0.306606
0.528242
0.873892
0.0162759
0.000682294
0.320217
0.102015
0.292964
0.0521164
0.00875328
0.715789
0.181912
0.157321
0.252093
0.163923
0.279485
0.0562502
0.0224564
0.204711
0.296077
0.488242
0.34521
0.521855
0.229587
0.0970565
0.535383
0.000649875
0.0879945
0.358931
0.340638
0.331252
0.0013316
0.158525
0.0187194
0.0139589
0.0818165
0.0126265
0.397661
0.473446
0.203558
0.129104
0.0106762
0.435185
0.00629083
0.506544
0.0967625
0.0084901
0.00194022
0.280152
0.0120479
0.0283475
0.471851
0.367027
0.430774
0.0937247
0.191759
0.139202
0.301932
0.0799278
0.439788
0.0567693
4.86624e-05
0.000198388
0.243604
0.296476
0.309063
0.0825467
0.0623855
0.197541
0.461006
0.616285
0.186881
0.508659
0.695975
0.0750389
0.294928
0.698021
0.275273
0.00217731
0.597169
0.0899459
0.0923158
0.0359625
0.476575
0.0341554
0.310792
0.246575
0.00500533
0.452481
0.208453
0.000811258
0.617537
0.0235125
0.275709
0.367308
0.0668972
0.562247
0.426662
0.0478942
0.00618988
0.495698
0.161876
0.0372566
0.103435
0.0189814
0.371179
0.279305
0.216045
0.00122413
0.258567
0.00681537
0.0153966
0.447807
0.0749042
0.267979
0.381296
0.440792
0.458769
0.00024545
0.42774
0.0131688
0.564242
0.280417
0.469995
0.123082
0.152322
0.00204967
0.36063
0.433295
0.0150849
0.000100143
0.0869627
0.118075
0.649624
0.333842
0.289919
0.573354
0.314987
0.0536306
0.0844449
0.426864
0.199708
0.190788
0.103462
0.0375285
0.608104
0.03625
0.272631
0.0105625
0.102582
0.127301
0.449071
0.254171
0.0795025
0.41761
0.252896
0.273559
0.0062744
0.455399
0.718585
0.471826
0.00789238
0.0961692
0.631747
0.106889
0.457019
0.0279566
0.116334
0.298853
0.530009
0.00786313
0.394947
0.040366
0.00338132
0.0485638
0.298599
0.507518
0.0333706
0.0896795
0.0666101
0.21861
0.0619028
0.0512132
0.256193
0.369469
0.00241497
0.29025
0.104733
0.383023
0.231971
0.0870412
0.00522741
0.519849
0.507484
0.0060389
0.00135002
0.00342291
0.0126033
0.208049
0.00290434
0.00133146
0.0328198
0.4658
0.00972468
0.404154
0.282202
0.564234
0.0556499
0.0683231
0.428385
7.6745e-05
0.298644
0.00242043
0.347139
0.157159
0.283081
0.573553
0.249424
0.447492
0.160681
0.493127
0.286059
0.12713
0.216338
0.186934
0.51882
0.366597
0.00225994
0.44014
0.35945
0.0111332
0.0316774
0.467771
0.661642
0.579274
0.401713
0.0411824
0.340103
0.0278724
0.294074
0.543224
0.439741
0.678042
0.53782
0.349438
0.0399349
0.050678
0.459864
0.317896
0.738231
0.0340111
0.656196
0.306571
0.303244
0.100881
0.030227
0.189056
0.156817
0.257623
0.551641
0.864815
0.0110284
0.331804
0.194044
0.417303
0.0474705
0.341808
0.280561
0.108981
0.321769
0.0905522
0.355418
0.425182
0.0085044
0.123282
0.00700909
0.0963692
0.000590021
0.789493
0.0648258
0.242755
0.0418681
0.609668
0.0106599
0.127465
0.0178854
0.0837799
0.0745143
0.00981719
0.0506842
0.00917913
0.335518
0.104011
0.0460079
0.210829
0.18872
0.302284
0.315215
0.0567118
0.340936
0.000116604
0.550165
0.0946753
0.222043
0.371062
0.547934
0.459959
0.304454
0.0791727
0.000116188
0.297678
0.23005
0.0318688
0.0744796
0.00551684
0.00118937
0.0116022
0.298634
0.0838635
0.372229
0.598664
0.519692
0.183199
0.314426
0.0338969
0.0518675
0.455368
0.0338177
0.035075
3.08289e-05
0.351519
0.228968
0.188763
0.63744
0.393734
0.14087
0.113521
0.293633
0.503116
0.276089
0.00082439
0.0900171
0.0655064
0.000541585
0.212858
0.512169
0.017952
0.147974
0.0535414
0.478089
0.0977935
0.0876435
0.00237674
0.390973
0.350838
0.442971
0.0669526
0.0356052
0.0169939
0.077771
0.248041
0.142378
0.276892
0.076348
0.326603
0.272029
0.238717
0.234471
0.418222
0.417433
0.57764
0.0163047
0.363991
0.173592
0.0325555
0.551568
0.270363
0.201247
0.287887
0.333642
0.353541
0.346088
0.00931322
0.363022
0.274311
0.0313049
0.500599
0.244404
0.0377475
0.013457
0.381526
0.0797319
0.0322516
0.255685
0.55437
0.464595
0.0794364
0.0472042
0.609626
0.524012
0.352376
0.352472
0.695752
0.24865
0.0895492
0.20489
0.304954
0.220437
0.419498
0.0150839
0.100562
0.524302
0.00110724
0.0106632
0.530165
0.38046
0.132291
0.0921819
0.324988
0.108162
0.00435179
0.000968669
0.308085
0.0122911
0.446574
0.268675
0.114463
0.277941
0.351327
0.482788
0.781958
0.0319567
0.345094
0.422552
0.432353
0.0231498
0.729175
0.328698
0.0399564
0.553159
0.0241665
0.0818895
0.112853
0.429182
0.507345
0.00207553
0.0811964
0.000560242
0.138999
0.310897
0.023175
0.000243066
0.00775464
0.0283552
0.236466
0.239662
0.360108
0.066538
0.10028
0.0875466
0.413946
0.023856
0.48407
0.0200222
0.0103283
0.0628115
0.00674102
0.17779
0.0136921
0.125432
0.284466
0.484071
0.0273009
0.00147145
0.184946
0.00142401
0.356239
0.227703
0.367841
0.752009
0.425213
0.0330775
0.266306
0.259327
0.306097
0.09246
0.174335
0.103551
0.00193402
0.0479894
0.0777123
0.0548242
0.63252
0.00616787
0.116035
0.250249
0.2774
0.301595
0.368537
0.303171
0.0421057
0.118824
0.00192138
0.469661
0.0142192
0.102174
0.393049
0.372075
0.473241
0.25435
0.357626
0.431949
0.409224
0.0343439
0.00106418
0.343761
0.102785
0.394846
0.0123657
0.0279447
0.269181
0.0376574
0.0158068
0.217117
0.298618
0.541054
0.330316
0.31488
0.000156373
0.0127514
0.216295
0.00405463
0.51421
0.0559802
0.347609
0.101903
0.461488
0.277058
0.243215
0.305029
0.0197803
0.103299
0.320201
0.111457
0.304195
0.465519
0.153373
0.0363862
0.0201902
0.0626676
0.01042
0.16356
0.297745
0.148069
0.326948
0.24528
0.464008
0.20374
0.694108
0.392264
0.0452105
0.555251
0.528988
0.0720713
0.0266172
0.038248
0.0562738
0.220604
0.0573919
0.0923879
0.329883
0.0551901
0.0108415
0.278103
0.211836
0.0395259
0.0347476
0.141877
0.68297
0.215969
0.517582
0.0261275
0.405092
0.316486
0.0616295
0.0848259
0.307136
0.210205
0.37308
0.00883597
0.341617
0.185662
0.00627587
0.572303
0.686072
0.308094
0.0161838
0.060486
0.175862
0.390742
0.189272
0.341166
0.400998
0.486894
0.00173893
0.0371461
0.0433398
0.48803
0.00381968
0.558176
0.131674
0.0827078
0.148424
0.0848064
0.0956468
0.0990165
0.0224802
0.121393
0.171807
0.375718
0.364815
0.227461
0.00520548
0.0403085
0.00910739
0.366436
0.645992
0.127355
0.115002
0.454774
0.621005
0.358141
0.0241447
0.430953
0.0186541
0.299268
0.0670969
0.119301
0.159952
0.510074
0.0948337
0.00844467
0.0913936
0.0420795
0.239648
0.0722186
0.452021
0.0136855
0.0408515
0.212103
0.227561
0.378365
0.00103948
0.0081106
0.049872
0.14361
0.154674
0.582642
0.376016
0.421452
0.611265
0.614718
0.471439
0.340085
0.0982771
0.0429433
0.645829
0.356831
0.00484625
0.264358
0.186578
0.464644
0.265649
0.536212
0.0605299
0.107972
0.0771633
0.482584
0.12568
0.21098
0.029698
0.17445
0.0279178
0.0541535
0.467843
0.259465
0.479483
0.0300722
0.0226042
0.151237
0.567183
0.471472
0.352933
0.0795133
0.2711
0.216939
0.376881
0.31138
0.150139
0.117098
0.0361814
0.00644295
0.163985
0.000480178
0.283368
0.14723
0.141807
0.310906
0.00237379
0.309706
0.00024164
0.0518419
0.463138
0.244034
0.00558441
0.0322327
0.0614109
0.0114186
0.0815201
0.0654801
0.6791
0.0888755
0.284462
0.0016664
0.0920839
0.0378814
0.0379391
0.0750733
0.0012181
0.141309
0.245542
0.0220044
0.0765232
0.292886
0.473662
8.00161e-05
0.643426
0.10539
0.00834364
0.029692
0.078682
0.247154
0.00427133
0.479707
0.000549256
0.139231
0.000888405
0.0125419
0.355227
0.135384
0.356211
0.10473
0.382068
0.34025
0.177166
0.107163
0.245463
0.502001
0.43342
0.0658846
0.00327559
0.0159902
0.527991
0.291687
0.436852
0.0992387
0.269692
0.0362428
0.257198
0.550464
0.245204
0.0259593
0.0125319
0.239209
0.0485884
0.350408
0.0116899
0.227458
0.0207128
0.296078
0.771901
0.237213
0.0718915
0.234264
0.284802
0.227211
0.177088
0.399548
0.367353
0.256813
0.347939
0.13969
0.0164064
0.0122859
0.00761267
0.22518
0.514813
0.504729
0.0161582
0.203414
0.412114
0.316216
0.0534224
0.188183
0.242747
0.312632
0.606109
0.264093
0.11133
0.0990344
0.133197
0.220925
0.618648
0.290878
0.290696
0.402461
0.0527909
0.165996
0.307313
0.0257488
0.00784127
0.000453677
0.539524
0.00750836
0.323571
0.797324
0.316624
0.780838
0.397205
0.341534
0.166574
0.000438432
0.541347
0.704595
0.466704
0.0585234
0.0652526
0.351366
0.600187
0.32524
0.161497
0.00044996
0.0004631
0.000597231
0.0243014
0.607656
0.159397
0.113917
0.109609
0.295623
0.0203756
0.0600515
0.110131
0.748235
0.0465895
0.0672409
0.0668318
0.134624
0.241326
0.137848
0.00989764
0.308041
0.565269
0.0155249
0.0844836
0.0253934
0.0369851
0.252298
0.413948
0.358202
0.217919
0.144038
0.237884
0.384575
0.3831
0.156767
0.012894
0.224071
0.617453
0.00143024
0.0615822
0.547431
0.123112
0.196216
0.0163418
0.437867
0.450514
6.58778e-07
0.15689
0.229266
0.435745
0.513413
0.328135
0.633584
0.268562
0.0573613
0.146603
0.0248502
0.195478
0.0882218
0.078943
0.797599
0.188357
0.312567
0.461096
0.604422
0.216069
0.358624
0.0776467
0.207274
0.0735294
0.0212028
0.00160032
0.0527966
0.444487
0.590114
0.626545
0.470996
0.55265
0.00740723
0.202016
0.126898
0.105209
0.0170324
0.179175
0.223227
0.00262676
0.00296808
0.40966
0.00813481
0.262285
0.193154
0.129778
0.112148
0.195672
0.0765238
0.0263986
0.00836824
0.262483
0.053216
0.0106913
0.455525
0.00650478
0.167339
0.308734
0.025968
0.16191
0.455342
0.4469
0.405853
0.356615
0.0929473
0.00546761
0.638082
0.305367
0.443899
0.682579
0.310141
0.165797
0.411716
0.144567
0.041526
0.456785
0.725848
0.0187452
0.0269159
0.104953
0.0326554
0.285672
0.210185
0.0431966
0.252853
0.14225
0.00951646
0.0357421
0.00218596
0.798974
0.00374911
0.146516
0.226571
0.199732
0.508248
0.333784
0.0186792
0.0559846
0.00302049
0.0601899
0.50221
0.0942283
0.342666
0.55294
0.299746
0.0020244
0.389697
0.582136
0.042537
0.07031
0.0441607
0.343813
0.0988554
0.538844
0.216667
0.00363674
0.420112
0.121698
0.000634909
0.124016
0.0519289
0.0608232
0.030895
0.289203
0.0504446
0.217587
0.315767
0.00142026
0.167497
0.429764
0.235124
0.364808
0.241714
0.0399832
0.328978
0.0464526
0.535442
0.136918
0.197858
0.410131
0.00384806
0.0138555
0.358433
0.202805
0.421017
0.219824
0.0750978
0.137276
0.0197549
0.307599
0.0367082
0.400666
0.502544
0.434149
0.145616
0.396076
0.143225
0.340665
0.15349
0.287019
0.0519623
0.00170919
0.0451393
0.134727
0.102444
0.527318
0.406026
0.0119887
0.337705
0.214417
0.64688
0.405311
0.0694183
0.622113
0.292674
0.453315
0.0833854
0.0213887
0.0708648
0.059693
0.309908
0.00751155
0.252284
0.495796
0.693802
0.413685
0.00203385
0.362049
0.586507
0.306366
0.000640952
0.350516
0.375581
0.538873
0.200999
0.0650851
0.00959679
0.0455671
0.395232
0.16101
0.0678926
0.0734746
0.118456
0.0614545
0.113731
0.346255
0.0470604
0.0711951
0.17326
0.0214427
0.327053
0.324367
0.0113396
0.279902
0.052906
0.024953
0.113404
0.164283
0.0327967
0.14286
0.548521
0.0447561
0.362968
0.159754
0.314493
0.154
0.390081
0.149427
0.614869
0.202414
0.532989
0.00878345
0.438308
0.387579
0.0725622
0.601085
0.00274089
0.199772
0.344159
0.448388
0.0141175
0.297983
0.35895
0.154383
0.322368
0.274438
0.00538269
0.0889749
0.316535
0.113814
0.00255425
0.122413
0.304915
0.000596138
0.301558
0.0108125
0.13563
0.0429573
0.256537
0.200011
0.209513
0.00164745
0.312616
0.150589
0.235325
0.158286
0.318771
0.00883237
0.655181
0.491355
0.0619798
0.00488567
0.000620539
0.349893
0.0692339
0.0124065
0.0340377
0.00358012
0.00305235
0.354115
0.00989379
0.0767429
0.00469355
0.527529
0.293614
0.421725
0.251687
0.338076
0.514342
0.319313
0.0234303
0.285894
0.0359171
0.139556
0.285301
0.127511
0.0303353
0.0519163
0.50953
0.194463
0.535157
0.268014
0.0109238
0.612652
0.358386
0.442924
0.0999589
0.469817
0.36009
0.571037
0.000396528
0.17745
0.185213
0.155469
0.324956
0.00294802
0.0497717
0.638411
0.0219769
0.0979213
0.0344199
0.364177
0.195583
0.168681
0.405934
0.139448
0.0640066
0.0257561
0.236043
0.0968495
0.346839
0.29491
0.182303
0.55191
0.449136
0.0363994
0.0732654
0.0909655
0.464305
0.0542324
0.292982
0.0181302
0.000420727
0.0935257
0.29046
0.179086
0.00402654
0.500085
0.12695
0.376391
0.556747
0.245854
0.16251
0.0347699
0.0280064
0.242897
0.0361029
0.105915
0.0220944
0.00154472
0.279251
0.0231323
0.0212026
0.373533
0.246435
0.328674
0.0965067
0.419527
0.0121133
0.0125997
0.392631
0.124371
0.608596
0.320518
0.0344776
0.033446
0.0426537
0.264166
0.00785483
0.00571586
0.00472849
0.0051163
0.101707
0.197225
0.406266
0.287717
0.00658612
0.613691
0.131111
0.232407
0.140734
0.262276
0.01205
0.0628032
0.199609
0.0786754
0.179155
0.07321
0.0195946
0.0607835
0.463753
0.44204
0.507702
0.216488
0.492427
0.440324
0.371609
0.0282426
0.00196235
0.141111
0.261766
0.457201
0.0004134
0.279754
7.05832e-06
0.392779
0.635322
0.113911
0.400391
0.196576
0.141702
0.299541
0.113639
0.00135135
0.0898923
0.0516111
0.401251
0.656457
0.475702
0.35794
0.0548394
0.00160017
0.403834
0.00668232
0.309385
0.000144544
0.0396838
0.108927
0.541952
0.00263451
0.50907
0.136216
0.138858
0.160671
0.000306812
0.119289
0.1975
0.0215951
0.125996
0.229272
0.505452
0.00671834
0.38038
0.0860595
0.148761
0.30012
0.160424
0.0602202
0.0711164
0.554996
0.52387
0.0942627
0.114419
0.016702
0.608392
0.320712
0.301667
0.197649
0.322906
0.497186
0.389343
0.0584879
0.0259741
0.00849046
0.00617114
0.0330642
0.490284
0.0213984
0.0764091
0.020067
0.00200865
0.240747
0.523036
0.157766
0.00192066
0.298832
0.305211
0.200826
0.538978
0.00753952
0.0386197
0.106405
0.52977
0.338128
0.507461
0.470651
0.322331
0.0111606
0.00659676
0.356529
0.108167
0.215973
0.095047
0.448417
0.292935
0.412355
0.000233739
0.0222892
0.747999
0.0339179
0.0673594
0.111587
0.181775
0.17911
0.301304
0.00614287
0.246422
0.338187
0.463297
0.0189981
0.120214
0.436405
0.451
0.0660147
0.101691
0.420256
0.408684
0.226432
0.30493
0.0798653
0.174793
0.232505
0.0243719
0.0107261
0.195673
0.149631
0.0109058
0.384169
0.340159
0.621671
0.0599547
0.44448
0.0462168
0.713396
0.0775025
0.144111
0.0401912
0.00150638
0.432646
0.0465934
0.289194
0.502013
0.323494
0.143685
0.312712
0.369241
0.314032
0.373611
0.0152681
0.210927
0.11095
0.587556
0.0825433
0.217973
0.296224
0.556895
0.511767
0.193838
0.197625
0.19113
0.220059
0.3914
0.110343
0.662446
0.340607
0.0699742
0.0366054
0.418076
0.130459
0.166917
0.0495043
0.232551
0.00222534
0.244441
0.218427
0.101291
0.269487
0.259034
0.134062
0.144241
0.489017
0.0600398
0.273319
0.0237778
0.145481
0.304583
0.0616208
0.206492
0.293349
0.00300457
0.26844
0.315337
0.147545
0.378661
0.459765
0.0276378
0.415196
0.209323
0.542889
0.00224287
0.578656
0.349832
0.0131951
0.107892
0.0124988
0.00194151
0.207045
0.330669
0.13531
0.39179
0.259627
0.301943
0.0219364
0.0975412
0.447481
0.312855
0.202085
0.413698
0.140791
0.0911693
0.107978
0.311729
0.160835
0.0619443
0.00657143
0.168302
0.320879
0.384505
0.461687
0.313129
0.275199
0.0355286
0.263245
0.15158
0.00567356
0.220769
0.0667893
0.322116
0.265551
0.00070098
0.60572
0.00495164
0.0207607
0.119036
0.121632
0.177897
0.439511
0.65761
0.298802
0.00549897
0.00285384
0.0266751
0.0966898
0.0284706
0.235212
0.344567
0.0871009
0.294212
0.257887
0.261917
0.278428
0.2806
0.33748
0.103982
0.0605736
0.00756736
0.241499
0.00396698
0.582989
0.306821
7.45358e-05
0.00163739
0.0634234
0.307989
0.00324777
0.134609
0.0886576
0.316741
0.00498532
5.63601e-05
0.129331
0.0059246
0.405706
0.446356
0.44437
0.00893069
0.529006
0.355942
0.000620689
0.133065
0.0809567
0.00962371
0.278695
0.156944
0.0566328
0.300245
0.102023
0.0102723
0.467492
0.175506
0.0791052
0.264593
0.276833
0.0576101
0.22457
0.397819
0.0945225
0.207569
0.380518
0.0118436
0.0102956
0.272492
0.00011362
0.274092
0.041718
0.562047
0.391551
0.479297
0.561525
0.00243116
0.00899432
0.266813
0.000139838
0.00548905
0.0931064
0.2852
0.249005
0.00123913
0.300123
0.285385
0.537226
0.000136031
0.437388
0.006876
0.376863
1.22681e-05
0.053173
0.0141827
0.0710849
0.00684153
0.223236
0.0774236
0.0301829
0.351923
0.0622632
0.00254466
0.329051
0.291794
0.214649
0.0949252
0.155637
0.00965895
0.25582
0.380803
0.0584273
0.313081
0.329446
0.113938
0.34432
0.0493383
0.361181
0.403015
0.446499
0.317474
0.270021
0.0861038
0.610816
0.0151495
0.34896
0.0049558
0.152495
0.079474
0.000135716
0.196272
0.13465
0.355347
0.00201683
0.0107299
0.454521
0.00178429
0.183022
0.00529978
0.0086839
0.351436
0.498731
0.0374715
0.168481
0.0214466
0.378524
0.513429
0.314394
0.213566
0.0467743
0.322716
0.815542
0.000143306
0.176077
0.0287963
0.284314
0.584395
0.433807
0.604482
0.179466
0.327651
0.0701921
0.156732
0.248166
0.309731
0.0116333
0.242802
0.106236
0.226553
0.0180284
0.354416
0.0461196
0.160653
0.256987
0.00405794
0.000143564
0.00250861
0.39266
0.0554452
0.270125
0.398102
0.250809
0.279905
0.0976626
0.056944
0.0384071
0.395975
0.324797
0.403708
0.0923583
0.20656
0.0424568
0.0162554
0.320837
0.0647326
0.0711639
0.147139
0.0437586
0.274294
0.350197
0.00148572
0.257433
0.261095
0.255761
0.273781
0.254795
0.0355415
0.349669
0.00718197
0.175032
0.603334
0.226912
0.0723214
0.0342573
0.170294
0.138837
0.00733665
0.679816
0.0446675
0.103965
0.0629061
0.0767254
0.000260071
0.317678
0.189688
0.000101847
0.575641
0.420385
0.244495
0.294824
0.565506
0.0011937
0.325766
0.284452
0.0165628
0.298564
0.321763
0.00411792
0.219059
0.275537
0.0132163
0.253002
0.113877
0.423874
0.217432
0.600983
0.0852247
0.0180975
0.302858
0.389059
0.54832
0.0103069
0.267818
0.0923026
0.369594
0.110095
0.0152757
0.137066
0.300343
0.118339
0.0294344
0.396402
0.419391
0.34934
0.497887
0.704048
0.0945186
0.155789
0.412328
0.115253
0.197623
0.1618
0.233903
0.342853
0.160725
0.422775
0.452662
0.012481
0.365756
0.00320158
0.00374546
0.0526673
0.71424
0.213949
0.05741
0.512077
0.506612
0.0402592
0.131421
0.54451
0.41807
0.583831
0.0627793
0.00612051
0.314058
0.218951
0.0902153
0.562376
0.284853
0.0666629
0.00136292
0.296897
0.0346116
0.121156
0.00274298
0.276205
0.409709
0.692774
0.444197
0.088446
0.140824
0.168959
0.101458
0.0867015
0.0710175
0.449971
0.352716
0.271481
0.00457898
0.264237
0.335989
0.0420197
0.00677885
0.0224445
0.210614
0.230202
0.01294
0.636084
0.193208
0.0415311
0.305337
0.0136234
0.466719
0.00433874
0.352606
0.705471
0.001308
0.252918
0.294208
0.45884
0.461536
0.0134769
0.00135293
0.218064
0.069613
0.321894
0.514885
0.409157
0.2119
0.17238
0.209505
0.425167
0.264274
0.321254
0.16785
0.1117
0.0765317
0.0410273
0.721726
0.0235824
0.000992415
0.499995
0.534862
0.12124
0.18667
0.00567301
0.0011729
0.054035
0.382049
0.180151
0.256029
0.5792
0.284766
0.00293
0.69475
0.324905
0.540781
0.24207
0.349338
0.128456
0.027145
0.424137
0.425877
0.0838872
0.00966208
0.308404
0.0193311
0.398547
0.247101
0.474229
0.104198
0.0753277
0.182202
0.0688406
0.425348
0.00532841
0.291478
0.125231
0.079368
0.256833
0.000249169
0.139333
0.376571
0.0960992
0.00210277
0.177198
0.629029
0.32881
0.502
0.325349
0.512192
0.259087
0.0159413
0.0171536
0.367806
0.260099
0.0814041
0.490062
0.0893303
1.0035e-05
0.00596239
0.00299674
0.196736
0.203969
0.0517205
0.132227
0.400316
0.279077
0.0312524
0.00196592
0.0964338
0.0711204
0.292995
0.0392956
0.143112
0.14179
0.402633
0.298053
0.249525
0.144078
0.596525
0.000942208
0.352711
0.0542231
0.160304
0.200026
0.0767956
0.0363016
0.000899943
0.21304
0.317938
0.31857
0.121548
0.07423
0.33812
0.116808
0.14665
0.00615997
0.278468
0.0559251
0.21758
0.465892
0.195198
0.639002
0.481836
0.390649
0.0506612
0.00409179
0.582434
0.0760798
0.276968
0.380649
0.0793347
0.26042
0.261189
0.0888872
0.0146083
0.537997
0.100481
0.307063
0.658848
0.26695
0.288463
0.471591
0.532692
0.0797607
0.0277106
0.396272
0.456104
0.00232439
0.511675
0.409243
0.296258
0.0791376
0.269711
0.43549
0.323193
0.418049
0.272142
0.214674
0.227256
0.133254
0.0150836
0.00692118
0.0501427
0.0384046
0.335545
0.185263
2.37627e-05
0.346603
0.000568703
0.460027
0.633169
0.0864972
0.27636
0.00915997
0.443421
0.479076
0.651247
0.341243
0.00356476
0.0233699
0.272307
0.0547009
0.292653
0.299934
0.284483
0.146498
0.166438
0.167442
0.247391
0.703251
0.277156
0.186528
0.142519
0.0612417
0.565384
0.495921
0.0123086
0.0136441
0.0111548
0.484185
0.267247
0.026954
0.000241848
0.506308
0.259243
0.25999
0.0516522
0.61279
0.400046
0.0230387
0.0365034
0.254495
0.278258
0.343966
0.0892934
0.100208
0.353368
0.175463
0.192141
0.227942
0.332491
0.621053
0.0539534
0.0216468
0.131979
0.00516296
0.157058
0.535273
0.308543
0.25219
0.616612
0.0128683
0.0634426
0.0527806
0.681724
0.0135873
0.493284
0.392414
0.733591
0.167244
0.00318038
0.194685
0.218242
0.450899
0.483205
0.581969
0.22535
0.744045
0.0148223
0.136557
0.306664
0.329543
0.524675
0.682211
0.242664
0.245714
0.261466
0.472773
0.0640675
0.0318487
0.129061
0.0489918
0.364278
0.377309
0.0320717
0.21557
0.113894
0.247366
0.185831
0.265404
0.381902
0.000681087
0.0532789
0.289928
0.00995585
5.81728e-05
0.0553014
0.0645557
0.223083
0.0470499
0.441407
0.585144
0.422577
0.0501656
0.596778
0.235102
0.000953064
0.00649622
0.344788
0.0230519
0.0968789
0.543231
0.301701
0.0157789
0.0678261
0.1256
0.358086
0.486922
0.377526
0.0214509
0.472534
0.81377
0.413098
0.539182
0.362309
0.0127223
0.539028
0.0430054
0.479896
0.0243003
0.291841
0.0517374
0.0826486
0.292394
0.00627558
0.251668
0.0489108
0.0327671
0.0617302
0.00768071
0.320674
0.00564654
0.0304492
0.00280863
0.361868
0.0708854
0.00848833
0.418053
0.451814
0.0207286
0.300794
0.069839
0.592608
0.246283
0.670063
0.00692868
0.681946
0.600739
0.00907514
0.112434
0.0415167
0.255615
0.0924205
0.151826
0.349703
0.00636932
0.01614
0.469199
0.177969
0.464762
0.748888
0.618792
0.437263
0.412139
0.0784226
0.0133607
0.270681
0.293483
0.298379
0.113185
0.17083
0.655572
0.653999
0.0462296
0.0541212
0.485879
0.00115082
0.476913
0.0256271
0.474655
0.0778524
0.00565153
0.263869
0.324346
0.319485
0.0439389
0.134131
0.284368
0.0656929
0.313226
0.0273152
0.486995
0.321389
0.215687
0.245285
0.0459264
0.184547
0.0980404
0.419693
0.715149
0.439215
0.630553
0.0533955
0.566147
0.284438
0.00731161
0.0734422
0.0571518
0.231196
0.00349551
0.471401
0.361334
0.0484975
0.0438985
0.128087
0.289542
0.0368858
0.00058293
0.245215
0.0668318
0.142119
0.117386
0.00632953
0.0450132
0.0609868
0.252963
0.543779
0.294836
0.0963336
0.403778
0.331859
0.226639
0.733701
0.0612664
0.186804
0.0383851
0.293017
0.302818
0.237196
0.328765
0.211254
0.307726
0.281796
0.127407
0.0140451
0.0139211
0.0222874
0.00301225
0.0216245
0.183346
0.443064
0.0530894
0.285783
0.00254195
0.149619
0.298208
0.259812
0.0507376
0.644436
0.000702552
0.413984
0.154781
0.0242231
0.184832
0.1143
0.202145
0.00830805
0.346497
0.136531
0.267042
0.399779
0.0187836
0.200263
0.0150445
0.206094
0.803049
0.300399
0.59254
0.27333
0.342441
0.100238
0.167821
0.164768
0.0184877
0.120346
0.145808
0.187656
0.0479928
0.765203
0.322136
0.00153884
0.221467
0.188423
0.321363
0.438531
0.63213
0.120103
0.304159
0.394902
0.273694
0.484277
0.524745
0.267637
0.00996394
0.0248821
0.305596
0.00188542
0.444613
0.281759
0.114417
0.548
0.0826554
0.242577
0.116179
0.572337
0.214264
0.106478
0.0106862
0.111272
0.606475
0.5156
0.00534151
0.378077
0.0975911
0.0620585
0.340485
0.325109
0.0457939
0.184667
0.0411065
0.0514724
0.169197
0.135197
0.513069
0.271267
0.0888419
0.0266058
0.336514
0.0375845
0.157889
0.0997341
0.480315
0.254675
0.407246
0.0149659
0.260412
0.000461201
0.283574
0.208875
0.0755361
0.669179
0.401824
0.00252495
0.385909
0.00889807
0.574909
0.0205274
0.0932305
0.433332
0.00908303
0.225956
0.0783902
0.495514
0.43087
0.27956
0.211313
0.502484
0.293933
0.35435
0.343867
0.320907
0.614325
0.0137986
0.0587642
0.116395
0.0762465
0.0243598
0.558885
0.410241
0.0157349
0.400911
0.129795
0.229028
0.0492645
0.628099
0.0539892
0.074835
0.566128
0.361521
0.626238
0.128907
0.38619
0.0882008
0.0296426
0.0977813
0.364162
0.511801
0.0944659
0.08866
0.294581
0.320827
0.119149
0.0142704
0.00178191
0.398121
0.307099
0.510833
0.0623221
0.247951
0.0201374
0.357435
0.430043
0.612912
0.130656
0.0139331
0.155035
0.00341495
0.00477104
0.31382
0.360425
0.0347445
0.0345919
0.275487
0.0261891
0.0749023
0.0840113
0.463197
0.467664
0.309357
0.0203916
0.0347901
0.302677
0.611483
0.388611
0.427268
0.0105189
0.291303
0.00382888
0.145474
0.274747
0.389522
0.0031498
0.563495
0.686476
0.316969
0.017209
0.0536997
0.025219
0.0106842
0.065861
0.00401815
0.148456
0.0365511
0.230445
0.0613194
0.00602877
0.00530584
0.00758554
0.106998
0.0336203
0.0457414
0.175825
0.0475616
0.473084
0.530289
0.6219
0.0735243
0.275732
0.225316
0.104237
0.301125
0.23665
0.55713
0.00270892
0.0265568
0.311401
0.0159069
0.340656
0.357485
0.278672
0.0175831
0.340127
0.37989
0.358324
0.105526
0.0434738
0.00128113
0.0247404
0.582212
0.464482
0.260763
0.0139289
0.546506
0.0194174
0.412981
0.458988
0.0482198
0.234927
0.199892
0.0334429
0.192709
0.207884
0.536053
0.307709
0.208421
0.291657
0.0224009
0.414863
0.0660905
0.163013
0.154327
0.574057
0.177215
0.648199
0.0188434
0.00565516
0.0552616
0.426915
0.118826
0.350634
0.183338
0.0134025
0.485225
0.210112
0.293055
0.00301094
0.299431
0.0559656
0.213873
0.328961
0.317115
0.543921
0.000515903
0.205052
0.000602603
0.000975747
0.634353
0.0526818
0.219708
0.0410211
0.409852
0.0188803
0.21241
0.296536
0.0424011
0.0209293
0.0133228
0.195358
0.479503
0.0116786
0.399503
0.259968
0.136932
5.87251e-05
0.319823
0.251529
0.00747007
0.0109856
0.36189
0.087638
0.23906
0.0610834
0.118804
0.38466
0.60572
0.283062
0.0694747
0.273852
0.0407678
0.530112
0.00124698
0.437925
0.0281091
0.356533
0.422477
0.202125
0.0447002
0.498334
0.223616
0.202997
0.243364
0.0817708
0.0163542
0.326852
0.0376682
0.46118
0.0468603
0.0141895
0.0814668
0.220648
0.0580559
0.0503905
0.00162111
0.430377
0.147738
0.0934716
0.101791
0.341337
0.00218845
0.0687727
0.310577
0.377372
0.524674
0.00345134
0.331908
0.00136938
0.240975
0.369213
0.330215
0.228548
0.00117419
0.0278572
0.411595
0.150914
0.673942
0.253255
0.39752
0.298569
0.404133
0.106543
0.727477
0.0780438
0.0711569
0.442414
0.0137111
0.235308
0.242739
0.448889
0.129342
0.0125679
0.718196
0.0303708
0.526346
0.0329247
0.088603
0.0952908
0.17192
0.353352
0.173578
0.278873
0.0213022
0.123194
0.642841
0.010883
0.357801
0.335016
0.0023264
0.535995
0.18886
0.00732392
0.464665
0.0444741
0.578375
0.135683
0.174081
0.266134
0.000608195
0.654133
0.0366482
0.0806008
0.247836
0.00987373
0.0172025
0.252316
0.494771
0.507547
0.0628179
0.000223773
0.521105
0.263207
0.29859
0.551555
0.269634
0.200981
0.190079
0.464688
0.000912581
0.0614745
0.00273851
0.0362125
0.299397
0.683902
0.603604
0.363127
0.182758
0.431981
0.21289
0.53388
0.0325212
0.00120752
0.159405
0.103572
0.350574
0.00753291
0.519734
0.148739
0.0304586
0.152529
0.165551
0.0102376
0.0787071
0.60361
0.824492
0.395507
0.434026
0.254971
0.121513
0.283107
0.28628
0.0424042
0.000320998
0.110823
0.156699
0.179684
0.123526
0.0101627
0.232509
0.613878
0.0442368
0.207049
0.190176
0.0275265
0.0228967
0.356744
0.151495
0.34941
0.169042
0.369047
0.0225378
0.242867
0.0277943
0.0315546
0.0392346
0.253878
0.374063
0.0487133
0.379503
0.155621
0.648159
0.00646856
0.502778
0.438617
0.665364
0.197084
0.0457077
0.0418579
0.119919
0.0802515
0.422529
0.0067437
0.336947
0.0856676
0.390767
0.367702
0.444769
0.380517
0.177761
0.267972
0.461824
0.43443
0.129567
0.235409
0.0391502
0.194889
0.0285675
0.137503
0.130799
0.129219
0.0283398
0.157925
0.283499
0.0829877
0.224276
0.206901
0.0640895
0.0260193
0.492991
0.343475
0.142809
0.45769
3.83725e-05
0.211066
0.0105147
0.0877222
0.0100255
0.108557
0.353111
0.0815398
0.368359
0.120755
0.428018
0.209715
0.350287
0.498198
0.307121
0.0354167
0.118935
0.0017063
0.262285
0.00167711
5.33095e-05
0.207734
0.554145
0.0944633
0.0424848
0.127088
0.245395
0.00159931
0.0623358
0.286394
0.0618019
0.0140633
0.235026
0.00182785
0.398005
0.132451
0.0491007
0.00901445
0.090049
0.0607552
0.320823
0.0561503
0.0395629
0.32715
0.218871
0.292236
3.5152e-05
0.322687
0.428944
0.312401
0.507801
0.131151
0.345487
0.332657
0.403399
0.457828
0.00108169
0.220361
0.0350558
0.544168
0.00123654
0.195059
0.108756
0.422603
0.602603
0.0995277
0.314159
0.52648
0.353267
0.347926
0.53023
0.0915732
0.00853647
0.356522
0.40185
0.553688
0.0162383
0.123823
0.133529
0.14567
0.61215
0.301254
0.363968
0.263311
0.32266
0.0135522
0.0738151
0.0509624
0.0281493
0.00105727
0.0111144
0.173433
0.227765
0.532627
0.551385
0.417992
0.441866
0.246426
0.00284958
0.491039
0.110617
0.000440788
0.000611473
0.428125
0.010259
0.00717603
0.0963176
0.275157
0.0119969
0.049884
0.244066
0.00147774
0.00516311
0.574132
0.465302
0.158174
0.0540532
0.0352215
0.307722
0.386423
0.0302464
0.322116
0.332335
0.320327
0.130469
0.362687
0.312544
0.0812383
0.300068
0.172165
0.641057
0.227735
0.182752
0.294775
0.029835
0.188047
0.257047
0.171847
0.390732
0.0121787
0.384564
0.0631058
0.229885
0.200449
0.141881
0.153104
0.362197
0.0936747
0.218596
0.380395
0.00105577
0.304097
0.467766
0.0109885
0.111679
0.431833
0.0252659
0.000656449
0.0027597
0.28208
0.0381187
0.196668
0.335152
0.0193814
0.368804
0.0640482
0.414665
0.0209945
0.0762673
0.400974
0.161169
0.457856
0.253754
0.0020896
0.295341
0.39233
0.320885
0.201661
0.478793
0.38415
0.433604
0.0922948
0.513184
0.467378
0.45902
0.369859
0.0254345
0.312666
0.0547479
0.758606
0.205359
0.373579
0.00297836
0.000799254
0.237463
0.431466
0.043607
0.271373
0.208541
0.637075
0.00259541
0.231089
0.158201
0.14824
0.164665
0.296174
0.214631
0.173346
0.228006
0.00159399
0.0119157
0.477617
0.134413
0.500671
0.303632
0.50152
0.648914
0.286473
0.171035
0.61042
0.56999
0.00670359
0.546571
0.241515
0.0255052
0.102123
0.136402
0.276227
0.293999
0.000991673
0.0443874
0.444156
0.296372
0.456614
0.429486
0.00807694
0.00522449
0.420188
0.018201
0.000455551
0.396996
0.279328
0.296274
0.0111807
0.670154
0.00860526
0.0943575
0.374058
0.733116
0.596903
0.0727343
0.00106089
0.130103
0.302489
0.381444
0.307224
0.316995
0.051504
0.267649
0.231469
0.000178579
0.00591998
0.0209992
0.227061
0.0473166
0.36427
0.152427
0.21764
0.37326
0.107672
0.0021249
0.33873
0.267031
0.245507
0.0154104
0.110285
0.20737
0.0315964
0.434489
0.27502
0.0374019
0.143667
0.383972
0.0537705
0.358104
0.366211
0.0114159
0.715492
0.501336
0.18882
0.450815
0.0412044
0.126254
0.136916
0.375414
0.177394
0.0331618
0.0116288
0.603567
0.00154479
0.0133117
0.249019
0.0518705
0.48294
0.535387
0.562757
0.013182
0.0759837
0.0384422
0.00714941
0.23964
0.0592204
0.00187139
0.419101
0.0921129
0.273349
0.137852
0.157088
0.00715351
0.0365313
0.247448
0.161116
0.227017
0.0328166
0.259281
0.0157578
0.717641
0.0270129
0.0480091
0.210537
0.554693
0.113086
0.0372775
0.480202
0.229748
0.221108
0.312993
0.263133
0.0957482
0.0779192
0.00786312
0.131291
0.0213961
0.230328
0.00443542
0.376124
0.582546
0.15496
0.038529
0.0079735
0.000135865
0.378279
0.44214
0.506433
0.325764
0.431997
0.242196
0.0663264
0.296239
0.234487
0.359693
0.000515989
0.0277043
2.44495e-05
0.508574
0.412104
0.000644052
0.00177035
0.652332
0.0939742
0.676969
0.284416
0.406278
0.488998
0.256985
0.298147
0.245575
0.0303888
0.00147998
0.0909534
0.265074
0.460632
0.637564
0.314809
0.0308414
0.415775
0.156125
0.292176
0.345663
0.254241
9.27212e-06
0.274596
0.173725
0.433588
0.517184
0.221507
0.00130372
0.519099
0.203043
0.0670947
0.0475449
0.00656447
0.533342
0.351801
0.247682
0.530954
0.680104
0.470558
0.421488
0.348483
0.160266
0.149916
0.16851
0.353835
0.39695
0.000766786
0.103909
0.710803
0.232612
0.346091
0.28308
0.201256
0.223639
0.363608
0.284138
0.551044
0.0147547
0.124102
0.281556
0.130697
0.00139295
0.316731
0.428775
0.25032
0.29921
0.0665638
0.311845
0.255148
0.124992
0.492857
0.228502
0.380005
0.164574
0.131057
0.137025
0.33621
0.452914
0.366412
0.331666
0.23127
0.113372
0.0858416
0.00630777
0.365095
0.30943
0.213943
0.036907
0.0135234
0.721708
0.378796
0.0719453
0.050627
0.00935691
0.293264
0.11364
0.356945
0.361954
0.0587409
0.338911
0.0382872
0.247485
0.194541
0.393522
0.472694
0.302794
0.256492
0.059916
0.167064
0.0687386
0.281714
0.0913187
0.474188
0.235999
0.307389
0.394826
0.189813
0.176203
0.198885
0.0552903
0.170094
0.251066
0.0373877
0.00428165
0.691953
0.0398313
0.380495
0.019982
0.414052
0.306758
0.391759
0.277744
0.410872
0.0438614
0.29002
0.58266
0.114745
0.629677
0.44305
0.00248362
0.352948
0.2533
0.202458
0.0311128
0.630163
0.256734
0.178881
0.181332
0.479221
0.611258
0.137688
0.338974
0.0102299
0.393516
0.243284
0.274776
0.488272
0.0156953
0.300694
0.0859196
0.00151267
0.0818906
0.477204
0.0422241
0.385487
0.542089
0.241328
0.246355
0.0432246
0.0517659
0.57243
0.079502
0.57407
0.00357983
0.286991
0.402821
0.119489
0.354112
0.241529
0.191349
0.484838
0.0454615
0.149695
0.312264
0.461071
0.598281
0.0366652
0.279582
0.0496418
0.127302
0.00100242
0.582633
0.000929441
0.0147547
0.519354
0.0203191
0.291198
0.379134
0.200047
0.35359
0.270461
0.225366
0.418663
0.339345
0.297677
0.026243
0.173595
0.131799
0.339438
0.315566
0.0560426
0.075301
0.52456
0.495965
0.0506731
0.00416372
0.0836146
0.482738
0.0044436
0.0366434
0.34667
0.605531
0.274767
0.301726
0.0243805
0.282423
0.156217
0.00833676
0.161019
0.0596172
0.131789
0.11827
0.0159701
0.419701
0.225966
0.0153618
0.36617
0.2881
0.0493369
0.32253
0.133528
0.00163613
0.296661
0.00467537
0.304126
0.449823
0.262425
0.595284
0.00326361
0.120493
0.350819
0.0221406
0.292095
0.312245
0.633784
0.058932
0.0218838
0.085161
0.235884
0.407988
0.19421
0.787725
0.13829
0.00103198
0.419454
0.270276
0.00501407
0.0767583
0.11047
0.030659
0.217269
0.245301
0.0735485
0.153091
0.432301
0.313307
5.39993e-05
0.406221
0.177092
0.396854
0.000354706
0.0712635
0.0121862
0.300942
0.00756347
0.130885
0.0288716
0.242411
0.0740432
0.274449
0.345104
0.322936
0.411644
0.00639851
0.00283807
0.0552722
0.196988
0.342233
0.02707
0.279337
0.329387
0.0803453
0.12774
0.0221795
0.493724
0.130541
0.0003404
0.548529
0.213717
0.0621528
0.426133
0.425741
0.359695
0.439926
0.484056
0.036736
0.287275
0.402276
0.153536
0.250886
0.321219
0.421729
0.17563
0.136158
0.640723
0.484782
0.218057
0.0693357
0.262068
0.0648719
0.382118
0.150804
0.202484
0.0982528
0.0152464
0.166979
0.280929
0.307751
0.318918
0.0624967
0.276143
0.221306
0.337294
0.242922
0.183632
0.0260962
0.221407
0.140283
0.0200559
0.231526
0.295118
0.140953
0.187131
0.0560085
0.7165
0.0314014
0.0360569
0.353681
0.0359675
0.405065
0.52445
0.351023
0.539469
0.251852
0.00510904
0.428057
0.00792903
0.00596148
0.115064
0.432854
0.520945
0.0724106
0.519907
0.501127
0.0969164
0.0593529
0.00118775
0.272689
0.541179
0.0289293
0.351676
0.211692
0.273277
0.349598
0.204581
0.111832
0.378088
0.182254
0.0154602
0.187651
0.421798
0.29245
0.0746366
0.294235
0.608429
0.000372355
0.390428
0.241737
0.240495
0.0203892
0.3159
0.144907
0.0653124
0.314362
0.0321766
0.392994
0.35852
0.268498
0.0441711
0.00303826
0.110767
0.136865
0.0531723
0.633583
0.323966
0.000555402
0.362771
0.274832
0.289713
0.386879
0.0481088
0.489576
0.206902
0.641514
0.135417
0.317398
0.0963438
0.000258821
0.541718
0.425749
0.0384881
0.0127613
0.243583
0.0203849
0.328417
0.0790286
0.132537
0.0805994
0.375212
0.316325
0.439885
0.0922762
0.035829
0.327786
0.000645195
0.318167
0.352802
0.0445795
0.100277
0.434089
0.0693549
0.20848
0.163106
0.342365
0.177181
0.027921
0.327969
0.386767
0.19833
0.105524
0.233042
0.0116327
0.466376
0.55447
0.00946508
0.333047
0.438391
0.274597
0.0104784
0.362876
0.192048
0.0180098
0.0542304
0.0983531
0.0940898
0.0876664
0.609223
0.0104921
0.00458147
0.652511
0.353819
0.0136007
0.0599924
0.449882
0.230502
0.00215381
0.103499
0.0522508
0.507559
0.0665105
0.00638035
0.525126
0.225127
0.234164
0.0253429
0.0485958
0.366005
0.190945
0.283951
0.183719
0.0207694
0.120422
0.0755689
0.71467
0.288147
0.557744
0.220751
0.120195
0.369802
0.00304638
0.250334
0.471069
0.18237
0.0201453
0.0887588
0.0711674
0.278221
0.401342
0.119523
0.339241
0.0748382
0.0954886
0.00870892
0.510406
0.000286002
0.297187
0.566644
0.308491
0.0290649
0.550982
0.00435069
0.154716
0.654005
0.20378
0.156637
0.457408
0.485035
0.249955
0.475835
0.0695505
0.366084
0.154274
0.51073
0.523259
0.13624
0.334126
0.107698
0.0570681
0.0998341
0.354264
0.300186
0.26994
0.400493
0.621632
0.299611
0.295452
0.47904
0.264711
0.15751
0.232567
0.38858
0.180629
0.012207
0.181974
0.697506
0.313443
0.206546
0.137102
0.00630335
0.591417
0.00917121
0.47262
0.0236553
0.132536
0.0812727
0.0250139
0.0411258
0.0480575
0.235486
0.759025
0.17533
0.38583
0.392638
0.322414
0.470366
0.214414
0.0125814
0.481116
0.295898
0.127073
0.688015
0.0790922
0.0360372
0.179602
0.303504
0.00819926
0.495594
0.335597
0.538577
0.582854
0.0527032
0.275252
0.0593007
0.0240831
0.00543281
0.0153908
0.185418
0.00387158
0.483476
0.397783
0.342849
0.186528
0.291664
0.0172275
0.0563106
0.26332
0.00564653
0.417304
0.17299
0.0378087
0.502229
0.31113
0.33558
0.414463
0.0366471
0.0173922
0.229882
0.0149683
0.220682
0.000145968
0.391851
0.167243
0.341773
0.622572
0.265122
0.0234613
0.347337
0.372736
0.757921
0.183439
0.00013368
0.107857
0.450569
0.214297
0.439922
0.644015
0.434594
0.0586638
0.0155436
0.0233431
0.127485
0.322477
0.439567
0.543496
0.437967
0.000370684
0.243136
0.0184505
0.404679
0.48357
0.330034
0.19308
0.123643
0.0987037
0.560007
0.186276
0.154974
0.186221
0.312903
0.283546
0.156091
0.336573
0.562475
0.150034
0.053479
0.373692
0.262911
0.136172
0.0824204
0.41723
0.073142
0.730902
0.195181
0.442458
0.0397702
0.00747812
0.389496
0.375851
0.462585
0.364579
0.0492483
0.302342
0.319047
0.471057
0.0297782
0.21525
0.0535165
0.039467
0.286758
0.626019
0.0339259
0.40316
0.101345
0.308746
0.129976
0.0858499
0.135313
0.455442
0.000344117
0.261937
0.630699
0.386375
0.233069
0.0853101
0.313718
0.122826
0.117068
0.259958
0.163359
0.0335983
0.220522
0.458616
0.334654
0.151921
0.694279
0.30888
0.417478
0.01054
0.408861
0.416383
0.524164
0.142316
0.52531
0.53125
0.302643
0.313398
0.0885594
0.131925
0.460421
0.157527
0.361668
0.0954982
0.000342833
0.307644
0.0153215
0.370169
0.475229
0.52961
0.00607891
0.40472
0.300963
0.16882
0.132968
0.409589
0.0782142
0.0712672
0.304125
0.027181
0.236185
0.125432
0.00553214
0.0388205
0.2343
0.00451315
0.209072
0.167573
0.0519713
0.137454
0.0512779
0.37443
0.0652119
0.292426
0.034648
0.318807
0.221318
0.111483
0.0795759
0.196713
0.00514707
0.101459
0.445647
0.0558458
0.0820084
0.00358779
0.588652
0.120593
0.349821
0.190335
0.386112
0.186005
0.0358571
0.0308157
0.523232
0.000306749
0.371448
0.0169619
0.0085684
0.147869
0.0289003
0.0770014
0.34039
0.680913
6.00798e-05
0.464711
0.56891
0.00591166
0.000281772
0.000983761
0.247091
0.192869
0.30387
0.300015
0.0923616
0.052937
0.0130915
0.318069
0.00775177
0.686432
0.263011
0.000121693
0.0508669
0.00856558
0.430598
0.00564876
0.0760238
0.137584
0.322776
0.207457
4.9746e-05
0.0375718
0.514904
0.268191
0.155702
0.484163
0.349728
0.245698
0.294676
0.303804
0.152561
0.0140905
0.109026
0.149347
0.00359312
0.0300728
0.024653
0.321112
0.241071
0.0387195
0.0904272
0.187534
0.210528
0.0456649
0.0570448
0.0720204
0.19932
0.599785
0.043428
0.131982
0.453475
0.416127
0.285281
0.421176
0.234755
0.0511537
0.00274118
0.284685
0.310465
0.500012
0.00278997
0.177162
0.604983
0.56294
0.141739
0.34897
0.259281
0.0462077
0.369397
0.245025
0.0647173
0.382231
0.0217752
0.181275
0.311213
0.135174
0.28724
0.370122
0.0140548
0.566925
0.0574959
0.059922
0.334573
0.458794
0.21896
0.146173
0.3383
0.461864
0.498395
0.37159
0.00435791
0.0158889
0.267888
0.580204
0.523138
0.275696
0.316226
0.051591
0.282902
0.365048
0.157621
0.101484
0.203233
0.106269
0.400492
0.188472
0.357695
0.225943
0.0144634
0.11745
0.000163643
0.158392
0.447973
0.247302
0.0647719
0.123522
0.532326
0.243786
0.542047
0.116422
0.00183459
0.0350848
0.17047
0.540076
0.407855
0.00149324
0.234433
0.345083
0.00422821
0.244603
0.0973306
0.416476
0.158922
0.414354
0.0122294
0.11401
0.39605
0.357329
0.0922703
0.210525
0.267649
0.116836
0.0229921
0.298472
0.249991
0.333234
0.0563646
0.33301
0.248564
0.0063696
0.397641
0.229439
0.183366
0.0985014
0.0717359
0.000767698
0.0508586
0.243779
0.10798
0.292754
0.369546
0.532759
0.442548
0.0353527
0.277288
0.0300814
0.575269
0.000828216
0.333296
0.261671
0.666451
0.00353128
0.0136355
0.0677539
0.0714359
0.0494996
0.48231
0.291095
0.00173812
0.240363
0.315587
0.0823896
0.142679
0.0117349
0.0107558
0.0044259
0.0155472
0.324718
0.171847
0.0987196
0.596521
0.664043
0.0902358
0.0374242
0.236879
0.226418
0.196091
0.217208
0.00619505
0.0473036
0.193544
0.00170065
0.228163
0.0137431
0.11288
0.264911
0.146637
0.000395649
0.695187
0.00764457
0.000159763
0.189273
0.212608
0.299108
0.00367044
0.285833
0.149458
0.0651462
0.632862
0.599914
0.332217
0.0108933
0.0306313
0.0234421
0.547962
0.370954
0.00347836
0.369402
0.0185753
0.00212253
0.0861741
0.0177808
0.480618
0.172825
0.0171503
0.0685995
0.133983
0.0472767
0.440273
0.172905
0.354687
0.190983
0.528516
0.00941986
0.100713
0.198686
0.0487637
0.000980739
0.0150991
0.00483156
0.0112136
0.125917
0.274436
0.171397
0.0141424
0.308432
0.227923
0.00236496
0.343984
0.0183474
0.191036
2.80845e-05
0.450953
0.128329
0.0210529
0.559245
0.427808
0.263097
0.199227
0.304597
0.0188929
0.168432
0.608122
0.223013
0.118784
0.473374
0.352334
0.176947
0.594218
0.00260728
0.321717
0.100134
0.39492
0.5948
0.0373246
0.155635
0.0975017
0.257332
0.333632
0.0811797
0.666701
0.246433
0.788121
0.158578
0.153966
0.485596
0.270329
0.291732
0.644627
0.108416
0.0163121
0.269591
0.26252
0.182089
0.161535
0.33129
0.391288
0.370061
0.135088
0.000140604
0.0160017
0.468293
0.243629
0.622428
0.0646341
0.380653
0.214023
0.175143
0.610832
0.348951
0.207838
0.20387
0.145364
0.106239
0.0181741
0.608671
0.00389266
0.0178134
0.0299046
0.087569
0.0338735
0.00781999
0.205047
0.384789
0.0189542
0.0013715
2.42261e-05
0.0221157
0.00638118
0.322937
0.022688
0.297495
0.000710324
0.0187237
0.0780461
0.0951512
0.37656
0.280925
0.140521
0.28982
0.0020013
0.0549304
0.0361451
0.0240935
0.34115
0.13007
0.310872
0.134605
0.0447928
0.207849
0.00156523
0.06869
0.290854
0.232232
0.244748
0.33475
0.0228157
0.359607
0.0692274
0.00136486
0.256379
0.824877
0.122654
0.614117
0.190312
0.37452
0.232236
0.00194413
0.457674
0.109973
0.177909
0.0358993
0.00186499
0.245065
0.0925053
0.570101
0.394125
0.321188
0.00949106
0.418198
0.142681
0.216387
0.0338678
0.346457
0.18851
0.337976
0.0702716
0.264319
0.0557732
0.00240002
0.430934
0.0325218
0.0210855
0.568859
0.000700226
0.00656996
0.437872
0.376399
0.341779
0.0613625
0.304137
0.185851
0.720228
0.207741
0.019713
0.144151
4.98645e-05
0.0245452
0.656908
0.00432582
0.079623
0.378612
0.619003
0.0140403
0.535849
0.00114613
0.00343331
0.115008
0.367179
0.236392
0.118441
0.181508
0.0770574
0.17689
0.645654
0.395408
0.496633
0.502063
0.571875
0.00333732
0.298638
0.0923389
0.00194482
0.308647
0.0897648
0.318839
0.182296
0.466616
0.132658
0.378395
0.666728
0.0761115
0.00651248
0.318461
0.211821
0.0199617
0.338758
0.14037
0.31623
0.619265
0.177421
0.0871048
0.595424
0.589044
0.281274
0.278031
0.165841
0.246443
0.0866355
0.304008
0.25862
0.433045
0.00870438
0.181298
0.00957358
0.111104
0.505108
0.0493609
0.360919
0.0122524
0.311886
0.133098
0.182725
0.247415
0.247233
0.521997
0.367578
0.228849
0.59542
0.000821814
0.0175965
0.268195
0.00631494
0.493286
0.0136691
0.212065
0.39547
0.141586
0.0242112
0.609385
0.141774
0.20308
0.0474136
0.40154
0.311109
0.00238888
0.0102805
0.229298
0.277398
0.199067
0.329631
0.00528988
0.354494
0.181038
0.30224
0.0393536
0.226939
0.448567
0.00495428
0.10318
0.0569594
0.564005
0.351861
0.104933
0.275884
0.0731274
0.236514
0.10724
0.00369568
0.00109667
0.109345
0.339451
0.188522
0.257142
0.270058
0.261835
0.0470914
0.00520435
0.257361
0.343339
0.480158
0.102748
0.333082
0.616619
0.0231798
0.0155345
0.254099
0.0500595
0.00663216
0.36836
0.096961
0.571672
0.252631
0.513266
0.00167348
0.211796
0.30715
0.055489
0.218452
0.186136
0.224098
0.403982
0.461537
0.337269
0.411722
0.318112
0.329537
0.0782418
0.0481927
0.462984
0.000181837
0.0204469
0.0192502
0.170092
0.197905
0.0849553
0.0044463
0.000743087
0.162853
0.0173709
0.060396
0.448415
0.313041
0.0182452
0.0462923
0.160912
0.00436394
0.0496468
0.00234945
0.759977
0.197922
0.00705651
0.0378803
0.313438
0.0436501
0.681089
0.126049
0.382837
0.21232
0.484911
0.0167311
0.0129579
0.10824
0.0749025
0.298904
0.00278664
0.059086
0.0116817
0.00805339
0.0520445
0.556989
0.352707
0.238204
0.147698
0.0747115
0.000723439
0.0528165
0.0731002
0.269031
0.637731
0.486663
0.186034
0.056997
0.500026
0.0556616
0.0519038
0.158339
0.4329
0.0151844
0.262349
0.0380432
0.0252768
0.0499763
0.108282
0.271775
0.26564
0.658162
0.0399438
0.192383
0.293776
0.318075
0.106687
0.251086
0.0918273
0.155548
0.314046
0.00980591
0.219405
0.549331
0.654292
0.0117655
0.325377
0.00137442
0.0527916
0.153072
0.377371
0.0951871
0.0692864
0.00148176
0.0190533
0.22715
0.244839
0.145847
0.0321515
0.0395277
0.628189
0.117635
0.348397
0.296823
0.147015
0.383743
0.531544
0.000738301
0.217657
0.500976
0.147852
0.175433
0.00781779
0.616746
0.216751
0.0788405
0.0254224
0.00209191
0.332879
0.0196622
0.346451
0.00724285
0.0118542
0.0654141
0.564363
0.440113
0.380232
0.449209
0.0781969
0.179683
0.291758
0.276099
0.485502
0.267616
0.0134212
0.32257
0.114673
0.300966
0.465742
0.289585
0.139017
0.15782
0.204107
0.0745692
0.329742
0.239744
0.00686187
0.0304564
0.00139299
0.104117
0.248556
0.0339469
0.332454
0.557479
0.38031
0.0015659
0.244207
0.306595
0.185989
0.0524033
0.0191594
0.0350307
0.21977
0.101638
0.224305
0.298891
0.0188525
0.315948
0.028297
0.0377044
0.326855
0.415155
0.408951
0.0707653
0.241029
0.236851
0.0516347
0.0429747
0.340587
0.163441
0.201079
0.0100631
0.120409
0.00230969
0.521877
0.207758
0.435111
0.000384367
0.54884
0.201743
0.470869
0.00844196
0.0385512
0.377702
0.0109108
0.225445
0.228696
0.00247341
0.305614
0.0221714
0.0549269
0.0735519
0.00160826
0.00743992
0.322181
0.0181941
0.106016
0.321959
0.100472
0.031846
0.344233
0.527338
0.297605
0.330362
0.0330884
0.148172
0.329147
0.0035064
0.0802242
0.108711
0.299871
0.00164407
0.389134
0.44062
0.142351
0.53053
0.00906692
0.391302
0.285136
0.11916
0.653563
0.389312
0.0748968
0.0327539
0.43751
0.198877
0.0156483
0.0121453
0.163571
0.349341
0.102532
0.0378463
0.713713
0.115858
0.277323
0.0166463
0.132774
0.15067
0.223694
0.480049
0.345529
0.285486
0.153121
0.246221
0.194418
0.458022
0.274918
0.198938
0.269535
0.0130401
0.196971
0.0351002
0.216919
0.417626
0.67159
0.119724
0.0130601
0.363692
0.0884087
0.313162
0.585996
0.252416
0.0761449
0.382678
0.0579943
0.145942
0.289281
0.293353
0.0713992
0.102733
0.241681
0.39871
0.00697174
0.542756
0.00447862
0.585588
0.48726
0.0455356
0.0992219
0.300685
0.281522
0.416251
0.0357588
0.00177113
0.0439781
0.343654
0.114166
0.427788
0.0324995
0.187578
0.102261
0.129754
0.0202131
0.0102459
0.452922
0.200925
0.175887
0.179744
0.282512
0.0420488
0.27235
0.00873797
0.130186
0.038837
0.158022
0.257911
0.13758
0.726386
0.306509
0.0102609
0.343408
0.0396185
0.15648
0.0817892
0.0036026
0.415809
0.108357
0.231406
0.0503768
0.0721744
0.0141953
0.233564
0.259766
0.541443
0.095217
0.298378
0.417693
0.375002
0.319476
0.0879039
0.334943
0.684579
0.324088
0.100437
0.0489693
0.366403
0.431996
0.131362
0.175274
0.0106828
0.294635
0.416748
0.0312976
0.113914
0.224796
0.704377
0.00515521
0.525869
0.14
0.453446
0.0469524
0.158082
0.383393
0.165677
0.161697
0.00177037
0.5229
0.105587
0.101564
0.371278
0.279514
0.00140537
0.0791187
0.344122
0.498563
0.0239244
0.00175461
0.634032
0.0392417
0.170863
0.291233
0.000401486
0.453266
0.268151
0.326439
0.353923
0.342926
0.00237554
0.443588
0.470649
0.608514
0.26428
0.20047
0.0587335
0.0406066
0.00927148
0.256614
0.396472
0.0339334
0.28484
0.00983731
0.551074
0.234558
0.252245
0.135779
0.28411
0.264318
0.0172298
0.0621994
0.0035118
0.0787535
0.697118
0.364755
0.223295
0.202209
0.0652311
0.494088
0.269579
0.616074
0.00560992
0.319509
0.18828
0.0581413
0.549595
0.00642997
0.541929
0.131819
0.00624331
0.304065
0.312766
0.0277471
0.338993
0.317522
0.336485
0.413742
0.173616
0.123104
0.255619
0.606168
0.259099
0.321078
0.186786
0.0425267
0.00439521
0.0207183
0.31468
0.19452
0.712146
0.273845
0.0793969
0.316041
0.35245
0.478707
0.250778
0.0127984
0.00965962
0.464945
0.0191302
0.187937
0.387533
0.0184021
0.000843934
0.140965
0.00312093
0.649079
0.678469
0.123465
0.430503
0.0538558
0.0166797
0.0222751
0.431517
0.33062
0.139383
0.0092122
0.287629
0.13396
0.414933
0.0487719
0.0904198
0.00527846
0.0443712
0.23563
0.159412
0.305815
0.454951
0.308383
0.539438
0.65038
0.181131
0.0253446
0.0603806
0.556678
0.478456
0.0824984
0.293204
0.0941272
0.100064
0.155554
0.20115
0.59823
0.344678
0.274623
0.209504
0.007095
0.541799
0.00194996
0.786794
0.0706354
0.168052
0.324887
0.357883
0.615284
0.0944562
0.00406943
0.105296
0.0623686
0.251129
0.307351
0.607412
0.105786
0.00144637
0.00721489
0.0209275
0.00384234
0.312325
0.102543
0.20865
0.010035
0.387965
0.369921
0.476323
0.170634
0.284009
0.0174035
0.483507
0.289618
0.497177
0.480299
0.0551921
0.376519
0.0451665
0.437308
1.78863e-05
0.328603
0.38081
0.00478552
0.567669
0.017557
0.041367
0.489308
0.211829
0.0991802
0.309119
0.00293042
0.011967
0.000830436
0.134427
0.00226381
0.414127
0.348345
0.0902794
0.297922
0.477926
0.0176865
0.207383
0.0264592
0.112521
0.134385
0.588869
0.391642
0.35423
0.535665
0.418765
0.000764344
0.130993
0.257902
0.540091
0.481989
0.213938
0.0997839
0.0114437
0.0634265
0.62359
0.297642
0.446691
0.46995
0.359218
0.362826
0.0635706
0.0806215
0.327945
0.0707067
0.305552
0.0784862
0.252298
0.210032
0.0924294
0.0427898
0.000505899
0.426531
0.474523
0.555
0.187311
0.498996
0.00278594
0.285184
0.0209738
0.107225
0.377627
0.00999064
0.456824
0.458126
0.562398
0.278497
0.511073
0.351506
0.39579
0.0193553
0.19177
0.333094
0.00738468
8.94731e-05
0.276757
0.265783
0.691037
0.156615
0.14405
0.337665
0.452051
0.620932
0.162208
0.118103
0.223167
0.510078
0.276865
0.565102
0.411482
0.095037
0.178179
0.0289319
0.0131836
0.316601
0.107649
0.153454
0.355266
0.158879
0.0615823
0.129709
0.163355
0.0131812
0.286858
0.444282
0.520066
0.475361
0.169575
0.260667
0.176604
0.203788
0.0243054
0.220568
0.2433
0.493787
0.162962
0.0390062
0.119058
0.00868391
0.259807
0.0116555
0.0367279
0.173148
0.232755
0.35849
0.30601
0.286158
0.309181
0.110571
0.064971
0.181031
0.0143739
0.12181
0.186809
0.298155
0.602121
0.042854
0.00462097
0.0617106
0.292013
0.00132108
0.262252
0.00341958
0.020854
0.210668
0.0207133
0.220224
0.605524
0.358148
0.327108
0.154919
0.111147
0.340702
0.196302
0.22398
0.213815
0.0287536
0.343912
0.0954256
0.0311403
0.371273
0.117228
0.235036
0.42415
0.161455
0.297727
0.0366617
0.00522202
0.413567
0.134528
0.00446581
0.194558
0.0103997
0.00826501
0.0332553
0.283283
0.377046
0.0891419
0.061978
0.226774
0.195659
0.21886
0.375302
0.360209
0.504009
0.249373
0.0275214
0.0576768
0.190901
0.00465962
0.350985
0.0102434
0.00341565
0.168611
0.320785
0.232587
0.397475
0.0340798
0.643108
0.0151422
0.308606
0.470986
0.0438836
0.00505068
0.00209858
0.0274827
0.269853
0.32053
0.636031
0.148569
0.385123
0.264455
0.270219
0.575694
0.458384
0.074513
0.687582
0.453197
0.0253095
0.222915
0.342724
0.000657462
0.0177683
0.0100766
0.541497
0.00944256
0.609432
0.154608
0.190029
0.515527
0.162905
0.0991123
0.177213
0.105315
0.615003
0.321152
0.666653
0.0153104
0.443044
0.00991938
0.0034727
0.298653
0.0597841
0.394584
0.435467
0.326347
0.0933007
0.284741
0.0105341
0.0375264
0.402608
0.501718
0.451134
0.138215
0.526786
0.00499521
0.314815
0.900154
0.0986198
0.0182163
0.00459998
0.29015
0.45008
0.0222194
0.292039
0.370454
0.358286
0.0198628
0.0121544
0.00236962
0.0590564
0.142723
0.0182981
0.0757925
0.0857212
0.00444516
0.0341562
0.113352
0.000747191
0.256437
0.360189
0.568384
0.141494
0.42766
0.551632
0.0331644
0.233747
0.484981
0.572736
0.382755
0.231748
0.254299
0.467742
0.732353
0.0327408
0.51076
0.0117454
0.223388
0.201051
0.443216
0.00321931
0.139635
0.295724
0.0135311
0.186422
0.00246816
0.0978219
0.0495425
0.284783
0.237597
0.00147094
0.407035
0.155753
0.370658
0.169986
0.402762
0.499935
0.0203352
0.00115061
0.161719
0.325804
0.429868
0.305868
0.441922
0.177701
0.348279
0.698122
0.666017
0.311861
0.554284
0.0034007
0.0196872
0.164467
0.107733
0.103516
0.320596
0.410307
0.269472
0.000186424
0.519553
0.369984
0.0262289
0.266678
0.566407
0.302805
0.255177
0.00599836
0.32216
0.131656
0.280142
0.0161181
0.0938417
0.218268
0.0416328
0.309973
0.543774
0.318628
0.469019
0.661134
0.199103
0.530909
0.242217
0.131817
0.217788
0.432019
0.0921768
0.0852385
0.394985
0.601903
0.56467
0.0165152
0.637921
0.0012321
0.617638
0.284363
0.0238536
0.229141
0.274311
0.0264528
0.0427341
0.0904048
0.42028
0.058859
0.606806
0.270104
0.0340997
0.07531
0.493301
0.0175917
0.663582
0.0871516
0.198205
0.249177
0.129736
0.0186917
0.364854
0.254434
0.00471814
0.0323039
0.344942
0.11533
0.014478
0.326068
0.01243
0.404242
0.00150342
0.00724391
0.642554
0.308568
0.38823
0.0011627
0.0389764
0.563299
0.00780394
0.209542
0.0106065
0.10975
0.304254
0.027259
0.395251
0.454312
0.202467
0.0544346
0.0223733
0.646549
0.291814
0.0783775
0.0111414
0.319601
0.0321284
0.0231466
0.456958
0.179984
0.6044
0.277263
0.281152
0.123599
0.168038
0.0127621
0.267294
0.0208569
0.223723
0.492768
0.643138
0.405441
0.0215234
0.00381556
0.0257184
0.304622
0.0198552
0.213357
0.0329754
0.281281
0.0139533
0.681628
0.207594
3.70233e-05
0.228465
0.00613816
0.335084
0.022648
0.29337
0.164757
0.0138727
0.0453144
0.200377
0.193027
0.162203
0.0441446
0.174306
0.128907
0.180436
0.0819889
0.187518
0.038626
0.27216
0.700119
0.000302452
0.366959
0.0620917
0.249595
0.0554955
0.331589
0.0240664
0.412755
0.571479
0.0746078
0.164656
0.17065
0.0123403
0.0784613
0.308058
0.184814
0.322477
0.0933032
0.0523907
0.206012
0.340143
0.571623
0.606123
0.414679
0.200425
0.476732
0.0984321
0.00395452
0.530789
0.239718
0.298889
0.0194986
0.392913
0.389305
0.243335
0.689761
0.0371407
0.586578
0.0339146
0.32024
0.0815498
0.351637
0.0820904
0.445492
0.320952
0.225413
0.0439819
0.470007
0.293109
0.000593067
0.0971382
0.0248091
0.125078
0.336001
0.352964
0.122817
0.620881
0.153964
0.0158458
0.192786
0.328199
0.581663
0.00379117
0.0501496
0.436826
0.436792
0.0670159
0.173434
0.00031948
0.288908
0.00100653
0.144474
0.0588
0.547791
0.042267
0.000288202
0.0637859
0.364767
0.169169
0.0485692
0.0628068
0.0922453
0.32231
0.174315
0.013364
0.0470394
0.00405134
0.486468
0.00107708
0.0482221
0.719306
0.0124744
0.390368
0.022916
0.0372136
0.120749
0.581159
0.628794
0.0106248
0.450763
0.00116197
0.35616
0.290029
0.328286
0.621082
0.0570679
0.497211
0.294827
0.093126
0.0574308
0.221079
0.422286
0.0705329
0.0966774
0.464077
0.000674558
0.000527384
0.415282
0.437679
0.449074
0.333776
0.371628
0.13574
0.275655
0.0596768
0.303649
0.704295
0.439346
0.101406
0.0632689
0.35596
0.0204497
0.00117072
0.00570252
0.529582
0.0210036
0.480851
0.0811154
0.187595
0.0134761
0.140636
0.236733
0.0646068
0.500769
0.324187
0.00687707
0.531161
0.26021
0.464813
0.235574
0.00139928
0.340343
0.0933254
0.00618301
0.686844
0.282628
0.238763
0.0454905
0.562114
0.00353811
0.239418
0.36533
0.384074
0.666889
0.36756
0.0022414
0.159163
0.0484909
0.275733
0.497712
0.384332
0.01278
0.508773
0.0561116
0.0583387
0.0217999
0.0023427
0.174537
0.142389
0.021571
0.529982
0.470392
0.479681
0.287081
0.811702
0.176963
0.0288816
0.424544
0.0768318
0.00909927
0.275771
0.00516499
0.53252
0.138566
0.215669
0.182787
0.141645
0.258315
0.437206
0.0256121
0.0209012
0.0188929
0.303917
0.635792
0.607187
0.315586
0.299058
0.391576
0.0767743
0.215869
0.0501671
0.0663361
0.00915135
0.0012745
0.537294
0.0149513
0.317271
0.000502462
0.253214
0.511121
0.0735896
0.149438
0.479817
0.329197
0.508279
0.481003
0.638255
0.406838
0.202595
0.344639
0.688596
0.166855
0.233938
0.00228263
0.289494
0.340528
0.152098
0.0567094
0.112234
0.00326866
0.150352
0.575926
0.285762
0.441701
0.300528
0.302427
0.316764
0.540116
0.508383
0.243264
0.269714
0.175988
0.130412
0.55889
0.399318
0.00863011
0.236134
0.230453
0.721626
0.000407478
0.0161551
0.00122393
0.497036
0.521436
0.163026
0.0763702
0.20334
0.012161
0.0760669
0.0372682
0.0142411
0.395984
0.0325465
0.0496813
0.461868
0.0323696
0.0816682
0.0482242
0.00117515
0.155472
0.00121979
0.00896645
0.279582
0.160106
0.00210122
0.659489
0.00211034
0.14128
0.254063
0.0336387
0.272758
0.0263996
0.457823
0.0408332
0.0384745
0.367176
0.204809
0.440595
0.343055
0.192814
0.149044
0.318455
0.0193135
0.046274
0.102764
0.0258405
0.0727858
0.574157
0.0769886
0.22398
0.145519
0.0923911
0.0719532
0.541137
0.262772
0.401484
0.191228
0.10643
0.294139
0.249461
0.234916
0.228024
0.312663
0.0190793
0.258963
0.409959
0.0122382
0.189389
0.174131
0.604821
0.065214
0.357576
0.546759
0.350953
0.0436495
0.489555
0.214615
0.0866949
0.00424457
0.0760387
0.350235
0.0743826
0.0497755
0.0850963
0.287584
0.0116871
0.222315
0.101979
0.0571343
0.00781667
0.606555
0.291412
0.454401
0.163739
0.0809559
0.284874
0.0754592
0.870443
0.304029
0.058411
0.019096
0.0282905
0.111193
0.411295
0.0667865
0.438912
0.0725738
0.198295
0.171863
0.449865
0.00274809
0.290591
0.0218498
0.370422
0.427705
0.0537552
0.132667
0.0448594
0.15807
0.254403
0.469203
0.193276
0.0418362
0.0784062
0.201701
0.182392
0.741647
0.0618518
0.209959
0.04928
0.0105261
0.313242
0.144679
0.359382
0.00396421
0.0925087
0.0125669
0.000679878
0.00330606
0.267387
0.638388
0.0167543
0.0603722
0.223247
0.000889583
0.301417
0.665263
0.330334
0.314271
0.177975
0.0662931
0.0613707
0.780311
0.262924
0.0160626
0.0576382
0.263808
0.34789
0.325871
0.327504
0.0202385
0.223697
0.121438
0.214389
0.023168
0.0446682
0.553393
0.353094
0.346597
0.41533
0.226367
0.201174
2.1644e-05
0.609133
0.0400527
0.303134
0.000656693
0.0401849
0.0208098
0.122523
0.258041
0.145688
0.0731494
0.113429
0.591167
0.016729
0.204337
0.301365
0.322745
0.0512623
0.000195088
0.247083
0.0184593
0.464765
0.490693
0.20245
0.430269
0.34801
0.352603
0.22326
0.0943744
0.00918079
0.380218
0.0773717
0.238871
0.0128198
0.00387614
0.0507669
0.00352864
0.0685395
0.273039
0.446442
0.339496
0.00605581
0.144043
0.115607
0.422298
0.184446
0.335772
0.502593
0.104534
0.0159746
0.271671
0.291833
0.291283
0.000306312
0.0876021
0.288163
0.108099
0.10388
0.0137414
0.0281813
0.276147
0.0614116
0.583013
0.0299625
0.208414
0.180964
0.0234449
0.292114
0.493969
0.00902578
0.199383
0.147028
0.111346
0.0610849
0.0218527
0.348795
0.160396
0.39413
0.254034
0.695711
0.314428
0.374787
0.3952
0.583732
0.337284
0.36061
0.263357
0.0264763
0.0339707
0.42672
0.0011945
0.110685
0.00807158
0.000119708
0.0124513
0.198963
0.341628
0.00161084
0.0892434
0.207183
0.233149
4.50064e-05
0.256944
0.00114552
0.332403
0.341936
0.371149
0.291782
0.0535329
0.245497
0.0238209
0.251349
0.105812
0.265305
0.00341931
1.66444e-05
0.496442
0.0374738
0.0719613
0.250779
0.00634255
0.496012
0.404544
0.440194
0.00473729
0.244521
0.126005
0.638551
0.429062
0.356371
0.054119
0.145787
0.241104
0.0429543
0.521842
0.573469
0.360519
0.000124891
0.316108
0.00180607
0.458397
0.0106322
0.371003
0.039753
0.000552456
0.399988
0.635814
0.304705
0.419244
0.00140355
0.380982
0.163718
0.452158
0.0564122
0.222373
0.148867
0.207072
0.207069
0.00996942
0.374991
0.362566
0.027273
0.458645
0.0264303
0.0149123
0.0810992
0.0121341
0.430085
0.0140483
0.319048
0.442528
0.498408
0.061559
0.279674
0.0123046
0.00754145
0.0797802
0.103683
0.257796
0.0803861
0.1067
0.193725
0.00219919
0.311373
0.0417573
0.136901
4.53035e-05
0.00815402
0.179678
0.462722
0.000245039
0.363177
0.447636
0.397008
0.0840288
0.479223
0.32971
0.141562
0.233585
0.113965
0.451645
0.0566588
0.126815
0.539065
0.174265
0.175966
0.204205
0.40267
0.0292843
0.249933
0.019975
0.000539595
0.0660812
0.563573
0.608998
0.524727
0.0187615
0.404555
0.0266712
0.020044
0.588815
0.00404004
0.557045
0.161141
0.43006
0.465368
0.117801
0.130138
0.367732
0.257126
0.317487
0.25798
0.0353435
0.0394237
0.0142557
0.239221
0.277901
0.00297973
0.302516
0.0835176
0.101416
0.0884202
0.393943
0.258072
0.292522
0.00386706
0.605572
0.190405
0.398701
0.106132
0.480161
0.320537
0.477106
0.113206
0.0123696
0.52632
0.147617
0.0254998
0.378632
0.00537958
0.00643049
0.00434083
0.0142665
0.00960228
0.000261316
0.196813
0.00073356
0.376685
0.100457
0.0513631
0.409736
0.645338
0.334944
0.213825
0.488423
0.653131
0.027659
0.0104091
0.305382
0.184485
0.135926
0.035106
0.520771
0.28427
0.290675
0.0440278
0.366218
0.366823
0.351646
0.362589
0.649738
0.0786314
0.356414
0.523915
0.198067
0.0388277
0.0412712
0.204673
0.346605
0.304454
0.0356021
0.0262617
0.129838
0.116519
0.349784
0.0337763
0.405017
0.200514
0.0427717
0.114591
0.104257
0.0922161
0.0389669
0.14808
0.344628
0.0686838
0.570723
0.51654
0.300331
0.368785
0.0124469
0.530067
0.579363
0.0965153
0.000267518
0.376722
0.713882
0.240651
0.00322478
0.325823
0.257637
8.41589e-05
0.171204
0.351341
0.551016
0.0300081
0.0726042
0.36089
0.383486
0.300859
0.0731537
0.0508501
0.427934
0.000379785
0.34774
0.279546
0.301442
0.111314
0.135406
0.0447779
0.300293
0.106026
0.220178
0.0183751
0.0580349
0.406419
0.0638772
0.0209173
0.0611427
0.281355
0.198737
0.410511
0.135372
0.470308
0.121435
0.0343089
0.478031
0.185428
0.42765
0.434102
5.68331e-05
0.235416
0.460255
0.000353897
0.0650923
0.341277
0.306421
0.0266427
0.00365461
0.186449
0.364334
0.189094
0.535722
0.705438
0.00043798
0.0697866
0.00672502
0.392163
0.303297
0.592928
0.435081
0.0368326
0.210992
0.00142784
0.0401042
0.326294
0.0732142
0.545826
0.262107
0.000236523
0.0351378
0.00340265
0.573668
0.0415984
0.0961021
0.665149
0.00289639
0.366133
0.0448186
0.236161
0.366349
0.0243634
0.325065
0.0147254
0.702199
0.221323
0.355519
0.513269
0.36803
0.0165474
0.0315814
0.193941
0.0252745
0.105904
0.302292
0.0235165
0.0023814
0.287203
0.00260629
0.00765508
0.577008
0.0796181
0.32007
0.0827044
0.501914
0.161985
0.0010728
0.237583
0.11784
0.0699125
0.114974
0.447453
0.0797654
0.0708474
0.477752
0.550856
0.288701
0.573645
0.413624
0.391808
0.165921
0.0102024
0.00509861
0.0372932
0.117577
0.343518
0.357392
0.11254
0.351937
0.490806
0.45106
0.436842
0.161913
0.222266
0.0754931
0.00923533
0.407772
0.00160982
0.0150783
0.0191128
0.0527001
0.169889
0.00332329
0.00224291
0.363785
0.466101
0.323533
0.0208734
0.493669
0.346418
0.0302272
0.185506
0.0001251
0.294002
0.205075
0.435684
0.309407
0.605611
0.0424719
0.252455
0.103729
0.166824
0.0002487
0.207301
0.781072
0.0415755
0.0367136
0.327302
0.375856
0.194727
0.24252
0.58159
0.463021
0.0388649
0.00695976
0.0120704
0.718373
0.317325
0.461766
0.050619
0.280335
0.316053
0.474097
0.278061
0.0579192
0.183212
0.298462
0.379809
0.139031
0.0512905
0.614177
2.91648e-05
0.297527
0.508714
0.465176
0.317932
0.212835
0.372617
9.9874e-05
0.211181
0.0848636
0.18308
0.35824
0.000311576
0.179479
0.227955
0.279893
0.27189
0.319592
0.340083
0.218697
0.161223
0.417232
0.0580337
0.0334911
0.365412
0.193688
0.182312
0.119735
0.177802
0.300153
0.133441
0.0109392
0.0740292
0.395562
0.120812
0.072117
0.430539
0.297581
0.308603
0.0509979
0.48278
0.0138199
0.678615
0.276611
0.0439547
0.00893143
0.0327728
0.260624
0.0227232
0.0568823
0.141227
0.00131852
0.0176304
0.448792
0.169116
0.544336
0.140489
0.0089486
0.200409
0.0140154
0.578326
0.253228
0.0633437
0.448019
0.132034
0.098484
0.641189
0.199886
0.121132
0.0291555
0.506106
0.311512
0.306316
0.00363219
0.0262603
0.369599
0.342748
0.000372698
0.208986
0.0561592
0.343282
0.282823
0.165123
0.0908159
0.354847
0.806815
0.154218
0.00464119
0.300475
0.349444
0.435535
0.0643284
0.29333
0.0467497
0.415605
0.0207551
0.0146935
0.510017
0.00423284
0.216455
0.0456267
0.119609
0.000777183
0.0220553
0.006082
0.323493
0.00310249
0.364242
0.0766138
0.0110918
0.0990999
0.00553103
0.358735
0.185927
0.00234611
0.472036
0.119804
0.357193
0.424341
0.724758
0.466673
0.294611
0.44187
0.512146
0.103073
0.541053
0.524376
0.439017
0.212632
0.0117626
0.311007
0.591435
0.294406
0.283037
0.1564
0.000159441
0.0299136
0.186357
0.324579
0.0260946
0.472131
0.133046
0.206254
0.421977
0.182062
0.302661
0.0978213
0.000457509
0.30281
0.42411
0.255054
0.234419
0.00234724
0.516737
0.0661958
0.191339
0.0192416
0.0807827
0.0196434
0.126845
0.370366
0.267519
0.401903
0.36428
0.262006
0.00899587
0.383926
0.25327
0.17549
0.232062
0.330703
0.149651
0.511789
0.0279227
0.231681
0.0364292
0.0251674
0.00760724
0.107473
0.0538022
0.0916762
0.440619
0.379473
0.000174561
0.342202
0.114973
0.546612
0.00462219
0.243825
0.506487
0.177867
0.272131
0.59772
0.588333
0.00977579
0.617339
0.0220418
0.523022
0.295752
0.499536
0.353761
0.306846
0.263158
0.281415
0.0443512
0.42703
0.65094
0.148782
0.246615
0.0144344
0.553732
0.207515
0.361992
0.341347
0.0389479
0.301265
0.450936
0.167077
0.0534276
0.37947
0.0190108
0.300465
0.16585
0.00361091
0.434216
0.322493
0.495738
0.119579
0.0215643
0.123041
0.0212988
0.215849
0.282045
0.0924351
0.490645
0.692602
0.492593
0.0186876
0.299996
0.50528
0.16166
0.253338
0.10733
0.153978
0.251198
0.434591
0.300903
0.019056
0.500312
0.177576
0.396785
0.578711
0.102277
0.102654
0.120448
0.372814
0.53414
0.570889
0.100264
0.299409
0.456698
0.52092
0.0537672
0.235948
0.00683673
0.400887
0.01908
0.0795401
0.0748769
0.226439
0.164196
0.0683602
0.000285417
0.023416
0.0833251
0.373733
0.695359
0.421701
0.304017
0.0130249
0.544073
0.411196
0.521377
0.304235
0.00270017
0.00435371
0.387432
0.144352
0.0017772
0.432783
0.318193
0.00361931
0.104339
0.00203468
0.481507
0.241767
0.0980576
0.617309
0.310734
0.0547416
0.424831
0.0444155
0.0950483
0.00808012
0.0337689
0.0348178
0.251745
0.254865
0.0111966
0.10842
0.4863
0.0447661
0.422431
0.00298073
0.11409
0.279368
0.28408
0.143935
0.447935
0.323124
0.534966
0.148989
0.188269
0.289971
0.223976
0.0544233
0.138097
0.318154
0.149908
0.36541
0.000413451
0.486884
0.262891