0.0784506
0.131476
0.451893
0.301225
0.289006
0.250084
0.15205
0.0543902
0.247685
0.0254434
0.186737
4.56442e-05
0.260569
0.123859
0.00125574
0.0146864
0.00231021
0.318419
0.00237514
0.0117959
0.236723
0.000436634
0.319156
0.011115
0.000164229
0.367109
0.0839845
0.0711322
0.00281894
0.239638
0.15984
0.109984
0.276706
0.377505
0.0020395
0.615063
0.0155108
0.321404
0.000159357
0.000290119
0.163076
0.000210896
0.30481
0.0310562
0.0912436
0.000351224
0.458595
0.166502
0.116716
0.21549
0.191285
0.0609449
0.520227
0.317725
0.00840255
0.0106891
0.480177
0.473267
0.131894
0.207332
0.223509
0.0497913
0.1704
0.651385
0.390558
0.583073
0.20342
0.0564216
0.582729
0.417571
0.0676381
0.346495
0.00314485
0.0185476
0.456612
0.586187
0.322598
0.572093
0.0116312
0.00123669
0.0289781
0.0138439
5.66647e-05
0.165507
0.677038
0.550694
0.417538
0.516566
0.0574723
0.000144911
0.100336
0.331244
0.0133367
0.00148826
0.0151339
0.172935
0.261241
0.189854
0.0301548
0.536852
0.170368
0.513494
0.00609856
0.411696
0.000513868
0.00485144
0.436444
0.00481779
0.0287302
0.197453
0.133004
0.0256347
0.0170512
0.27815
0.0407219
0.453154
0.0829989
0.0209312
0.633391
0.231695
0.0851525
0.422875
0.00222343
0.442173
0.203442
0.46884
0.2472
0.567577
0.441145
0.0730259
0.00436179
0.0535426
0.316626
0.000108807
0.805473
0.664044
0.0102601
0.293376
0.433009
0.489841
0.215679
0.00186539
0.00161294
0.475264
0.00159984
0.389491
0.0197688
0.320869
0.168094
0.609738
0.377707
0.182457
0.32947
0.217505
0.300275
0.00806891
0.575002
0.00334841
0.181194
0.00203701
0.18691
0.000877977
0.681817
0.230501
0.543351
0.403001
0.0534605
0.0377306
0.307009
0.429847
0.243042
0.547926
0.0350424
0.00967262
0.000381451
0.000635431
0.641343
0.0106422
0.00657591
0.198706
0.295607
0.144127
0.553046
0.295219
0.29995
0.00182059
0.0875704
0.355003
0.353879
0.266958
0.113396
0.0843872
0.238087
0.344187
0.167003
0.256654
0.0025693
0.212746
0.34399
0.00127761
0.334203
0.541969
0.00401657
0.32309
0.00055136
0.117301
0.18432
0.0168235
0.0848791
0.00309813
0.175919
0.448251
0.120414
0.338749
0.112809
0.442095
0.33677
0.000437734
0.268113
0.303126
0.299415
0.529525
0.00026963
0.178114
0.0734679
0.0146233
0.721669
0.0352033
0.513789
0.691203
0.0279676
0.30045
0.0625869
0.233365
0.0417403
0.000218115
0.0303281
0.473367
0.101482
0.00678112
1.1469e-05
0.314332
0.417186
0.0278836
0.170797
0.577769
0.110728
0.257804
0.434188
0.178717
0.358773
0.0158448
0.0240119
0.319818
0.232207
0.551013
0.356982
0.0357325
0.0310733
0.342338
0.213384
0.0415521
0.479709
0.49244
0.172126
0.224156
0.771544
0.000391172
0.27286
0.446364
0.171861
0.339006
0.0019209
0.414188
0.0105971
0.47923
0.189277
0.433659
0.0288576
0.680911
0.165999
0.336155
0.0796579
0.00344972
0.140367
2.90326e-05
0.00971851
0.186286
0.075615
0.00436588
0.001097
0.673582
0.0625853
0.0390343
0.0612192
0.139391
0.0024161
0.0257001
0.00115468
0.0113742
0.0562721
0.281643
0.375625
0.606892
0.298863
0.10741
0.338468
0.214457
0.289887
0.0720673
0.164397
0.00180627
0.093312
0.342018
0.0116707
0.365648
0.463824
0.20421
0.000459089
0.0046929
0.500864
0.00723069
0.165737
0.537998
0.21982
0.0334863
0.22547
0.0899089
0.000621051
0.0438966
0.00551352
0.0250607
0.401249
0.0124744
0.0255678
0.341494
0.435424
0.0102345
0.205043
0.16747
0.0607566
0.0560209
0.0352132
0.519083
0.260426
0.00266744
0.201885
0.16342
0.0051557
0.0127062
0.163184
0.00443727
0.165121
0.0313523
0.153107
0.220875
0.476898
0.325669
0.163153
0.00674764
0.0007779
0.0655544
0.00044936
0.119616
0.00177592
0.30148
0.327153
0.259252
0.515348
0.0718777
0.0406642
0.0180938
0.00247496
0.171186
0.531117
0.0967253
0.480001
0.327874
0.538707
0.102928
0.0976397
0.153231
0.00131958
0.283276
0.0533856
0.0444179
0.00853122
0.472856
0.0337648
0.292607
0.000362371
0.00806735
0.0332441
0.566046
0.0772353
0.214223
0.202964
0.713103
0.290014
0.365683
0.0145321
0.0627305
0.245819
0.0583744
0.03355
0.218378
0.00885371
0.204413
0.000150557
0.508348
0.157785
0.306121
0.434064
0.0387884
0.021989
0.000413323
0.451877
0.531111
0.534026
0.293942
0.018309
0.0566597
0.263858
0.546257
0.00489218
0.0838266
0.408559
0.282769
0.226554
0.00564609
0.200547
0.086671
0.281299
0.448218
0.456741
0.30505
0.5107
0.400791
0.215134
0.337844
0.00014102
0.027451
0.000899133
0.177005
0.112229
0.34857
0.189571
0.00704957
0.247626
0.113043
0.628401
0.299239
0.216705
0.274997
0.0108641
0.123115
0.00942434
0.35422
0.323969
0.718633
0.290059
0.0470081
0.022
0.304911
0.550576
0.00119613
0.0172525
0.0701355
0.237605
0.000678573
0.254984
0.0276621
0.00931844
0.514237
0.0437006
0.0498527
0.262265
0.537522
0.00880383
0.0609876
0.434736
0.00247888
0.196735
0.698829
0.0171907
0.518481
0.00013645
0.00243094
0.15836
0.0389674
0.000296566
0.131032
0.237701
0.00504444
0.00727256
0.00811441
0.00387823
0.00133617
0.276372
0.000823908
0.0481787
0.245538
0.0948286
0.0349496
0.000584583
0.000813437
0.211666
0.000787538
0.291547
0.00151415
0.0407601
0.134851
0.000749432
0.167588
0.0349052
0.0466553
0.0121979
0.287275
0.310917
0.187641
0.238088
0.00174828
0.117827
0.187326
0.120226
0.26274
0.596961
0.00298692
0.0691967
0.0231991
0.046683
0.719953
0.296575
0.0130793
0.00717093
0.00455875
0.0565464
0.275493
0.456505
0.417644
0.00449609
0.509555
0.225653
0.0514448
5.2503e-05
0.00522596
0.0528709
0.0138855
0.319407
0.487101
0.416772
0.329909
0.0860838
0.109904
5.67018e-05
0.11726
0.113506
0.00817094
0.178523
0.529727
0.00259595
0.0448769
0.0157505
0.200065
0.193131
0.381035
0.0194718
0.293525
0.330555
0.0817087
0.220016
0.11495
0.0213947
0.515605
0.161061
0.298294
0.0011862
0.292084
0.00166503
0.0281929
0.00929947
0.308173
0.01038
0.125011
0.0170906
0.43823
0.511759
0.0338522
0.000342877
1.22535e-05
0.0195841
0.0253509
0.398056
0.285011
0.0719639
0.0310052
0.0401809
0.524672
0.287859
0.592821
0.228517
0.00205399
0.157438
0.174632
2.98855e-05
0.0144833
0.179446
0.323675
0.198421
9.25291e-06
0.0937816
0.317879
0.019364
0.00647076
0.00154668
0.204623
0.367736
0.219746
0.543779
0.0160559
0.136691
0.297109
0.00137729
0.391268
0.0103159
0.0164401
0.130756
0.0264965
0.00317755
0.470858
0.442152
0.185246
0.0951855
0.14125
0.187927
0.124622
0.0522483
0.601884
0.171504
0.435147
0.288274
0.27396
0.257632
0.0260975
0.0266384
0.0235839
0.449131
0.208577
0.0588752
0.300962
0.362807
0.534895
0.0161627
0.217019
0.012562
0.342762
0.0192421
0.309186
0.127329
0.0477547
0.00531206
0.0235274
0.0805308
0.284395
0.428096
0.363036
0.0337417
0.0760211
0.0331111
0.02317
0.000794139
0.32513
0.603434
0.0522069
0.197526
0.345117
0.00386058
0.297666
0.38485
0.00973996
0.230635
0.00031983
0.355906
0.558294
0.0622592
0.0168806
0.121723
0.374865
0.245297
0.498467
0.0397108
0.352751
0.0936102
0.0315552
0.0523243
0.293883
0.345052
0.437208
0.132741
0.00409117
0.0948575
0.0800054
0.00195703
0.0477025
0.305878
0.0431258
0.14404
0.426892
0.561566
7.72707e-05
0.318806
0.002333
0.038473
0.260383
0.0278226
0.44457
0.197974
0.617611
0.149478
0.0555657
0.335596
0.0961935
0.000327163
0.00443673
0.054844
0.645507
0.000564379
0.205023
0.167928
0.114226
0.0439945
0.000215849
0.010359
0.0974586
0.437555
0.436837
0.387936
0.101094
0.00508147
0.19803
0.034801
0.0886315
0.13083
0.00274535
0.558667
0.0237911
0.494658
0.00119637
0.337897
0.312647
0.0069881
0.0432705
0.0259239
0.0102688
0.491828
0.363354
0.0837097
0.0280355
0.632969
0.00119283
0.458831
0.254694
0.278899
0.0178955
0.299587
0.57137
0.426208
0.0419855
0.0923109
0.0634612
0.721617
0.312156
0.026784
0.0798714
0.0060381
0.515301
0.147697
0.00835309
0.00021714
0.407387
0.00439114
0.00143311
0.215574
0.176223
0.226423
0.117038
0.497943
0.364504
0.456897
0.0129623
0.123887
0.00392244
0.731591
0.496241
0.104454
0.435754
0.125064
0.105828
0.31892
0.0366028
0.00902862
0.000358077
0.324616
0.0254092
0.194156
0.107975
0.317456
0.0496336
0.0540819
0.482893
0.173822
0.00595604
0.128364
0.0818102
0.54667
0.00566859
0.00574059
0.431906
0.559835
0.642749
0.3838
0.117099
0.0688099
0.0014014
0.0295257
0.676771
0.653894
0.000871082
0.0466738
0.506922
0.330638
0.453638
0.384702
0.0513937
0.436535
0.124839
0.310237
0.284172
0.345915
0.111595
0.00244196
0.0314789
0.000497324
0.625591
0.141864
0.487557
0.495706
0.037655
0.0671297
0.00152089
0.0380923
0.14491
0.00346569
0.00703047
0.00702476
0.385407
0.135587
0.136274
0.0764402
0.00286419
0.00322685
0.245015
0.0964438
0.528035
0.00742711
0.00186165
0.595476
0.256927
0.0916446
0.320895
0.142504
2.14177e-05
0.166496
0.564347
0.0210576
0.27339
0.00277232
0.195805
0.259757
0.401698
0.020116
0.470609
0.389263
0.0933729
0.0805387
0.415474
0.469303
0.344813
0.24173
0.229381
0.0499676
0.290849
0.338597
0.506993
0.0364295
0.309113
0.365857
0.198376
0.201144
0.249465
0.429006
0.189092
0.000865693
0.0456541
0.358499
0.391458
0.0105379
0.00940677
0.0123354
0.0111974
0.393306
0.251079
0.664593
0.00518414
0.0120179
0.00606926
0.486732
0.00666922
0.00318239
0.218869
0.0281064
0.000116475
0.124818
0.717717
0.314701
0.032255
0.265404
0.204683
0.000931599
0.0864444
0.109136
0.0864076
0.394733
0.278106
0.0012534
0.489201
0.378215
0.344848
0.267591
0.0433908
0.0387802
0.186703
0.0635801
0.0736177
0.0326779
0.729218
0.0146595
0.0818558
0.281534
0.00110139
0.185903
0.000264569
0.199333
0.67763
0.0141084
0.00838922
0.330609
0.253348
0.202677
0.000505494
0.00579462
0.541344
0.0259993
0.0247774
0.0661654
0.0935849
0.593777
0.00950288
0.00524668
0.00488518
0.0149386
0.000403111
0.616434
2.1703e-05
0.381277
0.000780375
0.306564
0.141247
0.0472383
0.00706218
0.0697956
0.269634
0.286963
0.00738304
0.0132674
0.170999
0.526829
0.00342502
0.631124
0.0350527
0.000764847
0.235501
0.00063306
0.337613
0.450281
0.0525375
0.422701
0.0585399
0.534058
7.75244e-05
0.00106892
0.382209
0.581499
0.00211731
0.128083
0.0515813
0.00576683
0.140845
0.517631
0.344993
0.000322012
0.00102583
0.37747
0.0397855
0.288037
0.00154463
0.0015081
0.00105889
0.00765735
0.375855
0.003389
0.0770939
0.122351
0.230495
0.666805
0.5841
0.257051
0.0281316
0.0426334
0.00241438
0.00988887
0.329707
0.588593
0.61636
0.452246
0.400496
0.15255
0.485365
0.24452
0.504537
0.496497
0.0337123
0.580136
0.495315
0.0350692
0.0125423
0.548637
0.337647
0.108034
0.24333
0.318101
0.8184
0.0259527
0.00106772
0.040095
0.0009728
0.223192
0.702952
0.387512
0.201592
0.00277818
0.38631
0.13815
0.00248427
0.52537
0.459548
0.296088
0.124164
0.000241965
0.0726046
0.013716
0.00383829
0.0191564
0.00430366
0.289256
0.463803
0.172132
0.00269829
0.0116541
0.163615
0.00436681
0.0512486
0.0581679
0.367476
0.00411842
0.00890675
0.00210652
0.252608
0.060339
0.0612344
0.0709769
0.0266656
0.0154394
0.127229
0.34819
0.0885749
0.138781
0.00127847
0.00290106
0.285251
0.581197
0.0148996
0.000975884
0.292656
0.248052
0.275053
0.00834447
0.055421
0.582419
0.0559235
0.195544
0.00447624
0.0452518
0.536812
0.207233
0.0260368
0.0172562
0.0252308
0.266988
0.0189834
0.157567
0.188923
0.146415
0.563399
0.503598
0.0192305
0.0624841
0.000757241
0.018023
0.214815
0.121125
0.0648088
0.0430718
0.0107125
0.25072
0.0950332
0.0247939
0.644399
0.740962
0.0161014
0.00918919
0.00185524
8.16459e-05
0.0566291
0.586806
0.200527
0.178265
0.365137
0.12007
0.468246
0.0554323
0.228528
0.00275534
0.12561
0.132707
0.399094
0.130994
0.331507
0.272456
0.301536
0.0381746
0.281343
0.00781688
0.00740614
0.00863733
0.547472
0.603157
0.135153
0.22616
0.251775
0.154354
0.0159325
0.015885
0.608318
0.0443334
0.173183
0.00287442
0.260809
0.600293
0.427755
0.309592
0.292306
0.00901284
0.0866524
0.162582
0.291408
0.0116323
0.00733634
0.00977734
0.129635
0.0032104
0.135474
0.326146
0.275984
0.104933
0.0019152
0.497375
0.00726144
0.297932
0.243092
0.047158
0.0253212
0.227408
0.261588
0.027941
0.190951
0.000495212
0.393991
0.593011
0.107398
0.0805831
0.0564416
0.0641475
0.00276824
0.0118933
0.00905822
0.502996
0.071825
0.0337309
0.00068118
0.743458
0.128405
0.127969
0.29983
0.11548
0.340197
0.0221123
0.45145
0.765702
0.00672158
0.238589
0.0266106
0.000426681
0.0645002
0.0079511
0.000489168
0.611355
0.07947
0.00434277
0.393591
0.0115918
0.416266
0.210094
0.000350499
0.242329
0.331666
0.298569
0.566369
0.718389
0.000375802
0.0231182
0.427091
0.0826156
0.209417
0.0441789
0.00176894
0.268565
0.437745
0.461147
9.99401e-05
0.0321929
0.306278
0.0245077
0.251337
0.207979
0.275143
0.31867
0.00914802
0.374519
0.322093
0.0532291
0.0647833
0.0620138
0.289734
0.430718
0.428484
0.272105
0.379249
0.442608
0.112767
0.119874
0.000871659
0.00137391
0.489068
0.00118079
0.21463
0.0330376
0.0199514
0.000407486
0.00459104
0.263039
0.138438
0.661413
0.367937
0.131004
0.0187977
0.272269
0.0155713
0.000563338
0.651694
0.221046
8.5706e-06
0.242319
0.0393586
0.0740611
0.0202998
0.479132
0.188091
0.352064
0.0254446
0.0240141
0.0121993
0.150174
0.00178653
4.77089e-05
0.488479
0.00085919
9.29848e-06
0.429483
0.0255198
0.127765
0.51121
0.429462
0.320483
0.0199903
0.0171915
0.276438
0.000491231
0.380541
0.437939
0.73056
0.165724
0.00430729
0.262629
0.681146
0.0303989
0.0330557
0.226889
0.0082427
0.411821
0.0884456
0.0433112
0.497231
0.0378263
0.221845
0.00654553
0.589022
0.00115285
0.686146
0.000463387
0.0266185
0.00436062
0.481967
0.172099
0.0117413
0.467369
0.570259
0.00044278
0.154535
0.00025237
0.120841
0.00360102
0.000978576
0.0242455
0.00703187
0.00937256
0.0144726
0.335947
0.555137
0.00168759
0.0579004
0.0114213
0.084001
0.252674
0.167443
0.019377
0.28022
0.480117
0.0100923
0.340915
0.380331
0.303406
0.00415774
0.0563148
0.0221275
0.0503228
0.536584
0.00690751
0.113062
0.116177
0.00514321
0.759807
0.484905
0.0145568
0.369145
0.269205
0.00327947
0.00271205
0.405293
0.126087
0.481863
0.00520713
0.0937193
0.225179
0.000210275
0.233281
0.00487804
0.115245
0.118874
0.0419848
8.5175e-05
0.166368
0.000672925
0.00264033
0.00130861
0.109767
0.272856
0.0872222
0.121614
0.00469827
0.120686
0.00912096
0.307733
0.0223911
0.277906
0.205384
0.0152828
0.00679344
0.0679799
0.462481
0.087528
0.0364879
0.0027027
0.391322
0.0529617
0.352969
0.014469
0.0213281
0.418996
0.343373
0.259732
0.00650021
0.215676
0.387793
0.103464
0.0207328
0.033229
0.00562758
0.0496183
0.0111452
0.55638
0.178527
0.00650177
0.251269
0.647947
0.307796
0.0729
0.00929818
0.205347
0.123909
0.0129616
0.412016
0.0161784
0.0926001
0.00663423
0.149467
0.161726
0.000739075
0.0131041
0.224692
0.214377
0.446942
0.484919
0.00289753
0.274075
0.000583433
0.0929787
0.273981
0.135713
0.689571
0.453903
0.295552
0.486824
0.00177511
0.0130573
0.371619
0.0371632
0.289165
0.0398393
0.0348755
2.10836e-05
0.328367
0.159081
0.530959
0.727397
0.121695
0.1597
0.00219609
0.100462
0.0261111
0.00850384
0.508872
0.357252
0.151328
0.0244287
0.518631
0.280399
0.621279
0.0619603
0.0803099
0.0118333
0.0548091
0.0223655
0.456063
0.207605
0.25833
0.0254444
5.93192e-05
0.104597
0.047499
0.160858
0.00887056
0.0114099
0.00314934
0.313052
0.690806
0.20341
0.372972
0.506013
0.187253
0.569638
0.265868
0.0616615
0.00311221
9.34426e-05
0.0042038
0.696726
0.0555931
0.466071
0.52461
0.00250521
0.00338354
0.00323632
0.062896
0.125863
0.0631953
0.0119395
0.0342269
0.475581
0.461118
0.289975
0.00216934
0.0882255
0.0774206
0.13195
0.00803086
0.0210928
0.00524054
0.0246983
0.369489
0.029591
0.174266
0.000219602
0.000865057
0.00420485
0.148311
0.332464
0.208197
0.239312
0.0293345
0.0616093
0.438212
0.575192
0.0887167
0.674451
0.170332
0.444506
0.370911
0.0989715
0.311666
0.488203
0.646069
0.114427
0.186958
0.376467
0.218902
6.93283e-06
0.286587
0.0151689
0.0157334
0.272979
0.145603
0.0761797
0.0613202
0.376263
0.36227
0.337683
0.418645
0.0199468
0.082874
0.62935
0.00591956
0.0444871
0.559987
0.0401226
0.366139
0.56514
0.202264
0.0316275
0.0121373
0.310759
0.39199
0.620281
0.347732
0.000581741
0.245779
0.0517436
0.0225317
0.388875
0.00186497
0.88507
0.0547726
0.374075
0.391382
0.000478814
0.398502
0.476985
0.00168728
0.319945
0.178371
0.00753771
0.145203
0.498121
0.0740874
0.288155
0.133725
0.336085
0.11419
0.00502053
0.00121995
0.44343
0.228336
0.279098
0.000118349
0.0753331
0.0240897
0.0106015
0.0625624
0.10888
0.482057
4.54531e-06
0.0882968
0.0352379
0.024684
0.0309109
3.51014e-05
0.40784
0.00624148
0.193522
0.00171863
0.249512
0.134344
0.63599
0.0346445
0.0217854
0.0129564
0.343873
0.048376
0.297438
0.155403
0.101701
0.0202673
0.308293
0.570515
0.000244757
0.857354
0.00546652
0.000278684
0.41873
0.0157258
0.0136013
0.486922
0.128535
0.289522
0.046094
0.229396
0.110002
0.3845
0.458236
0.0421163
0.190704
0.109842
0.00377697
0.266628
0.00156229
0.00207205
0.4051
6.21729e-05
0.00369442
0.0911382
0.0256954
0.0631898
0.00806202
0.000978906
0.227884
0.149054
0.000195654
0.000626438
0.396087
0.0719834
0.0313043
0.00352264
0.0186166
0.239532
0.315694
0.217322
0.0124713
0.0591635
0.0805869
0.00438733
0.00107996
0.765491
0.353145
0.488467
0.175192
0.0187733
0.00287016
0.390074
0.0761594
0.00600141
0.491815
0.298637
0.0733136
0.0116079
0.168606
0.00130939
0.387889
0.567726
0.00170289
0.531983
0.0825274
0.241758
4.54919e-06
0.0251116
0.0331461
0.115325
0.00848943
0.0204254
0.0284481
0.591877
0.105469
0.00578269
0.00621135
0.0167169
0.148544
0.227048
0.743299
0.33304
0.00415137
0.501009
0.0688194
0.000345032
0.0155994
0.577544
0.490678
0.559291
0.132176
0.487288
0.297044
0.454015
0.294432
0.175734
0.320835
0.0881824
0.0205649
0.426336
0.119397
0.00665346
0.111312
0.0364348
0.150348
0.00446227
0.402433
0.00545811
0.00010045
0.100828
0.213
0.430747
0.388071
0.471256
0.259215
0.181445
3.79495e-05
0.19312
0.403142
0.0277119
0.298761
0.00402876
0.00411579
0.0710211
0.162401
0.000167163
0.559875
0.125693
0.366205
0.00545768
0.0855731
0.314781
0.0104956
0.00197551
0.000612683
0.0106448
0.142878
0.521561
0.414168
0.00127316
0.39457
0.112613
0.0463381
0.0111099
0.0101253
0.147283
0.638977
0.472443
0.0034102
0.33298
0.0313041
0.00713053
0.14091
0.339203
0.316649
0.0874584
0.286142
0.000109214
0.0275431
0.2921
0.0029688
0.43582
0.57166
0.0019357
0.409743
0.348366
0.00411832
0.0401894
0.0347688
0.315752
0.32169
0.167376
0.355116
0.00675877
0.712462
0.00197103
0.71637
7.52139e-05
0.00749524
0.000230183
0.00064119
0.00190539
0.270213
0.257867
0.552716
0.690775
0.125059
0.490286
0.0653313
0.309605
0.000137056
0.355287
0.192083
0.159098
0.191176
0.646124
0.0486246
0.0170379
0.01391
0.0239225
0.509397
0.350383
0.125745
0.0851151
0.000371415
0.00406118
0.0247289
0.479717
0.424641
0.490218
0.601903
0.280942
0.806866
0.000751447
0.0187871
0.000787542
0.40017
6.30366e-05
0.0277421
0.455809
0.0267786
0.445673
0.367433
0.0120484
0.000168126
0.00680604
0.0141427
0.0117675
0.264711
0.64706
0.743376
0.0311184
0.0705696
0.20689
0.271796
0.122943
0.111149
0.258948
0.00472059
0.000681479
0.259209
0.000140967
0.505814
0.0737936
0.00323228
0.308527
0.207583
0.00244786
0.596949
0.0271487
0.342739
0.188644
0.0179768
0.0980052
0.00987646
0.0036747
0.313558
0.210939
0.366503
0.0049619
0.419572
0.172914
0.345303
0.581459
0.22255
0.487523
0.00623775
0.200116
0.263418
0.198654
0.121579
0.447098
0.143746
0.0976935
0.324719
0.202549
0.00031761
0.380137
0.521608
0.360894
0.0329523
0.637333
0.297397
0.0519182
0.015665
0.189166
0.0580055
0.0919397
0.0344688
0.374549
0.00663248
0.149545
0.000112607
0.0563627
0.00440143
0.00150499
0.374997
0.0985883
0.0441016
0.318241
0.0541419
0.0292336
0.00558426
0.0552581
0.256972
0.462421
0.000656158
0.661054
0.00674598
0.119955
0.466328
0.132315
0.000935318
0.193704
0.265425
0.000180896
0.000768209
0.0321796
0.557781
0.444193
0.0600807
0.113278
0.537687
0.00241061
0.155225
0.359211
0.245219
0.479552
0.0346471
0.0283235
0.0342937
0.252615
0.00507405
0.0234917
0.395279
0.0636731
0.0020054
0.325304
0.0292636
0.243495
0.264622
0.4128
0.277888
0.66006
0.000203051
0.0346699
0.173562
0.207101
0.19822
0.00831564
0.369331
0.306801
0.0729626
0.162041
0.0264336
0.00181777
0.25506
0.118336
0.200495
0.260819
0.736368
0.295483
0.723045
0.307834
0.00553426
0.0455568
0.00716525
0.358167
0.0265836
0.00578399
0.0867844
0.0107176
0.0695065
0.0906324
0.034237
0.0073292
6.01919e-06
0.18812
0.00165893
0.0239905
0.0175879
0.0256042
0.366288
0.395856
0.24073
0.0912912
0.296544
0.0053032
0.0630351
0.121127
0.00914454
0.0495362
0.246608
0.0974295
0.394741
0.0188108
0.7166
0.193104
0.445096
0.241654
0.560547
0.0239207
0.293364
0.0175914
0.29622
0.125117
0.420867
0.313585
0.018654
0.32482
0.178211
0.258103
0.186971
0.0485142
0.372018
0.465345
0.0152163
9.24151e-06
0.00275327
0.200045
0.175068
0.476139
0.332141
8.88294e-05
0.149148
0.028833
0.157141
0.267153
0.0155968
0.315718
0.0447503
0.320653
0.37393
0.0168242
0.0188396
0.233834
0.00180615
0.000284312
0.440617
0.0169566
0.000227007
0.233483
0.00655646
0.0420552
0.180051
0.444603
0.00612501
0.191091
0.00535174
0.0854857
0.299938
0.414232
0.212327
0.216859
0.0267682
0.455144
0.288313
0.0380983
0.00656971
0.000313766
0.458809
0.507193
0.080601
0.0394521
0.00439108
0.293682
0.173378
0.0429743
0.523726
0.046687
0.627168
0.266113
0.0200853
0.0608015
0.0253389
0.61244
0.321854
0.0089918
0.345184
0.512044
0.0150417
0.423576
0.00648125
0.787232
0.00358504
0.510385
0.552043
0.267503
0.000257737
0.211424
0.0216017
0.113835
0.034108
0.0227675
0.0909799
0.0944717
0.451571
0.116512
0.0459273
0.69991
0.165531
0.0601308
0.825555
0.0666963
0.0357906
0.543769
0.00155064
0.015819
0.00125901
0.0754042
0.121226
0.423767
0.000314291
0.365241
0.301653
0.423956
0.523137
0.111134
0.000683288
0.0266607
0.00500787
0.0282486
0.432951
0.534295
0.0422172
0.00414275
0.0555107
0.000540521
0.0261719
0.0627901
0.00346811
0.39418
9.13231e-05
0.0695582
0.0685446
0.117294
0.208199
0.199953
0.300741
0.0512216
0.322982
0.0496497
0.000945557
0.322183
0.00219284
0.290718
0.34929
0.115416
0.0307948
0.150328
0.00461711
0.050567
0.166931
0.00282077
0.370377
0.406646
0.743674
0.450302
0.14322
0.341725
0.349563
0.0398273
0.0178322
0.304984
0.119691
0.021714
0.253345
0.206687
0.357695
0.320336
0.665357
0.00134761
0.292495
0.000274984
0.359436
0.0151778
0.0554617
0.299886
0.018736
0.0647972
0.128028
0.00163003
0.00143734
0.192983
0.00201497
0.0370829
0.502968
0.200722
0.487484
0.00146694
0.000150056
0.34767
0.554845
0.0733462
0.0553553
0.526227
0.00248073
0.192414
0.00898821
0.313379
0.0570152
0.00985029
0.00236414
0.0906133
0.165687
0.0186174
0.204277
0.391215
0.0931321
0.293393
0.48933
0.467099
0.244943
0.00831417
0.000166487
0.107976
0.123641
0.115788
0.370298
0.00105787
0.00194468
0.0917906
0.255718
0.4261
0.263397
0.0494595
0.000493601
0.274164
0.0387261
0.204814
0.392187
0.0105387
0.00980466
0.185786
0.191324
0.185368
0.397682
0.557247
0.285533
0.384874
0.237944
0.107633
0.385309
0.297413
0.400571
0.121024
0.00420602
0.469252
0.280184
0.461189
0.000366942
0.549672
0.119976
0.252309
0.00562619
0.135192
0.0502267
0.00555874
0.0203251
0.0243374
0.0250424
0.00109844
0.157968
0.0370268
0.0775624
0.00880516
0.268979
0.348725
0.0010415
0.000324129
0.00884103
0.0631166
0.0388017
0.130674
0.531389
0.240212
0.35781
0.0500356
0.00783658
0.38678
0.0317053
0.00654238
0.430053
0.577411
0.352024
0.0722672
0.0149894
0.421891
0.0808016
0.0161082
0.41512
0.000587146
0.0198436
0.0265058
0.0118019
0.103976
0.32158
4.04925e-05
0.000461293
0.103458
0.691926
0.320613
0.0171771
0.134539
0.0256957
0.00196467
0.00336278
0.0285948
0.239716
0.587868
0.380703
0.221297
0.115368
5.07691e-05
0.198619
0.578766
0.289077
0.353524
0.425893
0.485094
0.463143
0.044616
0.279205
0.00293573
0.00296819
0.515701
0.000383136
0.11568
0.367985
0.000369977
0.0591124
0.0266074
0.534299
0.0290542
0.283081
0.00693721
0.175853
0.280716
0.311837
0.390996
0.297476
0.262595
0.00791904
0.0317797
0.54541
0.126923
0.161906
0.0714999
0.143395
0.504553
0.0243598
0.0241733
0.0289776
0.00700287
0.1781
0.00280394
0.284334
0.00124396
0.394375
0.191502
0.167353
0.0119776
0.331126
0.00110591
0.34081
0.0778561
0.341843
0.494935
0.320714
0.00345865
0.0591904
0.413043
0.460785
0.2925
0.00217262
0.000123542
0.0904879
0.012382
0.0978964
0.567318
0.146135
0.00238867
0.0526158
0.0163583
0.137674
0.0466685
0.00015046
0.377653
0.541309
0.00523156
0.102996
0.0431236
0.021358
0.00916101
0.150082
0.133767
0.544601
0.455864
0.157507
0.0207573
0.00129798
0.0221138
0.00769413
0.298999
0.000700249
0.302665
0.204084
0.331942
0.000143911
0.00400219
0.222938
0.347227
0.010666
0.404989
0.613594
0.334988
0.243209
0.289476
0.0673486
0.283472
0.0275247
0.222845
0.774965
0.360127
0.0700418
0.0104724
0.0011317
0.162441
0.0183893
0.0735734
0.564346
0.0827202
0.273492
0.623342
0.0344045
0.314044
0.353437
0.550666
0.737781
0.278946
0.131864
0.0455645
0.271035
0.00845549
0.113202
0.451917
0.0283348
0.126954
0.632832
0.569302
0.359213
0.0115354
0.155405
0.0905728
0.211109
0.401839
0.0720154
0.832822
0.0755531
0.634874
0.000719173
0.000661144
0.0928512
0.152846
0.341146
0.000107659
0.0466487
0.210548
0.346248
0.00330469
0.00570029
0.00562323
0.586088
0.307502
0.155639
0.36367
0.010897
0.0162973
0.240132
0.0344464
0.0781609
0.0869948
0.0658495
0.150686
0.373305
0.00588132
0.0241355
0.0175774
0.765665
0.474803
0.777605
0.0830266
0.425144
0.000812363
0.355922
0.268982
0.304939
0.306712
7.50753e-05
0.389989
0.473081
0.0186784
0.000674031
0.469107
0.122515
0.479897
0.00113266
0.0602708
0.00565958
0.026382
0.382504
0.404624
0.000837479
0.12381
0.678186
0.008595
0.128522
0.00070509
0.0486132
0.0227992
0.348652
0.192226
0.284331
0.278006
0.00873143
9.83068e-06
7.68895e-05
0.479758
0.0236158
0.0479922
0.142968
5.43758e-05
0.00198649
0.539806
0.26748
0.0205349
0.734856
0.193807
0.0201138
0.0541586
0.00176021
0.42213
0.340526
0.520669
0.00672349
0.0111091
0.0340272
0.0566745
0.291046
0.00323619
0.329714
0.24995
0.0655857
0.0131953
0.434501
0.0654139
0.385984
0.533779
0.472754
0.0375531
0.000555749
0.308666
0.037136
0.00391933
0.262756
0.0859606
0.35546
0.485486
0.00189164
0.0011139
0.506383
0.00284863
0.0854729
0.00191709
0.68869
0.295991
0.0301565
0.0133018
0.129736
0.0552951
0.0296459
0.279305
0.0602984
0.493604
0.169486
0.0538328
0.128679
0.054696
0.0460026
0.000101258
0.014785
6.59129e-05
0.131878
0.0527688
0.0757784
0.140054
0.321546
0.332661
0.272392
0.280195
0.00383978
0.201941
0.149942
0.125694
0.0170639
0.0385257
0.182306
4.20716e-05
0.539206
0.152413
0.116357
0.000192041
0.0660064
0.0550314
0.424195
0.427928
0.340106
0.000634442
2.51634e-05
0.22818
0.52446
0.178975
0.0028786
0.03079
0.315732
0.0957735
0.198377
0.403407
0.767342
0.311645
0.105413
0.0292048
0.0781112
0.256615
0.0478613
0.00253486
0.0775356
0.000701105
0.449706
0.00258596
0.0781864
0.508808
0.401722
0.115489
0.20153
0.57339
0.415478
0.525913
0.0135396
0.387406
0.0061692
0.00676594
0.32152
0.139539
0.0317316
0.52766
0.0598426
0.393509
0.00927166
0.428566
0.580304
0.39043
0.0241026
0.0375892
0.211091
0.00382009
0.34827
0.00795865
0.00308266
0.000108471
0.410478
0.334699
0.00937918
0.00401868
0.0939687
0.413798
0.348682
0.280989
0.440485
0.254959
0.115132
0.306297
0.0211521
0.615363
0.101593
0.0684955
0.05515
0.0349474
0.0427218
0.0287365
0.0033507
0.650247
0.00474956
0.61374
0.450435
0.491636
0.0968758
0.212236
0.287132
0.218325
0.230074
0.0180234
0.0209043
0.159619
0.185736
0.0728813
0.458008
0.329779
0.0561423
0.228083
0.00297577
0.486654
0.756323
0.00335602
0.00303547
0.170556
0.00164615
0.00589127
0.212179
0.2934
0.0411622
0.405954
0.0175636
0.00423911
0.123095
0.362235
0.000340231
2.84912e-05
0.702499
0.00129779
0.644208
0.0945755
0.722104
0.0138951
0.513137
0.70725
0.00853531
0.0071481
0.324372
0.646061
0.292985
0.00995721
0.387618
0.00333761
0.0691176
0.405239
0.668222
0.385677
0.289178
0.062848
0.0283002
9.48005e-05
0.16224
0.335013
0.0208551
0.448225
0.404194
0.000509905
0.149087
0.304585
0.516343
0.00137522
0.00433385
0.283712
0.207275
0.168429
0.390594
0.73074
0.635026
0.396759
0.000247253
0.0506686
0.20475
0.186521
0.0579572
0.0970203
0.176039
0.00387822
0.611783
0.212226
0.47462
0.000266301
0.00623659
0.340327
0.211128
0.00109478
0.278953
0.132578
0.000549335
0.0286553
0.00529616
0.231071
0.656434
0.150357
0.0118944
0.052941
0.0675844
0.511961
0.437001
0.397707
0.0183215
0.363898
0.293237
0.253134
0.000137976
0.576083
0.275092
0.63063
0.240719
0.000302649
0.294541
0.0178575
0.409391
0.371124
0.129493
0.107673
0.0927902
2.18636e-05
0.0326035
0.557365
0.0110211
0.456408
0.759042
0.187726
0.416175
0.304907
0.126475
0.584046
0.362102
0.0258018
0.421574
0.0262823
0.200581
0.0935701
0.334997
0.0295024
0.221836
0.0119199
0.436428
1.19551e-05
0.00593294
0.00550458
0.579438
0.000166309
0.471375
5.75357e-05
0.0951069
0.405211
3.83789e-05
0.131674
0.00684655
0.0126425
6.11541e-05
0.0377643
0.608668
0.0717286
0.0126725
0.0619075
0.161681
0.055186
0.0163998
0.313881
0.623251
0.319251
0.427357
0.197305
0.00532371
0.0269692
0.00145389
0.150319
0.00395551
7.04531e-05
0.593264
0.0916648
0.0399553
0.423816
0.173121
0.000374412
0.153667
0.424883
0.0136771
0.785232
0.492969
0.557957
0.345916
0.0219673
0.325804
0.515753
0.124823
0.217212
0.052082
0.0349383
0.0162231
0.280972
0.36377
0.000638985
0.697765
0.108359
0.0745699
0.49191
0.418235
0.0368124
0.362658
0.0129539
0.00258791
0.312308
0.000345796
0.00206072
0.369339
0.682531
0.110628
0.228287
0.514163
0.377318
0.0579259
0.412447
0.470514
0.0218283
0.00860908
0.247281
0.37523
0.0398015
0.186494
0.304805
0.000521135
0.000261218
0.00309722
0.433099
0.00081393
0.25561
0.0380871
0.0181804
0.0547934
0.0646975
0.126456
0.658733
0.0480728
0.683941
0.554552
0.00949544
0.00433118
0.0614987
0.0997063
0.170673
0.0552357
0.124014
0.0320978
0.646133
0.00097394
0.364578
0.303478
8.69993e-05
0.0013119
0.302408
0.226638
0.387671
0.075473
0.00593591
0.081458
0.0830949
0.113375
0.013596
0.494738
0.00280158
0.00950956
0.117881
0.158893
0.100109
0.00841509
0.0262729
0.00206359
0.288601
0.0222811
0.0115588
0.297395
0.352729
0.433996
0.119537
0.146635
0.0988447
0.228598
0.0041037
0.00300715
0.358958
0.312685
0.564613
0.00707752
0.0303471
0.0301352
0.674178
0.139407
0.0341384
0.0168915
0.0918135
0.0350576
0.285362
0.302471
0.12701
5.84622e-05
0.671236
0.286674
0.00482631
0.00210446
0.228771
0.0455648
0.000324853
0.089301
0.489122
0.3889
0.370548
0.00123552
0.0160947
0.283843
0.000996819
0.0176304
0.333872
0.33641
0.0214204
0.174306
0.286888
0.100891
0.676529
0.00115964
0.000440473
0.0961203
0.015703
0.256854
0.057958
0.0179678
0.608984
0.0151138
0.379483
0.641687
0.26498
0.296914
0.129669
0.0809794
0.321875
0.495259
0.456971
0.220808
0.213323
0.110605
0.228492
0.125994
0.000142272
0.000516664
0.0313317
0.229848
0.21943
0.000581338
0.0199982
0.0154799
0.000613548
0.559246
0.265859
0.0844808
0.333535
0.170457
0.286537
0.0094142
0.61965
6.458e-05
0.484672
0.434755
0.00286814
0.00188215
0.330869
0.0033095
0.0761735
0.437266
0.592216
0.0314546
0.135065
0.307007
0.0205165
1.37757e-05
0.000138224
0.300691
0.00493063
0.00018326
4.69442e-05
0.0972496
0.204698
0.470045
0.00655109
0.00116541
0.0378548
0.376895
0.47428
0.2171
0.415834
0.618974
0.0950664
0.00867243
0.0508895
0.0947783
0.0879846
0.135706
0.00153495
0.0129316
0.0158686
0.356796
0.0245134
0.242997
0.127695
0.000243236
0.466135
0.00708264
0.015654
0.765743
0.00195334
0.0474444
0.276684
0.319335
0.529259
0.034207
0.0177514
0.149913
0.147408
0.115071
0.0060587
0.232149
0.0207866
0.41323
0.0282963
0.330321
9.37548e-05
0.625895
2.26983e-05
0.10818
0.524739
0.0641454
0.5676
0.00757831
0.562237
0.0885413
0.0052172
0.450508
0.00877707
0.169631
0.122381
0.608684
0.154424
0.574808
0.0067176
0.268356
0.054047
0.00118872
0.000387022
0.502409
0.0337118
0.394747
0.572
0.239386
0.350929
0.226939
0.00180804
0.482617
0.427136
0.406066
0.0961995
0.222505
0.000538137
0.474038
0.00761687
0.0388748
0.0441762
0.309815
0.11583
0.436127
0.190719
0.00286742
0.304172
0.320369
0.308569
0.0045685
0.760592
0.219806
0.3155
0.0304666
0.0387371
0.434036
0.317085
0.0179213
0.0443428
0.712199
0.0549634
0.247755
0.0222832
0.304158
0.104426
0.00553435
0.0413742
0.0275129
0.0941666
0.0261208
0.00694421
0.457085
0.451524
0.0374428
0.000631416
0.207056
0.0595833
0.0726384
0.374441
0.0601073
0.29927
0.198801
0.0457617
0.00251467
0.274334
0.205473
0.00131122
0.185821
0.0152275
0.00243695
0.000896759
0.00404916
0.000991479
0.0115144
0.557657
0.119394
0.133913
0.0463286
0.607158
0.172218
0.00715643
0.122801
8.33109e-06
0.532154
0.000339453
0.355563
0.305066
0.0886513
0.32835
0.575516
0.426077
0.0269362
0.395218
0.0802254
0.0156195
0.693027
0.680062
0.542132
0.440826
0.0448708
0.0664036
0.294522
0.589459
0.0458073
0.581572
0.606817
0.444116
0.446387
0.0117914
0.329955
0.00312872
0.179916
0.387925
0.281051
0.375163
0.460135
0.745858
0.02864
0.00161735
0.612468
0.300492
0.102383
0.00104578
0.556268
0.0104685
0.00520791
0.0864976
0.0270022
0.0176326
0.42728
0.531326
0.575341
0.777379
0.0304721
0.307421
0.0774475
0.240615
0.00166585
0.00993693
0.00604982
0.303455
0.110561
0.0922339
0.348249
0.0190033
0.00988373
0.0333756
0.000247631
0.372069
6.44683e-05
0.537285
0.0554493
0.0453982
0.00183459
0.0152788
0.00818255
0.264524
0.000542709
0.282564
0.17895
0.0255539
0.259056
0.0312229
0.414662
0.454392
0.00104384
0.000536217
0.0538634
0.597333
0.515686
0.000325167
0.0215124
2.9675e-06
0.134693
0.122891
0.0886939
0.131387
0.543232
0.402815
0.303586
0.00019446
1.56275e-06
0.12311
0.139389
0.000149693
0.0132546
0.00020667
0.00121162
0.0825996
0.00920468
0.362175
0.377628
0.476142
0.643609
0.303924
0.155888
0.00609258
0.209347
0.33912
0.429589
0.038818
1.14674e-05
0.25712
0.00366313
0.0492161
0.698025
0.11341
0.302688
0.00165359
0.103584
0.15246
0.0368145
0.000440021
0.257552
0.0318222
0.000117989
0.491524
0.597048
0.0405075
0.282701
0.0678694
0.122947
0.000115501
0.262423
0.00413437
0.480892
0.114126
0.0471848
0.000507969
0.291397
0.401981
0.0474594
0.302965
0.450552
0.405457
0.0285319
0.58922
0.050674
0.355832
0.14124
0.430487
0.413001
0.463419
0.0106632
0.247002
0.217617
0.227844
0.712797
0.000216976
0.215589
0.0702788
0.759055
0.0134614
0.0781823
0.0133567
0.00357132
0.285522
0.0578334
0.331527
0.324208
0.00950925
0.000787798
0.137052
0.0311519
0.00264162
0.00328676
0.708332
0.234899
0.055696
0.157737
0.0562699
0.295671
0.131977
0.33432
0.155825
0.743215
0.00223378
0.222792
0.0532266
0.282106
0.287776
4.56401e-05
0.0628405
0.391048
0.000660349
0.171731
0.315287
0.046608
0.438087
0.292063
0.476862
0.437413
7.08874e-05
0.0263533
0.319736
0.010964
0.280571
0.0127922
0.0519584
0.370528
0.372326
0.137113
0.620951
0.0123175
0.0128594
0.0370258
0.0170381
0.0169985
0.358484
0.3433
0.407651
0.777088
0.00345107
0.0842415
0.291985
0.470342
0.683558
0.00437548
0.250168
5.69306e-05
0.0118288
0.126888
0.038346
0.00577037
0.00179957
0.00735764
0.200996
0.295058
0.318366
0.00578589
0.106547
0.122283
0.224948
0.0217956
0.674113
0.045976
0.00357643
0.178556
0.293112
0.0895671
0.00342088
0.315944
0.0618373
0.0302349
0.00578181
0.000554822
0.319889
0.00332451
0.229474
0.363724
0.319419
0.728161
0.455143
0.318158
0.362348
0.168286
0.00713256
0.12928
0.00721411
0.00673964
5.16867e-05
0.206352
0.00181797
0.0104054
0.780841
2.47059e-05
0.142178
0.094903
0.255266
0.197216
0.310109
0.401498
0.0644221
0.0560957
0.0053583
0.221667
0.00474385
0.478307
0.269123
0.468914
0.336985
0.314167
0.0817092
0.539472
0.605352
0.386251
0.00012689
0.0409805
0.00701704
0.232826
0.0041808
0.372076
0.65582
0.128994
0.281484
0.327762
0.332298
0.36967
0.222884
0.36153
0.0255397
0.0529486
0.332003
0.010748
0.091575
0.277934
0.42836
0.0267885
0.349083
0.0327887
0.577517
0.571898
0.0121505
0.015173
0.278913
0.416788
0.0873641
0.365201
0.269215
0.0116803
0.00278272
0.256555
0.00138173
0.423399
0.147871
0.163999
0.214922
0.398155
0.374969
0.473104
0.422372
0.133012
0.0242306
0.736569
0.0953316
0.0432626
0.0112253
0.0973272
0.000664774
0.304545
0.00848781
0.058158
0.361329
0.00112356
0.0100156
0.149681
0.450818
0.00569363
0.0148138
0.00117088
0.501979
0.627723
0.0010189
0.168048
0.186133
0.00958839
0.0544888
0.288343
0.0161704
0.256624
0.716392
0.018558
0.130909
0.00782812
0.0146441
0.405354
0.454741
0.36466
1.74422e-05
0.0122601
0.394504
0.566687
0.00303229
0.326419
0.420294
0.424717
0.0138772
0.0909202
0.000261431
0.00731253
0.079099
0.463145
0.0281126
0.000107491
0.276702
0.129432
0.253107
0.198918
0.0401837
0.120793
0.468766
0.352929
0.559483
0.198155
6.01209e-05
0.00735803
0.00399767
0.165375
0.268467
0.00882675
0.156792
0.515432
0.442571
0.628457
0.0108341
0.548599
0.000111189
0.0448153
0.0020055
0.113762
0.421395
0.457615
0.351635
0.526946
0.00369112
0.0112558
0.0496408
0.00431349
0.285291
0.0842688
0.536833
0.0109068
0.0318808
0.0676491
6.53367e-05
0.0363823
8.58034e-05
0.202573
0.166762
0.487397
0.316625
0.397676
0.692842
0.297156
0.467717
0.47361
0.00434126
0.0346173
0.69612
0.681983
8.74846e-05
0.123206
0.318549
0.490699
0.247709
0.247786
0.0358419
0.323178
0.0285394
0.379416
0.1407
0.102349
0.0129583
0.229674
0.0953369
0.0544369
0.668126
0.031245
0.241617
0.0100509
0.207494
0.0691835
0.688325
0.358298
0.0446754
0.00550784
0.377328
0.0204558
0.291294
0.147367
0.433124
0.0217323
0.120291
0.00311054
0.260655
0.00295928
0.384822
0.238989
0.0882687
0.185928
0.00137383
0.0782489
0.00054249
0.251982
0.202056
0.354646
0.0317219
0.346316
0.182836
0.310715
0.0894784
0.000723674
0.406919
0.0514308
0.350156
0.00444323
0.206416
0.00980184
0.157726
0.00999645
0.00383687
0.0822402
0.160718
0.00463777
0.119895
0.21108
0.448829
0.0499208
0.240072
0.17447
0.0464053
0.07228
0.440141
0.0484533
0.00205356
0.232472
0.00306137
0.0399165
5.69406e-05
0.0531322
0.0940119
0.17978
0.0600704
0.00699452
0.213178
0.34421
0.355187
0.142872
0.202855
0.458345
0.0293094
0.00979486
7.0842e-05
0.110372
0.118874
0.0824083
0.7391
0.00423361
0.0702122
0.228988
0.0847032
0.621855
0.147716
0.062555
0.0166432
0.506866
0.0169804
0.0746317
0.0131588
0.42896
0.0495345
0.144158
0.708811
0.00455916
0.00583528
0.227681
0.321697
0.29649
0.10935
0.0284823
0.236689
0.60825
0.320351
0.0133597
0.0451379
0.00128937
0.000936594
0.594123
0.224782
0.0853503
0.00893289
0.0390938
0.181
0.266038
0.152339
0.0320095
0.304796
0.388681
0.765366
0.228229
0.0708118
0.000323356
0.552207
0.191329
0.387584
0.584871
0.23003
0.342112
0.00365662
0.293026
0.150701
0.0033202
0.0171886
0.00463174
0.468715
0.0150248
0.0157364
0.554444
0.38618
0.512762
0.0291833
0.352168
0.00439794
4.65194e-05
0.0212343
0.321719
0.604991
0.0022593
3.63462e-05
0.22377
0.300533
0.290813
0.0232627
0.00163081
0.0055362
0.000158805
0.0605807
0.0145208
0.0507348
0.159985
0.0489242
0.110338
0.295215
0.00022074
0.115631
0.620399
0.334474
0.0105198
0.000966696
0.0283129
0.00165946
0.0499343
0.00184623
0.0480724
0.50597
0.000512012
0.0604357
0.26922
0.00834473
0.263981
0.211164
0.0770231
0.0598876
0.0386955
0.0189069
0.12149
0.0240476
0.310141
0.00917707
0.0656688
0.246244
6.65529e-05
0.089282
0.193628
0.144253
0.16588
0.00843
0.717461
0.527128
4.88852e-07
0.540779
0.129567
0.0189958
0.417152
0.0266596
0.051929
0.0460444
0.00593751
0.320757
0.0101559
0.00772452
0.00463942
0.315502
0.615612
0.081925
0.219781
0.158564
0.341426
0.561396
0.324223
0.0357872
0.222683
0.0143455
3.3087e-05
0.00504844
0.0115742
0.168097
0.286288
0.619905
0.684021
0.218874
0.00497235
0.000425318
0.313355
0.253734
0.0171928
0.159954
0.599196
0.00226569
0.00628331
0.251968
0.000475848
0.0107883
0.022523
0.0316752
0.0063041
0.21468
0.00641448
0.0233261
0.0286563
0.299539
0.281712
0.107801
0.393197
0.0692957
0.665765
0.127786
0.0178818
0.186903
0.502779
0.39507
0.483069
0.115264
0.000760515
0.122925
0.548882
0.0934937
0.367646
0.494962
0.0355066
0.223373
0.067775
0.333995
0.0231123
0.18216
0.0382049
0.017243
0.000895019
0.123186
0.103044
0.312783
0.0966259
0.206696
0.278451
0.00372071
0.00495204
0.00679065
0.00078471
0.732555
0.111549
0.21322
0.4796
0.512534
0.243502
0.0292806
0.0447482
0.00977194
0.000270454
0.240599
0.25674
0.00247595
0.154355
0.511455
0.0140361
0.0334971
0.0113942
0.513263
0.0318768
0.00917511
0.308001
0.437475
0.319587
0.0950636
0.220429
0.313191
0.35711
0.240391
0.000683104
0.473953
0.000530934
0.30239
0.00197679
0.0689034
0.331916
0.376905
0.411305
2.36856e-05
0.289057
0.452211
0.0151159
0.0115264
0.3537
0.0361959
0.362217
0.00154656
0.25985
0.189131
0.0766163
0.419859
0.000421889
0.00188931
0.0141336
0.328121
0.0639877
0.244664
0.00364189
0.00136991
0.116215
0.015102
0.0240358
0.719201
0.485343
0.393572
0.483495
0.483711
0.00261987
0.140458
0.301215
0.00205661
0.00851524
0.0222576
0.000171597
0.00502448
0.145561
0.452018
0.550991
0.0438329
0.0429819
0.365358
0.203334
0.0831472
0.0835212
0.486597
0.0683369
0.549644
0.495993
0.0272878
0.0661952
0.145432
0.0169561
0.213472
0.116771
0.33347
0.534671
0.000348036
2.49619e-06
0.0695443
0.593118
0.0970694
0.0171163
0.063035
0.295756
0.397189
0.0212338
0.0345592
0.00113952
0.0034638
0.363998
0.0521266
0.066467
0.112026
0.0189619
0.110639
0.00553677
0.178356
0.0081063
0.0134767
0.411039
0.00781389
0.0929772
0.123722
0.000446363
0.293483
0.0116326
0.0318904
0.399243
0.247357
0.00456148
0.00110965
0.121199
0.0661741
0.402679
0.000536449
0.0470727
0.0220355
0.712132
0.0501464
0.522213
0.0777044
0.00614126
2.60565e-06
0.2904
0.448893
0.00307371
0.306687
0.000206514
0.0141714
0.250392
0.198853
0.00187987
0.292558
0.165053
0.0225827
0.119587
0.0513063
0.0840571
0.0266452
0.399292
0.426122
3.51416e-05
0.00856754
0.328563
0.0036964
0.0130754
0.00824893
0.502458
0.00309669
0.222518
0.142254
0.297616
0.000214145
0.287838
0.157157
0.0906804
0.0900377
0.0343671
0.00693019
0.537401
0.383375
0.065037
0.00201894
0.00132684
0.353222
0.0150383
0.0104083
0.254722
0.0153972
0.0065715
0.0435077
0.0014061
0.0683677
0.0392398
0.315233
0.589606
0.11723
0.00312775
0.115307
0.342661
0.198356
0.00032834
0.706742
0.123748
0.118857
0.629332
0.196922
2.61687e-06
0.240049
0.199353
0.602757
0.514533
0.0970127
0.0226011
0.171315
0.00635259
0.442904
0.00903376
0.58408
0.0754818
0.597792
1.91793e-06
0.257783
0.277156
0.00392209
0.324322
0.00550916
0.204155
0.520213
0.0185062
0.0877071
0.00910768
0.142771
0.514664
0.0477351
0.0402671
0.437518
0.0269215
0.104311
0.102688
0.020395
0.150548
0.544833
0.00193743
0.661961
0.0728907
0.0455803
0.00213523
0.0734454
0.399324
0.0670469
0.0532862
0.000235723
0.000597216
0.267391
0.344574
0.0715804
0.00171168
0.479021
0.000106351
0.534222
0.432142
0.313043
0.367531
0.0591576
0.0148098
0.0304818
0.00176133
0.00481885
0.011532
1.8029e-05
0.157951
0.0574006
0.145669
0.0474155
0.236348
0.0391491
0.130219
0.0823432
0.000798064
0.000152958
0.145973
0.59712
0.25726
0.47396
0.000836809
0.195132
0.127093
0.458492
0.0387367
4.15477e-05
0.00736404
0.00522352
0.095239
0.0587151
0.463335
0.115049
0.101273
0.436943
0.000173436
0.0181526
0.011915
0.27862
0.0488447
0.0756249
0.678372
0.00471659
0.0430031
0.000621135
0.0863752
0.269069
0.0652683
0.444141
0.0737666
0.0488185
0.517549
0.249137
0.143483
1.19133e-05
8.67329e-05
0.426901
0.390422
0.430875
0.000223415
0.0372044
4.21523e-05
0.10549
0.599073
0.00563395
0.115118
0.00844265
0.106601
0.201366
0.00202307
0.00162267
0.00912755
0.237107
0.0597378
0.115055
0.780884
0.0862113
0.227963
0.0125699
0.596182
0.00978278
0.0413537
0.00183392
0.0176604
0.0532546
0.0651424
0.0349084
0.589555
0.0425153
0.00223272
0.00083728
0.000250267
0.396302
0.0275252
0.264463
0.00566238
0.0152607
0.289564
0.000774593
0.307472
0.268871
0.0363914
0.0249236
0.365651
0.166373
0.250902
0.301183
0.637169
0.00511731
0.000355929
0.00624486
0.450107
0.534368
0.0122604
0.324399
0.09264
0.473362
0.447123
0.0529651
0.000146375
0.000485039
0.00383064
0.28823
0.640115
0.0398561
0.0255431
0.0161071
0.000298895
0.0510412
0.498756
0.319096
0.0135512
0.0984601
0.0342355
0.00790996
0.355129
0.000684522
0.0413215
0.053296
0.328602
0.438941
0.732111
0.51144
0.0506876
0.28465
0.00263003
0.414909
0.221636
0.301637
0.00492161
0.102868
0.345583
0.482648
8.46865e-05
0.00805529
0.659882
0.126262
0.00213543
0.103043
0.0513018
0.279883
0.10022
4.79746e-05
0.040235
0.213611
0.0536291
0.00916926
0.137095
0.352118
0.384249
0.0938964
0.000464495
0.02979
0.610937
0.0786594
0.0232293
0.00202608
0.25126
0.147656
0.149503
0.00235303
0.348162
0.162639
0.000623844
0.463971
0.372769
0.648707
0.111069
0.0479901
0.000370633
0.306028
0.496599
0.0627717
0.46138
0.0017448
0.466343
0.000456737
0.000591796
0.470711
0.318982
0.295367
0.265639
0.139738
0.0725648
0.274072
0.0273108
0.3574
0.132313
0.0873723
0.122052
0.321499
0.248
0.418625
0.543019
0.0366
0.539342
0.374566
0.0512536
0.449822
0.000104269
0.297577
0.114602
0.0113809
0.0022067
0.592063
0.00544528
0.344935
0.0776515
0.627165
0.000397905
0.171207
0.107474
0.0587773
0.0193915
0.00874457
0.405261
0.090502
0.217727
0.00185502
0.310522
0.0167407
0.00715722
0.16704
0.118987
0.0295289
0.0690561
0.264711
0.291178
0.109154
0.0354336
0.144232
0.0827774
0.0967291
0.456261
0.279844
0.273497
0.000507011
0.220065
0.207836
0.000812907
0.177407
0.316222
0.0295428
0.00616173
0.321975
0.110184
0.706934
1.87811e-05
0.0862542
0.039891
0.36365
0.581835
0.0146072
0.136643
0.495195
0.607567
0.00200571
0.160751
0.0510087
0.0128919
0.00809404
0.0153079
0.457995
0.0403674
0.110571
0.189524
0.298681
0.141115
0.18635
0.459544
0.0162558
0.269457
0.03089
0.312187
0.0155338
0.507912
7.46542e-06
0.577385
3.85383e-05
0.318259
0.058162
0.0662723
0.170956
0.248442
0.171544
0.369519
0.0136575
0.00758097
0.0174077
0.448989
0.0504063
0.280432
0.015027
0.00696325
0.166216
0.356138
0.0914171
0.341181
0.0767924
0.0708023
0.53397
0.0160899
0.000847038
0.0579993
0.00858189
0.550209
0.381558
0.000920562
2.52794e-06
0.0621679
0.513829
0.00289166
0.0880166
0.14171
0.315512
0.00394132
0.000769054
0.218208
0.00866745
0.195534
0.0482714
0.139628
0.00535857
0.515824
0.0813806
0.00280364
0.348712
0.615541
0.00244747
0.0166538
0.00792654
0.276372
0.663378
0.0141207
0.00173268
0.378283
0.0589216
0.243308
0.0216911
0.0523758
0.290145
0.0880559
0.189744
0.145724
0.549889
0.262628
0.0302124
0.0124123
0.0550284
0.000879703
0.418442
0.130713
0.362864
0.578269
0.428796
0.651094
0.000129821
0.0174718
0.00173467
0.000357103
0.0558313
0.167647
0.00433886
0.401941
0.000178784
0.0676247
0.0794843
0.119646
2.88075e-05
0.105267
0.21037
0.086366
0.00166257
0.126842
0.0140712
0.308529
0.00560332
0.0135729
0.268237
0.00237489
0.357522
0.00702655
0.00375626
0.398961
0.483026
0.439306
0.00916626
0.0369577
0.00293818
0.457749
0.561659
0.0310374
0.30241
0.182894
0.467177
0.594697
0.183579
0.0348555
0.582003
0.236024
0.000411442
0.0244909
0.00702553
0.0883611
0.00279094
0.698974
0.00107036
0.187807
0.0106432
0.0103858
0.0319715
0.0555845
0.0561572
0.00106659
0.00114007
0.263763
0.000782732
0.00844775
4.9601e-06
0.160412
0.236515
0.42982
0.00134128
0.0335016
0.305123
0.319868
0.108822
0.690025
0.285648
0.253063
0.631457
0.511847
1.79347e-05
0.110945
0.0747188
0.00715402
0.364556
0.305843
0.430296
0.325927
0.359809
0.00666741
0.018754
0.351097
0.0749943
0.00139924
0.300079
0.00608119
0.0339333
0.385193
0.197
0.00538753
0.0388902
0.434144
0.0112325
1.34638e-06
0.0111774
0.483006
0.0642053
0.644669
0.0380679
0.149857
0.103273
0.121436
0.0343572
0.261705
0.124641
0.0288773
0.710143
0.0374559
0.299939
0.561439
0.00118345
0.0129956
0.137207
0.035356
0.0276823
0.231364
0.42437
0.0895097
0.000430004
0.154091
0.260839
0.254177
0.29794
0.181899
3.01333e-06
0.128287
0.0275592
0.0188965
0.390898
0.00346484
0.297114
0.000258899
0.351466
0.0174298
0.000508972
0.512899
0.00829003
0.0214491
0.000622121
0.0930212
3.62035e-05
0.189701
0.0713853
0.0154562
0.653819
0.24683
0.0348879
0.450093
0.53839
0.013439
0.394637
0.340921
0.000847557
0.328662
0.311708
0.00464893
0.0855547
0.00177611
0.0157407
0.0857425
0.0599476
0.235377
0.0250099
0.503237
0.0163188
0.000359857
0.00301038
0.0277856
0.090874
0.249703
0.212524
0.0247912
0.159601
0.00425145
0.0439697
0.156583
0.168928
0.220387
0.000304381
0.372425
0.724151
0.00703919
0.47843
0.608614
0.123079
0.0324945
0.457413
0.191799
0.0413038
0.471959
0.289758
0.410938
0.0589048
0.480992
0.0929972
3.5718e-05
0.272166
0.199308
0.0145944
0.162708
0.545363
0.276776
0.199949
0.14381
0.488432
0.427477
0.0949065
0.446632
0.022387
0.677427
0.00221197
0.00806003
0.354879
0.183334
0.33075
0.425504
0.322728
0.0784442
0.0186301
0.79428
0.106367
0.565154
0.0152721
0.147653
0.102707
0.0168105
0.257686
0.0149727
0.302861
0.375032
0.0278397
0.00182993
0.00566475
0.259078
0.200765
0.273236
0.00236366
0.118143
0.0774155
0.000306952
0.0224804
0.00804487
0.181026
0.0629202
0.00412638
0.622436
0.325131
0.103801
0.332382
0.0400624
0.490027
0.000960126
0.025194
0.31529
0.000174952
0.471543
0.280809
0.325555
0.395842
0.0701671
0.00783473
0.00465891
0.34904
0.352329
0.252139
0.371559
0.587365
0.354191
0.275688
0.689584
0.343482
0.183262
0.0165641
0.346957
0.22307
0.00297781
0.457712
0.000204068
0.0229607
0.599963
0.518531
0.349586
0.0160382
0.000149926
0.000172687
0.150228
0.124294
0.019317
0.320398
0.297751
0.673894
0.00257544
0.568394
0.00298279
0.357415
0.0312528
0.409725
0.194893
0.08638
0.420143
0.223647
0.195243
0.000485126
0.0160102
0.00303096
0.270832
0.116129
0.115225
0.229654
0.0110948
0.0183556
0.266984
0.456758
0.119622
0.515755
0.208757
0.240741
0.281625
0.000736931
0.0918864
0.520447
0.0045528
0.06246
0.506573
0.367259
0.694178
0.380906
0.0107244
0.125675
0.408255
0.0785997
0.366866
0.0973299
0.597744
0.0426765
0.477672
0.511305
0.000121991
0.00243124
0.206806
0.0753828
0.0186091
0.00265079
0.145846
0.0768598
0.00356465
0.012185
0.00112738
0.187456
0.00301399
0.200422
0.586492
0.0117139
0.154886
0.367853
0.292908
0.00216956
0.580932
0.49257
0.00119108
0.0557937
0.00167437
0.00894582
0.293299
0.00786402
0.0107337
0.0228218
0.179528
0.184383
0.31661
0.0390661
0.642551
0.294047
0.266468
0.00855958
0.00417575
0.347274
0.0334995
0.0342381
0.495663
0.057324
0.847301
0.602855
0.56287
0.0852652
0.0383043
0.33002
0.0614488
0.153555
0.0334077
0.0133877
0.043902
0.0100515
0.016309
0.14594
0.477387
0.322759
0.00448152
0.318991
0.405187
0.408252
0.453474
0.434594
0.175609
0.0074665
0.134847
0.409594
0.00175958
0.00336154
0.226146
0.258477
0.186003
0.0797095
0.662217
0.301912
0.0077434
0.471744
0.553752
0.0363254
0.0271842
0.000159415
0.0168996
0.0127627
0.0136196
0.30972
0.0126216
3.14739e-05
0.598228
0.0108955
0.227479
0.191108
0.0329927
0.324864
0.00155966
0.450518
0.22179
0.397175
0.705247
0.0541286
0.278846
0.0633748
0.0214364
0.029625
0.00953838
0.470401
0.43785
0.289353
0.027936
0.647625
0.529674
0.0256142
0.294841
0.647491
0.00803971
0.490434
0.401809
0.0226491
0.0205965
0.00809554
0.305503
0.28411
0.0700702
0.0334071
0.167141
0.010673
0.305556
0.0710316
0.644411
0.59545
0.0133732
0.0438609
0.18562
0.0267238
0.0120621
0.631335
0.413595
0.157329
0.330183
0.00147951
0.0520313
0.493018
0.614575
0.294336
0.0470803
0.00780783
0.0226029
0.447911
0.45489
0.355066
0.0445139
0.368117
0.0834606
0.214218
0.06935
0.603051
0.0130253
0.791821
0.00465885
0.433413
0.00972389
0.000505173
0.213757
0.578149
0.0453282
0.110876
0.223493
0.00899812
0.130502
0.101224
9.53963e-05
0.345491
0.417931
0.17027
0.554226
0.0287704
0.221426
0.266717
0.448093
0.655268
0.0029639
0.0924542
0.0115652
0.0015956
0.246311
0.306393
0.0866371
0.0113645
0.14409
0.00784911
0.100196
0.260944
0.0022743
0.00119928
0.0112978
0.240926
0.00258509
0.0136767
0.0178425
0.000179968
0.115964
0.199647
0.415389
0.0212102
0.0108821
0.667017
0.187822
0.00567165
0.0087852
0.61206
0.00850353
0.253761
0.378062
0.148866
0.00114946
0.33206
0.560571
0.379841
0.131891
0.426787
0.000309259
0.4995
0.178944
0.451633
0.538125
0.62523
0.00530563
0.278034
0.000141786
0.0314031
0.0102103
0.413229
0.00188704
0.319157
0.437854
0.0430806
0.211149
0.0585664
0.00907155
0.0333258
0.034845
0.247774
0.250951
0.0268869
4.43188e-05
0.188685
0.0320986
0.00379278
0.442248
0.0978046
0.60514
0.0938023
0.0174097
0.337637
0.157201
0.403548
0.00142321
0.589767
0.249504
0.000170523
0.00118434
0.00720511
0.416891
0.0593923
0.430226
0.00193814
0.0161191
0.000324896
0.764384
0.0061019
0.321646
0.612301
0.20689
0.112318
0.599111
0.24759
0.00569722
0.108698
0.30281
0.441865
0.334727
0.349612
0.590746
0.454667
0.295603
0.0750469
0.577086
0.240117
0.224487
0.0759233
0.403301
0.17164
0.0123117
0.042949
0.293899
0.290774
0.0385331
3.0253e-05
0.46921
0.0248686
0.0299904
0.00925643
0.349034
0.192351
0.0248765
0.624962
0.0917844
0.299882
0.320994
0.350991
0.532152
0.242891
0.616537
0.193269
0.510528
0.131638
0.131111
0.010276
0.245914
0.037862
0.130061
0.280562
0.104893
0.0202548
0.0684522
0.179338
0.0350443
0.0101494
0.0156526
0.45471
0.0187188
0.193204
0.548301
0.0387732
0.00124477
0.0868396
0.0900322
0.0670283
0.0503138
0.0213137
0.626592
0.236111
0.193478
0.329772
0.149489
0.067777
0.0139163
0.217582
0.463588
0.155085
0.0431209
0.296275
0.0742785
0.0167574
0.248563
0.0646969
0.0315707
0.0131275
0.0025774
0.00125922
0.0350504
0.109085
0.0559825
0.264807
0.0243624
0.023443
0.0126318
0.00742721
0.0833373
0.120384
0.272327
0.00643589
0.421868
0.0107211
0.365001
0.0128983
0.167099
0.0660796
0.137503
0.372629
0.316376
0.0338787
0.205735
0.0275827
0.00627567
0.254608
0.799396
0.347832
0.109627
0.107847
0.74143
0.400808
0.00664575
0.00109264
0.198259
0.00687069
0.260512
0.547711
0.0186102
0.34747
0.356797
0.000120638
0.41831
0.0489068
0.422728
0.16722
0.097216
0.273444
0.324928
0.0182234
0.068547
0.643675
0.414574
0.602822
0.00101297
0.0301067
0.0208833
0.00530183
0.00367542
0.272125
0.144968
0.496617
0.0681172
0.209814
0.004457
0.297588
0.400362
0.0971186
0.000153465
0.0248213
0.616374
0.589403
0.0541864
0.0319318
0.0771732
0.00248459
0.336593
0.572177
0.0083371
0.0761375
0.307064
0.374402
0.154707
0.203914
0.0127563
0.150264
0.01266
0.00521914
0.229423
0.041227
0.147728
0.281976
0.219529
0.0434175
0.0297802
0.00198016
0.0132333
0.00367605
0.334423
0.0203637
0.314865
0.104648
0.637134
0.0134097
0.0921603
0.0119253
0.0360713
0.134769
0.0221665
0.567854
0.0020459
0.0393699
0.187321
0.0858083
0.496537
0.250609
0.234626
0.246074
0.299628
0.57995
0.1527
0.337832
0.580121
0.0322797
0.0722125
0.0455718
0.00397519
0.000252843
0.168873
0.0824569
0.0870484
0.600322
0.42268
0.228492
0.0170583
0.702878
0.610339
0.061999
0.659491
0.017613
0.299021
0.262668
0.533253
0.556309
0.0286025
0.177398
0.248009
0.356733
0.185552
0.279154
0.00950156
0.0576839
0.00987841
0.23263
0.245756
0.417217
0.0329617
0.387095
0.0221546
0.0557806
0.00361225
0.4263
0.211925
0.263665
0.0263062
0.324075
0.534912
0.000959072
0.000867973
0.346319
0.299249
0.00229395
0.373144
0.192654
0.000230004
0.159956
0.164866
0.185443
0.0134565
0.0695524
0.00252131
0.0395409
0.276501
0.684083
0.400405
0.34779
0.0217409
0.146943
8.30034e-05
0.221724
0.0501247
0.514992
0.00209083
0.655575
0.493961
0.754224
0.00183351
0.361969
0.00914771
0.00190633
0.16484
0.00256214
0.0325276
0.015984
0.223191
0.351378
0.00105321
0.00151294
0.00296639
0.127897
0.310621
0.0624736
0.128482
0.18766
0.761033
0.335033
0.771716
0.00210659
0.429783
0.0456658
0.0649053
0.222708
0.0326452
0.569462
0.0980494
0.0071427
0.163655
0.032962
0.0883081
0.149796
0.423735
0.254592
0.395714
0.144669
0.250795
0.0432152
0.0280372
0.0464714
0.237372
0.268573
0.639574
0.627256
0.123679
0.578553
0.00258022
0.274919
0.370943
0.0118715
0.238426
0.015561
0.150936
0.330981
0.000659366
0.578442
0.180976
0.537904
0.00421459
0.364335
0.157504
0.213421
0.206232
0.452636
0.357458
0.0517826
0.746192
0.622958
0.220178
0.0358909
0.191452
0.026192
0.0471363
0.179064
0.00145048
0.29813
0.0593018
0.692469
0.00433145
0.197695
0.150567
0.0944566
0.125246
0.00233643
0.222914
0.000160275
0.574241
0.0240225
0.000147755
0.0881367
0.000233213
0.0493935
0.00736499
0.100038
0.0153987
0.515124
0.0680244
0.219173
0.405513
0.133707
0.103931
0.0189255
0.00331413
0.590473
0.13276
0.0496936
2.74025e-05
0.11811
0.151368
2.37849e-05
0.00590784
0.396969
0.000665802
0.402894
0.00213372
0.106629
0.2554
0.104643
0.690301
0.383391
0.429641
0.00277158
0.301308
0.0221702
0.351709
0.023488
0.233643
0.0402237
0.0376189
0.00433109
0.234148
0.339487
0.0090659
0.111289
0.00689527
0.268012
0.0056805
0.0306959
0.306055
0.377489
0.228053
0.19768
0.00463606
0.0530775
0.0289596
0.0298278
0.546049
0.028967
0.0689933
0.164336
0.0309201
0.00216028
0.0233219
0.249277
0.19144
0.460835
0.0029965
0.227676
0.000137076
0.0443767
0.315137
0.212668
0.0536661
0.000384257
0.00905894
0.555155
0.0273258
0.290407
0.141455
0.482309
0.0194688
0.370759
0.28395
0.530414
0.000758436
0.0282873
0.321577
0.0427609
0.199542
0.152147
0.731574
0.0696579
0.300764
0.542283
0.0370985
0.0384319
0.0244831
0.266611
0.0392245
0.0108282
0.114439
0.030918
0.237322
0.00397961
0.214735
0.418578
0.00120223
0.011446
0.379612
0.0236755
0.380457
0.155223
0.0639449
0.429192
0.0131528
0.398204
0.124207
0.682143
0.640147
1.77901e-05
0.427897
0.22839
0.381109
0.0305599
0.0126785
0.00359166
0.409362
0.348184
0.246412
0.1056
0.00353317
0.619816
0.0524808
0.523554
0.358801
0.415767
0.477557
0.328704
0.0571719
0.0371923
0.0380296
0.00100337
0.0164906
0.00868328
0.179298
0.546607
0.283231
0.034145
0.326838
0.00779628
0.0364923
0.335315
0.00119806
0.283091
0.000664106
0.675869
0.0152806
0.0450332
0.209446
0.00498034
0.262195
0.010141
0.0194451
0.0821926
0.0923466
0.561821
0.316908
0.491586
0.359351
0.144173
0.389243
0.00496637
0.0200283
0.000160812
0.0918913
0.0909106
0.0169238
0.0106133
0.127778
0.202334
0.129237
0.016515
0.380711
0.0218398
0.125713
0.406572
0.291859
0.0298217
0.112632
0.473526
0.256904
0.0366614
0.146557
0.0106968
0.00455371
0.000471205
0.723486
0.21165
0.00313096
0.23116
0.310041
0.12226
0.00260365
0.486494
0.520822
0.341207
0.362284
0.22076
0.357952
0.00652671
0.0132317
0.18022
0.0432042
0.572155
0.161938
0.196631
0.0371108
0.259321
0.266936
0.0416874
0.102013
0.265891
0.143931
0.0639899
0.18434
0.0540949
0.379256
0.0196797
0.0362136
0.00982973
0.0358305
0.00261358
0.000661258
0.00244798
0.0534665
0.363077
0.557506
0.00086596
0.00232628
0.348542
0.566855
0.282781
0.465396
0.00169134
0.0744467
0.00819482
0.00986232
0.000764878
0.0126179
0.0543306
0.0405374
0.474875
0.129613
0.0383464
0.0261546
0.42643
0.252844
0.279322
0.137826
0.0387695
0.000138783
0.177188
0.00250782
0.000840367
0.121144
0.284402
0.0138834
0.000345666
0.410901
0.298734
7.33594e-05
0.000649457
0.0946525
0.00974421
0.00798185
0.216496
0.000107679
0.337137
0.0343461
0.0158286
0.163327
0.119595
0.577969
0.440064
0.0224867
0.000124767
0.190913
0.330818
0.277134
6.30691e-07
0.277276
0.0149089
0.244312
0.0957839
0.00564434
0.494189
0.50196
0.371587
0.226266
0.0461816
0.0567449
0.0035053
0.278889
0.00327084
0.584996
0.394925
0.422611
0.467909
0.285633
0.306163
0.598027
0.298367
0.0736569
0.539323
0.0524745
0.000963389
0.245604
0.64878
0.660115
0.0117244
0.573099
0.525181
0.364295
0.556166
0.596358
0.0688077
0.305819
0.427981
0.00983531
0.00685052
0.00019449
0.499987
0.00296541
0.0298067
0.229918
0.0720058
0.294334
0.601792
0.253879
0.152171
0.116514
5.46014e-05
0.135594
0.0079488
8.89683e-06
0.000129022
0.373881
0.0702719
8.98407e-05
0.0165696
0.320313
0.0943227
0.091311
0.124334
1.47341e-05
0.00308328
0.261532
0.35338
0.28849
0.00555749
0.000498603
0.518701
0.349021
0.0359501
0.109848
0.130556
0.337536
0.279814
0.348738
0.502949
0.00549924
0.304506
0.28903
0.219953
0.307188
0.459585
0.0185611
0.0168342
0.0609615
0.571337
0.011257
0.521978
0.0071744
0.00248677
0.0294946
0.260175
0.0771949
0.140782
0.0305987
0.120464
0.0151381
0.107083
0.422688
0.0033265
0.134908
0.0649065
0.0315974
0.363467
0.636696
0.00174533
1.66052e-06
0.00167479
0.626202
0.00414314
0.0496934
0.28517
0.00199601
0.268762
0.0134498
0.674231
0.0256499
0.0207215
0.385152
0.000912376
0.0855404
0.00579536
0.0144117
0.554015
0.00767219
0.0185568
0.568234
0.745453
0.0121971
0.144151
0.0431144
0.0967758
0.503029
0.475543
0.499294
0.0508216
0.766972
0.550015
0.634612
0.308386
0.405425
0.00302142
0.000514916
0.297834
0.623168
0.046876
0.0162071
0.506407
0.0715005
0.0256299
0.0334957
0.00255893
0.00521362
0.0269333
0.0592498
0.282895
0.0716263
0.0358858
0.011831
0.387684
0.499249
8.97987e-05
0.456789
0.247805
0.377277
0.551765
0.351001
0.688098
0.0494956
0.439617
0.179684
0.365594
0.412467
0.0035664
0.00224381
0.0131667
0.542595
0.440719
0.000682084
0.389375
0.393935
0.2267
0.431003
0.141658
5.48546e-05
0.122056
0.0471203
0.0584552
0.0195407
0.275172
0.0803757
0.0660165
0.101444
0.0494649
0.00900994
0.00315745
0.583675
0.17021
0.565502
0.0211385
8.91597e-05
0.00281302
0.260837
0.50197
0.40754
0.513462
0.212234
0.0145848
0.537116
3.84786e-06
0.00841159
0.170301
0.327974
0.00425777
0.409627
0.0400705
0.222733
0.226521
0.296118
0.000424682
0.29598
0.128092
0.0130065
0.00523099
0.0102274
0.0151702
0.019355
0.133678
0.23565
0.324583
0.185525
0.14366
0.335309
0.186772
0.31592
0.0180519
0.667199
0.41911
0.00970156
0.683339
0.0126327
0.144582
0.664953
0.121872
0.08411
0.210261
0.000543326
0.431401
0.000501567
0.0182336
0.322494
0.00748114
0.271559
0.518396
0.512425
0.181139
0.0139183
0.478136
0.00292673
0.548619
0.0764714
0.00154324
0.358447
0.0349808
0.137091
0.447852
0.264466
0.00199711
0.0444102
0.306555
0.0448417
0.0235928
0.014053
0.341435
0.0384358
0.691876
0.000191124
0.0762087
0.266196
0.234805
0.272896
1.33918e-05
0.28966
0.0482983
0.30216
0.268321
0.060453
0.302642
0.00464441
0.000700544
0.0429852
0.0769082
0.319455
0.0012049
0.162782
0.619791
0.170221
0.0131819
0.00033378
7.47189e-05
0.313415
0.433264
0.114104
0.0379853
0.371777
0.079076
0.00194932
0.250267
0.135799
0.0719626
0.022109
0.0222487
0.000498496
0.286104
0.568907
9.49148e-05
0.00999606
0.182055
0.313694
0.622519
0.185089
0.306244
0.357523
0.0216118
0.0870594
0.463054
0.14728
0.00925889
0.542976
0.00987676
0.183947
0.0928651
0.126629
0.0113297
0.292672
0.0430715
0.167165
0.121503
0.0569425
5.7093e-05
0.0827768
0.538614
0.514739
0.414334
0.121546
0.00240153
0.467578
0.474788
0.00264318
0.0740546
0.0161908
0.538378
0.0827569
0.0545618
0.576114
0.595937
0.481894
0.256448
0.174779
0.0289437
0.00345591
0.572048
0.375486
0.356745
2.10461e-05
0.00709699
0.375276
0.177196
0.362956
0.0525045
0.100697
0.57411
0.172246
0.435469
0.13289
0.0229327
0.0180329
0.100136
0.256461
0.00089619
0.302005
0.310523
0.631841
0.100459
0.472537
0.00723541
0.478938
0.157428
0.0970319
0.0906904
0.533982
0.291512
0.00540565
0.0197775
0.0279152
0.244369
0.433264
0.11564
0.105565
0.00467767
0.290413
0.288355
0.432834
0.383204
0.166427
0.000544755
0.0130467
0.408101
0.491665
0.365232
0.0245694
0.0288746
0.000897594
0.0389835
0.335703
0.0737433
0.348684
0.0592413
0.0229053
0.0441574
0.0159633
0.210599
0.216437
0.324099
0.160916
0.146051
0.27203
0.560788
0.00092863
0.551434
0.314053
0.529496
0.064834
0.0742456
0.062579
0.0969309
0.111788
0.00170874
0.265267
0.16231
0.0552909
2.94903e-06
0.687023
0.146777
0.616473
0.203546
0.145809
0.0443171
0.723296
0.0443582
0.209934
0.0828395
0.0685276
0.087351
0.244964
0.433109
0.219248
0.00064765
0.437508
0.313336
0.0303821
0.0510052
0.769047
0.296996
0.0389007
0.222138
0.10885
0.744303
0.387556
0.233053
0.000554743
0.125301
0.0629271
0.130308
0.0258521
0.238025
0.424016
0.721692
0.00581357
0.0128271
0.305881
0.0311319
0.427178
0.493822
0.155071
0.0407886
0.00246458
0.0117101
0.474266
0.224358
0.533662
0.000328929
0.608894
0.365329
0.271585
0.13452
0.33665
0.00441501
0.492114
0.28641
0.111615
0.0114934
0.415717
0.446089
0.282358
0.37849
0.287591
0.0335476
9.24936e-07
0.842075
1.53715e-05
0.00219335
0.732855
0.032328
0.523741
0.302574
0.756969
0.548407
0.244614
0.405176
0.431736
0.0524283
0.0586712
0.0121956
0.0274083
0.442677
0.363452
0.27891
0.014069
0.328859
0.502125
0.516179
0.111814
0.0546783
0.0169545
0.268427
0.00021674
0.31357
0.0596205
0.520085
0.345785
0.259345
0.00451833
0.191619
0.0442396
0.261422
0.322085
0.206974
0.00522308
0.161209
0.0134535
0.377979
0.0303093
0.136289
0.00996214
0.580234
0.326266
0.000259979
0.254726
0.00831759
0.320897
0.0119055
0.300902
0.174156
0.254097
0.403204
0.2021
0.00196729
0.678477
0.0535262
0.297354
0.568002
0.052039
0.222118
0.00732813
0.298886
0.656138
0.318839
0.266445
0.24314
0.020618
0.00264378
0.46393
0.393555
0.000311962
0.0104976
0.0260343
1.63081e-05
0.052653
0.283889
0.337143
0.670148
0.0646983
0.111143
0.00059044
0.516378
0.155233
0.336091
0.12853
0.301424
0.265823
0.291049
0.0144968
0.184426
0.00148718
0.223134
0.22501
0.089664
0.245378
0.233459
0.54483
0.053473
0.0113981
9.90528e-05
0.254261
0.00528038
0.0393446
0.0483492
0.0464887
0.00863122
0.00118402
0.107825
0.116348
0.169842
0.000812656
0.353569
0.0152467
0.13629
0.278992
0.322046
0.039917
0.119268
0.140836
0.179328
0.0954817
0.0169186
0.00883749
0.412963
0.275875
0.661724
0.228229
0.291489
0.646889
0.560586
0.023632
0.0221387
0.03689
0.116947
0.503243
0.380088
0.0144933
0.0158221
0.0342515
0.0287684
0.428811
0.0899321
0.112673
0.336495
0.593492
0.0514899
0.226599
0.00201032
0.115739
0.189804
0.365486
0.0601813
0.0137317
0.0867008
0.0732884
0.0888573
0.297284
0.269501
0.88646
0.0667991
0.00122308
0.34401
0.0056878
0.321742
0.22333
0.0331276
0.586262
0.0395085
0.149753
0.723696
0.00221225
0.0500602
0.200049
0.312136
0.0178674
0.258637
0.68304
0.323348
0.16634
0.0192447
0.0405397
0.382843
0.130272
0.00625008
0.0111898
0.0674816
0.32771
0.228461
0.136077
0.00198047
0.00279566
0.186226
0.184295
0.115627
0.429454
0.479164
0.00121439
0.322577
0.384555
0.00364194
0.0434817
0.147593
0.000932425
0.547575
0.275801
0.107152
0.00654746
0.371516
0.0229718
0.119397
0.141548
0.22756
0.00118538
1.88447e-06
0.268214
0.178245
0.00162377
0.744925
0.201663
7.94424e-05
0.486411
0.0589174
0.00658329
0.000976382
0.000199784
0.454077
0.0596286
0.544097
0.204239
0.387682
0.00100643
4.48798e-05
0.694378
0.304258
0.32652
0.00718953
0.217733
0.00203421
0.13094
0.00163007
0.204902
0.0731065
0.000243428
0.55876
0.729903
0.000350021
0.00462629
0.671687
2.51649e-05
0.214326
0.242915
0.439199
0.300606
0.319638
0.0858564
0.0279544
0.153541
0.113631
0.00325201
0.0493706
0.605041
0.288221
0.65853
0.000677144
0.0913536
0.054735
0.438564
0.48646
7.23887e-05
0.421734
0.273028
0.308389
0.00161636
0.119881
0.420296
0.0245338
0.00830366
0.0152176
0.318204
0.0694729
0.866703
0.140456
0.00032476
0.297787
0.623087
0.0588133
0.00560159
0.0868003
0.289501
0.00169934
0.0573543
0.0132718
0.307026
0.00199678
8.70181e-05
0.00659196
0.262294
0.0310516
0.00313908
0.0237555
0.36259
0.179036
0.32216
0.143895
0.000665852
0.154994
0.0698095
0.702336
0.011839
0.312813
0.00243179
0.0105403
0.0353529
0.0399302
0.218707
0.146809
0.129456
0.00226039
0.666595
0.00644167
0.128879
0.478754
0.0137035
0.42858
0.234035
0.254833
0.00667192
0.26793
0.0072109
0.301479
0.518543
0.0136217
0.0465862
0.220933
0.00166397
0.131325
0.407217
0.0923687
0.221869
0.40075
0.477076
0.509144
0.082793
0.349038
0.468756
0.140407
0.0872762
0.226677
0.0988137
0.653337
0.14342
0.113779
0.033947
0.281641
0.284223
0.310459
0.28962
0.456991
0.00835686
0.625982
0.428965
0.4344
0.402995
0.000392482
0.692427
0.528808
0.0128963
0.476571
0.415869
0.488733
0.376896
0.146359
0.00220587
0.653364
0.00023851
0.298742
0.00561484
0.049008
0.0257589
0.000364169
0.204297
0.021884
0.0551461
0.609227
0.340558
0.463474
0.216415
0.436947
0.493926
0.612072
0.0435916
0.372898
0.499339
0.0979162
0.476863
0.0746903
0.15378
0.00624169
0.0188795
0.0154953
0.552368
0.196303
0.410481
0.109169
0.0158731
0.453542
0.0494425
0.00767195
0.0624907
0.00899806
0.312118
0.00357301
0.0326195
0.695553
0.396791
0.621579
0.22835
0.0184078
0.0410786
0.189395
0.0120532
0.148167
0.24492
0.0901121
0.385641
0.101507
0.35495
0.433958
0.116248
0.341778
0.159943
0.00980934
0.0751296
0.0611023
0.273298
0.16619
0.483753
0.168825
0.196125
0.379526
0.329082
0.483667
0.537476
0.0491528
0.00166645
0.18151
0.640438
0.114381
0.0127851
0.469929
0.243517
0.231866
0.0117756
0.505042
0.0808422
3.46586e-05
0.309162
0.365513
0.533181
3.86832e-05
0.216749
0.352908
0.128842
0.29788
0.0182604
0.256052
0.0205587
0.0671708
0.202071
0.325553
0.00979803
0.16971
0.0252331
0.479492
0.447134
0.0451852
0.321017
0.304974
0.240301
0.117691
0.0603466
0.257581
0.00849313
0.00876788
0.0233041
0.359997
0.0320979
0.254644
0.0709352
0.000508172
0.314144
0.206792
0.0863296
0.39969
0.169502
0.283051
0.0291818
0.0967854
0.070798
0.0766559
0.025272
0.0104649
0.606433
0.545813
0.310956
0.363788
0.249978
0.0925471
0.03014
0.0294057
0.52936
0.792795
0.00421084
0.0665376
0.68073
0.0122175
0.0408079
0.0109799
0.25023
0.112583
0.132461
0.298187
0.0308612
0.0453568
0.626084
0.510767
0.0321267
0.00653982
0.556837
0.301816
0.355475
0.0017555
0.238014
0.616582
0.696301
0.0027996
0.743423
0.0267445
0.121912
0.142555
0.00327008
0.0115653
0.189725
0.335973
0.512614
0.0135589
7.46507e-06
0.0464875
0.041066
0.0297427
0.3384
0.394618
0.00336577
0.408333
0.280482
0.0351536
0.128277
0.0746264
0.173311
0.004728
0.249628
0.0160585
0.580893
0.284644
0.0354948
0.000291776
0.161695
6.4108e-05
0.628583
0.0262273
0.318241
0.391405
0.0283808
0.185901
0.0952756
0.455868
0.00199289
0.0843892
0.249732
0.0120619
0.309639
0.140299
0.00021925
0.00390674
0.0656601
0.522459
0.00229543
0.00135958
0.769361
0.172416
0.0601883
0.0868743
0.214113
0.541035
0.169081
0.189827
0.406111
0.00226048
0.254917
0.0798886
0.00104904
0.0352313
0.000830973
0.0550511
0.423859
0.511953
1.35487e-05
0.543422
0.145786
0.000648957
0.000924599
0.000612564
0.39626
0.00249223
0.547523
0.172961
0.0759307
0.059242
0.0367231
0.0440326
0.0249866
0.572764
0.309585
0.000173936
0.000566697
0.00498861
0.0988072
0.00995811
0.0206605
0.0431826
0.0794864
0.458944
6.44989e-06
0.000809048
0.0233852
0.3932
0.257349
0.250338
0.320124
0.00441224
0.237578
0.48944
0.244013
0.0112594
0.0131403
0.173041
0.00952246
0.0416267
0.000752118
0.551245
0.379577
0.000288886
0.0986768
0.0287265
0.0012658
0.0234137
0.392578
0.547048
0.0893621
0.591601
0.0107941
0.174903
0.158026
0.217645
0.210812
0.370943
0.156392
0.168882
0.0320638
0.85714
0.0562189
0.381146
0.146097
0.0599409
0.51137
0.024455
0.111819
0.0307662
0.0703283
0.0736738
0.114512
0.0121195
0.00404931
0.565916
0.000431527
0.456769
0.0358018
0.0419596
0.00151098
0.129395
0.0638329
0.614487
0.05057
0.0031382
0.491118
0.550844
0.0301799
0.00560267
0.426363
0.580736
0.0841535
0.484703
0.0496132
0.0312651
0.34128
0.434627
0.193343
0.30368
0.102764
0.151088
0.165211
0.209305
0.577181
0.00248791
0.0421493
0.426422
0.720803
0.0500684
0.586976
0.239432
0.00741485
0.141707
0.00166055
0.0735841
0.0420512
0.147488
0.0104444
0.00211962
0.104006
0.140751
0.578967
0.0148846
0.00606506
0.00161288
0.0294812
0.039682
0.230988
0.00523062
0.435725
0.21595
0.0142383
0.00648054
0.649686
0.702412
0.00381214
0.241403
0.288587
0.083803
0.0723795
0.451357
0.612473
0.0583455
0.00650867
0.211486
0.0118065
0.308688
0.0942269
0.327843
0.0174159
0.192233
0.0181457
0.000127589
0.0494545
0.364153
0.00967004
0.00434061
0.00915482
0.00383086
0.133939
0.0146132
0.000229119
0.120033
0.257362
0.355149
0.826699
0.42167
0.155212
0.00794112
0.0363137
0.196568
0.291057
0.0218952
0.652937
0.00189411
0.00600537
0.189474
0.00275301
0.0159576
0.0591514
0.0424802
0.00264387
0.0149677
0.585629
0.000861382
0.0878598
0.0167318
0.000301496
0.00125697
0.3591
0.303288
0.691658
0.289676
0.29308
0.0794606
0.00921979
0.0859545
0.28111
0.432748
0.194834
0.0995687
0.000630853
0.532631
0.418194
0.0014432
0.010879
0.0110885
0.0217842
0.146171
0.262325
0.00218643
0.109771
0.0928042
0.00307152
0.00546426
0.0121924
0.30511
0.000315276
0.0324069
0.586131
0.0129455
0.16691
0.290844
0.10007
0.0758355
0.00597167
0.00965131
0.363055
0.363164
0.00337965
0.363201
0.0191431
0.00142104
0.00813626
0.0164051
0.276809
0.126362
0.00874948
0.00694617
0.497535
0.0175293
0.33955
0.0127142
0.0995854
0.0239754
0.495929
0.0467201
0.035963
0.00501782
0.586643
0.000180048
0.00631792
0.0525086
0.436453
0.437589
0.0403484
0.243309
0.124311
0.154533
0.159079
0.00604036
0.319207
0.0118098
0.316551
0.000205513
0.540675
0.01474
0.0742948
0.288159
0.0662076
0.00455588
0.0283892
0.0124939
0.00606156
0.331539
0.0323406
0.124685
0.0584187
0.0452227
0.285123
0.189522
0.386095
0.0448761
0.0697391
0.00835349
0.344271
0.165394
0.0473163
0.00270069
0.27805
0.504996
0.123596
0.207541
0.434073
0.477436
0.531613
0.0734431
0.0248112
0.632428
0.212999
0.0250884
0.480968
0.0197429
0.00916001
0.416615
0.00181923
0.258514
0.106679
0.485623
0.326807
0.245772
0.00538908
1.57824e-05
0.0110664
0.303282
0.312174
0.419943
0.0274042
0.284679
0.152365
0.00696368
0.574116
0.527156
0.232291
0.160272
0.717144
0.312195
0.0732319
0.553123
0.000659527
0.17484
0.001226
0.358469
0.0150632
0.0931228
0.462334
0.259775
0.0312506
0.00742365
0.000166821
0.00844962
0.300519
0.33543
0.0176437
0.398695
0.000716107
0.00477705
0.000509532
0.347569
0.012726
0.347406
0.411955
0.0477533
0.00122985
0.153256
0.0219172
0.0164981
0.115499
0.00374288
0.0405527
0.00316449
0.0547465
0.00376867
0.000270309
0.0614616
0.103903
0.0204262
0.540106
0.187824
0.0137292
0.0936257
0.221561
0.00932115
0.433645
0.0759008
0.000746262
0.0438797
0.0626233
0.173558
0.0028429
2.50593e-05
0.49845
0.517036
0.328457
0.247151
0.0143351
0.0263774
0.0843623
0.421559
0.144602
0.0145679
0.00569752
0.496861
0.00210608
0.193151
0.00588464
0.352867
0.451017
0.209574
0.179535
0.04955
0.00779249
0.0424625
0.748003
0.000275299
0.00248339
0.157553
4.11954e-05
0.0606497
0.546545
0.120627
0.0132208
0.0606639
0.17437
0.00749393
0.364434
0.181424
0.0361407
0.296278
0.00105126
0.0776566
0.642104
0.000958263
0.42973
0.341054
0.0629398
0.00126507
0.0796799
0.000465591
0.00763437
0.27567
0.294945
0.121918
0.323361
0.000276755
0.66117
0.566259
0.541616
0.146214
0.0673028
0.591722
0.0123357
0.000321827
0.0101916
0.0151431
0.0511256
0.324434
0.307226
0.481206
0.000632863
0.461421
0.0625163
0.534448
0.731466
0.00123335
0.000835677
0.0159638
0.235588
0.196054
0.251277
0.0162416
0.191066
0.0393339
0.00730846
0.00573736
0.843227
0.287851
0.252304
0.319153
0.0205557
0.141269
0.0201803
0.0798923
0.227889
0.040774
0.0708711
0.0136002
0.121203
0.257719
0.4298
0.012848
0.191246
0.11579
0.0844896
0.298297
0.161071
0.070254
0.134567
0.786049
0.288421
0.14698
0.0319598
0.000705995
0.000126062
0.0240123
0.00379046
0.360987
0.0497302
0.114192
0.465128
0.146449
0.00054625
0.238517
0.0140681
0.122669
0.0900188
0.376003
0.0693429
0.0131115
0.333624
0.0166162
0.367635
0.0424844
0.0243377
0.00618932
0.00637454
0.139015
0.0945159
0.0732076
0.328166
0.346095
0.00345681
0.278539
0.484771
0.0876629
0.420678
0.00958082
0.410003
0.307329
0.535496
0.0181677
0.00464551
0.000299122
0.0458991
0.218814
0.00982052
0.257461
0.00531187
0.148882
0.125803
0.0086172
0.0247401
0.0485333
0.404622
0.0611557
0.0566324
0.24084
0.122782
0.00316014
0.082353
0.00252906
0.0061646
0.390681
0.367143
0.383078
0.40029
0.157636
0.000156612
0.110031
0.296243
0.0444961
0.0174555
0.00534418
0.0392563
0.0675379
0.51512
0.508346
0.0679164
0.2025
0.129037
0.00806943
0.00957528
0.0506947
0.000423536
0.0140313
0.227757
0.440916
0.000116088
0.0382731
0.00301901
0.00131328
0.000707133
0.00963109
0.00472445
0.080385
0.172633
0.0177893
0.0734412
0.693373
0.00497998
0.0555892
0.0629025
0.747824
0.135808
0.00257246
0.182375
0.603432
0.0387464
0.44762
0.0208502
0.296622
0.529568
0.272182
0.00822929
0.000258092
0.0824797
0.0969801
0.0810516
0.0221502
0.0151435
2.38026e-05
0.00233433
0.00171456
0.277795
0.310743
0.386983
0.0236378
0.660657
5.49809e-05
0.0241363
0.594117
0.0231619
0.553941
0.784261
0.0990533
0.0127588
0.545597
0.00588756
0.223339
0.218987
0.296121
0.017243
0.0259648
0.113095
0.0276418
0.337511
0.0584125
0.296032
0.00789065
0.811234
0.435293
0.00797441
0.536739
0.0494432
0.0104814
0.193308
0.00438338
0.0408383
0.0291092
0.00368768
0.487621
0.347049
0.064102
0.000497112
0.633479
0.147383
0.0120693
0.712148
0.250899
0.390179
0.0657028
0.000263671
0.275229
0.140073
0.514277
0.00529475
0.157276
0.0224148
0.59828
0.266581
0.33864
0.233999
0.00234785
0.541165
0.367903
0.00351144
0.160631
0.342212
0.175391
0.0723127
0.0060344
0.824587
0.153039
0.136525
0.242665
0.0332523
0.411921
0.000229721
0.302054
0.00275715
0.00813602
0.353198
0.524301
0.0414531
0.312645
0.0435187
0.0108903
0.269987
0.00385427
0.0299765
0.179273
0.467993
0.0420133
0.357458
0.0320768
0.113209
0.387092
0.207535
0.319972
0.726982
0.012752
0.000898575
0.245095
0.340439
0.0307985
0.0347495
0.0227282
0.00547286
0.0677886
0.000472549
0.328976
0.369106
0.275272
2.3532e-06
0.552046
0.371191
0.291546
0.0228294
0.00301715
0.0437583
0.0235657
0.293302
0.607654
0.311362
0.0197189
0.375721
0.134519
0.248429
0.381247
0.0152021
0.767335
0.203133
0.142012
0.0043608
0.0612779
0.196311
0.423769
0.118153
0.0138155
0.0635409
0.0117211
7.37786e-06
0.091062
0.075227
0.473518
4.09304e-10
0.338805
0.214505
0.36518
0.0123047
0.120904
0.235118
0.0093356
0.130979
0.467801
0.00457325
0.35603
0.0244673
0.00486749
0.0671226
0.00291628
0.0318054
0.320421
0.288701
0.000636519
0.0148528
0.358193
0.0113443
0.30617
0.136078
0.240148
0.722291
0.0103623
0.0535483
0.521532
0.172781
0.0179228
0.442659
0.496555
0.0832837
0.63826
0.418849
0.515062
0.201854
0.0709688
0.362069
0.427209
0.0646307
0.0483944
0.159253
0.331212
0.00434905
0.254266
0.126455
0.0528578
0.00220692
0.337096
0.234622
0.00871874
0.0746168
0.172954
0.310117
0.414252
0.000255634
0.38163
6.49742e-05
0.00280941
0.617029
0.0526791
0.0667692
0.488631
0.247288
0.122808
0.18847
0.181
0.0310745
0.0405975
9.4195e-05
0.141771
0.0272974
0.301626
0.524948
0.255734
0.293766
0.00196911
0.439728
0.0749408
0.460412
0.25185
0.0682744
0.190444
0.521849
0.0497043
0.00160886
0.00531305
0.32607
0.184739
0.00276212
0.4404
0.526641
0.115445
0.575782
3.13849e-05
0.0951203
0.519305
0.0971469
0.0166337
0.0550834
0.294094
0.462366
0.058583
0.027733
0.160243
0.0695796
0.0130014
0.0513734
0.00233732
0.337724
0.00155728
0.061517
0.291779
4.45569e-05
0.264243
0.021893
0.00423087
0.0796535
0.0576635
0.256486
0.153801
0.00675781
0.0226974
0.273891
0.479427
0.0331771
0.00442313
0.597768
0.102945
0.0183107
0.309098
0.180628
0.1556
0.271343
0.0873126
0.0757769
0.166591
0.241643
0.112481
0.232869
0.047166
0.402215
0.00280193
0.508107
0.00458624
0.00282201
0.00190759
0.15049
0.121365
0.0302808
0.379427
0.0452867
0.374698
0.000599541
0.0144551
0.204004
0.455023
0.166243
0.0250533
0.0184299
0.0164545
0.85651
0.389917
0.000618059
0.0145435
0.335894
0.0636301
0.24708
0.269907
0.242064
0.000280377
0.38962
0.219946
0.0252415
0.00124597
0.000187025
0.42662
0.00586718
0.02014
0.519923
0.346584
0.000248127
0.0359764
0.154032
0.0198537
0.0436205
0.00341525
0.498118
0.035169
0.00212855
0.317588
0.00710263
0.277087
0.302828
0.121037
0.162426
0.388591
0.000581133
0.225816
0.594463
0.688663
0.0625055
0.137627
0.0139045
0.0293218
0.0517547
0.293631
0.513024
0.0555235
0.058351
0.00143589
0.0605113
0.134558
0.537741
0.340932
0.000125445
0.144726
0.371782
0.000410916
0.297643
0.173271
0.125134
0.00428465
0.637502
0.526194
0.443475
0.129362
0.000433671
0.205294
0.000117221
0.306181
0.324459
0.0256883
0.26996
0.0272395
0.237571
0.612601
0.000717309
0.0306295
0.218172
0.251769
0.0665497
0.0976495
0.51013
0.422689
0.310346
0.055742
0.204927
0.111944
0.361215
0.104373
0.0549447
0.159991
0.00242453
0.180314
0.0521214
0.199995
0.763231
0.0618252
0.317961
0.325258
0.507553
0.404893
0.228619
0.0166677
0.0904368
0.449284
0.0332088
0.0356298
0.022103
0.151758
0.00116722
0.00648687
0.000276567
0.512222
0.0592549
0.00199813
0.485287
0.000459014
1.6757e-05
4.17861e-05
0.0956989
0.525797
0.280336
0.00448313
0.0194745
0.227252
0.554187
0.00481794
0.255039
0.159073
0.00923906
0.340659
0.0976866
0.615132
0.485487
0.72342
0.35297
0.468884
0.314978
0.000316419
0.137903
0.620929
0.17365
0.00524098
0.211769
0.0067589
0.00101537
0.0150157
0.0387861
0.627175
0.134404
0.128835
0.061209
0.0725153
0.0150454
0.00247811
0.685537
0.244173
0.0110796
0.278582
0.514611
0.366798
0.212351
0.158896
0.0302957
0.625973
0.0142587
0.0142684
0.165828
0.00227927
0.000547426
0.00649029
0.0372946
0.00382295
0.00958982
0.000168998
0.631479
0.000534492
0.425031
0.284937
0.519287
0.00157923
0.475423
0.0701018
0.385454
0.355083
0.771916
0.34534
0.0111962
0.246217
0.0529903
0.680641
0.0070678
0.283246
0.681944
0.0025298
0.618901
0.00124506
0.149016
0.31804
0.235877
0.280099
0.10878
0.000243318
0.419339
0.0927803
0.0267073
0.00860481
0.372783
0.0785365
0.0900374
0.574396
0.282
0.165174
0.604691
0.0161039
0.0297307
0.0122477
0.313882
0.315489
0.02009
0.395953
0.300403
0.000481044
0.423551
0.203295
0.011728
0.661506
0.572033
0.138478
0.0700007
0.00596555
0.68592
0.294578
0.63586
0.374054
0.46936
0.130293
0.00527969
0.142016
0.00209629
0.0606032
0.00120138
0.132355
0.634414
0.0129365
0.568504
0.00718882
1.84191e-05
0.306217
0.244849
0.390898
0.564535
0.105051
1.69911e-05
0.160103
0.410893
5.05038e-05
0.281227
0.0218031
0.573799
0.277312
0.520099
0.149546
0.449993
0.165763
0.0930968
0.000361676
0.296384
0.0714538
0.0636264
0.00218138
0.312048
0.199123
0.29002
0.134913
0.332036
0.146298
0.527948
0.408124
0.0924428
0.0969491
0.168159
0.541926
0.288662
0.509164
0.191416
0.32882
0.0439773
0.00548361
0.00062773
0.0656618
0.225625
0.231729
0.312818
0.476507
0.236822
0.435782
0.51484
0.00664073
0.42029
0.524939
0.25628
0.525449
0.218453
0.147931
0.372247
0.0124843
0.0969403
0.167601
0.487149
0.447229
0.052619
0.0811672
0.0376571
9.1828e-05
0.00531719
0.546387
0.00155353
0.42308
0.02645
0.476205
0.538577
0.291263
0.516915
0.117593
0.00263034
0.152559
0.00190018
0.0428808
0.308841
0.25247
0.398482
0.00636481
0.00171965
0.00215631
0.333963
5.88e-05
0.0804197
2.91342e-05
0.00535063
0.163462
0.385884
0.414932
0.215178
0.0760697
0.733654
0.311702
0.114458
0.135954
0.0292085
0.001378
0.105426
0.0682339
0.347169
0.0299296
0.565917
0.170027
0.041379
0.462895
0.355721
0.57462
0.298523
0.0220556
0.0375875
0.58153
0.0321244
0.00268698
0.387363
0.292365
0.0450205
0.000746971
0.0277568
0.167739
0.0424012
0.018205
0.491724
0.00158349
0.00720062
0.445864
0.379883
0.593829
0.612272
0.0241779
0.0347265
0.107919
1.84267e-05
0.495302
0.28647
0.000678189
0.0311683
0.361181
0.0560698
0.542115
0.00943299
0.708425
0.333651
0.287899
0.223409
0.0253424
0.128562
0.000979895
0.00359988
0.32216
0.220565
0.00471633
0.366495
0.17756
0.100037
0.496011
0.563288
0.658103
0.00518991
0.203294
0.414857
0.0469572
0.181263
0.0430093
0.000250083
0.0240174
0.00125592
0.445876
0.016044
0.0857652
0.0204555
0.291309
0.563334
0.267012
0.0500819
0.398037
0.12261
0.577636
0.0528297
0.201102
0.00403087
0.533824
0.372317
4.26904e-05
0.130523
0.141575
0.230538
0.569191
0.00796833
0.0245666
0.708343
0.0524943
0.0189632
0.0925701
0.299507
0.358108
0.014481
0.572004
0.131794
0.193324
0.832275
0.0166237
0.00673254
0.0284033
0.11077
0.0349336
0.0535725
0.135312
0.00297654
0.0887959
0.00405314
0.000567243
0.00336762
0.023483
0.260731
0.00768857
4.33062e-05
0.343809
0.159924
0.00213429
0.254926
0.0134701
0.63673
0.0983839
0.703932
0.275553
0.269979
0.522632
2.25935e-05
0.025202
0.026959
0.542358
0.260346
0.0544787
0.558054
0.642125
0.0208152
0.0138768
0.450926
0.0188967
0.0724183
0.151677
0.344307
0.000360098
0.42077
0.173067
0.00182249
0.296547
0.260272
0.00654927
0.0365535
0.447993
0.293653
0.0106235
0.550165
0.296236
0.011896
0.30985
0.110493
0.581365
0.0100432
4.30577e-06
0.0113788
0.0943091
0.460484
0.0303054
0.237875
0.00453937
0.595011
0.241857
0.289275
0.243969
0.402337
0.000141159
0.10048
0.287712
0.353852
0.147794
0.0933486
0.190839
0.0975967
5.02246e-05
0.430997
0.21795
0.0421518
0.00454657
0.136766
0.128103
0.0119564
0.00311963
0.085661
0.120239
0.104825
0.00219779
0.0144571
0.20124
0.199135
0.185839
0.0471973
0.0112554
0.284785
0.178091
0.242959
0.0637259
0.294625
0.0011276
0.1844
0.815574
0.296569
0.00409332
0.677747
0.0501975
0.496638
0.097915
0.176508
0.00143842
0.768654
0.134234
0.000719986
0.258737
0.122169
0.0920477
0.0293443
0.0028297
0.246393
0.349841
0.576807
0.298557
0.0136778
0.00231658
0.335467
0.019583
0.517941
0.0174125
0.0918548
0.540136
0.222762
0.0992087
0.115093
0.475615
0.0405865
0.195345
0.300966
0.0207901
0.00956375
0.227465
0.00783264
0.135379
0.134821
0.0121432
0.530752
0.0493539
0.211527
0.000790298
0.00027608
0.202542
0.0243718
0.355864
0.00088966
0.185587
0.0890272
0.0335287
0.322911
0.248492
0.74774
0.304472
0.043688
0.224228
0.066254
0.0431346
0.0193963
0.620234
0.152648
0.040284
0.769792
0.0720279
0.158341
0.331999
0.491294
0.00745657
0.0929878
0.136332
0.287109
0.425154
0.136438
0.107388
0.561702
0.312302
0.0853967
0.00231584
0.39846
0.0883634
0.0697965
0.0728182
0.0121331
0.14135
0.112637
0.512446
0.298843
0.000203054
0.127804
0.00160134
0.151232
0.00543051
0.236372
0.443645
0.344606
0.00046754
0.300493
0.020143
0.0345519
0.097254
0.00776719
0.352623
0.741118
0.002073
0.284411
0.00141157
0.0137695
0.593834
0.0231893
0.346421
0.466249
0.0293617
0.0388442
0.753101
0.0315716
0.439699
0.484587
0.302793
0.0896805
0.037436
0.0658902
0.129485
0.0929417
0.613313
0.0725248
0.193269
0.475108
0.363319
0.306799
0.432273
0.496055
0.151087
0.0409465
0.125014
0.558288
0.18115
0.411155
0.108987
0.00124348
0.281995
0.431034
0.36485
0.321609
0.52351
0.00229102
0.546076
0.525083
0.386939
0.472256
0.302866
0.437464
0.192301
0.0636444
0.25945
0.0207326
0.347425
0.0176577
0.00758127
0.136039
0.0789071
0.0219878
0.354488
0.658345
0.0331932
0.525018
0.16463
0.000138885
0.187278
0.160115
0.237843
0.0519795
0.230442
0.437802
0.339869
0.21679
0.309556
0.000238373
0.48073
0.00050141
0.226336
0.19583
0.0717285
0.0710305
0.00265887
0.308934
0.332432
0.222242
0.0327992
0.0421781
0.0193534
0.018245
0.0989265
0.0152407
0.0259843
0.00912798
0.0241334
0.000199989
0.408127
0.656924
0.00347862
0.331543
0.0134371
0.0275261
0.294007
0.459679
0.837631
0.00132924
0.109038
0.000542086
0.717193
0.463154
0.293458
0.342594
0.00684522
0.0272706
0.182793
0.113699
0.18595
0.447939
0.405093
0.00876566
0.154788
0.575781
3.68593e-05
0.0045678
0.209566
0.323713
0.197035
0.223244
0.40055
0.105261
0.0150903
0.0580975
0.0423799
0.506711
0.374516
0.0403561
0.029226
0.228631
0.144962
0.0070441
0.0432957
0.520006
0.00463943
0.685457
0.00379279
0.127597
0.0244315
0.288996
0.153168
0.000158631
0.353351
0.117148
0.00257465
0.085242
0.0319513
0.245519
0.123425
0.00028382
0.291747
0.0499712
0.0128763
0.435159
0.184457
0.0515323
0.0932865
0.589982
0.00799865
0.318475
0.328858
0.364899
0.497296
0.440826
0.0173696
0.00569951
0.157756
0.552419
0.16865
0.239848
0.222222
0.267841
0.021948
0.00139802
0.000454055
0.00382367
0.018799
0.316571
0.00848667
0.186699
0.0951906
0.415667
0.527766
0.590668
0.0155372
0.0412078
0.168215
0.0846259
0.191256
0.0285767
0.0729745
0.311052
0.00324178
0.0183011
0.00458105
0.0116515
0.0147781
0.343301
0.000888542
0.000647273
0.0282711
0.267387
0.293909
0.572543
0.267856
0.00906597
0.306061
0.00437417
0.518797
0.430274
0.0286049
0.00139629
0.00694257
0.444597
0.0134825
0.398363
1.35957e-06
0.558891
0.334638
0.340402
0.0112282
0.155367
0.388916
0.389836
0.139012
0.76509
0.489539
0.00726667
0.25396
0.223077
0.000309733
0.120545
0.00850976
0.0914635
0.105524
0.00304304
0.000154939
0.492027
0.0194294
0.0504338
0.255349
0.461276
0.420349
0.0829767
0.0195649
0.13694
0.0418747
0.27249
0.045665
0.14876
0.00633205
0.567956
0.434642
0.444619
7.82818e-05
0.00397025
0.033669
0.759406
0.293432
0.241008
6.58113e-05
0.0403833
0.614793
0.0453023
0.0391745
0.0052806
0.0132147
0.633563
0.153761
0.0860136
0.164681
0.00638703
0.478685
0.640893
0.00021796
0.000270434
0.0289626
0.0650242
0.211028
0.000576985
0.111476
0.495258
0.193369
0.000405714
0.693099
0.000408785
0.0235967
0.497786
0.062676
0.00225102
0.354382
0.321393
0.515235
0.0698026
0.400289
0.33464
0.320521
0.452307
0.00764253
0.0396973
0.00109342
4.83165e-05
0.012518
0.049536
0.164843
0.0568338
0.123871
0.46347
0.258298
0.0690028
0.312195
0.226931
0.225122
0.0978397
0.454308
0.183355
0.302729
0.0167061
0.0789804
0.0475802
0.274078
0.119348
0.020625
0.189478
0.434884
0.0760879
0.26652
0.00581796
0.51245
0.0416906
0.0671792
0.234541
0.248358
0.0817259
0.192025
0.277669
0.000592011
0.0432287
0.294866
0.00160482
0.116227
0.0576427
0.081516
0.387936
0.0147727
0.078111
0.146865
0.010884
0.00095107
0.395425
0.169684
0.0603969
0.361066
0.282818
0.00896371
0.281367
0.369724
0.26261
0.180444
0.00823598
0.00125831
0.119761
0.312861
0.0167465
0.352939
0.165801
0.0104141
0.251844
0.0723061
0.001976
0.127158
0.000638114
0.0817361
0.551719
0.282944
0.0183361
0.0115641
0.427696
0.219978
0.330285
0.379714
0.0105615
0.160071
0.0576492
0.278505
0.334758
0.000237688
0.0776573
0.316502
0.0014393
0.478168
0.131069
0.489301
0.016128
0.480238
0.00492864
8.63351e-05
0.00445614
0.476197
0.275387
3.3366e-05
0.178211
0.0498733
0.00241951
0.0463058
0.620017
0.0502404
0.68502
0.523172
0.000588053
0.0134032
0.436311
0.404753
0.250095
0.061925
0.00994941
0.672863
0.334555
0.031593
0.245286
0.0258574
0.0149472
0.149454
0.000740703
0.0969384
0.306796
0.269268
0.753289
0.355435
0.22668
0.280934
2.56307e-06
0.408501
0.127193
0.448283
0.182003
0.0988951
0.00536579
0.173475
0.299465
0.0153547
0.0494282
0.459706
0.441013
0.00188614
0.15542
0.26393
0.153924
0.009499
0.187733
0.204624
0.227689
0.00481391
0.463683
0.588756
0.660031
0.254067
0.00202787
0.0103408
0.0191381
0.0058681
0.469283
0.0278236
0.294428
6.9327e-06
0.000398155
0.0163073
0.000214058
0.00380315
0.290154
0.0355793
0.0537731
0.052026
0.200314
0.201373
0.0723586
0.356645
0.354109
0.123965
0.0549579
0.0167259
0.324061
0.0288121
0.152208
5.35618e-06
0.0474834
0.245623
0.0222947
0.194819
0.116168
0.22785
0.0618664
0.18539
0.492676
0.158216
0.0197445
0.048582
0.018276
0.457371
0.168584
0.0365607
0.437421
0.142485
0.0907066
0.0908791
0.244752
0.339359
0.0887616
0.46445
0.30035
0.643673
0.205806
0.315763
0.456606
0.599413
0.568097
0.472477
0.0211296
0.0108503
0.0194696
0.0242469
0.000379116
0.5392
0.0460507
0.00329284
0.00770491
0.24591
0.161644
0.0234367
0.0425143
0.00762686
0.819763
0.000102347
0.551361
0.00771565
0.188763
0.299215
0.152781
0.515806
0.416825
0.719597
0.000136247
0.315398
0.0463325
0.253545
0.00857582
2.79652e-05
0.657851
0.0307786
0.12316
0.00267353
0.00780014
0.299127
0.356516
0.338156
0.000806558
0.294321
0.0148429
0.426689
0.329988
0.0320058
0.280723
0.385882
0.407518
0.00234699
0.22301
0.479359
0.584125
0.000966957
0.0170673
0.0020546
0.0900309
0.0045917
0.162646
0.00529672
0.0106151
0.467522
0.0961833
0.0771419
0.529392
0.113555
0.0320393
0.320442
0.262033
0.00986699
0.250674
0.31438
0.362404
0.340568
0.00530674
0.658853
0.0161146
0.0307534
0.615749
0.00856385
0.00105207
0.00155998
0.00170183
0.194492
0.0237594
0.284849
0.369105
0.430271
0.00379803
0.0187403
0.00245218
0.0153034
0.543469
0.000134774
0.0350759
0.30933
0.0127502
0.250878
3.14077e-05
0.131842
0.00122
0.19682
2.02891e-05
0.0158355
0.175961
0.031021
0.0129035
0.127561
0.506683
0.00482062
0.00195178
0.480306
0.205481
0.018757
0.0910629
0.239991
0.0384657
0.0913175
0.395077
0.435431
0.136519
0.00778615
0.272707
0.0873534
0.027907
0.176805
0.202692
0.0198043
0.074684
0.34252
0.191934
0.400684
0.077708
0.500302
0.0082365
0.013504
0.702522
0.0065008
0.169911
0.213219
0.325579
0.189504
0.0119555
0.000892121
0.0319035
0.0301937
0.479191
0.178343
0.0944623
0.013259
0.0034843
0.739805
0.0834734
0.0222091
0.449486
0.323379
0.149473
0.0778599
0.457669
0.00780169
0.116814
0.0276191
0.396789
0.170246
0.0454892
7.61999e-05
0.115995
0.423501
0.309695
0.0216725
0.01008
0.0257933
0.0639393
0.250144
0.628879
0.00100622
0.00987273
0.00894651
0.00410819
0.0078111
4.10548e-05
0.276555
0.000202178
0.0306848
0.674563
0.614585
0.068924
0.0988358
0.27955
0.0231274
0.0014321
0.638656
0.177345
0.256599
0.270178
0.108173
0.0367122
0.00192085
0.296312
0.268751
0.293624
0.0957699
0.0139984
0.776437
0.373802
0.403671
0.547657
0.397968
0.607153
0.204848
0.13993
0.0710056
0.13326
0.0621538
0.0106293
0.336302
0.264143
0.0903808
0.329798
0.0314911
0.402539
0.0468979
0.677494
0.419197
0.0435274
0.0859649
0.00700729
0.295092
0.00469513
0.253351
0.315959
0.112071
0.105483
0.304908
0.141179
0.341849
0.0630218
0.627082
0.338682
0.0286481
0.000486451
0.242405
0.104383
0.0399418
0.00218747
0.313839
0.20439
0.000395961
0.0627752
0.0892136
0.146682
0.402655
0.0257719
0.291036
0.415426
0.364786
0.24151
0.00717165
0.00686204
0.013794
0.414849
0.151319
0.202032
0.200911
0.052585
0.229443
0.00213476
0.10328
0.0164844
0.0427437
0.0200251
0.247334
0.032667
0.0566014
0.0100133
0.452789
0.713465
0.345041
0.266284
0.044368
0.0158769
0.00224127
0.0330907
0.297418
0.385233
0.562684
7.83677e-05
0.363481
0.118291
1.26029e-05
0.114223
0.203735
0.257911
0.0316303
0.00371336
0.0878947
0.0685645
0.495625
0.53094
0.594889
0.00330704
0.00695449
0.00111138
0.194718
0.0161488
0.677325
0.0142991
0.000195112
0.173852
0.00317239
0.00128178
0.0029584
0.141938
0.0301793
0.204715
0.000113778
0.00284883
0.000400493
0.548595
0.0624673
0.153227
0.734338
0.00399756
0.31895
0.00385086
0.0892373
0.36512
0.00425951
0.000626828
0.322044
0.54592
0.0373859
0.454034
0.266627
0.00315296
0.000504862
0.0144949
0.25392
0.00249976
0.143527
0.0741459
0.104855
0.000132264
0.420857
0.000138894
0.000456622
0.783253
0.011107
0.425823
0.0091921
0.00045446
0.000200706
0.0397567
0.0762207
0.281198
0.00170364
0.235824
0.594964
0.00491248
0.00602572
0.245215
0.0104987
3.78828e-05
0.576402
0.0816612
0.304576
0.0111895
0.00146302
0.0136498
0.0206422
0.00867162
0.508165
0.29541
0.149672
0.254864
0.501717
0.76139
0.324346
0.027796
0.419261
0.00682532
0.000208879
0.209586
0.0011778
0.000298374
0.018427
0.0255638
0.0681555
8.01463e-06
0.000173095
0.296824
0.0291184
0.488803
0.00864049
0.40799
0.237361
0.114012
0.095761
0.000229525
0.0204713
0.258264
0.173652
0.195288
0.100055
0.0203338
0.0497197
0.0531066
0.0755541
8.16949e-05
0.573048
0.464168
0.51403
0.00838516
0.140347
0.436715
0.0132513
0.518271
0.571136
0.304701
0.0696894
0.00244633
0.0103968
0.475887
0.287021
0.533322
0.00486093
0.148283
0.471878
0.0492745
0.0147513
0.0764401
0.00795676
0.00212034
0.0146965
0.0508309
0.040634
0.373162
0.000423763
0.0205569
0.397521
0.00227857
0.310644
0.0817428
0.440567
7.30621e-06
0.0155412
0.270032
0.174558
0.480017
0.0013466
0.0928142
0.759579
0.0366693
0.360677
0.0222965
0.0249679
0.66388
0.00744784
0.00764293
0.217409
0.0587001
0.226715
0.0567896
0.123649
0.573173
0.104544
0.0156136
0.229441
0.0422515
0.27044
0.00698731
0.177028
0.00997429
0.0519004
0.395185
0.496309
0.0853637
0.575175
0.0112932
0.669414
0.181136
0.00865696
0.00462346
0.176075
0.00215646
0.0108396
0.0942554
0.0541209
0.0507144
0.000726635
0.513884
0.432033
0.576588
0.0701905
0.00299131
0.145038
0.00962164
0.372429
0.622678
0.335841
0.654313
0.455783
0.0140441
0.371499
0.284427
0.331611
0.291283
0.617083
0.461503
0.0895612
0.0494769
0.0780299
0.46418
0.181965
0.045101
0.376493
0.117388
0.0933351
0.510368
0.33905
0.36598
0.50366
0.732602
0.246198
0.0180909
0.386967
0.647514
0.0172783
0.0627818
0.00107376
0.0910633
0.0263654
0.00724621
6.21458e-05
0.194861
0.13342
0.279008
0.0734929
0.00801667
7.75819e-05
0.0251886
0.000642302
0.0475903
0.104993
0.314517
0.0179339
0.363269
0.12471
0.00779769
0.593393
0.511307
0.000357208
0.533268
0.295628
0.142268
0.127299
0.51603
0.562312
0.00721307
0.34495
0.115522
0.25049
0.466839
0.254672
0.508606
0.153766
0.00173649
0.0139742
0.108358
0.168626
0.0233361
0.57015
0.00185399
0.00119419
0.609283
0.0315268
0.00617049
0.0739705
0.366929
0.319739
0.0471312
0.0287842
0.0608027
0.00119771
3.69293e-06
0.0156803
0.301716
0.142798
0.180545
0.00064316
0.527699
0.022495
0.211043
0.295921
0.232155
0.00178374
0.000630523
0.360949
0.0379471
0.489058
0.0251869
0.455346
0.0898151
0.302468
0.091258
0.281233
0.276912
0.006196
0.31097
0.339138
0.0998225
0.1213
0.125458
0.00281239
0.00917142
0.0472724
0.0229604
0.0439491
0.235691
0.0596869
0.0162909
0.314363
0.401055
0.469071
0.00347344
0.0922368
0.136768
0.137794
0.151874
0.584035
0.125589
0.00235714
0.756994
0.102079
0.582681
0.00821352
0.628327
0.358009
0.289664
0.389237
0.330178
0.00644663
0.454644
0.580696
0.526435
0.0293304
0.00879319
0.227768
0.248653
0.60389
0.440363
0.134928
0.0572889
0.242133
0.0660907
0.0609524
0.0114593
0.0710229
0.0808067
0.406744
0.000692787
0.351051
0.436946
0.359387
0.304772
0.000149061
0.0971739
0.00017646
0.278831
0.220826
0.00207382
0.496303
0.354817
0.447637
0.00909541
0.127905
0.0139213
0.0598307
0.00167594
0.00245766
0.0937881
0.209322
0.0172407
0.234648
0.0100901
0.418238
0.0122044
0.306857
0.367454
0.059993
0.252002
0.0906328
0.00767132
0.473173
0.645874
0.0320859
0.429603
0.28493
0.582057
0.237935
0.761536
0.00118826
0.230341
0.496665
0.25104
0.000445581
0.0823031
0.000252585
0.0498311
9.38125e-05
0.18969
0.000996327
0.458529
0.714741
0.0671137
0.197097
0.000151101
0.640687
0.0181338
0.809648
0.4065
0.0190957
0.000212907
0.35293
0.26951
0.00143224
0.0267758
0.701787
0.0122886
0.617282
0.009665
0.332064
0.163195
0.315202
0.240404
0.438527
0.0027586
0.629944
0.433012
0.364496
0.107086
0.000518635
0.0261671
0.0179427
0.052539
0.0162303
0.467848
0.0124677
0.348069
0.305553
0.000162576
0.240932
0.387655
0.290867
0.206988
0.327843
0.154565
0.0633455
0.00168115
0.0410473
0.0535619
0.0238081
0.468882
0.29991
0.164393
0.300443
0.300128
0.00280931
0.0644887
0.20115