0.0952363
0.32868
0.217363
0.260074
0.273331
0.00871166
0.411253
0.170645
0.0996998
0.0127344
0.249053
0.00865498
0.10381
0.00332145
0.0676379
0.550121
0.0746092
0.508254
0.150664
0.000706766
0.0237859
0.0142971
0.158722
0.000954701
0.100871
0.00816474
0.115267
0.34524
0.343447
0.0639578
0.0494992
0.65006
0.687816
0.300427
0.137266
0.377047
0.0606585
0.192148
0.108744
0.0820764
0.51198
0.0023286
0.284198
0.000803752
0.0275254
0.196695
0.0710041
0.432525
0.113878
0.108804
0.132612
0.673393
0.0083921
0.339054
0.00344207
0.207127
0.138974
0.365625
0.509584
0.138085
0.0827056
0.230745
0.0225036
0.811189
0.0237227
0.301696
0.0509078
0.00512293
0.0391956
0.194515
0.120155
0.537462
0.291717
0.00285924
0.635763
0.0224495
0.541417
0.0671264
0.115987
0.60463
0.0607051
0.334073
0.0535261
0.132975
0.156035
0.123789
0.397485
0.470722
0.423777
0.113095
0.095852
0.0683069
0.0631025
0.0292862
0.266345
0.0572588
0.000635434
0.108278
0.507145
0.403827
0.271101
0.472329
0.0444423
0.289462
0.0124498
0.111311
0.740716
0.00226746
0.559086
0.316587
0.356762
0.203127
0.167996
0.639404
0.188272
0.505165
0.0208277
0.0126319
0.170388
0.250438
0.136178
0.483228
0.174878
0.0336932
0.0853854
0.414808
0.171575
0.138672
0.288701
0.371383
0.189601
0.200046
0.394518
0.000297894
0.296351
0.0914031
0.0673678
0.240566
0.300338
0.0383255
0.574787
0.339875
0.429051
0.549131
0.050612
0.174135
0.246333
0.138155
0.519841
0.0319958
0.600559
0.713996
0.47434
0.609186
0.0783253
0.318877
0.0200235
0.114259
0.0653263
0.514148
0.402991
0.15242
0.374009
0.0741832
0.332758
0.30195
0.0829177
0.0669631
0.342859
0.602194
0.317331
0.627963
0.296587
0.316479
0.0649486
0.0130204
0.630438
0.158597
0.0292065
0.481283
0.626164
0.198476
0.00428677
0.833606
0.436097
0.0391015
0.0472419
0.126394
0.210924
0.210543
0.212103
0.485807
0.43528
0.342398
0.337267
0.42775
0.266723
0.100013
0.0557197
0.419236
0.303925
0.354436
0.192303
0.111402
0.292402
0.00946621
0.276895
0.533365
0.253408
0.167996
0.448224
0.430903
0.27737
0.152585
0.7404
0.379171
0.676039
0.0146073
0.189549
0.324346
0.0543458
0.304312
0.038875
0.583925
0.473818
0.0377299
0.594165
0.550205
0.166616
0.15872
0.153472
0.309026
0.558414
0.383223
0.190518
0.0010106
0.30647
0.440604
0.460293
0.329615
0.076112
0.605121
0.741461
0.29577
0.0385111
0.0578948
0.696557
0.292274
0.163425
0.308869
0.312173
0.00950098
0.213856
0.258088
0.322592
0.817604
0.0332178
0.248605
0.218509
0.62997
0.47498
0.417151
0.618262
0.204477
0.0710718
0.301221
0.334734
0.29128
0.0651712
0.308501
0.350168
0.040835
0.00146083
0.0316725
0.0282434
0.389656
0.491546
0.43567
0.136233
0.665537
0.546771
0.293757
0.0488248
0.0590522
0.110518
0.00871549
0.299666
0.213123
0.21639
0.114974
0.048668
0.699445
0.0120255
0.177282
0.288306
0.119807
0.00015593
0.0067034
0.0363289
0.00104097
0.000294913
0.0345441
0.0284398
0.680536
0.0960259
0.404031
0.358268
0.70455
0.151989
0.145703
0.265619
0.000855581
0.0960249
0.168792
0.229308
0.235925
0.284296
0.0464471
0.4118
0.155414
0.0377426
0.0262336
0.0517656
0.248434
0.12069
0.455033
0.28416
0.34445
0.766607
0.000523804
0.347234
0.134987
0.330443
3.66013e-05
0.0186235
0.0829235
0.0566549
0.207031
0.0326591
0.455903
0.542067
0.00194009
0.0242258
0.553119
0.29872
0.423642
0.0165045
0.35173
0.033585
0.294967
0.237459
0.195311
0.267144
0.381534
0.279732
0.315334
0.427834
0.280267
0.105637
0.472372
0.256409
0.318571
0.0456644
0.365357
0.0388516
0.0856543
0.514644
0.514212
0.063268
0.21928
0.324917
0.0111908
0.0268366
0.484497
0.240846
0.0918617
0.338158
0.558817
0.608664
0.0065611
0.0558391
0.152119
0.022398
0.226672
0.655752
0.0551311
0.00330501
0.327482
0.00430266
0.088863
0.0199853
0.0147874
0.239492
0.194624
0.393826
0.0171748
0.356012
0.574308
0.0810331
0.492444
0.281866
0.13366
0.110245
0.287947
0.416359
0.0566726
0.0203976
0.431493
0.216717
0.111118
0.457379
0.137574
0.286687
0.0400652
0.266473
0.251033
0.44327
0.315381
0.65463
0.396514
0.322585
0.223909
0.337534
0.545068
0.287752
0.589407
0.328611
0.203607
0.0700874
0.251027
0.484835
0.147242
0.0394316
0.051154
0.622939
0.0174154
0.56086
0.313067
0.368739
0.356321
0.543544
0.492601
0.0357551
0.329515
0.244658
0.244329
0.372998
0.0013476
0.29547
0.0680797
0.282223
0.615278
0.0165283
0.0865217
0.0636919
0.528559
0.0633236
0.200543
0.160485
0.649894
0.208185
0.0839013
0.444713
0.237681
0.454346
0.0362082
0.352756
0.431575
0.343258
0.205532
0.360751
0.104061
0.0396466
0.21589
0.329434
0.0170407
0.184838
0.277204
0.278555
0.426152
0.300604
0.000245374
0.299092
0.428896
0.478007
0.199104
0.0087658
0.0184692
0.394851
0.0190535
0.0314669
0.447659
0.0468033
0.0472375
0.357608
0.206367
0.624438
0.319013
0.318592
0.00252944
0.0279013
0.0046482
0.319311
0.251326
0.0187804
0.370212
0.457215
0.231726
0.646843
0.250573
0.191399
0.00549225
0.000842562
0.0434936
0.31188
0.601921
0.0328128
0.278418
0.446669
0.424978
0.0831473
0.0043221
0.230822
0.00383822
0.0542198
0.0680438
0.666208
0.00316044
0.479181
0.0182133
0.327611
0.538282
0.0674953
0.526191
0.0181803
0.205964
0.295158
0.102736
0.527696
0.463707
0.00718295
0.00892511
0.0146137
0.0028187
0.257592
0.363182
0.0371932
0.00454743
0.00115647
0.0377655
0.0342651
0.316177
0.469273
0.114243
0.0966315
0.799579
0.302154
0.281235
0.0948054
0.56176
0.0281816
0.26615
0.098738
0.0218809
0.304664
0.454382
0.505294
0.0920622
0.431236
0.0125237
0.168928
0.00274977
0.0328513
0.331864
0.101452
0.05848
0.250335
0.697957
0.0060565
0.352747
0.0671868
0.616319
0.280769
0.825372
0.0881892
0.474282
0.489943
0.626538
0.173775
0.219928
0.286073
0.518347
0.561591
0.00490532
0.551731
0.543794
0.633687
0.533691
0.224267
0.285598
0.665875
0.126574
0.0439946
0.0572056
0.0260688
0.00505472
0.40134
0.0399382
0.234835
0.00518219
0.0036474
0.310264
0.0354519
0.00829438
0.365427
0.23366
0.0795348
0.00962951
0.0584613
0.097338
0.0424191
0.409557
0.118706
0.0979163
0.0730156
0.0912401
0.0448985
0.359973
0.243731
0.685923
0.793908
0.412576
0.000999016
0.299261
0.376874
0.523522
0.364656
0.635879
0.306154
0.162884
0.113543
0.170342
0.432257
0.000287063
0.651619
0.363278
0.288946
0.330926
0.414171
0.00140493
0.319634
0.506457
0.320673
0.118445
0.235488
0.0615143
0.149511
0.577346
0.441768
0.535877
0.0295186
0.49555
0.0259883
0.114166
0.0516992
0.328204
0.344894
0.0434028
0.128576
0.421323
0.17352
0.112525
0.360449
0.0493017
0.324981
0.506236
0.270258
0.0837546
0.289866
0.0164719
0.445659
0.00126257
0.740324
0.566347
0.10726
0.476847
0.550694
0.45674
0.146136
0.250649
0.327014
0.106591
0.315839
0.00448917
0.302908
0.482596
0.167021
0.309483
0.0176861
0.471717
0.609258
0.0353692
0.157668
0.79604
0.164567
0.0560483
0.082336
0.280778
0.339482
0.0149511
0.335693
0.114088
0.310935
0.153294
0.345004
0.122056
0.355258
0.281552
0.382431
0.192118
0.261305
0.252008
0.0886361
0.267952
0.279969
0.313632
0.178581
0.268968
0.0600013
0.558206
0.0482022
0.115418
0.327805
0.228298
0.48381
0.375725
0.53413
0.235623
0.0288939
0.234545
0.295757
0.000640732
0.36123
0.00245937
0.636736
0.177136
0.0489556
0.331879
0.0587451
0.000233901
0.038375
0.0409015
0.173621
0.191358
0.0322802
0.656427
0.0224042
0.168504
0.615603
0.038054
0.327651
0.401642
0.716428
0.524038
0.199829
0.0063007
0.654396
0.519377
0.184071
0.554929
0.0266992
0.438101
0.00068211
0.126399
0.00775824
0.0236893
0.234356
0.0467796
0.105318
0.00282704
0.0672574
0.332222
0.263432
0.167887
0.526597
0.403062
0.152755
0.428144
0.499551
0.19096
0.566301
0.403393
0.214715
0.688022
0.0640826
0.178449
0.181743
0.266323
0.370401
0.880834
0.174083
0.00654937
0.0863688
0.0214082
0.48637
0.0116641
0.314701
0.0541821
0.567662
0.571645
0.0155743
0.34192
0.00166974
0.364615
0.0446856
0.0120849
0.259256
0.2092
0.729202
0.228285
0.451577
0.205252
0.0719154
0.0068369
0.0892158
0.393447
0.746967
0.00591218
0.212618
0.517205
0.325232
0.123544
0.128236
0.302985
0.00223702
0.0627414
0.507299
0.139163
0.136627
0.368789
0.000287277
0.483682
0.000647383
0.37463
0.334726
0.699614
0.508451
0.063891
0.461507
0.239451
0.310742
0.382017
0.612528
0.303045
0.0124427
0.297895
0.0597259
0.0436129
0.0115375
0.547094
0.0157257
0.00746405
0.0169113
0.219956
0.0028176
0.201572
0.655974
0.178047
0.0145074
0.241365
0.183938
0.116519
0.292215
0.198001
0.0218665
0.0112115
0.110947
0.267649
0.504751
0.0135831
0.0643086
0.649939
0.189487
0.383938
0.454841
0.00452759
0.511876
0.460744
0.508321
0.266979
0.019274
0.297155
0.313634
0.302893
0.459242
0.0773721
0.543112
0.408031
0.436041
0.193698
0.302112
0.382647
0.0116812
0.132655
0.142064
0.160076
0.294607
0.0776433
0.327852
0.143485
0.368198
0.027528
0.233711
0.386816
0.816178
0.497715
0.532616
0.246854
0.0136909
0.520929
0.0458853
0.0796631
0.349277
0.308231
0.472106
0.311604
0.149031
0.168032
0.0293166
0.300561
0.259486
0.189938
0.487599
0.287579
0.00281608
0.170691
0.138482
0.0331804
0.594986
0.241194
0.151037
0.308776
0.00491223
0.194012
0.343396
0.0717955
0.0267042
0.14907
0.213339
0.604936
0.130976
0.0872822
0.0564615
0.0971816
0.270789
0.189939
0.308945
0.0410766
0.140578
0.201932
0.00857117
0.502116
0.347918
0.000863198
0.27429
0.699889
0.507173
0.0280351
0.0393911
0.264936
0.320208
0.235226
0.375572
0.00513165
0.221283
0.00348556
0.0186155
0.243507
0.181096
0.289484
0.0918372
0.65792
0.521692
0.637311
0.0707473
0.0993197
0.458895
0.124523
0.314977
0.34975
0.389753
0.425445
0.148147
0.402204
0.00848192
0.176101
0.469923
0.318914
0.140508
0.186731
0.232138
0.639137
0.760638
0.0212465
0.218955
0.314938
0.354745
0.329948
0.762209
0.294605
0.0062289
0.233993
0.332037
0.320543
0.0660329
0.0460312
0.280295
0.00209224
0.00852288
0.37571
0.0183548
0.567126
0.0169092
0.123205
0.0484465
0.245088
0.32133
0.229406
0.311944
0.000361215
0.0936719
0.292521
0.292307
0.423879
0.344632
0.0612757
0.305048
0.19696
0.628046
0.314604
0.19494
0.263092
0.546337
0.102512
0.0158907
0.0769071
0.496618
0.498788
0.297735
0.113655
0.00107034
0.0414059
0.0620349
0.0829005
0.231999
0.422312
0.346393
0.562319
0.396512
0.474799
0.30168
0.412395
0.0508937
0.37834
0.329155
0.341465
0.0188802
0.305014
0.237319
0.000594464
0.3138
0.000170919
0.403406
0.00433936
0.456759
0.230858
0.165712
0.0156183
0.00602328
0.495627
0.000608021
0.148617
0.284651
0.486681
0.225766
0.0146666
0.428183
0.0524004
0.351092
0.0202353
0.0997339
0.0379012
0.213471
0.119822
0.33218
0.470342
0.00193578
0.390257
0.183571
0.798815
0.386244
0.272313
0.194613
0.0691322
0.462539
0.0393994
0.211474
0.000980604
0.472059
0.240128
0.239948
0.0444038
0.146199
0.354761
0.433958
0.253437
0.00802622
0.200172
0.26399
0.000214808
0.0137019
0.193584
0.201441
0.221572
0.688101
0.00472818
0.00366903
0.331894
0.0901424
0.156683
0.267567
0.232658
0.542686
0.6295
0.295269
0.0632784
0.159089
0.613914
0.357767
0.178841
0.0296441
0.488869
0.126095
0.327524
0.377592
0.330048
0.0152612
0.300288
0.0961419
0.729244
0.579709
0.200105
0.220843
0.38829
0.00826287
0.31458
0.683776
0.574561
0.0300022
0.444663
0.384611
0.798643
0.0771454
0.00968301
0.174409
0.0629501
0.319092
0.351575
0.490841
0.0558574
0.300054
0.27854
0.372989
0.327031
0.305246
0.284204
0.442976
0.293716
0.375439
0.277834
0.54732
0.147533
0.303907
0.579045
0.189108
0.368263
0.128769
0.285604
0.0482997
0.0542379
0.273455
0.402874
0.186968
0.241446
0.0660857
0.30525
0.367026
0.0957165
0.0364281
0.349562
0.194364
0.00821783
0.802316
0.250253
0.00709005
0.315652
0.189379
0.362274
0.480699
0.00942561
0.450973
0.251123
0.494076
0.363383
0.640663
0.000325753
0.0296413
0.238014
0.341702
0.0742536
0.623945
0.232461
0.596038
0.0125579
0.296045
0.113919
0.0135354
0.573528
0.66543
0.129381
0.118835
0.239575
0.419075
0.565601
0.324702
0.107101
0.457855
0.0144706
0.389656
0.0194888
0.107167
0.167584
0.218056
0.00616601
0.0254767
0.292276
0.540496
0.309625
0.570788
0.243172
0.00700334
0.311958
0.0619592
0.344226
0.0369545
0.432911
0.15249
0.0301059
0.00156623
0.0506902
0.132438
0.366271
0.00761907
0.287046
0.124888
0.383671
0.170932
0.235556
0.449641
0.308641
0.170361
0.278984
0.437973
0.00453292
0.0340344
0.140655
0.314892
0.265728
0.385264
0.594106
0.0688936
0.125104
0.119009
0.180913
0.301862
0.336908
0.233088
0.378988
0.121407
0.00502839
0.508757
0.418738
0.0867504
0.204399
0.210532
0.00992527
0.12025
0.292544
0.120292
0.0645847
0.370074
0.0516525
0.23178
0.00111547
0.694702
0.464133
0.555079
0.0105
0.319508
0.00256462
0.0311995
0.0534244
0.296906
0.154191
0.241853
0.382126
0.0133275
0.00547374
0.107014
0.030524
0.222321
0.273583
0.433187
0.0837468
0.498177
0.123553
0.0501013
0.00227384
0.271504
0.33326
0.0177489
0.374971
0.34009
0.45323
0.452504
0.34362
0.306684
0.0928556
0.000285434
0.188259
0.279147
0.650881
0.00356178
0.0428995
0.536529
0.231739
0.697723
0.267694
0.421259
0.373662
0.0944707
0.0361056
0.740243
0.765612
0.507853
0.0823206
0.424348
0.560745
0.450432
0.0719135
0.184012
0.152836
0.375218
0.177203
0.0148015
0.00300229
0.0555783
0.144363
0.304762
0.0032941
0.253168
0.524565
0.132404
0.453844
0.00491026
0.0418682
0.056768
0.844524
0.263539
0.630516
0.504185
0.0425374
0.190733
0.147795
0.281898
0.336967
0.387649
0.0709536
0.0758215
0.0507695
0.000408266
0.297603
0.492325
0.375338
0.301715
0.23929
0.210467
0.00131936
0.700654
0.00200334
0.010686
0.0352502
0.216592
0.283842
0.0775146
0.581353
0.0806992
0.0494844
0.404065
0.177966
0.0624971
0.129343
0.232017
0.181312
0.202801
0.0670514
0.233967
0.221952
0.278171
0.089472
0.203966
0.0114464
0.156272
0.365215
0.491149
0.0516757
0.0101977
0.23185
0.324537
0.427394
0.781001
0.094067
0.223495
0.252725
0.266054
0.0394099
0.393276
0.673912
0.532059
0.108011
0.154758
0.300128
0.305039
0.0809782
0.408063
0.264677
0.0779312
0.154151
0.199759
0.0011263
0.222278
0.140359
0.271508
0.163669
0.050411
0.567919
0.0969556
0.0228262
0.500588
0.315457
0.00195791
0.0107978
0.511725
0.276116
0.266207
0.623321
0.0120971
0.0138088
0.111827
0.307625
0.374688
0.642038
0.482053
0.0114392
0.085072
0.00248712
0.257609
0.0817707
0.00810464
0.635775
0.69674
0.0169181
0.224919
0.00979033
0.526755
0.0324429
0.115299
0.101276
0.0771703
0.0184492
0.13566
0.169555
0.493685
0.367713
0.44447
0.0109514
0.302081
0.295836
0.492523
0.376191
0.440106
0.253185
0.322359
0.145041
0.240138
0.374379
0.282299
0.423586
0.198288
0.249189
0.226455
0.0631518
0.339143
0.339446
0.253392
0.157444
0.430522
0.0716034
0.0412936
0.00411183
0.485955
0.239678
0.000930532
0.309854
0.31632
0.47575
0.438028
0.0715883
0.054803
0.0688792
0.0266676
0.271308
0.289441
0.121622
0.433532
0.451156
0.413726
0.224718
0.512892
0.451561
0.0589522
0.0840054
0.283176
0.123305
0.561526
0.296965
0.236276
0.00590874
0.245698
0.432282
0.00146814
0.28732
0.175997
0.0297793
0.0618724
0.0199514
0.534308
0.0483737
0.14102
0.303855
0.0561994
0.352531
0.000221913
0.286774
0.107213
0.0241096
0.000686167
0.19741
0.318768
0.0413498
0.0196848
0.278506
0.210195
0.166314
0.53884
0.379748
0.255407
0.0566025
0.00348262
0.0551656
0.670586
0.448188
0.393692
0.0346409
0.0234165
0.240702
0.310481
0.0373446
0.120463
1.85464e-05
0.255933
0.247964
0.473587
0.305515
0.250304
0.261364
0.792074
0.1862
0.14482
0.207728
0.45412
0.325853
0.414438
0.283779
0.161314
0.462688
0.185433
0.139864
0.454687
0.599032
0.524173
0.400231
0.379087
0.655088
0.00280095
0.341373
0.211128
0.015754
0.521497
0.211958
0.272215
0.313039
0.507203
0.267491
0.433843
0.322722
0.801634
0.239279
0.231344
0.439142
0.49496
0.25296
0.473364
0.370814
0.156571
0.100936
0.298756
0.363465
0.438208
0.220991
0.0323437
0.00381199
0.293147
0.00529256
0.349687
0.327468
0.0217015
0.00126215
0.397005
0.243243
0.0206608
0.00609561
0.0944432
0.293701
0.138199
0.00449705
0.656863
0.404519
0.30861
0.308863
0.36315
0.0323841
0.149913
0.0758237
0.00718839
0.00422101
0.0195829
0.121013
0.318172
0.0552391
0.302064
0.255771
0.100591
0.386708
0.288763
0.107531
0.122392
0.0247721
0.340277
0.0651348
0.0110654
0.46302
0.142163
0.250575
0.660743
0.230939
0.427008
0.260154
0.47712
0.263941
0.290649
0.0644624
0.00533362
0.457238
0.0253415
0.0111679
0.652949
0.0187803
0.401716
0.138138
0.162915
0.466039
0.228638
0.0175207
0.481051
0.775901
0.0276895
0.0331677
0.785101
0.108016
0.109887
0.193013
0.0597792
0.169326
0.0546641
0.0134421
0.408286
0.00380808
0.448847
0.0607947
0.174635
0.15891
0.0312814
0.583432
0.339444
0.0196307
0.00491503
0.061358
0.0624943
0.093972
0.716203
0.0340269
0.304507
0.0278318
0.205003
0.233099
0.116283
0.56505
0.0227218
0.608348
0.217434
0.0574029
0.0082599
0.0470168
0.0646362
0.0722708
0.411343
0.354176
0.00314489
0.515161
0.404899
0.363785
0.19186
0.00465075
0.0334425
0.142735
0.393621
0.0347173
0.00936746
0.150555
0.0261029
0.0847989
0.298316
0.574558
0.469471
0.403094
0.0407779
0.485442
0.541501
0.322848
0.172061
0.286193
0.645738
0.234218
0.029507
0.393125
0.00179796
0.362294
0.295242
0.0995435
0.171178
0.00696816
0.584127
0.0813031
0.0188333
0.0145544
0.324994
0.423854
0.0316456
0.0611934
0.0036038
0.285818
0.0196721
0.325166
0.173597
0.0139779
0.217567
0.358896
0.249607
0.122505
0.422336
0.0178833
0.297478
0.0980809
0.50889
0.208835
0.333075
0.0341438
0.393797
0.251335
0.380228
0.0309063
0.110769
0.451293
0.448005
0.323907
0.0867268
0.048575
0.015377
0.318538
0.268199
0.309178
0.155982
0.465092
0.104325
0.633746
0.0251886
0.0491315
0.0166932
0.622529
0.247611
0.168413
0.340647
0.0195865
0.108465
0.309502
0.197452
0.0239272
0.250426
0.00256391
0.463489
0.487563
0.418137
0.35499
0.306058
0.0585084
0.00743088
0.474766
0.0809909
0.00793188
0.809193
0.0018213
0.419272
0.00651037
0.0292378
0.0485978
0.050613
0.498123
0.319677
0.310442
0.325725
0.407046
0.302029
0.514423
0.0647609
0.41275
0.00414906
0.0168973
0.36757
0.0561615
0.395345
0.0263861
0.461005
0.177721
0.0997765
0.00386119
0.462054
0.0815283
0.139646
0.269737
0.398682
0.381703
0.328087
0.0833115
0.407855
0.0456715
0.313792
0.00966304
0.401468
0.0489111
0.0630081
0.3244
0.0956111
0.0237795
0.28477
0.0776426
0.358144
0.546124
0.0407588
0.388815
0.223048
0.352478
0.209554
0.0709103
0.117676
0.679061
0.490257
0.637219
0.297482
0.571445
0.146545
0.0702657
0.0542384
0.438272
0.0063484
0.127802
0.125423
0.0832734
0.351469
0.139818
0.467386
0.429796
0.33127
0.326401
0.261955
0.189644
0.0531131
0.294639
0.296548
0.192866
0.608427
0.210864
0.204394
0.026961
0.731333
0.0966206
0.337873
0.282907
0.110426
0.653312
0.262103
0.533841
0.428691
0.0164399
0.58809
0.316827
0.584901
0.312671
0.316192
0.190087
0.167438
0.00417825
0.561315
0.379991
0.283508
0.171879
0.0106048
0.521578
0.113794
0.123464
0.192021
0.303521
0.00244961
0.0132389
0.0081455
0.549702
0.00405578
0.184067
0.0265396
0.517944
0.168897
0.0571215
0.272786
0.00544521
0.0130328
0.0150118
0.263636
0.319854
0.0587614
0.181318
0.0210489
0.457345
0.0080619
0.503308
0.083402
0.210877
0.122005
0.505151
0.00717926
0.0662084
0.338554
0.0857346
0.344934
0.217009
0.674536
0.692439
0.415073
0.620607
0.540489
0.470368
0.093729
0.017618
0.0714243
0.0206296
0.0750146
0.177146
0.188764
0.00543042
0.1859
0.170202
0.430816
0.483044
0.14992
0.0212434
0.291245
0.204233
0.00268858
0.0505655
0.533532
0.447236
0.00142618
0.0672431
0.051963
0.0106688
0.015362
0.567861
0.132831
0.475412
0.0105654
0.0362352
0.0952132
0.0363581
0.878177
0.227592
0.2832
0.0848848
0.154234
0.0852922
0.738991
0.650373
0.00647208
0.0205691
0.0738621
0.103999
0.00583058
0.301533
0.144693
0.0875222
0.0475804
0.0413774
0.209265
0.0100932
0.00570074
0.260637
0.160461
0.259383
0.216432
0.249122
0.287061
0.655596
0.000560983
0.121678
0.468498
0.178177
0.252255
0.265712
0.305198
0.00482948
0.0821758
0.140241
0.424057
0.0461648
0.340403
0.761066
0.298771
0.145623
0.322599
0.188634
0.0585386
0.214313
0.30006
0.0115125
0.0474229
0.564192
0.00660465
0.0582384
0.364069
0.41676
0.395556
0.0517182
0.453397
0.616346
0.440552
0.00112311
0.57602
0.0644404
0.505529
0.683943
0.364915
0.00878868
0.365302
0.00926939
0.0169315
0.0699116
0.0075684
0.00784748
0.114033
0.0839326
0.286137
0.0442213
0.344491
0.360275
0.11187
0.0159642
0.0681915
0.206914
0.0618502
0.152879
0.0186223
0.000933087
0.363123
0.184441
0.0338286
0.399357
0.0217097
0.355332
0.224904
0.339161
0.250427
0.285273
0.645968
0.0185378
0.475358
0.358916
0.471814
0.210695
0.123172
0.410534
0.0528201
0.330132
0.0381117
0.490262
0.686055
0.0391101
0.318509
0.34791
0.434517
0.306981
0.0613199
0.0018788
0.00965577
0.628713
0.154841
0.0669268
0.184043
0.281995
0.24441
0.316923
0.0629142
0.547563
0.168706
0.324657
0.161169
0.020867
0.0211882
0.0330728
0.012949
0.125714
0.20745
0.261116
0.00299909
0.133374
0.0362826
0.331802
0.46482
0.434527
0.0451467
0.514166
0.181166
0.348907
0.114569
0.329625
0.391601
0.335208
0.154135
0.17552
0.49271
0.00766079
0.00300273
0.32
0.34076
0.180144
0.222323
0.291887
0.27397
0.24382
0.522264
0.00916264
0.370409
0.181875
0.0227774
0.254668
0.210961
0.252635
0.140835
0.533
0.476334
0.129586
0.141381
0.750366
0.260027
0.00156199
0.340878
0.0204719
0.00548124
0.506173
0.0614216
0.108337
0.0897903
0.154389
0.0769731
0.409539
0.304868
0.0388705
0.619603
0.393464
0.00256065
0.249168
0.431555
0.365994
0.00804113
0.393469
0.604811
0.0948369
0.00151609
0.395052
0.307703
0.222596
0.125972
0.106531
0.5456
0.0197952
0.0392147
0.256234
0.450997
0.168044
0.0180191
0.281075
0.735943
0.106107
0.26709
0.0226526
0.144189
0.415165
0.348133
0.514084
0.354273
0.460759
0.359653
0.21242
0.163383
0.206297
0.573357
0.00221755
0.776456
0.0432976
0.0255125
0.014466
0.529619
0.371728
0.372275
0.253181
0.00108082
0.330103
0.0219524
0.102827
0.297746
0.0067933
0.149614
0.0546534
0.60331
0.0176334
0.299247
0.601421
0.0929892
0.475785
0.242904
0.407779
0.0252318
0.50385
0.261186
0.00329695
0.28027
0.501812
0.649971
0.307509
0.0350499
0.367674
0.100747
0.0577442
0.4111
0.485698
0.401132
0.313167
0.00264253
0.313152
0.00693617
0.236128
0.0307821
0.209104
0.222658
0.424283
0.303133
0.250766
0.235118
0.0914774
0.0831068
0.100752
0.1373
0.189912
0.648139
0.58291
0.0591447
0.0821951
0.369579
0.153466
0.0944139
0.572405
0.000757842
0.320138
0.0983861
0.298584
0.0256585
0.00235096
0.0506155
0.213796
0.0373165
0.0356449
0.1728
0.169335
0.106031
0.0376094
0.0397457
0.0356796
0.61116
0.166042
0.0847867
0.322534
0.546806
0.585948
0.358904
0.555529
0.406611
0.0728142
0.200118
0.508666
0.340321
0.206286
0.228074
0.41701
0.372031
0.168638
0.179805
0.0197396
0.0934203
0.633855
0.67151
0.282678
0.0849674
0.0437779
0.0250086
0.688227
0.394728
0.00293967
0.100465
0.341308
0.342468
0.123017
0.0384042
0.462344
0.351578
0.0974507
0.106419
0.454759
0.154245
0.299394
0.33596
0.647608
0.00475339
0.0278131
0.271949
0.801351
0.485122
0.224697
0.245856
0.175204
0.411805
0.148893
0.0901501
0.00911377
0.0241697
0.170749
0.0230565
0.0499941
0.633728
0.00185409
0.779477
0.0793727
0.350547
0.0128728
0.227971
0.0689113
0.270907
0.0309843
0.378863
0.127442
0.0578165
0.390901
0.0458286
0.399078
0.180542
0.624179
0.498548
0.126116
0.382057
0.487969
0.0911909
0.142858
0.00480345
0.301584
0.171186
0.17101
0.296454
0.330081
0.406635
0.208212
0.00036823
0.373902
0.364542
0.00949485
0.223966
0.104048
0.425759
0.472548
0.114262
0.000688932
0.395524
0.0440215
0.0487792
0.408356
0.300583
0.131417
0.296411
0.189579
0.572749
0.0413771
0.115907
0.0013048
0.117124
0.00710718
0.452037
0.00622333
0.00833308
0.660829
0.27805
0.0207356
0.752149
0.138604
0.00357037
0.110142
0.121162
0.076245
0.566433
0.224715
0.322532
0.0171075
0.0169157
0.390531
0.00922159
0.357153
0.101861
0.230785
0.467853
0.374653
0.0349155
0.00168715
0.00195103
0.0376608
0.000902497
0.463372
0.419165
0.121273
0.0336143
0.269135
0.326162
0.267663
0.0238345
0.244257
0.271132
0.0362809
0.00250236
0.207398
0.251378
0.437708
0.0308598
0.651268
0.327248
0.10188
0.013731
0.685183
0.46502
0.0396946
0.138446
0.130101
0.0426463
0.438365
0.0194835
0.494131
0.0129396
0.026366
0.142898
0.295126
0.508546
0.438692
0.380637
0.596321
0.46986
0.0125752
0.521089
0.626924
0.143982
0.0448187
0.0109035
0.174212
0.297945
0.0088759
0.157303
0.102088
0.585915
0.353659
0.190113
0.0503671
0.0651822
0.472014
0.62591
0.0801772
0.096878
0.36215
0.556745
0.00473859
0.508532
0.0643988
0.00203561
0.283527
0.152759
0.10167
0.0104593
0.255139
0.371435
0.0198646
0.279187
6.87989e-05
0.10126
0.101494
0.299787
0.138805
0.368041
0.0635045
0.352997
0.00557823
0.0570316
0.520429
0.0260503
0.29239
0.194877
0.279698
0.642293
0.414685
0.439996
0.435286
0.217022
0.333357
0.394217
0.00249803
0.00333015
0.324906
0.3744
0.0450603
0.362748
0.441984
0.206841
0.59083
0.424036
0.446602
0.146808
0.290317
0.581214
0.0361692
0.497861
0.356828
0.219142
0.0050439
0.00260786
0.620892
0.544512
0.450446
0.0744081
0.12051
0.00782826
0.530489
0.0540989
0.456767
0.292262
0.511788
0.00719153
0.337661
0.110543
0.284535
0.231802
0.341789
0.0201489
0.19098
0.0273424
0.119538
0.387178
0.56187
0.0663013
0.0405568
0.237994
0.31166
0.1352
0.461928
0.125427
0.464225
0.277238
0.34779
0.0353892
0.28401
0.237693
0.00210979
0.000857182
0.201987
0.0762077
0.0653637
0.40356
0.0231031
0.132352
0.0981604
0.519214
0.036852
0.506742
0.186257
0.0210279
0.0988475
0.0392545
0.136022
0.239911
0.300233
0.00768727
0.425692
0.399043
0.0209775
0.649685
0.0308214
0.0487987
0.0728747
0.145691
0.0153891
0.0564753
0.00100205
0.589382
0.555021
0.517241
0.714707
0.60579
0.571198
0.0374859
0.0852033
0.0443591
0.62968
0.00698649
0.0687732
0.570213
0.00307603
0.229733
0.645449
0.309476
0.122402
0.0936676
0.0495648
0.343425
0.00439419
0.394679
0.364928
0.0373073
0.300241
0.0334455
0.436793
0.00944465
0.0172433
0.466916
0.158844
0.172816
0.155154
0.776659
0.315552
0.0247983
0.050662
0.407482
0.0620034
0.0933926
0.00247916
0.535727
0.0618478
0.147778
0.027913
0.386943
0.108515
0.398451
0.0324182
0.353561
0.534208
0.436958
0.306683
0.0364897
0.113677
0.317344
0.243568
0.221617
0.46969
0.0696162
0.145112
0.0046735
0.460912
0.00257317
0.340194
0.414483
0.386115
0.524289
0.0415372
0.620267
0.0383785
0.21247
0.191589
0.0273049
0.243049
0.417532
0.24183
0.197223
0.574764
0.00956635
0.373995
0.455653
0.0903712
0.0429289
0.128417
0.468862
0.332954
0.0735785
0.129273
0.0544086
0.184321
0.211836
0.00259838
0.113623
0.356633
0.000633039
0.585511
0.332563
0.251487
0.760591
0.621171
0.0888893
0.439041
0.470535
0.00809726
0.214338
0.186842
0.447128
0.397219
0.294243
0.216167
0.777178
0.494722
0.0901652
0.320841
0.399094
0.392317
0.00514592
0.461761
0.270007
0.445743
0.0158717
0.0672288
0.491151
0.29784
0.00395787
0.00553787
0.0377849
0.0375495
0.16676
0.149465
0.000302076
0.0358098
0.530706
0.0198801
0.407731
0.484984
0.513493
0.753375
0.48654
0.257949
0.0155222
0.224202
0.273927
0.484486
0.00438138
0.265418
0.0546352
0.132452
0.0588681
0.375299
0.0880532
0.0433208
0.0651593
0.0371813
0.103132
0.0455839
0.514106
0.138026
0.00175359
0.499428
0.281106
0.151452
0.171307
0.627606
0.668412
0.0690985
0.17164
0.300347
0.00119916
0.170567
0.294308
0.682914
0.228655
0.484953
0.0290669
0.12259
0.379413
0.00640114
0.483737
0.265984
0.299204
0.0247548
0.00385165
0.298504
0.0265793
0.0494965
0.156325
0.52844
0.503723
0.00873998
0.434713
0.0107745
0.0255652
0.00149899
0.229933
0.0164945
0.381786
0.136909
0.210013
0.00699133
0.523838
0.319575
0.445978
0.535175
0.521115
0.256426
0.400972
0.385403
0.00247763
0.639059
0.285682
0.176537
0.0290878
0.0682932
0.026645
0.291916
0.364004
0.024267
0.323151
0.477653
0.520258
0.0174997
0.114929
0.182957
0.0146964
0.38726
0.0116178
0.531174
0.327915
0.294569
0.179548
0.270128
0.0550073
0.302019
0.283304
0.379109
0.214044
0.130385
0.271106
0.0411612
0.425929
0.140446
0.00828457
0.272729
0.301075
0.15705
0.436839
0.0214503
0.485553
0.0547814
0.47942
0.224451
0.294013
0.00413444
0.0111022
0.131908
0.00204731
0.184866
0.389779
0.253358
0.0991002
0.0593746
0.563279
0.599452
0.245284
0.128087
0.584102
0.249645
0.685372
0.578872
0.299264
0.147201
0.388843
0.305763
0.38355
0.0505157
0.553556
0.285049
0.281724
0.113579
0.131481
0.0734468
0.314018
0.132463
0.0173093
0.0130799
0.515319
0.219489
0.263717
0.136291
0.258703
0.16457
0.219382
0.190817
0.562146
0.114755
0.0051922
0.513869
0.291588
0.0247514
0.739178
0.0139515
0.475155
0.225836
0.294463
0.666215
0.706749
0.0385973
0.10268
0.0699399
0.410771
0.104596
0.201257
0.292519
0.30549
0.377733
0.363103
0.241713
0.57327
0.00299273
0.352855
0.0955836
0.177912
0.502673
0.483325
0.175817
0.389418
0.300264
0.0173258
0.0151208
0.0012381
0.395083
0.27181
0.345393
0.057383
0.00107414
0.512373
0.00835198
0.00445038
0.207448
0.748671
0.550542
0.33493
0.000612282
0.438187
0.295122
0.0525908
0.101903
0.190451
0.0513026
0.031777
0.491371
0.00387243
0.0152916
0.38066
0.00880845
0.0788731
0.157978
0.642082
0.287367
0.0920472
0.131726
0.755925
0.247729
0.382927
0.0251616
0.268545
0.218319
0.0112496
0.281932
0.564746
0.589896
0.0542493
0.361378
0.0959872
0.0416278
0.0135728
0.111339
0.480089
0.385367
0.596731
0.188059
0.340661
0.461006
0.299902
0.00017319
0.198605
0.456612
0.387996
0.506081
0.0268291
0.0138864
0.183169
0.405654
0.622262
0.33744
0.0056676
0.0510577
0.157349
0.0981507
0.0579826
0.174939
0.0743425
0.336759
0.252602
0.0120491
0.208231
0.61903
0.357509
0.0364139
0.544459
0.377757
0.324125
0.0156523
0.0242771
0.574845
0.328189
0.102039
0.670808
0.260287
0.369614
0.00187839
0.0230551
0.248244
0.166291
0.530482
0.000955079
0.0576256
0.0149862
0.000385017
0.335379
0.0389523
0.000400481
0.837933
0.312252
0.113423
0.64848
0.193882
0.249308
0.153168
0.31092
0.133994
0.0200876
0.512732
0.0409041
0.656864
0.0273822
0.175348
0.431264
0.021982
0.0953923
0.124564
0.0222458
0.266583
0.0578969
0.312697
0.169629
0.0861797
0.182281
0.121425
0.600207
0.103967
0.000918587
0.229485
0.158381
0.470252
0.10102
0.607239
0.369806
0.0267617
0.287355
0.0115072
0.0469164
0.236383
0.348619
0.278726
0.54821
0.0909122
0.353215
0.335891
0.420707
0.0438809
0.256177
0.298166
0.000171877
0.150317
0.0169348
0.0388093
0.132118
0.175799
0.128139
0.452983
0.734414
0.575358
0.486597
0.463133
0.723841
0.374971
0.522237
0.628923
0.413273
0.0946406
0.709866
0.0968047
0.00567452
0.00676933
0.515055
0.066902
0.436097
0.357991
0.0926951
0.0752487
0.0712929
0.00275294
0.45192
0.0293266
0.344429
0.021397
0.0985466
0.404399
0.252822
0.351786
0.0173702
0.544828
0.392446
0.277091
0.494384
0.00302193
0.339281
0.017219
0.021544
0.222258
0.415564
0.556064
0.0845391
0.15732
0.0171688
0.375859
0.812935
0.720121
0.17868
0.0325401
0.217752
0.0216423
0.233551
0.0127368
0.494801
0.00133826
0.320982
0.0411476
0.0798088
0.121649
0.000841536
0.0135586
0.0428188
0.0217166
0.256192
0.303986
0.415907
0.488891
0.0485263
0.374439
0.0230079
0.123806
0.326548
0.539848
0.00220649
0.0222519
0.163147
0.013344
0.291706
0.174915
0.00103075
0.0101137
0.794874
0.340649
0.00197793
0.323739
0.185888
0.31418
0.0339935
0.483209
0.0700312
0.131264
0.465034
0.268754
0.554004
0.154653
0.353648
0.093364
0.322404
0.103676
0.447462
0.143515
0.158168
0.0592978
0.288444
0.17085
0.223592
0.0976916
0.0162926
0.290263
0.146475
0.31586
0.179463
0.0363768
0.00817674
0.166285
0.00563742
0.645601
0.261537
0.391925
0.207342
0.0255557
0.00069362
0.247785
0.526142
0.621152
0.258258
0.257726
0.301186
0.0126643
0.00332482
0.0476798
0.357582
0.218429
0.00691955
0.482421
0.0569983
0.383771
0.122458
0.0600434
0.0720282
0.00809818
0.187236
0.0849282
0.00491741
0.272235
0.222172
0.28752
0.151205
0.269412
0.275928
0.187548
0.0780695
0.000874566
0.183509
0.418732
0.0176404
0.544695
0.15102
0.499503
0.010825
0.20898
0.0212268
0.213684
0.609159
0.293982
0.00671677
0.208911
0.0239515
0.106904
0.55958
0.650195
0.478776
0.356218
0.414547
0.545533
0.332822
0.293805
0.474105
0.0391916
0.259761
0.000862961
0.670061
0.279995
0.0893794
0.0951683
0.0414417
0.456833
0.716949
0.0456509
0.315752
0.583204
0.349143
0.175568
0.42284
0.241253
0.240089
0.0020072
0.398056
0.0510543
0.226195
0.298295
0.173463
0.0819358
0.121852
0.190148
0.00731162
0.144353
0.00645709
0.653955
0.425583
0.0642596
0.319489
0.219107
0.00219263
0.309533
0.686967
0.0229547
0.423741
0.072831
0.0701443
0.00978995
0.472778
0.00560277
0.0198974
0.187908
0.204087
0.457558
0.753579
0.168485
0.0609378
0.0935504
0.460272
0.0901115
0.0126017
0.0164455
0.505316
0.0591342
0.00778226
0.313263
0.0548765
0.344154
0.000639502
0.094745
0.282452
0.0748103
0.505966
0.300895
0.631569
0.610071
0.0844687
0.369348
0.109496
0.0229583
0.129907
0.100315
0.478871
0.338753
0.273122
0.108734
0.0484724
0.173646
0.675108
0.0288562
0.403597
0.0108828
0.0197907
0.257874
0.355383
0.236195
0.000533749
0.259256
0.679597
0.0160305
0.0183075
0.158168
0.305124
0.0129142
0.585985
0.032004
0.423085
0.641294
0.46013
0.301845
0.012026
0.522037
0.306563
0.474372
0.12009
0.269614
0.0367589
0.213565
0.11519
0.688359
0.356506
0.336873
0.443634
0.0889822
0.695453
0.488509
0.415101
0.281047
0.43136
0.290018
0.111048
0.2268
0.457013
0.0780635
0.108168
0.323743
0.00340716
0.243221
0.864132
0.193407
0.20067
0.106744
0.00403719
0.00858992
0.336427
0.00574188
0.0873033
0.443031
0.00133202
0.155003
0.079105
0.299052
0.178144
0.0810136
0.0718772
0.244886
0.73253
0.519262
0.458157
0.615121
0.5102
0.0138946
0.403256
0.383457
0.61155
0.38494
0.181517
0.175759
0.206654
0.00286357
0.065803
0.280106
0.720046
0.385539
0.0733756
0.0161805
0.398751
0.181842
0.00697706
0.470526
0.139753
0.666328
0.229853
0.289795
0.374104
0.110244
0.186631
0.295666
0.105472
0.555766
0.608557
0.261492
0.00128674
0.511831
0.162401
0.458856
0.300773
0.484879
0.0242625
0.0778413
0.358382
0.784711
0.00652183
0.0335018
0.0665403
0.0270178
0.0676052
0.0931286
0.292179
0.152042
0.0279136
0.288542
0.460398
0.285406
0.113659
0.267693
0.152572
0.446132
0.000620275
0.262174
0.0667047
0.302715
0.145918
0.173493
0.221291
0.0087785
0.331315
0.241884
0.0286078
0.00454232
0.00568354
0.00348495
0.00500767
0.290629
0.467085
0.0117319
0.160589
0.311113
0.0590945
0.0619783
0.00455519
0.218573
0.272753
0.240539
0.000636896
0.0298594
0.00462889
0.204146
0.286666
0.890551
0.00691126
0.477765
0.00879825
0.0220005
0.141087
0.267468
0.343003
0.000592489
0.0485341
0.00458732
0.254301
0.0732225
0.387903
0.478766
0.38187
0.048325
0.312395
0.322906
0.525189
0.635524
0.149933
0.158948
0.277992
0.339194
0.28491
0.132608
0.212816
0.0673206
0.0533275
0.0743273
0.13356
0.117092
0.603708
0.499476
0.306235
0.0208818
0.0232154
0.448445
0.083781
0.604564
0.323422
0.321138
0.287512
0.703221
0.459276
0.0110184
0.0338829
0.0340143
0.0828184
0.0151858
0.591955
0.0514679
0.186648
0.448167
0.153642
0.202022
0.179805
0.21598
0.409205
0.255941
0.380563
0.0298576
0.0536528
0.243878
0.268196
0.579706
0.443085
0.0861458
0.185945
0.509847
0.627273
0.0133976
0.0216407
0.0843884
0.0770894
0.0474637
0.0747785
0.0492467
0.404203
0.271737
0.260945
0.253835
0.369817
0.461136
0.0574797
0.750886
0.301309
0.792697
0.324073
0.647904
0.251887
0.115011
0.096328
0.164033
0.436648
0.364376
0.198035
0.570858
0.187893
0.0119867
0.298109
0.116407
0.32827
0.0319395
0.446865
0.479104
0.0531701
0.0657076
0.763258
0.497465
0.377688
0.00871711
0.0287524
0.00515289
0.293412
0.0255981
0.436985
0.255562
0.356526
0.0911541
0.124798
0.0921409
0.252025
0.165798
0.54183
0.27962
0.0624428
0.183611
0.0152679
0.000873101
0.0885572
0.286241
0.386835
0.522623
0.000244312
0.278161
0.108993
0.465455
0.293574
0.188464
0.264258
0.0119362
0.346155
0.443812
0.593472
0.591442
0.174301
0.0820686
0.119371
0.225833
0.313629
0.109287
0.0252905
0.452833
0.0693537
0.0259765
0.00982888
0.167564
0.0739544
0.0254277
0.554341
0.624785
0.474453
0.0380895
0.587041
0.39928
0.400925
0.706325
0.444176
0.556975
0.376177
0.0215813
0.0269689
0.315546
0.25304
0.33008
0.20077
0.442675
0.600246
0.110569
0.420251
0.356429
0.34672
0.250124
0.558307
0.455173
0.0676149
0.0769605
0.336799
0.00151312
0.455974
0.422075
0.605335
0.242269
0.545006
0.282909
0.326879
0.115148
0.497483
0.207653
0.152408
0.299068
0.120932
0.302699
0.0361786
0.545138
0.0365133
0.133305
0.33343
0.332243
0.0146482
0.39842
0.713947
0.0142727
0.0521526
0.109122
0.284323
0.0154968
0.239532
0.457564
0.111558
0.270253
0.434398
0.000185467
0.177958
0.116926
0.0153006
0.371287
0.124034
0.237305
0.0470046
0.0816772
0.265828
0.597642
0.325337
0.0250006
0.324147
0.00842943
0.306068
0.296106
0.100299
0.200409
0.00470774
0.365181
0.620137
0.030145
0.61015
0.335756
0.0335894
0.229821
0.50645
0.0136645
0.147415
0.0115656
0.210083
0.301521
0.201084
0.12247
0.183682
0.129606
0.189522
0.434223
0.095861
0.10427
0.354212
0.639132
0.561051
0.00930338
0.0272335
0.508748
0.192911
0.0584317
0.0292664
0.010577
0.0876373
0.0996514
0.226568
0.264104
0.229298
0.309851
0.423334
0.139672
0.201484
0.198514
0.412383
0.135118
0.192633
0.757271
0.114276
0.247716
0.311533
0.00706346
0.079088
0.00312651
0.419968
0.289553
0.388717
0.117325
0.216709
0.416696
0.0732418
5.64726e-06
0.146376
0.642752
0.326673
0.333211
0.00549618
0.478799
0.0451861
0.0876247
0.234422
0.0718764
0.573581
0.568219
0.3414
0.12787
0.0965081
0.280236
0.17878
0.22401
0.337827
0.312358
0.507531
0.15634
0.177916
0.347663
0.393131
0.103381
0.0474109
0.402969
0.253497
0.0119674
0.584069
0.400969
0.690124
0.237499
0.233129
0.228319
0.0461013
0.0850342
0.778894
0.365587
0.0420341
0.395999
0.67324
0.422017
0.246689
0.00308465
0.00150532
0.0155035
0.051831
0.0681729
0.669888
0.0211604
0.334747
0.00798418
0.254924
0.411413
0.0347959
0.578645
0.655481
0.0416117
0.248575
0.0714822
0.166552
0.256888
0.170883
0.0417991
0.0203848
0.459259
0.0678657
0.0776613
0.0829108
0.136161
0.294338
0.410103
0.443328
0.121685
0.606311
0.403071
0.0571125
0.367748
0.00966814
0.0423998
0.000140179
0.412312
0.0582927
0.00172035
0.556323
0.274174
0.109701
0.205202
0.316726
0.0497384
0.000556289
0.742013
0.024337
0.0871445
0.106585
0.358632
0.0905579
0.052174
0.0109723
0.0289119
0.0127397
0.299484
0.0362961
0.0189274
0.19723
0.269988
0.502294
0.497323
0.536982
0.0223205
0.490972
0.0179676
0.736816
0.297444
0.107565
0.431056
0.0514001
0.658865
0.0644819
0.198479
0.0181689
0.864942
0.306436
0.413148
0.0121042
0.41317
0.0750849
0.139508
0.342847
0.285866
5.23164e-05
0.157649
0.353461
0.245906
0.37188
0.18916
0.0625539
0.388209
0.0569346
0.63413
0.269738
0.0185236
0.161927
0.452587
0.0592322
0.022567
0.416356
0.0956477
0.194479
0.248449
0.395614
0.328837
0.558657
0.054863
0.00699943
0.302738
0.209328
0.0726495
0.438757
0.420067
0.317775
0.366922
0.366525
0.55781
0.253527
0.0618884
0.370069
0.0226962
0.50098
0.474075
0.298743
0.0852591
0.00650058
0.400029
0.303373
0.420617
0.493354
0.242022
0.0410317
0.472049
0.198971
0.00880862
0.271643
0.249375
0.0525576
0.31786
0.273028
0.0572628
0.0717287
0.0966372
0.321666
0.601284
0.393948
0.381562
0.197558
0.521902
0.0703483
0.0829685
0.463527
0.320983
0.269562
0.157975
0.299713
0.533385
0.259188
0.00393723
0.336259
0.0917151
0.000236586
0.228134
0.17211
0.050396
0.257332
0.112821
0.107928
0.116071
0.126272
0.171744
0.654616
0.748744
0.478977
0.0479279
0.016109
0.453322
0.10848
0.688893
0.225833
0.246706
0.178092
0.279014
0.00246854
0.0272307
0.442691
0.167857
0.396602
0.335831
0.0813837
0.499975
0.24782
0.564502
0.194666
0.339044
0.518354
0.494184
0.290072
0.103624
0.177182
0.173141
0.0515763
0.389837
0.332124
0.269029
0.0575511
0.240849
0.449373
0.556945
0.158457
0.227276
0.00527784
0.0747609
0.445991
0.109878
0.00676065
0.00380827
0.221398
0.409607
0.446202
0.00223082
0.122766
0.00674159
0.072386
0.00332422
0.4504
0.371409
0.535408
0.341324
0.0876776
0.549105
0.578663
0.0992804
0.077879
0.317604
0.0177014
0.454539
0.0187889
0.403045
0.000369462
0.580837
0.0750921
0.313311
0.171749
0.000633505
0.115876
0.118327
0.0344373
0.0514244
0.0315882
0.459884
0.61486
0.347186
0.182155
0.185053
0.00580926
0.0711689
0.21474
0.121107
0.198444
0.298416
0.255437
0.114745
0.606247
0.241973
0.114238
0.00203634
0.413696
0.0421095
0.727093
0.0257689
0.174277
0.313935
0.68314
0.234891
0.0139452
0.171444
0.0328307
0.699512
0.0291821
0.39327
0.0172454
0.540671
0.3639
0.475721
0.505706
0.0146018
0.235278
0.078319
0.013041
0.299165
0.0968282
0.440508
0.332657
0.648575
0.140293
0.00399143
0.11361
0.121873
0.115639
0.0914793
0.0152535
0.0485428
0.0811245
0.00937082
0.411864
0.292803
0.0364257
0.275875
0.0479541
0.65984
0.501806
0.322586
0.356032
0.199566
0.060267
0.296831
0.144137
0.00208866
0.249019
0.313704
0.0640145
0.46818
0.164303
0.167306
0.481254
0.263882
0.289596
0.331112
0.358698
0.216732
0.617785
0.101752
0.191034
0.0870122
0.0780711
0.417721
0.31619
0.34896
0.104057
0.313505
0.413061
0.42114
0.161145
0.0474399
0.0156175
0.487881
0.0123573
0.449547
0.00997407
0.0204575
0.730295
0.546103
0.0571446
0.348745
0.477584
0.0732151
0.125872
0.150709
0.124448
0.504567
0.0626621
0.120859
0.296625
0.237993
0.32623
0.66113
0.275163
0.337241
0.134692
0.0271278
0.478882
0.00270747
0.0991322
0.482876
0.373066
0.32193
0.231568
0.302085
0.291881
0.0275314
0.385525
0.268088
0.261151
0.358055
0.0441446
0.00273343
0.0558998
0.0686934
0.00761787
0.103799
0.4768
0.0742945
0.227273
0.507112
0.534972
0.204725
0.0866311
0.442533
0.402437
0.150159
0.0778812
0.00236829
0.37567
0.40201
0.0360022
0.296318
0.129876
0.131135
0.641285
0.226992
0.198896
0.185725
0.0942256
0.0672029
0.406324
0.497892
0.008134
0.169291
0.23872
0.0126994
0.0181171
0.056326
0.0509377
0.0921884
0.552502
0.565598
0.293504
0.216727
0.358943
0.312432
0.0645342
0.198981
0.125539
0.0549607
0.0480763
0.257816
0.498132
0.271926
0.397702
0.0110144
0.0413645
0.142483
0.392826
0.0505654
0.627701
0.31029
0.182508
0.0911805
0.432378
0.207682
0.0945392
0.205939
0.278826
0.367354
0.0188703
0.00927849
0.00446111
0.215966
0.201048
0.652235
0.115868
0.194883
0.407508
0.555983
0.0178295
0.0127475
0.320868
0.0335635
0.306549
0.597514
0.589079
0.215074
0.00263918
0.00530393
0.0808213
0.0659038
0.0559134
0.00777677
0.356895
0.0134388
0.436141
0.00566167
0.27366
0.165101
0.38153
0.0833092
0.00781431
0.291656
0.246358
0.0081372
0.320681
0.329627
0.41209
0.288766
0.47244
0.0494733
0.0920751
0.596519
0.217289
0.178466
0.235958
0.353712
0.656952
0.54613
0.196967
0.30047
0.338252
0.333698
0.34336
0.525505
0.683525
0.382571
0.0623844
0.00642609
0.00235467
0.178483
0.00376231
0.00373066
0.227941
0.0913971
0.364467
0.0461472
0.318514
0.353669
0.207794
0.29928
0.00797338
0.0915346
0.316506
0.421493
0.407229
0.267328
0.251747
0.67064
0.388745
0.489376
0.327445
0.39262
0.446326
0.315704
0.277724
0.283338
0.286545
0.377649
0.180383
0.0567565
0.559174
0.34185
0.43112
0.00610588
0.749918
0.268682
0.0453178
0.564484
0.486146
0.430173
0.272256
0.0158998
0.194521
0.544688
0.33876
0.342707
0.158392
0.0826763
0.102371
0.0151125
0.246742
0.0580239
0.51209
0.00398308
0.552142
0.00519362
0.0402816
0.0458917
0.0362141
0.0610424
0.377976
0.119289
0.0946766
0.392688
0.266157
0.159052
0.0985762
0.681188
0.327775
0.826166
0.0755771
0.236205
0.436447
0.493667
0.676945
0.00677513
0.151743
0.534021
0.194796
0.0381332
0.420528
0.0490113
0.0224358
0.292489
0.244828
0.27684
0.164313
0.600601
0.00633874
0.0896549
0.197168
0.356948
0.1265
0.315275
0.0760118
0.360175
0.0974858
0.331387
0.0344551
0.162311
0.16382
0.307208
0.00294365
0.283076
0.0327623
0.021187
0.291305
0.189058
0.193542
0.39215
0.348925
0.302714
0.461877
0.157681
0.366076
0.215768
0.512028
0.348774
0.31171
0.0379069
0.26822
0.011162
0.504492
0.0345957
0.27849
0.0156551
0.343216
0.4841
0.0786991
0.164984
0.103424
0.0399089
0.209195
0.461867
0.556196
0.00337126
0.307599
0.104567
0.0693467
0.0978274
0.076342
0.0384026
0.476748
0.472781
0.407062
0.200464
0.0834355
0.00713813
0.327411
0.250554
0.474112
0.2761
0.00847099
0.488228
0.5596
0.276577
0.27123
0.40801
0.262014
0.362915
0.295213
0.232709
0.213925
0.514404
0.205323
0.287925
0.503378
0.304056
0.216555
0.228864
0.343535
0.366291
0.489778
0.055055
0.0220815
0.0741399
0.0860915
0.00139504
0.0837315
0.000787127
0.083327
0.22774
0.0522983
0.796744
0.186233
0.356638
0.243357
0.00815391
0.817631
0.359627
0.0184265
0.187689
0.00410387
0.229876
0.0676625
0.277072
0.00728717
0.602117
0.29345
0.348948
0.1075
0.00304725
0.151425
0.045439
0.463807
0.0857301
0.0332697
0.0297233
0.000956519
0.250381
0.0108494
0.0374243
0.00213747
0.274577
0.555655
0.00497048
0.0202505
0.0125057
0.0133221
0.401818
0.200691
0.301517
0.57091
0.446508
0.0127826
0.259733
0.13304
0.0102653
0.724729
0.0835775
0.30815
0.405916
0.0179345
0.0457243
0.529563
0.0676574
0.466327
0.306415
0.0881113
0.582758
0.150483
0.4867
0.00462053
0.231613
0.354756
0.0133425
0.00185623
0.532196
0.00493028
0.575219
0.281257
0.00824265
0.295555
0.53217
0.516637
0.160332
0.426195
0.176285
0.00118398
0.0118725
0.35129
0.296158
0.45645
0.00589119
0.301612
0.0440061
0.254227
0.0163261
0.492244
0.0101306
0.629008
0.0240991
0.00638425
0.0373837
0.0952126
0.119698
0.3156
0.00430781
0.122696
0.812032
0.0863479
0.25691
0.434193
0.0732527
0.274767
0.0379257
0.334864
0.000295185
0.0258177
0.501046
0.00222924
0.247844
0.315953
0.406378
0.305188
0.280394
0.270864
0.293574
0.207101
0.152899
0.310026
0.0209051
0.760783
0.00202367
0.104369
0.0881536
0.720473
0.285866
0.0642746
0.338024
0.285552
0.278761
0.258331
0.0278503
0.365221
0.00515471
0.0144158
0.0305605
0.0254253
0.335984
0.530261
0.032015
0.000197234
0.223167
0.386153
0.198001
0.547931
0.207458
0.207027
0.340795
0.700994
0.0222517
0.116388
0.0473154
0.279479
0.606386
0.1945
0.655079
0.0878611
0.0110657
0.174952
0.425101
0.287088
0.317558
0.302016
0.418151
0.119398
0.826156
0.0204347
0.588689
0.149816
0.326623
0.181056
0.0106485
0.0234687
0.0386244
0.345297
0.0310872
0.277342
0.457016
0.273906
0.539236
0.0191201
0.0110097
0.0476242
0.844255
0.345273
0.643061
0.10613
0.00517623
0.437038
0.213749
0.36179
0.032333
0.0793313
0.464468
0.234627
0.0927325
0.017092
0.0437667
0.631485
0.00448579
0.227431
0.335135
0.511268
0.0228007
0.310575
0.264297
0.11131
0.634718
0.691992
0.270188
0.343431
0.443255
0.50282
0.0193834
0.323087
0.295043
0.021171
0.0222049
0.0258537
6.47103e-06
0.0208694
0.0434325
0.310997
0.452417
0.546371
0.300509
0.132174
0.167733
0.256118
0.420445
0.395535
0.214694
0.338342
0.00081232
0.205759
0.572246
0.80024
0.171332
0.0880688
0.00896997
0.517424
0.0827405
0.0738168
0.159357
0.000101683
0.450644
0.0495525
0.17154
0.0652331
0.457173
0.0831464
0.00150473
0.0193215
0.000254736
0.0488358
0.345769
0.016806
0.135589
0.00691891
0.491407
0.0241677
0.5237
0.287426
0.0196367
0.00398684
0.786929
0.32304
0.132331
0.37426
0.268361
0.138723
0.0108702
0.437129
0.340953
0.00280608
0.416893
0.0238124
0.156078
0.00843589
0.659988
0.311032
0.00898991
0.134524
0.280323
0.440256
0.0012997
0.00150457
0.397763
0.277434
0.283673
0.241213
0.296007
0.486854
0.166564
0.384263
0.0194842
0.661334
0.113067
0.0203975
0.229028
0.31255
0.00677001
0.00400658
0.00564769
0.0497832
0.423236
0.291051
0.397842
0.254618
0.201109
0.169912
0.150909
0.55988
0.00448625
0.508537
0.00203347
0.422134
0.465828
0.322435
0.123138
0.311531
0.00383568
0.296445
0.266302
0.458382
0.332057
0.377905
0.464638
0.0668646
0.532262
0.0155323
0.549493
0.502681
0.0156307
0.348378
0.340197
0.341077
0.107831
0.207839
0.101359
0.326469
0.00291353
0.174756
0.280954
0.174938
0.430333
0.332537
0.00525871
0.375669
0.272819
0.3968
0.017657
0.0210474
0.17161
0.0300793
0.57828
0.000767223
0.00667206
0.393028
0.43012
0.0995691
0.217084
0.000205889
0.00011446
0.19561
0.649637
0.106235
0.231652
0.699393
0.274307
0.000577812
0.519197
0.0471119
0.04934
0.0967573
0.658799
0.0339691
0.0220719
0.198948
0.271622
0.459496
0.0173381
0.534133
0.0132491
0.0287047
0.726338
0.201767
0.259905
0.144265
0.550171
0.400893
0.300528
0.423257
0.0286503
0.00164809
0.0282116
0.334607
0.0198924
0.0114053
0.258444
0.337948
0.00130633
0.160377
0.108371
0.480366
0.577373
0.170554
0.32878
0.605552
0.276566
0.0732411
0.31144
0.365449
0.0488193
0.531517
0.0327553
0.00101307
0.00314087
0.0271704
0.309521
0.599236
0.0837999
0.038293
0.631927
0.176074
0.422092
0.0285885
0.0315128
0.0867565
0.0154627
0.315147
0.693754
0.0953164
0.463288
0.664949
0.34958
0.431025
0.331644
0.112479
0.0449157
0.319101
0.357298
0.031885
0.245013
0.311854
0.00132565
0.062705
0.513988
0.290412
0.530021
0.196268
0.139625
0.489489
0.404095
0.127434
0.299853
0.433333
0.158925
0.314699
0.331209
0.521371
0.38874
0.316395
0.0172931
0.081246
0.284573
0.129793
0.139937
0.10486
0.368869
0.273707
0.182834
0.248423
0.0649323
0.031519
0.08848
0.534473
0.686675
0.00510429
0.315011
0.644664
0.00739395
0.229802
0.0509141
0.137044
0.073259
0.0161564
0.0525636
0.489066
0.595641
0.148668
0.00437927
0.491349
0.142519
0.402819
0.195373
0.0531897
0.233175
0.271408
0.366467
0.277629
0.0233059
0.196914
0.699736
0.314294
0.00754988
0.311008
0.105149
0.542513
0.486315
0.351783
0.00426684
0.0578718
0.302748
0.764425
0.315968
0.75894
0.300318
0.129582
0.149322
0.223064
0.276062
0.2017
0.135006
0.218622
0.075524
0.0485535
0.639265
0.568732
0.424706
0.194413
0.800659
0.291922
0.31128
0.18069
0.00289515
0.0232276
0.257144
0.513436
0.405089
0.129088
0.00126195
0.176047
0.333673
0.469384
0.391956
0.360374
0.532212
0.226269
0.48462
0.365097
0.00356001
0.6789
0.436121
0.280723
0.0792771
0.516162
0.474047
0.0660475
0.557444
0.519493
0.10846
0.129687
0.470146
0.0755687
0.436578
0.241373
0.250264
0.541981
0.175923
0.0363384
0.014179
0.0438208
0.280633
0.176679
0.714621
0.576396
0.527444
0.232511
0.00440664
0.0541226
0.238694
0.0464715
0.503405
0.364237
0.191106
0.610776
0.0289932
0.0232663
0.010045
0.10208
0.435126
0.464641
0.0347756
0.373981
0.32069
0.0040891
0.180007
0.0133092
0.186011
0.261402
0.265748
0.504194
0.041629
0.154151
0.225072
0.0614383
0.0554654
0.00132239
0.197664
0.0256871
0.258522
0.0815919
0.288418
0.011924
0.267241
0.153618
0.12487
0.0589702
0.212796
0.288143
0.355821
0.0138759
0.383421
0.644155
0.0135703
0.162466
0.0729833
0.423894
0.210417
0.440124
0.287766
0.164344
0.313177
0.2936
0.399955
0.607313
0.104351
0.162186
0.321723
0.647303
0.0489071
0.483138
0.0770311
0.286638
0.40661
0.00596833
0.592408
0.014239
0.120843
0.0675171
0.000167449
0.519883
0.263514
0.264093
0.18926
0.030544
0.187439
0.267462
0.339407
0.0080169
0.00503796
0.220537
0.00368705
0.00847568
0.0118087
0.266012
0.299039
0.240591
0.0709475
0.293578
0.723142
0.15243
0.496616
0.209302
0.547294
0.0561182
0.0548511
0.350246
0.378769
0.102447
0.303022
0.312853
0.402876
0.467587
0.0024782
0.613472
0.301807
0.22629
0.329405
0.8252
0.272122
0.039653
0.000740849
0.0181283
0.396056
0.0329122
0.151991
0.19048
0.276004
0.37783
0.535126
0.299467
0.189927
0.610498
0.026496
0.600888
0.358537
0.477677
0.0646107
0.0149307
0.0965022
0.143263
0.279612
0.35681
0.430121
0.647497
0.0297845
0.0844165
0.0168994
0.236172
0.334044
0.139379
0.235784
0.212287
0.00642193
0.336937
0.333322
0.656515
0.764493
0.693326
0.0242288
0.291652
0.452581
0.014098
0.488863
0.118533
0.0799174
0.05315
0.349026
0.423116
0.34788
0.290317
0.0191889
0.309024
0.397029
0.00378816
0.299686
0.0294508
0.524435
0.0901711
0.256557
0.368145
0.378327
0.417758
0.413725
0.0419301
0.225122
0.507187
0.335208
0.417571
0.513773
0.084088
0.527901
0.00268656
0.134729
0.301961
0.0112343
0.348163
0.251219
0.217526
0.319173
0.0698279
0.00997079
0.00158416
0.111723
0.335377
0.34653
0.0202573
0.300283
0.124212
0.00545104
0.0038545
0.506075
0.461425
0.257798
0.333674
0.165435
0.0430769
0.480436
0.0813925
0.000316146
0.158577
0.273143
0.361071
0.100403
0.119463
0.335799
0.0414716
0.46049
0.241861
0.274809
0.15215
0.0705376
0.498314
0.300084
0.645442
0.049379
0.371849
0.189539
0.444455
0.0249393
0.084335
0.000310318
0.0388568
0.525767
0.00316868
0.68902
0.477365
0.114838
0.11625
0.0972333
0.318642
0.547858
0.577775
0.244463
0.455613
0.135016
0.479596
0.465656
0.504287
0.338179
0.286237
0.000939966
0.140713
0.00313922
0.383695
0.168284
0.16259
0.549415
0.225259
0.359225
0.0459882
0.388664
0.251484
0.203371
0.0845389
0.176522
0.214874
0.398792
0.141569
0.295273
0.511396
0.0997467
0.18696
0.191045
0.33235
0.268247
0.0573827
0.237356
0.236605
0.0780653
0.32998
0.00200668
0.000239927
0.109237
0.513065
0.266027
0.562379
0.0159419
0.072123
0.0394833
0.461048
0.00637896
0.446514
0.0594891
0.180066
0.554457
0.26684
0.369328
0.517411
0.0171415
0.0930964
0.279509
0.440329
0.0420092
0.200663
0.479208
0.302205
0.504043
0.247933
0.422107
0.32703
0.120207
0.0305098
0.198868
0.181173
0.516836
0.147697
0.353171
0.0494147
0.364685
0.4627
0.113742
0.113777
0.000915496
0.572649
0.0430734
0.0144223
0.500174
0.649406
0.289196
0.154298
0.399258
0.224326
0.0378054
0.691694
0.292785
0.197783
0.135079
0.464965
0.376976
0.201544
0.00150789
0.0603788
0.43079
0.00803715
0.296797
0.315256
0.420721
0.0210644
0.120783
0.0323752
0.0668591
0.216505
0.130454
0.0183318
0.0324466
0.328454
0.15965
0.285789
0.0789236
0.29806
0.0144195
0.0042387
0.0129508
0.0756308
0.664932
0.0988622
0.0980091
0.0256811
0.0737328
0.433558
0.0856862
0.0771549
0.0209578
0.329512
0.27853
0.0601195
0.0219314
0.258977
0.291465
0.0031829
0.347571
0.0510292
0.373335
0.059412
0.114557
0.16928
0.468555
0.241099
0.541576
0.757728
0.307323
0.00110037
0.514764
0.260501
0.272212
0.00797233
0.00265502
0.441396
0.0189691
0.0510345
0.0316671
0.119903
0.0762481
0.00280818
0.0119444
0.545075
0.360107
0.00719496
0.00508283
0.659329
0.429125
0.623836
0.472368
0.451818
0.0303122
0.278563
0.267212
0.279359
0.487261
0.00551917
0.0848849
0.27254
0.331127
0.326213
0.0320575
0.16596
0.181865
0.37652
0.596505
0.469568
0.225433
0.033282
0.29032
0.285587
0.48657
0.74348
0.190029
0.400789
0.673918
0.168167
0.0461187
0.651316
0.630628
0.000457639
0.00336602
0.00157638
0.0142612
0.0326164
0.443643
0.476017
0.288235
0.302365
0.248078
0.568805
0.152343
0.0683659
0.0734111
0.217705
0.086101
0.450767
0.00502202
0.353597
0.524607
0.141579
0.464349
0.149473
0.310561
0.150732
0.383242
0.0127498
0.737228
0.42654
0.119383
0.0373923
0.302964
0.146999
0.377352
0.176402
0.257973
0.402747
0.0411331
0.512001
0.672833
0.222306
0.325514
0.305898
0.00428828
0.401229
0.209742
0.00519941
0.121158
0.0450385
0.356553
0.382281
0.0516003
0.00385926
0.306103
0.143791
0.234381
0.0427123
0.00455147
0.00426785
0.00550655
0.113817
0.0237705
0.150544
0.276228
0.131257
0.216387
0.551932
0.454555
0.220964
0.286726
0.0668978
0.00801759
0.415031
0.295369
0.224505
0.0202213
0.0958797
0.327792
0.0803524
0.00885133
0.424838
0.275619
0.0250971
0.237774
0.360682
0.0940657
0.0206107
0.450237
0.666362
0.00570616
0.0253627
0.16707
0.0964497
0.13583
0.654485
0.0239848
0.12703
0.00372696
0.24515
0.10494
0.277111
0.00851782
0.196344
0.00462888
0.390918
0.513827
0.0830432
0.213569
0.0876839
0.44527
0.557791
0.494172
0.30531
0.0352176
0.00357355
0.119446
0.167237
0.475561
0.0807098
0.610068
0.0200225
0.269601
0.217999
0.112644
0.125303
0.166991
0.467997
0.358433
0.290788
0.658807
0.383317
0.0823256
0.106313
0.813929
0.0400243
0.299571
0.144568
0.297428
0.0896059
0.37034
0.376272
0.491373
0.169695
0.00691543
0.515144
0.523948
0.438208
0.231689
0.27799
0.055268
0.452866
0.127273
0.235748
0.219874
0.320853
0.567009
0.25842
0.597708
0.334707
0.00621199
0.426773
0.159427
0.368741
0.0422799
0.1175
0.00226913
0.00278177
0.0669019
0.576154
0.175097
0.0759881
0.413973
0.424236
0.0296507
0.3453
0.00575308
0.578799
0.0969832
0.532983
0.00182333
0.0192152
0.255838
0.00474847
0.359157
0.451568
0.314768
0.317402
0.206407
0.323184
0.163904
0.41747
0.326968
0.404895
0.197709
0.00157093
0.391418
0.223826
0.221126
0.480486
0.372496
0.111244
0.208041
0.0932548
0.425321
0.390393
0.534441
0.297688
0.444464
0.141055
0.454053
0.139673
0.245527
0.00277368
0.103012
0.447127
0.298662
0.285113
0.645689
0.476844
0.223885
0.397743
0.264059
0.526461
0.0167137
0.0598576
0.416402
0.26278
0.114988
0.321224
0.491655
0.0309075
0.0015634
0.339741
0.181669
0.491185
0.202529
0.346735
0.10332
0.476291
0.512133
0.435436
0.432569
0.422917
0.0843763
0.764752
0.314847
0.404829
0.0806345
0.0467117
0.0922749
0.084354
0.239367
0.127031
0.432197
0.325958
0.216997
0.764014
0.41942
0.20026
0.350492
0.0689715
0.372013
0.0861748
0.0658219
0.454592
6.30175e-05
0.355563
0.400842
0.0969963
0.67399
0.00131012
0.00146057
0.348999
0.59036
0.158469
0.553923
0.0968602
0.260096
0.30548
0.479709
0.409052
0.072989
0.258206
0.00732648
0.0446081
0.000126935
0.456978
0.00904394
0.46086
0.249978
0.34808
0.680304
0.384589
0.351499
0.227466
0.530678
0.458813
0.0616004
0.0133886
0.530185
0.270674
0.0567994
0.0280352
0.00262855
0.236061
0.492926
0.198391
0.0102007
0.0779963
0.0294598
0.0941503
0.258115
0.0228928
0.0278646
0.226413
0.21899
0.119361
0.353582
0.234088
0.391555
0.198525
0.486379
0.0462654
0.369129
0.280617
0.0525095
0.0399568
0.26499
0.255235
0.00399442
0.359755
0.17786
0.630683
0.779089
0.00268725
0.502429
0.466631
0.428322
0.185037
0.0169349
0.0917419
0.21824
0.642217
0.00305353
0.589915
0.540912
0.218033
0.321337
0.11536
0.0257728
0.164591
0.443122
0.0432541
0.0759795
0.0879728
0.035693
0.189772
0.0226478
0.555344
0.0201762
0.0313452
0.222412
0.282726
0.317255
0.258294
0.00657662
0.124861
0.331535
0.301878
0.127975
0.561766
0.0833858
0.0693407
0.277914
0.62906
0.21973
0.768256
0.621522
0.779341
0.43991
0.135572
0.00534943
0.350801
0.0761121
0.00158236
0.00707853
0.566549
0.495169
0.0544792
0.569982
0.335999
0.132808
0.271826
0.0248613
0.00172051
0.00791481
0.165273
0.568762
0.0145922
0.102791
0.0158445
0.0793361
0.272219
0.45716
0.490194
0.110214
0.38159
0.743527
0.110367
0.36931
0.347921
0.418627
0.123799
0.394266
0.490235
0.0327497
0.0227793
0.364613
0.192414
0.827435
0.354756
0.208462
0.102561
0.183517
0.0407867
0.257854
0.590535
0.29234
0.386019
0.587942
0.468668
0.270024
0.614625
0.0166917
0.0175131
0.15832
0.030143
0.475804
0.486147
0.41675
0.039968
0.00357313
0.444854
0.292127
0.363373
0.153506
0.0489835
0.605408
0.125774
0.0610151
0.251743
0.00947131
0.0637952
0.0117622
0.0912229
0.149775
0.0055559
0.330441
0.221775
0.186481
0.678025
0.138113
0.150868
0.320717
0.0183101
0.275441
0.594236
0.632781
0.276731
0.408557
0.462875
0.211779
0.609968
0.476622
0.375352
0.0492538
0.00662163
0.203757
0.208324
0.467845
0.0291194
0.2609
0.53796
0.00453562
0.194213
0.113459
0.362435
0.288712
0.0179053
0.313488
0.313829
0.229154
0.152477
0.493999
0.284938
0.0973953
0.487992
0.229248
0.0837201
0.657212
0.388846
0.0272545
0.460301
0.526905
0.289175
0.469956
0.408697
0.39166
0.378437
0.249252
0.437412
0.364159
0.130141
0.409383
0.297837
0.158801
0.456836
0.236839
0.0050739
0.102663
0.421405
0.131289
0.0102276
0.419442
0.342177
0.0134767
0.422069
0.795053
0.00334375
0.159735
0.532233
0.721224
0.341924
0.257827
0.0239631
0.0603994
0.056381
0.29073
0.376949
0.336319
0.0133042
0.313826
0.0144932
0.112878
0.439471
0.0445144
0.0882138
0.0395867
0.256739
0.527303
0.495076
0.0268923
0.466155
0.052314
0.242464
0.00132772
0.403005
0.305647
0.0171663
0.000224948
0.101386
0.554931
0.0314052
0.481825
0.256572
0.373853
0.330809
0.329237
0.293514
0.00445114
0.0985136
0.0300372
0.0697339
0.190466
0.268009
0.0034109
0.186983
0.320761
0.0808091
0.0356725
0.137456
0.4118
0.491975
0.294207
0.62351
0.26278
0.338993
0.440904
0.7314
0.043834
0.42323
0.0198066
0.018951
0.168957
0.0135605
0.106467
0.525177
0.0713762
0.0541801
0.781279
0.110737
0.291096
0.00952661
0.32976
0.341425
0.0158756
0.00291407
0.122738
0.00978568
0.449198
0.465038
0.255457
0.188216
0.681072
0.0838147
0.00870695
0.55079
0.149637
0.0127766
0.0650467
0.414717
0.18688
0.491756
0.0636147
0.0298223
0.0414219
0.417392
0.0487916
0.486337
0.532956
0.0609763
0.317438
0.00477786
0.00656086
0.303002
0.755457
0.696964
0.352242
0.509826
0.0400249
0.0101597
0.117795
0.0770097
0.152101
0.406868
0.0786009
0.0172996
0.420712
0.163722
0.00939699
0.00170314
0.131994
0.00886498
0.326056
0.101841
0.0425763
0.0619119
0.117309
0.0064909
0.476247
0.000108688
0.000765259
0.131044
0.297348
0.206875
0.560611
0.263695
0.00297207
0.392799
0.0450545
0.58321
0.353129
0.231942
0.000544332
0.0942629
0.266911
0.286297
0.531188
0.213562
0.0052645
0.467621
0.408917
0.299243
0.0107104
0.131618
0.386461
0.30751
0.035392
0.721568
0.421653
0.339577
0.507078
0.0508955
0.387382
0.0500832
0.487898
0.323759
0.376264
0.246782
0.008762
0.452208
0.343205
0.214728
0.0869374
0.00445539
0.102796
0.119043
0.500242
0.177914
0.00479806
0.0779071
0.334487
0.236438
0.0107411
0.00703557
0.20352
0.619975
0.261904
0.0176971
0.345985
0.0358248
0.512485
0.606027
0.431735
0.46799
0.078732
0.0329228
0.509314
0.0268153
0.18426
0.0722184
0.259649
0.150875
0.387947
0.0526167
0.0620678
0.343135
0.469147
0.251152
0.602242
0.00144901
0.425822
0.236
0.0991132
0.0220065
0.0200911
0.149044
0.486227
0.43471
0.0222539
0.685442
0.609134
0.109412
0.111045
0.123929
0.529029
0.380916
0.216629
0.0510907
0.213596
0.10486
0.606886
0.368753
0.107206
0.112458
0.337422
0.305291
0.315264
0.48129
0.618583
0.131706
0.322126
0.239791
0.702059
0.126049
0.448571
0.724046
0.280981
0.608714
0.0864305
0.54162
0.059269
0.640652
0.419767
0.000532939
0.033605
0.296499
0.599421
0.581329
0.670862
0.0806575
0.00469748
0.150983
0.457581
0.214891
0.00133267
0.162133
0.449252
0.753988
0.144643
0.279343
0.659041
0.531086
0.0812019
0.00396335
0.532082
0.106916
0.359348
0.277083
0.0492349
0.171104
0.0104653
0.00597003
0.477316
0.417885
0.236193
0.746913
0.314567
0.293787
0.000797985
0.336325
0.0693372
0.582795
0.00183859
0.762181
0.291082
0.583242
0.559546
0.24769
0.318053
0.46928
0.434618
0.0250556
0.0503462
0.0146468
0.337788
0.642082
0.134601
0.00635901
0.156337
0.104829
0.274205
0.00384727
0.792905
0.052872
0.310728
0.0011064
0.00342562
0.404885
0.056808
0.292392
0.553847
0.458826
0.236677
0.309065
0.148433
0.258225
0.269891
0.0613891
0.0734004
0.0366144
0.109124
0.18357
0.287585
0.214729
0.53138
0.0892673
0.247365
0.315645
0.290057
0.0676713
0.0447546
0.512719
0.628951
0.251171
0.0336859
0.483831
0.590705
0.564312
0.00932654
0.0855191
0.0441748
0.164389
0.0235134
0.10315
0.30971
0.372731
0.0013002
0.429939
0.419848
0.364291
0.105041
0.136726
0.0861723
0.12896
0.00096109
0.288281
0.522372
0.745602
0.52614
0.0212022
0.272473
0.506072
0.00924335
0.0126772
0.547565
0.441658
0.296846
0.519688
0.351144
0.90926
0.22091
0.533699
0.556714
0.000486569
0.0432781
0.632964
0.359787
0.619656
0.0530412
0.419474
0.0702471
0.000428122
0.578234
0.328519
0.203733
0.310801
0.388743
0.0710634
0.30519
0.186771
0.436361
0.281902
0.0301574
0.373424
0.301099
0.00024256
0.0572138
0.329071
0.553753
0.409926
0.336568
0.187707
0.243
0.414619
0.220812
0.0268227
0.0879863
0.0440468
0.26869
0.34015
0.0288606
0.351159
0.307382
0.00969393
0.086139
0.379054
0.242989
0.00134863
0.509711
0.238451
0.392901
0.621122
0.182228
0.555857
0.599543
0.203749
0.482809
0.139895
0.261464
0.405228
0.409818
0.205215
0.0921987
0.18359
0.605958
0.542437
0.529951
0.0403834
0.0102629
0.0188245
0.144967
0.510129
0.383851
0.264033
0.233343
0.302031
0.0804449
0.563889
0.226121
0.231851
0.195855
0.218423
0.202952
0.139045
0.154852
0.0732321
0.348094
0.104561
0.0698308
0.0182805
0.323961
0.114714
0.00031828
0.191383
0.0100091
0.32983
0.308945
0.290729
0.341742
0.1211
0.302432
0.422397
0.527035
0.0909741
0.401721
0.286094
0.548184
0.307567
0.412136
0.292693
0.0363773
0.540272
0.556537
0.145973
0.575958
0.436767
0.0880845
0.0321225
0.0742327
0.370262
0.24231
0.251237
0.0448228
0.157463
0.360344
0.0245259
0.051297
0.0985614
0.054991
0.0440847
0.63098
0.12625
0.168209
0.225262
0.0820773
0.380502
0.0250009
0.573355
0.328519
0.0895442
0.00938041
0.174524
0.597017
0.161092
0.160856
0.0357861
0.0472102
0.231272
0.351551
0.0245245
0.0126397
0.383058
0.0680781
0.00169348
0.502258
0.274368
0.00197286
0.470776
0.368606
0.379776
0.529071
0.481099
0.053085
0.00181973
0.675148
0.143652
0.497961
0.224976
0.0647299
0.0415145
0.229954
0.274764
0.273368
0.387937
0.0593242
0.287912
0.287888
0.467512
0.0387779
0.485228
0.091391
0.348388
0.513472
0.0493289
0.530642
0.0743149
0.104372
0.578451
0.0842226
0.347561
0.650974
0.219257
0.506234
0.553877
0.214541
0.0321659
0.260673
0.0944746
0.201175
0.312131
0.067298
0.337275
0.0695464
0.295734
0.23108
0.0193403
0.156442
0.525014
0.551159
0.159988
0.206888
0.405025
0.288204
0.27275
0.250749
0.309504
0.00227972
0.562758
0.0330816
0.111246
0.562042
0.0673985
0.0616072
0.396553
0.583259
0.301902
0.000430467
0.329172
0.00094507
0.359463
0.102829
0.00622789
0.0369613
0.273951
0.135274
0.358711
0.542678
0.331763
0.158148
0.0138133
0.0424221
0.0145001
0.0516116
0.198379
0.711053
0.200795
0.306566
0.315053
0.502126
0.0306118
0.046701
0.0301725
0.0951091
0.0519578
0.119958
0.202788
0.443365
0.0659096
0.38533
0.307135
0.121459
0.00645982
0.0245262
0.0272814
0.467152
0.00518302
0.336221
0.626151
0.268777
0.00181803
0.578831
0.0858437
0.217485
0.625113
0.544526
0.0164708
0.218187
0.395803
0.235647
0.418694
0.0792676
0.022456
0.219999
0.165001
0.51123
0.0144407
0.399785
0.102115
0.0112698
0.106683
0.138461
0.0291852
0.00282265
0.345868
0.323817
0.106552
0.691537
0.075675
0.262602
0.155133
0.318232
0.462955
0.152003
0.0287203
0.243737
0.356294
0.576175
0.473073
0.309127
0.0127486
0.516286
0.0701048
0.162369
0.0270492
0.445124
0.363704
0.029312
0.00093378
0.0650745
0.0798898
0.307559
0.0590109
0.349557
0.325078
0.627454
0.334839
0.314245
0.0856612
0.350109
0.595774
0.359552
0.424844
0.00120501
0.238237
0.381353
0.0385142
0.00432145
0.145212
0.154429
0.386049
0.226139
0.304691
0.0456132
0.323139
0.396596
0.00444029
0.0102077
0.214031
0.0283455
0.606649
0.374996
0.156781
0.258649
0.155593
0.351514
0.0124048
0.307771
0.0750117
0.100694
0.0314846
0.0234295
0.201358
0.074444
0.141127
0.555793
0.338888
0.380011
0.0858405
0.00305042
0.499221
0.0253275
0.175407
0.253756
0.221832
0.516067
0.0246601
0.602654
0.279054
0.321894
0.605282
0.00551991
2.29366e-05
0.00540301
0.354847
0.52552
0.270456
0.469783
0.0155031
0.468426
0.297979
0.225799
0.113952
0.325251
0.382918
0.583489
0.394941
0.0132029
0.281087
0.304485
0.514008
0.03904
0.229775
0.258698
0.633351
0.220503
0.407005
0.499252
0.303369
0.189961
0.0248505
0.0412324
0.0648074
0.313043
0.553369
0.0754136
0.011321
0.343564
0.423438
0.201993
0.206257
0.616771
0.0341772
0.355824
0.272142
0.256664
0.575568
0.0153818
0.319236
0.0646098
0.450479
0.484557
0.0248805
0.283487
0.389488
0.13874
0.0644919
0.296652
0.000554553
0.40234
0.458322
0.47969
0.362928
0.376859
0.0987081
0.0209775
0.0888029
0.302545
0.338146
0.0810779
0.127417
0.000365302
0.013367
0.412223
0.13122
0.225875
0.469687
0.443938
0.375103
0.235584
0.374075
0.140237
0.231287
0.471097
0.53365
0.0897265
0.690492
0.084411
0.0581286
0.000246126
0.246839
0.577123
0.649037
0.228566
0.69608
0.208105
0.516596
0.0227237
0.37517
0.325354
0.148366
0.373829
0.211891
0.0368842
0.00258986
0.239373
0.0676919
0.629793
0.527073
0.0030907
0.0499227
0.752872
0.00430394
0.235085
0.700045
0.0517194
0.101886
0.0904641
0.250469
0.397783
0.518103
0.319478
0.423597
0.128843
0.291735
0.00407176
0.645493
0.813539
0.1677
0.220652
0.4806
0.573857
0.0389216
0.241461
0.29355
0.000741838
0.562622
0.334218
0.0710227
0.116896
0.00335234
0.533196
0.0807102
0.208119
0.270637
0.363372
0.0954271
0.120862
0.0186665
0.126277
0.63268
0.271629
0.154694
0.0238617
0.620422
0.7235
0.268414
0.229375
0.00792915
0.443058
0.0231703
0.0838581
0.0615746
0.450078
0.00385381
0.543769
0.15298
0.313064
0.0830806
0.352392
0.507954
0.138822
0.573042
0.234235
0.24071
0.116007
7.28097e-05
0.00720642
0.552024
0.618961
0.0689016
0.119663
0.0152687
0.114931
0.419393
0.0763436
0.425195
0.107882
0.227739
0.164536
0.00516095
0.320251
0.3036
0.303672
0.0853242
0.000384675
0.175824
0.428838
0.185065
0.185201
0.0475918
0.176327
0.0541867
0.304341
0.0037423
0.000221546
0.349335
0.0910825
0.100396
0.031259
0.167131
0.208344
0.212958
0.0390925
0.183855
0.12112
0.544798
0.810695
0.133704
0.0601498
0.26033
0.01477
0.610164
0.146566
0.304085
0.120295
0.000458279
0.41757
0.0462464
0.0205805
0.485198
0.258021
0.125717
0.287112
0.413012
0.216209
0.198663
0.12006
0.0214935
0.112126
0.0422578
0.241648
0.000407908
0.0577495
0.504192
0.30553
0.339818
0.609526
0.386635
0.186621
0.4285
0.208755
0.394034
0.389005
0.032174
0.0553771
0.188838
0.428879
0.298309
0.469557
0.240269
0.0617562
0.425107
0.544702
0.444316
0.000931176
0.366145
0.178198
0.281049
0.0284912
0.322268
0.27799
0.317409
0.51575
0.566836
0.110254
0.277694
0.677338
0.220261
0.363398
0.0320729
0.0136323
0.577134
0.00480107
0.224982
0.442588
0.545736
0.0656199
0.169494
0.293476
0.0018078
0.121932
0.0178271
0.597311
0.374003
0.00480965
0.505875
0.178663
0.00750383
0.0363887
0.0867931
0.339604
0.179651
0.532351
0.209119
0.131707
0.526988
0.108371
0.29092
0.114093
0.29551
0.383012
0.530489
0.0776495
0.194816
0.234279
0.287177
0.347358
0.362582
0.750238
0.727023
0.286939
0.19451
0.276001
0.0104286
0.0129023
0.35129
0.00993265
0.0139699
0.103648
0.196956
0.560598
0.58084
0.25358
0.316162
0.27742
0.4382
0.0032407
0.0750784
0.282028
0.443796
0.0106473
0.159771
0.146854
0.280588
0.024828
0.229997
0.00918712
0.0469421
0.259945
0.222753
0.526714
0.100475
0.0389263
0.391528
0.027351
0.310941
0.478204
0.650615
0.0752496
0.247699
0.516669
0.321048
0.0813873
0.0828371
0.569051
0.0755893
0.314087
0.440887
0.113024
0.531482
0.00598703
0.040412
0.179921
0.178073
0.412084
0.183967
0.00394965
0.365533
0.0195809
0.0017762
0.237713
0.408997
0.127916
0.382084
0.292071
0.0630185
0.294396
0.336021
0.465529
0.189854
0.177269
0.455622
0.00417112
0.269203
0.286015
0.0690944
0.364278
0.0857747
0.129172
0.0607198
0.0789316
0.189386
0.0018456
0.00392009
0.00498205
0.501823
0.387019
0.198948
0.258782
0.350666
0.277059
0.56587
0.206341
0.278233
0.535552
0.518748
0.00207049
0.262223
0.0302975
0.0116011
0.373426
0.306387
0.308804
0.240995
0.0984467
0.0354879
0.0937132
0.414125
0.0190077
0.242837
0.000785361
0.235901
0.136324
0.394646
0.397292
0.416221
0.0399184
0.602706
0.357594
0.0670528
0.323122
0.455429
0.357737
0.0137669
0.216963
0.190255
0.207773
0.29177
0.0421798
0.272906
0.0223115
0.266828
0.515626
0.201665
0.206468
0.188472
0.397839
0.638546
0.345917
0.106104
0.314667
0.270157
0.117801
0.413016
0.0614659
0.281594
0.389914
0.14547
0.00271777
0.315843
0.274869
0.000470236
0.0791356
0.0388369
0.227574
0.152695
0.596902
0.0465963
0.0376647
0.00926482
0.25265
0.303356
0.147847
0.00990524
0.198919
0.0326226
0.550516
0.296872
0.405118
0.111488
0.329955
0.475533
0.346099
0.166581
0.339796
0.0208086
0.054579
0.116289
0.308199
0.00135729
0.0482064
0.0876433
0.33776
0.395673
0.0298654
0.00112457
0.278012
0.011115
0.0147636
0.166306
0.225088
8.91481e-05
0.00901063
0.205307
0.0468855
0.640081
0.325234
0.216432
0.506983
0.138498
0.0329745
0.276056
0.226467
0.413361
0.000949376
0.651927
0.539054
0.255798
0.067839
0.0545088
0.285844
0.225198
0.163568
0.384073
0.584003
0.190938
0.091944
0.541972
6.42739e-05
0.312143
0.421775
0.353035
0.690469
0.106163
0.391453
0.360644
0.0599841
0.516356
0.334646
0.0418682
0.0159088
0.0690178
0.0319211
0.539865
0.021262
0.421787
0.0142996
0.0952752
0.323053
0.0367321
0.193948
0.0361934
0.432362
0.347362
0.533092
0.0835952
0.0827717
0.55147
0.048266
0.758664
0.295249
0.477728
0.610855
0.090344
0.413845
0.767418
0.0615369
0.305507
0.0404963
0.00753122
0.219942
0.513262
0.0466551
0.253255
0.489693
0.00769617
0.279265
0.612638
0.181574
0.0183912
0.371132
0.0482256
0.0574455
0.0765454
0.239306
0.0030851
0.344383
0.139018
0.612898
0.152598
0.0425032
0.224746
0.533538
0.187328
0.228874
0.434395
0.546193
0.856882
0.0191474
0.301899
0.0669664
0.153253
0.0823876
0.360679
0.238176
0.343086
0.294599
0.128627
0.463256
0.485838
0.256171
0.18153
0.291058
0.399171
0.0317727
0.241181
0.364506
0.00972378
0.213999
0.271848
0.00129734
0.567884
0.206913
0.461762
0.205233
0.463479
0.274759
0.278892
0.0117225
0.564243
0.490469
0.122146
0.406615
0.0543367
0.349355
0.461198
0.391854
0.192038
0.179275
0.486491
0.0950428
0.0248621
0.0128256
0.448647
0.539351
0.479969
0.250466
0.2189
0.0237968
0.0984099
0.311573
0.0099517
0.0715268
0.00734528
0.155593
0.741224
0.543678
0.160461
0.322828
0.339443
0.0721627
0.143289
0.268092
0.116551
0.212691
0.185952
0.212426
0.219752
0.299808
0.366847
0.266225
0.044472
0.503381
0.135692
0.179607
0.476578
0.0247909
0.0195488
0.14678
0.13421
0.377693
0.335872
0.0315409
0.0532812
0.302125
0.615391
0.0988701
0.0215997
0.0801356
0.319408
0.293175
0.13601
0.040665
0.00160607
0.527115
0.12298
0.26419
0.318921
0.140227
0.515738
0.351189
0.36954
0.478514
0.381433
0.121514
0.156098
0.285822
9.87718e-05
0.157874
0.177519
0.0653631
0.327596
0.436942
0.00350904
0.0265198
0.178129
0.153345
0.474761
0.00319859
0.32697
0.302358
0.316823
0.585463
0.350153
0.2987
0.123364
0.000426035
0.0660778
0.000766166
0.0147758
0.302301
0.0616108
0.219083
0.0397413
0.182872
0.00280638
0.00274344
0.436851
0.0440865
0.0492614
0.118014
0.435165
0.238608
0.00281528
0.568048
0.391908
0.478756
0.229019
0.597706
0.117674
0.0100743
0.174715
0.389053
0.0475191
0.385375
0.613083
0.170797
0.261349
0.0501072
0.123836
0.0131457
0.324182
0.171378
0.306464
0.0326495
0.26372
0.00717199
0.0614143
0.00773313
0.579424
0.0366827
0.328996
0.316909
0.604504
0.0328885
0.585035
0.463081
0.0252763
0.389495
0.211747
0.196906
0.0162668
0.34098
0.00423925
0.424588
0.203939
0.413545
0.0206145
0.620174
0.0441117
0.00402212
0.132593
0.00142439
0.155399
0.17091
0.659915
0.0363485
0.0787869
0.0818777
0.00940642
0.0994029
0.0279541
0.115794
0.302489
0.0132435
0.314206
0.359414
0.0578462
0.497895
0.0101376
0.474218
0.112841
0.0113526
0.0232975
0.388445
0.331632
0.224854
0.100096
0.293502
0.688427
0.246838
0.489882
0.033713
0.0887568
0.365877
0.0557564
0.0526833
0.356799
0.290634
0.0115906
0.421556
0.096363
0.068367
0.513396
0.436121
0.0499097
0.569014
0.606257
0.197986
0.270178
0.0928272
0.0378849
0.392398
0.654215
0.407618
0.0151603
0.0133268
0.283434
0.527541
0.398865
0.510993
0.0575448
0.298461
0.423718
0.316032
0.24064
0.291592
0.0284336
0.202721
0.0540268
0.439335
0.0782938
0.0521983
0.0791782
0.365259
0.217195
0.124647
0.16009
0.360073
0.35416
0.441955
0.00994511
0.00355132
0.534042
0.759189
0.0823997
0.0146257
0.627337
0.727207
0.0169214
0.326471
0.147288
0.455961
0.226677
0.0317011
0.0145291
0.308623
0.31813
0.179818
0.286781
0.0569691
0.0635489
0.0521774
0.280771
0.177933
0.444791
0.335766
0.279897
0.0141521
0.103222
0.407301
0.0589063
0.408002
0.352102
0.218111
0.0776995
0.531737
0.121477
0.317971
0.0128026
0.331257
0.0092457
0.538818
0.322117
0.134825
0.00924364
0.0962799
0.0241221
0.050988
0.236129
0.3772
0.00142249
0.480416
0.000141639
0.246003
0.0633683
0.0059576
0.149612
0.339066
0.0122238
0.404801
0.462216
0.284551
0.0481985
0.422677
0.345088
0.533708
0.325912
0.0841907
0.152886
0.37603
0.157992
0.310524
0.316664
0.373032
0.041804
0.104782
0.755263
0.269371
0.275853
0.0621913
0.22903
0.253699
0.346323
0.248978
0.442184
0.29657
0.527564
0.460649
0.3183
0.0493452
0.295599
0.187682
0.114286
0.0119566
0.581738
0.629781
0.22321
0.0514582
0.134445
0.248477
0.0953721
0.0989664
0.211013
0.229661
0.129595
0.0520733
0.385588
0.398536
0.32061
0.022994
0.291297
0.0903414
0.0287655
0.309458
0.125734
0.082149
0.29759
0.659971
0.417004
0.247407
0.0525424
0.245534
0.328577
0.23391
0.542562
0.0458968
0.0913122
0.279778
0.312995
0.241956
0.313136
0.283621
0.039101
0.339021
0.209473
0.247712
0.605784
0.00680703
0.684159
0.477031
0.0618946
0.207252
0.764676
0.419494
0.416258
0.551043
0.269542
0.621922
0.468232
0.0397747
0.516322
0.205231
0.163082
0.136399
0.0437507
0.0422656
0.000774329
0.314882
0.0273479
0.154997
0.00485097
0.352525
0.59908
0.00221693
0.14696
0.173888
0.00123557
0.239006
0.257171
0.289875
0.537261
0.0102911
0.0694099
0.0721247
0.157429
0.631111
0.0318163
0.0999746
0.148965
0.0499285
0.0238447
0.0144444
0.200244
0.193587
0.256484
0.0331374
0.102625
0.331736
0.043974
0.260436
0.127338
0.476317
0.312424
0.117307
0.337377
0.295793
0.0368702
0.442993
0.393606
0.413432
0.282578
0.247505
0.00999409
0.247602
0.54564
0.742186
0.000526868
0.587781
0.339222
0.0749625
0.210541
0.178122
0.603893
0.0899864
0.115546
0.567509
0.318312
0.221033
0.0271108
0.156081
0.425228
0.322284
0.647875
0.256101
0.000124781
0.0176265
0.0355258
0.314573
0.0769515
0.027281
0.352829
0.0772789
0.443512
0.275828
0.0431019
0.646706
0.0495892
0.292633
0.117373
0.376384
0.000189661
0.461829
0.0586375
0.648548
0.351327
0.00768479
0.328617
0.370784
0.166565
0.732458
0.702175
0.0792814
0.441802
0.180271
0.107495
0.187835
0.717436
0.0594757
0.284609
0.69868
0.200272
0.0150443
0.0784558
0.130813
0.0641111
0.314638
0.447178
0.045822
0.0727127
0.442145
0.483231
0.626291
0.101542
0.0878973
0.00421336
0.361112
0.409487
0.00522727
0.532637
0.474628
0.0448073
0.102651
0.191078
0.00930428
0.123712
0.0230986
0.27929
0.50667
0.267623
0.49326
0.256716
0.690899
0.323032
0.365952
0.0514373
0.00794052
0.0771611
0.027447
0.523513
0.3589
0.429808
0.223129
0.306284
0.393914
0.347628
0.322863
0.257231
0.473881
0.277445
0.769048
0.169066
0.307457
0.653432
0.0257277
9.26408e-06
0.208816
0.0263888
0.259341
0.616569
0.343408
0.349739
0.202781
0.0438641
0.016913
0.309543
0.19577
0.441764
0.0823441
0.0136616
0.380976
0.0288707
0.105755
0.0596574
0.198087
0.207423
0.681973
0.404488
0.369474
0.0723421
0.112685
0.378455
0.6683
0.217076
0.696209
0.120568
0.180277
0.360096
0.0720523
0.304436
0.058397
0.294828
0.251853
0.0391847
0.109221
0.0617505
0.147003
0.345396
0.00490314
0.45015
0.000480153
0.741252
0.131875
0.386959
0.0755335
0.262824
0.606589
0.513705
0.0121435
0.325774
0.708901
0.00739003
0.00952298
0.389943
0.361143
0.00342355
0.235433
0.442686
0.000983417
0.461448
0.0229518
0.47754
0.0832815
0.00151585
0.263754
0.304467
0.214365
0.392927
0.0132991
0.43339
0.28162
0.584875
0.350345
0.0111067
0.400038
0.0627433
0.382983
0.08425
0.0174064
0.410266
0.000478366
0.572126
6.41509e-05
0.0678436
0.372247
0.0480723
0.055343
0.566856
0.405289
0.206334
0.013462
0.282679
0.00158083
0.17961
0.528388
0.00137682
0.12041
0.558627
0.00930686
0.52494
0.413094
0.0762535
0.0376152
0.510627
0.580432
0.701711
0.728371
0.191946
0.131092
0.34001
0.02034
0.393376
0.575728
0.544139
0.12656
0.083171
0.0280535
0.225398
0.027655
0.678985
0.474919
0.611825
0.260914
0.518508
0.29451
0.433079
0.225045
0.45656
0.270805
0.0122222
0.177066
0.235808
0.262975
0.138079
0.291723
0.303356
0.25723
0.574213
0.531582
0.0305105
0.460514
0.202552
0.435815
0.385178
0.169314
0.430051
0.0801568
0.772297
0.276911
0.557649
0.433816
0.191343
0.367608
0.298832
0.199146
0.025363
0.43992
0.330509
0.0230774
0.733641
0.243401
0.39936
0.0390407
0.357864
0.277304
0.569393
0.121077
0.140409
0.504752
0.0142839
0.407765
0.517773
0.558889
0.0979527
0.186249
0.278418
0.0609957
0.243262
0.157261
0.195694
0.280838
0.269304
0.301839
0.288966
0.150349
0.0686358
0.0403001
0.591415
0.325806
0.403474
0.198361
0.238661
0.417158
0.0363852
0.4615
0.365279
0.289652
0.481486
0.00115828
0.56852
0.0509285
0.119482
0.665448
0.074833
0.317118
0.0191472
0.110776
0.395396
0.249806
0.555339
0.0210491
0.0292485
0.074546
0.131672
0.274105
0.0832883
0.282614
0.707551
0.115717
0.120192
0.333377
0.0118891
0.0747017
0.266212
0.00123292
0.364405
0.124676
0.0191841
0.465711
0.0106162
0.393469
0.541174
0.285601
0.532513
0.541127
0.337268
0.452883
0.00862678
0.0402593
0.50367
0.231561
0.0111171
0.17528
0.205782
0.457891
0.437257
0.381848
0.256255
0.0654139
0.301697
0.583521
0.425779
0.168577
0.394042
0.172801
0.0667944
0.180481
0.592327
0.519432
0.333759
0.0294837
0.328372
0.200735
0.280212
0.362527
0.0227855
0.0522623
0.401328
0.0016391
0.230377
0.145094
0.166852
0.0190545
0.0217214
0.419253
0.135673
0.274086
0.345707
0.324977
0.136648
0.402074
0.0563008
0.119419
0.523193
0.348662
0.0513112
0.0244807
0.0862367
0.797042
0.289308
0.339584
0.00924434
0.520674
0.159118
0.454437
0.361959
0.540055
0.531493
0.572188
0.00638565
0.0212942
0.291844
0.2007
0.0516811
0.292358
0.050435
0.356708
0.317756
0.508246
0.0176277
0.329254
0.167917
0.0929432
0.288534
0.552267
0.57234
0.351569
0.26212
0.368387
0.27815
0.426181
0.238516
0.489129
0.253999
0.268871
0.498623
0.0244873
0.263908
0.0226763
0.299639
0.0233678
0.531384
0.294915
0.0831797
0.544372
0.045796
0.647348
0.0335538
0.274959
0.711308
0.255321
0.0696476
0.259821
0.539949
0.552586
0.000717271
0.195495
0.148338
0.221835
0.18093
0.360347
0.127386
0.083449
0.40357
0.3698
0.133808
0.00864085
0.0114751
0.231742
0.18654
0.143544
0.399633
0.5195
0.637096
0.138512
0.421745
0.380331
0.0596205
0.00132658
0.0344729
0.31555
0.568567
0.583932
0.0364994
0.440906
0.45028
0.274932
0.489244
0.00361274
0.046797
0.0208776
0.716739
0.212836
0.586374
0.345819
0.366817
0.0423514
0.000951244
0.0719423
0.00341805
0.340982
0.607129
0.0100363
0.550162
0.269391
0.222371
0.297564
0.543784
0.297785
0.185447
0.115909
0.389806
0.36981
0.711927
0.21379
0.0365253
0.290643
0.188838
0.947564
0.321157
0.267053
0.404244
0.237138
0.0197182
0.0226612
0.109502
0.0091581
0.235955
0.330254
0.179702
0.0179143
0.484737
0.522207
0.0858806
0.343364
0.369664
0.8123
0.0148826
0.0848523
0.114386
0.194074
0.112444
0.00121838
0.00986142
0.502864
0.252581
0.0642607
0.610603
0.258067
0.251528
0.638262
0.0591465
0.316274
0.232772
0.31085
0.487555
0.404229
0.093891
0.0545098
0.19426
0.48483
0.582379
0.24554
0.244933
0.00131729
0.346374
0.00538828
0.114106
0.517273
0.0965866
0.440658
0.0192418
0.347191
0.162285
0.188178
0.581833
0.207108
0.199441
0.0941634
0.523006
0.157467
0.320969
0.0165723
0.0104691
0.349157
0.515957
0.371292
0.29047
0.431623
0.0239322
0.0137763
0.310103
0.697369
0.0310847
0.218687
0.005841
0.0615709
0.00574605
0.293965
0.664906
0.348614
0.523577
0.00111281
0.299059
0.180544
0.0477045
0.443124
0.357492
0.339079
0.043703
0.375146
0.243034
0.514756
0.149344
0.531525
0.312898
0.332936
0.223878
0.208968
0.146626
0.602858
0.429925
0.0316924
0.531664
0.30024
0.437923
0.300382
0.129986
0.288616
0.343497
0.000333699
0.00995053
0.15112
0.297127
0.267115
0.556102
0.285782
0.29929
0.00118438
0.00148485
0.00925688
0.164949
0.574413
0.450116
0.0447903
0.125119
0.377637
0.357243
0.00117932
0.021616
0.288556
0.346869
0.00599233
0.248371
0.384257
0.0568656
0.140674
0.0505566
0.0503571
0.208252
0.00413289
0.275225
0.273789
0.172675
0.0720936
0.245324
0.0651276
0.287463
0.652938
0.0836194
0.123122
0.554189
0.399065
0.32482
0.481306
0.00546987
0.0207894
0.0184532
0.190976
0.284786
0.116404
0.0422377
0.358696
0.0148788
0.586815
0.0688404
0.119237
0.199318
0.0117994
0.329609
0.0559541
0.504829
0.0411961
0.336484
0.437287
0.733764
0.0278488
0.739102
0.116403
0.172611
0.0971484
0.111089
0.477863
0.0304046
0.238661
0.249601
0.507912
0.147774
0.379681
0.246407
0.0219961
0.112867
0.192054
0.311941
0.0957054
0.231739
0.243933
0.27506
0.0179093
0.0708612
0.105883
0.480841
0.123673
0.605732
0.0139967
0.614221
0.0652944
0.00471072
0.31016
0.102446
0.489739
0.256099
0.0151311
0.564971
0.113144
0.545278
0.0506503
0.176634
0.027032
0.0135313
0.28977
0.144403
0.553903
0.0635509
0.331611
0.508681
0.329554
0.0429878
0.0100295
0.249262
0.00580682
0.226925
0.305022
0.00462745
0.170804
0.00162126
0.163685
0.000227154
0.595586
0.544957
0.094798
0.102417
0.000326459
0.0201374
0.435589
0.258911
0.573861
0.00894074
0.277954
0.0439245
0.481302
0.0870252
0.315547
0.523011
0.00785198
0.636493
0.297258
0.0143148
0.415183
0.187888
0.421521
0.301075
0.128743
0.425465
0.0201048
0.064291
0.280991
0.225849
0.166151
0.111677
0.558339
0.268956
0.146784
0.0732254
0.223905
0.622019
0.151139
0.1582
0.574152
0.35333
0.00601246
3.31665e-05
0.173041
0.442258
0.216798
0.678003
0.536555
0.0215218
0.623447
0.540626
0.444614
0.00372451
0.153459
0.302241
0.387243
0.368879
0.172526
0.114528
0.208694
0.0635146
0.322702
0.0306924
0.00649482
0.466556
0.319673
0.0531669
0.0441866
0.407257
0.0254206
0.326932
0.0605534
0.447231
0.0081761
0.418688
0.0142796
0.243637
0.337203
0.171267
0.0723094
0.515028
0.0043264
0.267727
0.00685866
0.358455
0.308354
0.0127578
0.230727
0.46049
0.275595
0.460473
0.668361
0.0875819
0.641374
0.8395
0.353982
0.270557
0.0753992
0.00293649
0.0170507
0.6024
0.496694
0.485081
0.0210869
0.198707
0.299744
0.157239
0.80359
0.219516
0.163727
0.375977
0.420195
0.116498
0.585603
0.170826
0.0514356
0.0137214
0.0567279
0.343718
0.508536
0.0227996
0.0553236
0.402644
0.197283
0.513772
0.2952
0.233999
0.00205019
0.527395
0.0276061
0.25068
0.247555
0.51833
0.173767
0.366849
0.582509
0.49273
0.548469
0.140236
0.157239
0.439057
0.251767
0.0541812
0.00125353
0.169365
0.135913
0.253279
0.16334
0.117755
0.0545995
0.0230714
0.199892
0.558882
0.484239
0.29848
0.368847
0.0459159
0.532051
0.379382
0.219372
0.318809
0.584682
0.459207
0.408652
0.119383
0.00348723
0.022355
0.0244607
0.394293
0.0140689
0.00575589
0.0380901
0.233842
0.420304
0.0107162
0.581147
0.381064
0.0828337
0.445776
0.397058
0.00015247
0.0866378
0.0235017
0.353996
0.0443333
0.226339
0.0137128
0.0211876
0.299919
0.314136
0.00880537
0.157314
0.143424
0.412447
0.0266665
0.313414
0.0839432
0.312702
0.0463369
0.350024
0.00356237
0.220083
0.0202794
0.490698
0.00804304
0.0164118
0.320528
0.0193745
0.476276
0.00998136
0.24033
0.351572
0.0579008
0.0051769
0.691828
0.26079
0.268074
0.379984
0.260997
0.545604
0.00265809
0.442635
0.471428
0.0251055
0.305687
0.209914
0.511247
0.375443
0.28924
0.375768
0.150487
0.142816
0.319552
0.0815721
0.312618
0.254694
0.0116655
0.135796
0.234853
0.64428
0.0372351
0.0354048
0.474185
0.0520866
0.363532
0.47649
0.40375
0.0363653
0.374246
0.288219
0.291719
0.0219405
0.0152291
0.425105
0.0049072
0.511714
0.321081
0.365527
0.316198
0.000694127
0.585643
0.0991987
0.659816
0.187354
0.787852
0.312351
0.0460301
0.372816
0.365033
0.0787171
0.184439
0.000787655
0.115802
0.261367
0.287505
0.470195
0.247547
0.013773
0.294085
0.279854
0.169824
0.263948
0.0345227
0.356928
0.368264
0.00349603
0.209031
0.119697
0.0165149
0.32958
0.575745
0.149288
0.313475
0.0184085
0.282845
0.348926
0.277565
0.145723
0.505282
0.145489
0.473677
0.376795
0.00743984
0.69521
0.001393
0.0102668
0.110087
0.0120214
0.00120339
0.740877
0.722385
0.0258532
0.181453
0.424901
0.05475
0.00588296
0.484124
0.100931
0.400749
0.0718135
0.422191
0.524759
0.41178
0.106214
0.314301
0.142071
0.289275
0.344627
0.409718
0.328719
0.408797
0.0473953
0.000898028
0.0922079
0.0165455
0.363048
0.0561789
0.0530186
0.691538
0.329145
0.256525
0.304537
0.0099695
0.367747
0.00651803
0.484392
0.00691184
0.0732135
0.369221
0.568699
0.228931
0.263298
0.00413544
0.236496
0.7671
0.239786
0.181061
0.235826
0.112304
0.298493
0.00288633
0.025171
0.0219164
0.140423
0.176129
0.331109
0.562588
0.248669
0.472528
0.0532414
0.0952458
0.0875879
0.0603136
0.349734
0.30866
0.0046313
0.103158
0.00740888
0.00349822
0.106962
0.00335544
0.343097
0.0937096
0.0252602
0.589027
0.422786
0.235378
0.380898
0.548934
0.593303
0.00539259
0.0117224
0.0726825
0.176086
0.189811
0.0333879
0.344553
0.0400181
0.00726474
0.17158
0.0445259
0.121926
0.257592
0.134197
0.0518181
0.0175796
0.0313768
0.416204
0.00239598
0.312844
0.131336
0.0446442
0.379221
0.313786
0.419282
0.122271
0.252555
0.357529
0.0441059
0.506582
0.00122621
0.699174
0.278673
0.355908
0.0047326
0.71385
0.713413
0.341532
0.185327
0.114697
0.391907
0.558315
0.0781066
0.0155936
0.151157
0.0142395
0.37428
0.0878989
0.00222083
0.00251877
0.255091
0.323409
0.0459004
0.00139982
0.0574375
0.00895646
0.378908
0.44005
0.260098
0.00475012
0.222123
0.29485
0.0012195
0.125534
0.126729
0.0524968
0.0697507
0.121087
0.541206
0.0759396
0.397394
0.277591
0.0634311
0.0935412
0.202721
0.306852
0.221287
0.331117
0.00887361
0.549386
0.205746
0.459966
0.222915
0.595345
0.183336
0.475818
0.243243
0.55236
0.106062
0.0203952
0.205403
0.040434
0.00439848
0.342947
0.436855
0.485266
0.000202334
0.107713
0.574347
0.0818294
0.357575
0.0622598
0.302775
0.335212
0.164544
0.262003
0.232666
0.0702054
0.0743758
0.349016
0.0999641
0.149138
0.486871
0.036673
0.153277
0.151916
0.101279
0.345788
0.196515
0.0885344
0.0631874
0.0561429
0.139055
0.54659
0.0831611
0.116544
0.235497
0.102405
0.0457551
0.469619
0.0607109
0.011934
0.0996384
0.0515985
0.0208744
0.300922
0.0481512
0.0486145
0.16335
0.0854347
0.282935
0.623142
0.0718819
0.245965
0.0766195
0.417793
0.0238502
0.352599
0.171224
0.404919
0.304836
0.342454
0.294278
0.350005
0.0496958
0.624177
0.0302065
0.184633
0.384917
0.70253
0.00517624
0.758686
0.00352243
0.0854394
0.0789496
0.448972
0.407688
0.522868
0.0684724
0.0735586
0.262974
0.00389606
0.70725
0.0276669
0.0465139
0.458617
0.561905
0.0560959
0.0226509
0.0793023
0.304736
0.144019
0.293618
0.0389811
0.427278
0.00209065
0.00507269
0.0162657
0.486529
0.0136936
0.216664
0.289846
0.0907664
0.539817
0.0344944
0.334612
0.00952455
0.0276336
0.414933
0.0451571
0.526772
0.0125926
0.617191
0.203158
0.623382
0.0179209
0.001718
0.643446
0.21502
0.308242
0.757745
0.00519866
0.189077
0.0193774
0.00235417
0.217754
0.0317458
0.120348
0.0171124
0.530339
0.368141
0.0261282
0.00676822
0.495614
0.495024
0.330751
0.227636
0.568948
0.0664279
0.284241
0.141045
0.0420725
0.211037
0.609583
0.74699
0.0634272
0.00496444
0.0341734
0.231296
0.398052
0.483234
0.502991
0.626296
0.0634317
0.448604
0.0276805
0.2913
0.489091
0.20705
0.584022
0.230242
0.517991
0.406555
0.404026
0.529918
0.0355071
0.158733
0.167994
0.296543
0.399021
0.140435
0.138726
0.00622877
0.338571
0.234321
0.558459
0.214346
0.0128076
0.839249
0.462364
0.243023
0.107146
0.140077
0.42671
0.0483932
0.055153
0.0423016
0.24556
0.26124
0.0460791
0.0923143
0.470791
0.112343
0.00528023
0.0268234
0.065887
0.229899
0.264145
0.542163
0.482849
0.0377713
0.0182983
0.782271
0.314429
0.162958
3.27433e-05
0.374539
0.749993
0.505623
0.0669075
0.253688
0.065995
0.0245665
0.197166
0.0111564
0.00420091
0.32893
0.122758
0.0536627
0.0719804
0.00778997
0.481423
0.49576
0.292141
0.393995
0.307597
0.0583469
0.0874377
0.125957
0.0606111
0.410676
0.312016
0.0455449
0.22078
0.430835
0.0271742
0.0717043
0.193429
0.548474
0.315922
0.265018
0.224293
0.497745
0.00274665
0.582066
0.345784
0.0660575
0.112255
0.0449374
0.476106
0.319795
0.0673207
0.16495
0.00621894
0.0891206
0.00513167
0.138682
0.0128158
0.358715
0.121778
0.351107
0.0370115
0.00200021
0.0177709
0.0276212
0.238911
0.00208894
0.36083
0.0313187
0.00405461
0.00616223
0.760447
0.210092
0.479506
0.458605
0.0335713
0.104127
0.0516102
0.302917
0.245632
0.396327
0.00151632
0.526004
0.0691826
0.125573
0.00589885
0.068459
0.00880866
0.0870357
0.295008
0.529908
0.382238
0.303685
0.0442372
0.567636
0.189189
0.517656
0.00626977
0.0464472
0.243878
0.0193757
0.631559
0.0991419
0.505284
0.227887
0.283082
0.0309937
0.517911
0.103128
0.516673
0.571871
0.00110092
0.224399
0.313208
0.251241
0.0327019
0.286526
0.319549
0.329682
0.416431
0.708982
0.141374
0.553913
0.0313434
0.0054347
0.303103
0.710866
0.0340295
0.666532
0.00365646
0.000295049
0.00141405
0.234395
0.316238
0.00971507
0.0326771
0.0880096
0.313257
0.294412
0.343763
0.162165
0.134375
0.0289807
0.270943
0.0955263
0.491497
0.432476
0.455255
0.184309
0.556806
0.12648
0.364738
0.0212116
0.25014
0.0294006
0.610202
0.440683
0.147362
0.0291915
0.377216
0.196263
0.165734
0.368974
0.700069
0.524906
0.00292698
0.163728
0.000752142
0.533268
0.388307
0.542415
0.219261
0.437349
0.151029
0.651752
0.44615
0.195667
0.273298
0.279746
0.54465
0.27958
0.348909
0.377219
0.000578058
0.308757
0.482942
0.431109
0.0776588
0.480015
0.272405
0.000805835
0.118485
0.626504
0.00119935
0.183551
0.084425
0.322295
0.45583
0.273701
0.0055308
0.301657
0.576742
0.511159
0.231237
0.846182
0.383915
0.341847
0.431582
0.546047
0.0257685
0.019207
0.0227132
0.586178
0.386605
0.00678852
0.249366
0.320163
0.224492
0.0138632
0.472242
0.0873494
0.00740157
0.230513
0.103554
0.0591535
0.612351
0.315088
0.330944
0.271419
0.0142423
0.518482
0.282308
0.0911925
0.228811
0.0746845
0.012396
0.487361
0.0157588
0.433345
0.185611
0.002247
0.223031
0.259622
0.352119
0.298432
0.310571
0.405859
0.105
0.645525
0.284485
0.06213
0.541877
0.00565373
0.42176
0.287259
0.140789
0.00820981
0.28493
0.4158
0.557106
0.0369082
0.0962478
0.340138
0.131957
0.45081
0.20092
0.298952
0.479653
0.129037
0.0590267
0.0136231
0.432049
0.288592
0.277442
0.115509
0.640428
0.308531
0.390049
0.00962345
0.0249284
0.316403
0.277618
0.0817974
0.0435294
0.308187
0.165377
0.141064
0.346866
0.306126
0.0653112
0.497058
0.311447
0.268233
0.0786845
0.0462789
0.506757
0.291687
0.0210698
0.419242
0.0154351
0.0484892
0.138945
0.80173
0.0913097
0.0831098
0.214468
0.187685
0.152239
0.509053
0.293171
0.396086
0.105999
0.250964
0.330481
0.615623
0.000839159
0.285535
0.0459515
0.0525708
0.128536
0.219625
0.0340607
0.126583
0.286673
0.241208
0.0185438
0.35193
0.516464
0.560196
0.136258
0.00231427
0.462802
0.240809
0.247599
0.304135
0.157091
0.774117
0.484836
0.0352895
0.284554
0.143065
0.00402363
0.179151
0.413409
0.505878
0.17328
0.384693
0.584271
0.154068
0.0585134
0.284874
0.0544785
0.471973
0.330299
0.00377327
0.416712
0.200625
0.252794
0.18329
0.099233
0.0198906
0.204211
0.302986
0.0329134
0.386101
0.427789
0.0371985
0.223904
0.0405549
0.230782
0.092702
0.106861
0.266212
0.171829
0.256544
0.381641
0.295476
0.0127389
0.418256
0.00647716
0.514099
0.480898
0.606528
0.390559
0.197883
0.0874123
0.031755
0.227396
0.499028
0.552849
0.415752
0.481485
0.387268
0.228396
0.171837
0.158213
0.367182
0.249035
0.31696
0.38299
0.161073
0.0651297
0.111408
0.366252
0.526728
0.319489
0.00265978
0.377585
0.100538
0.629703
0.114932
0.481848
0.116636
0.00339007
0.365906
0.0647624
0.289108
0.611253
0.51435
0.121433
0.0530328
0.155763
0.383162
0.453968
0.148793
0.493712
0.00309488
0.421352
0.0728807
0.295975
0.0657156
0.528929
0.345039
0.11174
0.152717
0.688016
0.141968
0.136146
0.307247
0.403558
0.194338
0.690258
0.236615
0.406039
0.466438
0.166683
0.0261261
0.107252
0.290129
0.301484
0.304296
0.441099
0.164305
0.448326
0.511088
0.000432081
0.395998
0.0848048
0.0450654
0.650883
0.0843738
0.035498
0.00609648
0.604152
0.30091
0.566872
0.251637
0.0249189
0.431662
0.132678
0.294247
0.0225982
0.212432
0.436432
0.0718438
0.00844195
0.0238913
0.381654
0.172629
0.213485
0.430844
0.0518801
0.00558955
0.257568
0.33913
0.108934
0.0246668
0.0559111
0.643982
0.189507
0.0300445
0.00787201
0.329052
0.4096
0.370694
0.61329
0.00241359
0.308508
0.025529
0.496368
0.475069
0.553185
0.103723
0.358267
0.417635
0.064086
0.0363227
0.14097
0.000373531
0.087201
0.216572
0.387347
0.345417
0.206021
0.69515
0.121338