0.57716
0.200783
0.496143
0.462483
0.430616
0.224654
0.58579
0.495628
0.630643
0.269828
0.624865
0.0362618
0.574941
0.0818221
0.0121503
0.260708
0.354452
0.693977
0.00537363
0.0371666
0.498747
0.203069
0.624169
0.0111317
0.0585115
0.675834
0.706809
0.740843
0.169315
0.0908389
0.512856
0.809293
0.802388
0.610527
0.28964
0.578774
0.363125
0.260231
0.153174
0.160319
0.468242
0.170776
0.511223
0.0141129
0.154944
0.175261
0.654676
0.882186
0.324325
0.433792
0.60347
0.769512
0.641713
0.599858
0.00525972
0.315209
0.446354
0.772469
0.807253
0.482045
0.0485123
0.651014
0.685023
0.724338
0.166073
0.437886
0.177921
0.338556
0.443938
0.26782
0.78894
0.766835
0.267863
0.00309623
0.592035
0.107156
0.413011
0.558662
0.4337
0.0367319
0.117505
0.10872
0.0145421
0.515906
0.62275
0.383544
0.373866
0.739025
0.730093
0.0781513
0.208852
0.455197
0.0535914
0.0704755
0.392516
0.342503
0.16194
0.652829
0.111036
0.732644
0.737494
0.664313
0.410785
0.674256
0.00507012
0.00739863
0.692571
0.00656022
0.684606
0.0187643
0.668985
0.165647
0.101733
0.501125
0.219371
0.796512
0.418681
0.0956385
0.543074
0.658014
0.14898
0.765859
0.370823
0.286847
0.234717
0.109787
0.610519
0.384282
0.634512
0.47765
0.0640296
0.307743
0.527621
0.00371097
0.696926
0.787994
0.143601
0.0780238
0.572311
0.383776
0.71314
0.104614
0.358102
0.616557
0.032088
0.771543
0.149893
0.0685682
0.444596
0.271492
0.522488
0.863563
0.695694
0.837022
0.514243
0.570822
0.706409
0.123786
0.80679
0.63264
0.252588
0.097817
0.755614
0.369601
0.559129
0.471301
0.67801
0.600362
0.421799
0.774815
0.318129
0.308401
0.409682
0.386563
0.486772
0.017334
0.680169
0.481054
0.451084
0.758587
0.676287
0.236516
0.329077
0.821626
0.78511
0.0204708
0.18288
0.596479
0.410973
0.068889
0.778973
0.738647
0.470966
0.454949
0.764692
0.592828
0.0312194
0.767598
0.274504
0.686128
0.657139
0.351888
0.227026
0.227413
0.0929645
0.419368
0.312303
0.503893
0.0892822
0.359797
0.669394
0.51775
0.468214
0.66521
0.247465
0.580701
0.263551
0.0197546
0.780435
0.342234
0.352152
0.637896
0.00889841
0.688985
0.609161
0.042173
0.77579
0.450363
0.486392
0.587017
0.42325
0.263615
0.598681
0.376057
0.257615
0.00194049
0.413271
0.688658
0.476205
0.47509
0.0025628
0.346893
0.630136
0.311379
0.654606
0.575855
0.331877
0.322121
0.377098
0.561295
0.774863
0.291699
0.382555
0.721353
0.521811
0.715107
0.427441
0.0635458
0.105537
0.11301
0.548432
0.48716
0.747935
0.605967
0.210486
0.55689
0.901671
0.0212938
0.0960982
0.844293
0.729877
0.32163
0.00109614
0.442298
0.0970618
0.279453
0.475351
0.592095
0.557013
0.429075
0.551145
0.391872
0.227178
0.00853499
0.18224
0.0162803
0.132605
0.541797
0.0143686
0.392543
0.0240556
0.0983153
0.121656
0.188273
0.29988
0.546245
0.00480432
0.143922
0.320533
0.0121711
0.00322319
0.546834
0.593386
0.581947
0.221949
0.372079
0.317996
0.571603
0.109058
0.693553
0.531177
0.000333787
0.37347
0.784354
0.754363
0.676184
0.583419
0.359606
0.36816
0.415588
0.558398
0.437331
0.563227
0.606615
0.591621
0.593843
0.477096
0.545477
0.551866
0.167406
0.0164387
0.198678
0.502611
0.00427019
0.148921
0.355339
0.280407
0.686144
0.328595
0.230024
0.605668
0.0500867
0.359086
0.667986
0.531447
0.276488
0.241197
0.558524
0.00731055
0.110321
0.214874
0.218424
0.287902
0.0331496
0.648606
0.503469
0.814198
0.52448
0.268566
0.20844
0.370615
0.504293
0.0890046
0.340616
0.00775067
0.556931
0.679051
0.808687
0.426196
0.313617
0.531689
0.000113964
0.0193359
0.73573
0.00329412
0.623278
0.399721
0.609879
0.91778
0.0530479
0.0391379
0.502397
0.0772649
0.16901
0.634823
0.302235
0.109124
0.356018
0.435174
0.3847
0.0357822
0.291874
0.00936506
0.645895
0.762599
0.0218582
0.574487
0.5407
0.281306
0.31941
0.144283
0.369213
0.284131
0.0625865
0.0765004
0.478593
0.235416
0.265197
0.195195
0.574741
0.458538
0.198372
0.57453
0.00281758
0.0638437
0.147319
0.558695
0.0779448
0.71869
0.694388
0.205972
0.534264
0.524854
0.566991
0.655712
0.604695
0.571873
0.656387
0.189329
0.00122137
0.538429
0.389219
0.503058
0.646396
0.790464
0.275289
0.732791
0.633742
0.639474
0.380187
0.0327806
0.67202
0.0276846
0.577173
0.560724
0.572787
0.898711
0.0887365
0.486564
0.323787
0.621371
0.753705
0.158308
0.691042
0.0434026
0.629202
0.320534
0.719202
0.532143
0.886312
0.628383
0.268928
0.282673
0.497548
0.811375
0.158044
0.141482
0.541392
0.304945
0.362786
0.714698
0.35921
0.0407617
0.533243
0.694816
0.0580819
0.159275
0.674493
0.601893
0.407446
0.535
0.0322703
0.102529
0.818352
0.638037
0.700206
0.0738655
0.260854
0.72309
0.216338
0.0249131
0.542294
0.476443
0.00178976
0.0838885
0.0152087
0.273204
0.494922
0.251038
0.255017
0.660602
0.00760158
0.422608
0.636163
0.0865163
0.117099
0.817985
0.0177369
0.634207
0.34543
0.182853
0.000705696
0.000380485
0.132744
0.202854
0.462556
0.214839
0.0329791
0.612026
0.0994332
0.398732
0.0291423
0.360472
0.257485
0.221454
0.780452
0.843964
0.00272343
0.760439
0.419688
0.332029
0.616799
0.527624
0.196748
0.0419021
0.0226091
0.0072678
0.592274
0.644526
0.388499
0.11412
0.231633
0.401649
0.0840202
0.117182
0.155308
0.0219139
0.00294646
0.355532
0.384727
0.556523
0.506882
0.540088
0.499248
0.348304
0.821057
0.420699
0.250143
0.422891
0.147252
0.0290382
0.228297
0.226598
0.765805
0.555786
0.491401
0.304094
0.727137
0.776504
0.256135
0.532029
0.00341655
0.0276715
0.790742
0.241198
0.0519757
0.00117314
0.922472
0.19529
0.443122
0.210035
0.617533
0.186004
0.809603
0.0420858
0.333466
0.760892
0.428656
0.00844358
0.140755
0.024963
0.167797
0.16465
0.153534
0.38302
0.437417
0.129949
0.695848
0.609513
0.467544
0.512605
0.359111
0.534957
0.116616
0.000531293
0.0212865
0.621519
0.645824
0.439724
0.00730543
0.0643698
0.0414165
0.00320771
0.0399444
0.563765
0.410907
0.212879
0.302751
0.733712
0.026835
0.0808977
0.688727
0.0779887
0.6782
0.108986
0.0378118
0.254101
0.394389
0.272149
0.659209
0.777698
0.616599
0.0878109
0.709657
0.36493
0.654448
0.30466
0.851112
0.332621
0.545943
0.731616
0.388843
0.425837
0.0158692
0.335991
0.409885
0.694143
0.57225
0.638769
0.608478
0.331973
0.694153
0.203575
0.418886
0.55673
0.411141
0.0165544
0.677798
0.576515
0.0701676
0.191415
0.341929
0.0180846
0.35185
0.0876423
0.309148
0.107018
0.242108
0.143394
0.412012
0.056952
0.685134
0.809057
0.325938
0.536735
0.765816
0.239434
0.287102
0.669885
0.593803
0.572854
0.0155755
0.938629
0.69673
0.0986471
0.459576
0.678504
0.640139
0.459606
0.793716
0.536321
0.0683294
0.226119
0.126146
0.00754068
0.55062
0.247181
0.651028
0.00112941
0.557125
0.188224
0.39571
0.31601
0.773765
0.708829
0.645923
0.394531
0.628712
0.391332
0.0936415
0.61375
0.344616
0.202908
0.502322
0.358783
0.646646
0.692015
0.709163
0.400285
0.489894
0.615815
0.309522
0.0125389
0.114858
0.122357
0.751899
0.00098719
0.514212
0.122188
0.679634
0.715617
0.435435
0.007315
0.622003
0.282945
0.741079
0.550211
0.565696
0.0831331
0.590535
0.383585
0.161653
0.569749
0.00401042
0.545209
0.0478267
0.385957
0.0117086
0.0268271
0.368199
0.053484
0.175689
0.376052
0.0233329
0.407939
0.746149
0.0119251
0.0228103
0.447494
0.0014453
0.665588
0.696984
0.667818
0.102451
0.0519818
0.150715
0.911033
0.688093
0.471628
0.466623
0.530402
0.34019
0.0691382
0.722717
0.262567
0.459711
0.623205
0.0105782
0.117474
0.00085973
0.127872
0.197453
0.302988
0.0916093
0.413813
0.427835
0.4621
0.604869
0.755695
0.00470636
0.440537
0.129287
0.828712
0.804504
0.504299
0.50493
0.541333
0.742157
0.469881
0.785398
0.0958666
0.0012599
0.0473167
0.127722
0.659241
0.256378
0.337387
0.496679
0.3364
0.449572
0.27918
0.654183
0.298955
0.108629
0.383367
0.0196544
0.377175
0.606715
0.380384
0.77313
0.703295
0.450973
0.229
0.049428
0.0197273
0.734049
0.881832
0.00321907
0.38639
0.663171
0.459072
0.402057
0.0418953
0.456317
0.483752
0.419144
0.390413
0.20811
0.35584
0.0971148
0.0003584
0.26748
0.000689371
0.355141
0.609924
0.544343
0.48434
0.0896509
0.723056
0.510303
0.621347
0.35305
0.403131
0.11492
0.447442
0.581634
0.370205
0.25813
0.255014
0.420274
0.0785608
0.09764
0.329542
0.555631
0.148691
0.0678521
0.874666
0.317997
0.00627109
0.220679
0.134507
0.000105163
0.45515
0.56452
0.318543
0.374921
0.229377
0.353372
0.599185
0.0709345
0.0573079
0.550798
0.819549
0.346484
0.482107
0.557995
0.457197
0.262898
0.716205
0.306097
0.43629
0.293873
0.617004
0.611195
0.0101054
0.229939
0.15465
0.367459
0.557026
0.400208
0.677174
0.527375
0.0023347
0.33422
0.670786
0.620889
0.0184109
0.166481
0.426562
0.0142347
0.541406
0.0596414
0.784512
0.388625
0.481865
0.0176115
0.846168
0.289362
0.00895926
0.560808
0.321102
0.0374553
0.741897
0.715837
0.551957
0.363076
0.581741
0.474645
0.161045
0.325475
0.186339
0.0765278
0.354298
0.613304
0.00210294
0.471668
0.545034
0.44435
0.429354
0.0451669
0.0491523
0.445321
0.0436176
0.315516
0.24096
0.413855
0.132503
0.320869
0.244537
0.00682718
0.568703
0.00406996
0.0913537
0.456861
0.300796
0.258414
0.557684
0.190555
0.0540159
0.00857489
0.527965
0.265413
0.144825
0.056087
0.659309
0.448173
0.449803
0.308988
0.0195711
0.439838
0.597452
0.0743264
0.416688
0.0262386
0.519692
0.00193447
0.544228
0.316942
0.108366
0.303007
0.331082
0.8355
0.655925
0.298866
0.0751973
0.313828
0.284578
0.00370618
0.727401
0.639281
0.010469
0.654611
0.0253355
0.4669
0.344131
0.456654
0.160299
0.0190156
0.185589
0.00170263
0.211633
0.437589
0.794519
0.271498
0.215792
0.0830666
0.0922863
0.500001
0.701114
0.00113319
0.011649
0.0505044
0.232347
0.0847991
0.670196
0.514984
0.0218153
0.00941475
0.169936
0.189218
0.405853
0.385972
0.400954
0.460105
0.577012
0.181877
0.511399
0.45227
0.350986
0.000900649
0.283719
0.317614
0.418222
0.700691
0.691934
0.72481
0.471903
0.0175029
0.0930343
0.506386
0.503823
0.427243
0.559657
0.573783
0.00829818
0.437378
0.149717
0.197549
0.229546
0.438774
0.243606
0.0242464
0.0726123
0.247076
0.398655
0.690241
0.435007
0.725259
0.206742
0.425537
0.0174084
0.293614
0.65584
0.487609
0.543669
0.75418
0.469708
0.0809649
0.0707428
0.00810874
0.400818
0.00546393
0.585926
0.00864216
0.503581
0.512399
0.589225
0.0473502
0.0492487
0.087297
0.101595
0.429981
0.719644
0.703023
0.762636
0.218401
0.596338
0.114892
0.387557
0.0127722
0.270705
0.042257
0.501309
0.814953
0.598915
0.489959
0.00876322
0.645931
0.00494618
0.645147
0.740236
0.283152
0.442017
0.415023
0.611325
0.575786
0.102836
0.10365
0.103302
0.47217
0.0394826
0.0422369
0.277141
0.356834
0.658149
0.0032453
0.653649
0.466346
0.107357
0.0106824
0.424778
0.619679
0.0673625
0.619536
0.527741
0.0435563
0.528534
0.50478
0.693547
0.684501
0.183549
0.140676
0.658196
0.687545
0.0561977
0.495351
0.294079
0.763037
0.608742
0.0345817
0.0232632
0.0324124
0.165255
0.430497
0.286097
0.733498
0.136092
0.468989
0.168466
0.787217
0.0868928
0.415015
0.0452993
0.46055
0.0442793
0.588147
0.455208
0.224985
0.077727
0.115928
0.135028
0.224307
0.00638975
0.430964
0.380763
0.592453
0.834137
0.529874
0.743033
0.696909
0.520629
0.240795
0.613881
0.533565
7.4169e-05
0.317693
0.0285245
0.30955
0.377822
0.722479
0.545186
0.310556
0.0467193
0.381847
0.665682
0.570364
0.412765
0.0414985
0.126961
0.278435
0.017811
0.231921
0.612947
0.65265
0.266034
0.364778
0.53003
0.064483
0.0653364
0.290864
0.521626
0.353669
0.535075
0.201888
0.0282696
0.440074
0.0235498
0.6312
0.695483
0.195596
0.214696
0.509171
0.390584
0.158348
0.0830579
0.0414952
0.305767
0.605561
0.486848
0.297654
0.658174
0.314415
0.141816
0.381616
0.418853
0.448115
0.0497922
0.468827
0.860068
0.00392626
0.371216
0.235572
0.0720591
0.862496
0.0327389
0.292173
0.518921
0.49577
0.110151
0.422364
0.533444
0.573897
0.56532
0.0978495
0.325354
0.907275
0.676424
0.59074
0.882732
0.516013
0.036941
0.242801
0.390617
0.254723
0.232094
0.223815
0.631866
0.317316
0.480042
6.54236e-05
0.150301
0.74859
0.268783
0.378414
0.20311
0.35454
0.404254
0.196728
0.684901
0.332195
0.0717827
0.0144819
0.363159
0.213234
0.53763
0.792633
0.810789
0.373304
0.0565969
0.625913
0.487309
0.195187
0.0948726
0.631023
0.564122
0.697281
0.579697
0.253987
0.0258532
0.0758386
0.758581
0.329564
0.142991
0.546488
0.559276
0.0995757
0.210745
0.30721
0.166645
0.732637
0.522866
0.00868087
0.331943
0.381942
0.867334
0.10743
0.650969
0.302278
0.767691
0.167911
0.186999
0.0224652
0.11108
0.0383811
0.170204
0.60255
0.146891
0.00631488
0.517095
0.149503
0.437596
0.172798
0.779
0.421481
0.54224
0.44293
0.706883
0.0163702
0.520554
0.448542
0.587532
0.455879
0.307703
0.774026
0.532982
0.0317637
0.636438
0.562858
0.0173627
0.584927
0.202466
0.439436
0.582984
0.570316
0.697896
0.587132
0.58833
0.000785703
0.688325
0.0688309
0.438639
0.00141965
0.784108
0.75489
0.00490938
0.806849
0.776845
0.173015
0.0779308
0.0240909
0.772463
0.323491
0.659769
0.0646012
0.373919
0.298945
0.0584543
0.278356
0.701315
0.0558999
0.0899172
0.306442
0.311497
0.425557
0.217687
0.102688
0.230917
0.875673
0.0189219
0.385026
0.646959
0.375884
0.257086
0.753883
0.255244
0.245729
0.217644
0.0382532
0.620594
0.272591
0.0178701
0.584925
0.0540981
0.614692
0.692282
0.658377
0.0144859
0.0716994
0.642398
0.287534
0.562409
0.0341812
0.587484
0.546756
0.00327396
0.72739
0.0432902
0.560151
0.103151
0.689595
0.060104
0.725691
0.01406
0.286986
0.109778
0.181939
0.575234
0.194498
0.460775
0.0224548
0.256166
0.218478
0.407585
0.546488
0.365036
0.664106
0.406149
0.335457
0.354693
0.663318
0.901293
0.449008
0.0166892
0.351035
0.806553
0.455366
0.541725
0.0680016
0.539608
0.209598
0.399507
0.634634
0.357305
0.712418
0.316193
0.493178
0.0865728
0.146813
0.527564
0.0151323
0.509363
0.432916
0.0112584
0.578959
0.632541
0.339887
0.742962
0.00259268
0.634026
0.410437
0.129216
0.431394
0.259265
0.507443
0.0797245
0.239689
0.164889
0.400233
0.230566
0.57948
0.741428
0.775944
0.508149
0.0332307
0.575443
0.294221
0.101074
0.384226
0.357828
0.798939
0.409693
0.477533
0.0743899
0.00153284
0.654041
0.151684
0.331994
0.193325
0.435793
0.217028
0.0113493
0.67306
0.427686
0.546119
0.413003
0.290941
0.44515
0.6564
0.213677
0.563806
0.251189
0.594287
0.667147
0.328264
0.0846877
0.499781
0.218763
0.249176
0.259901
0.678206
0.0486096
0.00566963
0.0585528
0.63099
0.625145
0.558407
0.402919
0.00946376
0.251506
0.153525
0.730216
0.581279
0.308098
0.327881
0.45816
0.800726
0.635534
0.71183
0.0715769
0.605603
0.705064
0.347284
0.203933
0.243369
0.107524
0.359959
0.752475
0.203053
0.913783
0.257403
0.01336
0.40014
0.222648
0.460567
0.657134
0.294775
0.200283
0.212778
0.658233
0.405962
0.00497764
0.230168
0.501662
0.477416
0.596999
0.617876
0.718914
0.135339
0.308725
0.44053
0.0048643
0.468418
0.000858404
0.0559937
0.131911
0.155033
0.269031
0.629317
0.363247
0.673371
0.318803
0.505852
0.353951
0.288904
0.557498
0.41243
0.655117
0.552602
0.0846509
0.0612403
0.773974
0.898963
0.536626
0.799963
0.361008
0.422987
0.1682
0.400719
0.670999
0.0196329
0.458312
0.0789251
0.494622
0.6453
0.638831
0.172803
0.535904
0.612001
0.481477
0.185449
0.678061
0.257359
0.352635
0.504733
0.0286474
0.459719
0.348822
0.568257
0.615112
0.469255
0.655566
0.183927
0.62468
0.297876
3.60709e-05
0.701429
0.202587
0.14859
0.728231
0.175198
0.598395
0.203018
0.560168
0.474433
0.199411
0.582238
0.701197
0.0225414
0.451927
0.00719973
0.0323854
0.229847
0.222042
0.285621
0.0840782
0.0247018
0.708762
0.652704
0.756618
0.280849
0.514296
0.402121
0.503447
0.0147904
0.604424
0.537367
0.0604931
0.037586
0.0902839
0.31732
0.0165736
0.378489
0.0649696
0.148264
0.123302
0.00691673
0.693856
0.103674
0.403109
0.328571
0.344123
0.023069
0.729776
0.251387
0.350296
0.000702212
0.248795
0.175526
0.167051
0.0585338
0.378363
0.052863
0.482108
0.623907
0.0574914
0.776475
0.028007
0.0156369
0.101053
0.149695
0.24382
0.693036
0.0578757
0.0872397
0.00618377
0.632673
0.430426
0.433687
0.816495
0.56776
0.351374
0.0700108
0.0834283
0.600443
0.139357
0.0546684
0.647959
0.217211
0.276971
0.352057
0.523659
0.365415
0.167219
0.337809
0.631376
0.311202
0.00352881
0.142416
0.743529
0.250957
0.563943
0.0227642
0.0377579
0.338052
0.389466
0.35918
0.115267
0.327886
0.239158
0.0119033
0.563727
0.91888
0.0955401
0.689996
0.525137
0.0134185
0.124289
0.274952
0.769397
4.70099e-05
0.81319
0.549889
0.331975
0.211142
0.712723
0.148963
0.296402
0.642765
0.445231
0.894835
0.0864126
0.54764
0.00926812
0.0108997
0.0273234
0.570678
0.670919
0.552397
0.418579
0.383927
0.468533
0.0267434
0.367766
0.181447
0.412031
0.306108
0.720978
0.411058
0.396701
0.564567
0.298326
0.0247507
0.319475
0.527029
0.59157
0.827083
0.212032
0.671097
0.339984
0.620639
0.383938
0.448362
0.592341
0.362887
0.489165
0.743
0.498578
0.411216
0.0879101
0.518334
0.672666
0.000196538
0.688576
0.0407625
0.00534643
0.146039
0.4266
0.724961
0.294334
0.715252
0.46746
0.329027
0.0122353
0.528908
0.720958
0.154167
0.414184
0.0251867
0.294253
0.405281
0.542981
0.135861
0.0362386
0.621181
0.568653
0.0599779
0.126245
0.628566
0.598816
0.125135
0.238612
0.00737417
0.650419
0.760734
0.426617
0.0295751
0.676248
0.197797
0.496606
0.261238
0.433199
0.325631
0.199134
0.605719
0.0408643
0.0199419
0.0900318
0.374244
0.633854
0.714046
0.366184
0.0599368
0.497796
0.00113009
0.28989
0.671505
0.637481
0.0180851
0.899806
0.00017456
0.540754
0.381179
0.305035
0.218489
0.241542
0.405215
0.466729
0.594418
0.399608
0.0224813
0.782899
0.0527199
0.296047
0.0435648
0.543459
0.277498
0.0242237
0.237254
0.398074
0.369703
0.759928
0.621581
0.615607
0.790311
0.113732
0.360854
0.0131325
0.460563
0.544134
0.0454099
0.431357
0.798756
0.416158
0.138008
0.0237149
0.0653421
0.200893
0.712816
0.0930715
0.138447
0.119798
0.0594601
0.0423859
0.709941
0.751898
0.556623
0.505089
0.539883
0.491259
0.0762371
0.33977
0.0114073
0.20593
0.15675
0.339181
0.694645
0.208291
0.373278
0.738277
0.00741471
0.00072513
0.300199
0.310035
0.041484
0.0661627
0.727374
0.504447
0.107579
0.449658
0.434202
0.629857
0.493725
0.498365
0.171033
0.0313843
0.00427895
0.797987
0.352478
0.0998246
0.386426
0.104803
0.479875
0.572631
0.0389863
0.603792
0.0932658
0.486887
0.478222
0.0353169
0.702148
0.406967
0.10576
0.856517
0.375659
0.688856
0.609318
0.586635
0.560596
0.150766
0.812801
0.700698
0.546231
0.282055
0.166382
0.576247
0.70377
0.304485
0.332081
0.247749
0.410123
0.569554
0.18595
0.537112
0.270917
0.761914
0.728552
0.262463
0.834051
0.783603
0.128988
0.452162
0.173242
0.00488715
0.440568
0.45545
0.324611
0.00348984
0.0282914
0.0125941
0.362946
0.0645562
0.607474
0.406007
0.299619
0.0645962
0.56406
0.232516
0.660845
0.0995009
0.501679
0.26704
0.509919
0.0785243
0.56248
0.535363
0.482687
0.507241
0.220604
0.324589
0.275498
0.526082
0.00265938
0.0384462
0.489059
0.623076
0.523091
0.480597
0.561534
0.741797
0.459483
0.604018
0.70287
0.322194
0.612535
3.55093e-05
0.644932
0.00118076
0.0301835
0.116664
0.00749005
0.67491
0.559001
0.0627544
0.541633
0.353052
0.649681
0.344697
0.487929
0.638246
0.240891
0.0511742
0.303151
0.476562
0.487805
0.502025
0.738576
0.523526
0.886975
0.0567972
0.631441
0.224096
0.00123601
0.864549
0.658851
0.519587
0.187128
0.50926
0.338177
0.625985
0.496306
0.00186493
0.331196
0.02369
0.0432388
0.423737
0.18596
0.372591
0.32643
0.00143895
0.297174
0.00650931
0.460106
0.000175715
0.309064
0.192894
0.716432
0.0605718
0.575401
0.765207
0.379415
0.384256
0.582003
0.675231
0.0343697
0.12816
0.582808
0.391375
0.107151
0.59641
0.0653741
0.0960018
0.12642
0.626094
0.612749
0.00215686
0.351614
0.499011
0.219005
0.363793
0.302696
0.323785
0.137534
0.109292
0.67543
0.0476063
0.571075
0.23323
0.718412
0.238867
0.0181016
0.612607
0.418874
0.0353474
0.000896213
0.416628
0.151736
0.542739
0.445213
0.297518
0.0135441
0.552872
0.0270246
0.282477
0.238915
0.157587
0.642423
0.240815
0.306746
0.725909
0.028316
0.812253
0.389304
0.016924
0.0233929
0.682019
0.341932
0.063292
0.476374
0.0347377
0.0108408
0.657314
0.204401
0.0106098
0.205828
0.186869
0.490025
0.0967925
0.433998
0.277193
0.314777
0.360779
0.429893
0.185126
0.555308
0.38933
0.00849256
0.799677
0.751099
0.00489077
0.0134617
0.166882
0.627566
0.723583
0.0660709
0.5358
0.227395
0.383645
0.610658
0.0318948
0.0255806
0.29144
0.696084
0.318814
0.0610701
0.452634
0.718271
0.264839
0.486494
0.229577
0.835119
0.0892321
0.733688
0.743317
0.432786
0.0606343
0.100191
0.271659
0.649395
0.686143
0.259485
0.0169809
0.597917
0.670133
0.818261
0.903762
0.483941
0.291625
0.266485
0.679916
0.0109782
0.358738
0.704929
0.559669
0.508463
0.156461
0.218035
0.628815
0.355627
0.0537908
0.156609
0.294308
0.60618
0.639747
0.454214
0.0891665
0.723982
0.00535396
0.0955814
0.385969
0.534559
0.218299
0.338252
0.111658
0.223071
0.436094
0.51585
0.38079
0.711697
0.259698
0.787587
0.335631
0.0452668
0.591676
0.116879
0.301151
0.10085
0.448524
0.044161
0.00844732
0.749125
0.000252507
0.473355
0.225085
0.184361
0.141689
0.308583
0.00476605
0.0259931
0.265625
0.336046
0.643222
0.423893
0.451421
0.421571
0.520438
0.392966
0.90608
0.287002
0.00213347
0.319013
0.681604
0.177398
0.643858
0.781813
0.776545
0.446133
0.891425
0.478617
0.612109
0.10726
0.727572
0.753422
0.201481
0.691945
0.451525
0.167564
0.769112
0.0263315
0.00112899
0.477362
0.0532267
0.432392
0.45011
0.0121175
0.36181
0.000302087
0.387565
0.414083
0.242724
0.213919
0.781643
0.810164
0.261553
0.508075
0.0630955
0.167449
0.340046
0.302854
0.149966
0.409456
0.849257
0.122253
0.480903
0.567629
0.30776
0.300828
0.549246
0.451289
0.575695
0.164086
0.033705
0.130998
0.714488
0.203439
0.587416
0.00268972
0.00827406
0.224569
0.50833
0.297781
0.796236
0.5399
0.101703
0.484627
0.0620538
0.367041
0.570822
0.113843
0.0772882
0.486153
0.54502
0.309859
0.327783
0.50401
0.472598
0.512027
0.553254
0.493878
0.4103
0.218137
0.1554
0.716063
0.264614
0.345477
0.91104
0.531437
0.0109173
0.371465
0.0709301
0.210463
0.0346986
0.394928
0.0125739
0.0132614
0.424325
0.497306
0.096463
0.288565
0.0440577
0.250904
0.00489007
0.0426903
0.252105
0.34993
0.168953
0.0202568
0.0827627
0.543053
0.557529
0.0429135
0.544539
0.248806
0.638291
0.396382
0.0979151
0.600905
0.407643
0.114817
0.445894
0.279179
0.598361
0.225876
0.604211
0.331717
0.101344
0.378223
0.455621
0.0807611
0.30277
0.014452
0.2197
0.799093
0.563565
0.00711662
0.284562
0.453693
0.573389
0.600985
0.162987
0.219894
0.180556
0.260099
0.265256
0.741408
0.482687
0.828495
0.451695
0.54239
0.0075955
0.00486328
0.748054
0.814331
0.507257
0.12125
0.266379
0.491039
0.661795
0.377621
0.280566
0.0105649
0.032069
0.796159
0.0635408
0.627597
0.59849
0.0148784
0.342795
0.139114
0.248918
0.343035
0.139227
0.132932
0.642122
0.0474826
0.518145
0.112751
0.57224
0.34507
0.00297554
0.68904
0.877447
0.0357656
0.851442
0.296036
0.336142
0.604063
0.454919
0.245752
0.0215779
0.0404875
0.551908
0.19583
0.374373
0.282694
0.315698
0.276241
0.34872
0.465623
0.166468
0.024577
0.197615
0.486646
0.518556
0.139102
0.48807
0.00166707
0.459249
0.5921
0.0462825
0.61823
0.0201355
0.00417471
0.516649
0.604736
0.427168
0.606
0.0199023
0.000842888
0.0290381
0.125392
0.493132
0.38435
0.0306916
0.379534
0.555157
0.0583927
0.217542
0.151103
0.303
0.159361
0.328467
0.246234
0.717291
0.528532
0.221856
0.0905045
0.0105143
0.514463
0.034037
0.485744
0.114464
0.393056
0.310468
0.502982
0.000395943
0.0229484
0.290888
0.391204
0.0489206
0.390951
0.788599
0.344441
0.244581
0.0607076
0.508017
0.602749
0.0367039
0.215434
0.752913
0.516941
0.469667
0.258521
0.507061
0.50914
0.0492032
0.0564809
0.659252
0.589404
0.332833
0.72683
0.548577
0.256772
0.471881
0.0751812
0.776623
0.704682
0.631646
0.165425
0.0899903
0.763994
0.4091
0.448406
0.0443514
0.477229
0.727815
0.521637
0.495658
0.63539
0.592871
0.356759
0.67007
0.193924
0.0354774
0.682707
0.0592351
0.302063
0.159782
0.00343359
0.583364
0.389543
0.366814
0.382348
0.585805
0.410819
0.681739
0.313109
0.118291
0.425959
0.51558
0.31993
0.419839
0.542925
0.0132331
0.146004
0.414266
0.242063
0.25784
0.648636
0.634534
0.591502
0.387991
0.00286411
0.647303
0.466768
0.23347
0.35261
0.465291
0.720655
0.709543
0.0386617
0.462799
0.317021
0.0530294
0.663181
0.00546927
0.656415
0.548925
0.462711
0.227755
0.698263
0.494385
0.337473
0.469264
0.0536142
0.0274574
0.373849
0.741889
0.530727
0.306923
0.670927
0.656088
0.446363
0.624753
0.0140984
0.123744
0.543564
0.347419
0.521079
0.659839
0.521903
0.0485948
0.00109424
7.15686e-05
0.757451
0.253562
0.194562
0.463335
0.0586661
0.438498
0.721219
0.17752
0.897772
0.723269
0.302972
0.123991
0.106931
0.0185079
0.437497
0.593302
0.404224
0.226561
0.0081759
0.437276
0.703749
0.52295
0.32405
0.634609
0.272877
0.227859
0.623892
0.551465
0.621204
0.634986
0.525768
0.549127
0.421094
0.0809235
0.163066
0.322495
0.00929176
0.296639
0.402299
0.440485
0.805185
0.365753
0.000528633
0.523815
0.0239129
0.570238
0.129687
0.626784
0.886806
0.0129189
0.520355
0.705166
0.319376
0.0104831
0.884764
0.00761943
0.449945
0.611528
0.378724
0.918502
0.0384637
0.251385
0.226568
0.0694249
0.00368443
0.381255
0.0446949
0.56791
0.815735
0.428101
0.709163
0.135928
0.33668
0.547097
0.49476
0.528852
0.687671
0.0346003
0.642935
0.318239
0.0618869
0.420499
0.518212
0.304574
5.47727e-05
0.475769
0.421111
0.673229
0.0737299
0.0309577
0.0272252
0.00114009
0.241106
0.618045
0.686906
0.0578045
0.061078
0.307993
0.629415
0.548287
0.495714
0.940412
0.422462
0.563168
0.39357
0.634171
0.746545
0.235183
0.367546
0.150767
0.00190009
0.816155
0.00306585
0.477999
0.669402
0.861779
0.360417
0.631219
0.677178
0.705433
0.621824
0.106977
0.545087
0.382821
0.300815
0.746699
0.719256
0.136922
0.578112
0.00204266
0.528628
0.0326635
0.512065
0.509084
0.466165
0.194149
0.3279
0.704411
0.0122323
0.361943
0.105482
0.0108873
0.00398808
0.0777722
0.807712
0.0066011
0.0120645
0.245853
0.506582
0.598155
0.314252
0.536863
0.0207914
0.789087
0.379949
0.0144282
0.641163
0.493138
0.041032
0.498199
0.211629
0.0129041
0.61994
0.019869
0.520742
0.603031
0.745633
0.846958
0.239548
0.422094
0.655705
0.75573
0.638557
0.365036
0.440286
0.306988
0.63115
0.0145067
0.659959
0.659609
0.805138
0.103787
0.427809
0.0289832
0.610866
0.305598
0.352591
0.0105862
0.0981616
0.0235875
0.495719
0.83214
0.567747
0.130588
0.365367
0.259697
0.0107333
0.570331
0.31462
4.52911e-05
0.0345138
0.74322
0.16304
0.726078
0.608834
0.833012
0.265345
0.747496
0.522494
0.094271
0.000683405
0.389971
0.83525
0.21634
0.243467
0.532736
0.0122045
0.00581005
0.711172
0.378609
0.685626
0.149697
0.5093
0.403853
0.15755
0.715527
0.435728
0.00741421
0.682554
0.723991
0.0350513
0.356758
0.808947
0.494747
0.0106436
0.0467438
0.0390926
0.729112
0.362713
0.604051
0.908637
0.613965
0.678196
0.0215738
0.752616
0.619065
0.546191
0.115285
0.47612
0.424714
0.101574
0.445704
0.607926
0.164379
0.0365538
0.392657
0.841329
0.775793
0.400337
0.522799
0.0488405
0.0500571
0.011959
0.121394
0.655589
0.86827
0.394215
0.161361
0.461077
0.690205
0.333777
0.877402
0.72759
0.703224
0.218423
0.756551
0.49842
0.113469
0.361205
0.330052
0.294931
0.302783
0.333006
0.183737
0.256225
0.565406
0.40152
0.32816
0.533261
0.483195
0.00338634
0.0702288
0.492474
0.00220502
0.318444
0.44431
0.718896
0.324287
0.082157
0.104724
0.0899241
0.301045
0.66659
0.382414
0.100656
0.258422
0.49452
0.367222
0.0101162
0.5066
0.0921097
0.660617
0.0813275
0.667569
0.0378346
0.605033
0.00580636
0.588501
0.00307578
0.438148
0.534519
0.0472367
0.647227
0.0156248
0.187059
0.00242286
0.0107268
0.587393
0.667351
0.28022
0.443338
0.523896
0.338116
0.287069
0.547599
0.775561
0.571164
0.303187
0.738432
0.129696
0.228028
0.0923207
0.316911
0.283649
0.000717701
0.692895
0.611965
0.186115
0.380763
0.631727
0.0162685
0.222929
0.616891
0.512103
0.749812
0.788758
0.521382
0.409066
0.263658
0.409118
0.439581
0.331544
0.62531
0.435955
0.311468
0.135192
0.661641
0.630268
0.0029355
0.844477
0.152289
0.632752
0.681338
0.875183
0.672834
0.617197
0.0445413
0.0182913
0.213963
0.0261886
0.129771
0.527834
0.528521
0.366665
0.24421
0.504154
0.53339
0.517822
0.417971
0.725572
0.709461
0.468694
0.831974
0.73045
0.450797
0.728186
0.128735
0.133145
0.00128051
0.416437
0.227492
0.346141
0.502126
0.507542
0.0431935
0.150413
0.277259
0.0196175
0.821731
0.203072
0.608932
0.582379
0.0199396
0.473935
0.107244
0.575808
0.395544
0.482581
0.294394
0.577968
0.673297
0.0528896
0.556203
0.462349
0.0275493
0.0391582
0.282204
0.368229
0.523503
0.20039
0.0367463
0.400741
0.390093
0.658261
0.57016
0.495673
0.0990562
0.0850009
0.444976
0.498287
0.852409
0.666034
0.329019
0.03426
0.561189
0.453158
0.549294
0.569056
0.304484
0.357501
0.526022
0.802327
0.164003
0.0437226
0.0366117
0.00534189
0.736214
0.281483
0.751506
0.391611
0.340291
0.166978
0.717684
0.23978
0.529641
0.334746
0.581541
0.749316
0.557244
0.579237
0.424099
0.0100923
0.87257
0.283455
0.00942075
0.0196486
0.610369
0.0276174
0.264542
0.641875
0.705096
0.525372
0.259168
0.0948243
0.388411
0.478023
0.00100367
0.712265
0.713876
0.749012
0.0996836
0.190493
0.765886
0.15249
0.780072
0.0887935
0.00152136
0.41955
0.00520728
0.245047
0.615612
0.00258223
0.677105
0.280645
0.764216
0.951943
0.466821
0.53006
0.253928
0.198996
0.569219
0.595779
0.644398
0.146728
0.389346
0.125934
0.321533
0.701652
0.0124582
0.1461
0.791516
0.355524
0.161274
0.0643387
0.670413
0.00393084
0.351066
0.333409
0.166774
0.667915
0.675557
0.110447
0.436431
0.338681
0.531086
0.0802191
0.829303
0.64512
0.022193
0.564212
0.479271
0.00825452
0.339436
0.614155
0.50151
0.779904
0.251635
0.306592
0.299379
0.00161004
0.00334154
0.382684
0.0597392
0.00320656
0.00162176
0.391404
0.512499
0.650549
0.0607234
0.17951
0.610058
0.46635
0.259049
0.30604
0.623211
0.943652
0.537506
0.328479
0.742761
0.559948
0.0727228
0.498487
0.000603345
0.0121112
0.36297
0.417349
0.1469
0.510638
0.355486
0.178788
0.489241
0.355096
0.201066
0.882097
0.0161794
0.30761
0.181866
0.441494
0.36645
0.440825
0.526303
0.585031
0.746976
0.454828
0.0203709
0.0581515
0.0371786
0.625907
0.388431
0.661451
0.148538
0.633869
0.103753
0.259796
0.528377
0.481694
0.627547
0.881818
0.542425
0.0881336
0.10072
0.58521
0.0365328
0.769459
0.0014506
0.639215
0.489091
0.777016
0.276229
0.22944
0.146089
0.104258
0.00166296
0.498581
0.258801
0.663065
0.821777
0.657374
0.645707
0.431288
0.166844
0.358274
0.660204
0.587399
0.444273
0.388682
0.0527495
0.807183
0.0151694
0.674007
0.113001
0.0311502
0.0408053
0.694179
0.632856
0.0817214
0.52486
0.207634
0.589803
0.253931
0.536926
0.449271
0.480434
0.0361021
0.671759
0.72736
0.342706
0.188156
0.0327287
0.594519
0.0790275
0.595928
0.0327391
0.109807
0.315106
0.105418
0.260686
0.0215877
0.338705
0.104158
0.00224435
0.54476
0.297466
0.333069
0.0442798
0.23541
0.188786
0.432032
0.145927
0.474498
0.644552
0.451064
0.123541
0.0149201
0.510866
0.308195
0.0214392
0.390954
0.262101
0.613725
0.000915972
0.0024111
0.347447
0.142028
0.724935
0.517797
0.56472
0.601114
0.718732
0.0367556
0.398021
0.483255
0.00422894
0.480573
0.132675
0.653876
0.299386
0.485933
0.735343
0.747714
0.214502
0.0674561
0.393259
0.168597
0.0215568
0.68467
0.536134
0.750625
0.62404
0.438301
0.193846
0.140446
0.820037
0.106964
0.663914
0.534317
0.579124
0.666436
0.0461943
0.307581
0.313882
0.518797
0.703124
0.687285
0.429174
0.43121
0.528213
0.204352
0.0369987
0.27758
0.414082
0.429738
0.00102625
0.788437
0.118826
0.0042111
0.686154
0.562062
0.0189804
0.215944
0.768922
0.844188
0.721803
0.461316
0.80632
0.338289
0.645952
0.364399
0.315111
0.010859
0.71007
0.291143
0.302628
0.668973
0.621881
0.0242135
0.568851
0.00159061
0.605673
0.00213589
0.741239
0.0925029
0.424717
0.462553
0.18679
0.138057
0.719309
0.0330775
0.426072
0.724599
0.026184
0.508437
0.00742064
0.0276756
0.282097
0.191725
0.00664368
0.294053
0.756243
0.356459
0.419859
0.00706107
0.139956
0.217458
0.109578
0.37881
0.438924
0.378479
0.0766188
0.381452
0.00895667
0.417968
0.446461
0.0262251
0.0179015
0.341017
0.105442
0.00878693
0.399754
0.284588
0.739451
0.677615
0.48144
0.737658
0.739312
0.0616769
0.204453
0.618672
0.694086
0.652104
0.212182
0.117006
0.572628
0.133145
0.234396
0.521235
0.362842
0.359908
0.308792
0.364308
0.681695
0.22144
0.0110099
0.687536
0.0639888
0.00989811
0.615831
0.434258
0.397928
0.360566
0.204522
0.541376
0.0980637
0.43753
0.494022
0.443441
0.404949
0.539786
0.297454
0.675677
0.0358397
0.0185208
0.31905
0.393195
0.743896
0.192971
0.264539
0.0251768
0.59366
0.313539
0.694589
0.415303
0.438622
0.177058
0.149905
0.640745
0.289934
0.834395
0.000411544
0.0541478
0.186925
0.809767
0.30709
0.572485
0.0682527
0.298396
0.495182
0.0409591
0.534648
0.323542
0.197099
0.275452
0.311021
0.0137492
0.209397
0.0113032
0.549831
0.573768
0.694589
0.224078
0.879979
0.719719
0.641388
0.748592
0.595622
0.829421
0.105045
0.263406
0.198874
0.824789
0.795896
0.00961993
0.358525
0.695752
0.254836
0.5524
0.401835
0.593567
0.728552
0.29647
0.153876
0.663333
0.00641445
0.0353376
0.561953
0.410126
0.782242
0.0188223
0.340809
0.240569
0.0809028
0.42873
0.658178
0.413958
0.181882
0.0448807
0.216619
0.000637992
0.821084
0.520733
0.650542
0.819777
0.645785
0.0601003
0.358005
0.545903
0.668289
0.0090141
0.20811
0.00732649
0.153373
0.305298
0.0232334
0.118263
0.0181835
0.0519975
0.0185017
0.311624
0.543525
0.530319
0.214382
0.311698
0.716098
0.00550336
0.557144
0.221879
0.356474
0.393802
0.168624
0.402624
0.00971455
0.583362
0.0992859
0.479096
0.0138465
0.0493828
0.461919
0.321311
0.678876
0.43084
0.237755
0.785802
0.631663
0.436418
0.30432
0.581724
0.0332333
0.504163
0.473408
0.0151668
0.00221239
0.523223
0.0560597
0.135848
0.613335
9.11655e-05
0.264737
0.0160371
0.325455
0.0787082
0.508422
0.192114
0.503896
0.348453
0.0369521
0.0281298
0.0078921
0.537726
0.195612
0.385632
0.419494
0.00766623
0.490019
0.461531
0.407555
0.310169
0.105507
0.624727
0.326568
0.264451
0.11654
0.501378
0.436911
0.267577
0.476222
0.469924
0.291385
0.706859
0.516583
0.628012
0.396281
0.307021
0.163396
0.0934687
0.759287
0.340533
0.0274538
0.214634
0.836147
0.0424957
0.300247
0.393738
0.23998
0.340523
0.0520544
0.30782
0.284273
0.356161
0.607549
0.0259778
0.186357
0.384957
0.103213
0.0867762
0.0312663
0.276578
0.486679
0.341866
0.00702912
0.130998
0.767822
0.593986
0.260593
0.829462
0.541145
0.360328
0.00787462
0.116132
0.00108383
0.14626
0.00357168
0.0125721
0.088208
0.323603
0.324743
0.517909
0.519177
0.273092
0.396233
0.269474
0.801813
0.696596
0.0617452
0.384375
0.703608
0.0122446
0.208305
0.782147
0.480306
0.548259
0.760665
0.103065
0.394757
0.0323346
0.310483
0.495947
0.518587
0.576546
0.00396937
0.574749
0.892687
0.65181
0.0954877
0.732279
0.723088
0.376462
0.222971
0.498628
0.0220725
0.651681
0.181453
0.776092
0.559023
0.0703198
0.522195
0.781479
0.271537
0.359898
0.277189
0.790435
0.130228
0.534795
0.280054
0.362887
4.13768e-05
0.179849
0.573859
0.014852
0.371081
0.00295744
0.24201
0.643551
0.082931
0.765471
0.304365
0.453627
0.0160602
0.365463
0.21782
0.297479
0.564671
0.575802
0.649706
0.518053
0.518325
0.37601
0.0377055
0.0130596
0.585098
0.327146
0.402789
0.314464
0.0374881
0.228248
0.214422
0.503418
0.00163135
0.672599
0.0903694
0.660686
0.59677
0.551895
0.787616
0.421104
0.267792
0.593381
0.549364
0.0208944
0.650546
0.519276
0.170934
0.164864
0.1021
0.349544
0.453755
0.0440859
0.280992
0.514618
0.301264
0.622678
0.58866
0.616682
0.00644595
0.712719
0.19275
0.602533
0.758547
0.610478
0.167895
0.261514
0.484016
0.379283
0.666769
0.373926
0.523597
0.00204635
0.369198
0.386208
0.648059
0.178399
0.595732
0.00448074
0.376229
0.0747374
0.473213
0.077123
0.593493
0.10734
0.371369
0.152567
0.0331195
0.751162
0.0520984
0.750073
0.0409532
0.716579
0.386343
0.230211
0.0538752
0.28035
0.296634
0.0437521
0.767704
0.566355
0.431935
0.00625597
0.495692
0.257816
0.755615
0.111559
0.166355
0.523646
0.39177
0.00925941
0.549108
0.295597
0.60203
0.311268
0.42658
0.780758
0.117914
0.486825
0.613772
0.0310545
0.0238996
0.777098
0.103506
0.408363
0.00859289
0.221585
0.706117
0.592279
0.149281
0.157794
0.381488
0.534679
0.673729
0.269508
0.54838
0.00277608
0.752795
0.340522
0.0106073
0.367243
0.268379
0.753311
0.597923
0.0160884
0.242527
0.55049
0.281692
0.854845
0.0468739
0.386201
0.169964
0.668618
0.10092
0.31716
0.38176
0.698789
0.799463
0.252236
0.482961
0.00707129
0.160522
0.59369
0.143459
0.242956
0.347725
0.254857
0.359828
0.608966
0.615805
0.105247
0.488031
0.060035
0.00205325
0.285866
0.560438
0.515686
0.265634
0.291729
0.355877
0.553288
0.358898
0.00578234
0.687009
0.240951
0.890252
0.378949
0.104649
0.0135484
0.561321
0.519868
0.0747504
0.0166099
0.637111
0.443849
0.048561
0.42616
0.653878
0.729521
0.324479
0.208152
0.787252
0.0530423
0.538785
0.66365
0.330496
0.152854
0.725365
0.702112
0.112425
0.000282853
0.437869
0.630458
0.6134
0.00284922
0.0984662
0.825829
0.678848
0.610753
0.187381
0.453258
0.00523121
0.0150924
0.0911169
0.200423
0.0604455
0.26239
0.296226
0.165492
0.417301
0.222758
0.553752
0.682819
0.717388
0.046844
0.0523722
0.49776
0.590782
0.454912
0.192667
0.621849
0.390333
0.05446
0.467616
0.615305
0.00125437
0.342157
0.547872
0.677774
0.544163
0.510196
0.509107
0.776934
0.316961
0.515691
0.206406
0.23566
0.497984
0.0144943
0.0370063
0.531914
0.115128
0.612068
0.179225
0.685504
0.641823
0.000198531
0.777061
0.0895916
0.118023
0.00710538
0.273637
0.664656
0.181461
0.326701
0.500492
0.0436657
0.00698957
0.0280081
0.770261
0.414075
0.792258
0.513747
0.714209
0.834047
0.271883
0.441297
0.231848
0.641995
0.546658
0.0459017
0.0413415
0.134956
0.211902
0.512643
0.589494
0.557687
0.369736
0.109327
0.0277177
0.287697
0.648817
0.175137
0.266333
0.708871
0.00652734
0.028358
0.410239
0.06149
0.143549
0.328476
0.467885
0.297553
0.636299
0.20614
0.365429
0.426502
0.0971339
0.486581
0.319028
0.352608
0.313287
0.477862
0.321837
0.0884622
0.599874
0.815416
0.630578
0.496674
0.452379
0.0978557
0.182186
0.635304
0.457838
0.827477
0.745492
0.487211
0.159854
0.613012
0.661852
0.0493354
0.530164
0.479137
0.382491
0.240308
0.170326
0.514297
0.299153
0.11171
0.524925
0.177305
0.0937936
0.0498639
0.39421
0.0017103
0.483993
0.0974554
0.229823
0.239189
0.658177
0.110018
0.266049
0.38812
0.0515705
0.0644303
0.387644
0.0469501
0.0837803
0.626442
0.773699
0.0191534
0.405601
0.166692
0.488338
0.416633
0.115561
0.392515
0.572473
0.27965
0.475465
0.594168
0.23591
0.504618
0.586053
8.69262e-05
0.565809
0.171925
0.43809
0.430075
0.105893
0.475675
0.624244
0.519657
0.38692
0.202009
0.844986
0.287475
0.321168
0.547058
0.354423
0.54029
0.61706
0.502157
0.47559
0.233436
0.703175
0.0460178
0.179266
0.0743347
0.476458
0.645196
0.479771
0.0258224
0.148193
0.484181
0.0514781
0.0480738
0.233636
0.666364
0.735273
0.536456
0.767462
0.29952
0.130268
0.481752
0.0095501
0.548676
0.171419
0.113409
0.00615392
0.306067
0.784126
0.840669
0.218698
0.129971
0.539955
0.558169
0.207598
0.00346202
0.675649
0.32169
0.44247
0.761567
0.165485
0.595902
0.0338279
0.219184
0.420858
0.793021
0.831834
0.434986
0.0856838
0.0578097
0.498759
0.455475
0.603806
0.227552
0.36181
0.416764
0.693489
0.378985
0.0469192
0.00433145
0.546862
0.783374
0.353039
0.359959
0.0110861
0.488073
0.190795
0.253037
0.244857
0.0661704
0.285606
0.712609
0.14705
0.13563
0.48638
0.0833816
0.729805
0.00391824
0.688164
0.387648
0.0725351
0.172062
0.0156392
0.610757
0.417997
0.482405
0.297204
0.325623
0.0264826
0.810114
0.281043
0.679019
0.305996
0.179391
0.0351345
0.435729
0.511185
0.214696
0.875082
0.065124
0.443163
0.838504
0.432275
0.0634741
0.309406
0.401049
0.665636
0.288864
0.694698
0.108078
0.337049
0.553294
0.296287
0.226746
0.242507
0.160355
0.2541
0.0276355
0.586532
0.445542
0.0854052
0.299734
0.696675
0.0424605
0.00640542
0.519234
0.107709
0.40931
0.637988
0.405071
0.226825
0.528712
0.384221
0.283306
0.0378849
0.0152284
0.234579
0.0281142
0.0117657
0.588812
0.343647
0.0301121
0.563259
0.277838
0.0035616
0.70465
0.300912
0.575779
0.427434
0.125117
0.405531
0.541062
0.215133
0.000346424
0.631947
0.0701389
0.397402
0.337918
0.514318
1.7789e-05
0.319251
0.0339635
0.504811
0.482752
0.311928
0.0177036
0.727469
0.595405
0.8835
0.000848568
0.646186
0.479858
0.472769
0.000130761
0.794518
0.527459
0.28861
0.550141
0.0689274
0.280294
0.847151
0.415572
0.481726
0.564798
0.605099
0.566662
0.177459
0.450312
0.262597
0.43118
0.644207
0.203704
0.0300143
0.721381
0.614219
0.0541635
0.813764
0.411956
0.00195717
0.0197405
0.43391
0.613751
0.339893
0.330642
0.0131811
0.116209
0.34424
0.77557
0.0234604
0.0674372
0.491904
0.319287
0.490547
0.277583
0.627955
0.892814
0.674095
0.0701929
0.227165
0.252484
0.0259328
0.00290049
0.00601549
0.529706
0.257894
0.439765
0.65708
0.566758
0.0310232
0.310755
0.201593
0.045133
0.0851109
0.575389
0.265922
0.521845
0.522723
0.0101739
0.69563
0.201844
0.579796
0.0978211
0.0112952
0.0771963
0.390129
0.81854
0.0832523
0.584278
0.230979
0.667629
0.0689508
0.0325024
0.0789609
0.00426388
0.456196
0.382982
0.520762
0.658766
0.412607
0.373436
0.00245504
0.282839
0.109547
0.172979
0.646933
0.356635
0.506679
0.531654
0.244914
0.0715722
0.0963972
0.048592
0.433858
0.396538
0.708397
0.0119091
0.065239
0.0347651
0.378881
0.796839
0.356816
0.746305
0.276921
0.416682
0.651798
0.177294
0.0125137
0.317893
0.2338
0.83784
0.904449
0.71792
0.622437
0.177208
0.0452641
0.671099
0.120744
0.508034
0.277379
0.0195785
0.168031
0.58467
0.352644
0.521982
0.512894
0.0127911
0.000750537
0.101139
0.412338
0.179654
0.455156
0.0890532
0.320895
0.668155
0.0929927
0.0191677
0.602622
0.624162
0.101721
0.742472
0.0654037
0.367435
0.228432
0.322327
0.680624
0.00148634
0.348674
0.539461
0.579277
0.413492
0.315858
0.815671
0.495052
0.0372889
0.198065
0.00121196
0.000666822
0.0681727
0.631913
0.470428
0.0392738
0.572337
0.217757
0.189572
0.644531
0.400185
0.299743
0.00703187
0.550033
0.389255
0.19046
0.511467
0.475851
0.515662
0.612463
0.332052
0.61264
0.569349
0.682564
0.188007
0.255125
0.018973
0.577188
0.0156825
0.0285757
0.2552
0.68679
0.920592
0.378837
0.0784407
0.000587473
0.84567
0.641684
0.0256255
0.693685
0.574738
0.589473
0.246673
0.0270142
0.0500137
0.477026
0.499262
0.125741
0.0397767
0.55697
0.649922
0.228216
0.019978
0.630204
0.719524
0.0729026
0.317043
0.00169596
0.382603
0.448992
0.595986
0.0625302
0.746818
0.220603
0.0163679
0.545555
0.724523
0.774983
0.0340814
0.812873
0.268681
0.597774
0.47998
0.359336
0.215419
0.360577
0.75697
0.00320533
0.00140195
0.626822
0.365648
0.24524
0.798749
0.500093
0.394893
0.457859
0.262203
0.311478
0.749287
0.0412141
0.0807155
0.518184
0.564304
0.42048
0.490518
0.0302194
0.643992
0.701292
0.441707
0.760541
0.149731
0.554251
0.505753
0.0624996
0.0192157
0.670447
0.0957709
0.464041
0.574581
0.470919
0.380708
0.836575
0.0618982
0.589797
0.0755476
0.316049
0.624399
0.687563
0.634697
0.141232
0.706098
0.000664041
0.392363
0.313133
0.315691
0.29948
0.333204
0.432192
0.238164
0.0997067
0.325077
0.206926
0.359732
0.563487
0.559236
0.795236
0.105892
0.0745035
0.350278
0.623497
0.216903
0.852649
0.217753
0.43411
0.0598569
0.362911
0.242263
0.0209105
0.000874104
0.624154
0.537443
0.719631
0.614226
0.389941
0.436884
0.397734
0.857091
0.0170213
0.530376
0.245297
0.595766
0.439454
0.272703
0.49935
0.266218
0.126448
0.335835
0.208858
0.56454
0.311774
0.529296
0.551031
0.25064
0.34805
0.464616
0.231039
0.656074
0.0258076
0.791215
0.0169205
0.390687
0.0773259
0.00353062
0.533731
0.236337
0.408828
0.200809
0.518382
0.297811
0.502875
0.7992
0.571038
0.605491
0.0334601
0.0957559
0.0718857
0.163006
0.290311
0.633576
0.328692
0.191956
0.423781
0.00822888
0.000635269
0.00449664
0.486452
0.72057
0.486594
0.0195356
6.65309e-05
0.392554
0.508748
0.391694
0.280223
0.193112
0.486059
0.0202697
0.00564122
0.00179911
0.105112
0.51626
0.339269
0.735798
0.285057
0.674295
0.664345
0.142634
0.427434
0.340201
0.266857
0.158329
0.315961
0.1845
0.591423
0.0249936
0.10932
0.20457
0.389076
0.729669
0.75846
0.197051
0.00385092
0.415548
0.541129
0.307948
0.703575
0.608375
0.0616257
0.138651
0.406855
0.0608405
0.752788
0.724084
0.465438
0.503291
0.622235
0.714222
0.12896
0.350812
0.00395787
0.00054502
0.311619
0.356142
0.539993
0.585184
0.032098
0.391526
0.405375
0.496242
0.00191989
0.284224
0.233355
0.553654
0.0159335
0.0436177
0.671087
0.340673
0.0994783
0.534981
0.464951
0.336486
0.856799
0.000809289
0.0974178
0.600474
0.230431
0.664304
0.222235
0.341191
0.0131979
0.599588
0.486456
0.0144568
0.409778
0.660946
0.75288
0.867569
0.631694
0.253361
0.306604
0.430742
0.00329446
0.493526
0.409497
0.574096
0.0426332
0.750035
0.0146954
0.422709
0.199312
0.445535
0.498059
0.0562416
0.112603
0.013873
0.00277231
0.584673
0.126603
0.00841286
5.89528e-05
0.0334014
0.70812
0.428767
0.133555
0.122292
0.0357337
0.410329
0.0561842
0.237343
0.683758
0.366686
0.397451
0.733265
0.00720567
0.557112
0.244317
0.149335
0.788211
0.409259
0.260216
0.541895
0.485119
0.166152
0.329838
0.799376
0.131461
0.037931
0.67544
0.0712112
0.356373
0.428891
0.531645
0.100823
0.143711
0.620315
0.0990935
0.229831
0.342331
0.63151
0.0331086
0.808487
0.617319
0.400074
0.689518
0.695372
0.447671
0.378533
0.561988
0.038198
0.868664
0.0225091
0.443014
0.441005
0.0972728
0.675889
0.526627
0.377048
0.411221
0.5213
0.576903
0.714389
0.0321019
0.485758
0.0423915
0.593269
0.199398
0.533774
6.69558e-05
0.455282
0.138647
0.473251
0.488559
0.501125
0.465775
0.000350393
0.709082
0.0464388
0.30686
0.767522
0.112287
0.197456
0.00215202
0.0834634
0.0015471
0.102386
0.0150017
0.428676
0.399318
0.580212
0.12578
0.661885
0.50372
0.208503
0.378175
0.617917
0.00772176
0.845063
0.740603
0.507
0.705961
0.609922
0.0713127
0.507235
0.266701
0.437982
0.0901243
0.655452
0.0258836
0.0249446
0.218588
0.544917
0.271122
0.0839636
0.710869
0.501761
0.681939
0.00654059
0.0259155
0.249184
0.0618136
0.639085
0.0565566
0.251047
0.45225
0.480099
0.556504
0.689581
0.452026
0.448619
0.485217
0.590067
0.182129
0.624603
0.475944
0.742769
0.569156
0.450714
0.371332
0.00832932
0.37614
0.294136
0.10767
0.192769
0.528605
0.0596812
0.540883
0.176793
0.660678
0.413715
0.238068
0.450952
0.295842
0.901334
0.0530069
0.196933
0.488443
0.215898
0.223755
0.693155
0.404694
0.366859
0.205013
0.619307
0.405574
0.216452
0.340782
0.104758
0.170516
0.450938
0.764431
0.0141234
0.332164
0.412899
0.311513
0.00288075
0.0144702
0.349594
0.555236
0.0969604
0.0733054
0.207561
0.810722
0.528757
0.169185
0.230831
0.257939
0.540182
0.287153
0.457526
0.369308
0.527346
0.695265
0.228999
0.774066
0.0278686
0.198565
0.66623
0.0441
0.708526
0.319458
0.372488
0.509108
0.422311
0.054989
0.105275
0.420274
0.556762
0.51065
0.550411
0.273793
0.418515
0.275146
0.828588
0.498108
0.609299
0.131096
0.290045
0.224291
0.00258565
0.926686
0.0171978
0.411552
0.290408
0.639813
0.441715
0.0846283
7.48366e-05
0.000218198
0.596666
0.787696
0.655838
0.51652
0.588298
0.328689
0.373592
0.779631
0.0927382
0.5062
0.104859
0.108141
0.133153
0.451698
0.805388
0.746925
0.632316
0.0142318
0.336142
0.00429221
0.382772
0.516673
0.157106
0.713787
0.587584
0.346542
0.228689
0.616861
0.380596
0.682192
0.0274081
0.532184
0.662433
0.431131
0.289309
0.613512
0.517771
0.00808414
0.158356
0.762606
0.0392225
0.647293
0.489817
0.485417
0.670493
0.2305
0.37975
0.349144
0.629228
0.200877
0.673135
0.589736
0.000342875
9.68284e-05
0.293829
0.615392
0.143022
0.148282
0.466458
0.0684908
0.447092
0.0941043
0.145631
0.0977344
0.280853
0.187353
0.684438
0.342826
0.715945
0.802335
0.633978
0.237296
0.791349
0.633815
0.182565
0.482053
0.248642
0.106618
0.0398793
0.577402
0.316624
0.0726018
0.447807
0.413449
0.509352
0.0457675
0.701903
0.393764
0.305048
0.398522
0.0270245
0.261117
0.0285496
0.181267
0.588185
0.610326
0.763901
0.18567
0.634909
0.406055
0.499867
0.805781
0.366137
0.0809457
0.752174
0.301515
0.2538
0.292251
0.126383
0.206727
0.685973
0.310623
0.13892
0.503954
0.26763
0.212838
0.841779
0.715948
0.844361
0.0299004
0.209587
0.551421
0.00340508
0.347524
0.831402
0.488439
0.412442
0.0973286
0.6312
0.326889
0.0106289
0.299808
0.297502
0.00709342
0.755603
0.0823515
0.355735
0.0837978
0.0308628
0.659031
0.0732723
0.0180513
0.862619
0.349586
0.790286
0.444792
0.478432
0.155898
0.414395
0.650395
0.452726
0.305936
0.753605
0.740688
0.356125
0.0111928
0.639571
0.199708
0.442668
0.651003
0.464018
0.407199
0.156776
0.636866
0.79721
0.164404
0.192323
0.585866
0.106726
0.131296
0.832599
0.377236
0.181456
0.120725
0.628552
0.680747
0.344917
0.297363
0.762388
0.0184658
0.317326
0.683035
0.688683
0.767383
0.649092
0.770841
0.349828
0.355566
0.298372
0.522471
0.0917682
0.382532
0.663034
0.0940397
0.352761
0.807555
0.872162
0.148139
0.388288
0.10275
0.200838
0.473859
0.410139
0.571669
0.874152
0.728838
0.293231
0.163501
0.453118
0.866636
0.398231
0.913801
0.579924
0.514633
0.223935
0.00255398
0.518476
0.492604
0.597863
0.709017
0.530613
0.000327303
0.497177
0.121875
0.00597344
0.61634
0.346505
0.333414
0.754627
0.609967
0.57897
0.306552
0.680534
0.507762
0.421864
0.476029
0.276326
0.603131
0.504691
0.0714238
0.437261
0.00939796
0.498459
0.0537928
0.323209
0.381119
0.0170333
0.62854
0.34583
0.370926
0.0688091
0.0837715
0.369274
0.190939
0.0570921
0.585231
0.643
0.133601
0.044572
0.670942
0.00794382
0.00210886
0.010745
0.622889
0.564688
0.134953
0.794144
0.495695
6.18393e-05
0.511119
0.723559
0.728728
0.468319
0.580517
0.356949
0.481889
0.805534
0.465557
0.72122
0.22226
0.230424
0.572827
0.319037
0.0939849
0.0409576
0.648705
0.601508
0.473301
0.667958
0.13552
0.409735
0.649258
0.180462
0.280898
0.243044
0.537279
0.377489
0.0620227
0.140278
0.479321
0.298202
0.281338
0.831803
0.640191
0.461455
0.032074
0.283042
0.681704
0.441535
0.635011
0.0744754
0.632286
0.230813
0.055108
0.62196
0.188424
0.298099
0.0980482
0.524485
0.0381364
0.254086
5.44858e-05
0.639654
0.00946059
0.409203
0.908577
0.713107
0.794948
0.488631
0.304437
0.1686
0.149666
0.285639
0.338877
0.447081
0.66752
0.869404
0.490344
0.202664
0.0699309
0.785478
0.369052
0.73645
0.567913
0.82766
0.260407
0.0417968
0.421343
0.658773
0.490833
0.682856
0.0379245
0.770089
0.104284
0.0996159
0.155293
0.263846
0.329655
0.67732
0.750115
0.477072
0.321709
0.33308
0.582559
0.624304
0.292723
0.710222
0.515543
0.453494
0.434852
0.349295
0.515878
0.296386
0.390067
0.119659
0.756222
0.4959
0.700154
0.25392
0.603662
0.0100532
0.0518719
0.134824
0.511491
0.0288939
0.464725
0.761863
0.479213
0.0225169
0.346422
0.35289
0.77563
0.0264479
0.250284
0.0672731
0.291615
0.710628
0.581172
0.148159
0.408368
0.262045
0.217229
0.421622
0.429956
0.0942774
0.333412
0.1719
0.34347
0.175449
0.237916
0.0148716
0.194746
0.313777
0.213306
0.033004
0.694057
0.306485
0.232972
0.00460816
0.104504
0.0683885
0.00432155
0.389743
0.65776
0.339782
0.0549778
0.588235
0.00298561
0.275007
7.38751e-06
0.516104
0.578719
0.592315
0.802171
0.20974
0.606673
0.443246
0.00238985
0.155149
0.36493
0.764869
0.208885
0.0980761
0.109326
0.598468
0.340957
0.327757
0.00111543
0.478074
0.0115312
0.159363
0.322666
0.258175
0.129795
0.760535
0.0046938
0.516579
0.648462
0.618457
0.796943
0.520918
0.693724
0.424307
0.0244865
0.496793
0.700593
0.627278
0.664283
0.00194414
0.0382783
0.0130288
0.19624
0.264695
0.570161
0.098354
0.546862
0.35089
0.905535
0.0477211
0.932053
0.647212
0.131645
0.151276
0.316173
0.771263
0.501353
0.73386
0.47215
0.631858
0.12231
0.474668
0.684493
0.0513962
0.360297
0.518412
0.752856
0.496089
0.452359
0.192302
0.0184028
0.00590289
0.132047
0.67016
0.283806
0.0990745
0.118709
0.629293
0.197793
0.472632
0.0319045
0.712875
0.0762639
0.137857
0.434997
0.657494
0.637545
0.793215
0.0485752
0.705838
0.0365861
0.53728
0.0916132
0.144367
0.204492
0.00940125
0.0800464
0.461318
0.561493
0.775588
0.348314
0.593352
0.0132922
0.474718
0.56631
0.149968
0.496646
0.758214
0.524844
0.526042
0.412429
0.00501225
0.0213991
0.805606
0.0179053
0.134126
0.494657
0.749034
0.542134
0.470219
0.729586
0.417408
0.340615
0.730388
0.825414
0.807485
0.352489
0.502321
0.649918
0.640508
0.0125679
0.547758
0.556959
0.124095
0.770867
0.294378
0.394757
0.0702953
0.28552
0.0107231
0.460655
0.238336
0.739362
0.0161393
0.655835
0.419021
0.580593
0.583409
0.462907
0.424197
0.604784
0.750064
0.00896354
0.0154746
0.301209
0.340572
0.0116409
0.37537
0.589491
0.486437
0.571985
0.465274
0.363912
0.104859
0.550378
0.171787
0.44624
0.0253544
0.508541
0.717759
0.459349
0.292237
0.454049
0.0117589
0.560716
0.074734
0.596193
0.107065
0.838096
0.635817
0.606077
0.144162
0.615873
0.314483
0.230876
0.104241
0.309353
0.32919
0.0782726
0.489171
0.183826
0.000700899
0.129003
0.000750216
0.501317
0.809474
0.381392
0.0731325
0.181253
0.829229
0.698062
0.377877
0.0493076
0.775502
0.256635
0.373917
0.287037
0.464786
0.608679
0.376298
0.288662
0.325407
0.327034
0.437395
0.350482
0.629355
0.501684
0.472803
0.604588
0.672622
0.293157
0.247253
0.142825
0.348409
0.69458
0.842239
0.702463
0.554385
0.88209
0.0855373
0.593645
0.875347
0.531463
0.07382
0.212565
0.123088
0.114297
0.0152579
0.457464
0.631417
0.50724
0.0114106
0.494925
0.94017
0.026742
0.326682
0.0324363
0.689354
0.763593
0.505941
0.490885
0.320147
0.560795
0.21662
0.0435168
0.639506
0.61023
0.136816
0.182204
0.241532
0.147724
0.476299
0.0386445
0.145469
0.0486108
0.567447
0.014403
0.353632
0.038773
0.670617
0.314953
0.123912
0.849851
0.0740091
0.56658
0.00429241
0.365403
0.528821
0.605809
0.257898
0.0979649
0.421059
0.358924
0.602713
0.178232
0.33937
0.304604
0.292642
0.558616
0.0139505
0.355367
0.350571
0.00378414
0.359806
0.746846
0.0286472
0.31084
0.100638
0.382118
0.842458
0.261843
0.486257
0.403473
0.52828
0.191198
0.422999
0.402978
0.735887
0.289221
0.383726
0.0099668
0.507705
0.0691849
0.291471
0.270694
0.000669384
0.554226
0.402645
0.497164
0.310318
0.615388
0.447954
0.602397
0.234155
0.843725
0.759404
0.364826
0.207574
0.172925
0.389035
0.000794967
0.361631
0.101522
0.0513115
0.141615
0.0394626
0.28301
0.693471
0.537744
0.073014
0.498868
0.0184819
0.696932
0.417689
0.451433
0.485044
0.00259714
0.00342026
0.612431
0.0781224
0.387269
0.35613
0.546799
0.0245049
0.0477099
0.468653
0.692993
0.0960666
0.29661
0.467104
0.589884
0.485116
0.53855
0.767592
0.199224
0.390381
0.731684
0.158459
0.06651
0.443918
0.236005
0.568294
0.0151461
0.569192
0.399462
0.309426
0.0135049
0.459386
0.744784
0.208205
0.481151
0.653421
0.541743
0.45368
0.698255
0.607732
0.513588
0.012724
0.382627
0.471409
0.842082
0.523405
0.199752
0.807265
0.511397
0.452745
0.303015
0.190009
0.0968005
0.295474
0.545306
0.384141
0.655853
0.187065
0.520287
0.48006
0.594127
0.24746
0.351577
0.557186
0.520797
0.66613
0.00232045
0.30951
0.0885308
0.36918
0.0444361
0.520884
0.558351
0.657142
0.237425
0.600465
0.574199
0.705023
0.541703
0.379124
0.378941
0.0531712
0.542133
0.0763267
0.363682
0.5533
0.468568
0.289067
0.628646
0.0739393
0.367045
0.668297
0.704483
0.480597
0.575489
0.626089
0.534734
0.50468
0.00495866
0.166173
0.0606833
0.524681
0.0431763
0.205639
0.206758
0.302843
0.623642
0.820473
0.512385
0.708481
0.0614414
0.531689
0.436481
0.722428
0.391733
0.419298
0.307428
0.380156
0.000793204
0.746571
0.113043
0.355792
0.0321302
0.769078
0.399929
0.260398
0.305922
0.457617
0.0203633
0.608639
0.510145
0.355807
0.613072
0.639841
0.416839
0.9564
0.0388028
0.156739
0.125906
0.262235
0.594494
0.00759747
0.711267
0.0533899
0.0464245
0.1868
0.0394244
0.572597
0.697031
0.286044
0.463899
0.116277
0.0937451
0.5417
0.360919
0.523624
0.669694
0.517207
0.000144781
0.129264
0.0332173
0.446127
0.575007
0.599081
0.407364
0.107185
0.761363
0.620615
0.706783
0.89025
0.028703
0.164464
0.00015737
0.459004
0.0439114
0.0829301
0.319722
0.179253
0.715398
0.607935
0.53891
0.163651
0.892039
0.631949
0.588506
0.115461
0.151614
0.00707199
0.144464
0.118991
0.0129836
0.310612
0.752862
0.0813743
0.0268452
0.370987
0.236969
0.0244811
0.00356371
0.354737
0.163247
0.366504
0.632194
0.0816393
0.614868
0.203117
0.0495997
0.343251
0.410893
0.698247
0.556198
0.342092
0.00678032
0.580466
0.720083
0.22668
0.000755729
0.537174
0.22907
0.369752
0.373554
0.0796787
0.827575
0.742828
0.362152
0.0145182
0.101343
0.0304174
0.433027
0.718804
0.0151179
0.577973
0.597042
0.510328
0.643868
0.68076
0.155606
0.665804
0.0547577
0.270631
0.765636
0.692391
0.00230903
0.453926
0.446325
0.67837
0.63638
0.572866
0.394623
0.32613
0.630224
0.734474
0.498506
0.494328
0.552516
0.418083
0.451808
0.627296
0.692458
0.404084
0.547083
0.915536
0.516311
0.704937
0.598554
0.336733
0.736253
0.377475
0.0592754
0.626633
0.163662
0.000977835
0.00273804
0.412891
0.505373
0.0431723
0.588257
0.617996
0.163627
0.395278
0.2294
0.00221453
0.0426283
0.820934
0.376168
0.703177
0.703741
0.296982
0.628842
0.357854
0.414069
0.730049
0.307312
0.623592
0.75958
0.716901
0.580765
0.365001
0.242568
0.403451
0.372448
0.118811
0.480154
0.129861
0.348491
0.399163
0.848967
0.37518
0.562808
0.090301
0.352435
0.249158
0.30094
0.0615404
0.202408
0.546508
0.416473
0.357927
0.339705
0.184516
0.277652
0.227227
0.548432
0.348568
0.265335
0.0809635
0.250634
5.6313e-06
0.164147
0.0825951
0.152176
0.242479
0.188286
0.0534431
0.489101
0.139562
0.848686
0.0673876
0.0904048
0.764697
0.00730058
0.523351
0.00229225
0.112985
0.485431
0.680452
0.700421
0.795059
0.666831
0.451899
0.560007
0.447102
0.507122
0.165118
0.653419
0.575106
0.582636
0.835361
0.681051
0.778706
0.16221
0.553409
0.248175
0.0107804
0.22497
0.634851
0.251804
0.347112
0.626674
0.447291
0.0511937
0.513735
0.0143872
0.0265115
0.618877
0.059719
0.32336
0.404842
0.209237
0.0527939
0.532552
0.815944
0.00463212
0.756313
0.367657
0.802212
0.851958
0.757779
0.460911
0.750633
0.752881
0.368043
0.627164
0.581229
0.350578
0.604207
0.002015
0.674377
0.508969
0.0114198
0.723914
0.745968
0.155473
0.70445
0.142066
0.0133877
0.22452
0.141972
0.508865
0.0925133
0.334822
0.290267
0.246321
0.35663
0.847358
0.0407008
0.0575884
0.810459
0.857096
0.389016
0.56056
0.000445209
0.568271
0.589532
0.794679
0.622735
0.560705
0.353524
0.0137613
0.399259
0.0687547
0.240169
0.0219398
0.422925
0.0128882
0.553854
0.469825
0.615508
0.381047
0.471954
0.217677
0.537288
0.186653
0.702576
0.286648
0.0751894
0.0481384
0.345569
0.596736
0.483128
0.468915
0.48168
0.727713
0.117486
0.602271
0.628332
0.00266312
0.522947
0.514729
0.3008
0.672487
0.0989951
0.0430296
0.44347
0.738503
0.642036
0.402984
0.355319
0.736529
0.0315948
0.31526
0.136884
0.405915
0.491506
0.615461
0.382707
0.472743
0.394862
0.148639
0.0202217
0.207038
0.458726
0.417671
0.819814
0.339481
0.380297
0.461513
0.440215
0.00818099
0.000803142
0.667737
0.520942
0.0893662
0.207761
0.572144
0.55353
0.560384
0.440251
0.295526
0.414098
0.784078
0.535361
0.000575192
0.825153
0.395125
0.346678
0.537268
0.528304
0.56137
0.547796
0.424763
0.339999
0.305888
0.580016
0.0186123
0.753526
0.514548
0.364164
0.381024
0.107793
0.0760946
0.623941
0.712739
0.196038
0.103677
0.449258
0.67508
0.0377528
0.547962
0.113368
0.148044
0.384505
0.0299329
0.0836649
0.745268
0.577454
0.0829135
0.0170041
0.762696
0.323087
0.715625
0.0629437
0.315841
0.140009
0.123855
0.168633
0.0150191
0.0102221
0.0132813
0.599366
0.310214
0.110316
0.469034
0.241794
0.186978
0.683047
0.158723
0.299536
0.210754
0.136922
0.00698987
0.469931
0.50827
0.634662
0.573269
0.057253
0.0603784
0.614451
0.657101
0.0335985
0.0282003
0.0189831
0.630677
0.477345
0.231227
0.773203
0.929804
0.377752
0.636822
0.0223271
0.331269
0.0699138
0.101874
0.80763
0.564975
0.173812
0.0199807
0.580173
0.183889
0.578248
0.727309
0.41944
0.646707
0.340755
0.700739
0.559993
0.459434
0.305384
0.616079
0.092517
0.299361
0.467976
0.0993146
0.759233
0.059264
0.667531
0.387108
0.493404
0.619368
0.739218
0.643465
0.490844
0.626941
0.00355183
0.799766
0.643434
0.508404
0.44564
0.36444
0.467029
0.300132
0.622988
0.222602
0.48011
0.33671
0.508383
0.326
0.0354371
0.758566
0.433784
0.459811
0.431602
0.873778
0.0129632
0.66674
0.429517
0.38194
0.754408
0.591954
0.104583
0.129432
0.318659
0.514493
0.177682
0.266105
0.680114
0.23684
0.40666
0.490491
0.110595
0.01509
0.577827
0.357454
0.218103
0.291729
0.579724
0.665401
0.145702
0.384646
0.154855
0.486375
0.58058
0.129421
0.892259
0.71077
0.774289
0.270407
0.620594
0.141669
0.869296
0.634522
0.407525
0.00524415
0.163121
0.123672
0.705401
0.64537
0.571335
0.134217
0.0319456
0.5506
0.386899
0.00340547
0.7649
0.686927
0.299301
0.700476
0.450465
0.691289
0.707321
0.50542
0.194639
0.4917
0.204723
0.0685304
0.218147
0.427314
0.40528
0.0279629
0.270816
0.68829
0.20364
0.0718722
0.564377
0.713839
0.234918
0.00175082
0.0401481
0.239825
0.620447
0.141206
0.549014
0.431871
0.395729
0.744629
0.132469
0.459544
0.630639
0.0839006
0.382877
0.39323
0.535588
0.476988
0.707478
0.221424
0.123654
0.470585
0.412945
0.658268
0.0474186
0.727202
0.00158342
0.0458846
0.575285
0.463803
0.638352
0.296528
0.691469
0.629762
0.462937
0.627803
0.33502
0.324046
0.01841
0.106291
0.141513
0.357581
0.168825
0.335018
0.290022
0.400302
0.834937
0.587519
0.279525
0.126254
0.544739
0.559225
0.00629572
0.507627
0.310094
0.730332
0.735025
0.269007
0.0678796
0.211644
0.311997
0.429568
0.497648
0.332744
0.0235874
0.0198748
0.111555
0.759369
0.027093
0.0947067
0.13779
0.567506
0.245142
0.150427
0.790892
0.177073
0.407118
0.131947
0.360123
0.62168
0.58399
0.0683263
0.188401
0.189606
0.382378
0.154164
0.557379
0.781085
0.805332
0.198868
0.202924
0.618905
0.506048
0.540266
0.517587
0.473077
0.261496
0.123631
0.788879
0.353649
0.0213331
0.344022
0.564579
0.0192289
0.00787438
0.49618
0.380155
0.1166
0.448695
0.590226
0.10001
0.395624
0.427278
0.600547
0.434793
0.18236
0.694991
0.239097
0.0017327
0.302453
0.0530516
0.255235
0.69278
0.327739
0.876441
0.458447
0.819443
0.515418
0.0250473
0.147394
0.586029
0.112304
0.371711
0.107215
0.540996
0.27732
0.0392639
0.359049
0.411657
0.535725
0.0243576
0.752091
0.219473
0.432808
0.47434
0.480934
0.691663
0.429852
0.0280841
0.507114
0.322241
0.284675
0.621057
0.631095
0.473519
0.269146
0.0385865
0.311993
0.419751
0.877626
0.732146
0.203531
0.296852
0.262835
0.685673
0.672376
0.114784
0.199322
0.0444249
0.100003
0.450067
0.223655
0.0739507
0.199328
0.587162
0.465837
0.213004
0.120362
0.0691623
0.52941
0.686588
0.144573
0.0936004
0.583086
0.517214
0.25061
0.376
0.35136
0.703111
0.68864
0.118417
0.647756
0.456949
0.12432
0.577887
0.371152
0.841301
0.590361
0.433717
0.821798
0.437758
0.340441
0.467454
0.0757417
0.49784
0.661185
0.473904
0.180584
0.592242
0.00638895
0.0100148
0.595949
0.595333
0.452502
0.387004
0.624986
0.481362
0.630043
0.46421
0.0256405
0.634834
0.229098
0.18242
0.716468
0.537541
0.743988
0.0290338
0.287821
0.737245
0.0761078
0.035769
0.613716
0.0456198
0.495171
0.480334
0.515185
0.749507
0.622181
0.591574
0.381653
0.69649
0.196163
0.0465995
0.00135744
0.549162
0.161599
0.00188543
0.692836
0.480434
0.000173063
0.817433
0.498973
0.373976
0.132335
0.506737
0.71242
0.221643
0.737663
0.391238
0.52962
0.000257002
0.267655
0.542793
0.305981
0.324763
0.00677467
0.381409
0.0224722
0.526019
0.0344757
0.316836
0.0748802
0.209438
0.722674
0.63295
0.130677
0.364007
0.728224
0.345442
0.00709797
0.429403
0.811727
0.396658
0.445904
0.42172
0.0474468
0.664321
0.535005
0.000106098
0.383661
0.214835
0.373995
0.747503
0.230419
0.228205
0.31968
0.747298
0.489367
0.00671068
0.694634
0.831843
0.668208
0.459326
0.492108
0.702336
0.234926
0.0126275
0.0223234
0.616667
0.014902
0.751751
0.517651
0.00805521
0.739152
0.75756
0.30379
0.0621549
0.85373
0.449822
0.00185336
0.154818
0.0449276
0.767743
0.327225
0.000206694
0.0526833
0.173541
0.424276
0.0210246
0.165634
0.27844
0.387276
0.0460225
0.287175
0.00635743
0.565275
0.227598
0.817256
0.00825986
0.458933
0.170721
0.542122
0.593841
0.31792
0.357778
0.661473
0.434885
0.610969
0.208022
0.16197
0.345961
0.596554
0.147192
0.599501
0.139196
0.608206
0.0383428
0.854971
0.245953
0.563285
0.770922
0.0593919
0.00172344
0.783373
0.0288153
0.251006
0.642811
0.611043
0.302315
0.663188
0.787532
0.558391
0.875557
0.559474
0.602408
0.690495
0.296339
0.441519
0.156563
0.591592
0.599425
0.0826118
0.47858
0.713151
0.306042
0.0504971
0.454515
0.74708
0.341146
0.850423
0.671887
0.663976
0.185536
0.166633
0.741541
0.72457
0.297846
0.210964
0.416772
0.585169
0.757692
0.652772
0.165484
0.683542
0.0619208
0.72789
0.333277
0.246301
0.510362
0.0501211
0.1953
0.388266
0.207484
0.549266
0.249375
0.382386
0.569502
0.618709
0.613158
0.772722
0.106193
0.677862
0.465809
0.539265
0.335319
0.287776
0.504514
0.517835
0.160257
0.0118756
0.669021
0.0684068
0.936809
0.235217
0.288836
0.202324
0.557791
0.586993
0.317413
0.0974313
0.0318212
0.132307
0.462599
0.518208
0.758879
0.507015
0.457432
0.326305
0.266265
0.246578
0.238448
0.153083
0.222409
0.369662
0.776319
0.0155229
0.594721
0.187195
0.111404
0.607892
0.515566
0.185408
0.531939
0.172501
0.345359
0.146237
0.629155
0.712197
0.641876
0.84341
0.654868
0.503214
0.704403
0.0961675
5.80274e-06
0.389354
0.773409
0.530852
0.229683
0.580073
0.370199
0.359073
0.127984
0.719225
0.594352
0.353668
0.5967
0.74608
0.712074
0.0373095
0.117533
0.673591
0.358799
0.436763
0.592107
0.505589
0.0786412
0.193852
0.372514
0.233049
0.140932
0.0952062
0.0887963
0.599598
0.240686
0.536243
0.675243
0.221702
0.496967
0.0758592
0.440373
0.40419
0.563523
0.370854
0.109057
0.530636
0.414946
0.536158
0.543628
0.0309433
0.527053
0.511258
0.58178
0.641437
0.0676403
0.300794
0.152071
0.534609
0.163111
0.289139
0.00711619
0.00209794
0.713629
0.495286
0.433903
0.799875
0.565026
0.469104
0.163769
0.306238
0.182085
0.630057
0.355821
0.00487032
0.481398
0.576396
0.394038
0.304167
0.590425
0.220508
0.636002
0.314843
0.226034
0.336739
0.572737
0.746157
0.428208
0.320471
0.818659
0.568295
0.158638
0.00143871
0.437039
0.535286
0.453035
0.0425255
0.524233
0.055958
0.337132
0.557579
0.0125732
0.119055
0.610916
0.563067
0.0861221
0.0161566
0.000345073
0.485952
0.0773812
0.59785
0.35427
0.707856
0.273587
0.75997
0.0619985
0.0718672
0.307634
0.266791
0.254731
0.157158
0.0798247
0.0564279
0.720806
0.164874
0.0361284
0.0275775
0.0394393
0.0158756
0.855524
0.90551
0.497789
0.426233
0.716693
0.535229
0.0238641
0.537447
0.00642538
0.203035
0.762091
0.141608
0.274378
0.349053
0.276937
0.683461
0.438351
0.725661
0.017383
0.202749
0.637546
0.295976
0.322162
0.23715
0.710772
0.659429
0.44736
0.490677
0.616568
0.494125
0.463479
0.236711
0.0849297
0.419761
0.0886123
0.0278181
0.5583
0.479849
0.0112429
0.725671
0.394153
0.0975552
0.0160831
0.044427
0.725337
0.311029
0.884494
0.479628
0.629249
0.783795
0.00420085
0.358411
0.0752562
0.594743
0.349995
0.0835616
0.00442391
0.287646
0.302461
0.0212211
0.695134
0.527168
0.176844
0.606121
0.00821891
0.454954
0.200479
0.452856
0.590324
0.625928
0.664289
0.061947
0.547752
0.566493
0.483911
0.17024
0.00909359
0.34009
7.25722e-05
0.427373
0.531951
0.668911
0.687072
0.0144727
0.0933926
0.363148
0.0542368
0.00403812
0.565507
0.177011
0.777886
0.699506
0.498464
0.338813
0.11171
0.223147
0.720178
0.735049
0.252672
0.161743
0.0170546
0.469568
0.255361
0.507951
0.540667
0.620958
0.598163
0.360264
0.391654
0.423463
0.119633
0.240948
0.0671411
0.34884
0.136649
0.454215
0.0198062
0.632705
0.247943
0.0866978
0.313313
0.870602
0.558138
0.561413
0.246071
0.0413485
0.173505
0.517719
0.000735672
0.25307
0.610349
0.583955
0.699404
0.531438
0.045859
0.134374
0.0657146
0.329607
0.785936
0.301526
0.647646
0.454052
0.670773
0.242822
0.776289
0.0176245
0.308677
0.874794
0.639549
0.532207
0.558116
0.394727
0.30076
0.626982
0.0207102
0.611309
0.744553
0.150355
0.63533
0.159236
0.6147
0.418756
0.727717
0.227684
0.269878
0.1948
0.163871
0.147314
0.801365
0.124537
0.756555
0.192952
0.662788
0.628736
0.0690668
0.682015
0.094307
0.802105
0.593032
0.5431
0.0682581
0.439376
0.0802873
0.583585
0.37644
0.532931
0.582567
0.668474
0.545304
0.0530927
0.330538
0.408837
0.128111
0.0910736
0.273921
0.529756
0.0389034
0.400045
0.331524
0.45936
0.826054
0.560786
0.194231
0.281435
0.383186
0.51086
0.100208
0.519819
0.0927383
0.298184
0.181463
0.0293007
0.635148
0.0128576
0.739428
0.282779
0.0910609
0.056669
0.497756
0.160099
0.495789
0.00231522
0.0241514
0.545665
0.591499
0.0107998
0.761122
0.159314
0.551518
0.00372816
0.329792
0.473058
0.481781
0.472057
0.475418
0.710763
0.251877
0.048089
0.466988
0.722552
0.0552613
0.340049
0.021721
0.507633
0.0657891
0.306668
0.295064
0.394068
0.671622
0.619141
0.43449
0.0628849
0.361391
0.249409
0.297925
0.265447
0.470018
0.0482359
0.0581568
0.348623
0.0584332
0.264244
0.295314
0.730208
0.59983
0.0026319
0.548134
0.321379
0.402365
0.48636
0.373307
0.584172
0.354513
0.0128406
0.190722
0.0112096
0.56802
0.467657
0.185707
0.000712337
0.173882
0.251622
0.405557
0.0221403
0.696488
0.336524
0.407693
0.639084
0.130488
0.356128
0.821489
0.0210524
0.299496
0.133311
0.563482
0.837556
0.0796345
0.765249
0.412545
0.401582
0.0132594
0.0994109
0.383892
0.285401
0.207006
0.210577
0.488643
0.0336663
0.220278
0.295295
0.624082
0.372237
0.517905
0.475322
0.14553
0.72758
0.480271
0.623839
0.605867
0.385355
0.645706
0.408498
0.460256
0.403189
0.354472
0.0139445
0.42081
0.578184
0.710452
0.00542816
0.711542
0.619491
0.374649
0.294495
0.919659
0.621211
0.87947
0.492215
0.79747
0.412825
0.395581
0.454445
0.551971
0.20162
0.29419
0.511298
0.0164474
0.27399
0.198996
0.743396
0.160551
0.532169
0.000715803
0.0608596
0.0913561
0.499955
0.299898
0.649281
0.256013
0.706433
0.513963
0.363731
0.730388
0.569729
0.268603
0.21302
0.475212
0.310788
0.131175
0.646402
0.0661938
0.196981
0.122704
0.807334
0.142145
0.291778
0.623354
0.686575
0.552141
0.0324391
0.0979147
0.560661
0.0687126
0.105557
0.170733
0.150429
0.000209482
0.332501
0.0133422
0.0411393
0.202702
0.708586
0.394377
0.265013
0.304716
0.137454
0.446341
0.305254
0.44964
0.000951418
0.307878
0.288684
0.0246966
1.42708e-05
0.0685103
0.120377
0.229067
0.00242377
0.547572
0.591427
0.199844
0.529926
0.0803929
0.427961
0.438441
0.512273
0.495571
0.779998
0.293135
0.0138149
0.113844
0.0369067
0.881195
0.522915
0.534409
0.0423544
0.00428048
0.625205
0.718829
0.837745
0.286904
0.328264
0.20407
0.15694
0.0063528
0.343354
0.00208998
0.657872
0.448334
0.604378
0.662999
0.481552
0.745519
0.277728
0.85682
0.00045269
0.627821
0.114912
0.265093
0.67926
0.427818
0.746921
0.055221
0.221387
0.00188379
0.0370418
0.773787
0.37555
0.335388
0.743914
0.20306
0.29765
0.771985
0.255156
0.476632
0.665547
0.719659
0.0495723
0.574227
0.373728
0.258446
0.861015
0.586329
0.750003
0.367043
0.0618139
0.557414
0.611232
0.536856
0.478842
0.500969
0.802317
0.68802
0.0275225
0.138017
0.010253
0.566804
0.63588
0.354334
0.662606
0.0515746
0.685369
0.19605
0.614239
0.640596
0.132128
0.0405263
0.0527176
0.473121
0.337664
0.338626
0.151729
0.466638
0.101161
0.133334
0.0179636
0.694898
0.777812
0.588939
0.131717
0.77021
0.452123
0.224326
0.223945
0.605347
0.332894
0.369548
0.206495
0.31211
0.686181
0.551103
0.0228985
0.255927
0.241232
0.28699
0.505078
0.351394
0.413464
0.739253
0.778223
0.326224
0.821851
0.388788
0.0178646
0.119274
0.567442
0.267215
0.381344
0.207127
0.386407
0.632546
0.0952497
0.173385
0.414553
0.44578
0.145982
0.322195
0.708753
0.383164
0.248179
0.638076
0.0695841
0.71298
0.282757
0.217409
0.0886727
0.494091
0.29918
0.442916
0.285477
0.483303
0.606989
0.0389487
0.295433
0.694214
0.684192
0.49978
0.0299989
0.429166
0.482637
0.0624906
0.37116
0.0754265
0.508952
0.559296
0.490947
0.109284
0.470999
0.0442719
0.633447
0.453023
0.165597
0.541462
0.352687
0.322223
0.582213
0.426865
0.467618
0.462895
0.397319
0.622026
0.420471
0.0124508
0.727637
0.379409
0.750639
0.68086
0.689365
5.83788e-05
0.0226609
0.411863
0.457229
0.2014
0.0861735
0.0153022
0.0041422
0.691217
0.6976
0.394933
0.150798
0.104177
0.00152858
0.0401318
0.377232
0.0572777
0.471471
0.45766
0.268926
0.0444393
0.180309
0.00954255
0.00316079
0.305378
0.000669344
0.120518
0.662657
0.287457
0.486307
0.446226
0.789502
0.345868
0.644119
0.328358
0.715482
0.698731
0.00144829
0.0988893
0.679874
0.336752
0.511931
0.645539
0.516711
0.52407
0.646674
0.0845085
0.01069
0.439793
0.0580652
0.0518602
0.0140517
0.260044
0.0240947
0.0036232
0.112984
0.803925
0.626054
0.439229
0.305574
0.23057
0.000137409
0.706116
0.337795
0.179149
0.677316
0.636652
0.060157
0.293676
0.594712
0.0362103
0.0332531
0.437049
0.323658
0.0324691
0.0956297
0.706662
0.224908
0.503291
0.0450171
0.18683
0.0324237
0.623169
0.56901
0.00596065
0.58314
0.186099
0.140696
0.240407
0.114291
0.00888196
0.490845
0.0878417
0.52004
0.197178
0.719049
0.00390799
0.630295
0.332746
0.0545217
0.804787
0.40249
0.788354
0.511423
0.00540415
0.54533
0.921081
0.229972
0.834435
0.171641
0.33429
0.260123
0.199203
0.459439
0.00430528
0.261904
0.562839
0.610608
0.0024038
0.356288
0.571109
0.529198
0.426817
0.532681
0.763964
0.286619
0.502303
0.278798
0.281252
0.641372
0.356784
0.345522
0.0524479
0.289333
0.521674
0.788917
0.186556
0.649731
0.589183
0.111662
0.0229502
0.357013
0.566531
0.620598
0.499469
0.641466
0.664927
0.222661
0.0790373
0.42786
0.548311
0.677494
0.855622
0.307565
0.0125785
0.161546
0.606074
0.165039
0.328333
0.216378
0.113578
0.478095
0.00616713
0.894552
0.903916
0.678489
0.0160533
0.174431
0.423919
0.575724
0.414472
0.248676
0.468515
0.16786
0.266772
0.581486
0.0763112
0.393163
0.150988
0.427115
0.768057
0.578662
0.190716
0.682972
0.279967
0.236801
0.0825893
0.636107
0.00335459
0.849228
0.121154
0.451327
0.115561
0.565006
0.0325505
0.0543665
0.370138
0.624977
4.26117e-05
0.704001
0.134249
0.489009
0.241189
0.596774
0.254524
0.0737289
0.335308
0.705649
9.04512e-05
0.494749
0.00953724
0.00297413
0.03811
0.00164627
0.147456
0.835809
0.248947
0.457481
0.674558
0.586276
0.242908
0.537966
0.485311
0.107997
0.261058
0.598734
0.0655166
0.720852
0.145486
0.291333
0.370274
0.498281
0.475163
0.486697
0.627688
0.788085
0.653989
0.338276
0.289209
0.630277
0.641078
0.126084
0.412354
0.605863
0.672215
0.704164
0.696305
0.35536
0.242811
0.680744
0.392186
0.173822
0.256153
0.795219
0.572999
0.581171
0.704609
0.515953
0.0300236
0.023249
0.156636
0.389448
0.463482
0.254645
0.368635
0.570338
0.558343
0.536184
0.107499
0.516133
0.00613243
0.51718
0.13021
0.0464554
0.753933
0.295821
0.553945
0.218874
0.488428
0.221385
0.693236
0.605322
0.595342
0.542491
0.644627
0.118667
0.245702
0.00362628
0.392618
0.786851
0.192785
0.258844
0.656486
0.35632
0.679348
0.0244066
0.570222
0.750175
0.449349
0.409677
0.76177
0.712228
0.531576
0.391621
0.0148884
0.666201
0.107706
0.770616
0.376013
0.00573019
0.176703
0.592187
0.466548
0.148049
0.0235257
0.594726
0.158582
0.0292243
0.0480858
0.123066
0.439704
0.337231
0.0734332
0.00929191
0.0498748
0.545449
0.611959
0.0577643
0.764988
0.850798
0.205707
0.193542
0.0495592
0.63943
0.430776
0.185536
0.406306
0.262073
0.329841
0.0982006
0.238907
0.5265
0.664012
0.0739208
0.446822
0.360485
0.227738
0.463033
0.380237
0.389673
0.147872
0.156357
0.377373
0.369323
0.0582641
0.543023
0.338527
0.595849
0.337569
0.0019829
0.0152955
0.0264017
0.10651
0.661313
0.00115363
0.316497
0.732012
0.524032
0.854609
0.643902
0.725961
0.10331
0.652441
0.444714
0.0245018
0.0952846
0.0774037
0.35959
0.0907297
0.335008
0.677682
0.565093
0.00575719
0.220687
0.358788
0.525613
0.0618633
0.08204
0.553921
0.0130036
0.152012
0.657664
0.500449
0.493899
0.668
0.391106
0.316767
0.489264
3.54429e-05
0.680702
0.867199
0.720509
0.817219
0.0463188
0.448026
0.0860701
0.417058
0.137419
0.852946
0.39988
0.12227
0.00981141
0.603968
0.238277
0.747984
0.546078
0.00112105
0.154079
0.291924
0.0900291
0.199006
0.303675
0.289022
0.681337
0.63918
0.452359
0.104342
0.513403
0.0579281
0.360978
0.162556
0.424869
0.119198
0.467517
0.615014
0.101453
0.590926
0.634672
0.0107002
0.0834077
0.590021
0.659356
0.527132
0.123296
0.567281
0.216707
0.510732
0.112765
0.790302
0.297506
0.708628
0.655225
0.135456
0.470653
0.378374
0.588264
0.634894
0.550109
0.795796
0.419711
0.358456
0.818035
0.792888
0.36101
0.39129
0.16784
0.462524
0.482044
0.0129481
0.202543
0.750637
0.0103637
4.44052e-05
0.164883
0.00449885
0.801622
0.360786
0.00166191
0.698616
0.00848243
0.0433817
0.0207393
0.315852
0.339637
0.632616
0.338581
0.0176786
0.115358
0.740207
0.2361
0.53884
0.162346
0.453247
0.727067
0.769544
0.549409
0.647794
0.596125
0.550081
0.745027
0.595615
0.345653
0.412181
0.59431
0.732321
0.380353
0.23594
0.118836
0.387039
0.503893
0.145289
0.581948
0.68239
0.466168
0.407563
0.23663
0.110638
0.00167058
0.726979
0.445874
0.316456
0.714059
0.674708
0.604769
0.701385
0.262711
0.0971292
0.147148
0.515795
0.173402
0.736428
0.753491
0.0181993
0.510703
0.381839
0.00652543
0.0251673
0.0423657
0.474521
0.0195771
0.225902
0.397315
0.779624
0.00194412
0.550403
0.196101
0.530202
0.229753
0.877611
0.390548
0.0220061
0.773463
0.197194
0.539807
0.416571
0.24232
0.306473
2.35501e-06
0.954914
0.0165782
0.174075
0.101608
0.0227818
0.681032
0.513751
0.0227593
0.542445
0.205768
0.249076
0.000937876
0.0539636
0.200203
0.534686
0.336553
0.688833
0.34491
0.339714
0.148027
0.0244991
0.463403
0.806728
0.592901
0.0186707
0.518475
0.662318
0.264528
0.148937
0.289152
0.39035
0.742599
0.686212
0.525126
0.0737411
0.324565
0.684066
0.0768382
0.4678
0.49637
0.335285
0.546534
0.604897
0.322958
0.665657
0.273122
0.106606
0.0546847
0.457146
0.438273
0.477912
0.00660804
0.0311161
0.479268
0.426247
0.507507
0.63997
0.712699
0.00500789
0.448235
0.35781
0.142196
0.69032
0.329538
0.78112
0.601858
0.598114
0.493691
0.229687
0.556652
0.416295
0.00850599
0.459694
0.491446
0.269874
0.0174679
0.784593
0.541644
0.628472
0.462362
0.457713
0.654454
0.50791
0.669527
0.723635
0.486544
0.455787
0.656418
0.391938
0.684516
0.775925
0.22687
0.122355
0.194407
0.189139
0.694703
0.466996
0.335358
0.67137
0.674238
0.324455
0.447157
0.61837
0.0555291
0.655294
0.502794
0.610098
0.361011
0.51081
0.552673
0.358137
0.329057
0.188975
0.312065
0.806507
0.368169
0.617555
0.0379092
0.47575
0.00257407
0.000958343
0.734646
0.016208
0.300556
0.22352
0.388428
0.739357
0.549384
0.856206
0.0447444
0.037276
0.261443
0.0104784
0.542997
0.133022
0.630189
0.714654
0.0496766
0.295722
0.168616
0.479089
0.240057
0.51908
2.52263e-05
0.422032
0.615796
0.320432
0.599151
0.446389
0.099423
0.753853
0.31888
0.0863361
0.5544
0.223151
0.0532391
0.36556
0.30507
0.557915
0.0837005
0.128537
0.576174
0.515421
0.765312
0.511909
0.660341
0.170497
0.109083
0.409299
0.700335
0.324133
0.204104
0.736481
0.142903
0.477379
0.0989112
0.864402
0.411514
0.319614
0.0656003
0.572638
0.217204
0.218681
0.230296
0.662186
0.533887
0.543558
0.0744841
0.642998
0.376592
0.0227678
0.612687
0.521968
0.107824
0.660569
0.610116
0.558836
0.681282
0.0827772
0.667249
0.505923
0.263813
0.578325
0.0915498
0.503235
0.137044
0.0228271
0.340734
0.645159
0.277579
0.568242
0.41202
0.586437
0.711051
0.679566
0.665917
0.663118
0.618142
0.663546
0.0166586
0.424523
0.763815
0.0579766
0.233292
0.0729376
0.41315
0.533555
0.66323
0.502646
0.322729
0.641572
0.434579
0.0978321
0.734044
0.0972574
0.0539093
0.316279
0.29343
0.419494
0.63446
0.490567
0.25813
0.438296
0.409271
0.722366
0.497863
0.0169158
0.510814
0.776943
0.117209
0.537409
0.366025
0.475393
0.0158814
0.574466
0.703285
0.147975
0.300036
0.803343
0.0127024
0.0572116
0.19468
0.376661
0.213947
0.155194
0.625504
0.16181
0.280948
0.489565
0.509604
0.170458
0.410527
0.41538
0.298824
0.0118681
0.494537
0.0714539
0.188527
0.490864
0.0357248
0.832262
0.0918805
0.906925
0.11384
0.433063
0.507385
0.00022007
0.253839
0.549251
0.583426
0.58741
0.510962
0.577598
0.599744
0.331884
0.339165
0.593355
0.332345
0.0480819
0.447706
0.434233
0.0273541
0.284811
0.137536
0.333489
0.304542
0.378864
0.054417
0.0297442
0.421764
0.49173
0.0298579
0.823898
0.251171
0.152136
0.767336
0.447708
0.728189
0.584777
0.262794
0.592864
0.5377
0.181336
0.0336237
0.263763
0.20053
0.306261
0.731736
0.162292
0.0412988
0.510862
0.031104
0.00187207
0.478778
0.226604
0.172031
0.285915
0.764473
0.312266
0.0794781
0.474187
0.682335
0.193297
0.0524905
0.539542
0.880457
0.145853
0.143794
0.145785
0.328058
0.466288
0.00975786
0.00596332
0.719351
0.723674
0.396633
0.324424
0.200298
0.651994
0.47238
0.459786
0.439295
0.24839
0.369985
0.559857
0.664342
0.212374
0.00978005
0.630421
0.330696
0.510835
0.104009
0.723198
0.249396
0.593376
0.471263
0.234796
0.713601
0.0267691
0.0690437
0.534429
0.570128
0.588822
0.42413
0.677652
0.269363
0.597829
0.00230212
0.532346
0.392411
0.439255
0.0341767
0.649372
0.465877
0.591573
0.438829
0.316304
0.406199
0.739391
0.0984767
0.380645
0.7244
0.354013
0.0512018
0.00154903
0.236579
0.0638675
0.0498721
0.800322
0.300156
0.38928
0.0220232
0.000628537
0.251485
0.568125
0.378843
0.0946252
0.497488
0.578825
0.337405
0.121819
0.683951
0.634993
0.616029
0.346268
0.587044
0.618606
0.00729304
0.251012
0.564545
0.180773
0.456397
0.656636
0.324392
0.573233
0.680093
0.732391
0.499011
0.364971
0.138244
0.415978
0.349702
0.690788
0.761194
0.677886
0.540014
0.246444
0.00519113
0.373433
0.375595
0.213024
0.300127
0.616344
0.149407
0.485532
0.86712
0.542846
0.0558292
0.363217
0.15097
0.455867
0.0489113
0.387735
0.555328
0.41651
0.00664879
0.361833
0.654967
0.0199267
0.136078
0.325693
0.0503641
0.648129
0.119873
0.640037
0.686211
0.0340328
0.757211
0.297893
0.276488
0.546253
0.192304
0.00222229
0.395952
0.236391
0.473478
0.835486
0.50988
0.460718
0.635744
0.747684
0.170227
0.547979
0.514197
0.737473
0.193863
0.394844
0.648003
0.746105
0.543907
0.547385
0.623435
0.0793133
0.319223
0.511479
0.444078
0.347018
0.488136
0.0543598
0.239711
0.669697
0.145289
0.410424
0.80238
0.463975
0.607205
0.662149
0.29396
0.328433
0.582427
0.435966
0.70883
0.520398
0.486172
0.406186
0.605167
0.430556
0.0905147
0.0641771
0.657744
0.537977
0.562273
0.0276256
0.361352
0.760008
0.238544
0.0108446
0.385558
0.66336
0.689312
0.425262
0.268845
0.600506
0.660239
0.764
0.168584
0.441412
0.473792
0.11827
0.396399
0.756552
0.571437
0.416653
0.282824
0.617646
0.350387
0.0976343
0.169033
0.64029
0.203034
0.0449037
0.188062
0.0595862
0.277052
0.229706
0.590846
0.00518934
0.782999
0.701482
0.0337889
0.578638
0.0134434
0.208025
0.665372
0.726623
0.93085
0.166178
0.304097
0.0417937
0.390675
0.436396
0.747617
0.453471
0.00624057
0.176936
0.219822
0.178223
0.32924
0.629438
0.859773
0.0679994
0.250658
0.797794
0.0188647
0.0234193
0.23586
0.0174477
0.763218
0.44449
0.541775
0.523591
0.00889082
0.499723
0.0452076
0.662665
0.442944
0.624823
0.818673
0.535641
0.0349151
0.00255897
0.549582
0.516315
0.301921
0.649229
0.360941
0.171953
0.370672
0.815991
0.381756
0.172436
0.694094
0.614738
0.535158
0.0782656
0.704624
0.808187
0.464527
0.111145
0.249145
0.0665062
0.00427321
0.757352
0.644813
0.367646
0.51366
0.832314
0.217052
0.298999
0.303986
0.26269
0.337744
0.800362
0.0907417
0.00736248
0.140151
0.375275
0.500218
0.197443
0.291705
0.647862
0.611138
0.0128471
0.0367581
0.329073
0.218661
0.193861
0.124578
0.587747
0.279388
0.458212
0.408821
0.877017
0.471751
0.246753
0.23991
0.0148994
0.550776
0.231035
0.212605
0.64231
0.318453
0.444729
0.0152483
0.236372
0.729984
0.564423
0.343199
0.0765205
0.60364
0.526941
0.55612
0.742644
0.515362
0.113326
0.290223
0.0439434
0.510024
0.170266
0.323829
0.0654637
0.0486698
0.947637
0.279736
0.562973
0.00199868
0.0502325
0.679985
0.551104
0.066488
0.837804
0.0550183
0.310644
0.597733
0.576217
0.150971
0.226616
0.711294
0.550156
0.00317814
0.665836
0.213448
0.182524
0.280128
0.225702
0.0751147
0.479286
0.0157495
0.474559
0.128714
0.767349
0.647361
0.212531
0.441201
0.710615
0.664502
0.615423
0.0221863
0.2553
0.451279
0.454225
0.671053
0.714552
0.0458896
0.100409
0.184395
0.574587
0.444458
0.625168
0.000357904
0.334163
0.763211
0.108911
0.534759
0.20455
0.250898
0.220397
0.583507
0.00219629
0.240696
0.199464
0.153554
0.10711
0.343588
0.000138169
0.411899
0.0507556
0.389183
0.0471137
0.0771815
0.574608
0.665788
0.0214139
0.626956
0.0319009
0.427883
0.478535
0.438739
0.106537
0.116152
0.453581
0.699924
0.0401308
0.0782705
0.423839
0.318063
0.562535
0.362104
0.246433
0.0683376
0.0110929
0.276052
0.604798
0.314497
0.0776804
0.626832
0.340317
0.435776
0.435223
0.506824
0.212151
0.323056
0.350202
0.387607
0.514428
0.373985
0.168778
0.597427
0.304227
0.374995
0.526837
0.137459
0.432871
0.649581
0.467189
0.608079
0.00313028
0.581547
0.37395
0.142372
0.402293
0.404598
0.363471
0.635445
0.756616
0.0087265
0.197596
0.455908
0.0941363
0.148092
0.706491
0.540863
0.751844
0.326577
0.513314
0.0744395
0.304496
0.000632894
0.779152
0.754371
0.571459
0.13799
0.587555
0.230965
0.181947
0.693471
0.0104933
0.439466
0.354179
0.0532749
0.0453825
0.435049
0.307333
0.437789
0.662927
0.403876
0.445427
0.626299
0.313298
0.470031
0.0387545
0.636492
0.68907
0.169011
0.482348
0.00394087
0.299649
0.774333
0.592269
0.730794
0.18191
0.667136
0.658872
0.522257
0.337719
0.000215914
0.339424
0.733939
0.184081
0.590336
0.249743
0.918353
0.313806
0.526314
0.101552
0.00143189
0.0321833
0.455004
0.652368
0.0303026
0.766373
0.379533
0.132103
0.322197
0.641194
0.645101
0.768637
0.265329
0.132796
0.172996
0.835768
0.605522
0.721311
0.162264
0.0449231
0.781488
0.642453
0.708234
0.405436
0.424222
0.0878824
0.691757
0.00107336
0.522011
0.523494
0.441179
0.629764
0.861568
0.21723
0.243071
0.038208
0.517532
0.277226
0.703578
0.00240022
0.319141
0.202639
0.438792
0.481793
0.255392
0.0362025
0.396445
0.64954
0.0490692
0.645945
0.0093942
0.0540525
0.392305
0.305718
0.601139
0.0973601
0.268459
0.300246
0.653567
0.601014
0.42595
0.0459027
0.0438477
0.353874
0.010916
0.651896
0.269221
0.290093
4.84891e-05
0.1215
0.00963089
0.00282866
0.00656692
0.294814
0.0117975
0.545289
0.322353
0.664133
0.716642
0.503408
0.359895
0.544154
0.510103
0.0089057
0.0675162
0.455092
0.0315566
0.65923
0.00614682
0.0273991
0.589094
0.00111822
0.387507
0.277676
0.487848
0.0859711
0.215949
0.319863
0.146423
0.337907
0.315473
0.0905213
0.302963
0.407132
0.378835
0.45
0.230124
0.718611
0.649602
0.144705
0.617644
0.519227
0.426954
0.286351
0.584665
0.397514
0.11647
0.581016
0.755046
0.801841
0.839504
0.0141035
0.0948079
0.504159
0.357858
0.0596563
0.090945
0.12648
0.0503138
0.443486
0.264466
0.278207
0.318195
0.011418
0.354584
0.792208
0.000549407
0.382119
0.115974
0.536333
0.381309
0.575716
0.261739
0.572893
0.0778425
0.00736829
0.852013
0.339545
0.0507504
0.365492
0.0171722
0.747608
0.0908603
0.481983
0.18114
0.204675
0.513273
0.703856
0.709191
0.0201694
0.700089
0.0952695
0.71312
0.784531
0.314717
0.311306
0.557476
0.349717
0.0159809
0.347092
0.778719
0.821029
0.021274
0.0459607
0.00224682
0.0662281
0.13032
0.595226
0.191233
0.210759
0.181578
0.520222
0.0527103
0.574558
0.286731
0.785722
0.271888
0.667584
0.666909
0.643999
0.682831
0.680441
0.211508
0.692947
0.467956
0.649609
0.0605293
0.679946
0.445967
0.322366
0.646457
0.0838174
0.514978
0.198341
0.195561
0.68377
0.658388
0.318589
0.333597
0.573492
0.274904
0.599911
0.00153551
0.524983
0.0169517
0.0693936
0.607329
0.102107
0.0679183
0.474869
0.124627
0.0779436
0.364513
0.462755
0.10113
0.253863
0.769035
0.587643
0.0455513
0.000747272
0.801906
0.266005
0.332157
0.43601
0.167925
0.637423
0.358531
0.471221
0.447653
0.141772
0.0226291
0.656562
0.62261
0.0226777
0.822738
0.312888
0.177523
0.328077
0.208807
0.459466
0.804972
0.359189
0.73743
0.355046
0.0607295
0.566474
0.0405294
0.346964
0.73436
0.719829
0.242393
0.0619544
0.00199206
0.151273
0.684496
0.559026
0.477424
0.167086
0.0578985
0.469739
0.769533
0.163135
0.598014
0.434732
0.471195
0.525063
0.07418
0.325143
0.323646
0.0100049
0.0669219
0.513994
0.51714
0.485849
0.0874956
0.501597
0.639944
0.72349
0.00429473
0.00146037
0.265704
0.566946
0.602601
0.425612
0.0989937
0.604059
0.0759362
0.00428491
0.692337
0.0634642
0.174855
0.0214092
0.634874
0.479912
0.682959
0.394832
0.801694
0.665452
0.32995
0.549638
0.045701
0.501869
0.533621
0.00460093
0.0810529
0.14552
0.0715337
0.771885
0.428481
0.299386
0.341144
0.0496885
0.596467
0.649719
0.456226
0.716735
0.490568
0.567561
0.568888
0.721622
0.468473
0.585299
0.523736
0.0255286
0.679472
0.502468
0.413683
0.869223
0.65464
0.631023
0.0208688
0.681893
0.768375
0.525366
0.230857
0.00231214
0.118155
0.0223002
0.707508
0.750301
0.523413
0.484742
0.55603
0.568015
0.155389
0.0856083
0.513725
0.428064
0.0976856
0.0851369
0.537562
0.577038
0.219469
0.232618
0.541356
0.376445
0.133873
0.257375
0.111106
0.433582
0.369325
0.026135
0.489555
0.584886
0.506086
0.445667
0.00476898
0.210597
0.000213789
0.032023
0.318384
0.412582
0.293672
0.214197
0.223253
0.000934229
0.673555
0.0498597
0.612802
0.652421
0.607332
0.00589121
0.479
0.0583824
0.719747
0.710391
0.398334
0.50392
0.781441
0.189373
0.0270074
0.522478
0.481634
0.617693
0.31997
0.00578295
0.334817
0.646907
0.0102234
0.170683
0.647855
0.566082
0.491442
0.0923279
0.311122
0.211508
0.459269
0.893857
0.626082
0.00315795
0.327925
0.12605
0.624425
0.0993007
0.559669
0.700923
0.00251576
0.493237
0.0612761
0.310143
0.448104
0.606943
0.0402432
0.730669
0.000145122
0.0760237
0.128522
0.658278
0.0289587
0.00397708
0.728838
0.0311581
0.634139
8.63192e-05
0.70673
0.603823
0.551029
0.211514
0.112233
0.818516
0.0510689
0.721305
0.742989
0.392234
0.00626405
0.0327464
0.733076
0.0148143
0.790421
0.215713
0.142307
0.00103714
0.606828
0.0880739
0.184392
0.750409
0.0361948
0.450908
0.268321
0.064922
0.0557083
0.129799
0.272905
0.580418
0.0511812
0.636776
0.838992
0.25761
0.0943597
0.463134
0.0621109
0.0113947
0.823586
0.728378
0.47346
0.267431
0.100461
0.189006
0.000421923
0.0327724
0.363827
0.500251
0.596461
0.434918
0.649577
0.808308
0.621934
0.146954
0.471362
0.159096
0.00476817
0.562082
0.37864
0.000847859
0.0556487
0.235061
0.500399
0.00422581
0.281143
0.298887
0.0644701
0.301931
0.0996211
0.809421
0.295379
0.385984
0.614608
0.0164978
0.19813
0.22163
0.537233
0.0106754
0.618236
0.0307551
0.452764
0.257992
0.505619
0.209861
0.576191
0.39015
0.553997
0.0504748
0.472176
0.605313
0.0113066
0.642725
0.294005
0.525845
0.364833
0.0602305
0.233018
0.701262
0.233965
0.622774
0.00658912
0.4165
0.436143
0.48028
0.678944
0.227709
0.47289
0.00481111
0.0136765
0.376711
0.430264
0.588042
0.00705348
0.299617
0.264703
0.239861
0.079314
0.0387703
0.712463
0.000152668
0.219961
0.70748
0.0057363
0.757276
0.36784
0.128952
0.0738607
0.302427
0.298358
0.0827602
0.389768
0.115191
0.663162
0.592905
0.219026
0.650742
0.63764
0.239946
0.293891
0.492944
0.479922
0.0315858
0.194436
0.00248368
0.504433
0.389232
0.512638
0.0161795
0.051579
0.611399
0.372984
0.656924
0.318815
0.00661274
0.816659
0.546229
0.149366
0.53593
0.0281479
0.032892
0.58882
0.614091
0.29346
0.0835094
0.00137725
0.304253
0.449157
0.732354
0.0157681
0.166658
0.758456
0.0411159
0.730956
0.161445
0.590986
0.430439
0.57278
0.598752
0.126708
0.704627
0.70881
0.208681
0.656066
0.476727
0.0737269
0.097172
0.522403
0.759787
0.646108
0.121447
0.547603
0.693873
0.206144
0.447094
0.376937
0.432835
0.735352
0.831196
0.484104
0.135161
0.608274
0.773304
0.742205
0.58783
0.744829
0.672051
0.789758
0.0347924
0.193792
0.46186
0.560578
0.0794742
0.655515
0.00395657
0.0477374
0.270542
0.193606
0.46111
0.348908
0.68099
0.322626
0.566905
0.607131
0.207059
0.623172
0.479409
0.19952
0.527976
0.528235
0.0582084
0.349556
0.606111
0.0462127
0.00949718
0.305334
0.848254
0.634383
0.800087
0.699181
0.721723
0.462862
0.376847
0.082911
0.443531
0.261981
0.000529493
0.660205
0.0898583
0.0216434
0.778
0.281652
0.0239521
0.519021
0.337483
0.660744
0.680316
0.199718
0.610153
0.0239663
0.000716388
0.566746
0.153714
0.74526
0.501875
0.32578
0.563348
0.160883
0.549023
0.452468
0.368044
0.443758
0.257518
0.613326
0.166777
0.745778
0.188866
0.537507
0.356671
0.356132
0.244146
0.364452
0.647849
0.459539
0.522522
0.756583
0.473362
0.461331
0.355886
0.0111363
0.559826
0.719308
0.0219828
0.355806
0.245376
0.325502
0.0718419
0.484655
0.298806
0.69284
0.110025
0.342677
0.661949
0.296212
0.549513
0.57915
0.783342
0.00335012
0.498015
0.163474
0.414365
0.041452
0.443874
0.652295
0.521647
0.67777
0.514391
0.111309
0.385745
0.814703
0.597679
0.281478
0.458491
0.725246
0.631688
0.747086
0.343055
0.550285
0.255342
0.685009
0.038926
0.0280779
0.0565676
0.48111
0.691214
0.627355
0.00635595
0.518658
0.591769
0.510577
0.647636
0.0761344
0.585757
0.0010618
0.485808
0.0684452
0.0747835
0.727847
0.350023
0.546087
0.00540755
0.244054
0.29753
0.438998
0.0951543
0.214782
0.162195
0.470318
0.459648
0.19528
0.024343
0.220097
0.0496914
0.788888
0.771627
0.676825
0.0856841
0.62299
0.608451
0.809271
0.849704
0.394462
0.847619
0.239778
0.742194
0.243427
0.643979
0.0192154
0.615773
0.643591
0.143183
0.229993
0.0210485
0.0718851
0.416214
0.295687
0.445738
0.275913
0.481634
0.748971
0.0435514
0.316156
0.00526089
0.604984
0.454638
0.491965
0.596592
0.371394
0.623163
0.652363
0.437731
0.00172012
0.645652
0.510291
0.0517292
0.31381
0.0156985
0.224554
0.471222
0.57437
0.390108
0.324098
0.0427026
0.605859
0.663896
0.684182
0.450618
0.187236
0.72454
0.366486
0.307813
0.0128343
0.693714
0.472171
0.307442
0.679117
0.441216
0.269901
0.346355
0.651578
0.723808
0.293687
0.310129
0.209962
0.00371386
0.473754
0.0337206
0.0203423
0.180169
0.263811
0.384954
0.299621
0.56382
0.339845
0.471329
0.0788164