0.269649
0.102751
0.424803
0.277478
0.575671
0.320074
0.429358
0.478459
0.546806
0.038324
0.615268
0.000432249
0.498061
0.0433037
0.008397
0.0588388
0.205849
0.643277
0.00419307
0.0083145
0.656585
0.117981
0.661979
0.00339554
0.0524127
0.596256
0.655005
0.581422
0.117594
0.286782
0.507766
0.433833
0.881371
0.596904
0.0330804
0.490044
0.471706
0.522185
0.00308844
0.104085
0.14641
0.00284639
0.645356
0.00482282
0.145572
0.0429204
0.638801
0.748809
0.31147
0.318542
0.274516
0.472121
0.608783
0.45273
0.0152822
0.0600453
0.565209
0.504311
0.781688
0.398532
0.113975
0.426312
0.729385
0.622804
0.41758
0.416394
0.022408
0.181934
0.116514
0.154627
0.730657
0.429467
0.0128286
0.0135405
0.465787
0.0629157
0.412512
0.276997
0.360111
0.00393788
0.0776828
0.184215
0.00364999
0.396595
0.527962
0.333612
0.45972
0.745207
0.120203
0.0180719
0.0172497
0.380924
0.000565039
0.028518
0.41895
0.0753581
0.0685474
0.510756
0.368595
0.475628
0.782305
0.500425
0.0703068
0.56141
0.00643658
0.00422587
0.393579
0.000553246
0.156714
0.194337
0.6376
0.0562133
0.0520053
0.330698
0.0808488
0.723593
0.0922087
0.227081
0.57662
0.452604
0.0323756
0.722501
0.0296415
0.271424
0.106167
0.323448
0.521437
0.43764
0.816978
0.278741
0.109048
0.0604358
0.059395
0.000144029
0.106638
0.578422
0.108767
0.0585122
0.337577
0.319464
0.74652
0.0437241
0.195305
0.658552
0.0104904
0.656877
0.0501561
0.174123
0.319292
0.46088
0.220014
0.540902
0.342158
0.38864
0.456814
0.454592
0.657294
0.0346322
0.489387
0.480136
0.397627
0.0131629
0.658713
0.385372
0.520302
0.417526
0.0528695
0.748277
0.363069
0.628284
0.0298128
0.373353
0.476897
0.0109741
0.0781523
0.0359446
0.669507
0.573388
0.397255
0.375713
0.243666
0.101307
0.0256656
0.806797
0.608844
0.00395728
0.406247
0.503913
0.342726
0.274131
0.626376
0.531319
0.797429
0.269656
0.602494
0.703253
0.0064533
0.593937
0.475349
0.132381
0.482792
0.371867
0.0936747
0.244434
0.0923286
0.259472
0.326263
0.294571
0.00194109
0.103317
0.527816
0.394936
0.488342
0.309406
0.0920392
0.357833
0.186032
0.0430991
0.239727
0.474767
0.316012
0.446581
0.00355588
0.579202
0.56645
0.30762
0.704485
0.386685
0.507478
0.619348
0.359873
0.296489
0.597855
0.359176
0.162716
0.00285636
0.492216
0.709646
0.347234
0.20317
0.000244487
0.30956
0.554443
0.259075
0.0588663
0.215264
0.0784395
0.259405
0.525593
0.51432
0.355977
0.300349
0.0459101
0.329226
0.58405
0.701942
0.0336964
0.013772
0.114888
0.293729
0.0568133
0.303843
0.857964
0.513835
0.208747
0.211359
0.918106
0.00478673
0.0614437
0.745249
0.677563
0.305924
0.00529709
0.407449
0.220148
0.0939703
0.161744
0.792751
0.394861
0.486668
0.204351
0.294225
0.256261
0.000386483
0.331086
0.000991394
0.0226715
0.469044
0.00260557
0.349373
0.00142274
0.0283687
0.00389499
0.129295
0.282327
0.371304
5.29839e-05
0.0495965
0.291045
0.00857017
0.0427327
0.605284
0.356947
0.406443
0.480377
0.100393
0.0733466
0.230137
0.286459
0.550575
0.340891
2.22909e-05
0.310248
0.723658
0.801548
0.598862
0.686635
0.168598
0.293504
0.175941
0.423194
0.390825
0.516357
0.553502
0.384197
0.0866793
0.319008
0.425778
0.349578
0.0769501
0.00883036
0.0192215
0.45323
0.00740615
0.253002
0.317205
0.170444
0.340242
0.353792
0.201355
0.333472
0.00642472
0.291616
0.521644
0.370252
0.360483
0.355727
0.471061
0.00112446
0.0615673
0.0713407
0.234386
0.400109
0.000557201
0.569749
0.383453
0.760354
0.597871
0.0489433
0.11305
0.0258041
0.339368
0.00876221
0.346606
0.000542183
0.342867
0.636137
0.805841
0.587783
0.253036
0.693015
8.00493e-05
0.103892
0.727361
0.00152945
0.360019
0.501156
0.61583
0.770437
0.058622
0.0159541
0.165753
0.00401855
0.276591
0.578999
0.181799
0.0279969
0.246451
0.407056
0.324367
0.00409145
0.17457
0.196068
0.491565
0.0384305
0.0120119
0.400597
0.33197
0.142712
0.349112
0.0240862
0.019995
0.203729
0.0486263
0.0157073
0.513216
0.293678
0.159818
0.0252883
0.669873
0.201563
0.24147
0.644225
0.00123016
0.200618
0.00515127
0.558582
0.112773
0.697482
0.351869
0.322023
0.523307
0.348615
0.165136
0.318814
0.359808
0.594423
0.69565
0.451735
0.0339856
0.703273
0.221865
0.366654
0.67701
0.418893
0.434666
0.666385
0.701803
0.47224
0.598745
0.0363699
0.669275
0.0652315
0.482985
0.318033
0.738332
0.895338
0.0343186
0.253344
0.326341
0.427304
0.149088
0.14494
0.738261
0.0780738
0.276649
0.22946
0.536722
0.449918
0.907253
0.507483
0.518872
0.0713142
0.574641
0.664733
0.329799
0.0516264
0.504611
0.258071
0.154075
0.571571
0.181166
0.0180898
0.519039
0.562087
0.0394585
0.285538
0.505473
0.406912
0.500654
0.482803
0.00336544
0.14367
0.897091
0.589471
0.450519
0.0388484
0.226445
0.688303
0.425726
0.0529122
0.651081
0.257019
0.00752601
0.25085
0.0104499
0.166419
0.0864404
0.207314
0.188119
0.445286
0.0750875
0.417224
0.832513
0.0942649
0.0380676
0.720623
0.00993607
0.694231
0.15193
0.339108
8.36735e-05
1.1597e-06
0.0576211
0.144834
0.400372
0.000542257
0.255173
0.448898
0.0268573
0.406321
0.000389026
0.404975
0.191951
0.299823
0.759242
0.782137
0.0110153
0.671595
0.467781
0.193184
0.7082
0.386651
0.160969
0.0319477
0.0281297
0.00835454
0.616937
0.330061
0.376699
0.0157425
0.211146
0.228413
0.0393194
0.0120719
0.0557683
0.0452791
0.00261081
0.154389
0.293565
0.520584
0.508674
0.280539
0.526345
0.0198981
0.839645
0.270326
0.490012
0.281567
0.01623
0.00118392
0.14623
0.181683
0.758463
0.613013
0.329504
0.125214
0.739571
0.674657
0.473039
0.464727
0.0260705
0.149931
0.715669
0.179394
0.0386817
0.00109039
0.87999
0.0390235
0.423301
0.359056
0.574953
0.14091
0.882922
0.0152979
0.283873
0.827848
0.56837
0.00171886
0.0302212
0.0277332
0.182452
0.00439023
0.128523
0.279162
0.232611
0.0969943
0.767001
0.598392
0.617302
0.473743
0.381848
0.375642
0.0555086
0.000144858
0.0203196
0.566273
0.498193
0.22544
2.81093e-05
0.0591899
0.241182
0.000174337
0.0230463
0.18482
0.412255
0.183496
0.462211
0.640455
0.0121404
0.0437664
0.749021
0.00646213
0.0363489
0.0437983
0.00738267
0.0865077
0.411673
0.260119
0.338749
0.678166
0.471879
0.0816769
0.31843
0.317154
0.63868
0.00484906
0.92582
0.259626
0.660088
0.45985
0.480386
0.496766
0.000249672
0.249292
0.239267
0.553554
0.501316
0.59186
0.182757
0.360278
0.399091
0.42411
0.437649
0.476578
0.102044
0.0132439
0.657932
0.701815
0.0027477
0.138249
0.397385
0.00463626
0.441015
0.06349
0.294066
0.0167536
0.0885434
0.328543
0.527476
0.0102703
0.492014
0.41533
0.183869
0.466279
0.667584
0.371905
0.175804
0.679162
0.413446
0.438314
0.000275767
0.855575
0.56732
0.021347
0.323578
0.367856
0.801382
0.559038
0.752298
0.37966
0.0234204
0.230032
0.0943348
0.0478997
0.287005
0.0379444
0.721186
0.0127386
0.368775
0.00921419
0.250717
0.335109
0.638915
0.61499
0.6881
0.130584
0.75184
0.0994171
0.00915547
0.435502
0.108356
0.0872841
0.503299
0.665195
0.700062
0.381292
0.638713
0.509968
0.288812
0.358568
0.182933
0.0221941
0.0532658
0.0224822
0.809267
0.0250424
0.384878
0.0849885
0.420215
0.684307
0.0691224
0.00426814
0.729756
0.415032
0.54741
0.514866
0.482208
0.180732
0.680274
0.286544
0.124508
0.454847
0.0119565
0.260347
0.0491725
0.663622
0.00768253
0.149845
0.378413
0.0106483
0.154305
0.252374
0.0342184
0.284705
0.799206
0.0399098
0.00877376
0.362661
0.00142035
0.522811
0.677279
0.799244
0.0216623
0.0081608
0.125704
0.814099
0.843351
0.468667
0.662057
0.601042
0.266539
0.000729685
0.761836
0.0173607
0.484339
0.509084
0.003645
0.0999838
0.00692733
0.0152577
0.0359298
0.0178333
0.204528
0.254282
0.344866
0.321191
0.393399
0.765849
0.0030746
0.0665506
0.0410443
0.610497
0.822486
0.466325
0.263789
0.683663
0.663364
0.740593
0.677493
0.0122524
7.35485e-05
0.310283
0.0126003
0.819421
0.342379
0.306034
0.209924
0.226796
0.825012
0.369285
0.643829
0.269479
0.17265
0.484456
0.0311464
0.177212
0.69021
0.283328
0.809585
0.836136
0.155173
0.237343
0.0692703
0.0131301
0.749345
0.79372
0.0216368
0.494154
0.602855
0.39263
0.630787
0.0380028
0.525876
0.309634
0.453622
0.240249
0.02996
0.13885
0.0325122
0.000258119
0.0695863
0.000725943
0.156748
0.434164
0.464735
0.444711
0.0128091
0.794764
0.343912
0.58135
0.104027
0.021504
0.0963061
0.0655539
0.537413
0.0910727
0.181558
0.0778574
0.0191702
0.0987827
0.102356
0.413523
0.438916
0.0600219
0.021172
0.608621
0.597303
0.00769044
0.286924
0.54164
4.29932e-05
0.500483
0.714914
0.0333065
0.118355
0.238685
0.360283
0.830005
0.0850953
0.228286
0.589815
0.666083
0.0591014
0.15418
0.339537
0.448212
0.173528
0.499544
0.431164
0.459182
0.355152
0.366997
0.357536
0.0276321
0.324538
0.0930333
0.131998
0.411724
0.146026
0.694586
0.484398
0.00193598
0.328792
0.621037
0.478312
0.0138301
0.149684
0.0966734
0.00424172
0.54411
0.0222833
0.700923
0.525853
0.492602
0.00262147
0.80969
0.248849
0.000587037
0.387224
0.479839
0.0269598
0.424988
0.755735
0.601741
0.362189
0.0480598
0.332857
0.0624343
0.309585
0.317193
0.0524246
0.275487
0.564224
0.000514488
0.362832
0.473249
0.176823
0.100324
0.0251821
0.0754025
0.219421
0.105555
0.113387
0.071764
0.401021
0.0847693
0.0765528
0.356445
0.0355343
0.591748
0.0152728
0.443509
0.338989
0.105779
0.0199466
0.397205
0.449536
0.0247581
0.00122086
0.336785
0.112136
0.189884
0.0178998
0.478691
0.5224
0.567355
0.130457
0.00368923
0.0199958
0.134934
0.0186174
0.337103
0.0224814
0.5215
0.00298004
0.382821
0.0525737
0.0543515
0.175393
0.53247
0.500173
0.690261
0.159524
0.0453888
0.13967
0.350853
0.00107196
0.633733
0.466446
0.00111898
0.539322
0.0212114
0.608125
0.386213
0.526551
0.113885
0.0118701
0.0594358
0.0101925
0.193492
0.42574
0.607535
0.153767
0.246963
0.0196193
0.0249538
0.361332
0.635621
0.00208123
0.00435923
0.0144014
0.296336
0.00205002
0.490139
0.293959
0.00467358
0.0619325
0.112701
0.581976
0.443131
0.189102
0.305599
0.531391
0.605086
0.236416
0.372053
0.107863
0.581329
0.000201553
0.152794
0.178929
0.475357
0.50821
0.574175
0.606036
0.604975
0.0195113
0.0275341
0.643516
0.453434
0.243095
0.7224
0.555223
0.00528092
0.314591
0.232894
0.217435
0.0156438
0.535312
0.41104
0.179122
0.239795
0.259016
0.0291149
0.0984887
0.307727
0.75995
0.724089
0.114442
0.0011475
0.11864
0.49205
0.24095
0.677678
0.543886
0.354677
0.005765
0.0457065
0.157776
0.18973
0.0252692
0.00101553
0.0421456
0.641556
0.270913
0.335125
0.00259578
0.0291898
0.01837
0.00498589
0.119559
0.400528
0.661092
0.577294
0.0599561
0.332461
0.0228835
0.529779
0.00181919
0.354497
0.0119328
0.518021
0.764951
0.558171
0.160142
0.000636254
0.45588
0.00153385
0.284149
0.720326
0.017224
0.192638
0.405534
0.213976
0.518452
0.0733282
0.00693798
0.259355
0.289183
0.0115261
0.0204756
0.166912
0.327986
0.176081
0.00107172
0.557567
0.286468
0.139059
0.0112751
0.437973
0.49294
0.172046
0.664584
0.488342
0.00583368
0.44962
0.091263
0.589418
0.752958
0.0416897
0.0356383
0.731134
0.504204
0.327117
0.233863
0.133515
0.506675
0.601411
0.000622636
0.00465611
0.0475168
0.0399184
0.0898687
0.388869
0.700363
0.302289
0.799608
0.293478
0.787794
0.277916
0.234662
0.00255856
0.0842881
0.0743613
0.448296
0.513731
0.167828
0.0127067
0.29904
0.0249355
0.065237
0.011037
0.441733
0.0264282
0.642292
0.623947
0.589999
0.700453
0.494584
0.288852
0.0138839
0.492262
0.445413
0.00190864
0.195484
0.00590335
0.301032
0.339736
0.248721
0.465988
0.404684
0.0414018
0.572358
0.706921
0.303523
0.321534
0.0993245
0.0659673
0.264158
0.0118805
0.234226
0.646951
0.628021
0.0943422
0.229435
0.229848
0.109747
0.0147689
0.526476
0.004795
0.346739
0.178434
0.188281
0.00656329
0.263207
0.0111713
0.596097
0.788776
0.146321
0.0404186
0.22672
0.132746
0.0236929
0.035345
0.0178092
0.0763324
0.725944
0.343589
0.327121
0.739179
0.11543
0.108107
0.490909
0.559791
0.590629
0.120933
0.319469
0.795333
0.000364524
0.444375
0.0701849
0.0107397
0.803114
0.0328649
0.100326
0.529553
0.321251
0.150981
0.319499
0.330339
0.218318
0.455673
0.0308196
0.247605
0.739338
0.503694
0.760617
0.888598
0.245113
0.0352813
0.468563
0.164176
0.0283465
0.0686928
0.419418
0.390222
0.0665292
0.143901
8.78602e-05
0.0254268
0.576058
0.223727
0.331763
0.325032
0.0550029
0.238903
0.365553
0.70746
0.274979
0.29447
0.0168489
0.450611
0.219349
0.542991
0.774467
0.723329
0.440952
0.0231579
0.484057
0.436923
0.000346525
0.0711244
0.505331
0.139095
0.585637
0.140392
0.191222
0.0112294
0.0320004
0.367905
0.0598185
0.674643
0.509032
0.494729
0.0148041
0.221308
0.300184
0.226308
0.742408
0.733282
0.0161164
0.531775
0.429907
0.493104
0.235699
0.572069
0.214274
0.691029
0.209166
0.0169061
0.072958
0.079329
0.0040461
0.108415
0.395089
0.0342466
0.00244806
0.443665
0.243513
0.348259
0.451649
0.265454
0.493617
0.227808
0.499178
0.66388
0.0136913
0.423476
0.343849
0.767628
0.269403
0.364198
0.74272
0.212231
0.143204
0.494309
0.452455
0.00980395
0.396772
0.141548
0.372331
0.612371
0.141833
0.53448
0.536872
0.676535
0.000152186
0.828508
0.00562898
0.47189
0.000592244
0.670025
0.829878
0.00186
0.781616
0.739056
0.117013
0.00278095
0.00358897
0.687315
0.226773
0.504378
0.000413322
0.208725
0.0431949
0.116395
0.0917343
0.677606
0.00299518
0.0254318
0.650028
0.139382
0.268928
0.412497
0.16793
0.290652
0.850512
0.00614146
0.0915442
0.711346
0.358032
0.282868
0.590102
0.0495907
0.0921347
0.261934
0.00981
0.547756
0.509214
0.0503836
0.687812
0.012032
0.531231
0.762266
0.616105
0.263712
0.0118571
0.391313
0.289959
0.268551
0.167508
0.0312346
0.560052
0.00997895
0.593602
0.120059
0.186437
0.264976
0.519057
0.000758863
0.438239
0.022641
0.301757
0.0328122
0.092848
0.484583
0.103185
0.722271
0.000376564
0.29791
0.0387102
0.41413
0.467478
0.265369
0.61667
0.0571618
0.188946
0.464322
0.506218
0.833717
0.569709
0.0511614
0.419769
0.392486
0.0502948
0.368524
0.0154759
0.583119
0.143932
0.454201
0.636496
0.288684
0.732732
0.404743
0.380559
0.137255
0.0257165
0.126112
3.29943e-05
0.499965
0.458012
0.0113967
0.443725
0.551414
0.0290636
0.572306
0.000737569
0.260217
0.175089
0.0197708
0.271789
0.141371
0.285495
0.350531
0.358662
0.0127191
0.267092
0.262489
0.496099
0.541272
0.804965
0.703838
0.00138733
0.374411
0.0929641
0.00518836
0.10968
0.525162
0.885233
0.379869
0.216838
0.02582
0.000561599
0.669311
0.560324
0.158806
0.17987
0.407152
0.259675
0.0202141
0.657478
0.417452
0.442428
0.467163
0.324333
0.286264
0.0336669
0.234687
0.238099
0.0939257
0.570191
0.503531
0.575738
0.0341851
0.701099
0.174042
0.266724
0.153224
0.342112
0.0146636
0.00674716
0.188168
0.45356
0.294003
0.468534
0.372674
0.0036813
0.178494
0.0143209
0.450983
0.277625
0.598646
0.308433
0.168989
0.749908
0.563063
0.442595
0.0613608
0.394378
0.641112
0.197155
0.207328
0.320887
0.118048
0.0342458
0.727962
0.320744
0.83779
0.311005
0.00242853
0.392941
0.083686
0.479883
0.741988
0.294643
0.072863
0.296341
0.646707
0.591943
0.0113303
0.44332
0.31292
0.476499
0.494733
0.254036
0.228312
0.0410905
0.277962
0.360419
0.00373573
0.384975
4.63428e-05
0.0084171
0.0209884
0.105535
0.36159
0.638814
0.187683
0.0354141
0.289628
0.531247
0.504615
0.0607378
0.820101
0.289364
0.649111
0.609373
0.00940918
0.165636
0.662465
0.860081
0.284521
0.414448
0.200412
0.637258
0.0896151
0.550042
0.598129
0.0760019
0.411452
0.023626
0.538419
0.617561
0.649797
0.211173
0.0866391
0.493307
0.194951
0.143087
0.726
0.0733799
0.261347
0.371919
0.00102665
0.635772
0.437611
0.556696
0.476545
0.440312
0.512795
0.1869
0.529372
0.129191
0.000205303
0.0968296
0.212169
0.295422
0.668325
0.185374
0.441522
0.104476
0.727558
0.646438
0.420149
0.465903
0.805126
0.00120693
0.432675
0.0012259
0.385782
0.219542
0.210026
0.396657
0.0269502
0.041802
0.620627
0.587369
0.459569
0.220985
0.622877
0.259154
0.605215
0.0102552
0.57643
0.562524
0.105364
0.00292232
0.0230769
0.537203
0.0111285
0.451371
0.00542933
0.161575
0.00227336
0.00163612
0.675345
0.0672507
0.616159
0.0444263
0.0874288
0.0427747
0.665935
0.11294
0.108061
0.001804
0.217524
0.0677275
0.16449
0.283621
0.696582
0.0045459
0.316696
0.716421
0.403414
0.77771
0.171098
0.0264123
0.0074612
0.0890178
0.00549703
0.726752
0.0173168
0.0602853
0.00326755
0.742759
0.212873
0.323278
0.665462
0.529737
0.502191
0.0303685
0.129512
0.354154
0.00846437
0.0584576
0.394078
0.0584414
0.413334
0.11435
0.472989
0.370957
0.151165
0.357212
0.624234
0.171196
0.00348287
0.0263464
0.761492
0.282595
0.579985
0.00739593
0.0547207
0.270518
0.537053
0.341289
0.0278116
0.0683352
0.171441
0.00702835
0.491732
0.704389
0.244997
0.601046
0.406012
0.0114123
0.153026
0.243317
0.584918
0.000557548
0.739737
0.510749
0.263012
0.108569
0.456796
0.16125
0.792463
0.41625
0.387596
0.697868
0.00336374
0.611996
0.00126663
0.000749035
0.00383749
0.109937
0.569656
0.641707
0.338436
0.303532
0.505562
0.00534892
0.374114
0.0371076
0.208872
0.332842
0.722581
0.641124
0.0764749
0.372554
0.137118
0.00699029
0.605157
0.584525
0.524163
0.796422
0.38248
0.512213
0.357636
0.578876
0.1617
0.388449
0.575871
0.349061
0.267102
0.62464
0.317746
0.505781
0.128423
0.420271
0.642497
0.000171981
0.617859
0.03602
0.000243096
0.357206
0.294624
0.263935
0.407737
0.620184
0.405105
0.359987
0.00076653
0.470212
0.645655
0.0245871
0.191176
0.00184301
0.329769
0.181955
0.663075
0.0468691
0.0599266
0.535223
0.536862
0.0108521
0.0155948
0.617937
0.350457
0.0224944
0.115476
0.0792331
0.625785
0.695429
0.394166
0.00332243
0.679988
0.200642
0.448248
0.0338411
0.422835
0.508512
0.413234
0.479382
0.0366937
0.00878368
0.00593547
0.422836
0.495331
0.538991
0.461439
0.151608
0.442437
0.000260269
0.0566875
0.714764
0.569621
0.294817
0.859532
2.63153e-06
0.334097
0.488246
0.161545
0.0567521
0.592577
0.256424
0.468121
0.31386
0.370614
3.33982e-05
0.546854
0.00796643
0.58947
0.00557561
0.34492
0.142674
0.0331123
0.349488
0.708878
0.331269
0.604463
0.718501
0.691932
0.812761
0.0448716
0.455306
0.0765924
0.516642
0.643418
0.175313
0.335897
0.652383
0.193809
0.0662576
0.0143361
0.0222822
0.103782
0.584477
0.315618
0.0244891
0.0340513
0.0736444
0.021683
0.692281
0.55801
0.444967
0.466763
0.301891
0.304459
0.0333419
0.19237
0.00110868
0.343969
0.0506488
0.12961
0.4835
0.349438
0.00557557
0.724594
0.0176452
4.91129e-05
0.372494
0.371875
0.0579287
0.0620679
0.549094
0.425431
0.220116
0.385047
0.536427
0.479224
0.55533
0.350975
0.0211031
0.144236
0.00579939
0.352009
0.195771
0.0541784
0.372174
0.0558639
0.511489
0.495061
0.0515381
0.520889
0.0272247
0.392157
0.174985
0.0537184
0.545785
0.276751
0.239603
0.761341
0.278527
0.694765
0.4847
0.323713
0.525923
0.0850245
0.718107
0.5081
0.449716
0.655264
0.0370439
0.647144
0.466132
0.144836
0.515321
0.315118
0.289404
0.319394
0.246961
0.469178
0.367633
0.555104
0.681635
0.114728
0.789638
0.830379
0.185407
0.35009
0.164709
0.0136566
0.24219
0.321947
0.187378
0.00850782
0.00827276
3.31413e-06
0.112248
0.0320711
0.413354
0.617525
0.27027
0.00853259
0.609304
0.278645
0.405251
0.189324
0.639284
0.272798
0.342005
0.0255991
0.513929
0.0911808
0.42341
0.547376
0.214087
0.240541
0.657202
0.348263
0.000294101
0.0388417
0.795328
0.489928
0.711674
0.52465
0.486862
0.676247
0.410396
0.462801
0.663182
0.460176
0.58468
7.63272e-05
0.395398
6.00267e-05
0.0487507
0.0766027
0.0248153
0.766962
0.575065
0.0305366
0.467064
0.174464
0.400989
0.109146
0.496632
0.227626
0.698358
0.000692244
0.0156466
0.277894
0.350485
0.278162
0.626916
0.561051
0.771563
0.028706
0.661149
0.35896
0.000255287
0.851253
0.71861
0.639555
0.495278
0.582227
0.429074
0.686651
0.0922856
0.0020172
0.205659
0.00607257
0.018441
0.311907
0.0149102
0.421367
0.260887
0.0037076
0.443473
0.000400318
0.379111
9.55928e-06
0.0873131
0.324753
0.444325
0.0924428
0.426346
0.569148
0.349547
0.550689
0.479522
0.412518
0.00130456
0.0614779
0.57546
0.48068
0.221705
0.467997
0.0995632
0.0717783
0.209903
0.532605
0.534273
8.04068e-05
0.450306
0.306288
0.101755
0.634827
0.324484
0.183723
0.172146
0.0391628
0.578368
0.0159795
0.294342
0.137347
0.448659
0.0403111
0.217483
0.248189
0.552563
0.0284224
0.00471734
0.416973
0.0371132
0.299856
0.117767
0.281661
0.000325892
0.5448
0.07219
0.497385
0.275171
0.0472046
0.569007
0.222637
0.0900426
0.493226
0.00994847
0.136836
0.242962
0.0109502
0.00233953
0.73621
0.184131
0.0249262
0.287176
0.0025245
0.139906
0.7082
0.686559
0.0184187
0.0230077
0.0655409
0.455339
0.0534971
0.588981
0.315281
0.0946648
0.28505
0.32964
0.0921382
0.411477
0.216704
0.00667743
0.141267
0.617866
0.0558595
0.0340221
0.00907566
0.180569
0.494668
0.0474871
0.526794
0.25389
0.400787
0.611988
0.0680851
0.0800588
0.186303
0.873469
0.748233
0.0531527
0.2601
0.653399
0.0164121
0.337057
0.154747
0.806416
0.0246242
0.687345
0.463759
0.312478
0.00751281
0.0255867
0.232451
0.529889
0.576213
0.124993
0.00102817
0.306325
0.510501
0.679353
0.177227
0.19366
0.214657
0.204206
0.44375
0.0221778
0.350724
0.577546
0.473884
0.502877
0.0626989
0.0212623
0.548864
0.501182
0.0132765
0.00905183
0.29211
0.423566
0.532399
0.308394
0.031769
0.744966
0.000478976
0.0473439
0.185175
0.602937
0.319885
0.0185275
0.0193754
0.143572
0.0495448
0.165479
0.562586
0.630304
0.114335
0.797798
0.347149
0.0693545
0.359873
0.287926
0.377969
0.0851223
0.465804
0.0167607
0.0115179
0.623424
0.0017098
0.495703
0.386836
0.130159
0.0564291
0.154045
0.00504847
0.011732
0.196675
0.207988
0.496271
0.403871
0.144342
0.370412
0.786539
0.366212
0.935006
0.546651
0.000340293
0.261046
0.307181
0.381287
0.405731
0.672136
0.304708
0.271174
0.835263
0.0739214
0.42399
0.0154274
0.683411
0.690627
0.103455
0.566774
0.032628
0.0546123
0.627398
0.0290999
0.00678497
0.369441
0.224928
0.471468
0.749856
0.0176129
0.361438
0.00519809
0.00853357
0.49547
0.200368
0.126834
0.877679
0.291901
0.0438036
0.442079
0.199807
0.175463
0.26464
0.111717
0.165305
0.214645
0.828854
0.0497954
0.414869
0.700257
0.354037
0.146865
0.615118
0.248294
0.682009
0.0152409
0.00653001
0.173512
0.482416
0.141479
0.735169
0.00386017
0.0140466
0.394177
0.456298
0.598411
0.915891
0.469263
0.141257
0.583426
0.102502
0.736644
0.446364
0.00488381
0.0125037
0.61196
0.465273
0.372126
0.259627
0.701686
0.404667
0.212511
0.427376
0.320583
0.254094
0.361489
0.460839
0.749849
0.165651
0.0575175
0.858963
0.646841
0.00161661
0.319712
0.0138129
0.133232
0.0234926
0.389589
0.00794949
0.00514778
0.105595
0.407531
0.0935045
0.154803
0.400822
0.400442
0.000739074
0.00765276
0.339691
0.266454
0.0372455
0.00238754
0.024456
0.183307
0.24443
0.0678331
0.371517
0.0497465
0.533566
0.37894
0.00276825
0.262313
0.329627
0.0781363
0.31682
0.371009
0.518921
0.335304
0.483711
0.558483
0.0954411
0.329441
0.529846
0.043624
0.264447
0.0213156
0.0303187
0.649896
0.52744
3.78153e-05
0.100235
0.240799
0.564011
0.488753
0.168061
0.0241956
0.0721017
0.0823484
0.0933756
0.73311
0.488333
0.804331
0.622635
0.443528
0.00260438
0.000875718
0.792269
0.731212
0.460374
0.0577503
0.312873
0.642848
0.566086
0.00671327
0.159069
1.50624e-05
0.0134391
0.549458
0.000431648
0.682805
0.511876
0.0143948
0.12632
0.244416
0.159236
0.365391
0.0578737
0.0242268
0.461701
0.182311
0.398831
0.0454343
0.777087
0.19567
0.000310634
0.606314
0.534363
0.00218613
0.886102
0.544476
0.0267439
0.428052
0.351858
0.162044
0.00721831
0.0429091
0.564943
0.0890686
0.364893
0.320716
0.498114
0.417489
0.403847
0.038339
0.233908
0.0599227
0.283655
0.666404
0.451313
0.328786
0.333466
5.38825e-05
0.0770568
0.722271
0.0347444
0.393704
0.0227647
0.00202961
0.416082
0.585938
0.0278475
0.645747
0.0335816
0.000872122
0.0816332
0.117454
0.263985
0.344438
0.0295777
0.256163
0.427158
0.0851741
0.199256
0.0214391
0.313882
0.16351
0.118036
0.0271053
0.783033
0.45171
0.412896
0.00474543
0.00229905
0.278735
0.016482
0.584746
0.014212
0.364798
0.300366
0.530712
0.000117096
0.00578052
0.709391
0.166224
0.0228328
0.808857
0.888922
0.419355
0.00172259
0.280307
0.345035
0.605243
0.0141967
0.149957
0.494919
0.380223
0.340611
0.648685
0.0145486
0.0714743
0.293427
0.11226
0.846989
0.457194
0.235031
0.807508
0.408564
0.383131
0.554985
0.00411624
0.611567
0.79984
0.495489
0.22964
0.031422
0.446728
0.526821
0.561377
0.0241148
0.541053
0.633548
0.639515
0.661216
0.043392
0.140389
0.17388
0.565943
0.134881
0.060052
0.744733
0.0600825
0.535263
0.0634268
0.00314341
0.634687
0.413701
0.429978
0.000426247
0.437772
0.578025
0.507928
0.215063
0.0104095
0.511175
0.231347
0.431724
0.633063
0.737759
0.00170832
0.0257422
0.569978
0.125126
0.00186852
0.697611
0.465305
0.596389
0.333633
0.00178755
0.75951
0.345318
0.0509413
0.298368
0.585523
0.581547
0.719036
0.00309276
0.667697
0.20468
0.248203
0.434513
0.0109489
0.703491
0.287989
0.753902
0.021547
0.125749
0.196312
0.674714
0.160709
0.145373
0.00498269
0.164032
0.778387
0.32884
0.38059
0.605593
0.625347
0.0611551
0.602509
0.00060332
0.0682787
0.22547
0.546983
0.575907
0.758427
0.633573
0.00646866
0.00044661
0.00156973
0.651849
0.0101418
0.278177
0.456872
0.00229679
0.377719
0.668865
0.00716319
0.897741
0.672887
0.171603
0.0512666
0.0596723
0.00504283
0.342845
0.453101
0.402329
0.121789
0.123173
0.448775
0.753552
0.300428
0.207756
0.591224
0.529064
0.385235
0.442495
0.463992
0.685026
0.730911
0.389139
0.702444
0.383209
0.0100149
0.284307
0.370407
0.00388166
0.0148459
0.182561
0.56887
0.749361
0.0278197
5.65997e-05
0.253032
0.0606505
0.437712
0.0638465
0.680027
0.528295
0.00137463
0.190364
0.644718
0.609131
0.0156365
0.474492
0.00934306
0.558379
0.723164
0.262951
0.854972
0.0275477
0.432146
0.0862716
0.14476
0.00247156
0.351183
0.0539458
0.0957138
0.772162
0.580057
0.646257
0.0691993
0.265635
0.596602
0.531882
0.613286
0.411811
0.0112415
0.650272
0.123968
0.0280853
0.368831
0.74687
0.51015
1.1026e-05
0.4339
0.487326
0.638013
0.0197573
0.0103911
0.0118613
0.000981721
0.501036
0.615975
0.373687
0.0162243
0.180497
0.0431524
0.5811
0.484298
0.493805
0.90057
0.284054
0.365579
0.124983
0.752024
0.160802
0.0375153
0.343613
0.118886
0.00233029
0.659395
0.00663909
0.419914
0.493229
0.907379
0.497357
0.48642
0.719458
0.757406
0.719124
0.0913666
0.215711
0.469543
0.0602279
0.374246
0.373196
0.099271
0.441159
0.000213973
0.632994
0.0011614
0.418913
0.381616
0.0456979
0.54113
0.124156
0.746987
0.000479749
0.197022
0.132156
0.0148871
0.000963424
0.266336
0.738358
0.0179071
0.000460592
0.111657
0.181914
0.390795
0.0937365
0.170879
0.0147215
0.773257
0.259096
0.00183397
0.491949
0.197383
0.0222776
0.189791
0.350203
0.00133957
0.404679
0.117773
0.494084
0.316379
0.583676
0.870129
0.0616606
0.309078
0.358616
0.62568
0.281439
0.409273
0.313718
0.324758
0.269696
0.00239251
0.35592
0.57258
0.477824
0.0452003
0.543343
0.235361
0.700974
0.60283
0.289502
0.0180991
0.0233148
0.00218547
0.0999984
0.509163
0.403051
0.0105204
0.688976
0.371038
0.000314592
0.524618
0.183584
0.000166488
0.0467033
0.727464
0.188479
0.430228
0.255691
0.86347
0.588166
0.513092
0.783224
0.0745376
0.0155605
0.276124
0.643799
0.234714
0.169865
0.553631
0.01314
0.00447129
0.78448
0.0669469
0.58561
0.185508
0.522094
0.0277404
0.0582791
0.502202
0.89015
0.0034045
0.548001
0.742794
0.00782729
0.393651
0.203118
0.466137
0.000283934
0.00939479
0.0216973
0.434619
0.378341
0.606627
0.760694
0.571921
0.525307
0.0121394
0.512031
0.446339
0.424127
0.0791147
0.588798
0.552391
0.0199114
0.787224
0.542109
0.0908794
0.0234319
0.400465
0.78676
0.724549
0.327395
0.473656
0.0396038
0.0280782
0.00504141
0.0772522
0.573145
0.925865
0.254808
0.156205
0.280176
0.560328
0.253015
0.762661
0.438125
0.25548
0.508751
0.750366
0.366333
0.0436779
0.549824
0.16878
0.125327
0.151487
0.0393868
0.136395
0.122076
0.467096
0.408411
0.302886
0.144998
0.256174
7.96827e-06
0.123949
0.393167
0.000872074
0.245034
0.297899
0.696186
0.377423
0.318616
0.097372
0.0699375
0.548473
0.441268
0.183337
0.0122909
0.179249
0.280496
0.503326
0.00236887
0.490857
0.0216068
0.160597
0.0258961
0.333552
0.217709
0.563331
0.00322163
0.682129
0.0027813
0.169729
0.524518
0.0106488
0.459437
0.0271895
0.00103259
0.000658745
0.0319855
0.505792
0.339929
0.233764
0.535415
0.684467
0.39391
0.107116
0.418356
0.81111
0.600453
0.0629531
0.347168
0.0384683
0.171002
0.0134827
0.323886
0.129303
1.68145e-05
0.48532
0.607719
0.119671
0.304347
0.556743
0.000553664
0.337519
0.439868
0.377357
0.768287
0.708823
0.4737
0.33134
0.317317
0.14267
0.439579
0.19899
0.553976
0.162775
0.109161
0.0680673
0.400641
0.509782
0.026556
0.606262
0.116226
0.486323
0.840568
0.375811
0.668857
0.608435
0.0310058
0.00282534
0.639692
0.00316399
0.0850637
0.513655
0.41931
0.257724
0.508307
0.508322
0.313121
0.55778
0.129469
0.515601
0.370395
0.085056
0.733271
0.239218
0.373921
0.549223
0.431298
0.0600514
6.10123e-05
0.336942
0.346546
0.410966
0.462718
0.350387
0.0164415
0.050689
0.260512
0.0115621
0.682427
0.0961932
0.566152
0.60424
0.00558281
0.438837
0.112436
0.229731
0.346212
0.286328
0.231664
0.455193
0.70782
0.0156108
0.349485
0.425212
0.0189491
0.00087982
0.200152
0.226586
0.441401
0.383813
0.00242559
0.388618
0.469408
0.303298
0.242101
0.599346
0.00766138
0.00483532
0.538253
0.192493
0.885877
0.239092
0.391367
0.0938438
0.37819
0.334484
0.423999
0.326346
0.42387
0.52003
0.486542
0.648939
0.00463247
0.111197
0.0256084
0.00725201
0.657737
0.153596
0.797501
0.123953
0.196709
0.0388864
0.718452
0.358161
0.392087
0.366971
0.523166
0.543416
0.544218
0.459922
0.339456
0.00444542
0.838221
0.241411
0.00466273
0.00323377
0.0811907
0.167776
0.00184721
0.660508
0.649054
0.535564
0.36982
0.217367
0.0582694
0.429559
0.000146092
0.724021
0.541431
0.522188
0.160552
0.537249
0.656006
0.322292
0.727715
0.282687
0.00138965
0.40885
0.000107574
0.247906
0.323073
0.00726046
0.70849
0.0501806
0.639008
0.884557
0.206178
0.251821
0.0712784
0.128572
0.528557
0.659983
0.521417
0.0715404
0.469714
0.00460637
0.240405
0.563727
0.0167044
0.0301352
0.648033
0.304756
0.0192678
0.0223805
0.414445
0.017421
0.295541
0.293766
0.436182
0.557038
0.270344
0.0194983
0.414647
0.382478
0.535249
0.00972742
0.752219
0.386767
0.00745752
0.112096
0.397525
0.00154706
0.337996
0.740331
0.394487
0.357472
0.257246
0.299237
0.0542751
0.00500631
0.000109882
0.330954
0.0820275
0.000310923
8.65843e-05
0.620125
0.264699
0.656648
0.0350175
0.114723
0.348342
0.112756
0.276911
0.200462
0.52537
0.895737
0.294882
0.633326
0.366605
0.17703
0.21024
0.576772
0.000504405
0.00282295
0.225985
0.692952
0.0530306
0.342864
0.103982
0.201095
0.598063
0.0582227
0.0939882
0.415191
0.0577109
0.189166
0.124009
0.25761
0.687923
0.678891
0.204974
0.45679
0.731176
0.538748
0.023812
0.00599198
0.0126981
0.638392
0.30139
0.56264
0.223563
0.444749
0.0208564
0.0436049
0.497609
0.012023
0.614372
0.0311432
0.729959
0.0361732
0.00571222
0.688512
0.000220708
0.699875
0.00347179
0.663022
0.345489
0.593999
0.302307
0.145369
0.000730061
0.00411011
0.00801983
0.241645
0.182063
0.520461
0.629327
0.59683
0.686637
0.294877
0.0245143
0.181534
0.204805
0.575164
0.275881
0.0704454
0.0479691
0.627852
0.00200707
0.614629
0.0157892
0.0908196
0.0122973
0.83394
0.581603
0.0402342
0.283128
0.703026
0.39863
0.241037
0.442537
0.46903
0.550211
0.0987346
0.0158517
0.644817
0.342403
0.177126
0.0451646
0.39315
0.111204
0.428572
0.0161687
0.0133706
0.3376
0.0673214
0.0409025
0.00843231
0.501205
0.0484965
0.00134791
0.299289
0.465066
0.348521
0.00460366
0.21619
0.0848719
0.391549
0.218206
0.37538
0.751849
0.42186
0.069101
0.00944026
0.20449
0.206149
0.00781187
0.212583
0.365049
0.516186
0.00307173
0.000261451
0.0950087
0.113327
0.704104
0.584579
0.758936
0.790728
0.781007
0.018969
0.161847
0.41672
0.00531192
0.481105
0.0140367
0.42336
0.319543
0.529135
0.767654
0.690226
0.116714
0.175973
0.14098
0.0447273
0.0135947
0.510793
0.180019
0.454263
0.566651
0.336026
0.296917
0.400027
0.682578
0.155207
0.687988
0.267146
0.652217
0.442156
0.0578055
0.311977
0.475125
0.27645
0.574946
0.47302
0.19157
0.332705
0.295055
0.0482202
0.0413937
0.286853
0.10447
0.46271
0.000155352
0.481659
0.0419101
0.0386636
0.620355
0.300868
0.0477862
0.403329
0.690686
0.790347
0.771717
0.747927
0.828577
0.38054
0.674906
0.309987
0.219846
0.0316262
0.763621
0.535587
0.2227
0.523627
0.119856
0.0557238
0.325987
0.000387177
0.440048
0.00303571
0.875761
0.00535001
0.447443
0.397778
0.0206422
0.449303
0.554942
0.000844255
0.42689
0.727652
0.0123039
0.283189
0.000409114
0.0490365
0.355528
0.153064
0.000402668
0.123898
0.489351
0.490273
0.286822
0.0281065
0.00591769
0.387672
0.129107
0.50665
0.211545
0.653772
0.0265399
0.38023
0.000308248
0.225296
0.223663
0.00105338
0.0316367
0.307568
0.0158982
0.0139191
0.381927
0.153924
0.509518
0.548344
0.659544
0.659404
0.6261
0.299249
0.317951
0.563692
0.705453
0.572393
0.0955959
0.216369
0.576074
0.0466639
0.119038
0.633067
0.531775
0.223315
0.253814
0.408995
0.783674
0.0436399
0.0149298
0.823754
0.000667907
0.000159342
0.683428
0.518888
0.295039
0.75478
0.147247
0.582672
0.000938977
0.334039
0.512864
0.100659
0.293205
0.0582578
0.275208
0.605643
0.0196416
0.00555765
0.286902
0.416605
0.755441
0.145465
0.363804
0.0207791
0.617151
0.308265
0.801599
0.379841
0.494748
0.179387
0.217383
0.158278
0.313982
0.873568
0.000143251
0.0746318
0.0237944
0.758973
0.308463
0.586271
0.235371
0.195747
0.427531
0.017345
0.27614
0.197926
0.0808127
0.141787
0.292354
0.00546277
0.0560123
0.00465365
0.610898
0.330363
0.471048
0.0251571
0.681001
0.701384
0.308773
0.738817
0.203833
0.700467
0.0206698
0.046054
0.448849
0.491038
0.861589
0.0197678
0.0951064
0.354479
0.380053
0.319531
0.689944
0.52153
0.119723
0.288114
0.196449
0.471674
0.000519269
0.0343323
0.298863
0.314528
0.181401
0.00933166
0.328
0.070575
0.132899
0.469261
0.719176
0.58909
0.132715
0.0287402
0.0731438
7.54856e-05
0.387085
0.204571
0.49415
0.815004
0.444792
0.151889
0.238245
0.273486
0.627999
0.0367579
0.0954732
0.000780683
0.11077
0.303123
0.0853458
0.136656
0.00259968
0.0499522
0.0103082
0.19264
0.353925
0.478754
0.131084
0.266877
0.642034
0.00115293
0.592648
0.340142
0.516883
0.264771
0.163751
0.111456
0.00137622
0.660012
0.109739
0.58733
0.000875061
0.00666452
0.318981
0.296414
0.707858
0.224798
0.419615
0.78608
0.685924
0.339748
0.155857
0.311938
0.0189009
0.745194
0.413431
0.0159491
0.00625475
0.451601
0.00463458
0.0582306
0.443861
1.88943e-05
0.202909
0.00223526
0.252131
0.00285493
0.363328
0.362958
0.553816
0.421815
0.0238508
0.000101489
0.000425143
0.567609
0.637161
0.414518
0.264332
0.0470838
0.520409
0.267643
0.618018
0.0204392
0.0342351
0.491003
0.198149
0.242467
0.179769
0.356604
0.203479
0.166415
0.113876
0.262684
0.185199
0.6617
0.755265
0.652369
0.366199
0.453287
0.0166364
0.00211513
0.724079
0.297876
0.182042
0.120666
0.476542
0.0328375
0.123922
0.737854
0.321128
0.54475
0.174937
0.365919
0.375761
0.249027
0.450439
0.224909
0.00319139
0.283089
0.155724
0.051837
0.271407
0.0632271
0.355129
0.348041
0.00796639
0.028737
0.551016
0.225392
0.412188
0.766018
0.410547
0.220229
0.00811604
0.071332
0.00099711
0.00713382
0.000865264
0.0131326
0.256733
0.0486386
0.324915
0.529739
0.410217
0.195719
0.194156
0.0828664
0.711623
0.31223
0.0653497
0.121926
0.671499
0.0179783
0.308237
0.47653
0.429939
0.557036
0.64541
0.0486823
0.238577
0.0644965
0.326509
0.352954
0.333504
0.394538
0.000734999
0.476674
0.842177
0.763138
0.0092283
0.819942
0.737067
0.195183
0.175641
0.419337
0.00475072
0.410663
0.214825
0.840266
0.116517
0.0898851
0.455532
0.883167
0.344731
0.397704
0.60328
0.603346
0.329721
0.291666
0.551842
0.251683
4.49129e-05
0.279053
0.220672
0.0118908
0.242665
0.000416084
0.0653369
0.682075
0.403201
0.753523
0.185583
0.603387
0.00101464
0.120507
0.06602
0.401516
0.412301
0.319782
0.566254
0.527467
0.396131
0.279202
0.0810932
0.0178997
0.427928
0.325452
0.347912
0.274977
0.00792387
0.419953
0.119982
0.364504
0.000730129
0.163882
0.0330081
0.079213
0.412663
0.372404
0.772473
0.0109239
0.51712
0.759421
0.458458
0.00675327
0.680017
0.535145
0.00330338
0.0134444
0.0685068
0.330875
0.295262
0.0670438
0.0877002
0.0474396
0.0490324
0.519246
0.305414
0.370265
0.0418787
0.283649
0.25711
0.340459
0.713514
0.539688
0.144502
0.106316
0.666597
0.143606
0.697997
0.297186
0.577009
0.000586278
0.544205
0.49396
0.650784
0.288339
0.499772
0.0166257
0.260965
0.0811409
0.36878
0.0077909
0.351675
0.0293209
0.304135
0.0114385
0.00736885
0.36167
0.0270652
0.628314
0.0224767
0.788826
0.651139
0.252773
0.00330613
0.298912
0.0444635
0.00563424
0.744663
0.505429
0.337786
0.0289861
0.550467
0.393201
0.134505
0.241014
0.017428
0.348293
0.447731
0.0081153
0.489484
0.501898
0.720116
0.287403
0.27628
0.832034
0.18635
0.228161
0.607181
0.000718911
0.00339733
0.0979987
0.0629368
0.333609
0.000622492
0.033074
0.601617
0.191039
0.340412
0.134953
0.194891
0.512705
0.642758
0.152397
0.566346
0.00132635
0.37848
0.266399
0.0265955
0.30171
0.238004
0.767874
0.528275
0.0423035
0.151903
0.533689
0.226946
0.857022
0.00890771
0.214332
0.166151
0.721298
0.0672779
0.0915602
0.046618
0.557484
0.189283
0.127837
0.61619
0.000270816
0.0580632
0.579984
0.36705
0.0978929
0.227941
0.215531
0.537232
0.635349
0.627226
0.114144
0.667574
0.000997144
0.00108718
0.443755
0.286395
0.510797
0.132243
0.0279687
0.296221
0.342703
0.468476
0.00126087
0.394262
0.221117
0.775097
0.503024
0.082192
0.0349598
0.63101
0.709136
0.322795
0.00176329
0.546414
0.488324
0.0471843
0.352342
0.275539
0.388397
0.475579
0.165892
0.564335
0.0967542
0.195002
0.819041
0.194269
0.269229
0.62651
0.705365
0.0994048
5.19045e-05
0.224293
0.404952
0.489589
0.0155125
0.0116976
0.78162
0.777236
0.0944301
0.128568
0.0105938
2.35027e-05
0.000693658
0.0265847
0.32689
0.0557161
0.342279
0.0540231
0.261865
0.0982243
0.00511823
0.421386
0.528648
0.710329
0.025688
0.0522941
0.370795
0.510214
0.155143
0.244148
0.582466
0.529981
0.00519942
0.434955
0.459068
0.000523144
0.316046
0.305579
0.517355
0.346255
0.664848
0.714709
0.425953
0.361598
0.659153
0.204343
0.0757882
0.43798
0.00123805
0.0174856
0.0869963
0.245639
0.655241
0.103546
0.631312
0.716055
0.00062016
0.7932
0.024548
0.120846
0.0768267
0.0608628
0.497832
0.373908
0.345832
0.175208
0.0279385
0.00160635
0.000710638
0.520789
0.628531
0.651344
0.252796
0.578565
0.89301
0.24357
0.317867
0.347126
0.453987
0.612508
0.0223947
0.228735
0.0405609
0.131268
0.533349
0.344899
0.600845
0.484162
0.0130319
0.00516638
0.457271
0.411938
0.0086649
0.200783
0.392443
0.0332448
0.0235092
0.394749
8.97657e-05
0.172776
0.267833
0.253695
0.250455
0.61989
0.0794609
0.741643
0.300511
0.0346397
0.130163
0.102597
0.355359
0.0442341
0.545516
0.0178841
0.124113
0.251304
0.696337
0.597544
0.605936
0.337279
0.0157825
0.348638
0.463521
0.54921
0.56921
0.62186
0.266012
0.292484
0.50504
0.404791
0.0418033
0.464795
0.410727
0.103752
0.0169547
0.193141
0.457408
0.282944
0.0209885
0.633828
0.419256
0.043884
0.00134478
0.213247
0.000839739
0.364539
0.129404
0.161463
0.0862946
0.509978
0.29401
0.418023
0.225043
0.0289301
0.0113098
0.33022
0.41749
0.018934
0.351901
0.764498
0.0316997
0.269837
0.0447303
0.722241
0.550638
0.017804
0.452507
0.581208
0.146868
0.0167752
0.631361
0.404696
0.468578
0.672735
4.86946e-05
0.623627
0.0223073
0.00337173
0.21177
0.0705578
0.401347
0.69182
0.548765
0.25278
0.11156
0.806982
0.291252
0.0618078
0.613046
0.00352498
0.566503
0.514455
0.367606
0.498951
0.0868798
0.574614
0.199208
0.0867357
0.281893
0.478681
0.443113
0.26676
0.00292184
0.0436156
0.23941
0.12441
0.336837
0.532947
0.758083
0.313345
0.51227
0.883315
0.367676
0.518276
0.420086
0.000181792
0.122028
0.186375
0.172449
0.0194127
0.146285
0.64458
0.675534
0.193611
0.158377
0.673617
0.467833
0.156758
0.000153165
0.72788
0.161481
0.149023
0.62517
0.138785
0.554518
0.00973736
0.0823584
0.270306
0.709486
0.491719
0.388713
0.0342494
0.00209956
0.238233
0.318637
0.285024
0.102869
0.39635
0.47994
0.494302
0.218144
0.264848
0.0013431
0.520419
0.246856
0.060593
0.360325
0.00953749
0.430678
0.216672
0.0259183
0.079196
0.00784122
0.162249
0.621506
0.0985318
0.0514661
0.0492084
0.045518
0.586078
6.94739e-06
0.709128
0.537259
0.0352503
0.332267
0.0433069
0.240997
0.464991
0.441861
0.180078
0.15848
0.103034
0.606175
0.262371
0.747851
0.376436
0.0571273
0.0653988
0.0262462
0.267674
0.181655
0.792936
0.00864283
0.255042
0.550777
0.18366
0.0996521
0.215092
0.365483
0.606418
0.100561
0.579288
0.0508096
0.148579
0.525854
0.070271
0.0750617
0.0254713
0.0851255
0.0158498
0.00327904
0.360278
0.482487
0.0608721
0.30653
0.655072
0.0214841
0.037675
0.367528
0.283637
0.219072
0.329803
0.283063
0.340408
0.460522
0.296004
0.152298
0.0427288
0.000893874
0.565056
0.0152838
0.0186431
0.382242
0.241878
0.00281111
0.258692
0.415338
0.0017102
0.7821
0.116315
0.44017
0.541967
0.333464
0.450667
0.607468
0.299119
5.3313e-05
0.489464
0.00190771
0.491374
0.307193
0.591937
4.28206e-06
0.12975
0.283858
0.608754
0.361305
0.303622
0.180497
0.130088
0.520481
0.563043
0.000313581
0.573921
0.178821
0.382261
1.55095e-05
0.444262
0.574312
0.0878759
0.362151
0.00150304
0.382381
0.7086
0.157399
0.708957
0.491414
0.42454
0.682831
0.00629662
0.44968
0.277802
0.13275
0.291023
0.308571
0.0527258
0.61496
0.489718
0.0278148
0.70753
0.0661909
0.00167858
0.0641391
0.375444
0.580297
0.350896
0.215314
0.0580018
0.295937
0.372751
0.119462
0.00182514
0.0137385
0.31756
0.0822664
0.430197
0.120119
0.53001
0.893554
0.610013
0.0149167
0.0225696
0.0276638
0.00423986
0.00864076
0.00638158
0.290931
0.339611
0.518992
0.640057
0.469354
0.0503138
0.2193
0.106742
0.025271
0.00680452
0.323307
0.547081
0.662231
0.23179
0.000150619
0.857198
0.209419
0.117422
0.389238
0.0228664
0.026773
0.343526
0.146409
0.0294654
0.578366
0.0320595
0.648727
0.119162
5.74707e-05
0.0748874
0.00326894
0.339301
0.0691269
0.591945
0.732334
0.300557
0.0426638
0.000494198
0.176159
0.628753
0.0128715
0.706066
0.180295
0.221646
0.287508
0.47531
0.257665
0.00435197
0.0478593
0.601645
0.263931
0.621325
0.0571217
0.0702393
0.0361431
0.573528
0.707079
0.148129
0.707478
0.0720086
0.552577
0.253406
0.178915
0.017974
0.16814
0.0284409
0.785016
0.126471
0.836428
0.505929
0.0432348
0.0114865
0.695331
0.00550621
0.541622
0.00640336
0.0614299
0.0402564
0.572316
0.432877
0.663071
0.396523
0.00580369
0.00118121
0.0238395
0.279743
0.128168
0.120303
0.195042
0.250622
0.595384
0.0431472
0.0167184
0.48257
0.604974
0.0179573
0.63795
0.108558
0.541044
0.144648
0.29908
0.605744
0.000382004
0.304964
0.763785
0.347212
0.383213
0.425654
0.507538
0.123525
0.133587
0.0379164
0.000632601
2.86102e-05
0.000995862
0.545002
0.432304
0.00428632
0.140852
0.0177772
0.117317
0.572042
0.270618
0.286095
0.0142021
0.393318
0.329502
0.212262
0.459522
0.507754
0.565016
0.436852
0.311792
0.312556
0.453603
0.562863
0.121948
0.167942
0.0139528
0.320641
0.0123499
0.135396
0.365067
0.41756
0.398802
0.314682
0.0277165
0.000142459
0.795535
0.383748
0.0124235
0.786609
0.428623
0.538814
0.0261215
0.000947949
0.0406941
0.539341
0.291905
0.116277
0.00903954
0.562865
0.736274
0.26601
0.0284313
0.403442
0.733745
0.156286
0.0677179
0.00253087
0.313779
0.335453
0.163778
0.00419923
0.425715
0.201582
0.000851406
0.493352
0.596109
0.747352
0.00295605
0.555566
0.529167
0.398241
0.41945
0.288307
0.625202
0.330575
0.502352
0.000898018
0.00280188
0.411914
0.15056
0.0467844
0.499634
0.463975
0.233928
0.434353
0.116007
0.239225
0.70871
0.00643931
0.06443
0.279627
0.227706
0.56527
0.185783
0.0058047
0.849954
0.64889
0.387922
0.656325
0.13323
0.465434
0.373788
0.00140463
0.00205914
0.622864
0.0577785
0.249024
0.663647
0.481493
0.19787
0.788274
0.00319563
0.381407
0.00683825
0.133258
0.610249
0.710212
0.4098
0.288294
0.543149
0.000904012
0.509562
0.28173
0.703247
0.200855
0.350629
0.336632
0.387404
0.334773
0.376871
0.406967
0.343092
0.208109
0.619657
0.626872
0.148779
0.0138674
0.0893691
0.756794
0.102104
0.606113
0.371049
0.355254
0.0393503
0.376688
0.239065
0.0787918
0.000476317
0.682352
0.451119
0.469643
0.368561
0.0329097
0.540126
0.335283
0.871895
0.0503216
0.338324
0.311766
0.578647
0.410097
0.156391
0.541365
0.37659
0.358599
0.486532
0.249636
0.461715
0.147235
0.403765
0.624232
0.267911
0.234311
0.296472
0.143627
0.582961
0.0142382
0.686038
0.00158624
0.0254848
0.0500683
6.27905e-06
0.315004
0.25443
0.273271
0.0312922
0.181101
0.28251
0.352735
0.799829
0.411214
0.390475
0.00308051
0.0148149
0.160095
0.399813
0.0435106
0.534433
0.233122
0.171478
0.418414
0.0136481
0.000303906
0.30096
0.363112
0.375201
0.579704
0.0287281
0.000239859
0.377346
0.252427
0.0887132
0.340981
0.062556
0.0831144
0.0232729
0.000855914
0.00406382
0.0209872
0.206928
0.248606
0.810882
0.328463
0.447003
0.819953
0.300937
0.232244
0.493952
0.287271
0.0614569
0.290998
0.152586
0.711477
0.00666981
0.0743445
0.373316
0.351634
0.700935
0.659124
0.216493
0.00449938
0.614346
0.519431
0.65652
0.669322
0.486173
0.0164052
0.00360809
0.477655
0.00303514
0.773333
0.625587
0.0902038
0.356787
0.391141
0.443439
0.00566646
0.321604
0.00561014
0.00115454
0.278301
0.0690928
0.567247
0.499415
0.00869339
0.278961
0.524449
0.37185
0.000771372
0.506355
0.144075
0.415342
0.0109078
0.0246435
0.499085
0.46622
0.0866809
0.556666
0.224321
0.31032
0.676142
0.000751216
0.0201104
0.395469
0.456432
0.475282
0.0722077
0.247995
0.100854
0.299725
0.835175
0.0843943
0.524509
0.560686
0.714352
0.837327
0.52811
0.18578
0.449644
0.337866
0.000395738
0.505749
0.299689
0.26428
0.0149181
0.659221
0.0112845
0.207385
0.0728634
0.457271
0.454972
0.0232842
0.0960363
0.0209956
0.000516764
0.5399
0.0206083
0.00501685
0.000533177
0.00385163
0.550587
0.415294
0.0995057
0.0849428
0.073458
0.434908
0.0174942
0.0534761
0.627554
0.306822
0.0696139
0.746754
0.00014171
0.459745
0.199333
0.234862
0.753401
0.198552
0.54754
0.450115
0.465015
0.318893
0.240876
0.791065
0.18586
0.0108646
0.669051
0.087463
0.0301688
0.158827
0.370043
0.188371
0.00250028
0.298101
0.0203532
0.0706114
0.388791
0.257035
0.0307993
0.584188
0.179964
0.549083
0.307417
0.464131
0.383514
0.424155
0.66649
0.0024727
0.510785
0.229129
0.467054
0.746814
0.0796041
0.685524
0.539243
0.413357
0.216622
0.661833
0.574834
0.710103
0.000489782
0.393453
0.0136233
0.0126534
0.202026
0.0237434
3.00176e-05
0.148441
0.0155455
0.430893
0.397522
0.344201
0.661389
0.000913689
0.475549
0.0350032
0.0421255
0.566252
0.0231588
0.18893
0.00508038
0.0458239
0.00432559
0.171373
0.0146155
0.378058
0.453941
0.726801
0.0514514
0.628345
0.686052
0.00780712
0.265062
0.426058
0.00110073
0.251835
0.361738
0.152093
0.595172
0.199401
0.0325028
0.477449
0.029186
0.348548
0.0898343
0.332707
0.00169695
0.00660906
0.312435
0.630136
0.160782
0.0138628
0.560541
0.348813
0.518612
0.00202939
0.23229
0.350676
0.0308591
0.397353
0.00152675
0.175009
0.455227
0.0153972
0.63296
0.681029
0.257748
0.488851
0.41215
0.202099
0.0712235
0.556421
0.329949
0.819262
0.216261
0.432941
0.230794
0.000279917
0.0186996
0.166809
0.121603
0.0600649
0.562123
0.00859017
0.121437
0.432376
0.740822
0.548507
0.0766226
0.596873
0.273114
0.686051
0.0625484
0.0383521
0.360512
0.339918
0.156584
0.21592
0.258607
0.103866
0.0841268
0.577516
0.188324
0.159281
0.0849938
0.03438
0.143176
0.37283
0.507315
0.00345278
0.174183
0.274576
0.394352
0.0011424
0.00133578
0.067902
0.602397
0.274751
0.00332676
0.408361
0.634693
0.30387
0.271887
0.190039
0.101064
0.309481
0.0102927
0.419725
0.545852
0.614531
0.85335
0.217895
0.751615
0.000378561
0.0307229
0.502478
0.00313467
0.829504
0.474751
0.393369
0.332171
0.295912
0.0491505
0.0260119
0.105774
0.293614
0.344957
0.673082
0.553508
0.514689
0.472607
0.816521
0.500383
0.422438
0.0314897
0.222685
0.312974
0.00104657
0.846542
0.00355002
0.325286
0.519266
0.478368
0.523047
0.00896865
2.20427e-06
1.82737e-05
0.107379
0.544597
0.684295
0.570393
0.796349
0.288159
0.2052
0.787453
0.0265737
0.736326
0.112951
0.0586022
0.321287
0.114518
0.684437
0.553046
0.540585
0.0217358
0.00469175
0.0192646
0.111474
0.481669
0.219001
0.526536
0.462836
0.0524411
0.253684
0.431209
0.360855
0.533005
0.0136994
0.436025
0.670862
0.547849
0.164155
0.498551
0.429387
0.0240178
0.235085
0.230982
0.00111154
0.570413
0.285321
0.34541
0.682224
0.118958
0.416794
0.264776
0.420858
0.235503
0.701287
0.711711
0.00121095
1.77648e-05
0.0191958
0.670195
0.274197
0.0733493
0.438299
0.0697009
0.390224
0.169757
0.158509
0.0811382
0.391733
0.390616
0.568727
0.294993
0.507073
0.485117
0.687133
0.0634429
0.783784
0.69234
0.0768707
0.51802
0.0437452
0.318529
0.0276838
0.59143
0.0559986
0.120073
0.33116
0.288578
0.545955
0.0238729
0.77897
0.0248151
0.385307
0.155122
0.0877575
0.29675
0.00983422
0.0193646
0.643051
0.504269
0.804818
0.031502
0.600272
0.287779
0.482285
0.59537
0.13834
0.08706
0.613157
0.295533
0.0283969
0.330572
0.0828909
0.2751
0.482903
0.526213
0.223435
0.191964
0.342916
0.274097
0.673147
0.513501
0.476733
0.0010794
0.646293
0.554344
0.000992708
0.0152919
0.560873
0.430349
0.79624
0.22653
0.517503
0.0414312
0.00452245
0.26443
0.698421
0.00157847
0.409283
0.037475
0.102695
0.0971332
0.0468981
0.578301
0.00485322
0.00235015
0.719447
0.232057
0.736091
0.33358
0.324798
0.264741
0.219534
0.708902
0.0663165
0.0918292
0.566657
0.624229
0.323152
0.0657865
0.557196
0.353022
0.0534992
0.526613
0.629478
0.268422
0.0271057
0.503011
0.747128
0.0330826
0.0303559
0.492327
0.109362
0.223535
0.729594
0.0545944
0.351442
0.0105464
0.604323
0.785288
0.236361
0.285118
0.461323
0.0038274
0.384663
0.646905
0.709298
0.637512
0.160007
0.812569
0.0407013
0.260331
0.0271166
0.472423
0.317429
0.637317
0.852728
0.218822
0.239014
0.678432
0.693673
0.0802544
0.227571
0.0538201
0.308681
0.373602
0.314903
0.355385
0.77672
0.598293
0.370203
0.157386
0.266307
0.708732
0.496654
0.857257
0.189507
0.900508
0.209244
0.00294152
0.404926
0.505662
0.149742
0.142801
0.392556
5.71107e-05
0.556044
0.291906
0.00341516
0.487759
0.431189
0.495376
0.525378
0.582112
0.666324
0.236528
0.623974
0.557241
0.0104826
0.435668
0.291072
0.378576
0.451782
0.271999
0.103021
0.00527471
0.508254
0.000602934
0.298358
0.106522
0.0150429
0.343264
0.237949
0.293998
0.196318
0.104469
0.148177
0.0742112
0.0892135
0.451518
0.682561
0.107844
0.0649016
0.597855
0.0886336
0.0119979
0.0013391
0.202823
0.713489
0.0547589
0.779315
0.211585
0.000720176
0.400187
0.765917
0.649331
0.519897
0.131849
0.025187
0.424769
0.699254
0.469571
0.487476
0.301929
0.164026
0.526135
0.0682651
0.123184
0.00613779
0.720362
0.504923
0.39254
0.554513
0.106817
0.514118
0.38713
0.066165
0.0311355
0.497671
0.453605
0.561693
0.0600758
0.059657
0.489031
0.273996
0.185249
0.466784
0.461211
0.534426
0.00757236
0.242789
0.350959
0.334663
0.590068
0.041434
0.827729
0.254781
0.00596202
0.462629
0.347611
0.335852
0.00959899
0.327887
0.0234649
0.243166
2.70803e-05
0.719017
0.0146644
0.164789
0.736407
0.582974
0.616224
0.724467
0.107019
0.203209
0.0201438
0.337984
0.142776
0.430645
0.278234
0.794562
0.403543
0.121447
0.168504
0.456212
0.455971
0.725146
0.616143
0.474678
0.19184
0.00271674
0.375239
0.395909
0.4972
0.713611
0.00815443
0.491355
0.0527527
0.0562654
0.0798921
0.310482
0.152938
0.164639
0.564589
0.416109
0.0710675
0.296803
0.3764
0.246102
0.135112
0.646057
0.482989
0.350466
0.403955
0.157584
0.110473
0.294605
0.18708
0.135615
0.705627
0.299453
0.633698
0.280243
0.456703
0.0115098
0.0226877
0.161736
0.446474
0.0318335
0.535991
0.433775
0.551806
0.0189317
0.223971
0.433716
0.916857
0.00441786
0.383492
0.236027
0.400314
0.686356
0.632132
0.473719
0.249519
0.394527
0.176764
0.48768
0.277802
0.072345
0.261663
0.0710324
0.0863316
0.520896
0.380777
0.00537214
0.261516
0.286738
0.20455
0.000932416
0.636877
0.175121
0.313227
0.0027133
0.0228877
0.143768
0.0142475
0.311385
0.717581
0.403264
0.00417069
0.441738
0.00185376
0.231726
1.98488e-05
0.107289
0.540639
0.427989
0.829069
0.0647747
0.173184
0.344969
0.00280578
0.0114708
0.203287
0.666481
0.21998
0.243166
0.243497
0.364773
0.0953855
0.042996
0.000106168
0.370527
0.0360729
0.0542111
0.267798
0.292458
0.130873
0.203419
0.000193888
0.354128
0.668308
0.612882
0.645209
0.494761
0.503403
0.340175
0.00130387
0.283146
0.735338
0.558702
0.572311
0.0123343
0.0304642
0.00298725
0.297878
0.116672
0.23595
0.220724
0.451333
0.166366
0.796305
0.0100678
0.769066
0.611738
0.0441336
0.0470617
0.0190977
0.669362
0.291154
0.596616
0.210096
0.4792
0.063753
0.459108
0.677793
0.0143481
0.302003
0.369434
0.618551
0.296369
0.336878
0.261772
0.0106121
0.0016992
0.255895
0.556425
0.123152
0.510151
0.156089
0.577005
0.109193
0.623705
0.0271851
0.555755
0.00980955
0.177653
0.487096
0.677668
0.310632
0.705317
0.0798529
0.604264
0.017468
0.43684
0.058762
0.107444
0.220306
0.000161445
0.0227955
0.332983
0.4531
0.621226
0.133861
0.649083
0.0224548
0.388878
0.325494
0.553664
0.297609
0.620776
0.508692
0.533954
0.447201
0.0181139
0.000705971
0.745706
0.103635
0.0808069
0.530529
0.615743
0.538841
0.543572
0.798292
0.480521
0.242305
0.608474
0.852902
0.821273
0.443137
0.27929
0.449077
0.486276
0.00353518
0.45819
0.362116
0.12721
0.760196
0.0453542
0.101959
0.0345814
0.199155
0.00646182
0.80225
0.0502004
0.352722
0.00869316
0.415673
0.289959
0.554784
0.258833
0.498614
0.50518
0.28224
0.786208
1.24041e-05
0.0191771
0.304402
0.217012
0.0171771
0.214343
0.425825
0.591133
0.314044
0.41684
0.0260244
0.109982
0.423785
0.0790795
0.162742
0.0558426
0.350834
0.769933
0.306106
0.219082
0.540546
4.52812e-05
0.29641
0.0087414
0.72853
0.152863
0.726521
0.0892731
0.334119
0.0176423
0.588975
0.0736362
0.165614
0.101243
0.152213
0.0441502
0.00260585
0.429571
0.279095
0.000341442
0.0143687
0.00165723
0.392382
0.677169
0.211745
0.213522
0.284809
0.763437
0.597291
0.597487
0.0528293
0.586216
0.0548017
0.526159
0.234281
0.529491
0.588976
0.219823
0.342669
0.266706
0.261848
0.757197
0.210696
0.611813
0.660825
0.197685
0.447254
0.648613
0.222208
0.0135844
0.0168378
0.674347
0.358728
0.861849
0.658808
0.51979
0.877153
0.0787302
0.521541
0.861728
0.0461515
0.0487808
0.28578
0.0863886
0.220074
0.00254737
0.257086
0.682027
0.132847
0.179487
0.147834
0.573488
0.152221
0.153824
0.224374
0.574806
0.551737
0.774361
0.343945
0.423453
0.202216
0.129881
0.0215074
0.389847
0.450588
0.00520084
0.0333141
0.27226
0.0789303
0.373419
0.0279295
0.105072
0.0416779
0.336388
0.00360505
0.445918
0.0323069
0.481371
0.228314
0.265294
0.616015
0.120036
0.499334
0.000523135
0.0108092
0.449538
0.56799
0.176978
0.00530122
0.205824
0.168309
0.720929
0.0144769
0.14976
0.130271
0.55259
0.565995
0.00477715
0.34826
0.196935
0.00233959
0.282052
0.814633
0.000392582
0.193407
0.0303983
0.295367
0.714294
0.145953
0.27395
0.407317
0.553913
0.0258868
0.491023
0.271347
0.777871
0.347303
0.230233
0.295649
0.526594
0.0114799
0.0790537
0.612136
1.366e-05
0.397511
0.305989
0.30137
0.273824
0.6891
0.420345
0.395725
0.205808
0.830592
0.418498
0.352681
0.0276338
0.297716
0.100135
0.000130713
0.24353
0.270223
0.00481987
0.0459699
0.00139795
0.140182
0.233099
0.393759
0.00403219
0.495187
0.0178338
0.486866
0.562191
0.508678
0.545812
0.00156696
0.00413544
0.520609
0.0103891
0.0979324
0.300255
0.24285
0.144822
0.0137822
0.561646
0.645719
0.0909465
0.387611
0.339564
0.225486
0.414841
0.0296783
0.862086
0.294398
0.360925
0.913873
0.130394
0.124542
0.33114
0.287553
0.576446
0.0168331
0.216255
0.264871
0.342914
0.00225416
0.442326
0.794694
0.0506382
0.309807
0.530564
0.450407
0.342568
0.62355
0.436442
0.605671
0.0166294
0.27702
0.287889
0.610385
0.460793
0.0646863
0.764727
0.496537
0.213573
0.419113
0.0215802
0.0631364
0.473346
0.629693
0.425062
0.51297
0.036602
0.540499
0.334446
0.549539
0.570195
0.5035
0.585985
0.423562
0.53525
0.006293
0.110081
0.0113949
0.155636
0.000298303
0.685146
0.57133
0.761825
0.227056
0.297171
0.368435
0.808157
0.584839
0.27506
0.226092
0.0425628
0.333546
0.00921818
0.403695
0.566942
0.440277
0.277839
0.232679
0.177172
0.408827
0.470704
0.738644
0.531703
0.666323
0.774619
0.697528
0.621823
0.0100682
0.333616
0.0107938
0.536557
0.0108919
0.0386936
0.218587
0.29774
0.557852
0.756535
0.349874
0.685254
0.0364338
0.223125
0.340432
0.668887
0.101684
0.378091
0.452805
0.123527
0.00775043
0.362758
0.0987598
0.078324
0.000478751
0.630797
0.466726
0.12791
0.0142636
0.221731
0.00421713
0.553607
0.645293
0.357132
0.593292
0.693617
0.120887
0.883273
0.0129623
0.0259828
0.161583
0.158322
0.228714
0.00173967
0.722282
0.00683428
0.0960958
0.145163
0.0604906
0.6201
0.702072
0.232893
0.572156
0.0460613
0.0954477
0.226534
0.679618
0.512073
0.577701
0.518848
4.20812e-05
0.0279517
0.0114158
0.31637
0.24007
0.398136
0.0852763
0.110502
0.609273
0.70641
0.455614
0.329367
0.0632456
0.165535
0.0013125
0.164353
0.00209022
0.0402411
0.336989
0.179231
0.704019
0.599287
0.549601
0.0211473
0.806497
0.640792
0.60627
0.158442
0.0136902
0.000699052
0.102079
0.102295
0.00026059
0.586869
0.733651
0.0510914
0.0022157
0.437928
0.27635
0.00232614
0.0425359
0.189411
0.0121809
0.362168
0.762507
0.00800537
0.722455
0.0265422
0.202373
0.484353
0.38765
0.613674
0.552541
0.142625
0.000167515
0.380105
0.468783
0.26419
0.000803689
0.555355
0.0587846
0.46315
0.404127
0.203366
0.772718
0.419355
0.397107
0.0153281
0.0432849
0.000459211
0.501834
0.862071
0.0296711
0.134875
0.703957
0.264836
0.564584
0.512723
0.226917
0.586138
0.273017
0.544434
0.750391
0.489152
0.000289572
0.232932
0.289299
0.676916
0.348267
0.229234
0.369153
0.441507
0.460622
0.697062
0.238286
0.328847
0.506524
0.312843
0.239969
0.17906
0.507945
0.102902
0.439302
0.636628
0.4284
0.567834
0.380826
0.166806
0.361112
0.248299
0.0018615
0.621861
0.094569
1.04512e-05
0.00217407
0.71077
0.696936
0.0204925
0.5274
0.618847
0.356062
0.564227
0.278774
0.00137851
0.00537402
0.830293
0.14404
0.512528
0.725504
0.19016
0.492235
0.340147
0.147906
0.624018
0.131798
0.587809
0.752599
0.562558
0.312226
0.447809
0.24102
0.249608
0.301197
0.0674786
0.425412
0.015203
0.328624
0.329088
0.893089
0.211236
0.433683
0.00266953
0.266592
0.460534
0.274019
0.0627949
0.00864547
0.224698
0.578246
0.296287
0.383139
0.220178
0.0801292
0.0461743
0.521611
0.288668
0.391299
0.0390948
0.142047
0.000143022
0.0429683
0.0348166
0.0139627
0.362485
0.173161
0.0531153
0.57032
0.0365902
0.796868
0.209099
0.168657
0.535724
0.0362684
0.540252
0.00170997
0.163143
0.693111
0.457439
0.29346
0.750416
0.142181
0.354899
0.652365
0.286233
0.344301
0.36379
0.252731
0.266759
0.138979
0.820198
0.745958
0.77332
0.120519
0.250355
0.199067
0.0150036
0.131284
0.56645
0.302573
0.561656
0.442038
0.326881
0.00978879
0.592209
0.00250716
0.0373228
0.676444
0.00755939
0.356707
0.280134
0.0925253
0.00444163
0.791709
0.87906
0.000353881
0.475821
0.294244
0.770087
0.831153
0.79929
0.723619
0.629767
0.560732
0.295897
0.669651
0.496196
0.395739
0.182481
0.00298021
0.592683
0.191268
0.00812094
0.66376
0.504078
0.257145
0.325328
0.00615133
0.00926532
0.305391
0.119852
0.435387
0.0766265
0.1008
0.261426
0.314665
0.351592
0.365839
0.0170436
0.0119965
0.727949
0.738585
0.302189
0.606634
0.00197394
0.0935539
0.424779
0.693671
0.694343
0.563718
0.333979
0.00210497
0.367628
0.00166531
0.0327454
0.0843626
0.344897
0.000156892
0.51348
0.694355
0.499966
0.316311
0.29766
0.0659922
0.484476
0.303042
0.492108
0.314217
0.170603
0.00564675
0.056472
0.456283
0.301489
0.238332
0.266699
0.316515
0.105309
0.311593
0.103368
0.001349
0.775921
0.663361
0.308407
0.603599
0.0126679
0.334072
0.157716
0.48424
0.384293
0.618902
0.228198
0.65649
0.0114283
0.0722731
0.0162639
0.340337
0.710562
0.50227
0.320103
0.630703
0.398445
0.296881
0.00829142
0.125387
0.335868
0.148157
0.904864
0.359417
0.200888
0.403492
0.365408
0.0267314
0.000151869
0.33026
0.292704
0.0247599
0.282215
0.597842
0.605719
0.301699
0.076679
0.0882
0.175405
0.932142
0.531474
6.63195e-05
0.852053
0.0567802
0.353395
0.498752
0.0587608
0.221404
0.116447
0.405324
0.214436
0.160798
0.587437
0.0194975
0.652268
0.497343
0.347878
0.0966869
0.00657856
0.135882
0.805399
0.831468
0.364022
0.236828
0.58311
0.868642
0.000872531
0.638339
0.0248774
0.346443
0.159419
0.00982989
0.0683264
0.689689
0.391398
0.0231509
0.325717
0.744827
0.194199
0.578753
0.0782828
0.126183
0.373201
0.0462379
0.142778
0.0111111
0.0003845
0.00152915
0.438027
0.317503
0.0565655
0.358626
0.164809
0.104356
0.601436
0.0579203
0.151686
0.118277
0.106877
0.000838495
0.600738
0.472972
0.354678
0.395444
0.25067
0.0272003
0.427715
0.69783
0.00961474
0.0196677
0.0032219
0.596277
0.387733
0.146837
0.431434
0.872221
0.158582
0.306803
0.0300499
0.18629
0.241925
0.0400624
0.689356
0.242638
0.169176
0.000382544
0.426755
0.0518292
0.511797
0.716116
0.16467
0.41715
0.333923
0.237758
0.0888202
0.576341
0.106486
0.645782
0.0124475
0.0146628
0.457105
0.0108233
0.597991
0.0124414
0.679303
0.379755
0.401521
0.101696
0.80482
0.612869
0.676204
0.359597
0.000305992
0.275032
0.417704
0.397535
0.440384
0.0494727
0.544766
0.243263
0.731087
0.0407626
0.0331231
0.399313
0.301448
0.574119
0.0567667
0.425982
0.537122
0.303376
0.270281
0.0848004
5.32695e-05
0.0725415
0.392765
0.180892
0.467476
0.317719
0.00148834
0.176978
0.0629056
0.607118
0.515118
0.236915
0.610993
0.44539
0.333856
0.427415
0.0321613
0.00024025
0.4461
0.745333
0.0238597
0.0317267
0.106963
0.433668
0.0721177
0.0409853
0.333713
0.293362
0.606493
0.0825137
0.645385
0.377274
0.78865
0.20996
0.254462
0.336341
0.880536
0.516421
0.389808
0.000495038
0.101845
0.0737352
0.63049
0.317911
0.69471
0.082683
0.141446
0.422131
0.0624361
0.0147807
0.443733
0.717371
0.10006
0.306917
0.306536
0.681102
0.8076
0.43494
0.00748445
0.390083
0.119876
0.134521
0.130201
0.69203
0.379998
0.284681
0.0502335
0.700329
0.0939075
0.128741
0.266753
0.319898
0.271744
0.00130709
0.0212811
0.28859
0.584991
0.0935587
0.533807
0.051055
0.423631
0.62729
0.300097
0.542051
0.318665
0.0951416
0.451606
0.224888
0.65454
0.368469
0.707639
0.0718976
0.055759
0.443218
0.222213
0.641737
0.169936
0.84364
0.000437512
0.116272
0.619285
0.166402
0.515735
0.320008
0.612977
0.677842
0.296282
0.300589
0.12863
0.550615
0.203981
0.255097
0.0402108
0.466829
0.102742
0.348055
0.0229715
0.373544
0.59392
0.327092
0.161817
0.492778
0.273287
0.402595
0.000903393
0.432538
0.503487
0.837979
0.740519
0.0446036
0.180568
0.0939366
0.193368
0.390183
0.310788
0.203883
0.018251
0.0411848
0.0544842
0.698493
0.0322238
0.182054
0.0373408
0.514095
0.182268
0.01604
0.148552
0.077668
0.173543
0.335842
0.327401
0.293352
0.579654
0.0324954
0.0738808
0.106607
0.364101
0.161398
0.163772
0.108898
0.59835
0.299275
0.0606152
0.578091
0.478109
0.330083
0.508699
0.464113
0.595611
0.0873148
0.773248
0.438744
0.147505
0.0199099
0.526709
0.00561169
0.0137794
0.137207
0.163044
0.240777
0.0105251
0.621946
0.0474852
0.210219
0.434459
0.418336
0.470591
0.299625
0.690037
0.168725
0.000381835
0.25508
0.0197053
0.031614
0.383528
0.404404
0.810063
0.102667
0.753461
0.436751
0.0166826
0.00739324
0.491031
0.169385
0.350231
0.0521331
0.344087
0.109932
0.0976602
0.23188
0.397078
0.194805
0.0137581
0.599566
0.213706
0.759794
0.321419
0.64695
0.672183
0.155866
0.0171007
0.644312
0.46335
0.400642
0.630253
0.731967
0.115259
0.46673
0.174189
0.12187
0.627785
0.598494
0.234324
0.27546
0.111361
0.184895
0.676962
0.427872
0.0158408
0.118098
0.0153626
0.0825736
0.640952
0.137277
0.308068
0.187531
0.553705
0.428781
0.16614
0.0480921
0.197102
0.738871
0.692624
0.0578448
0.0451729
0.629109
0.499525
0.200443
0.0500812
0.345762
0.848247
0.675638
0.0198599
0.736311
0.418761
0.131575
0.440393
0.500988
0.752713
0.584155
0.464579
0.680078
0.153893
0.205276
0.0818755
0.0952089
0.136241
0.608404
0.494086
0.248348
0.528034
0.00123469
0.0235773
0.545754
0.365289
0.709944
0.115326
0.700818
0.328198
0.258735
0.328928
0.00226849
0.000912696
0.525612
0.305321
0.72404
0.383439
0.389509
0.0686123
0.300113
0.750396
0.0316695
0.00566149
0.370587
0.0322368
0.380304
0.390665
0.0880246
0.0832421
0.618608
0.541104
0.0312569
0.587564
0.0225424
0.000614838
2.02175e-05
0.629557
0.107002
0.0118284
0.753507
0.257193
0.00138248
0.507244
0.419726
0.0836764
0.469114
0.46074
0.622275
0.11319
0.322393
0.226823
0.238325
3.0958e-05
0.0838673
0.273136
0.109341
0.145776
3.2045e-05
0.380358
0.00198622
0.52996
0.00521244
0.0611292
0.30623
0.255364
0.384434
0.70809
0.14411
0.0283728
0.22522
0.135477
0.019162
0.649732
0.763754
0.597486
0.31012
0.357529
0.0183178
0.54984
0.46823
0.000736065
0.417189
0.086687
0.356458
0.703312
0.0731158
0.0586084
0.52375
0.657966
0.420689
5.87219e-05
0.651005
0.677335
0.710369
0.150572
0.378664
0.71456
0.169764
0.0197585
0.000916847
0.463905
0.000892413
0.72196
0.276298
0.000270638
0.565797
0.498327
0.189347
0.000140807
0.668702
0.52879
1.47276e-05
0.297935
0.338979
0.739404
0.0579039
0.00133612
0.0403484
0.241179
0.31519
0.00568833
0.0542042
0.334848
0.368897
0.2167
0.228221
0.00579178
0.166534
0.110487
0.633814
0.0105879
0.426783
0.454656
0.3744
0.562438
0.135303
0.253117
0.478533
0.262463
0.55154
0.311755
0.00804491
0.188863
0.688663
0.060086
0.455674
0.363871
0.339901
0.0116281
0.920447
0.0731731
0.316857
0.777243
0.086796
0.00208612
0.771864
0.0191769
0.000434546
0.542999
0.503144
0.327943
0.244849
0.528166
0.49932
0.549415
0.595955
0.603911
0.590327
0.0693818
0.0349212
0.118316
0.680543
0.537458
0.599512
0.463956
0.750564
0.442276
0.00161051
0.15755
0.913306
0.210619
0.624257
0.444072
0.564771
0.135673
0.0461508
0.632357
0.221089
0.0673204
0.339754
0.627373
0.531376
0.416475
0.660403
0.0491504
0.356324
0.0371538
0.8398
0.353405
0.114855
0.137747
0.0983343
0.1383
0.236281
0.363206
0.500935
0.18788
0.213599
0.486967
0.496696
0.502904
0.736251
0.0542727
0.421546
0.428846
0.569011
0.221212
0.0749138
0.560106
0.468639
0.187356
0.0394232
0.157927
0.164911
0.817531
0.148756
0.219662
0.414876
0.556601
0.550986
0.453014
0.0180671
0.198583
0.0239987
0.282985
0.435258
0.721711
0.121616
0.300218
0.310132
0.0950056
0.38799
0.329896
0.255415
0.255452
0.28634
0.392272
0.0166951
0.548941
0.19227
0.0696518
0.621952
0.340799
0.40761
0.482147
0.111379
0.600097
0.108658
0.44935
0.673807
0.572413
0.579589
0.586582
0.323546
0.791577
0.102087
7.60797e-07
0.450635
0.769858
0.588522
0.242606
0.593167
0.625415
0.41448
0.203834
0.741288
0.486511
0.0861047
0.49764
0.738941
0.66643
0.00896724
0.277473
0.583064
0.156943
0.200829
0.515337
0.0858792
0.207408
0.188756
0.346809
0.140514
0.0549903
0.0808345
0.29022
0.581974
0.441216
0.30724
0.770159
0.440836
0.148719
0.00701456
0.39732
0.350795
0.60467
0.127638
0.102875
0.513788
0.354331
0.420216
0.623532
0.0639174
0.0971873
0.372569
0.558609
0.432161
0.0462793
0.241027
0.102378
0.349559
0.0793417
0.324981
0.00159219
0.00053677
0.379704
0.17921
0.346141
0.438302
0.297955
0.319763
0.00299971
0.205158
0.143619
0.730611
0.149757
0.0070944
0.664771
0.456923
0.282808
0.269413
0.113437
0.407393
0.652874
0.284817
0.204913
0.0134453
0.505475
0.766238
0.109335
0.141319
0.740617
0.649341
0.0615663
6.06851e-05
0.811917
0.597907
0.480318
0.0802584
0.338531
0.00988244
0.414441
0.482526
0.0334552
0.0137737
0.354194
0.536791
0.0611422
0.00449928
0.000606722
0.499955
0.0135459
0.675499
0.574857
0.416884
0.274
0.67465
0.00723802
0.0169332
0.243102
0.0575762
0.116278
0.0241274
0.03949
0.168754
0.5138
0.261883
0.174382
0.00723733
0.00532156
0.00700169
0.862631
0.878328
0.615289
0.345269
0.787837
0.569323
0.0156321
0.728058
0.00862952
0.303414
0.743115
0.192549
0.245115
0.326954
0.0510573
0.694241
0.0877016
0.689228
0.0195513
0.225211
0.28774
0.0844824
0.412342
0.111026
0.702401
0.652286
0.116527
0.534667
0.519805
0.399411
0.57015
0.0221303
0.0114796
0.300482
0.186787
0.00540778
0.520638
0.70462
0.000811529
0.323299
0.281413
0.0173646
0.000402033
0.0187672
0.695452
0.362125
0.573254
0.409063
0.544346
0.0276118
0.0101646
0.245702
0.074084
0.636331
0.493193
0.0824006
0.00018722
0.205175
0.0169523
0.00649912
0.475335
0.361897
0.280112
0.56224
0.000186658
0.381548
0.0966619
0.332124
0.556708
0.633091
0.728579
0.0783641
0.497724
0.635645
0.369162
0.0452307
0.000543439
0.270747
6.33458e-07
0.446467
0.387949
0.723365
0.271903
0.2141
0.144146
0.0895202
0.0555565
0.00573315
0.532366
0.297644
0.315632
0.55951
0.568681
0.230701
0.447401
0.142789
0.688285
0.480803
0.187381
0.298522
0.00326589
0.567966
0.212591
0.648477
0.523754
0.305604
0.409676
0.0911135
0.433695
0.139009
0.303415
0.356143
0.0960149
0.0585352
0.283122
0.472773
0.0583606
0.619997
0.245683
0.00342063
0.306671
0.822691
0.451605
0.663037
0.279191
0.075511
0.167561
0.549554
0.00101574
0.0442371
0.382561
0.490017
0.656063
0.51981
0.024775
0.0491091
0.0475857
0.630234
0.696241
0.378128
0.0523621
0.400991
0.315783
0.233646
0.75508
0.0283254
0.0874271
0.896039
0.580425
0.546541
0.256969
0.372241
0.270756
0.489116
0.029173
0.720716
0.230523
0.295665
0.387848
0.0147213
0.567174
0.640876
0.794499
0.333975
0.309513
0.231015
0.312151
0.0259604
0.764877
0.288891
0.0364097
0.0432187
0.14127
0.527542
0.109089
0.601619
0.100489
0.62776
0.631719
0.713287
0.0402432
0.222426
0.258445
0.41561
0.37175
0.344478
0.604618
0.713168
0.391231
0.118031
0.154228
0.413918
0.335284
0.12015
0.332699
0.342079
0.00604935
0.364933
0.458047
0.266652
0.554409
0.122036
0.0914418
0.53105
0.46631
0.34264
0.0587047
0.388303
0.328385
0.240102
0.0562692
0.00515595
0.455561
0.0269486
0.812363
0.306058
0.00439698
0.197952
0.493593
0.0096518
0.581955
0.00107747
0.122421
0.320923
0.458704
0.00419391
0.491237
0.0503833
0.487317
0.00980362
0.349015
0.444052
0.309235
0.379012
0.348037
0.245798
0.239629
0.0908161
0.534125
0.622388
0.0409133
0.485494
0.0540945
0.449195
0.426349
0.292978
0.508209
0.410529
0.564231
0.579479
0.577529
0.0505492
0.12937
0.320352
0.247729
0.148758
0.167577
0.0172414
0.0150096
0.356471
0.00833216
0.113057
0.185249
0.462501
0.634498
0.00265192
0.4299
0.246085
0.2839
0.267325
0.313403
0.613906
0.267469
0.00764596
0.0557786
0.00964652
0.473998
0.260166
0.107689
0.00170461
0.332134
0.423493
0.232879
0.00421804
0.541923
0.405059
0.475772
0.575952
0.298909
0.109258
0.643629
0.00271384
0.133529
0.304046
0.443108
0.751709
0.00335715
0.677769
0.567977
0.22645
0.110719
0.161189
0.358765
0.240532
0.19329
0.00163712
0.4043
0.27488
0.192281
0.224811
0.323882
0.411319
0.325523
0.679402
0.0149745
0.66782
0.355668
0.579317
0.261791
0.30741
0.615879
0.294937
0.577317
0.554744
0.356482
0.0187162
0.674273
0.369189
0.391729
0.00521977
0.824402
0.573447
0.06279
0.166329
0.713834
0.637711
0.583132
0.284363
0.0950283
0.300667
0.427633
0.477771
0.595188
0.12756
0.0872866
0.476797
0.00119697
0.115238
0.0128956
0.654818
0.200461
0.480784
0.00235475
0.0555964
0.0123089
0.0979003
0.17238
0.580552
0.233802
0.52684
0.360568
0.440874
0.458486
0.591263
0.159896
0.23293
0.309651
0.270871
0.0220057
0.672597
0.00654074
0.313936
0.118972
0.479581
0.206403
0.291783
0.68946
0.731211
0.287754
0.00436042
0.0866924
0.257635
0.206829
0.178577
0.0708879
0.0136153
0.000495956
0.0139432
0.0152604
0.0375511
0.078836
0.707295
0.14549
0.648924
0.294616
0.198329
0.30574
0.0866422
0.459888
3.66707e-05
0.185715
0.190514
0.25658
0.000446709
0.0342249
0.0876419
0.0216289
0.00963895
0.421006
0.329451
0.503363
0.32801
0.035779
0.276607
0.205092
0.669898
0.628906
0.70064
0.35923
0.0142298
0.0375806
0.00578734
0.562847
0.301749
0.499459
0.0781791
0.0232284
0.464331
0.765336
0.565741
0.00433788
0.214476
0.0143684
0.407404
9.75367e-05
0.469469
0.00598588
0.670025
0.65963
0.634836
0.577729
0.0854448
0.360957
0.333632
0.748921
0.00300047
0.587374
0.29143
0.0632849
0.287607
0.223442
0.689225
0.00132726
0.303451
0.00170306
0.00714656
0.672176
0.672744
0.328858
0.685545
0.0683482
0.276451
0.364424
0.067271
0.13179
0.647719
0.543411
0.096591
0.36862
0.38439
0.23961
0.784006
0.295025
0.304082
0.215539
0.11447
0.361518
0.550755
0.0813155
0.503222
0.481035
0.815205
0.570213
0.0877446
0.00364227
0.056742
0.178079
0.322269
0.218905
0.646449
0.0345924
0.456929
0.0411959
0.468198
0.577413
0.00102785
0.000787065
0.10466
0.341436
0.530676
0.343903
0.0629805
0.28385
0.0258579
0.0109271
0.002222
0.749337
0.585672
0.371637
0.400087
0.653634
0.466209
0.288408
0.0581275
0.0904105
0.0756147
0.286347
0.244199
0.47172
0.490558
0.505575
0.00293493
0.288181
0.0650245
0.197849
0.419066
0.484662
0.171536
0.463965
0.600474
0.576116
0.462752
0.631765
0.00514946
0.237932
0.346615
0.120508
0.481861
0.120368
0.318058
0.604342
0.0021999
0.0182732
0.296423
0.281263
0.265597
0.152986
0.509993
0.59918
0.0693303
0.143984
0.015632
0.72542
0.19401
0.146954
0.0239677
0.48718
0.375288
0.318369
0.201213
0.0425734
0.559786
0.0102483
0.0172653
0.471788
0.643545
0.241033
0.00703077
0.400847
0.145172
0.0544932
0.349007
0.01023
0.000981322
0.588565
0.450974
0.00621036
0.64377
0.00902069
0.180116
0.388739
0.0351214
0.370775
0.375679
0.200055
0.253435
0.391179
0.10555
0.370689
0.199802
0.222816
0.320293
0.00234655
0.617263
0.393503
0.334281
0.786933
0.322897
0.00694193
0.0647206
0.468935
0.0491547
0.0463808
0.231969
0.210012
0.236026
0.564875
0.488635
0.122007
0.194571
0.152395
0.00136554
0.00185718
0.0784603
0.0341146
0.0579477
0.195003
0.59249
0.00239807
0.195118
0.0414477
0.000974247
0.36921
0.000353797
0.0205862
0.650877
0.136472
0.498681
0.351432
0.829343
0.216088
0.715377
0.345858
0.636704
0.453638
0.000540313
0.138413
0.610415
0.270661
0.37345
0.557148
0.254732
0.568437
0.534384
0.0282531
0.0852599
0.666191
0.00227871
0.0824503
0.0305042
0.335973
0.00796583
0.00936547
0.01046
0.656789
0.351489
0.565622
0.316864
0.187415
5.48486e-05
0.679669
0.396418
0.030711
0.321315
0.55727
0.0759141
0.186491
0.677823
0.00206082
0.0457438
0.531679
0.247149
0.0210024
0.169295
0.541182
0.0668741
0.1682
0.264347
0.187442
0.0015122
0.432877
0.43487
0.00460169
0.536195
0.353614
0.0488431
0.464014
0.0852298
0.025015
0.229751
0.00834076
0.229182
0.17763
0.813385
0.000507288
0.50627
0.308678
0.00999258
0.715914
0.227889
0.699335
0.437487
1.04923e-05
0.355052
0.914746
0.0724838
0.217968
0.282511
0.274479
0.235292
0.0680182
0.519229
0.0727568
0.0943506
0.711631
0.496143
0.000123421
0.0590374
0.510694
0.063277
0.277263
0.772784
0.756308
0.373931
0.619263
0.0957006
0.0306217
0.642258
0.0168143
0.312233
0.0989581
0.0311935
0.38803
0.689356
0.0169703
0.422408
0.644952
0.386156
0.110991
0.200207
0.46589
0.489821
0.402676
0.470149
0.115191
0.0973646
0.0925889
0.107353
0.608534
0.511531
0.784863
0.322793
0.000379711
0.0885284
0.603188
0.0371062
0.278744
0.0218198
0.0968006
0.404297
0.000459625
0.69698
0.743937
0.200574
0.0338755
0.0816943
0.446114
0.656552
0.203855
0.151925
0.14229
0.010682
0.284984
0.626311
0.0531585
0.420472
0.226785
0.572161
0.651777
0.326614
0.0188342
0.796686
0.0198186
0.249895
0.301484
0.530477
0.00120311
0.81609
0.033358
0.132147
0.212265
0.423007
0.0120895
0.345621
0.17607
0.462465
0.000166886
0.564816
0.129731
0.502661
0.247661
0.52203
0.355754
0.0125282
0.466202
0.645075
6.0111e-05
0.530935
0.000439651
0.00263027
0.0163415
0.0270932
0.0385835
0.562783
0.299506
0.470038
0.51601
0.442855
0.243193
0.232256
0.519442
0.0894873
0.219847
0.537124
0.0757771
0.592776
0.570756
0.309827
0.0375401
0.231176
0.334188
0.193195
0.280714
0.279184
0.621664
0.294247
0.252286
0.549277
0.421748
0.506975
0.173415
0.45407
0.0674147
0.441879
0.487558
0.133375
0.15242
0.749789
0.259352
0.0550537
0.301262
0.855545
0.680326
0.539903
0.435959
0.407902
0.00591548
0.00431138
0.109456
0.208197
0.460428
0.456167
0.290499
0.0370991
0.345012
0.544894
0.0186385
0.537225
0.00593515
0.202332
0.192466
0.00296641
0.85059
0.33026
0.415878
0.215015
0.362095
0.109216
0.639567
0.381501
0.124105
0.439434
0.593398
0.307205
0.0797491
0.000518948
0.235796
0.790843
0.125432
0.19188
0.720159
0.169874
0.572909
0.0275671
0.430029
0.224439
0.220624
0.10144
0.83126
0.559689
0.405478
0.111026
0.0104417
0.216182
0.100277
0.330216
0.10591
0.00488061
0.118515
0.606331
0.494283
0.136772
0.0015939
0.366791
0.131596
0.00323522
0.0302264
0.0948384
0.601765
0.20753
0.068154
0.00559068
0.296512
0.537028
0.470474
0.00982889
0.633312
0.577002
0.121819
0.576299
0.200735
0.559556
0.495505
0.211095
0.480082
0.247353
0.56498
0.0283437
0.0305506
0.394317
0.542398
0.00126836
0.580781
0.124937
0.243187
0.558734
0.104808
0.168482
0.0386306
0.137322
0.42788
0.323068
0.0620923
0.299263
0.129615
0.649929
0.362406
0.0195349
0.00728435
0.000976246
0.123813
0.693537
0.000116009
0.171515
0.508632
0.184804
0.707673
0.668651
0.522206
0.0197244
0.44079
0.368246
0.0179968
0.063097
0.0218547
0.442071
0.334018
0.100999
0.483697
0.352439
3.81107e-05
0.123475
0.328703
0.0867144
0.0121266
0.240028
0.544656
0.00301007
0.0138962
0.709402
0.254249
0.541307
0.536777
0.229319
0.47024
0.294102
2.6046e-05
0.369723
0.8778
0.779861
0.855911
0.0272204
0.241887
0.00979427
0.361061
0.0615955
0.918091
0.0673005
0.0130432
0.00233767
0.673716
0.0877422
0.732001
0.34484
5.94452e-05
0.330931
0.130494
0.144429
0.110369
0.289874
0.345293
0.0172638
0.746065
0.348511
0.116378
0.51032
0.0513502
0.497118
0.0312573
0.212851
0.380478
0.538962
0.557157
0.00772122
0.324374
0.520737
0.0123895
0.199512
0.763336
0.727301
0.372032
0.10102
0.70152
0.388082
0.306982
0.000868205
0.630843
0.1738
0.708347
0.529341
0.219189
0.306093
0.167064
0.0413488
0.636558
0.661899
0.762068
0.266303
0.445907
0.416211
0.688766
0.246336
0.21745
0.0628075
0.0900958
0.664349
0.231623
0.11745
0.511252
0.0336911
0.00153469
0.108117
0.000199209
0.805853
0.277576
0.00307498
0.631379
0.0133967
0.00511543
0.0323637
0.33528
0.491265
0.325266
0.0325499
0.00653378
0.0579691
0.685764
0.0171469
0.514304
0.45163
0.357679
0.713962
0.554171
0.50988
0.590906
0.584969
0.520852
0.555011
0.230927
0.206855
0.461867
0.403758
0.407484
0.318926
0.112289
0.0800034
0.0473626
0.341203
0.0233413
0.597612
0.570975
0.565187
0.0603491
0.258282
0.117192
1.65783e-05
0.757284
0.220065
0.31108
0.561103
0.674648
0.301568
0.677811
0.192546
0.119303
0.0692333
0.141275
0.00222474
0.0894467
0.66616
0.000237161
0.19298
0.519363
0.007864
0.023676
0.00656669
0.49064
0.0432443
0.378414
0.282167
0.833078
0.000742335
0.397793
0.0899007
0.517585
0.486295
0.923273
0.110495
0.00453497
0.198664
0.131297
0.470059
0.427603
0.13936
0.486822
1.40411e-06
0.880075
0.00689912
0.0364867
0.0599192
0.00454772
0.410601
0.39946
0.0198995
0.432699
0.238863
0.120536
0.000552624
0.0759515
0.183296
0.118492
0.0863384
0.756163
0.223694
0.229921
0.0114729
0.0397516
0.240951
0.788183
0.287985
0.0562327
0.51382
0.372208
0.127908
0.17879
0.176804
0.367742
0.591427
0.584209
0.299715
0.0853206
0.138811
0.509854
0.108373
0.597962
0.342666
0.142732
0.580437
0.443041
0.304849
0.659894
0.347626
0.00971503
0.138378
0.499524
0.241765
0.655461
0.0690508
0.0357274
0.437535
0.156365
0.461758
0.842656
0.285983
0.0029708
0.389088
0.336183
0.00216205
0.511377
0.186604
0.757685
0.475947
0.249012
0.478582
0.243565
0.489246
0.380703
0.00909509
0.472042
0.43936
0.28232
0.000180216
0.376315
0.549469
0.602558
0.411899
0.475012
0.629133
0.533388
0.335622
0.750106
0.537172
0.578839
0.662137
0.5426
0.435916
0.642084
0.281126
0.00851307
0.251044
0.00957635
0.674284
0.0802469
0.530617
0.61953
0.501261
0.271828
0.489106
0.299178
0.031027
0.467313
0.613915
0.443891
0.118221
0.189315
0.452806
0.476242
0.269899
0.597097
0.302703
0.562401
0.62695
0.477596
0.0886447
0.562608
0.0119055
0.000682653
0.782173
0.0035121
0.182031
0.0629734
0.321521
0.657461
0.659045
0.624481
0.0128677
0.03641
0.194221
0.0105185
0.494385
0.131748
0.544317
0.83296
0.00640781
0.310961
0.223878
0.540111
0.00311706
0.622674
8.99687e-05
0.030156
0.619872
0.172817
0.584084
0.53245
0.200153
0.90076
0.378309
0.0161675
0.454093
0.105596
0.163416
0.071349
0.249357
0.713908
0.0124951
0.0670174
0.375629
0.463687
0.661485
0.325885
0.470715
0.117605
0.27088
0.285386
0.72138
0.294785
0.0324324
0.667202
0.0296653
0.26113
0.00268481
0.859295
0.225491
0.257907
0.00422285
0.814038
0.136085
0.0281009
0.520028
0.554793
0.270338
0.570022
0.00503932
0.39617
0.469673
0.00851414
0.0329791
0.316605
0.22423
0.452926
0.364395
0.483039
0.654077
0.00798017
0.526627
0.499234
0.445729
0.0829949
0.000384502
0.227907
0.0261056
0.000799371
0.345024
0.51231
0.0623261
0.723391
0.211417
0.31409
0.699552
0.633939
0.850163
0.550212
0.223518
0.357568
0.00470056
0.37403
0.777616
0.0168402
0.109391
0.136731
0.279978
0.51513
0.555939
0.536427
0.2731
0.408508
0.424488
0.0882069
0.271226
0.00574462
0.00974652
0.175117
0.489735
0.42443
0.0515329
0.644097
0.0142602
0.329152
0.33348
0.726803
0.407668
0.014765
0.317762
0.671647
0.190828
0.307248
0.598069
0.473337
0.0519164
0.382755
0.697497
0.293611
0.382859
0.753715
0.0186588
0.022627
0.310172
0.100091
0.0332742
0.173553
0.458615
0.0207871
0.263422
0.403115
0.490504
0.270424
0.245305
0.302738
0.349434
0.00130676
0.585818
0.122325
0.296049
0.660051
0.00355416
0.604062
0.0800013
0.804634
0.124705
0.306042
0.259247
8.09913e-05
0.0456352
0.697329
0.578254
0.54664
0.506703
0.587078
0.340533
0.0654761
0.11984
0.71804
0.179378
0.0420364
0.421898
0.316925
0.000126918
0.277975
0.0166978
0.280097
0.0678019
0.413102
0.00243025
0.00458428
0.461325
0.278372
0.0163272
0.622354
0.294991
0.146043
0.12864
0.566085
0.729537
0.0451699
0.126236
0.385125
0.369227
0.470874
0.0166207
0.152741
0.212375
0.260938
0.588685
0.191673
0.125478
0.584121
0.00100453
0.00248903
0.452314
0.558363
0.165644
0.262296
0.744847
0.182085
0.160327
0.698105
0.661746
0.260445
0.105247
0.351018
0.795313
0.124929
0.00775648
0.15244
0.281831
0.339056
0.000549056
0.0624199
0.389435
0.681168
0.135383
0.335537
0.267354
0.290183
0.367455
0.111623
0.306038
0.177357
0.381778
0.655537
0.684486
0.0780842
0.0176818
0.57194
0.286254
0.507498
0.109695
0.474126
0.106275
0.557117
0.371333
0.421203
0.285197
0.0114961
0.0273295
0.690878
0.400125
0.531971
0.28394
0.54845
0.28318
0.639152
0.0100997
0.570006
0.199892
0.477249
0.00738419
0.600562
0.579281
0.380971
0.622212
0.58006
0.560881
0.709012
0.209464
0.485151
0.513352
0.172153
0.478524
0.00428475
0.199826
0.32808
0.261569
0.785231
0.353039
0.345137
0.0380104
0.0192108
0.114278
0.623783
0.314801
0.0658175
0.14041
0.626732
0.05603
0.0297183
0.722109
0.624645
0.835639
0.142204
0.441102
0.613113
0.0590331
0.164595
0.449353
0.223293
0.24206
0.806384
0.31711
0.187326
0.648928
0.663633
0.473461
0.327756
0.151719
0.22743
0.26564
0.284526
0.368123
0.549278
0.624812
0.14772
0.00723113
0.484581
0.422932
0.18908
0.0546734
0.076928
0.344802
0.344449
0.833106
0.502733
0.103585
0.327964
0.122352
0.0444157
0.0180276
0.5073
0.496465
0.333153
0.00151993
0.371419
0.681816
0.00835082
0.128309
0.377431
0.16167
0.651411
0.15203
0.536848
0.357701
0.0388547
0.664062
0.201602
0.208139
0.48381
0.0416401
0.00154352
0.186219
0.0449754
0.56983
0.764161
0.260868
0.376043
0.0478573
0.024017
0.390817
0.665432
0.598493
0.588712
0.107547
0.338951
0.720643
0.73452
0.477321
0.471601
0.480688
0.21774
0.146411
0.570452
0.247828
0.559564
0.277616
0.0182802
0.129438
0.517627
0.0243762
0.427722
0.619282
0.0953596
0.691858
0.778995
0.321498
0.167193
0.463782
0.132497
0.438719
0.450243
0.166159
0.370481
0.446287
0.0260702
0.0470155
0.0177718
0.43159
0.288318
0.672896
0.518623
0.1231
0.660725
0.340493
0.00374444
0.271825
0.702869
0.184858
0.415265
0.204907
0.480649
0.552541
0.65592
0.337236
0.17591
0.521748
0.0574499
0.315664
0.679642
0.152782
0.621957
0.091682
0.616584
0.433859
0.329241
0.0304186
0.525052
0.0516774
0.0864314
0.0898952
0.0550973
0.0115362
0.141658
0.430826
0.00547058
0.7172
0.675618
0.0117652
0.544972
0.0284665
0.0540883
0.645114
0.722786
0.881251
0.0451246
0.22411
0.119412
0.111469
0.31778
0.516379
0.59557
0.00126503
0.254438
0.0709597
0.19506
0.254833
0.527108
0.65921
0.014266
0.0869185
0.901995
0.000947095
0.0082937
0.274835
0.0849484
0.752491
0.382672
0.16422
0.601943
0.00598205
0.109513
0.0883677
0.634624
0.451059
0.689098
0.110244
0.611501
0.00623347
0.000206299
0.567469
0.481884
0.0945994
0.667544
0.0348244
0.0999038
0.318345
0.625074
0.427574
0.0309948
0.617018
0.383361
0.471531
0.0205199
0.619858
0.562864
0.526744
0.0487539
0.0136946
0.0211129
0.00282284
0.799166
0.550725
0.197634
0.243135
0.495251
0.142666
0.50317
0.0415811
0.471643
0.577594
0.739176
0.090967
0.00205436
0.0826872
0.41023
0.325741
0.270407
0.28058
0.549197
0.375187
0.000155611
0.0504882
0.101356
0.241427
0.151892
0.0850471
0.181947
0.087849
0.152975
0.456956
0.902541
0.363055
0.328672
0.340424
0.06835
0.0417632
0.0605463
0.154958
0.615842
0.0823904
0.352912
0.0465654
0.00308179
0.732069
0.406996
0.127529
0.0818481
0.272888
0.342338
0.507449
0.671502
0.369604
0.162499
0.305313
0.0273841
0.591865
0.0641529
0.347252
0.0887123
0.0149595
0.674856
0.0679446
0.556115
0.000730283
0.00398788
0.513434
0.22875
0.0458492
0.641577
0.443238
0.355187
0.77046
0.319266
0.463363
0.123131
0.74984
0.479651
0.00104192
0.126408
0.312384
0.0797143
0.153132
0.0847079
0.00156614
0.541005
0.00378315
0.483525
0.357114
0.67714
0.659977
0.271234
0.0774757
0.580911
0.50684
0.699724
0.0741661
0.133705
0.28137
0.430309
0.711177
0.184334
0.00839383
0.0226444
0.0921023
0.527715
0.475294
0.434585
1.19243e-05
0.255821
0.361744
0.0240696
0.505086
0.0798408
0.380578
0.557948
0.590779
0.0146513
0.0612591
0.0230158
0.296909
0.0423683
0.147599
0.000496868
0.346709
0.0702244
0.475598
0.0060779
0.0192471
0.276509
0.625235
0.00125703
0.443883
0.000420404
0.299987
0.553743
0.4674
0.112984
0.493832
0.6777
0.679511
0.0778945
0.24289
0.38183
0.667255
0.418625
0.352109
0.107445
0.0183724
0.000431097
0.30026
0.0294651
0.328131
0.0393199
0.153546
0.256135
0.430168
0.263889
0.271618
0.0362502
0.476575
0.381771
0.692001
0.623515
0.317163
0.337685
0.403906
0.1201
0.456078
0.667254
0.304169
0.528238
0.589447
0.37837
0.391462
0.000432276
0.520353
0.124933
0.00205567
0.0932079
0.337216
0.352722
0.559753
0.671852
0.00120152
0.0402398
0.289064
0.0543422
0.053218
0.719394
0.415939
0.787042
0.249317
0.304375
0.0109389
0.104601
0.0026547
0.61812
0.632498
0.213706
0.342684
0.640724
0.136603
0.348493
0.588846
0.00978607
0.362285
0.278608
0.0513613
0.00193122
0.492299
0.294575
0.381076
0.377003
0.140317
0.354167
0.220573
0.153594
0.175067
0.00271762
0.607757
0.741198
0.0851001
0.262786
0.000765087
0.425671
0.334869
0.414969
0.695179
0.15258
0.270202
0.608027
0.190174
0.27634
0.00177142
0.251147
0.739592
0.144743
0.427167
0.156565
0.937087
0.0244154
0.353652
0.11482
9.53392e-05
0.0489723
0.243008
0.392704
0.00188554
0.688358
0.309199
0.336341
0.267851
0.572828
0.422531
0.482163
0.339168
0.0306978
0.00777133
0.708372
0.412331
0.765164
0.45449
0.0428696
0.387053
0.801377
0.3574
0.2598
0.148266
0.000375087
0.720838
0.000847095
0.314371
0.469745
0.347313
0.331266
0.789035
0.199208
0.335857
0.0143107
0.463381
0.203805
0.77621
0.00365645
0.226948
0.427383
0.369408
0.432789
0.205399
0.00684466
0.396501
0.545392
0.152395
0.494425
0.018001
0.327473
0.454585
0.240903
0.417407
0.0276247
0.03219
0.480842
0.3441
0.519164
0.411488
0.114032
0.00671557
0.0838947
0.000215597
0.502252
0.220965
0.228668
0.000333254
0.0562794
0.0004064
0.00031192
0.00367027
0.252276
0.0215999
0.286063
0.122079
0.550652
0.801966
0.405077
0.421793
0.34185
0.316282
0.00496764
0.040061
0.317614
0.0085462
0.59764
0.000751693
0.0355474
0.418619
0.000217488
0.0986955
0.037612
0.477203
0.0682229
0.157329
0.203767
0.117147
0.374752
0.0216839
0.0142088
0.303826
0.366073
0.368825
0.439443
0.216082
0.495901
0.348174
0.149938
0.223986
0.531171
0.177404
0.102864
0.540371
0.194724
0.288993
0.434607
0.795086
0.812468
0.839844
0.00407814
0.0190005
0.24163
0.248289
0.00468962
0.651562
0.015157
0.0114013
0.0413684
0.466137
0.099592
0.100956
0.023638
0.00847075
0.621391
0.0176249
0.465656
0.0334158
0.520534
0.619342
0.46123
0.395658
0.554496
0.275736
0.000493615
0.754539
0.291772
0.115003
0.466557
0.000982818
0.752126
0.00536687
0.304553
0.0424244
0.165108
0.530735
0.59267
0.523659
0.00781397
0.514293
0.0913723
0.471413
0.615589
0.317429
0.0618916
0.371649
0.315694
0.00049839
0.191725
0.728252
0.655149
0.00764635
0.0203831
8.70526e-06
0.0516517
0.063979
0.449515
0.10429
0.136739
0.387558
0.0472767
0.00266918
0.356195
0.273208
0.515911
0.396178
0.411788
0.0743533
0.671629
0.550576
0.727536
0.294812
0.458022
0.791426
0.300207
0.0610739
0.472508
0.534586
0.463386
0.538609
0.241403
0.308
0.2366
0.409557
0.629716
0.653906
0.119038
0.292697
0.375369
0.344355
0.366154
0.00173409
0.0981378
0.0281505
0.0686217
0.637341
0.0220935
0.0343543
0.263735
0.0972707
0.00944361
0.0802275
0.416762
0.114071
0.296989
0.86587
0.608684
0.00271353
0.000136081
0.814586
0.311387
0.285399
0.502048
0.306981
0.657513
0.268167
0.528478
0.150698
0.31166
0.146388
0.351436
0.587233
0.00551578
0.770441
0.25547
0.0492267
0.248015
0.415331
0.666358
0.627917
0.348783
0.67162
0.114376
0.109963
0.583945
0.00497359
0.231451
0.738583
0.653689
0.180815
0.122425
0.0144352
0.016038
0.652685
0.471384
0.447863
0.12534
0.00238688
0.458917
0.610167
0.224934
0.503538
0.181599
0.581515
0.333457
0.0673907
0.291918
0.0288697
0.177214
0.0862677
0.513343
0.48537
0.335357
0.00652641
0.484348
0.409098
0.488874
4.1207e-05
0.00028505
0.0468376
0.466154
0.218741
0.348567
0.00152001
0.406457
0.00877972
0.00566026
0.0852914
0.076171
0.17267
8.68627e-05
0.0891551
0.434705
0.685833
0.401332
0.675014
0.517209
0.212826
0.368971
0.0303079
0.353551
0.461621
0.00171045
0.0103865
0.475517
0.00771124
0.694827
0.68193
0.188522
0.230206
0.0596485
0.24821
0.527709
0.501889
0.667501
0.593021
0.398417
0.637074
0.0376213
0.809208
0.505879
0.284828
0.025706
0.637738
0.339767
0.362247
0.586097
0.501814
0.633282
0.000651901
0.696019
0.447326
0.45285
0.208116
0.023642
0.146272
0.00235763
0.62455
0.63426
0.55345
0.651095
0.44507
0.61125
0.354441
0.240393
0.732706
0.586384
0.10905
0.0148811
0.344822
0.260976
0.127358
0.051145
0.220544
0.0204866
0.0652055
0.0622101
0.0422425
0.22336
0.162324
0.0276492
0.304457
0.43438
0.528648
0.445925
0.00700726
0.236915
0.000266939
0.345137
0.180298
0.323167
0.0401986
0.0596589
0.0705243
0.000236551
0.602066
0.122085
0.172994
0.162755
0.479178
0.0365069
0.232919
0.029251
0.696394
0.559596
0.0866718
0.197424
0.79113
0.00725401
0.0200777
0.543381
0.634315
0.754741
0.213309
0.0029691
0.577236
0.526457
0.00566036
0.411905
0.671885
0.821983
0.434637
0.24467
0.0625077
0.28846
0.380553
0.70246
0.582166
3.44587e-05
0.325648
0.0740705
0.618806
0.0367458
0.654557
0.608847
0.000889429
0.302877
0.104845
0.127349
0.470619
0.340622
0.0250805
0.308057
3.24856e-05
0.0283899
0.130072
0.660826
0.279209
0.00711603
0.717047
0.00109777
0.503634
0.000281718
0.716874
0.367293
0.406742
0.12893
0.0524177
0.78609
0.110965
0.256167
0.624958
0.053603
0.0110246
0.0909021
0.425432
0.0176328
0.764831
0.0698067
0.0285636
4.68835e-05
0.657451
0.0308241
0.281777
0.532032
0.0681712
0.381804
0.337469
0.0141423
0.006617
0.08849
0.371316
0.388531
0.0299077
0.49189
0.844313
0.0521216
0.00826086
0.591087
0.0318214
0.000221986
0.863316
0.733373
0.171959
0.258277
0.175999
0.210307
0.000204684
0.0202787
0.410885
0.291202
0.551846
0.404194
0.312687
0.840664
0.514671
0.357567
0.494509
0.178546
4.47892e-05
0.580869
0.423612
0.000122508
0.0017426
0.30231
0.331013
0.000855521
0.0998461
0.192749
0.380462
0.478389
0.00206478
0.428609
0.131785
0.072358
0.493118
0.0355163
0.0503162
0.0781941
0.371409
0.0276057
0.381943
0.107739
0.617083
0.167155
0.678113
0.0840597
0.172026
0.582736
0.462632
0.00660325
0.100171
0.389355
8.51277e-05
0.570579
0.639473
0.541212
0.334235
0.00015652
0.0648038
0.560471
0.150899
0.637165
0.000652521
0.176785
0.382917
0.32447
0.767588
0.229087
0.348596
9.12901e-05
0.0080283
0.2036
0.336958
0.668569
0.00364216
0.161267
0.0550762
0.200471
0.0535935
0.00706319
0.49073
2.464e-06
0.231863
0.4735
0.0032451
0.711767
0.441231
0.242607
0.073465
0.175253
0.231697
0.0154396
0.21014
0.0790858
0.307751
0.34938
0.00768529
0.523473
0.572418
0.169182
0.203461
0.644597
0.315718
0.136235
0.0826877
0.000365056
0.327383
0.0979654
0.524158
0.000432522
0.163278
0.736139
0.398801
0.57184
0.24856
0.0231167
0.69158
0.53007
0.28532
0.41716
0.0100324
0.0085714
0.542136
0.614854
0.161795
0.159939
0.000177061
0.575201
0.447901
0.545537
0.0138448
0.0951343
0.152959
0.0575701
0.68447
0.0894181
0.645427
0.211316
0.530066
0.125923
0.285216
0.661245
0.235774
0.197152
0.674251
0.356541
0.0148912
0.103878
0.258258
0.191748
0.176858
0.0715098
0.35753
0.212592
0.109572
0.46998
0.29637
0.323452
0.619216
0.607474
0.422907
0.144961
0.41479
0.792371
0.339522
0.497283
0.568017
0.665465
0.700644
0.00968151
0.00448125
0.115195
0.233238
0.072063
0.581657
0.00439052
0.0402592
0.701577
0.199613
0.464588
0.151597
0.785126
0.0195909
0.741956
0.422552
0.112464
0.615218
0.559155
0.249327
0.739777
0.321245
0.111716
0.228698
0.567792
0.223548
0.00140547
0.326019
0.656844
0.821742
0.611492
0.669091
0.519863
0.38584
0.0911767
0.080731
0.268395
0.179641
0.000109233
0.497496
0.0154383
0.000457846
0.739764
0.0928103
0.00704583
0.0327693
0.120225
0.430497
0.510132
0.00395936
0.499071
0.0491758
1.87884e-05
0.558887
0.0151631
0.0445
0.0709758
0.388636
0.203749
0.366786
0.378927
0.382799
0.309355
0.471962
0.0424122
0.71028
0.392996
0.450203
0.0740314
0.457223
0.531564
0.319464
0.247355
0.493688
0.631308
0.526325
0.488423
0.690508
0.351532
0.232744
0.415219
0.084312
0.379738
0.405089
0.00592508
0.10131
0.107318
0.321242
0.0238812
0.780759
0.458461
0.86727
0.0948342
0.42634
0.402296
0.262995
0.720014
0.638733
0.578003
0.00168559
0.629973
0.239807
0.21368
0.00936763
0.561334
0.297937
0.30848
0.622359
0.628322
0.0796855
0.403394
0.867417
0.657157
0.301998
0.151944
0.444452
0.623347
0.811246
0.565009
0.501449
0.108639
0.578064
0.15632
0.0732063
0.433921
0.397048
0.20689
0.175336
0.0013096
0.588504
0.424078
0.442
0.292252
0.26826
0.629273
0.0006252
0.5838
0.00440662
0.00451291
0.548766
0.523139
0.325942
0.0202211
0.0416269
0.0953161
0.0742061
0.0202807
0.018081
0.248376
0.600238
0.384205
0.208644
0.0011965
0.0287419
0.0016105
0.454992
0.81676
0.698452
0.118916
0.552317
0.562525
0.501096
0.890053
0.456869
0.820643
0.155142
0.57999
0.24823
0.34901
0.0120203
0.40763
0.580259
0.127347
0.0767427
1.86605e-05
0.210712
0.0813133
0.220404
0.676878
0.190637
0.116182
0.83769
0.334358
0.365276
0.00260305
0.587435
0.133693
0.826071
0.634226
0.0612626
0.305301
0.722445
0.219188
0.00658882
0.482807
0.119729
0.0253796
0.321404
0.0214458
0.357696
0.671613
0.453973
0.480288
0.409133
0.0305664
0.575737
0.491077
0.643065
0.387561
0.00347891
0.83501
0.319861
0.0651484
0.0010904
0.459583
0.294703
0.343341
0.306515
0.330307
0.325949
0.408639
0.352632
0.614451
0.454766
0.326782
0.333704
0.000155653
0.440837
0.0155366
0.00334616
0.123447
0.324523
0.360744
0.243162
0.603688
0.129598
0.0760242
0.01627