0.560562
0.294983
0.500633
0.462951
0.201036
0.111019
0.542798
0.265634
0.773608
0.187218
0.331804
0.0531845
0.673592
0.0998638
0.0600532
0.769442
0.543757
0.729186
0.117217
0.0237703
0.696955
0.246183
0.77091
0.0708713
0.0800881
0.65499
0.734598
0.685322
0.147385
0.172896
0.579303
0.74721
0.813747
0.525747
0.0765932
0.706452
0.49604
0.501892
0.291303
0.532391
0.732821
0.31547
0.578742
0.0431031
0.205623
0.12869
0.663075
0.901099
0.219921
0.587131
0.654685
0.674053
0.297262
0.251854
0.0385712
0.607961
0.647326
0.887349
0.760342
0.55464
0.0262514
0.733775
0.543523
0.606004
0.369613
0.664462
0.0494422
0.32421
0.421896
0.463329
0.810425
0.914632
0.483526
0.00604114
0.681991
0.399946
0.733622
0.594057
0.479475
0.285333
0.482617
0.222231
0.0214601
0.495087
0.80347
0.475153
0.683901
0.901225
0.879716
0.108576
0.0664885
0.517486
0.140422
0.0517337
0.512785
0.0321569
0.0349901
0.681871
0.501842
0.725564
0.834899
0.798484
0.120246
0.595393
0.130225
0.0021835
0.772742
0.0341145
0.827414
0.339101
0.536642
0.498416
0.109754
0.554923
0.389582
0.819738
0.391445
0.630136
0.782227
0.642416
0.190518
0.660401
0.786145
0.275048
0.469715
0.708784
0.671824
0.442845
0.750834
0.575524
0.411324
0.37687
0.499188
0.0054014
0.535673
0.775963
0.740154
0.265583
0.462879
0.545005
0.74506
0.0941814
0.221313
0.594824
0.525002
0.784624
0.190662
0.451135
0.4969
0.475417
0.582749
0.835964
0.770305
0.748486
0.664353
0.664279
0.539903
0.127788
0.812531
0.666777
0.583901
0.0720718
0.583053
0.403264
0.657937
0.360214
0.70048
0.49618
0.52059
0.778064
0.188585
0.310245
0.49943
0.630895
0.595932
0.080986
0.86048
0.454494
0.517025
0.772798
0.323938
0.407981
0.315705
0.898794
0.765175
0.0924751
0.501455
0.778126
0.577344
0.30843
0.397709
0.903065
0.595745
0.77332
0.756017
0.626361
0.179168
0.813389
0.604167
0.856663
0.643347
0.600568
0.307947
0.156398
0.162985
0.464597
0.328935
0.520079
0.434795
0.297394
0.654343
0.653075
0.599595
0.320449
0.739405
0.729095
0.417577
0.026874
0.818147
0.318652
0.556557
0.625386
0.0296075
0.663314
0.756339
0.0252692
0.843195
0.535277
0.71014
0.769924
0.457569
0.262765
0.664628
0.379185
0.354742
0.00242539
0.446703
0.802374
0.635983
0.516192
0.0089369
0.388708
0.753099
0.717575
0.480759
0.502746
0.310585
0.705902
0.545729
0.7274
0.803878
0.353868
0.334466
0.409927
0.681215
0.906957
0.228853
0.0855007
0.632676
0.620659
0.596424
0.32873
0.876864
0.552564
0.439442
0.682242
0.951379
0.229968
0.158566
0.794295
0.730198
0.613589
0.0524439
0.575919
0.618947
0.664317
0.721753
0.626832
0.240786
0.506984
0.547318
0.555358
0.372338
0.00669986
0.194303
0.012122
0.300826
0.573385
0.0754297
0.199551
0.00176515
0.350223
0.199871
0.156836
0.354971
0.580157
0.00352422
0.270893
0.209701
0.0395967
0.0942181
0.500395
0.677546
0.683977
0.492903
0.291951
0.628011
0.552148
0.100144
0.660099
0.250157
0.000116701
0.399821
0.686126
0.768198
0.658022
0.764402
0.363995
0.693905
0.556444
0.553689
0.472804
0.583654
0.611951
0.598917
0.687576
0.528324
0.713242
0.885627
0.00335553
0.245014
0.06866
0.639081
0.025484
0.0454993
0.646082
0.405452
0.77958
0.468489
0.468806
0.237983
0.0430442
0.521967
0.883173
0.541508
0.609054
0.385674
0.164572
0.0145725
0.29064
0.362581
0.0533133
0.344319
0.217774
0.407441
0.666869
0.810859
0.814534
0.275058
0.222765
0.330729
0.44329
0.122195
0.149134
0.251112
0.535968
0.650461
0.832705
0.54173
0.290028
0.743914
0.000618578
0.238213
0.77646
0.023718
0.505826
0.608553
0.648199
0.838124
0.0110467
0.165053
0.508457
0.0852654
0.389254
0.659012
0.123429
0.0353413
0.417137
0.529337
0.452829
0.0358981
0.186181
0.00589196
0.698896
0.810704
0.0254947
0.625206
0.730759
0.139863
0.256278
0.178533
0.425905
0.345084
0.451782
0.449866
0.528443
0.321504
0.250863
0.307633
0.5649
0.596342
0.106255
0.756126
0.00137975
0.264635
0.3503
0.751862
0.157718
0.682496
0.623487
0.509282
0.701417
0.599897
0.717972
0.457405
0.363868
0.605878
0.684234
0.317417
0.049924
0.745945
0.537757
0.503955
0.649857
0.594554
0.508606
0.738321
0.713032
0.56442
0.513044
0.370631
0.778687
0.122484
0.768027
0.718476
0.608417
0.942382
0.120224
0.417425
0.417771
0.347748
0.454547
0.395114
0.770512
0.397963
0.41485
0.263702
0.696619
0.436503
0.803315
0.562614
0.639288
0.147867
0.461288
0.824449
0.545439
0.573338
0.477649
0.335999
0.651036
0.674223
0.779244
0.132047
0.579489
0.6509
0.0273874
0.121868
0.675787
0.662557
0.654429
0.44373
0.00460198
0.403811
0.864831
0.631415
0.570418
0.144366
0.650602
0.795717
0.180619
0.0383002
0.560739
0.515894
0.0852254
0.214136
0.309087
0.881904
0.508561
0.520218
0.215312
0.398595
0.0680485
0.576913
0.823505
0.243974
0.266403
0.74876
0.102613
0.658631
0.446262
0.678215
0.000736853
0.00224797
0.397489
0.239318
0.387313
0.288848
0.111029
0.489015
0.356984
0.455806
0.00357763
0.638404
0.335375
0.206567
0.50783
0.921723
0.0137496
0.623016
0.178977
0.376034
0.704767
0.534965
0.530138
0.0297501
0.0173123
0.0347076
0.564094
0.83452
0.543813
0.101612
0.343569
0.134815
0.0263881
0.361943
0.308225
0.0407583
0.039949
0.307528
0.528786
0.626158
0.573055
0.66712
0.586218
0.203028
0.926226
0.337479
0.601687
0.407364
0.362416
0.00779637
0.159289
0.153209
0.650206
0.516768
0.561969
0.291964
0.87732
0.170748
0.49469
0.534934
0.0112652
0.0931832
0.708826
0.506849
0.252449
0.0141523
0.920009
0.147236
0.697505
0.383189
0.84836
0.63635
0.820123
0.137005
0.597014
0.854987
0.711211
0.0210656
0.560953
0.120532
0.154326
0.114576
0.0936557
0.705617
0.799633
0.426034
0.653045
0.542509
0.455429
0.515377
0.560518
0.372196
0.742418
0.00339528
0.0130361
0.864697
0.481503
0.486709
0.0074614
0.133236
0.165958
0.0244797
0.100718
0.491034
0.490955
0.224791
0.0941465
0.495521
0.206991
0.254241
0.807548
0.017123
0.314676
0.261114
0.304406
0.29627
0.447221
0.264097
0.831644
0.756761
0.695196
0.0604735
0.645867
0.361032
0.740847
0.587312
0.862168
0.431785
0.348481
0.713163
0.283711
0.696955
0.0743529
0.629836
0.29258
0.683445
0.47608
0.665556
0.310653
0.630355
0.443071
0.448696
0.391045
0.330712
0.456794
0.111055
0.378816
0.519008
0.218288
0.670174
0.442582
0.0321539
0.234786
0.114877
0.648426
0.217963
0.136433
0.33253
0.422671
0.0463264
0.548209
0.783159
0.275483
0.565657
0.880587
0.183938
0.33476
0.449125
0.63781
0.792257
0.011678
0.89792
0.670237
0.238871
0.34192
0.899236
0.480597
0.376023
0.766164
0.739825
0.440787
0.0929215
0.0798477
0.15682
0.673861
0.521078
0.809501
0.0151714
0.53995
0.690635
0.408958
0.476103
0.926889
0.557435
0.618865
0.579246
0.538426
0.650027
0.186662
0.722016
0.1253
0.614535
0.588097
0.650074
0.690053
0.630123
0.684515
0.170436
0.550741
0.730931
0.276324
0.0337779
0.0554924
0.426938
0.826421
0.0972783
0.639028
0.243812
0.70139
0.677528
0.313777
0.174178
0.602918
0.403952
0.628286
0.352536
0.795136
0.00869195
0.711787
0.490735
0.143477
0.356446
0.00147999
0.635349
0.187683
0.644233
0.0663835
0.514573
0.503262
0.204164
0.382053
0.374707
0.0327127
0.379837
0.803444
0.0269022
0.309418
0.896046
0.0200167
0.877901
0.741333
0.810888
0.493195
0.0628948
0.338218
0.869056
0.874961
0.42031
0.627358
0.734803
0.571871
0.0230293
0.712115
0.277474
0.5119
0.716725
0.0372499
0.133166
0.000410056
0.349131
0.163097
0.132216
0.207019
0.469387
0.524848
0.672403
0.487486
0.625459
0.282588
0.518293
0.269533
0.920111
0.836339
0.504439
0.496974
0.468779
0.784567
0.724589
0.817937
0.0913338
0.0924608
0.229131
0.0471066
0.639827
0.222121
0.493259
0.268693
0.665016
0.802455
0.440089
0.728778
0.281743
0.492257
0.594391
0.0855237
0.175358
0.662019
0.638577
0.677052
0.850772
0.304767
0.329406
0.0773312
0.220857
0.797734
0.917652
0.0178421
0.65924
0.764644
0.3926
0.393359
0.0724361
0.573775
0.411811
0.506938
0.520445
0.280957
0.385804
0.176477
0.00518737
0.477247
0.010909
0.426045
0.525824
0.474098
0.80289
0.1475
0.780671
0.607154
0.608796
0.458498
0.150883
0.282027
0.339001
0.798047
0.293779
0.416756
0.201572
0.681677
0.0331942
0.023653
0.59674
0.731227
0.0681743
0.015403
0.831381
0.733397
0.0222478
0.259062
0.542704
0.000896486
0.555221
0.430434
0.0901038
0.275199
0.492482
0.43916
0.505582
0.205356
0.362208
0.568051
0.835741
0.424281
0.405502
0.342187
0.199357
0.281455
0.377096
0.369944
0.664883
0.086908
0.634241
0.689052
0.150976
0.0690461
0.444302
0.332329
0.655233
0.550502
0.633016
0.5402
0.00091754
0.414874
0.752665
0.799822
0.151854
0.305877
0.677318
0.341791
0.738955
0.180377
0.809785
0.298439
0.828744
0.0858912
0.920564
0.628314
0.0380005
0.627012
0.281401
0.0819643
0.756882
0.658716
0.893182
0.534252
0.703311
0.42884
0.39902
0.298971
0.299703
0.346508
0.447343
0.675521
0.000506185
0.54689
0.568162
0.501803
0.712622
0.264218
0.290485
0.760189
0.18875
0.33929
0.426013
0.426134
0.134172
0.691539
0.343814
0.249357
0.708498
0.0938151
0.281534
0.23324
0.197611
0.306595
0.447587
0.357454
0.491379
0.15341
0.292726
0.246124
0.0756634
0.105529
0.325723
0.692141
0.605547
0.327706
0.171168
0.154076
0.772413
0.107089
0.469759
0.0134567
0.558887
0.00255266
0.192366
0.304993
0.173981
0.294666
0.527797
0.807323
0.661066
0.590462
0.191541
0.104611
0.444087
0.145246
0.666737
0.585562
0.0288153
0.558643
0.118917
0.658562
0.422963
0.425934
0.5521
0.231374
0.588258
0.128679
0.245503
0.672459
0.673087
0.39366
0.446826
0.046203
0.17637
0.561711
0.938278
0.0234837
0.025883
0.339598
0.483932
0.122437
0.641929
0.49915
0.108361
0.0492154
0.173923
0.564847
0.0269786
0.747497
0.475705
0.661109
0.567301
0.280775
0.362909
0.299732
0.342971
0.00093253
0.377658
0.635541
0.661639
0.677365
0.514169
0.698456
0.466793
0.398235
0.0831837
0.57227
0.394481
0.460802
0.849405
0.545285
0.181511
0.515669
0.575167
0.219584
0.183225
0.372337
0.0902938
0.654506
0.175103
0.386831
0.143647
0.653503
0.369052
0.855746
0.569614
0.604495
0.152008
0.335663
0.791304
0.426814
0.719595
0.836534
0.528517
0.0290638
0.181765
0.00191846
0.517363
0.0915212
0.309205
0.0403786
0.492519
0.519801
0.505819
0.0511545
0.00479079
0.432988
0.0180128
0.265916
0.604829
0.787538
0.808063
0.0416478
0.143319
0.0840559
0.405716
0.0352803
0.289499
0.193076
0.651181
0.860522
0.570378
0.3796
0.00892083
0.824117
0.0235615
0.655217
0.770162
0.392656
0.462439
0.56084
0.371908
0.660051
0.289724
0.0884517
0.528919
0.378094
0.269034
0.2354
0.425862
0.440327
0.736794
0.0546421
0.584096
0.54249
0.177379
0.115542
0.617594
0.67199
0.230576
0.669914
0.459157
0.0124485
0.471134
0.453528
0.790268
0.87041
0.593467
0.375888
0.882802
0.791632
0.144598
0.303054
0.339092
0.834215
0.548941
0.308528
0.0487573
0.0467636
0.279219
0.130247
0.512022
0.568832
0.0971276
0.456678
0.216448
0.829033
0.293656
0.461927
0.0642215
0.748337
0.0497608
0.596209
0.722557
0.713443
0.0548322
0.638433
0.418512
0.816606
0.0552709
0.363462
0.248967
0.530316
0.758536
0.716719
0.706431
0.465443
0.664928
0.547797
0.604808
0.431853
0.0324019
0.25254
0.378725
0.301533
0.259408
0.683722
0.630475
0.359946
0.068
0.6777
0.708831
0.434597
0.67445
0.0779785
0.15603
0.34397
0.0591159
0.355079
0.578965
0.659037
0.369964
0.0584466
0.604713
0.73002
0.157137
0.842951
0.50809
0.0502705
0.479466
0.31414
0.0236025
0.518974
0.0293898
0.70074
0.787091
0.294813
0.0678897
0.306074
0.68476
0.222528
0.322828
0.0400833
0.539665
0.691011
0.519394
0.544487
0.714018
0.654517
0.178241
0.169534
0.516676
0.499347
0.124469
0.551112
0.892499
0.0370283
0.505193
0.323298
0.223544
0.833496
0.108871
0.358759
0.233291
0.535619
0.0820203
0.400081
0.580383
0.36214
0.335073
0.285089
0.39668
0.872074
0.679692
0.843118
0.917115
0.322556
0.0636428
0.637871
0.234154
0.585792
0.179314
0.633138
0.756813
0.307841
0.386649
0.00444335
0.36081
0.703147
0.156945
0.510939
0.232215
0.448104
0.286666
0.168278
0.75476
0.31131
0.65794
0.200715
0.606451
0.234183
0.660272
0.714863
0.707928
0.633589
0.0616502
0.691142
0.562606
0.0141026
0.360714
0.624722
0.690324
0.741551
0.354356
0.286423
0.0467337
0.147661
0.721426
0.559712
0.185169
0.572203
0.643402
0.152213
0.465545
0.377305
0.189485
0.832794
0.70336
0.043273
0.674149
0.433967
0.801614
0.340781
0.893673
0.309466
0.813014
0.343943
0.15671
0.0891545
0.0908379
0.076009
0.188499
0.685916
0.22358
0.00514672
0.493798
0.204989
0.315393
0.622114
0.741563
0.562563
0.528661
0.397658
0.603726
0.00217523
0.634167
0.64519
0.729802
0.447253
0.345103
0.930021
0.41085
0.0101127
0.50656
0.659505
0.0974521
0.671834
0.634847
0.618825
0.275143
0.161487
0.664791
0.553834
0.581177
0.0404624
0.840891
0.166116
0.581949
0.0105919
0.810171
0.555467
0.412766
0.754287
0.74968
0.28045
0.347242
0.0686992
0.395643
0.559918
0.835552
0.10169
0.21036
0.233944
0.313417
0.61661
0.626927
0.351197
0.322522
0.779882
0.311854
0.69252
0.53485
0.215117
0.181969
0.921394
0.396292
0.243271
0.796008
0.356016
0.326043
0.739219
0.178129
0.271317
0.641551
0.0878297
0.640206
0.41601
0.00682525
0.746361
0.12669
0.454859
0.558653
0.559777
0.0180132
0.0537933
0.890914
0.288837
0.723643
0.284121
0.45278
0.379248
0.0190354
0.67337
0.0481988
0.448473
0.123934
0.763229
0.0273297
0.517068
0.0432507
0.0944234
0.0411012
0.163356
0.528357
0.502675
0.802819
0.12176
0.281612
0.00504516
0.475579
0.292263
0.420196
0.63124
0.194738
0.331465
0.755502
0.61125
0.942795
0.469898
0.184667
0.618292
0.925426
0.0865042
0.560852
0.240284
0.641372
0.328926
0.60906
0.537006
0.421712
0.676259
0.507684
0.590538
0.355093
0.526726
0.191637
0.00130748
0.610209
0.426697
0.00196694
0.711074
0.43513
0.801252
0.636669
0.00246593
0.618027
0.335784
0.0881845
0.289116
0.435204
0.638229
0.0751025
0.263567
0.135193
0.202888
0.165409
0.608958
0.717324
0.881853
0.408868
0.0407218
0.524035
0.247152
0.138347
0.235579
0.192713
0.860608
0.596796
0.204512
0.298771
0.0140456
0.710512
0.309919
0.315001
0.287604
0.428367
0.115776
0.395652
0.77395
0.483763
0.488964
0.63446
0.217674
0.504552
0.468873
0.44931
0.566832
0.22448
0.448352
0.62819
0.55283
0.396056
0.821988
0.287017
0.579572
0.451254
0.77899
0.448199
0.0279741
0.599454
0.557235
0.685774
0.505925
0.691734
0.0576417
0.192331
0.0482324
0.765513
0.414695
0.393589
0.300355
0.454339
0.895448
0.671501
0.696124
0.430307
0.325423
0.658697
0.422006
0.480401
0.132758
0.288431
0.339463
0.713233
0.222566
0.838163
0.655718
0.0828354
0.263719
0.284577
0.686351
0.660828
0.29747
0.367337
0.107031
0.738186
0.535019
0.0202322
0.35962
0.498268
0.37655
0.422163
0.403358
0.695219
0.317043
0.433714
0.525016
0.0123094
0.636795
5.537e-06
0.311681
0.292079
0.400803
0.0440353
0.641834
0.408601
0.300211
0.284141
0.543614
0.4806
0.271348
0.947112
0.568617
0.455491
0.567723
0.0261491
0.119655
0.82253
0.929055
0.23892
0.798049
0.32731
0.75903
0.165609
0.530837
0.795156
0.00652482
0.798494
0.239121
0.662545
0.591339
0.721117
0.112928
0.761951
0.643959
0.615009
0.418843
0.842459
0.395584
0.761636
0.639849
0.00432369
0.418816
0.195365
0.403337
0.482054
0.300719
0.861701
0.496467
0.778313
0.640973
0.00361695
0.804108
0.398092
0.10146
0.748755
0.785393
0.723933
0.178359
0.691688
0.697318
0.368767
0.572164
0.938047
0.131778
0.395488
0.0751242
0.272739
0.299723
0.634881
0.25954
0.331192
0.250141
0.513963
0.571084
0.77457
0.181055
0.194743
0.323817
0.610352
0.169808
0.112995
0.718014
0.0692861
0.0444806
0.337413
0.737675
0.0849265
0.607717
0.215935
0.138767
0.384359
0.0228509
0.776788
0.401491
0.66666
0.267637
0.452216
0.0756985
0.889366
0.195808
0.385009
0.00283025
0.0658832
0.191709
0.269601
0.108969
0.354799
0.140832
0.709491
0.916934
0.158713
0.661122
0.280744
0.00420658
0.159197
0.0464885
0.026231
0.707153
0.0463347
0.389181
0.381394
0.685848
0.349949
0.624048
0.759296
0.671995
0.319314
0.1006
0.23187
0.533758
0.200671
0.0668264
0.733254
0.306608
0.614523
0.480306
0.667446
0.551611
0.245999
0.29416
0.625981
0.359285
0.0971356
0.251683
0.795285
0.385064
0.422318
0.0571335
0.153362
0.323249
0.646954
0.461737
0.110174
0.0321843
0.297532
0.0939138
0.404365
0.736805
0.117134
0.810087
0.576945
0.0568241
0.299148
0.707963
0.563079
0.00785592
0.88608
0.596306
0.265796
0.341119
0.688767
0.349067
0.368674
0.644851
0.72303
0.842611
0.0537775
0.549932
0.0961087
0.003897
0.173989
0.329455
0.864446
0.412003
0.246204
0.646984
0.494982
0.115103
0.453195
0.197188
0.0375893
0.168553
0.773876
0.357778
0.399681
0.57802
0.310576
0.0159962
0.424462
0.62763
0.743293
0.854198
0.358702
0.81483
0.271541
0.683891
0.429101
0.461199
0.486217
0.338866
0.477239
0.871925
0.274768
0.656835
0.377754
0.573979
0.605244
0.0133106
0.667636
0.0869316
0.0279561
0.319555
0.335475
0.765273
0.176568
0.720409
0.486758
0.274691
0.017566
0.624052
0.762193
0.305941
0.172372
0.080754
0.580004
0.780501
0.534619
0.341816
0.329209
0.617152
0.600179
0.5908
0.102815
0.448173
0.571306
0.691919
0.15197
0.0137821
0.549446
0.685245
0.340652
0.596493
0.6091
0.355522
0.701388
0.0701515
0.290481
0.262848
0.518224
0.722103
0.131393
0.179206
0.543351
0.524825
0.183975
0.585664
0.729736
0.177528
0.738298
0.0111673
0.266676
0.715302
0.410271
0.13069
0.88554
0.0203416
0.56344
0.638224
0.305184
0.534363
0.294846
0.371765
0.552391
0.620786
0.481738
0.0231466
0.782882
0.0175834
0.511211
0.155075
0.644356
0.351656
0.143443
0.490233
0.467315
0.522272
0.357469
0.735677
0.697569
0.547379
0.0842713
0.490835
0.107628
0.388728
0.412074
0.420901
0.601146
0.686885
0.734528
0.380768
0.160143
0.059151
0.517583
0.622195
0.176251
0.16149
0.653112
0.316708
0.220722
0.563363
0.756953
0.535183
0.596092
0.651443
0.475692
0.36739
0.421451
0.217933
0.451784
0.22429
0.404952
0.607291
0.295449
0.603965
0.61679
0.357999
0.0122353
0.458361
0.405865
0.292686
0.252498
0.613932
0.667297
0.276209
0.531184
0.561869
0.373792
0.514571
0.312079
0.326447
0.100986
0.0169776
0.789253
0.745076
0.398793
0.493756
0.214464
0.588162
0.407153
0.0275547
0.678833
0.166803
0.573763
0.532865
0.300366
0.843324
0.288966
0.217689
0.751761
0.391061
0.650773
0.608002
0.570443
0.612032
0.367947
0.708316
0.736758
0.674255
0.192858
0.478834
0.727621
0.476785
0.363778
0.392142
0.284802
0.55402
0.569127
0.368018
0.705023
0.527198
0.717996
0.844087
0.316854
0.861474
0.521987
0.640693
0.420715
0.38104
0.110016
0.338142
0.295885
0.551026
0.0633825
0.295773
0.0248478
0.588547
0.02547
0.580393
0.714559
0.328192
0.0297133
0.384322
0.394103
0.667174
0.0665336
0.657045
0.275844
0.554451
0.164749
0.699204
0.360675
0.395311
0.558847
0.485932
0.358676
0.272045
0.420035
0.0234985
0.547131
0.671109
0.679843
0.490853
0.419045
0.623181
0.768036
0.611549
0.303792
0.684371
0.707892
0.645568
0.00294935
0.627096
0.0247279
0.580097
0.143257
0.0511662
0.868449
0.585234
0.16363
0.359105
0.529005
0.611276
0.119685
0.605727
0.544599
0.380606
0.00953501
0.381281
0.504571
0.359842
0.760904
0.840504
0.641012
0.878527
0.153687
0.612441
0.21521
0.00173611
0.840942
0.698172
0.54912
0.409101
0.719354
0.571984
0.843635
0.731588
0.003912
0.210019
0.0216827
0.0677441
0.377344
0.495056
0.437674
0.488178
0.0288419
0.509724
0.0832088
0.541305
0.0145612
0.276352
0.189419
0.643448
0.153744
0.810405
0.745163
0.674752
0.54674
0.614866
0.651641
0.0182444
0.546475
0.578429
0.363834
0.248313
0.391981
0.465694
0.127099
0.163578
0.831115
0.869029
0.116344
0.440876
0.440853
0.570133
0.641869
0.267761
0.508106
0.219388
0.474238
0.586968
0.122158
0.343583
0.138292
0.610709
0.0332657
0.0229118
0.548329
0.769142
0.214451
0.00090035
0.683233
0.489597
0.200689
0.567652
0.432877
0.02206
0.665615
0.0180524
0.598806
0.0902797
0.0137947
0.38094
0.302711
0.438715
0.61425
0.00782775
0.776569
0.4123
0.0238559
0.0285549
0.666897
0.760126
0.137977
0.17469
0.121613
0.00552591
0.734767
0.153323
0.148733
0.41906
0.155284
0.695878
0.347163
0.710989
0.303529
0.592906
0.0482079
0.312737
0.530002
0.439261
0.567773
0.0785219
0.818093
0.760544
0.0264983
0.193164
0.115394
0.269694
0.49236
0.078121
0.611161
0.151081
0.457079
0.666089
0.0612822
0.0632739
0.281254
0.887928
0.302801
0.453574
0.588739
0.625627
0.365745
0.647361
0.329916
0.75095
0.362851
0.64728
0.877486
0.314042
0.121
0.150399
0.110144
0.582925
0.538666
0.242575
0.0856289
0.637068
0.861166
0.758253
0.873865
0.635607
0.208397
0.598991
0.682799
0.378354
0.205856
0.484366
0.370293
0.418055
0.158304
0.135776
0.741752
0.366646
0.0700728
0.242316
0.249752
0.580628
0.487234
0.434086
0.390151
0.758864
0.384304
0.045997
0.481966
0.533978
0.336893
0.163444
0.313021
0.649657
0.324812
0.582841
0.692677
0.588372
0.433233
0.793189
0.329058
0.124038
0.500893
0.147931
0.0783135
0.522706
0.548907
0.32813
0.00989475
0.786555
0.00197292
0.495039
0.320396
0.478566
0.109466
0.419016
0.0365698
0.133541
0.318295
0.242433
0.666945
0.595056
0.672853
0.1013
0.669276
0.479465
0.698757
0.371
0.106688
0.262118
0.728245
0.512114
0.640248
0.708686
0.759919
0.661215
0.832506
0.445127
0.50621
0.269615
0.694277
0.658129
0.477062
0.676699
0.673593
0.120447
0.666885
0.078537
0.0397116
0.388777
0.0446826
0.386275
0.614919
0.0196617
0.583878
0.0911313
0.305997
0.526425
0.506747
0.53658
0.785089
0.692703
0.150097
0.554765
0.100628
0.184337
0.0783954
0.29047
0.184841
0.675904
0.823434
0.231935
0.460285
0.382845
0.540642
0.546106
0.672918
0.61011
0.209409
0.28709
0.195547
0.313969
0.754217
0.702412
0.879675
0.360982
0.00942607
0.52414
0.504283
0.390882
0.81062
0.502381
0.141638
0.641646
0.116411
0.671183
0.310929
0.0939356
0.0232556
0.632665
0.540876
0.33951
0.500738
0.476462
0.518122
0.718028
0.546472
0.583567
0.177374
0.716265
0.279258
0.739107
0.0816106
0.307232
0.921866
0.646918
0.0265285
0.730777
0.29595
0.284425
0.0494736
0.450402
0.288526
0.0088337
0.321077
0.592205
0.23818
0.457094
0.210924
0.478848
0.0361544
0.0282761
0.431574
0.152485
0.651449
0.00423022
0.190272
0.914952
0.6721
0.374878
0.750412
0.0926324
0.713912
0.420009
0.328246
0.517011
0.565245
0.121329
0.581546
0.568249
0.755908
0.392342
0.617587
0.456386
0.00825087
0.502995
0.568668
0.439628
0.376883
0.0382091
0.294134
0.771725
0.672199
0.00445256
0.522683
0.517893
0.42334
0.472985
0.196556
0.428768
0.317221
0.472291
0.153238
0.678847
0.236896
0.818004
0.483768
0.532818
0.0317142
0.00400619
0.777093
0.874138
0.643408
0.124392
0.287879
0.70239
0.702647
0.448146
0.649316
0.0159545
0.0306872
0.671008
0.0102568
0.733084
0.488011
0.0123665
0.656224
0.439283
0.211318
0.315907
0.46219
0.0334409
0.771349
0.0770257
0.416222
0.206871
0.380246
0.421367
0.367908
0.636259
0.752455
0.303852
0.858329
0.163314
0.54719
0.684151
0.660243
0.458124
0.0758828
0.32191
0.609326
0.482038
0.697128
0.265623
0.410781
0.364847
0.262319
0.719101
0.247568
0.0251177
0.226794
0.637002
0.598208
0.115989
0.434345
0.00470828
0.714693
0.460756
0.190461
0.683962
0.0873319
0.0205216
0.589785
0.624562
0.57291
0.565001
0.416414
0.0278704
0.239487
0.256079
0.69982
0.48869
0.0326318
0.740908
0.528344
0.172522
0.640022
0.600101
0.429171
0.0921941
0.318644
0.26785
0.820166
0.350146
0.561679
0.262946
0.0767234
0.282145
0.0843941
0.649126
0.167927
0.335781
0.361584
0.537312
0.0170796
0.0100848
0.266476
0.554309
0.123053
0.821814
0.844522
0.514315
0.20661
0.241923
0.393963
0.519917
0.0674073
0.173549
0.762627
0.391258
0.31697
0.485427
0.806378
0.790003
0.082165
0.492296
0.790764
0.686087
0.0834531
0.903033
0.49094
0.0812046
0.551514
0.222621
0.815961
0.80119
0.591296
0.306873
0.0574795
0.499529
0.177855
0.671384
0.341686
0.704617
0.835047
0.601458
0.467348
0.670328
0.426244
0.729261
0.682769
0.815898
0.172645
0.746149
0.142816
0.0811729
0.230207
0.0173747
0.581084
0.585251
0.476705
0.00668107
0.536979
0.72018
0.608616
0.606136
0.240472
0.446084
0.720852
0.262679
0.731513
0.217457
0.0257077
0.407844
0.647032
0.2113
0.00556956
0.670815
0.695775
0.637607
0.631949
0.0016176
0.716291
0.7484
0.405968
0.742454
0.70763
0.696516
0.836727
0.0206855
0.449916
0.278018
0.0496612
0.735044
0.053117
0.702134
0.641889
0.581966
0.355654
0.719526
0.435101
0.446024
0.382575
0.219099
0.111346
0.465958
0.765903
0.567898
0.102269
0.801328
0.797946
0.663944
0.677375
0.0339567
0.321783
0.402903
0.829107
0.644933
0.552386
0.810156
0.160682
0.0170704
0.000340486
0.890238
0.882697
0.344094
0.352457
0.082553
0.220426
0.84334
0.272482
0.806521
0.746553
0.0745491
0.113036
0.130193
0.0323513
0.636959
0.377154
0.618055
0.0629656
0.0358017
0.56685
0.926734
0.774648
0.490693
0.811158
0.406781
0.257386
0.472031
0.689765
0.651957
0.67453
0.46706
0.883478
0.568293
0.133274
0.47348
0.362021
0.0197204
0.0970402
0.42261
0.388944
0.769041
0.696136
0.0042583
0.806005
0.0619543
0.577655
0.0897815
0.879142
0.821293
0.00277854
0.734564
0.550934
0.679386
0.0268992
0.84348
0.100897
0.733386
0.676141
0.711351
0.88537
0.0671537
0.305542
0.0259616
0.0873924
0.00149796
0.6112
0.05358
0.323569
0.864935
0.795861
0.767802
0.60724
0.195347
0.342864
0.29525
0.510535
0.575744
0.206744
0.781475
0.356764
0.203148
0.495151
0.581829
0.541834
0.00128741
0.687909
0.57146
0.851249
0.251872
0.464337
0.0831048
0.0152395
0.230657
0.508043
0.611809
0.19102
0.138293
0.209498
0.362447
0.526845
0.234084
0.899585
0.346302
0.657607
0.310511
0.627023
0.546365
0.438595
0.461506
0.507199
0.127344
0.85546
0.00228907
0.653307
0.790466
0.88413
0.574422
0.615125
0.833347
0.711245
0.645318
0.205334
0.103692
0.502842
0.129409
0.794155
0.678772
0.294995
0.654147
0.00341454
0.338647
0.00257148
0.533716
0.549602
0.546907
0.330723
0.38348
0.88218
0.0683021
0.420488
0.607252
0.245985
0.033435
0.551702
0.793948
0.0833254
0.0701448
0.167975
0.613939
0.647201
0.236038
0.464729
0.0514572
0.454409
0.34598
0.357896
0.692856
0.582541
0.00476272
0.509653
0.123401
0.0309322
0.595382
0.0141379
0.555336
0.623579
0.647975
0.906751
0.413624
0.428328
0.759246
0.728195
0.47021
0.710002
0.366158
0.329118
0.48601
0.0168444
0.827013
0.756108
0.748517
0.0965672
0.564834
0.121657
0.773526
0.49243
0.381242
0.190035
0.239229
0.00335584
0.124121
0.555852
0.51801
0.336077
0.543373
0.326702
0.104676
0.554383
0.349207
4.44612e-06
0.314307
0.856657
0.0998496
0.812474
0.245323
0.929512
0.744287
0.414627
0.77469
0.137496
0.0528581
0.384738
0.397502
0.247466
0.418411
0.587378
0.0311429
0.0200375
0.747025
0.273127
0.602052
0.0763073
0.757462
0.321735
0.140507
0.652927
0.311216
0.00498433
0.88321
0.563184
0.0389703
0.535044
0.744295
0.887625
0.0234738
0.249486
0.351928
0.522544
0.265378
0.427527
0.927762
0.777431
0.668076
0.30662
0.793233
0.667707
0.397907
0.238805
0.483884
0.369709
0.169035
0.245454
0.634082
0.301362
0.0241496
0.228603
0.884465
0.788167
0.433157
0.631592
0.0967405
0.206281
0.0600501
0.114491
0.555646
0.947819
0.542436
0.159278
0.593859
0.346421
0.324283
0.820632
0.649153
0.610781
0.499108
0.859256
0.749694
0.368184
0.752344
0.563153
0.20902
0.0399836
0.377258
0.0968662
0.32906
0.444681
0.369315
0.419905
0.660281
0.190677
0.0377466
0.390285
0.619627
0.253641
0.45958
0.239714
0.827536
0.522841
0.5546
0.576911
0.199045
0.495136
0.685381
0.715872
0.284958
0.505247
0.375789
0.755822
0.00943926
0.622774
0.225032
0.177387
0.0662397
0.680101
0.401904
0.828027
0.0952128
0.579744
0.0922048
0.746921
0.286135
0.0773459
0.596947
0.146156
0.28856
0.00684301
0.0251951
0.697194
0.831995
0.178034
0.600753
0.777651
0.6262
0.378163
0.506273
0.762607
0.661015
0.553473
0.825355
0.257692
0.109146
0.0840673
0.544353
0.166633
0.0107202
0.740726
0.661561
0.0872449
0.492535
0.645666
0.0445186
0.306988
0.492149
0.431896
0.916294
0.722281
0.68033
0.6721
0.338703
0.461001
0.655604
0.435341
0.734129
0.419239
0.437807
0.317913
0.768616
0.645926
0.0438915
0.842038
0.164746
0.630211
0.519552
0.862798
0.461024
0.70455
0.0850591
0.190786
0.731216
0.15466
0.343091
0.744733
0.772011
0.631771
0.637477
0.557406
0.4492
0.421738
0.475841
0.759576
0.352189
0.78153
0.841053
0.710825
0.506095
0.709022
0.042945
0.143893
0.000251125
0.26097
0.489887
0.55803
0.480668
0.61582
0.0058804
0.298289
0.110095
0.0377579
0.549557
0.53262
0.66288
0.719605
0.0258169
0.670814
0.357816
0.61017
0.352175
0.261039
0.170209
0.729381
0.805466
0.156906
0.498569
0.35049
0.00732205
0.187877
0.288331
0.59641
0.632537
0.767897
0.130231
0.627932
0.41467
0.375646
0.658232
0.633342
0.227331
0.0997058
0.263035
0.341052
0.928242
0.675905
0.205708
0.299814
0.480594
0.335455
0.513117
0.63957
0.648899
0.485214
0.484749
0.745363
0.636751
0.141032
0.00797306
0.0343397
0.917379
0.187508
0.916418
0.126082
0.308146
0.178597
0.847822
0.258625
0.58514
0.427357
0.668922
0.587583
0.670223
0.214895
0.550962
0.0128887
0.925573
0.3838
0.10311
0.107286
0.573924
0.177021
0.223676
0.63318
0.717594
0.658506
0.650528
0.209491
0.258135
0.563497
0.0337756
0.808125
0.679099
0.689468
0.099243
0.463598
0.583431
0.351075
0.519213
0.233305
0.0591885
0.743866
0.00346889
0.503964
0.199324
0.0124389
0.865414
0.518874
0.733018
0.961424
0.890436
0.461068
0.106392
0.552369
0.718328
0.705254
0.666173
0.351663
0.563159
0.21537
0.481638
0.76934
0.196809
0.114639
0.890713
0.294434
0.593053
0.20656
0.62929
0.00383263
0.504116
0.313963
0.245927
0.63272
0.6289
0.011556
0.583635
0.413317
0.574974
0.168597
0.809026
0.720394
0.046768
0.355727
0.519396
0.0446397
0.427829
0.791991
0.743986
0.830976
0.370405
0.32591
0.30446
0.0193016
0.00269411
0.444361
0.36705
0.0180488
0.00723898
0.513493
0.666472
0.654156
0.268652
0.18708
0.774604
0.693036
0.822161
0.385465
0.705755
0.88999
0.64324
0.453621
0.841856
0.518199
0.0904013
0.655984
0.016292
0.0284617
0.312972
0.680733
0.166475
0.521323
0.512879
0.318075
0.608944
0.425011
0.123012
0.791032
0.0150089
0.547335
0.635422
0.430984
0.507858
0.59435
0.398997
0.519726
0.851832
0.556873
0.0474212
0.0732918
0.0775404
0.747323
0.364718
0.653201
0.372367
0.599108
0.275628
0.405614
0.687913
0.474327
0.528291
0.697669
0.664064
0.0937868
0.152022
0.721841
0.308069
0.7012
0.0118546
0.678141
0.393398
0.737925
0.377412
0.265729
0.0486356
0.0604048
0.0201477
0.642599
0.458336
0.656914
0.529164
0.736474
0.822639
0.247767
0.521934
0.375833
0.710309
0.673966
0.416364
0.0291283
0.0739015
0.73989
0.0385216
0.558304
0.586213
0.0490403
0.115945
0.941106
0.684325
0.0855529
0.645108
0.38525
0.584121
0.371882
0.637411
0.431657
0.653601
0.10448
0.0986668
0.762656
0.558045
0.102669
0.235037
0.612625
0.0817114
0.40188
0.152042
0.154733
0.410597
0.299193
0.229425
0.199209
0.432665
0.114977
0.254278
0.51812
0.564474
0.319988
0.0584813
0.441895
0.298354
0.552109
0.294785
0.336204
0.884597
0.535671
0.028719
0.0322956
0.627186
0.241439
0.26329
0.241891
0.332415
0.630134
0.00177354
0.0068592
0.313733
0.157221
0.406
0.57719
0.783675
0.435363
0.841508
0.285776
0.56163
0.686042
0.0390945
0.705246
0.211182
0.707585
0.326901
0.444462
0.611759
0.597445
0.667372
0.291936
0.386716
0.0863571
0.0507281
0.784148
0.300125
0.465997
0.778209
0.51878
0.492987
0.0282776
0.641693
0.0721797
0.738568
0.412086
0.540168
0.6732
0.171235
0.252182
0.420478
0.518356
0.85422
0.5803
0.20711
0.50104
0.753053
0.263415
0.231535
0.744067
0.210328
0.798079
0.00571992
0.825131
0.327073
0.0028123
0.635493
0.279931
0.128881
0.697984
0.863457
0.802558
0.886696
0.599267
0.812816
0.699022
0.669416
0.72705
0.389734
0.0830022
0.704467
0.586604
0.566132
0.672692
0.658195
0.189527
0.546038
0.00660415
0.551018
0.00300634
0.465032
0.112981
0.527679
0.410831
0.538931
0.171202
0.793401
0.322824
0.554101
0.635785
0.0906738
0.382616
0.00476067
0.165394
0.475817
0.00465031
0.0121512
0.149855
0.669052
0.508682
0.399611
0.100492
0.419225
0.294679
0.495874
0.518441
0.503155
0.703072
0.364404
0.378039
0.396507
0.46904
0.547968
0.0134584
0.223015
0.120074
0.259139
0.015359
0.693385
0.549222
0.558308
0.59848
0.664404
0.913669
0.593328
0.0259577
0.257806
0.682146
0.546247
0.334696
0.500402
0.292135
0.738468
0.188791
0.107908
0.672696
0.750776
0.525914
0.493391
0.785938
0.664001
0.389118
0.0261802
0.761656
0.043978
0.0199481
0.703432
0.655752
0.296589
0.467612
0.383796
0.660678
0.297594
0.463688
0.509268
0.628468
0.78869
0.498301
0.657431
0.601322
0.0725401
0.272981
0.445034
0.593065
0.708752
0.402252
0.713611
0.14049
0.507787
0.414954
0.793154
0.34247
0.70793
0.682147
0.266224
0.649699
0.373166
0.676856
0.0121679
0.0787772
0.642298
0.729377
0.493623
0.535553
0.247522
0.41798
0.58955
0.317585
0.510184
0.549145
0.0832114
0.295061
0.414201
0.00325807
0.407425
0.0937623
0.592215
0.79704
0.524742
0.239606
0.885975
0.919078
0.69562
0.61223
0.731528
0.812619
0.0599758
0.311434
0.577619
0.675495
0.781172
0.0430985
0.607856
0.652283
0.0540156
0.546125
0.610477
0.691589
0.567562
0.344422
0.0726174
0.652048
0.144843
0.082148
0.709824
0.462796
0.81805
0.0125116
0.518805
0.433853
0.0443461
0.525073
0.793243
0.334856
0.521719
0.595879
0.201314
6.65557e-05
0.60783
0.437253
0.73944
0.902626
0.629442
0.190384
0.537988
0.552256
0.798446
0.0507575
0.52742
0.0657827
0.116223
0.0430457
0.190026
0.254992
0.0943886
0.0779306
0.190031
0.610446
0.428514
0.597072
0.306627
0.304008
0.690585
0.0051682
0.449477
0.527829
0.362473
0.411396
0.156588
0.382458
0.00100296
0.77967
0.126325
0.639015
0.00892623
0.0411243
0.195964
0.285671
0.650036
0.294171
0.617198
0.73787
0.790648
0.312338
0.278268
0.716508
0.0404406
0.589426
0.497353
0.00245075
0.00316637
0.212232
0.154608
0.126777
0.682611
0.000220238
0.257604
0.0753948
0.244483
0.25057
0.680268
0.314491
0.171949
0.416343
0.0336282
0.0124821
0.139698
0.562494
0.495757
0.488308
0.0329101
0.0818783
0.473282
0.616511
0.625441
0.437334
0.400011
0.827775
0.414224
0.322352
0.174859
0.576231
0.157564
0.150324
0.491823
0.46846
0.240171
0.766294
0.630735
0.525539
0.441346
0.342917
0.410168
0.178476
0.780665
0.534098
0.0559924
0.409866
0.747827
0.241754
0.378094
0.579888
0.34299
0.704944
0.0298273
0.542012
0.36834
0.528488
0.417553
0.145165
0.168454
0.317786
0.318749
0.716525
0.11215
0.285887
0.76306
0.482803
0.00826603
0.122808
0.920794
0.672641
0.602214
0.898092
0.619581
0.506567
0.00266122
0.0771304
0.00590327
0.047664
0.0158094
0.0380869
0.335522
0.387732
0.364479
0.470608
0.615602
0.203797
0.357426
0.278153
0.885565
0.615274
0.609287
0.301068
0.665126
0.0104421
0.321815
0.817071
0.408379
0.697617
0.543553
0.171609
0.270104
0.568428
0.385052
0.508055
0.180418
0.487965
0.0225449
0.757764
0.874767
0.6152
0.168079
0.831718
0.718598
0.592034
0.0394589
0.636621
0.00582407
0.739065
0.184293
0.788753
0.534317
0.325289
0.701834
0.593138
0.497988
0.458866
0.393259
0.844655
0.397692
0.530657
0.370701
0.119216
0.000115505
0.606852
0.572373
0.0980921
0.699292
0.0279751
0.299226
0.699184
0.0812922
0.79271
0.388569
0.654552
0.0229883
0.251815
0.173347
0.643625
0.761001
0.781755
0.720443
0.625763
0.63543
0.293631
0.154028
0.0467823
0.483834
0.177024
0.333564
0.361025
0.0116867
0.477051
0.255579
0.666276
0.0599478
0.644849
0.0723226
0.685373
0.140423
0.810715
0.840122
0.214266
0.72197
0.635491
0.42876
0.0441529
0.682449
0.592893
0.430146
0.218209
0.0982803
0.41171
0.401115
0.19843
0.253307
0.366809
0.204148
0.768951
0.721905
0.389993
0.044913
0.786639
0.17394
0.278243
0.90417
0.44577
0.418068
0.203813
0.633424
0.475503
0.699455
0.618065
0.692471
0.0282063
0.872734
0.48485
0.580468
0.487039
0.47176
0.0198327
0.298249
0.339394
0.506628
0.208438
0.635855
0.825408
0.475547
0.127184
0.142475
0.808444
0.0789188
0.85789
0.483092
0.765462
0.566795
0.331049
0.0400555
0.363075
0.202948
0.0935891
0.609968
0.350753
0.426031
0.315537
0.696493
0.457299
0.462476
0.306218
0.0737227
0.509555
0.653465
0.130512
0.317884
0.344356
0.82604
0.323128
0.641458
0.819624
0.154854
0.640444
0.397114
0.0680348
0.228515
0.710147
0.241964
0.590337
0.0273244
0.266328
0.697038
0.285967
0.236172
0.51141
0.585056
0.845396
0.404315
0.36413
0.306814
0.00309029
0.723457
0.428901
0.0156424
0.584068
0.469046
0.863595
0.747856
0.0650261
0.39408
0.606961
0.302174
0.858957
0.070358
0.36314
0.510502
0.686777
0.265878
0.600667
0.117723
0.596873
0.115795
0.188272
0.580046
0.0592779
0.0256016
0.773814
0.425188
0.249175
0.19238
0.118841
0.544147
0.719241
0.59942
0.584914
0.587514
0.054306
0.00101507
0.378245
0.69787
0.480446
0.462835
0.197897
0.310727
0.32604
0.065257
0.0995891
0.665492
0.362943
0.91529
0.40308
0.0395293
0.123852
0.741416
0.658954
0.427122
0.0416818
0.682263
0.490038
0.153302
0.81123
0.501788
0.548599
0.496983
0.22098
0.734079
0.221594
0.203203
0.693895
0.398729
0.477183
0.701938
0.828902
0.087137
0.0179048
0.54475
0.886195
0.598122
0.0150246
0.358619
0.858075
0.80804
0.537433
0.267708
0.0413016
0.000710418
0.00453902
0.568411
0.586759
0.0692124
0.24713
0.16849
0.394405
0.389153
0.257604
0.499399
0.692193
0.831899
0.270133
0.0621842
0.450745
0.190461
0.167459
0.117907
0.724171
0.382049
0.308365
0.66016
0.568306
0.0474579
0.321231
0.461715
0.554486
0.629584
0.59919
0.591246
0.675484
0.471902
0.688936
0.127995
0.20516
0.805964
0.103299
0.0342
0.739612
0.313128
0.618856
0.349668
0.855958
0.739404
0.000603011
0.89069
0.141785
0.351952
0.0105984
0.204017
0.471591
0.26032
0.412154
0.563271
0.0405229
0.0202585
0.0808121
0.759767
0.656271
0.829088
0.721773
0.521724
0.689304
0.296744
0.593642
0.493625
0.685097
0.556125
0.0579063
0.246649
0.409675
0.49238
0.775269
0.832978
0.478664
0.809487
0.322924
0.160274
0.144419
0.753146
0.155229
0.19615
0.539736
0.501792
0.00324068
0.705221
0.37853
0.259088
0.316762
0.496601
0.361371
0.599525
0.246511
0.744037
0.383713
0.244576
0.415966
0.591073
0.404722
0.451339
0.519083
0.330838
0.284384
0.525867
0.88782
0.594631
0.560233
0.598117
0.337204
0.40082
0.772605
0.357327
0.763692
0.710986
0.694076
0.238929
0.52333
0.842658
0.159149
0.22593
0.570918
0.0858851
0.195874
0.331206
0.254857
0.275915
0.00842508
0.703178
0.470427
0.223156
0.209153
0.612184
0.0325786
0.526641
0.278946
0.134416
0.343403
0.705382
0.41394
0.419394
0.419427
0.256707
0.0411673
0.151707
0.396533
0.286707
0.607237
0.616303
0.0364546
0.513723
0.134812
0.861801
0.579888
0.280736
0.19233
0.588013
0.366432
0.802029
0.528975
0.248298
0.485842
0.595697
0.000811104
0.654715
0.0926474
0.163461
0.637923
0.348214
0.666408
0.703336
0.655639
0.374646
0.509058
0.793412
0.582519
0.0781326
0.42626
0.493533
0.635963
0.706083
0.523032
0.269671
0.406935
0.565635
0.101556
0.0519441
0.243374
0.819841
0.871092
0.38665
0.0451597
0.0626751
0.440416
0.111237
0.18369
0.641056
0.694727
0.657131
0.573476
0.870641
0.174022
0.683231
0.435358
0.110728
0.484697
0.177136
0.0160498
0.271863
0.465325
0.687717
0.860615
0.522852
0.193498
0.327646
0.539687
0.176451
0.00850371
0.742267
0.357755
0.295218
0.771852
0.206828
0.432083
0.179313
0.218815
0.0660235
0.684786
0.820597
0.855866
0.608243
0.0517944
0.704309
0.606168
0.660545
0.347404
0.623427
0.546356
0.733021
0.421925
0.426534
0.00347812
0.389929
0.731256
0.517978
0.628683
0.0903518
0.534342
0.302887
0.398889
0.341403
0.0349323
0.339193
0.881515
0.259548
0.538489
0.322219
0.163596
0.541027
0.261082
0.404548
0.438869
0.250783
0.472054
0.0417022
0.632176
0.469459
0.452428
0.183237
0.371324
0.0470075
0.762436
0.29446
0.78473
0.347164
0.313418
0.0712619
0.235417
0.114764
0.395512
0.907701
0.0896806
0.226399
0.675585
0.718592
0.356619
0.370063
0.658691
0.726353
0.142881
0.667929
0.246116
0.292209
0.686819
0.245015
0.172509
0.251195
0.508792
0.0310682
0.0361671
0.169402
0.416284
0.047874
0.241992
0.695701
0.548778
0.0215663
0.57688
0.30556
0.630917
0.561026
0.469981
0.545213
0.685121
0.447608
0.297802
0.173921
0.0913974
0.481754
0.272193
0.00444278
0.514336
0.251538
0.157377
0.490632
0.0859632
0.0645057
0.749316
0.453348
0.718886
0.498814
0.399599
0.560724
0.557031
0.364559
0.0124498
0.733701
0.0546135
0.584846
0.706254
0.644941
0.0160356
0.305066
0.346787
0.620221
0.691011
0.0245945
0.0817684
0.576047
0.574553
0.791772
0.0750892
0.792553
0.700087
0.557305
0.00607238
0.708221
0.566273
0.436944
0.271171
0.027717
0.323558
0.719
0.503983
0.317309
0.726216
0.743584
0.600564
0.235341
0.624284
0.509369
0.685764
0.540829
0.200537
0.0185308
0.748066
0.688912
0.265406
0.691762
0.70953
0.0532607
0.0172128
0.0576796
0.705603
0.648665
0.26848
0.231493
0.362926
0.356921
0.523963
0.0450096
0.0198003
0.524504
0.482768
0.130135
0.563822
0.730538
0.788321
0.646373
0.0633778
0.172346
0.405265
0.241482
0.0387487
0.0302107
0.519834
0.612098
0.142152
0.634403
0.443856
0.265344
0.491081
0.390155
0.0325164
0.182951
0.611833
0.278983
0.670221
0.656816
0.013402
0.781995
0.257532
0.58384
0.0870168
0.0359043
0.211178
0.402387
0.328756
0.125147
0.538093
0.159648
0.8391
0.276425
0.0458133
0.0287837
0.0784417
0.309731
0.406747
0.347185
0.724228
0.563871
0.296414
0.0266674
0.805588
0.281805
0.316661
0.613629
0.661583
0.673953
0.373373
0.609173
0.112948
0.350356
0.363755
0.47769
0.498078
0.636739
0.169033
0.0213109
0.025086
0.835217
0.225085
0.562286
0.676065
0.186535
0.569649
0.820401
0.262514
0.00166752
0.556149
0.319774
0.656318
0.624923
0.51464
0.610914
0.195072
0.0345814
0.716326
0.108014
0.348582
0.305314
0.220664
0.197299
0.598558
0.508768
0.541195
0.568596
0.0352888
0.00105402
0.0307278
0.558725
0.420509
0.336337
0.140765
0.339257
0.673111
0.276129
0.325462
0.69287
0.463683
0.295832
0.767281
0.288698
0.393954
0.485881
0.439264
0.629039
0.122309
0.309597
0.912641
0.207013
0.342465
0.539832
0.765565
0.415084
0.319588
0.577102
0.00555215
0.0103177
0.0152998
0.412596
0.57106
0.248263
0.354984
0.229807
0.467216
0.625225
0.112175
0.228423
0.117357
0.66297
0.363545
0.358175
0.555595
0.694361
0.639232
0.645854
0.651839
0.710996
0.737828
0.503469
0.343268
0.179485
0.219705
0.522658
0.500865
0.513164
0.411033
0.202049
0.54731
0.44785
0.205145
0.00721887
0.913942
0.5003
0.0717474
0.686451
0.611031
0.500221
0.493424
0.0416162
0.358592
0.675423
0.731353
0.238726
0.283386
0.72305
0.66117
0.100786
0.00602197
0.332039
0.760166
0.242607
0.320946
0.0225337
0.376725
0.596932
0.291248
0.0609959
0.457617
0.414232
0.025053
0.880736
0.685055
0.716196
0.190598
0.758081
0.482331
0.387783
0.528945
0.425597
0.58447
0.405449
0.818846
0.0198494
0.0149283
0.560207
0.408243
0.536276
0.771065
0.519576
0.524126
0.710142
0.220217
0.231793
0.750256
0.0598983
0.351627
0.654711
0.396492
0.706533
0.388794
0.0911313
0.633487
0.670442
0.645717
0.665469
0.295852
0.480384
0.630779
0.267068
0.0267144
0.614556
0.11912
0.426055
0.177863
0.738838
0.292629
0.685193
0.581465
0.247901
0.227103
0.156485
0.255632
0.661037
0.741784
0.326933
0.687154
0.00635438
0.330521
0.692344
0.726873
0.0362082
0.517088
0.402349
0.293592
0.313785
0.516418
0.584726
0.555382
0.592794
0.444361
0.734308
0.168833
0.223497
0.0913645
0.658463
0.0443925
0.892423
0.468811
0.0837143
0.0628977
0.443045
0.469904
0.233832
0.0119752
0.518599
0.177274
0.630844
0.767348
0.772655
0.372165
0.791222
0.843461
0.124211
0.37865
0.360019
0.570493
0.451062
0.332941
0.616805
0.558469
0.767167
0.639649
0.591203
0.692805
0.366517
0.636059
0.549901
0.609664
0.217686
0.474743
0.0813493
0.685444
0.164048
0.587665
0.0588469
0.328253
0.137431
0.00375349
0.672192
0.301369
0.668661
0.675856
0.493107
0.355599
0.516507
0.864101
0.488493
0.402396
0.095914
0.00350154
0.37076
0.0788223
0.46266
0.345613
0.555452
0.36082
0.52799
0.0973227
0.0140052
0.0591896
0.430048
0.663959
0.562861
0.0101929
0.00066464
0.430126
0.571916
0.291859
0.460505
0.249726
0.483714
0.0819114
0.0509929
0.144177
0.139925
0.660488
0.35427
0.880507
0.455407
0.512707
0.789919
0.180794
0.426284
0.481369
0.321247
0.587351
0.427985
0.282523
0.550803
0.0427362
0.0298832
0.51878
0.528269
0.861496
0.771527
0.638222
0.162118
0.686254
0.637973
0.081531
0.658542
0.785288
0.0179724
0.210638
0.482102
0.179803
0.727562
0.64128
0.490383
0.505507
0.561157
0.765888
0.405472
0.734085
0.0246457
0.00265946
0.154439
0.665438
0.468546
0.894376
0.00563519
0.325517
0.376591
0.543279
0.0507953
0.247642
0.145624
0.671546
0.0100056
0.1385
0.654559
0.195781
0.217137
0.682663
0.417511
0.350197
0.836143
0.0081741
0.422501
0.760439
0.554332
0.475018
0.0613765
0.676228
0.00115695
0.65749
0.818436
0.0295321
0.276266
0.689186
0.599153
0.926005
0.593755
0.553497
0.525987
0.59838
0.0452591
0.358862
0.137601
0.819578
0.0213674
0.600391
0.0683217
0.230075
0.32829
0.586863
0.294033
0.19072
0.654548
0.176487
0.0287016
0.307379
0.370324
0.0420775
0.00148485
0.0297437
0.752664
0.605135
0.41171
0.16837
0.298393
0.426342
0.387513
0.593517
0.594327
0.387168
0.446089
0.833143
0.0803484
0.615569
0.1445
0.0211377
0.935792
0.655621
0.534752
0.653072
0.808312
0.407978
0.760736
0.796469
0.413661
0.14479
0.181105
0.252827
0.451814
0.563308
0.732043
0.221138
0.267129
0.526124
0.209042
0.638706
0.450159
0.636012
0.184077
0.889311
0.7539
0.308427
0.678401
0.781698
0.441161
0.591983
0.813481
0.164171
0.890597
0.0209582
0.591331
0.723744
0.475265
0.62729
0.436724
0.534342
0.130881
0.579618
0.615289
0.762712
0.0794296
0.305725
0.0283128
0.410497
0.361159
0.0752089
0.00100229
0.457153
0.330987
0.5324
0.647146
0.480279
0.547225
0.00668455
0.712112
0.2939
0.443345
0.619808
0.474238
0.219423
0.00750613
0.142878
0.00875475
0.059852
0.059511
0.439151
0.57732
0.798324
0.0280652
0.647876
0.625581
0.082034
0.500151
0.723005
0.41063
0.888407
0.422806
0.528284
0.857709
0.892144
0.017814
0.635896
0.00502925
0.657506
0.319828
0.543375
0.0902279
0.000416189
0.667113
0.243039
0.72533
0.264646
0.661794
0.731331
0.692619
0.000568201
0.0143343
0.21978
0.0404575
0.384758
0.0594108
0.324476
0.844863
0.390289
0.713003
0.178224
0.467674
0.213687
0.696493
0.720543
0.314274
0.620374
0.481446
0.893069
0.519972
0.632445
0.523394
0.00390733
0.464694
0.557799
0.247607
0.0648124
0.63509
0.312842
0.823821
0.124296
0.398827
0.447487
0.0661432
0.420087
0.40152
0.776283
0.138535
0.0973702
0.553713
0.0968431
0.243153
0.867642
0.494263
0.573495
0.341054
0.630788
0.313499
0.418658
0.386326
0.014383
0.396343
0.478238
0.584149
0.166925
0.255109
0.390865
0.497019
0.0352943
0.237775
0.174366
0.599647
0.300424
0.0234721
0.331137
0.846196
0.239296
0.252251
0.38101
0.133306
0.59385
0.206297
0.404633
0.466001
0.630043
0.879416
0.435797
0.77938
0.0178706
0.768401
0.656073
0.0266012
0.812987
0.342867
0.467072
0.532409
0.5074
0.146284
0.162612
0.477816
0.537607
0.597532
0.70335
0.616167
0.486468
0.202576
0.847986
0.663096
0.678639
0.387369
0.114523
0.179603
0.00107821
0.896737
0.0127426
0.394187
0.656101
0.621135
0.493448
0.0816897
0.00124564
4.71526e-05
0.567357
0.57701
0.535391
0.667583
0.853751
0.582993
0.243303
0.90584
0.187033
0.820172
0.126674
0.154978
0.454928
0.232418
0.675408
0.75958
0.415099
0.0131847
0.227958
0.0187091
0.307517
0.528339
0.251552
0.603881
0.412252
0.591776
0.337179
0.586194
0.651855
0.605303
0.283258
0.504738
0.692002
0.663529
0.497179
0.443857
0.513256
0.0016296
0.606324
0.83603
0.154247
0.846732
0.419659
0.620792
0.901712
0.38788
0.443273
0.334
0.660806
0.333762
0.58405
0.693994
0.0192288
0.00141894
0.215202
0.660914
0.483772
0.196653
0.258718
0.548301
0.689473
0.435884
0.18962
0.129853
0.268106
0.161618
0.673604
0.63515
0.571605
0.152949
0.734441
0.885192
0.886506
0.729717
0.146844
0.708969
0.571146
0.155743
0.123829
0.473446
0.47038
0.0824228
0.475468
0.486462
0.451999
0.359699
0.746657
0.404292
0.0411234
0.723293
0.178905
0.395613
0.107767
0.393882
0.61514
0.703383
0.8095
0.503219
0.582657
0.566331
0.633265
0.820725
0.627731
0.0736492
0.537237
0.428412
0.304904
0.147362
0.326605
0.0604762
0.515887
0.443659
0.388965
0.382794
0.228893
0.598396
0.668816
0.519948
0.872577
0.0355976
0.619082
0.663803
0.0153299
0.515934
0.842322
0.397468
0.426841
0.0279472
0.844059
0.220715
0.0928615
0.523047
0.349344
0.148145
0.693351
0.121157
0.266069
0.0534754
0.414876
0.778164
0.209802
0.0253036
0.589008
0.157347
0.886183
0.485805
0.462986
0.128582
0.413539
0.81888
0.856966
0.684229
0.449896
0.635536
0.48942
0.0545209
0.525793
0.0845009
0.322711
0.664601
0.55695
0.415892
0.119962
0.72878
0.840182
0.202117
0.3023
0.925487
0.359648
0.62707
0.874168
0.0928213
0.163988
0.061299
0.639955
0.668941
0.577058
0.319473
0.867047
0.287608
0.807772
0.620352
0.737121
0.684883
0.619259
0.6337
0.61997
0.362466
0.478018
0.369988
0.241939
0.699018
0.782276
0.298903
0.627758
0.925551
0.92753
0.0866
0.387568
0.293514
0.302847
0.47664
0.501864
0.522125
0.767502
0.825183
0.389267
0.221731
0.604333
0.850837
0.536418
0.861726
0.875093
0.759616
0.363532
0.0049346
0.723502
0.45558
0.437447
0.57939
0.847134
0.00245479
0.624721
0.0229421
0.0257449
0.59484
0.609109
0.643055
0.745752
0.50678
0.592904
0.321376
0.755927
0.665575
0.155676
0.195441
0.246644
0.745649
0.750726
0.0812303
0.42919
0.0526672
0.393229
0.0425631
0.259374
0.516063
0.0166028
0.439381
0.526252
0.320071
0.13123
0.330722
0.404239
0.209887
0.148615
0.821674
0.659058
0.472876
0.147829
0.641439
0.261457
0.189806
0.134987
0.500904
0.571851
0.334997
0.862969
0.48536
0.0481661
0.416795
0.685842
0.690952
0.524172
0.611035
0.310783
0.425094
0.919096
0.486833
0.774715
0.619347
0.141812
0.612155
0.0232238
0.442202
0.062683
0.78201
0.598478
0.278772
0.681163
0.474114
0.452128
0.657077
0.106788
0.30507
0.354768
0.482206
0.74436
0.196445
0.188419
0.468241
0.587643
0.302382
0.531328
0.733851
0.609351
0.0973209
0.518915
0.646976
0.798192
0.270217
0.0639021
0.93326
0.276753
0.128342
0.7077
0.17556
0.386674
0.127767
0.567209
0.0214559
0.454572
0.000668891
0.590428
0.297162
0.646043
0.945162
0.878861
0.808791
0.314333
0.276249
0.450487
0.116684
0.548154
0.127938
0.210178
0.456523
0.89961
0.621653
0.321006
0.504552
0.870362
0.351313
0.709059
0.813642
0.744549
0.239785
0.0855069
0.606214
0.142993
0.610703
0.722629
0.0946269
0.883344
0.185104
0.468105
0.333993
0.316383
0.28107
0.623318
0.798361
0.54477
0.308364
0.341831
0.812055
0.90729
0.525383
0.919898
0.464379
0.396123
0.654196
0.278464
0.556348
0.320867
0.274131
0.145962
0.811022
0.741362
0.632086
0.22738
0.566417
0.110128
0.136609
0.224055
0.756278
0.19185
0.341184
0.353538
0.129899
0.293595
0.326421
0.212666
0.767382
0.0284298
0.189452
0.301337
0.559654
0.677679
0.610701
0.389
0.521656
0.321116
0.192262
0.512527
0.541719
0.230966
0.27397
0.475174
0.220712
0.636618
0.211896
0.00596555
0.312752
0.226948
0.317927
0.158394
0.717779
0.362992
0.271505
0.0117463
0.342077
0.210255
2.99029e-05
0.448257
0.650821
0.413149
0.337608
0.591511
0.0170147
0.385785
0.0330243
0.457928
0.610041
0.275896
0.781006
0.181326
0.661021
0.520935
0.0271016
0.0605396
0.42407
0.621341
0.0913879
0.410778
0.152876
0.55619
0.350026
0.743083
0.00372021
0.589162
0.00123397
0.0260668
0.122121
0.108716
0.327054
0.822035
0.0338825
0.655733
0.690561
0.435088
0.792444
0.841918
0.657979
0.524969
0.176889
0.76712
0.872804
0.768212
0.789715
0.357114
0.0972482
0.147777
0.354678
0.567496
0.466978
0.0951316
0.781802
0.303807
0.884707
0.0344021
0.880337
0.700872
0.338293
0.26214
0.269396
0.673384
0.651687
0.870048
0.214716
0.620469
0.226429
0.615961
0.737443
0.153924
0.321836
0.190593
0.639522
0.408752
0.282081
0.334977
0.00329991
0.0037531
0.307058
0.755347
0.511358
0.499853
0.297972
0.588082
0.472122
0.484789
0.16171
0.792141
0.0713059
0.299849
0.646661
0.665191
0.706184
0.923608
0.0288513
0.295251
0.292923
0.677453
0.138789
0.112123
0.132402
0.0759602
0.387881
0.550933
0.568042
0.857095
0.473244
0.685301
0.115964
0.257925
0.665147
0.428461
0.383794
0.524193
0.563668
0.692912
0.450692
0.0319367
0.0130814
0.915747
0.238408
0.101501
0.634044
0.823863
0.649835
0.571449
0.800657
0.504492
0.365682
0.888583
0.894166
0.865364
0.313078
0.722858
0.700555
0.806558
0.0120459
0.261931
0.862708
0.118088
0.691987
0.226656
0.0857697
0.169189
0.815759
0.0603366
0.210617
0.284133
0.696309
0.0219292
0.706574
0.543794
0.545551
0.600324
0.685447
0.467769
0.578357
0.752356
0.0863482
0.0493399
0.32636
0.274126
0.0319562
0.548466
0.38453
0.624187
0.451439
0.526693
0.126678
0.644364
0.319229
0.224551
0.194047
0.0249234
0.714011
0.473362
0.507509
0.389651
0.495183
0.0106299
0.552245
0.0867105
0.819803
0.0613213
0.824772
0.743954
0.674087
0.132187
0.711281
0.700307
0.551142
0.0277078
0.448895
0.510077
0.236746
0.342978
0.240979
0.0584984
0.456565
0.00958492
0.503731
0.876068
0.492247
0.0139458
0.0186492
0.808166
0.815545
0.71863
0.207347
0.587063
0.244685
0.217578
0.0305303
0.533145
0.604721
0.394027
0.40697
0.308201
0.468799
0.477825
0.516175
0.698243
0.470478
0.458354
0.594381
0.614317
0.529075
0.0526605
0.200448
0.471649
0.817274
0.959171
0.906072
0.45691
0.839282
0.316742
0.550525
0.942589
0.50566
0.0406969
0.305841
0.0620611
0.0576892
0.0673187
0.578663
0.41571
0.620276
0.270859
0.637108
0.80927
0.0105247
0.221314
0.0787784
0.720416
0.574258
0.818617
0.446468
0.39229
0.419265
0.278121
0.0389554
0.687068
0.705687
0.551432
0.303168
0.324077
0.579579
0.54002
0.161071
0.224398
0.0376311
0.242523
0.0784998
0.361346
0.112467
0.66701
0.311148
0.179651
0.727623
0.0836692
0.527518
0.00398015
0.513154
0.331473
0.60338
0.155601
0.0697518
0.180079
0.16063
0.72031
0.447732
0.320388
0.238955
0.198231
0.679307
0.0044359
0.506694
0.346484
0.0037252
0.630179
0.760589
0.0136558
0.159076
0.0743093
0.201777
0.544679
0.225057
0.681827
0.46748
0.56377
0.380256
0.787091
0.700398
0.583532
0.103356
0.313885
0.171987
0.404663
0.0948009
0.133743
0.600011
0.00601307
0.609825
0.451322
0.419473
0.606877
0.411461
0.541146
0.615848
0.323771
0.761288
0.581831
0.237391
0.243032
0.20359
0.432289
0.00574988
0.401366
0.245723
0.0145965
0.160644
0.0379259
0.446752
0.654679
0.732684
0.263156
0.595621
0.2256
0.793477
0.462921
0.722175
0.540538
0.149766
0.0184373
0.745375
0.110245
0.316639
0.294841
0.548213
0.0800341
0.232996
0.728775
0.504815
0.164141
0.441714
0.586059
0.680868
0.476353
0.886134
0.454242
0.223147
0.528827
0.83389
0.0975224
0.166816
0.373981
0.295
0.505596
0.0233692
0.531758
0.212585
0.332953
0.133391
0.639875
0.914923
0.332142
0.54256
0.69952
0.359857
0.593159
0.614766
0.461604
0.508148
0.290886
0.614543
0.645562
0.862202
0.746283
0.281719
0.804977
0.427481
0.64989
0.456517
0.236018
0.162039
0.246126
0.657787
0.665862
0.726733
0.411889
0.591372
0.761268
0.59363
0.593648
0.259997
0.627557
0.266369
0.501893
0.000274056
0.292728
0.317725
0.50723
0.168847
0.798346
0.517907
0.627665
0.293743
0.516304
0.651616
0.823332
0.5111
0.431169
0.394221
0.0865134
0.543173
0.0685948
0.61382
0.727268
0.617503
0.0770244
0.456015
0.0711412
0.488502
0.650535
0.772811
0.667424
0.480389
0.676628
0.596145
0.589456
0.0209951
0.370973
0.110157
0.569866
0.227363
0.105242
0.379322
0.320031
0.551752
0.84029
0.489174
0.645661
0.0160559
0.346115
0.712185
0.68978
0.597163
0.476969
0.26742
0.186289
0.042726
0.592393
0.190162
0.31195
0.147778
0.834258
0.375303
0.370432
0.46272
0.660956
0.10776
0.545644
0.601479
0.672903
0.823188
0.846757
0.0763619
0.899313
0.0244153
0.0670211
0.445786
0.226016
0.696457
0.0616586
0.355746
0.289672
0.201191
0.587005
0.105923
0.582038
0.599329
0.227199
0.564651
0.505026
0.0759632
0.405503
0.565599
0.213885
0.771096
0.576015
0.00075483
0.0383175
0.0727711
0.350106
0.362414
0.685345
0.451945
0.0903223
0.765094
0.819969
0.664695
0.866693
0.0716338
0.175606
4.58911e-06
0.682374
0.0388473
0.441927
0.345378
0.56839
0.776895
0.409443
0.661166
0.251988
0.907353
0.420014
0.54285
0.340385
0.123532
0.0257952
0.205108
0.068002
0.261546
0.776812
0.695095
0.114245
0.0703094
0.419324
0.43499
0.0139751
0.209709
0.340391
0.102569
0.42396
0.643474
0.266264
0.718902
0.186553
0.400491
0.543148
0.494221
0.695488
0.582102
0.523335
0.0223201
0.586247
0.786901
0.325894
0.0296844
0.553377
0.117895
0.405654
0.645236
0.136399
0.860464
0.782762
0.518971
0.121176
0.0326087
0.17645
0.381533
0.819406
0.0412237
0.656119
0.6963
0.752032
0.671004
0.546125
0.156785
0.804449
0.421163
0.285381
0.657322
0.628552
0.00306922
0.61616
0.471762
0.848593
0.476072
0.466084
0.448694
0.556767
0.588931
0.460034
0.551412
0.32933
0.614661
0.289103
0.439147
0.779962
0.690233
0.100888
0.390394
0.895853
0.658068
0.652587
0.729607
0.474215
0.618251
0.2727
0.0616953
0.327932
0.107998
0.0288591
0.00387524
0.49027
0.639425
0.132683
0.487919
0.686307
0.224436
0.656532
0.290917
0.00729204
0.0897494
0.894864
0.580015
0.407977
0.786098
0.401282
0.617858
0.431207
0.553874
0.753794
0.353418
0.471945
0.780753
0.548279
0.695379
0.594017
0.374235
0.381205
0.795202
0.589333
0.443593
0.164627
0.357645
0.659682
0.93737
0.0935195
0.761864
0.242108
0.335017
0.15426
0.552571
0.37804
0.0592556
0.66935
0.712982
0.644146
0.34473
0.740422
0.230182
0.0360899
0.614984
0.22987
0.505377
0.1441
0.490623
0.00273478
0.076159
0.434543
0.425089
0.529856
0.418565
0.0573387
0.340528
0.402288
0.556151
0.243263
0.593123
0.794598
0.0716306
0.564481
0.00385478
0.352278
0.594437
0.609968
0.614997
0.82507
0.712478
0.516032
0.648324
0.127132
0.782637
0.539318
0.466536
0.79657
0.330977
0.83327
0.712508
0.892501
0.583489
0.183666
0.200999
0.0475386
0.275477
0.608554
0.401627
0.552495
0.607251
0.760516
0.045546
0.452759
0.0231361
0.326646
0.589509
0.134264
0.453523
0.106684
0.552274
0.118077
0.620051
0.831185
0.00227625
0.530134
0.197232
0.741639
0.867416
0.880965
0.658246
0.670659
0.863827
0.574606
0.809812
0.372505
0.67401
0.774061
0.000967071
0.832494
0.554364
0.148935
0.715232
0.733281
0.486793
0.674761
0.396795
0.0034594
0.300772
0.252096
0.398506
0.072445
0.335438
0.31365
0.376279
0.526304
0.877469
0.0133532
0.168638
0.823753
0.68201
0.690785
0.748677
0.010502
0.436993
0.830024
0.824623
0.591455
0.642202
0.351751
0.0140438
0.502665
0.0503728
0.287407
0.0889863
0.62935
0.079211
0.612616
0.710492
0.711843
0.496449
0.822605
0.641032
0.541708
0.207864
0.57127
0.264496
0.116039
0.0475726
0.481709
0.721877
0.3828
0.557736
0.41601
0.644962
0.567936
0.633094
0.572342
0.0120065
0.669591
0.765487
0.259436
0.521087
0.10363
0.204137
0.560756
0.840683
0.293941
0.342998
0.409703
0.781849
0.0801572
0.0189944
0.0719169
0.772438
0.631191
0.528589
0.847481
0.668278
0.426394
0.379678
0.188064
0.59477
0.395212
0.344884
0.876611
0.397924
0.473611
0.688396
0.0897444
0.0307617
0.00382208
0.788283
0.515747
0.0177207
0.0923014
0.405489
0.658917
0.645413
0.618601
0.250947
0.272397
0.877879
0.744813
0.00880363
0.771429
0.46278
0.154452
0.672639
0.328767
0.503287
0.543346
0.578908
0.448823
0.22598
0.710371
0.115429
0.611149
0.492529
0.326649
0.681142
0.0254673
0.26595
0.767385
0.704141
0.255104
0.184744
0.493141
0.721589
0.0156031
0.732677
0.225902
0.220288
0.294725
0.133259
0.160876
0.708347
0.712559
0.212225
0.0128307
0.73454
0.244159
0.350066
0.098912
0.158886
0.515143
0.453604
0.053538
0.133999
0.0112245
0.0775069
0.403107
0.418232
0.360405
0.708899
0.126209
0.145302
0.767084
0.193131
0.558726
0.341869
0.272574
0.00868304
0.480425
0.488093
0.506468
0.771304
0.28596
0.413497
0.548253
0.77576
0.371864
0.183507
0.268268
0.721807
0.562785
0.245078
0.384644
0.870172
0.413008
0.42724
0.0827893
0.348612
0.422694
0.181673
0.797585
0.726658
0.0354708
0.00716032
0.547106
0.696318
0.632849
0.699979
0.185402
0.231823
0.353479
0.736654
0.488333
0.39276
0.519867
0.65345
0.292885
0.0863273
0.477181
0.359448
0.868115
0.147632
0.669097
0.669623
0.454178
0.632977
0.892759
0.647516
0.676785
0.708089
0.143826
0.883725
0.261801
0.231792
0.351117
0.379183
0.348827
0.635575
0.660839
0.302374
0.380023
0.488889
0.874002
0.137467
0.249604
0.723452
0.54975
0.59398
0.486809
0.769746
0.032962
0.735656
0.599713
0.442396
0.884679
0.188074
0.0606292
0.288174
0.241054
0.344644
0.665881
0.146757
0.667723
0.219577
0.476574
0.423248
0.535521
0.0756291
0.650528
0.289285
0.513715
0.219853
0.724366
0.616547
0.320677
0.208334
0.505468
0.622277
0.55745
0.252114
0.954848
0.616629
0.804957
0.007858
0.203561
0.287762
0.838687
0.679333
0.280119
0.00103647
0.441335
0.382962
0.53818
0.860538
0.703527
0.079512
0.320522
0.704254
0.315823
0.025746
0.80513
0.6644
0.345191
0.667762
0.661177
0.903487
0.728597
0.458426
0.161602
0.551051
0.350878
0.0622833
0.427798
0.524651
0.831712
0.546321
0.194124
0.558031
0.451517
0.230101
0.703079
0.273822
0.181876
0.00271416
0.351378
0.51479
0.615075
0.2857
0.829183
0.343538
0.628937
0.653164
0.195564
0.622889
0.780636
0.220076
0.702587
0.508011
0.550459
0.717655
0.837318
0.576111
0.184634
0.324792
0.425017
0.805155
0.157026
0.806862
0.0130186
0.284411
0.42825
0.270488
0.721967
0.348287
0.710557
0.503018
0.500787
0.506922
0.155751
0.45976
0.142239
0.271225
0.0841761
0.539561
0.619846
0.506236
0.411737
0.447289
0.713962
0.430991
0.465034
0.0933458
0.650803
0.339651
0.022669
0.655936
0.841425
0.851741
0.77593
0.108574
0.409891
0.779401
0.259453
0.66594
0.475788
0.503716
0.258182
0.0872917
0.303257
0.849233
0.124734
0.0955493
0.32699
0.680678
0.364478
0.128334
0.757484
0.323283
0.204313
0.0744329
0.131143
0.281635
0.598267
0.458363
0.428742
0.471796
0.533646
0.0953832
0.755799
0.775416
0.671493
0.659712
0.329469
0.581906
0.775888
0.629198
0.459036
0.796907
0.0124192
0.201328
0.67604
0.557528
0.163071
0.577805
0.600316
0.031206
0.0937929
0.502175
0.307441
0.528532
0.316584
0.544681
0.187302
0.149975
0.692285
0.539896
0.334285
0.483763
0.609747
0.195851
0.00289714
0.382161
0.465313
0.455391
0.706804
0.587877
0.929008
0.141145
0.724567
0.702974
0.424848
0.12591
0.364906
0.73388
0.451938
0.112637
0.613738
0.155838
0.101956
0.174471
0.558966
0.559565
0.0577281
0.580358
0.402125
0.713952
0.699286
0.345713
0.640499
0.808314
0.0393667
0.702536
0.642916
0.568178
0.602995
0.404135
0.461882
0.282046
0.0425003
0.444447
0.769943
0.615099
0.464493
0.0511405
0.350746
0.308757
0.624145
0.575373
0.300388
0.218613
0.022989
0.191263
0.685983
0.389781
0.375293
0.146481
0.706253
0.165801
0.484482
0.287956
0.0617238
0.486772
0.668422
0.108636
0.338393
0.669361
0.490271
0.132453
0.209803
0.110597
0.798961
0.784754
0.069283
0.646189
0.485026
0.0899251
0.493359
0.639221
0.759931
0.665392
0.505553
0.807961
0.305553
0.385982
0.486745
0.210058
0.70139
0.73199
0.81887
0.610231
0.606307
0.15822
0.05551
0.440698
0.687248
0.603444
0.303866
0.618713
0.504342
0.363553
0.673843
0.142683
0.721005
0.298203
0.341783
0.771423
0.499043
0.588366
0.166899
0.412854
0.579222
0.294643
0.0610119
0.655724
0.246047
0.515968
0.659981
0.437534
0.310043
0.591024
0.504589
0.0412496
0.753879
0.457555
0.0720677
0.0129931
0.659401
0.0826612
0.0167675
0.790822
0.634035
0.0167316
0.810562
0.619177
0.382565
0.564838
0.617478
0.350363
0.357592
0.815835
0.420105
0.672067
0.000258934
0.523155
0.706466
0.281138
0.492954
0.159302
0.597487
0.0272493
0.655046
0.230677
0.553576
0.0429784
0.686543
0.567078
0.710984
0.376117
0.361773
0.705577
0.382215
0.155767
0.513095
0.846895
0.511208
0.462363
0.514577
0.116211
0.509461
0.462023
0.00486985
0.317057
0.324881
0.686543
0.631991
0.207078
0.676206
0.301308
0.798834
0.681184
0.00735422
0.303474
0.771747
0.690884
0.449035
0.325497
0.72815
0.133774
0.0036775
0.0490211
0.563832
0.0556923
0.72447
0.429291
0.0518834
0.506177
0.554832
0.311123
0.481092
0.921877
0.608685
0.000579549
0.269325
0.0577398
0.791735
0.254507
0.00462267
0.125518
0.316281
0.161823
0.137736
0.822033
0.590956
0.372627
0.173791
0.417801
0.0088678
0.295385
0.24793
0.878557
0.010557
0.577385
0.397232
0.495111
0.827857
0.363512
0.321779
0.6236
0.43305
0.624615
0.711075
0.623196
0.343059
0.49476
0.244923
0.640425
0.163081
0.710837
0.103221
0.896557
0.250367
0.379857
0.874331
0.16484
0.0725894
0.875957
0.146733
0.228505
0.644074
0.455389
0.280795
0.782172
0.696041
0.553437
0.752108
0.634076
0.33326
0.713108
0.500134
0.541283
0.239922
0.715504
0.905777
0.142769
0.472242
0.798043
0.179818
0.109751
0.405275
0.748598
0.343047
0.695249
0.748296
0.744076
0.467893
0.183285
0.763681
0.623538
0.680943
0.458158
0.549433
0.620511
0.710553
0.254149
0.0389616
0.825549
0.0830089
0.788424
0.362534
0.739569
0.477441
0.392191
0.17053
0.50982
0.0840272
0.509865
0.252177
0.28802
0.711364
0.559947
0.708031
0.64292
0.206341
0.805183
0.768342
0.548458
0.494304
0.0650238
0.240395
0.578063
0.33594
0.0176575
0.725841
0.221119
0.914826
0.373151
0.603182
0.417408
0.329303
0.644487
0.477109
0.061143
0.231921
0.0452607
0.774528
0.65826
0.704894
0.541292
0.517639
0.576837
0.0741004
0.372519
0.711464
0.311347
0.240075
0.331113
0.737489
0.333085
0.456633
0.533148
0.0756288
0.722471
0.724406
0.178218
0.568294
0.206316
0.51841
0.630444
0.442075
0.755876
0.456365
0.852904
0.591112
0.545961
0.84693
0.095041
0.000196738
0.226666
0.791041
0.218392
0.573037
0.836496
0.604017
0.751837
0.308476
0.685653
0.686283
0.728276
0.679214
0.753559
0.761989
0.0306621
0.125865
0.656608
0.648231
0.225125
0.399395
0.579742
0.498239
0.349542
0.565959
0.504856
0.159154
0.0809662
0.107141
0.519022
0.709062
0.731294
0.802728
0.477829
0.527851
0.0668712
0.538467
0.284005
0.797775
0.391414
0.108038
0.616796
0.417779
0.607107
0.670061
0.0216966
0.313661
0.408294
0.59299
0.630045
0.163857
0.135393
0.270697
0.559834
0.286438
0.215722
0.00621441
0.0243271
0.791456
0.604936
0.579614
0.613307
0.630335
0.503642
0.231106
0.743327
0.118179
0.812414
0.460932
0.000916713
0.609451
0.706511
0.233662
0.193931
0.71637
0.270511
0.703858
0.231019
0.175684
0.829583
0.733855
0.745699
0.281716
0.482523
0.770225
0.554606
0.422838
0.000202482
0.576335
0.747903
0.613663
0.175318
0.411387
0.023916
0.731193
0.680111
0.114297
0.0741218
0.743487
0.816468
0.0677284
0.0122976
0.000932172
0.425102
0.228209
0.724191
0.611074
0.236147
0.400052
0.8063
0.0138942
0.140203
0.526894
0.555961
0.365909
0.0325
0.495917
0.268717
0.769285
0.130267
0.102962
0.149002
0.0112807
0.00466856
0.863845
0.890717
0.816703
0.279778
0.862324
0.514586
0.0966164
0.732381
0.244211
0.180646
0.782091
0.139485
0.223473
0.460814
0.0664009
0.553228
0.493286
0.721205
0.0341825
0.552934
0.507924
0.320014
0.663803
0.344108
0.687472
0.838043
0.599389
0.526202
0.807112
0.844774
0.695104
0.467148
0.0659934
0.458737
0.0325152
0.0741601
0.663146
0.578373
0.0512225
0.672405
0.330414
0.355911
0.0575773
0.0752124
0.758607
0.461435
0.931782
0.453685
0.670686
0.205423
0.0358313
0.107837
0.0454387
0.35816
0.459164
0.149466
0.0267053
0.383645
0.297805
0.00226449
0.686481
0.763879
0.326945
0.490574
0.0504842
0.489438
0.589933
0.43109
0.759013
0.74782
0.770995
0.229478
0.586292
0.467112
0.618242
0.657231
0.0288481
0.490549
0.000127618
0.343288
0.732498
0.737717
0.625594
0.00418525
0.377584
0.36788
0.00873723
0.0355022
0.569576
0.153148
0.832818
0.805615
0.576606
0.423857
0.47315
0.35047
0.827634
0.657956
0.476897
0.529251
0.0703164
0.579232
0.35242
0.506317
0.66634
0.698274
0.640769
0.260862
0.429096
0.453626
0.510049
0.750865
0.0736239
0.556483
0.275716
0.281627
0.0666961
0.698283
0.504135
0.060599
0.440918
0.862378
0.424577
0.768761
0.274039
0.0415396
0.491677
0.600855
0.0188007
0.253863
0.56952
0.475463
0.851656
0.82553
0.48691
0.08972
0.470998
0.72197
0.741809
0.300726
0.560764
0.632561
0.228932
0.228122
0.722078
0.190448
0.172466
0.862382
0.822587
0.606578
0.458973
0.508425
0.272299
0.647339
0.103949
0.558279
0.721586
0.0826254
0.502365
0.627241
0.491942
0.64904
0.806726
0.258713
0.354838
0.234762
0.317486
0.700111
0.793172
0.28146
0.860456
0.497719
0.725512
0.735217
0.361587
0.732126
0.424956
0.851746
0.536784
0.610957
0.243247
0.5068
0.42024
0.38603
0.230075
0.481226
0.697885
0.657316
0.609293
0.204029
0.352377
0.271059
0.652955
0.216388
0.428524
0.408357
0.402242
0.424588
0.627211
0.435149
0.684002
0.392534
0.154869
0.141137
0.414165
0.640139
0.540728
0.644505
0.259999
0.431749
0.207702
0.158252
0.695419
0.262151
0.829364
0.467511
0.294438
0.249683
0.512018
0.062707
0.685135
0.000644725
0.120668
0.38384
0.161928
0.0116418
0.469902
0.255367
0.29667
0.00108614
0.364922
0.257934
0.642689
0.573874
0.371029
0.78012
0.119657
0.0844561
0.354217
0.66114
0.433143
0.592307
0.0462378
0.487599
0.310799
0.11443
0.524616
0.46431
0.690939
0.505221
0.648251
0.241576
0.511336
0.133637
0.358741
0.509335
0.673452
0.110781
0.0864667
0.462687
0.445265
0.184265
0.360995
0.790444
0.680756
0.0358201
0.456065
0.341171
0.452625
0.667376
0.306248
0.636674
0.332155
0.264753
0.149424
0.00281168
0.520074
0.392582
0.357634
0.00578316
0.641287
0.754322
0.820531
0.00776141
0.714677
0.271789
0.680588
0.501149
0.422076
0.577484
0.737555
0.00556959
0.302445
0.412447
0.5706
0.900488
0.0959168
0.805572
0.42636
0.429089
0.107183
0.19959
0.427343
0.119896
0.284402
0.0704516
0.376715
0.0537481
0.352132
0.125002
0.692876
0.35305
0.821957
0.743707
0.179184
0.609408
0.592946
0.615013
0.702091
0.498569
0.662109
0.394044
0.546525
0.635142
0.463007
0.22574
0.550686
0.733212
0.601551
0.0504646
0.777132
0.469854
0.689677
0.173653
0.885106
0.719078
0.955618
0.293157
0.920065
0.399669
0.356759
0.610068
0.711529
0.308999
0.297333
0.575293
0.299413
0.651799
0.231659
0.682409
0.385367
0.651856
0.00391333
0.151019
0.361174
0.526849
0.31435
0.708048
0.264167
0.862534
0.579836
0.130416
0.74414
0.685508
0.229497
0.210338
0.820256
0.117995
0.258108
0.557522
0.00166549
0.162463
0.344421
0.658003
0.206357
0.273239
0.413693
0.767298
0.591206
0.203728
0.238104
0.707212
0.120765
0.224545
0.424086
0.387291
0.000317969
0.0117462
0.233304
0.147486
0.752201
0.784216
0.691375
0.592993
0.223666
0.312196
0.487934
0.211888
0.583626
0.00519683
0.652602
0.467724
0.06959
0.0177884
0.120263
0.397441
0.192517
0.0566644
0.45628
0.632129
0.328569
0.397774
0.175783
0.354191
0.594
0.742519
0.644136
0.742972
0.594706
0.156243
0.59752
0.297669
0.783269
0.656501
0.782579
0.266292
0.0119783
0.451251
0.781909
0.474915
0.0237913
0.552759
0.112057
0.121336
0.0189528
0.622389
0.0129014
0.772524
0.638488
0.788427
0.68485
0.402705
0.784355
0.0506788
0.708206
0.074304
0.80329
0.267796
0.443935
0.584317
0.699725
0.875039
0.0931453
0.242156
0.0162339
0.177386
0.801701
0.515695
0.654208
0.709433
0.344534
0.302322
0.695394
0.260213
0.502375
0.558406
0.410859
0.100804
0.672326
0.431453
0.139497
0.809522
0.526856
0.45767
0.461436
0.0402287
0.679257
0.588249
0.577315
0.337606
0.609628
0.852481
0.823938
0.271029
0.227542
0.0173088
0.662217
0.527252
0.338002
0.48552
0.127715
0.743014
0.0314693
0.689672
0.843132
0.584905
0.438629
0.215195
0.72437
0.422195
0.579572
0.155202
0.728315
0.481356
0.222496
0.00121506
0.846101
0.62235
0.486161
0.432437
0.671084
0.227353
0.255826
0.282552
0.613178
0.554346
0.502727
0.278006
0.386219
0.722632
0.663704
0.132761
0.562328
0.109701
0.239617
0.166483
0.281354
0.33669
0.707403
0.801664
0.553369
0.649458
0.40136
0.051446
0.339289
0.531978
0.171331
0.720553
0.464394
0.510473
0.74982
0.251705
0.183233
0.314237
0.467205
0.498055
0.46558
0.634046
0.676148
0.0569634
0.617482
0.113736
0.573371
0.370169
0.420414
0.240654
0.54417
0.771829
0.481877
0.215994
0.758619
0.287161
0.0651311
0.370501
0.72772
0.629892
0.677951
0.0246998
0.499672
0.625636
0.542071
0.43626
0.330329
0.434386
0.786756
0.59729
0.0274417
0.700377
0.219317
0.613023
0.412226
0.348019
0.620163
0.815723
0.344061
0.754957
0.48933
0.687143
0.523645
0.320757
0.683284
0.738601
0.024673
0.464513
0.543069
0.723656
0.688686
0.673129
0.00312902
0.0478717
0.487067
0.658365
0.54353
0.166413
0.0294766
0.0533739
0.94503
0.730128
0.780656
0.193657
0.143253
0.00155847
0.122806
0.287035
0.184223
0.458877
0.358182
0.235606
0.0315093
0.251429
0.0756954
0.00461047
0.399157
0.00398312
0.308065
0.722415
0.519278
0.74039
0.327413
0.839793
0.726078
0.654836
0.273156
0.846351
0.438375
0.0130717
0.292885
0.873601
0.193047
0.317505
0.661198
0.438473
0.614145
0.478599
0.205797
0.0566582
0.607313
0.0277416
0.0727484
0.0576725
0.364625
0.018991
0.0159489
0.0993528
0.797009
0.630417
0.630113
0.0437737
0.610467
0.00189626
0.702025
0.392016
0.291411
0.900262
0.565183
0.138907
0.330444
0.799189
0.00754929
0.288686
0.392327
0.321807
0.141097
0.355488
0.421304
0.371765
0.528699
0.0694108
0.324484
0.0459045
0.771937
0.638485
0.0272298
0.69495
0.150589
0.155274
0.131536
0.243096
0.136194
0.221038
0.360581
0.468074
0.448836
0.424149
0.0295999
0.722054
0.323157
0.0149379
0.416429
0.557455
0.839162
0.563389
0.0102519
0.605223
0.84862
0.546063
0.765502
0.437228
0.370331
0.63389
0.24226
0.558903
0.0405657
0.342757
0.611342
0.692081
0.14224
0.279704
0.502747
0.327113
0.580589
0.619088
0.80195
0.443952
0.623302
0.330978
0.274154
0.727073
0.527727
0.477974
0.146912
0.0566755
0.651544
0.823142
0.225577
0.661517
0.527964
0.213581
0.104547
0.523402
0.67199
0.438911
0.379923
0.394876
0.631619
0.14226
0.0333881
0.35791
0.635484
0.831609
0.807555
0.398177
0.0457185
0.328863
0.62867
0.0485239
0.309242
0.0147908
0.567168
0.487668
0.00473341
0.666155
0.918718
0.119882
0.272918
0.522931
0.418926
0.857032
0.323224
0.212426
0.375853
0.377856
0.196397
0.664469
0.194807
0.41677
0.0721431
0.671124
0.742846
0.663635
0.471519
0.614807
0.0951202
0.569992
0.118445
0.668605
0.023824
0.842541
0.331079
0.364698
0.166868
0.675281
0.0835422
0.550291
0.0629387
0.540506
0.000313934
0.653023
0.205918
0.571061
0.285275
0.42757
0.138343
0.212383
0.364478
0.648632
0.00177156
0.405794
0.0108462
0.0681445
0.00952378
0.00633872
0.0339422
0.592514
0.0532081
0.329256
0.658705
0.638189
0.125257
0.577497
0.702103
0.119894
0.367132
0.276295
0.267603
0.674203
0.312537
0.105149
0.706561
0.501009
0.496021
0.709379
0.618957
0.573368
0.728346
0.563817
0.404662
0.478751
0.533702
0.544766
0.64769
0.578378
0.665701
0.615025
0.715117
0.429676
0.483128
0.561573
0.4209
0.288645
0.112374
0.874264
0.758393
0.602656
0.639921
0.455314
0.0214673
0.0658231
0.363707
0.376332
0.307746
0.314571
0.309714
0.504306
0.564804
0.265388
0.190238
0.770169
0.0223595
0.557527
0.213991
0.0968093
0.915243
0.706102
0.59161
0.12184
0.418221
0.111484
0.691136
0.653801
0.620628
0.288597
0.635562
0.336025
0.222368
0.124085
0.189434
0.774913
0.158808
0.354627
0.837333
0.57264
0.702981
0.0475766
0.70367
0.505247
0.13336
0.47258
0.82075
0.573255
0.606093
0.598155
0.0988441
0.755491
0.571727
0.58458
0.418106
0.0160896
0.314807
0.761403
0.490979
0.366212
0.00334016
0.667142
0.276458
0.0912925
0.126797
0.271322
0.639764
0.188932
0.251434
0.155896
0.191271
0.746129
0.658963
0.0373307
0.701316
0.532168
0.364238
0.358965
0.329001
0.613254
0.498685
0.289966
0.420561
0.362896
0.576396
0.200474
0.490992
0.457994
0.772983
0.296296
0.604425
0.429735
0.384299
0.55743
0.419728
0.453201
0.207997
0.187247
0.658214
0.286195
0.101132
0.598099
0.17117
0.294599
0.334072
0.0108593
0.0729898
0.00668227
0.606845
0.700314
0.00154123
0.251434
0.566916
0.537487
0.858878
0.657074
0.693262
0.107751
0.705719
0.684037
0.0563415
0.165926
0.335633
0.540134
0.460417
0.167017
0.658849
0.586783
0.0128212
0.293856
0.513665
0.439885
0.0483289
0.238434
0.57792
0.120825
0.387751
0.721091
0.389417
0.684967
0.503103
0.371459
0.434742
0.701181
0.00081312
0.71901
0.885433
0.887987
0.759154
0.00323618
0.69281
0.556344
0.451176
0.412484
0.918944
0.401805
0.548962
0.15549
0.656464
0.23532
0.624924
0.198404
0.0114215
0.510613
0.386336
0.0936914
0.267132
0.453434
0.480152
0.8768
0.83688
0.554557
0.493212
0.534674
0.721761
0.526142
0.490059
0.427517
0.432126
0.613575
0.640309
0.0178527
0.828445
0.627372
0.0760066
0.303975
0.697357
0.755748
0.596891
0.0981653
0.656525
0.691849
0.288754
0.237846
0.596996
0.66326
0.752786
0.65675
0.401271
0.661527
0.581285
0.554282
0.467251
0.527984
0.763292
0.36629
0.302885
0.712975
0.647776
0.572019
0.564416
0.49091
0.145903
0.598193
0.0579642
0.410962
0.680762
0.038791
7.34816e-05
0.384709
0.0151495
0.713755
0.811732
0.420431
0.745321
0.00815781
0.195497
0.186622
0.515635
0.233975
0.219492
0.202482
0.00825534
0.741684
0.695404
0.268038
0.277834
0.0566119
0.504719
0.800333
0.57671
0.452373
0.564635
0.66013
0.266921
0.843129
0.630867
0.569992
0.401978
0.682374
0.758335
0.376493
0.0489654
0.112863
0.357086
0.492759
0.254986
0.395071
0.707356
0.573906
0.393389
0.314856
0.528238
0.0142579
0.810051
0.470429
0.547239
0.509241
0.724252
0.667678
0.329896
0.272668
0.114101
0.495419
0.374485
0.0738971
0.792994
0.477736
0.0131227
0.430286
0.627824
0.0660867
0.244611
0.0653027
0.550508
0.0822309
0.288149
0.582866
0.649267
0.0434465
0.6608
0.303073
0.716897
0.374321
0.578171
0.507066
0.102881
0.747619
0.159284
0.503975
0.401146
0.306413
0.477442
0.000857296
0.945597
0.0228764
0.769094
0.231231
0.0235592
0.750328
0.797837
0.03826
0.692792
0.274621
0.342159
0.00193098
0.0559219
0.13236
0.315038
0.344375
0.643543
0.365068
0.707112
0.245501
0.0825452
0.497603
0.915441
0.70635
0.194734
0.462531
0.248061
0.449325
0.525763
0.370849
0.784423
0.71782
0.702398
0.555906
0.454397
0.538421
0.658011
0.107025
0.543874
0.775791
0.447904
0.765313
0.509135
0.495706
0.684525
0.473246
0.139468
0.287017
0.54179
0.713267
0.341791
0.356956
0.167456
0.276733
0.726195
0.66461
0.606659
0.718563
0.014807
0.624377
0.255654
0.0575039
0.783185
0.344887
0.741548
0.482657
0.418346
0.654688
0.477037
0.605045
0.486646
0.147307
0.58459
0.407988
0.42706
0.437363
0.558115
0.542728
0.552144
0.521214
0.687279
0.782047
0.481204
0.691133
0.718766
0.428158
0.558928
0.733778
0.529086
0.431636
0.753056
0.697399
0.340355
0.0991454
0.0878849
0.590464
0.685243
0.678186
0.518491
0.660657
0.356331
0.624428
0.696351
0.286279
0.591052
0.620244
0.721555
0.540936
0.390461
0.608234
0.467963
0.47974
0.442326
0.369627
0.796143
0.555828
0.640375
0.102062
0.270338
0.0157241
0.00104644
0.842028
0.0355521
0.434943
0.338687
0.405567
0.788881
0.624897
0.763165
0.0995499
0.00565695
0.377972
0.0535424
0.499781
0.0881976
0.599906
0.808628
0.346565
0.541502
0.315571
0.590329
0.170131
0.710156
0.0562506
0.539277
0.790449
0.4008
0.640157
0.414569
0.136163
0.787998
0.360215
0.349434
0.80781
0.207482
0.288153
0.0103011
0.311922
0.601269
0.180836
0.410971
0.419038
0.324314
0.607767
0.556847
0.631324
0.152153
0.188896
0.393205
0.636903
0.433243
0.554336
0.755773
0.437031
0.519724
0.452796
0.908156
0.477663
0.167583
0.00748004
0.683676
0.258379
0.602364
0.696927
0.33264
0.334276
0.756595
0.0409332
0.717686
0.344262
0.105687
0.562036
0.618841
0.097325
0.580694
0.387156
0.692812
0.674953
0.0211503
0.852608
0.654108
0.303695
0.732243
0.70133
0.439987
0.200114
0.00527917
0.433609
0.661041
0.55664
0.718633
0.648112
0.703387
0.659989
0.842929
0.660895
0.656244
0.859268
0.614459
0.0500325
0.499153
0.840481
0.316734
0.299685
0.502058
0.695337
0.580127
0.594115
0.615673
0.286735
0.673176
0.531758
0.157631
0.331224
0.648612
0.180912
0.163843
0.568652
0.508393
0.489082
0.645813
0.49569
0.664394
0.657398
0.679734
0.646215
0.0115719
0.50032
0.817826
0.0455129
0.390878
0.598706
0.4631
0.152793
0.557311
0.775375
0.171589
0.484205
0.852032
0.0126371
0.137658
0.365305
0.381394
0.367557
0.0753537
0.543685
0.120527
0.228372
0.363777
0.715367
0.322918
0.383962
0.493078
0.456772
0.0448729
0.640959
0.245417
0.17632
0.217799
0.105974
0.783013
0.102322
0.927892
0.417932
0.761004
0.595591
0.00600374
0.120241
0.560172
0.71142
0.633031
0.458681
0.772898
0.396092
0.163873
0.37626
0.59579
0.341821
0.0618416
0.301145
0.467491
0.229634
0.20471
0.417035
0.401365
0.344369
0.505339
0.049936
0.153672
0.31028
0.824864
0.0272667
0.768399
0.241072
0.255381
0.733322
0.701416
0.736262
0.754957
0.406236
0.726157
0.395617
0.291994
0.0161478
0.333185
0.533981
0.0349988
0.848985
0.252012
0.286468
0.420028
0.0814078
0.0580014
0.108182
0.275357
0.299193
0.371018
0.804266
0.371862
0.0813944
0.841608
0.793699
0.35898
0.0293522
0.389321
0.827666
0.0603584
0.214262
0.507675
0.322976
0.391435
0.00235567
0.0125369
0.627418
0.621118
0.0551078
0.770297
0.234231
0.481192
0.463398
0.448228
0.646915
0.459008
0.489779
0.720864
0.782065
0.424076
0.0349381
0.745671
0.517382
0.448811
0.442596
0.654899
0.0848114
0.706334
0.468247
0.287688
0.749126
0.0515983
0.287149
0.457246
0.711223
0.583804
0.441916
0.783248
0.369052
0.533545
0.00360841
0.687711
0.529822
0.501046
0.184834
0.717677
0.863126
0.527989
0.663968
0.858048
0.680359
0.767143
0.525649
0.563471
0.667276
0.0742173
0.214561
0.0124337
0.48462
0.146131
0.117515
0.742239
0.203091
0.652152
0.052558
0.00893231
0.664109
0.65797
0.449789
0.20798
0.345451
0.523226
0.247024
0.090891
0.839473
0.907864
0.891741
0.502004
0.549579
0.729845
0.092406
0.364701
0.549459
0.295974
0.232111
0.640374
0.588655
0.717309
0.452275
0.660213
0.426772
0.288344
0.0504695
0.218989
0.40561
0.763369
0.769596
0.553811
0.668741
0.158564
0.0204073
0.642311
0.245751
0.276792
0.504255
0.717209
0.0325834
0.659416
0.924147
0.676535
0.0200837
0.361983
0.362521
0.538106
0.223596
0.251487
0.706002
0.493735
0.157384
0.389868
0.571614
0.393448
0.0844734
0.323686
0.315318
0.602707
0.354131
0.621802
0.700737
0.140063
0.856707
0.490966
0.470338
0.482954
0.393493
0.0773098
0.473533
0.122724
0.433097
0.782651
0.213014
0.346349
0.366246
0.793476
0.197842
0.540349
0.759504
0.67327
0.556564
0.248824
0.676163
0.614959
0.587003
0.559751
0.55388
0.446595
0.2864
0.714968
0.654514
0.788104
0.447823
0.1722
0.335293
0.765451
0.231191
0.497245
0.688606
0.796026
0.636627
0.614438
0.470375
0.166604
0.485303
0.333097
0.820229
0.384311
0.633061
0.576954
0.656383
0.798459
0.134365
0.0399648
0.662825
0.635866
0.767977
0.633505
0.277113
0.725047
0.246595
0.0168486
0.511214
0.466089
0.688883
0.616979
0.40097
0.633632
0.606047
0.635174
0.49797
0.515727
0.293629
0.104024
0.118402
0.848998
0.575316
0.589397
0.147191
0.877266
0.590055
0.102407
0.370818
0.737541
0.244356
0.308557
0.438398
0.0291506
0.0833712
0.091114
0.676986
0.00195543
0.824155
0.785452
0.274103
0.69566
0.00414439
0.048129
0.75595
0.760353
0.909538
0.383988
0.0698176
0.237488
0.491823
0.364497
0.653387
0.531664
0.194762
0.315913
0.290411
0.309384
0.32481
0.730215
0.720267
0.298691
0.235374
0.802509
0.0173046
0.123472
0.201941
0.166055
0.575575
0.577755
0.566466
0.532703
0.0243477
0.526148
0.0480617
0.796755
0.689103
0.641431
0.62994
0.591041
0.0724075
0.00497661
0.400387
0.662657
0.393533
0.515773
0.475876
0.258175
0.447325
0.851749
0.652077
0.207183
0.594094
0.394718
0.463813
0.194624
0.477885
0.692375
0.584315
0.203699
0.357827
0.00695134
0.0664325
0.634437
0.732875
0.438054
0.39208
0.838821
0.289406
0.700236
0.160295
0.467955
0.235785
0.856893
0.301736
0.0510152
0.419051
0.603336
0.279458
0.213619
0.326454
0.719273
0.22691
0.0452193
0.0715997
0.217683
0.253387
0.410639
0.117776
0.718005
0.581536
0.538229
0.730932
0.951333
0.539704
0.597407
0.540756
0.0403587
0.268722
0.704087
0.340243
0.649773
0.22786
0.64427
0.0229012
0.0666526
0.820652
0.6151
0.38223
0.278191
0.715675
0.484134
0.770769
0.886675
0.335716
0.11216
0.580935
0.0771524
0.603164
0.304515
0.237855
0.150231
0.12984
0.825098
0.301298
0.639044
0.0119822
0.420868
0.485514
0.538453
0.109333
0.837514
0.487578
0.111406
0.833714
0.110899
0.305856
0.638252
0.806887
0.694138
0.0235193
0.77017
0.170848
0.0132632
0.0737341
0.312417
0.289844
0.61009
0.0885568
0.491034
0.207742
0.739584
0.70553
0.36048
0.574826
0.729547
0.791691
0.867769
0.278175
0.237697
0.751613
0.454169
0.686465
0.735082
0.160643
0.0843007
0.0370171
0.550919
0.383566
0.472552
0.0043429
0.538003
0.714192
0.10209
0.683945
0.315062
0.256677
0.518393
0.617249
0.000569364
0.512985
0.00891106
0.386585
0.208836
0.575127
0.012707
0.556266
0.165674
0.433396
0.190343
0.167961
0.472183
0.542991
0.0303546
0.853539
0.132496
0.210115
0.354426
0.449093
0.20697
0.215396
0.296913
0.532137
0.140158
0.0587562
0.735021
0.275851
0.597835
0.408796
0.201424
0.47777
0.0479946
0.23366
0.838864
0.32397
0.0786377
0.658051
0.417047
0.205293
0.456187
0.520488
0.430015
0.562763
0.566343
0.584119
0.796249
0.238848
0.468238
0.609632
0.191276
0.431493
0.41771
0.388662
0.418703
0.64842
0.601533
0.683411
0.238313
0.746019
0.546223
0.191343
0.411206
0.63572
0.24745
0.738047
0.822744
0.321535
0.33095
0.536922
0.749954
0.192985
0.766416
0.521101
0.661001
0.541923
0.715769
0.451086
0.400061
0.00264502
0.867845
0.704717
0.774023
0.303105
0.774848
0.34031
0.305871
0.796597
0.378243
0.414297
0.152997
0.0310647
0.00803586
0.622697
0.365315
0.649063
0.586712
0.420647
0.477268
0.541416
0.31197
0.432094
0.0617
0.552315
0.638853
0.224848
0.380779
0.00312994
0.275425
0.457895
0.647245
0.702145
0.458441
0.387505
0.591173
0.459202
0.509708
0.0372009
0.36055
0.687333
0.458617
0.669528
0.221068
0.940807
0.309525
0.666924
0.0158388
0.0048649
0.0298301
0.767652
0.842232
0.146384
0.693074
0.49259
0.442579
0.269386
0.686177
0.502176
0.697873
0.322129
0.36314
0.402145
0.82413
0.696406
0.838449
0.490147
0.38773
0.784877
0.813268
0.787768
0.579756
0.51497
0.00072446
0.845611
0.0390067
0.515951
0.832469
0.414521
0.610896
0.817589
0.259458
0.418115
0.277523
0.634231
0.42965
0.757662
0.0102002
0.44876
0.408649
0.292547
0.699929
0.588066
0.0582785
0.527591
0.705182
0.243592
0.641422
0.0277607
0.372882
0.489157
0.44067
0.4678
0.356707
0.205726
0.373992
0.603604
0.827874
0.723469
0.385253
0.281523
0.395449
0.299695
0.862078
0.384329
0.300893
0.000178578
0.275127
0.00815566
0.00277584
0.363276
0.331094
0.278323
0.432966
0.0762625
0.730459
0.822768
0.534115
0.641421
0.700784
0.409203
0.00313609
0.0595891
0.557637
0.115487
0.615104
0.0467002
0.342153
0.573639
0.0313138
0.621255
0.179503
0.264589
0.356916
0.323204
0.526955
0.0895908
0.192907
0.510894
0.0365542
0.239164
0.204172
0.541659
0.33295
0.142676
0.714984
0.728886
0.306155
0.518117
0.228901
0.615865
0.0473076
0.736097
0.551878
0.158176
0.44741
0.778023
0.924866
0.853665
0.123575
0.118459
0.404162
0.419695
0.142596
0.688463
0.123201
0.105348
0.450794
0.440826
0.199732
0.453896
0.193493
0.472
0.789287
0.0735921
0.490005
0.0295213
0.521888
0.539342
0.653149
0.251255
0.487561
0.25938
0.0110695
0.590062
0.510246
0.0111127
0.5231
0.0939767
0.908708
0.171788
0.647287
0.127747
0.561833
0.63726
0.744624
0.702015
0.300333
0.868806
0.264224
0.684629
0.769645
0.625252
0.338466
0.520593
0.345836
0.434189
0.401546
0.78969
0.802908
0.150269
0.0227518
0.0590892
0.196184
0.285883
0.767741
0.622606
0.120606
0.250751
0.448457
0.149495
0.755661
0.303673
0.5646
0.160268
0.65975
0.342851
0.602229
0.659155
0.732353
0.314267
0.649001
0.495152
0.846802
0.00691093
0.698061
0.500079
0.414384
0.513124
0.195087
0.426862
0.481061
0.318552
0.652226
0.67892
0.179901
0.421322
0.370539
0.387619
0.557528
0.0992506
0.532279
0.0613305
0.0712447
0.680636
0.11433
0.0816356
0.390816
0.32361
0.0168594
0.32049
0.244794
0.19673
0.23888
0.73387
0.767536
0.163337
0.0127867
0.658266
0.184988
0.571596
0.569338
0.26454
0.693316
0.549397
0.531277
0.293726
0.603454
0.0600504
0.720806
0.717088
0.142084
0.812046
0.36534
0.155067
0.395789
0.33867
0.246191
0.474984
0.571731
0.70763
0.497756
0.197146
0.8603
0.0868311
0.404785
0.549438
0.745006
0.622729
0.0494916
0.00638876
0.470037
0.632157
0.683227
0.519098
0.41173
0.055446
0.484267
0.850433
0.214778
0.706514
0.338191
0.587942
0.521155
0.623547
0.475295
0.395161
0.200132
0.258508
0.617992
0.606881
0.846807
0.0221159
0.75392
0.637739
0.831869
0.0258179
0.00284977
0.539719
0.675208
0.663575
0.641099
0.0984234
0.647349
0.0720685
0.0108698
0.283994
0.144274
0.309137
0.00663366
0.780488
0.533368
0.652994
0.555376
0.872029
0.857513
0.309632
0.687043
0.561803
0.495406
0.484903
0.017796
0.0251798
0.336483
0.0602358
0.842171
0.754002
0.277064
0.485034
0.0398758
0.403569
0.566101
0.678092
0.809677
0.528648
0.806154
0.599266
0.196737
0.759054
0.461772
0.451506
0.207414
0.249953
0.417432
0.59954
0.761905
0.276355
0.697561
0.145615
0.871492
0.731453
0.376265
0.163195
0.00225745
0.252837
0.0727118
0.699662
0.744038
0.346512
0.75612
0.900416
0.756227
0.40592
0.441035
0.827656
0.492804
0.0477488
0.17599
0.452518
0.824659
0.243733
0.239126
0.51015
0.497161
0.243817
0.547026
0.197913
0.297266
0.635791
0.56798
0.398606
0.13988
0.489863
0.588058
0.0355951
0.260709
0.000248411
0.168783
0.439939
0.618488
0.173214
0.290653
0.232902
0.00146712
0.761937
0.336163
0.339725
0.40371
0.722137
0.0157339
0.433325
0.0104802
0.788573
0.641183
0.466354
0.43804
0.587615
0.100097
0.0508598
0.771697
0.346899
0.694415
0.438546
0.0130419
0.300453
0.880274
0.0938661
0.453113
0.714036
0.744023
0.487239
0.373285
0.249453
0.331381
0.504541
0.816204
0.246089
0.0297905
0.213385
0.291481
0.770389
0.252011
0.291903
0.765285
0.00923006
0.525237
0.0160446
0.487714
0.522958
0.445822
0.057361
0.404544
0.00724313
0.0170749
0.440435
0.718464
0.0242142
0.000374305
0.809814
0.0248512
0.303711
0.00582794
0.910898
0.154939
0.769472
0.447461
0.222632
0.797323
0.467854
0.61234
0.755378
0.379139
0.0511307
0.399977
0.604785
0.334947
0.676006
0.228486
0.142648
0.00455254
0.659042
0.416519
0.544837
0.595899
0.0215147
0.683581
0.390399
0.20821
0.0752328
0.163741
0.376594
0.651435
0.289157
0.640128
0.902085
0.0826334
0.158336
0.54257
0.321548
0.00621035
0.930778
0.834038
0.535054
0.48725
0.166411
0.100419
0.00387143
0.262466
0.516344
0.435877
0.668481
0.828858
0.570653
0.911463
0.280308
0.333276
0.668226
0.517555
0.0135484
0.585049
0.362424
0.00246872
0.0163631
0.29028
0.761314
0.0492144
0.422259
0.341859
0.100426
0.596941
0.064291
0.547306
0.325568
0.0768304
0.597934
0.00577789
0.0409328
0.370179
0.522041
0.208547
0.748232
0.0285047
0.614183
0.205872
0.57863
0.122375
0.439773
0.600968
0.698497
0.051094
0.512898
0.512753
0.0012358
0.737302
0.684702
0.593699
0.5217
0.451828
0.0733984
0.814027
0.0212701
0.67805
0.0223556
0.595127
0.595378
0.670328
0.700668
0.170039
0.564142
0.144061
0.0872459
0.374793
0.403442
0.733922
0.0350763
0.256943
0.616386
0.279786
0.121993
0.0554259
0.32612
0.0032475
0.364722
0.859044
0.0100576
0.766953
0.450511
0.30828
0.295248
0.639216
0.485932
0.233814
0.339314
0.297927
0.349141
0.754022
0.290973
0.647699
0.552961
0.53419
0.0470051
0.652472
0.527143
0.348278
0.361168
0.0213567
0.361326
0.199384
0.608022
0.00809041
0.588726
0.788881
0.179524
0.80644
0.375736
0.2629
0.85127
0.666191
0.351014
0.54036
0.125222
0.270812
0.527258
0.465516
0.757022
0.286287
0.0404659
0.514369
0.675335
0.719928
0.229021
0.18934
0.260029
0.221916
0.875981
0.581429
0.483122
0.366591
0.626001
0.681208
0.111969
0.75159
0.900308
0.211883
0.681594
0.550303
0.104064
0.0878033
0.424627
0.614996
0.161586
0.10358
0.571913
0.668082
0.296832
0.61666
0.559238
0.469747
0.683482
0.805278
0.432888
0.257389
0.399126
0.70299
0.717389
0.717115
0.671956
0.582439
0.7942
0.0352419
0.0236546
0.298784
0.564869
0.332119
0.524854
0.229868
0.11609
0.430562
0.166815
0.631255
0.513653
0.622658
0.234876
0.694405
0.540245
0.322701
0.649362
0.489297
0.402321
0.680509
0.436634
0.322815
0.552312
0.813496
0.329273
0.007242
0.197047
0.845517
0.703953
0.700323
0.672715
0.536505
0.408256
0.321967
0.384408
0.833402
0.266951
0.0126215
0.6745
0.262865
0.0276293
0.760831
0.495341
0.18649
0.406565
0.058679
0.589161
0.59002
0.354901
0.676763
0.0518089
0.00254433
0.70297
0.497002
0.424362
0.510093
0.44385
0.313423
0.438007
0.486637
0.514872
0.307365
0.460528
0.037131
0.637786
0.359679
0.73044
0.260007
0.685873
0.594041
0.271598
0.105115
0.61119
0.523269
0.717485
0.487782
0.626402
0.626908
0.392073
0.190641
0.080728
0.672582
0.728557
0.167622
0.170981
0.593907
0.366185
0.0538448
0.661008
0.512919
0.622015
0.156502
0.392195
0.804645
0.175535
0.53133
0.623068
0.789357
0.0036327
0.657621
0.0327027
0.505897
0.11838
0.65291
0.635456
0.464675
0.668555
0.603897
0.293807
0.714126
0.959867
0.565673
0.346083
0.405439
0.643897
0.66489
0.721681
0.574832
0.654488
0.432085
0.814961
0.335015
0.220726
0.381857
0.418453
0.643378
0.760467
0.0028573
0.695494
0.564892
0.646564
0.617588
0.409696
0.461921
0.0120809
0.652421
0.0303364
0.402782
0.586002
0.483978
0.567235
0.0179454
0.214495
0.0948049
0.795891
0.38814
0.0347377
0.265395
0.558255
0.410182
0.291005
0.139406
0.0845838
0.0135167
0.782789
0.874516
0.782525
0.322494
0.759465
0.614271
0.868619
0.815387
0.470106
0.680619
0.549975
0.741212
0.526215
0.431363
0.0129447
0.895789
0.73644
0.130955
0.108237
0.364702
0.752078
0.656084
0.378137
0.245848
0.0953499
0.298498
0.833453
0.325737
0.124645
0.0207579
0.750836
0.462668
0.736057
0.629225
0.301447
0.575984
0.763513
0.204315
0.0414702
0.897778
0.335232
0.161952
0.582991
0.0209879
0.477987
0.675068
0.737745
0.298074
0.640045
0.0340593
0.73421
0.663236
0.570654
0.547117
0.11747
0.533952
0.464207
0.153708
0.00216596
0.6918
0.477717
0.348797
0.726272
0.11318
0.381825
0.452582
0.776949
0.708261
0.243818
0.63429
0.386006
0.138434
0.37766
0.0480425
0.239677
0.456677
0.359006
0.384667
0.360473
0.163836
0.490337
0.653108
0.318003