1
0.304727
0.992305
7.84254e-12
6.90713e-19
0.999999
3.70489e-24
2.89566e-10
2.21282e-13
9.06291e-29
3.20691e-16
3.72253e-09
6.12247e-23
2.50902e-20
1
7.35016e-12
1.63379e-22
1
1.10193e-05
7.25734e-13
1.93905e-14
2.1405e-06
2.7913e-08
1.70426e-15
3.43463e-13
1.19732e-23
0.999784
7.10238e-22
1.01934e-18
0.999946
0.999999
0.773557
0.42407
5.39946e-05
1
1
0.999998
0.998458
0.999999
0.999999
0.989558
1
1.87691e-19
0.183776
0.999288
5.26766e-09
0.998761
0.996958
7.09944e-28
9.73135e-30
0.951734
0.99937
6.45031e-21
1.29373e-17
0.999941
7.23758e-22
2.31353e-24
0.999924
5.54843e-24
2.50322e-22
0.838641
0.444776
1.01549e-19
1
0.118333
5.53345e-15
0.978327
1.01622e-18
1
5.20025e-06
1
3.0068e-24
1
0.000507462
0.999287
0.998048
1
1
2.07139e-12
0.703262
9.34818e-12
0.956918
1
0.898684
3.78006e-10
5.72399e-25
0.999999
1
2.93579e-12
0.99897
0.981057
0.999994
1.69356e-13
0.921163
0.999576
1.00274e-13
0.159358
0.999978
0.0129606
8.20953e-19
3.39837e-08
6.30699e-16
5.80304e-29
1.17342e-12
1.36433e-31
9.42271e-21
0.277504
0.916933
9.31296e-22
5.96456e-14
0.997372
1
0.983387
2.46826e-13
1
1.80808e-20
3.81329e-16
1.57575e-20
1.11945e-12
0.992938
4.95421e-26
5.07655e-28
0.999999
0.998694
3.55194e-13
2.92174e-07
0.947047
1.6938e-25
4.13794e-07
6.67021e-24
0.998209
0.998775
3.80122e-17
1
0.999993
0.999999
6.58684e-25
0.998208
2.09542e-12
1.02924e-20
0.891744
0.999894
1
0.872282
0.999987
0.999973
3.29477e-10
1
1.50341e-20
0.999942
2.55956e-23
4.38219e-20
4.9694e-29
9.21069e-12
0.999977
8.04063e-22
5.74917e-11
3.5189e-15
1
4.51246e-07
1.13027e-13
1
1.61772e-21
1.17762e-23
5.96269e-17
4.90415e-21
2.82798e-14
2.20501e-12
0.999964
3.23442e-16
1.76107e-20
1
1
0.943054
1
0.999999
0.998826
5.88551e-08
0.99999
1
0.999996
0.995338
2.44524e-06
6.20076e-10
0.999939
1.03775e-13
1
9.07733e-23
1.28835e-33
0.999783
0.999376
0.992381
6.05747e-22
1.26634e-15
6.19445e-22
0.999665
0.999997
0.000773313
4.48932e-23
1
0.990125
1.81105e-05
0.759479
0.999812
0.995221
0.996696
5.83711e-24
4.21858e-15
0.996625
1.21088e-20
1.70786e-21
3.70248e-23
1.50957e-24
1
6.25399e-19
3.37311e-22
1
2.29031e-08
5.90883e-29
8.9579e-22
0.0382264
0.177807
0.228953
1
0.201366
1
1.28019e-05
1.26665e-07
0.995291
1
0.102168
1
2.52368e-08
1.89271e-10
1
9.31157e-23
1
0.999994
5.98227e-20
0.999987
8.96824e-12
7.92367e-24
7.09663e-24
0.999997
0.999997
0.999965
7.89673e-14
2.24451e-13
5.42927e-28
0.950454
1.508e-21
0.999913
3.64477e-23
1.38859e-12
1
1
0.999954
0.0496611
0.999985
4.4121e-16
0.0739848
2.57927e-14
0.999988
1
4.55239e-11
0.999934
5.01757e-14
1
1.7576e-13
1.42609e-13
8.45585e-09
1.3137e-12
0.999972
8.53077e-10
2.26893e-11
1.25011e-26
0.999981
0.000151003
0.982057
0.999993
0.999942
5.18547e-18
1
3.98825e-17
1.06357e-20
0.999998
0.999953
3.35842e-18
0.999991
2.46835e-13
1.80645e-17
1
6.20714e-20
1
2.79126e-24
1.33039e-20
3.15183e-10
3.27764e-08
1
0.94296
1.86561e-05
1
0.999933
0.972195
2.17073e-16
1.09556e-08
0.999998
1
9.99691e-23
0.999997
1
1.04351e-26
2.15292e-26
1.69338e-08
1
5.33523e-15
0.0180828
7.95745e-21
1.08739e-07
1.22891e-14
0.978585
1
3.85292e-20
0.998973
4.16611e-17
2.7256e-16
0.243533
6.42881e-18
0.999994
0.999998
0.999998
1
0.999998
2.17752e-24
0.999717
1
1.09237e-27
1
1.29195e-10
0.993606
1.05805e-07
2.62876e-08
0.999979
0.141986
1.05305e-07
0.995604
8.27733e-18
1.50702e-26
0.998335
1
0.999092
3.45671e-19
1.09441e-17
1.13611e-07
0.91509
0.000329185
3.1579e-29
0.999973
0.044169
1.96136e-13
7.44527e-31
7.93066e-10
1
0.927684
6.8814e-22
1.85612e-19
3.95631e-09
7.47888e-19
0.678049
0.996201
1
0.529811
1.98292e-15
0.933686
0.252285
2.31533e-19
9.29661e-20
0.999962
0.999947
3.49665e-14
0.999998
1
0.719513
1
0.999995
0.999832
8.31066e-10
1
0.996995
3.66266e-18
1.49916e-08
1.19979e-14
0.85078
0.999962
2.84075e-06
2.4523e-14
0.0350216
2.82528e-10
1.18124e-17
0.395281
0.0391154
1
0.20365
3.75885e-15
1
7.23946e-35
2.03432e-22
2.20506e-16
1
0.999252
0.99967
1
1.42286e-26
0.999811
3.88425e-12
0.475592
0.999982
9.12993e-13
0.999941
0.999973
1.09888e-12
1
1.94896e-21
1
1.40964e-14
3.57141e-13
4.92668e-16
0.999852
5.20274e-09
3.91318e-11
0.999549
0.21149
3.58329e-06
6.33874e-28
1.20217e-10
0.957898
1.70329e-06
3.18664e-08
1
0.0729682
4.8902e-24
5.91898e-22
0.00869346
1.00034e-12
1
5.3483e-11
1
1.55179e-07
5.19019e-17
1.83388e-25
1.67498e-14
1
1
1
7.07884e-25
0.999964
1
0.888735
2.43547e-07
1.83003e-14
2.44956e-33
1.59205e-10
1.22314e-09
5.88376e-05
0.00671676
0.639035
0.00133956
1
1
9.25331e-26
1
5.04689e-10
1.85154e-13
0.999553
0.234447
2.81978e-39
0.999995
1
9.97464e-07
9.5122e-23
0.949857
8.44865e-23
0.999838
3.08836e-23
2.33588e-23
3.55792e-13
6.48818e-13
2.4384e-25
5.43789e-20
0.998367
1.03933e-06
3.43892e-22
1
1
1
0.00834092
7.1593e-20
1.62781e-13
4.27912e-21
1.9397e-05
1
2.54816e-07
2.03924e-21
0.999999
0.999872
1
0.00719484
2.83144e-10
0.000258751
6.13335e-19
0.988946
1.77765e-10
1
0.997115
0.00642709
1
0.00936611
1.4787e-12
2.9736e-17
6.24099e-15
0.00290402
1.34722e-12
1
0.910652
1
7.81263e-20
0.0182367
2.85334e-14
1
0.999998
3.70205e-11
0.999944
4.58755e-15
9.91454e-12
0.99993
1.44302e-14
0.999906
0.894161
0.328521
0.999826
2.75207e-18
8.54595e-31
2.01111e-07
0.277389
3.42715e-17
2.94265e-15
2.2095e-14
1
0.0279322
0.999958
0.622937
0.999996
6.55215e-19
3.73488e-19
0.997497
8.318e-19
4.91718e-12
1
9.73272e-12
2.9035e-17
1.45677e-14
8.32972e-05
2.828e-10
0.0014268
5.34262e-16
4.24988e-17
0.022405
8.65282e-17
0.999775
0.999986
1.18931e-17
2.59165e-20
2.36677e-09
0.99947
1
1.43296e-22
0.99887
1
1
0.0526561
0.999394
1.25849e-16
0.999683
1
0.998939
0.99999
4.47391e-07
4.1446e-08
2.4029e-28
1.49925e-18
1
0.9763
4.60441e-18
2.41423e-14
0.999992
0.999905
6.4124e-15
1.524e-06
3.84966e-15
1.09076e-26
0.986177
1.02254e-05
0.00012112
6.72784e-10
3.09959e-28
0.400265
0.856811
2.83267e-10
0.00870475
1
4.9729e-15
3.86988e-26
0.927422
1
1
0.0110509
1.08578e-27
1
2.41253e-24
0.997334
6.44209e-24
0.000148858
5.48894e-17
0.999702
1
0.999999
0.999961
4.52618e-11
0.999999
0.990391
3.00642e-23
0.0404015
1.42915e-08
0.999418
4.36262e-21
0.00251374
0.998845
1
3.52878e-28
1.01682e-13
1
0.617237
4.49998e-15
1
2.13058e-32
1.51047e-13
0.000422289
0.999984
0.989343
0.999999
0.97585
0.997561
0.999978
1
3.65973e-26
1
9.22692e-16
0.999973
2.8008e-12
1
1.98695e-10
1.25897e-07
1.79754e-16
0.999998
2.45923e-08
3.83711e-07
0.999906
1
4.12516e-07
1
1.74907e-13
2.06051e-10
0.997577
1.30598e-33
2.20241e-13
0.999946
0.999985
1
1.31985e-23
1
2.50603e-07
3.63558e-23
0.999988
0.00082878
1
7.22146e-06
1
1
5.15006e-05
0.0253219
1
9.74968e-12
3.36686e-22
4.20096e-08
1.859e-16
0.999951
0.999975
4.04197e-09
1.8423e-27
5.48869e-08
0.998043
0.0406598
1
1
5.81507e-05
0.999995
1.47178e-21
1.1008e-14
4.42293e-20
0.999962
4.25034e-37
6.84847e-25
3.65662e-13
1.3324e-05
2.05165e-06
1
0.999999
1.24397e-13
0.985645
1.93171e-28
3.03232e-13
0.999999
8.96699e-22
3.02255e-13
0.15474
0.999564
5.34828e-07
1
1
0.996385
5.59968e-12
0.999924
1.10508e-14
1.07272e-17
0.992078
0.999732
2.21832e-17
0.000301
1
1.12056e-12
3.11585e-14
1
1.89839e-26
0.999998
1
0.999996
1
1
2.8481e-09
0.999669
1.37971e-14
1.20454e-27
1.17473e-07
1
0.996795
0.996445
1
3.30766e-21
5.51876e-22
1.06188e-10
1.15911e-10
0.00579609
2.31816e-28
0.0172962
0.00194042
4.11247e-23
1.7796e-20
0.877195
0.999999
0.00433029
2.0436e-17
4.36993e-11
0.999374
7.67198e-15
1.53814e-15
0.999984
8.6687e-19
0.999975
3.39913e-18
5.83001e-16
2.03053e-06
0.760773
0.999998
0.99978
2.84893e-14
5.02042e-24
0.239533
0.00500163
2.2718e-19
2.55219e-10
0.998013
4.66268e-27
0.999997
0.745288
6.89652e-20
1
0.00143209
4.78494e-05
0.999914
1
8.81239e-07
0.024621
9.05747e-17
2.07875e-12
3.65318e-15
1.75462e-05
2.37482e-05
0.99982
0.995793
0.999739
0.925618
1
9.66128e-18
1.98748e-33
0.994347
1
1
4.71459e-11
0.999991
0.999999
0.999141
0.0227633
1
0.52781
0.993374
0.195285
0.999997
1.00156e-20
1
7.27027e-11
0.933521
0.999992
0.995824
8.9988e-20
0.999997
0.960238
0.94574
1
6.5498e-18
0.0317907
0.999966
0.00630925
1
5.70947e-24
0.616605
3.3906e-06
1.18251e-07
1
0.617485
1
0.999818
2.51105e-20
0.999954
0.999984
5.63889e-20
1
4.94606e-28
4.46767e-13
0.287033
0.99996
0.997494
0.990029
2.14073e-25
1.22795e-07
4.65494e-11
0.999891
3.2413e-14
1
0.539124
1.50135e-31
0.279309
3.26689e-11
0.0595403
1
1.23365e-12
2.38706e-05
1.15336e-06
2.59657e-13
5.26835e-15
0.867353
1
1.27328e-21
4.23291e-05
1.40697e-08
3.48684e-19
0.87366
0.0294033
0.999999
1
0.999969
4.39469e-09
0.999952
0.998052
8.16628e-15
1
4.02888e-17
3.5691e-05
8.51271e-13
1
1.78667e-06
0.976118
3.1892e-27
3.56931e-19
0.00127102
4.39466e-21
0.999941
4.53079e-25
0.999849
3.44105e-10
0.996968
1.59958e-21
1
0.99753
9.61637e-28
0.979745
0.999279
5.40216e-30
1
0.999892
0.99938
0.999995
0.999987
1
1
1
0.998048
5.52797e-13
1
1.91598e-20
0.999697
0.999999
8.81281e-19
4.63156e-09
1
2.95502e-22
4.24468e-33
0.000507486
1.61359e-09
1.17488e-17
0.00491634
0.303819
1
0.889193
0.169963
1
1
1
8.764e-12
0.999997
1
1
3.22678e-34
6.68773e-10
1.05168e-15
8.50173e-17
2.62234e-11
0.730558
0.000331574
1
1.16964e-15
0.000752327
0.882966
2.47096e-15
0.999968
0.996407
1.28583e-13
7.28236e-22
0.998844
5.36441e-11
7.09779e-19
5.2499e-19
1.07283e-24
1.35722e-12
1.95568e-08
1
5.03093e-08
1
0.999721
6.5398e-24
0.999062
1
7.91546e-13
1
0.910621
0.999927
1
0.999912
0.493905
0.98154
5.08869e-05
0.999982
0.999988
3.11456e-25
1.6731e-16
0.99999
1.52655e-06
0.761032
2.93464e-12
7.58703e-14
2.76487e-24
2.91468e-15
6.20169e-07
1
5.03403e-25
0.999365
2.68526e-07
0.999994
1.84644e-06
1
1.45583e-10
1.27636e-30
0.999967
0.986591
1.6191e-18
3.71141e-08
2.3445e-19
1
2.96937e-10
1.46802e-12
0.968567
1
0.995751
1.87383e-37
6.44859e-15
2.07618e-13
0.99159
2.8942e-12
0.999982
0.00294392
0.305141
0.999932
1
3.51737e-15
0.470628
2.53457e-14
1.99768e-09
1
0.997649
0.99888
0.97735
0.989662
8.29859e-21
0.0720524
3.33966e-26
0.143629
1.40517e-08
2.84673e-17
3.42263e-05
1.87889e-13
3.08292e-10
0.997068
2.36252e-28
1.53085e-19
0.0080325
0.990504
6.22743e-10
1
2.20473e-14
4.15698e-15
1.6434e-27
1.42155e-19
1.45248e-17
0.186263
4.40504e-22
1
1
1
0.999116
1.14781e-06
2.15459e-09
2.40986e-17
0.999985
2.29543e-13
1.58717e-32
0.999917
0.999852
1
1.05715e-22
3.4129e-05
0.999987
2.34886e-15
7.83453e-06
9.95689e-08
0.999924
4.74455e-06
0.519258
4.32386e-26
8.86614e-16
2.02867e-24
2.22283e-20
9.68445e-19
1
0.999842
0.999134
1.67009e-20
0.999866
1.71353e-26
0.999976
0.368641
0.327961
0.999968
0.00408918
9.06962e-20
5.52054e-13
0.999949
4.37251e-13
1.33603e-15
1.04971e-22
0.217315
1
1
4.26837e-22
1.13315e-06
4.82492e-26
1
1.33956e-28
3.57165e-17
1
0.86368
0.999929
0.828581
2.18734e-08
1
1.48808e-09
8.3479e-07
2.22739e-14
0.976058
1
0.998637
0.995057
4.88778e-24
2.86593e-18
0.997832
1
0.676823
5.31043e-12
0.999874
0.999619
1
0.999993
7.03952e-25
1
8.38042e-11
1
1.006e-21
2.37744e-25
6.50179e-17
1.74883e-15
9.3328e-13
2.55564e-05
0.0150965
0.856289
3.48435e-28
5.94966e-05
5.51091e-22
1
2.91904e-05
1.02215e-11
1.58504e-19
4.57035e-09
1.8422e-13
0.999997
1.58758e-11
3.91712e-17
2.25105e-23
1.02155e-24
0.999999
3.58234e-15
1.02121e-20
2.9445e-25
1.3048e-17
0.999999
0.999996
0.786826
0.999975
0.999604
1.88106e-10
1
1.36059e-13
0.998927
1
0.0396531
0.0185584
1.42117e-17
0.920086
2.46654e-11
3.90645e-08
1
3.70537e-24
0.998295
1.01604e-19
5.11013e-11
5.88287e-15
0.999717
0.998379
2.50776e-22
0.978277
1.47546e-12
3.74499e-13
1.83931e-08
0.940214
0.995712
0.795039
6.31427e-13
1
1
1
1
0.982775
0.0280403
1
0.999928
1.83874e-05
0.999997
0.925509
1
0.993481
3.21287e-05
0.0253196
0.00110622
3.55696e-09
1.57507e-33
9.248e-22
1.3276e-07
0.0176837
1.66491e-05
1
1
5.61051e-20
0.999991
1.91314e-20
1.08273e-11
0.000209736
7.01083e-12
0.746242
3.27936e-14
0.99998
0.999989
0.999988
7.85252e-08
0.999967
0.0166819
5.66034e-12
6.23448e-08
1
0.999994
1.31505e-17
0.00347707
0.999949
6.1937e-07
0.98123
1
1.82053e-13
4.74224e-07
0.99999
2.52815e-17
1
0.945176
5.51762e-12
1.81406e-14
0.999999
1.06584e-22
1
2.93933e-25
1.04201e-21
1
2.49563e-15
3.48859e-10
0.0896306
2.45385e-06
3.16582e-18
0.00366495
1.20284e-32
1.03616e-16
9.37349e-09
1.7268e-15
1
6.98859e-23
1
2.01903e-28
0.982468
6.73511e-22
1.20146e-14
0.999999
0.0734245
8.6206e-16
0.0119
1.24843e-05
1.55463e-10
3.04134e-18
3.77755e-10
0.99981
1.37799e-08
0.00130821
1.3785e-26
0.987513
0.0507514
6.2951e-23
1
8.31187e-08
1.2886e-11
2.56768e-25
0.997738
0.0485139
3.60984e-16
0.163129
1.23475e-26
1.35859e-10
3.17662e-20
4.48958e-22
0.908082
5.73188e-25
1.08874e-05
3.62631e-21
7.2259e-06
1.35192e-05
0.997164
1
0.999979
6.32483e-11
0.99828
1
9.83719e-24
1.34124e-21
5.50271e-06
0.764553
0.99972
7.23517e-12
1.76125e-11
0.993945
8.80742e-21
2.87061e-22
4.16803e-07
5.66807e-22
2.23967e-14
0.975703
1
0.950714
0.999948
1.2407e-20
3.88937e-06
1
1.32789e-21
6.77827e-14
0.999997
1
0.999993
0.159387
1.10883e-08
0.998744
0.999998
0.999478
8.61698e-18
0.999902
1
4.22775e-06
0.999037
8.89992e-15
0.995729
1
0.999962
1
1.65491e-06
0.999824
0.000215212
1
0.997036
0.999997
0.999919
1
3.35739e-14
0.997745
1
0.999446
0.238386
1
1.35658e-26
0.998056
0.0115999
3.06762e-11
7.51693e-17
1
8.20906e-19
1
1
4.49721e-09
0.00181504
0.359853
0.76855
2.35774e-07
9.92252e-16
1.41978e-31
0.999913
8.42298e-08
0.00380372
1
3.16273e-15
0.982058
1
1.09687e-13
0.993956
0.996354
1
0.753543
2.27142e-07
1.19793e-05
4.87535e-10
0.999525
1.92848e-17
1
0.0897079
8.56875e-21
0.999998
1.61291e-12
1.58495e-05
1.94179e-05
4.73993e-23
1.36017e-17
1.76909e-09
2.14517e-34
0.00235143
1.84681e-18
6.24826e-21
5.48131e-23
0.999271
6.84369e-18
0.975518
1.81092e-23
2.07017e-16
2.89148e-18
0.999793
1
1
0.999897
0.999962
4.85289e-24
0.0943763
1.07883e-21
1.68823e-12
1.6422e-10
7.9317e-19
1
1
0.986226
1.18557e-06
3.33014e-31
1
7.03301e-08
1
1.13226e-20
0.454475
0.213002
8.65852e-21
4.4519e-18
2.12236e-18
4.86579e-15
1.42903e-14
1.59152e-13
0.999933
1
1.23766e-14
8.07671e-14
0.500827
0.182363
0.988901
8.61599e-05
1.32816e-19
3.20776e-30
0.0223616
0.969061
2.78671e-10
7.25822e-17
0.999999
9.72137e-22
0.999017
0.981576
1.64266e-16
0.997081
0.996376
0.999985
1
9.49381e-16
4.38436e-07
0.998947
0.999761
0.0598136
2.90313e-09
1
9.16464e-20
0.287777
1
4.4094e-07
1.43588e-25
5.83265e-28
4.73667e-09
1
0.979744
0.999999
0.945868
0.0599
0.999848
1.37516e-08
0.997333
0.999969
1.15134e-19
1
1
1
5.97327e-19
5.54809e-17
4.17853e-22
6.16524e-23
1.86032e-16
0.951366
1
0.999993
7.12775e-13
6.0688e-25
0.999964
1
0.0019158
2.79866e-19
0.657193
0.000196698
4.49698e-07
6.15719e-14
1.29533e-15
0.00762788
0.999783
6.89016e-17
0.000168849
7.30077e-12
4.84703e-15
6.9093e-07
1.659e-12
4.81881e-25
0.0464661
0.976708
0.996923
0.999998
0.726606
0.764415
5.78754e-21
0.99047
0.999998
1.57658e-20
0.999998
6.86801e-18
0.994807
1.62213e-11
1.39198e-25
1
4.44325e-21
1.71029e-14
0.000704328
0.979535
3.01003e-12
5.20442e-16
9.21783e-20
2.12944e-11
0.536361
3.70374e-06
7.37385e-11
0.999991
1
4.59043e-26
0.998771
0.000247682
0.000786115
3.42872e-08
0.999201
9.34269e-19
3.66017e-09
0.0154166
1
1.3075e-07
1
2.58528e-09
0.0126263
1.04139e-06
7.66662e-16
0.998885
1
3.98919e-05
2.91233e-09
1
1
0.999432
1
0.951641
1.79241e-20
1
1
0.894794
4.86823e-26
1
2.10032e-13
2.08856e-14
5.72126e-16
8.29756e-18
3.64265e-13
1
0.435112
0.999992
0.999996
1
0.423688
5.94871e-06
0.99689
7.88811e-05
7.32027e-22
0.274079
1.06495e-08
1.25591e-05
3.43105e-11
0.0755237
0.999972
1
8.0522e-37
2.38525e-16
1
5.25028e-14
4.28108e-21
0.000698919
1
2.50524e-16
0.990897
5.35316e-10
0.45332
1.10566e-23
0.961002
8.13199e-23
0.170035
0.571591
1.34842e-12
1.04527e-06
5.578e-10
5.57753e-11
2.58104e-17
6.0309e-26
6.27476e-25
8.37022e-15
2.33968e-05
0.999348
1
4.17493e-21
0.969246
9.78302e-14
1.07656e-12
1.37944e-20
1.0109e-23
0.982316
5.35168e-29
1.78339e-19
1
2.69517e-27
0.974008
0.999917
1
0.999722
1
1
0.707747
3.41358e-08
0.999764
2.64245e-18
2.89833e-09
0.999998
4.88198e-17
0.000512262
1.41793e-22
0.960235
3.6399e-35
0.999992
0.999966
0.999738
0.0390347
1.80223e-25
0.952114
2.72884e-28
1.27182e-17
1
1
1
3.12221e-08
3.74922e-07
0.862027
0.988696
0.999216
0.998293
0.981371
0.877159
0.938563
1.1068e-19
0.960202
1.9382e-12
0.999579
5.14492e-25
0.992378
1
4.70942e-20
2.22557e-16
3.03187e-06
0.999996
0.999958
0.999986
3.9302e-22
0.999905
2.1043e-05
1.58092e-09
1
1
0.00362692
5.01273e-21
2.68975e-21
0.999996
0.999994
1.07048e-11
1
0.985965
8.47102e-22
1.89544e-06
1
3.79522e-18
9.72974e-13
0.982565
0.999997
1
0.999998
0.99999
0.994839
0.999992
9.01341e-19
0.889608
4.80267e-15
3.62775e-08
0.999979
6.90382e-07
1
9.16057e-16
2.8885e-12
1
1
1.48892e-28
1.57866e-06
7.7784e-21
0.999998
9.62693e-22
7.81947e-17
1
1
0.999999
9.38453e-23
0.999998
1
5.34047e-14
6.92725e-05
4.13842e-17
0.00311954
2.69046e-15
0.99982
3.04571e-23
9.04557e-20
0.0419028
5.14259e-26
0.999953
0.636143
4.16343e-06
8.91324e-24
1
0.999985
1
3.72746e-15
0.999999
1.84339e-12
9.36253e-18
1
9.81013e-17
2.41974e-06
1
0.99882
1.0868e-12
3.9691e-18
0.996261
1
0.866035
3.2448e-18
7.01631e-31
1.62468e-13
1
0.00480872
0.999905
1
1.68938e-17
0.928745
0.863436
0.949813
4.5151e-06
7.57464e-05
1
0.96894
3.08869e-17
1
0.997924
1
0.999969
1
0.99455
3.77624e-09
1
1.1135e-15
0.760582
5.63921e-14
3.90006e-14
0.771271
5.81693e-22
1.40435e-23
0.999966
0.65475
1.37295e-10
0.767995
1.48926e-23
6.9375e-05
0.951929
1
1.47966e-19
2.48293e-10
0.99998
0.999945
0.999972
0.939499
0.999507
0.999863
2.70217e-23
0.999999
0.99873
0.999988
0.999962
0.995527
1
0.999975
2.60334e-18
1
5.77278e-23
0.999999
0.998661
9.75595e-15
8.01935e-20
1
8.41567e-18
0.999987
4.56858e-18
0.99903
5.70448e-25
9.62652e-13
4.46932e-06
1
3.03942e-09
0.409762
5.79047e-15
2.95127e-18
0.999569
1.79273e-15
1
1.58887e-19
0.0132304
7.30022e-12
0.99994
0.477159
4.13745e-19
4.1992e-13
1
6.87476e-14
9.33849e-06
7.72528e-17
1
0.999997
0.478271
0.999999
9.73746e-18
4.47226e-22
9.19547e-16
5.62017e-07
3.6323e-05
0.99709
0.6646
0.104627
1.31879e-07
0.63939
0.999513
1
0.99923
0.651982
0.999751
1.55417e-21
1.66202e-05
4.40436e-34
0.999988
9.80651e-08
0.275908
0.0560012
9.87227e-16
2.26152e-12
1
9.17012e-11
0.999993
9.77569e-17
1.50335e-21
0.00682675
1
6.58638e-20
1.41257e-15
3.12533e-05
0.999941
5.67167e-14
1
0.977787
3.28805e-17
2.06261e-18
0.99997
2.68173e-05
5.38464e-08
0.983309
1
1.3093e-23
0.999987
8.26271e-10
0.999997
0.994582
7.16316e-17
0.956546
4.31847e-12
1
1
0.999991
1
0.992093
0.999952
6.53586e-11
0.986973
1.98113e-25
0.00545468
0.000114487
0.950832
1.4841e-10
0.0651638
0.0367212
0.00555118
4.78648e-24
1
1
0.996634
1.13861e-08
0.842363
5.18425e-14
1
9.80743e-11
0.451049
7.90241e-25
4.64706e-13
0.824795
0.998985
0.929559
2.1912e-16
8.14437e-14
1
1
2.84577e-21
8.51096e-10
7.55403e-07
3.45107e-34
0.950134
9.32585e-14
5.22296e-09
0.996774
0.989082
0.000881548
1.59084e-11
5.73451e-21
7.18554e-18
3.46478e-23
0.547586
7.87375e-06
1
2.3172e-16
1.40803e-11
0.999921
8.68589e-18
0.980054
0.892488
0.999825
1
8.63703e-24
0.937657
0.998922
0.000185423
0.983595
1
1.57802e-17
2.72529e-25
0.999841
2.7834e-32
0.786136
6.49562e-16
0.0141364
1.49042e-09
9.58658e-08
4.7422e-19
0.00280661
6.44223e-07
0.999646
1
8.86719e-23
0.999925
6.88255e-16
0.999807
0.999998
0.999892
0.999955
2.7822e-21
0.530377
7.69468e-33
7.03238e-18
4.71762e-08
1.43549e-07
0.999884
0.999658
0.99996
0.0194391
4.06236e-09
1.49497e-14
1
1
1.16436e-23
0.999992
7.48283e-12
0.998992
3.17692e-17
1
0.000147343
5.83156e-13
0.999998
3.61059e-31
3.04311e-13
1
1.40578e-05
2.9227e-24
1
0.00154472
2.37903e-10
0.997425
0.982355
1.95916e-08
3.20964e-17
5.76382e-17
1
0.000259065
0.99999
1
0.999998
2.99084e-25
4.29025e-12
2.10891e-12
0.999695
1.50695e-19
0.000981797
3.93245e-08
1.00502e-19
2.16562e-37
1
0.0301779
0.972749
1
1.63948e-15
1.15399e-14
1
1
6.9384e-17
4.79973e-18
0.998488
1
4.98561e-24
0.999994
1
8.87558e-30
1
1
1.9084e-22
1.75545e-21
2.96885e-17
0.00752628
0.114906
1
0.424231
4.96249e-20
1
5.95224e-16
0.00157981
5.9359e-10
4.69526e-14
9.91911e-17
1
9.53305e-11
1.41031e-18
0.830885
1.44893e-13
3.94377e-21
5.50633e-15
1
0.998026
1
0.839537
0.999216
1.09136e-13
3.38925e-21
4.78097e-24
0.000120136
3.87187e-11
0.999701
0.99858
5.39735e-07
1
1
0.988486
2.1186e-14
2.58139e-11
0.999998
4.24933e-13
1
9.04502e-13
4.52586e-23
0.000115842
0.999924
1
1.94017e-29
0.954927
0.990113
0.999951
1
0.403643
8.0928e-08
1
0.994852
1
3.40209e-14
6.37382e-13
0.900275
1.09503e-17
2.3288e-12
0.999095
0.997351
0.000769747
4.08489e-06
3.16312e-10
0.999881
5.73699e-08
0.000633285
0.999997
1
5.70827e-23
0.999581
7.14905e-30
2.36256e-18
0.76237
0.999953
7.74139e-23
0.952717
0.999985
0.999998
2.99283e-23
3.77249e-13
0.999802
2.91161e-08
1.06115e-24
6.42986e-08
0.982916
0.999779
0.209913
3.78597e-18
1
6.51681e-18
2.40517e-28
0.999993
7.60483e-12
0.999953
2.60378e-10
0.705819
0.999998
2.37956e-22
9.39378e-05
1.51906e-21
1
4.41668e-12
0.99995
0.993856
0.999751
1.00785e-20
3.33134e-05
0.999999
0.000278104
0.0277918
2.02181e-29
1.56688e-10
0.99999
3.25257e-16
5.82837e-16
2.60269e-16
4.20308e-29
0.999839
5.75385e-24
0.00360967
0.0359449
4.87263e-20
0.897286
3.30455e-17
1
4.25415e-21
0.000107504
1.16204e-29
5.08044e-11
1
0.999571
0.4482
4.36324e-27
1.91895e-10
4.16329e-09
4.49341e-14
2.90715e-14
0.999942
1
1
0.103576
2.78934e-11
1.49213e-24
1
0.908187
3.20864e-11
2.5572e-06
1
0.999918
0.999999
1.18037e-11
1
0.999838
6.04634e-11
0.999946
0.999782
1.8813e-25
1
3.93983e-13
9.59932e-22
3.50735e-19
1
1
0.999998
0.999997
1.34894e-24
9.97057e-20
0.999723
1.18072e-19
0.994349
0.998716
0.999987
6.14771e-35
2.02141e-12
7.56735e-14
0.998481
1.23574e-06
3.15403e-10
1
1
0.999923
2.5983e-22
0.999599
1.08753e-22
1
0.998855
0.999976
1
3.32109e-19
7.82465e-05
1
9.89348e-10
1
0.98002
0.870069
1.91739e-14
0.999997
0.999999
2.02422e-08
0.996989
2.36846e-18
2.23254e-24
3.7606e-14
1.06329e-09
0.985597
0.999979
0.999989
3.99747e-07
1
1
1
1
1
5.44258e-26
0.999999
6.7457e-16
6.53793e-23
1.53941e-10
1.46642e-09
1.17863e-05
0.999976
0.744763
1.49966e-14
0.999985
0.999943
1
0.999989
1.02373e-21
1.35834e-12
7.52983e-09
4.46469e-11
3.73932e-19
1.16661e-16
0.99858
1
2.03261e-19
1
1.02701e-14
0.773366
5.08779e-28
3.49083e-06
1
6.00722e-10
0.0425557
0.999886
1.50567e-16
1.58823e-12
1.74712e-14
1.50168e-21
7.46479e-28
8.58484e-29
1.1838e-18
0.999999
0.999195
2.01192e-20
1.99693e-22
0.810708
1
2.95383e-14
0.999849
1
4.51006e-10
0.999972
1
0.999582
0.999967
0.999988
1
0.999941
1.2412e-06
8.71593e-18
0.999997
9.31975e-23
0.995237
9.75917e-08
0.999998
0.986214
5.51213e-16
4.49553e-07
4.48655e-09
3.20542e-12
0.000190759
1.05483e-15
1
3.39154e-18
1.1861e-26
0.999997
1.30355e-09
0.999612
7.36312e-27
0.998597
1
0.969996
1.68075e-15
2.93676e-29
1.09348e-12
0.042552
0.995419
0.00446732
1
0.482158
0.999991
4.88152e-05
1.46567e-14
0.777295
0.821757
1
0.998987
1
2.38343e-19
3.82936e-23
9.60677e-27
3.24484e-16
1
1
7.12745e-07
0.999919
4.08798e-06
0.999999
1.99146e-23
0.953321
0.991603
1.27473e-16
1.04074e-11
0.5407
0.99999
0.999969
0.750231
0.00423873
3.22205e-11
0.999362
3.55785e-12
0.00142887
0.849216
0.996101
1.66457e-20
1
0.124423
1
0.2697
1
1
1
1
0.000882878
1.14544e-26
0.000787876
2.07329e-16
0.994474
4.6871e-25
1
1
9.81106e-18
0.999875
1.70501e-33
0.999999
1.95554e-17
5.40045e-15
1.01437e-14
0.994718
0.179132
5.62292e-26
1
4.11556e-05
0.842987
5.66724e-15
1.5137e-21
0.999278
1
2.80084e-13
1.97763e-22
1.75679e-17
0.999951
1.6836e-35
0.0028217
0.198587
2.92294e-06
0.00161167
2.24337e-07
0.00957807
0.000340566
1.84431e-11
0.999921
1
1
1.68594e-13
6.34221e-17
7.67546e-23
2.47615e-12
1
1
0.999996
0.277336
0.950968
2.45989e-12
2.19684e-05
3.51474e-25
3.68943e-14
5.55943e-22
0.999944
1
4.4392e-24
8.86577e-22
1.05481e-18
1
1
8.39725e-28
1.32043e-22
3.91281e-21
1
0.999983
1
0.999998
0.994056
0.000847868
7.54291e-20
1
0.00464575
4.96051e-24
0.00214539
1
1.66228e-07
1
3.97089e-17
3.84804e-12
1.57792e-09
1
4.17738e-23
0.999989
0.999999
1.23512e-06
0.000134481
0.00118876
0.996667
2.68914e-15
1.23941e-24
1.47492e-09
1.94246e-09
0.999175
5.80391e-11
6.83702e-11
0.961452
0.999706
9.7749e-18
0.999881
1.09444e-24
6.63972e-16
2.22342e-17
0.999857
1.30354e-15
1
0.999956
0.321715
1.25194e-15
1.36392e-26
2.18333e-22
1
6.08881e-17
1
1.06585e-07
1
0.99878
1
2.71745e-18
0.907499
1.34146e-14
9.80934e-18
2.30043e-17
7.07385e-17
0.999994
0.00432314
0.000414938
1
1
0.999982
1
1
6.49579e-15
1.29159e-22
5.47999e-15
5.92099e-15
1
4.5518e-15
6.11566e-21
1
0.99986
0.999946
1
0.955876
0.538238
2.81672e-34
1.02171e-11
1
0.303652
1.4419e-14
1.42021e-17
0.472746
3.94245e-11
2.9115e-29
0.999993
0.999999
2.44496e-21
1.94452e-09
0.957318
0.999946
1
4.35375e-09
4.25962e-05
0.999976
0.0566085
1.74228e-06
1
1.71405e-20
6.25372e-12
0.0968748
4.57109e-13
0.876289
0.000986906
8.81951e-18
1
2.49361e-12
1
3.97647e-22
0.997083
1.22372e-22
8.21007e-15
0.046651
5.18122e-19
2.19383e-19
0.645008
5.36633e-07
1
8.26949e-09
1
1
0.999999
3.99942e-23
1
0.0835203
9.78543e-23
1.83941e-15
1
9.65781e-27
1
1
3.39259e-18
1.41714e-10
0.997679
1.4828e-05
1.40595e-06
2.97939e-29
0.999792
0.906468
2.09964e-21
1.09212e-21
0.999981
0.999998
1.19393e-14
7.20685e-23
0.00450169
0.0139027
1
4.20396e-32
0.992453
0.988154
6.08094e-24
1.80076e-10
1.98607e-08
1.84231e-15
1.54768e-18
0.999961
2.65312e-07
1
0.999628
1
0.999982
3.80407e-07
1.20673e-29
1
1.53266e-23
0.999545
7.62524e-10
4.04306e-05
0.996418
1.70369e-22
0.988523
0.999378
1.43101e-14
0.999642
3.46699e-16
0.999845
1.87066e-20
4.21321e-22
1
5.11692e-15
1.06265e-28
1.02376e-13
0.999741
1.59819e-06
1
0.998872
1.32862e-21
0.999989
6.82833e-17
0.000374993
5.24795e-15
1.05255e-23
1.61668e-16
0.00101484
0.999882
8.47595e-16
2.26647e-14
0.398813
0.988682
0.999702
0.99892
2.4842e-30
2.27879e-13
0.181885
0.999981
6.91132e-07
1
3.26879e-16
2.05125e-06
4.79239e-05
1
3.65931e-26
2.89064e-10
0.999192
7.28357e-14
1.50326e-11
0.999963
1
0.991725
0.705711
1
2.28786e-13
0.000144435
1
0.999995
0.985335
0.160499
1.43259e-24
0.99287
4.89648e-06
0.999591
9.62106e-11
1.13979e-06
0.000164784
1.79491e-05
0.999998
8.45239e-11
0.854618
4.81258e-09
1
0.999885
6.58272e-25
8.8956e-18
2.48891e-12
3.31371e-05
9.22017e-12
0.194643
0.0257006
1.0604e-16
9.05263e-17
0.0859433
0.999996
1.51855e-16
0.000321213
3.69427e-11
1.24418e-16
0.55489
2.01419e-22
7.87071e-24
6.43332e-25
0.000181757
1
1.0462e-30
3.54033e-15
5.80687e-06
2.27133e-13
1.93174e-13
5.54713e-21
0.0038998
1.29972e-08
1
1.81149e-15
3.08327e-07
2.00624e-10
0.0148569
4.65841e-30
1
0.955129
1
0.901278
0.996364
0.999913
0.962653
0.998226
2.4728e-31
3.41075e-13
1.60249e-19
2.54533e-11
8.31587e-19
0.0112968
0.0560546
2.0779e-27
1.99855e-25
1
7.08622e-13
0.0697558
1.48626e-20
0.794975
7.91339e-18
4.78803e-25
1.06259e-17
1
1.37619e-06
0.999398
1.07586e-17
8.60376e-15
1.9878e-14
0.999798
6.17523e-10
0.999965
0.889251
2.18085e-22
1.04805e-35
7.80453e-20
1
8.82686e-10
0.999993
0.102739
4.56435e-23
0.999999
0.940708
0.999674
4.36231e-17
1.12324e-23
1.19182e-16
1
2.44244e-21
0.0012061
3.34345e-11
1.80003e-05
0.84474
0.999996
1
2.02351e-20
0.999669
1
5.73518e-13
1
0.999999
4.04706e-23
0.906214
2.34196e-15
1
2.62582e-12
6.67792e-13
0.00021017
0.999996
1
4.30462e-17
2.96264e-13
0.0017375
3.06985e-16
1.03557e-13
0.284038
1.62775e-11
1
5.22229e-06
6.44367e-15
1
0.999845
0.0100124
0.999689
0.999999
1.4356e-10
4.88958e-10
0.718036
8.00149e-30
8.49919e-18
1
9.46242e-18
7.6296e-05
4.85998e-08
0.999999
2.4695e-12
0.999321
0.958981
3.98065e-19
1.91595e-30
0.999406
0.999296
1.18309e-18
1
1
7.71789e-22
1
1
3.87769e-10
0.997409
4.52826e-16
0.52164
2.67649e-14
0.0122713
2.9215e-24
5.75728e-22
2.21422e-05
5.4257e-07
0.999999
1.1649e-17
1
0.999204
1.35962e-10
6.56723e-10
4.3852e-13
2.04235e-16
1
1
0.999998
1.3678e-21
1
1
5.94555e-14
3.62235e-07
0.999996
2.80664e-13
3.44648e-11
0.999973
1.0893e-26
1.01216e-12
0.994497
1.85607e-21
8.94123e-16
1
0.894504
1.66322e-24
1.33427e-11
1
1
0.00607784
6.84556e-21
5.59084e-07
2.4763e-26
2.94015e-15
1.53146e-09
2.04732e-20
0.965672
9.92059e-31
3.23713e-27
0.995829
2.67649e-21
1
0.999986
0.99926
4.1317e-18
1.37814e-06
0.986665
9.11355e-12
5.53253e-11
6.76365e-18
5.48846e-16
0.746626
2.22373e-16
4.24959e-06
8.23919e-15
1
0.978623
1
2.32844e-19
7.83498e-09
3.27635e-12
0.999993
1.72892e-20
0.999965
1
2.72619e-09
5.01019e-11
1
7.90012e-10
1.07853e-22
0.975802
4.81393e-07
1.44531e-10
1
1
2.09779e-06
1.80631e-11
0.0162622
0.999992
8.75793e-13
0.999999
0.999921
7.33737e-12
7.40477e-12
4.25339e-22
0.999999
2.81311e-26
0.138032
0.979015
0.968363
0.00760457
0.999404
1.43871e-06
0.999999
4.49437e-23
5.85827e-28
0.928068
0.0130271
0.0877769
0.997445
0.999094
3.72252e-06
1.81442e-25
2.62211e-24
1.19933e-16
0.999997
1
3.00127e-15
8.03689e-11
7.03825e-06
0.987165
1
9.57213e-19
1.35181e-09
0.000728349
0.999109
0.00378965
0.545763
1.11702e-31
0.00109611
1.29311e-25
2.74832e-28
0.999903
0.919552
6.19981e-33
1.06208e-14
2.92971e-07
0.929797
5.14811e-29
4.01072e-05
2.99277e-12
1
0.994147
1
4.11391e-08
0.99901
1
8.23246e-16
1.65792e-23
1.44909e-16
3.12747e-13
1
0.999976
1
1.45475e-09
1
0.99895
0.251976
1.22731e-24
2.64055e-23
0.988192
1
1.68929e-18
5.10388e-07
6.74091e-15
0.999983
0.99256
1
0.000367555
0.0140835
0.138968
2.01766e-08
4.69619e-16
3.55513e-13
1
1.28864e-17
0.999995
0.999979
0.00332571
1
1
1.19054e-24
7.0819e-24
7.31594e-11
0.347138
1
1
1
1
0.999746
0.996514
1
2.12849e-19
1.2332e-22
0.000265109
1
2.14916e-26
9.74399e-12
0.999998
2.62877e-13
1
3.66613e-18
1.19697e-13
0.999996
0.14679
0.960499
2.40816e-14
2.42738e-06
8.63126e-14
0.999316
0.999693
0.940681
1.63362e-05
2.9141e-18
1.9408e-08
1
0.998343
0.924358
6.05769e-13
1.08229e-27
0.00961316
9.04814e-24
1
1.17963e-30
0.000287187
1.84119e-37
1
1.13989e-17
1
7.70529e-18
0.999684
1
0.986613
2.66234e-19
0.999998
1
1.20705e-11
0.687092
1
1.25414e-25
0.00103522
0.845517
0.0176009
4.56042e-23
0.999823
0.761288
2.93233e-19
0.950845
0.999996
0.999855
6.32938e-13
9.64788e-32
1.89943e-12
7.30596e-20
0.999972
8.96497e-22
0.999989
0.999999
0.999982
6.92368e-11
1.10511e-12
8.16638e-21
0.659079
8.35912e-21
0.988947
0.999886
2.56507e-15
0.999568
1
0.000266732
1
1.07959e-24
0.999715
0.999952
1.35954e-14
7.47154e-21
3.5917e-15
7.6979e-10
2.46637e-34
0.822299
1.11059e-25
0.998053
1
1
1.77259e-18
8.31442e-16
1
6.17468e-13
4.85105e-09
2.39122e-14
1
1.61535e-10
3.9278e-06
0.999981
6.88781e-14
7.77974e-08
2.88371e-14
1.16731e-17
1
1
6.78011e-15
0.999995
0.999813
0.000426063
2.34817e-10
5.78569e-27
1.63011e-20
0.994076
0.957149
0.999617
3.47327e-13
0.991747
0.963871
0.901554
0.999981
0.999254
2.76479e-17
0.00266839
1
0.999983
0.921226
6.13115e-29
0.997307
1
0.101418
3.05436e-09
3.16589e-17
1
1.9258e-07
1
1.04124e-15
0.996829
1.20513e-24
0.999909
1.22915e-09
1
0.999998
0.99992
3.70257e-13
3.53011e-24
3.87456e-15
2.07419e-23
1
0.992188
0.889587
0.99811
5.92266e-15
5.39516e-21
9.1925e-15
7.73345e-15
0.231579
0.999228
1.23437e-08
8.1515e-21
1
4.53399e-27
0.0259778
1.89972e-22
0.880629
0.999986
0.00133515
0.999378
1
1
0.999999
0.965954
0.992868
1
0.959897
6.39517e-07
0.999926
1.07393e-33
1.81887e-15
1
0.997943
1
6.71565e-17
2.40723e-27
0.813506
0.672609
0.992025
2.17635e-15
0.999746
0.135973
9.62073e-21
0.0232897
1
0.999981
7.83866e-20
0.845754
6.89386e-09
1
8.92084e-21
6.10966e-23
8.50357e-11
1.72589e-13
0.000819161
3.12785e-18
0.000737515
0.999999
1
3.3516e-22
1
0.098387
3.21098e-06
0.999999
1
0.997417
1.92353e-05
0.205126
0.996679
1.37394e-13
5.7403e-17
2.1429e-09
0.700162
1
4.41697e-18
1.51607e-27
3.84408e-22
5.27785e-08
0.999988
4.38214e-32
7.21686e-09
1.63474e-19
0.0117145
2.85384e-15
0.999568
1.38679e-18
1.25423e-12
2.90268e-07
0.425054
3.8058e-28
0.0780288
1
0.999999
1
0.570836
0.948581
9.16142e-20
0.742907
5.22793e-27
8.73987e-14
1.51696e-30
0.999999
1.78329e-20
1
7.3955e-07
1.36137e-15
0.999998
0.999957
0.00788394
3.15123e-10
3.98948e-33
2.16663e-20
3.91924e-17
1
0.000366063
0.0555825
1
0.999871
1
0.999788
0.999994
1.49937e-23
2.57789e-17
3.4374e-26
0.999978
0.00970977
0.999794
0.151483
2.91431e-06
0.983628
4.08462e-20
1
7.00092e-28
0.386074
1.3929e-16
4.1024e-19
1.10958e-15
0.941931
0.999629
1
0.999114
1.04615e-08
0.00683175
0.999997
0.999921
1
0.499294
0.953246
0.773145
1.17077e-14
0.981599
1.012e-17
9.50391e-18
0.997687
0.407582
0.554846
1.63214e-26
1.93234e-15
8.67419e-12
0.00239998
1
6.18406e-14
0.844985
9.44053e-12
1
0.00204805
1
0.999999
2.2464e-16
3.12939e-14
0.479291
0.975506
5.87786e-18
1
3.68594e-28
9.28323e-32
1.76934e-13
3.50736e-25
1.16323e-09
1
1.8403e-24
1.02145e-19
1
0.999979
0.999974
0.997242
2.09832e-08
0.992108
0.962963
1
1.24425e-23
3.0381e-05
0.960127
1.09e-18
0.999012
6.89759e-21
0.059186
0.893287
0.997237
0.999982
0.999998
4.70682e-21
0.993947
1.13594e-22
0.797083
0.999971
0.981987
0.999996
8.19544e-27
1.20279e-21
1.07891e-14
2.88322e-10
1
1
5.42206e-09
1
0.998999
1
0.999998
0.999999
7.84362e-15
0.999854
2.20534e-07
2.30547e-17
6.00416e-13
0.827929
2.01441e-33
2.14528e-21
0.999177
4.65163e-25
0.00190109
1.02697e-19
2.23032e-21
1
3.91599e-12
0.999993
3.19058e-15
3.37094e-08
0.999989
1
1
6.71303e-27
2.25193e-21
0.850397
1
1.82597e-22
1
5.60342e-15
0.999779
1.15034e-16
1
1
0.998613
0.999808
9.90149e-17
3.05883e-17
3.99686e-09
1
1
2.21178e-16
3.18526e-18
1.31086e-16
5.25737e-07
0.999781
4.66936e-32
2.03659e-19
4.8083e-06
0.129526
8.35421e-08
1
4.389e-06
3.97582e-15
1
1.08322e-12
1
1
1.76355e-28
1
1
1
2.48266e-09
6.84288e-19
0.00516353
0.000130386
4.32808e-25
1.73585e-06
0.978073
9.55974e-12
2.58687e-15
1
1.03539e-12
0.999995
1
2.29467e-16
1.80651e-13
0.892625
0.998158
2.20283e-05
1.26287e-17
8.04129e-09
2.38787e-07
8.72692e-12
5.29921e-20
1
3.83135e-11
3.05522e-25
6.33552e-17
0.875497
1.89987e-19
0.000114719
0.990405
0.998816
1
1
6.32373e-06
9.21799e-16
5.29233e-17
3.55869e-16
0.999853
3.57123e-06
2.1979e-23
0.994753
8.58352e-18
2.33921e-11
0.000414962
9.58684e-12
0.330774
4.38954e-09
0.0444314
1.68234e-09
1
2.16332e-12
3.53871e-15
8.58555e-25
7.38006e-33
1.80704e-14
1
1
1.07886e-09
0.000137136
0.600971
1
1
0.999926
1
7.61668e-18
0.999956
0.00952289
2.08788e-10
0.999731
0.999003
2.44545e-25
0.967528
0.999988
7.21549e-17
2.01667e-18
2.95202e-18
0.991516
0.999876
9.06714e-34
4.29614e-26
0.990475
0.999887
1
1
0.999726
0.00285649
7.74876e-05
1.94065e-15
0.694281
0.95981
1.13293e-19
1.137e-14
0.999999
1.09222e-19
1
1.56368e-27
8.78123e-20
2.13069e-07
1.13278e-15
0.999994
0.958218
1.55827e-16
3.84252e-19
1
4.12935e-34
1
2.37711e-18
3.49608e-14
1
1
2.01051e-06
0.999967
0.000212145
0.99999
6.27514e-33
1
0.999569
4.54669e-14
1.52568e-06
1.16738e-30
1
0.350193
0.999981
6.24258e-15
0.999996
1
1
0.0689623
7.90831e-28
2.42926e-06
0.999555
0.999965
0.999485
3.91287e-14
0.999998
0.999609
4.109e-14
0.99996
1
0.999728
2.75733e-13
0.126106
1
2.36465e-11
0.999995
7.52137e-06
1.4639e-27
1.38198e-11
1.35716e-11
2.19393e-18
0.989078
1
0.999928
1
0.0360642
3.99033e-08
0.999988
0.00172154
1
8.27203e-16
1.05907e-24
8.58126e-14
0.99999
2.2275e-20
1
1.81425e-06
3.23672e-08
2.62231e-21
3.46018e-06
1
2.52061e-12
0.999914
0.999959
3.70167e-05
2.53745e-14
0.620214
4.01617e-18
0.114291
1.06926e-24
1
0.122995
7.20698e-14
0.999991
8.94546e-16
1
1.55858e-17
1
1.36249e-06
3.21453e-13
2.05734e-18
0.999859
0.000985884
9.91186e-21
0.0823886
3.26322e-27
0.999655
0.999991
0.0187932
1
7.78665e-14
0.018867
8.45498e-19
0.999999
0.999959
1
3.04598e-21
1.50381e-16
1.46673e-15
0.0319235
4.8982e-15
5.14728e-25
2.18687e-14
1
8.83594e-18
1
0.99867
0.989433
1.72435e-12
3.1129e-14
1
3.50698e-13
0.655096
0.320295
0.000617257
0.999999
1
1
0.000824607
0.999997
1
1
0.000892605
5.09717e-07
1.08366e-30
0.998577
1.51921e-10
0.999998
3.62543e-13
5.81148e-06
4.62343e-27
0.957622
4.05691e-23
5.40094e-13
3.92699e-19
0.997493
7.27295e-06
6.37347e-25
1.06553e-13
0.999974
3.0815e-05
1
3.77354e-23
0.728204
1.0978e-22
3.1433e-20
1
1
7.50802e-22
1
9.26451e-10
0.999926
7.84513e-11
0.999963
9.90359e-05
0.994853
0.999957
1.09387e-17
0.999083
1
0.999999
1
9.94031e-26
1
0.00114525
8.92462e-20
4.72165e-24
6.88826e-19
0.999989
1
1
1.69357e-22
9.75939e-20
1
0.172552
6.67445e-12
0.999996
1.73726e-08
4.27173e-12
4.29584e-21
5.02523e-32
1.6831e-09
0.999999
0.999126
2.85123e-17
0.999386
1
6.93706e-07
9.27204e-26
0.999874
1.24744e-09
0.289781
4.0552e-17
1.37755e-35
7.90813e-21
2.22675e-40
7.99751e-14
1
1
0.999588
8.89479e-25
0.00376932
6.38443e-13
5.28888e-07
8.54728e-26
2.37675e-12
1
1
1
0.999943
1.95858e-30
1.14597e-17
0.334742
1
7.93555e-18
7.01935e-19
1.2371e-21
0.99913
1
0.999547
1
6.89054e-14
1
2.25881e-08
4.07771e-16
0.988214
0.999928
1
0.975034
2.8998e-20
2.65527e-16
6.43496e-08
0.999157
1.26821e-06
1.03275e-13
1.71147e-21
1
0.148417
3.95918e-15
2.07038e-27
0.999999
1
0.993792
1.66842e-19
1.15355e-07
0.999927
1.54607e-16
6.90594e-05
6.37349e-14
1.89615e-13
0.999905
1.66145e-27
1
1.08196e-21
0.725124
1.10711e-19
0.837516
0.00180798
2.07839e-19
3.19723e-20
0.000930121
0.98221
2.59791e-27
7.46107e-14
1.55351e-21
1.28201e-24
0.175955
3.8339e-08
0.999924
4.81342e-12
0.999999
1
3.15846e-25
1
0.999999
4.00116e-11
6.50045e-16
3.67005e-20
1
0.00947112
1
6.10891e-25
0.99424
1
1
1.45203e-10
0.213783
3.44694e-06
0.998087
1.12667e-16
1
1.74766e-18
8.43043e-28
0.999993
0.467517
1
0.999814
0.00201393
1.78163e-25
0.995763
2.90849e-15
6.226e-17
1.6524e-17
1.63585e-14
0.999995
0.999324
1
0.999997
3.24533e-10
0.000115838
0.999991
0.999964
7.2526e-17
7.00077e-07
8.95317e-11
1.69394e-08
2.02935e-16
2.80642e-16
1
0.999999
1
1
0.0229972
0.999996
7.09117e-13
0.0115274
2.23007e-08
1
1.11009e-16
2.26602e-20
1.91055e-26
6.08504e-12
0.12911
3.29174e-18
8.91512e-28
0.000260587
1
0.999987
7.47689e-09
0.996759
9.43715e-33
4.94825e-10
4.93292e-14
1
3.64388e-15
3.02534e-25
0.119953
0.999892
0.999696
1
1
0.999905
0.000103899
0.0590279
1.59094e-09
1.12013e-09
3.32882e-20
0.858653
1.20247e-07
2.05312e-19
1
5.09632e-08
4.05333e-13
6.7502e-08
0.999956
0.99942
8.6364e-16
1
6.32558e-21
1.20769e-20
1.27539e-18
3.06758e-05
1.62123e-07
4.20847e-25
4.30675e-33
1.1481e-23
4.46918e-06
0.228254
0.495421
0.999997
0.999994
0.76784
0.00244085
4.8093e-17
0.999236
0.0935742
2.25647e-26
1
0.999999
1.53646e-33
7.35997e-14
1.16089e-14
0.744219
0.400781
5.62821e-15
0.999799
0.999868
9.68039e-18
1.66129e-21
0.999999
1
0.99955
1
4.06224e-14
5.6273e-17
3.43633e-06
0.991989
6.64049e-08
1.17551e-19
1
0.999941
0.609463
1
0.999577
3.09717e-24
1.17239e-08
1.4051e-22
3.03021e-28
4.48315e-06
0.986649
5.16636e-25
2.37008e-22
0.999954
1
0.999831
0.0117244
4.99481e-09
9.56854e-06
1.00985e-21
1
1.82635e-30
0.999999
3.12003e-05
1.34502e-19
4.43644e-17
0.999829
5.98956e-19
0.000786614
0.999999
1.60371e-05
1
4.31763e-22
0.999982
0.999997
2.54431e-19
7.7359e-23
6.3772e-14
1
0.954992
2.21365e-09
3.04187e-14
0.999773
0.999998
1.13127e-13
3.36543e-21
3.01651e-09
5.75321e-18
1
1
0.999995
2.07852e-15
0.999999
8.3317e-23
0.999997
3.45997e-16
0.710659
0.0129232
8.85227e-18
1.3377e-22
1.63581e-25
8.89394e-13
0.999976
1
1
1
7.66809e-23
6.10768e-09
1
1
0.999745
1
0.999998
2.30315e-28
0.902478
0.999885
7.44396e-26
0.963767
1
1
1
3.11031e-09
0.998325
2.04172e-05
0.999999
0.999997
0.975487
1.46031e-24
1
3.31146e-11
0.999995
0.980884
1
0.151089
4.20147e-13
0.999995
1.34675e-14
0.771718
1
4.11745e-08
0.0680566
1
8.82878e-15
1
2.05568e-12
2.07576e-07
0.00231406
0.998753
3.86429e-14
0.999999
1.9059e-12
1.57785e-13
0.999975
1
1
0.0485534
6.32197e-17
1.46786e-07
0.999998
1.99162e-20
4.41275e-09
1
3.27776e-13
1.09177e-21
0.999346
3.48875e-05
0.0239491
1
1.40993e-19
6.06475e-05
0.987726
6.00063e-20
1
0.999991
0.999993
0.996648
0.999075
1.31428e-30
1
4.86989e-18
1
3.63695e-12
5.4765e-16
0.243311
0.999998
0.948752
0.999999
1.00906e-21
1.07642e-20
3.09513e-09
0.996481
7.28323e-27
0.990142
1.07138e-06
0.998801
0.999967
0.999792
1.86914e-30
1.79186e-14
2.9228e-18
0.999816
4.76292e-22
0.000868998
1.66419e-28
0.0250395
0.999996
0.998845
3.609e-10
2.09548e-09
0.99639
0.59781
0.999815
0.983223
0.00182138
0.967049
7.20531e-18
6.60019e-06
1
1.35268e-21
2.3461e-05
0.999999
0.999905
4.81078e-29
0.00310573
1.05892e-24
0.999655
7.0875e-10
1
6.73054e-35
0.00393184
1
5.9372e-33
8.73865e-21
1
2.60355e-21
2.09729e-19
0.945386
0.999622
5.49112e-22
0.999996
3.64416e-12
1.72233e-21
4.24361e-16
1
0.675812
1.75638e-22
4.49617e-25
0.771373
0.0691553
0.999672
5.67831e-13
7.71059e-12
1
0.000316044
0.980967
1
0.936505
0.998443
4.90952e-11
1.84004e-15
2.86908e-17
0.999878
4.75744e-14
4.13681e-25
2.56406e-16
1
3.98359e-13
0.992957
1.39384e-21
0.999988
0.000823157
9.67227e-24
0.999476
2.35508e-17
1.69118e-08
0.57783
2.30113e-18
1.84341e-17
0.999987
1
1
0.000202428
0.997097
4.76784e-23
1
2.28451e-09
4.51374e-12
1.42368e-21
2.97963e-16
2.53726e-18
0.999981
0.999896
6.05718e-34
0.999994
0.0861184
9.92927e-06
1.29695e-18
0.995771
3.56893e-23
2.47311e-25
0.999997
0.975146
1
7.06337e-21
2.55123e-10
2.01361e-07
4.73796e-22
5.54036e-21
0.0522675
0.999987
1.42794e-18
0.215632
5.83428e-26
0.909328
6.99264e-23
1.61573e-26
4.29467e-05
1.57884e-07
1.39366e-10
1.28216e-08
1.06402e-15
4.0359e-10
5.5203e-10
0.067535
1.12618e-24
1.22153e-05
2.33937e-23
1
1.16423e-16
7.97402e-20
1.08999e-09
1.23708e-05
0.79411
0.999996
1.77073e-08
1.10213e-07
0.999916
7.48466e-15
2.80668e-20
9.61449e-05
0.00277978
0.0031045
0.999999
6.84868e-18
1
5.7747e-16
0.0488086
1
2.14415e-18
0.000170109
0.987258
0.280041
0.966491
1.73703e-14
1
1
1.11149e-16
0.994853
4.91212e-22
1
5.8449e-25
4.75416e-16
0.824739
2.08681e-10
1.02383e-12
4.52228e-19
1.73272e-19
0.999938
1.84582e-21
4.88994e-34
1.32471e-18
1
0.999313
5.75273e-12
1.4176e-12
1.62502e-18
0.95661
1
0.000340634
1.84365e-21
0.000110326
0.000251787
1.0298e-26
1.60521e-18
5.77608e-14
5.34836e-05
4.96883e-21
1.25574e-17
5.41699e-25
0.980437
1
0.999898
0.99323
1.80376e-11
0.948596
7.79113e-05
1.02035e-18
5.79294e-08
0.0137804
1.43636e-08
0.211282
5.91014e-19
0.999813
0.971543
2.59907e-14
0.852371
1
1
1.93012e-06
3.0596e-24
3.01156e-13
0.999222
3.18926e-18
8.92234e-26
0.475952
3.91918e-16
6.29747e-06
0.712735
0.999467
2.30668e-35
0.000871799
0.083472
9.82046e-18
0.999132
4.41675e-12
4.83613e-22
3.00959e-22
1.75865e-23
0.999994
1.70032e-16
4.69201e-22
2.22278e-12
1
0.999647
7.70666e-06
0.998891
4.36712e-21
2.47771e-10
1
0.999987
1
1.21923e-18
1
1.48855e-16
1.03267e-05
3.84395e-29
5.48542e-10
1
1
4.26899e-15
1
2.58444e-05
1.87396e-16
2.33005e-12
4.1788e-15
0.999821
1
0.861947
1
5.11321e-08
5.02558e-27
1
2.84414e-33
4.61796e-17
1
1
2.12697e-24
4.95202e-17
4.77303e-20
0.999027
0.994847
0.00045568
0.00614303
1.35912e-11
1
9.24314e-21
0.999997
1.50057e-14
4.60458e-19
0.999998
1.94755e-26
0.999933
0.0119267
0.99998
1.06331e-09
2.0715e-33
0.0611447
0.954872
6.12244e-18
0.0392004
0.690318
2.0248e-13
1
2.82566e-05
1.64138e-14
3.47944e-24
0.999853
0.999979
1
2.9093e-05
1.73846e-30
0.999993
0.183711
0.993095
1.87908e-07
0.0680021
0.746513
6.15702e-22
1
1
5.50382e-18
0.12547
0.997679
0.997031
1
1
9.62938e-10
0.889374
6.43581e-10
4.0352e-19
2.92718e-29
0.999998
0.999394
0.00128603
1.95403e-20
8.36659e-40
1
0.999998
0.999257
0.999988
0.999974
1
8.78393e-23
3.33863e-12
7.58827e-22
0.186039
5.4748e-18
0.900541
0.999427
8.54206e-07
0.932987
1.19032e-06
1
0.999966
0.999737
1
0.720281
8.50207e-19
0.999931
2.3523e-17
0.999836
1
1.91868e-08
0.00812207
1
1.02847e-20
9.69971e-08
1.64524e-11
5.03404e-22
4.42719e-16
1.21998e-16
2.01103e-15
7.13682e-14
2.27477e-17
0.999992
1.05253e-07
0.815242
0.830106
0.999968
0.999936
0.998901
1
8.74312e-22
1
5.52648e-17
6.91908e-33
1
0.000620559
1
0.999996
0.521332
1.97433e-16
4.11245e-16
0.954554
0.273849
1
1
0.999999
4.6185e-17
4.26516e-10
2.63933e-16
0.999937
0.994683
0.999997
0.999155
5.29953e-16
0.999999
2.79518e-18
0.999691
1
0.999999
2.11493e-24
0.999994
2.08239e-23
0.998697
1
7.4622e-10
0.993139
0.999967
6.65669e-22
1
0.997864
0.999862
0.900079
3.29552e-20
1.08988e-19
1.00394e-20
0.999999
1
2.6857e-13
5.84349e-08
4.0521e-23
8.96445e-13
0.96629
0.000992486
0.919259
0.999998
3.3851e-09
0.962537
1
1
2.01421e-08
1.16326e-06
1.48296e-14
0.0922493
0.965838
5.59556e-29
0.96979
5.2009e-28
8.29652e-05
1.76682e-05
0.9999
3.6783e-26
0.000770121
8.66317e-22
1
2.01681e-18
8.37592e-18
0.99445
3.39975e-15
8.84415e-30
0.997809
0.274904
3.04237e-21
0.995232
0.0190201
0.999999
4.02121e-10
0.999988
0.992045
0.999891
1
1
0.999956
4.93097e-21
0.999883
5.66544e-18
2.96172e-20
8.96145e-22
1
1.31736e-07
1
0.999999
0.999996
0.821508
0.999584
8.21532e-12
1.13679e-15
5.48072e-23
0.0368639
4.38363e-19
0.998558
1
0.514542
8.35923e-18
7.845e-09
2.6113e-30
4.40114e-17
2.26768e-16
0.979249
0.999956
6.10558e-07
0.999775
0.00119117
7.28899e-11
0.0371895
0.463912
3.44144e-21
4.63713e-11
0.999963
5.36903e-26
1.40654e-18
1
8.46673e-09
0.99935
3.02581e-16
1.11746e-22
0.994466
0.0743928
0.208783
0.999998
8.46675e-22
0.995267
0.999988
0.191766
1
4.40672e-16
8.90354e-40
0.994763
0.999979
1
1
0.995691
6.02747e-18
0.999926
8.06517e-22
1.47699e-14
9.58075e-19
1
0.0050332
1
0.999201
1
1.44636e-11
0.999997
0.999957
1
0.990048
0.970611
1
1.37899e-13
1
0.999892
1.21651e-06
2.80102e-07
4.11585e-06
4.57233e-10
0.999999
0.840127
0.999993
6.03848e-07
5.06779e-13
1
5.17051e-11
3.15629e-07
1
0.919469
2.72073e-22
0.624405
0.999969
0.528143
3.07835e-06
3.32355e-26
1
0.994339
1
1.01975e-15
5.8674e-24
0.149628
0.941114
0.999999
1.3274e-22
1
1.85476e-21
1.24273e-23
0.999999
3.01601e-14
2.60223e-15
1
0.99998
0.00896129
2.12481e-21
0.0116174
0.999168
0.00271072
1.60467e-24
0.999908
1
2.7623e-29
0.478352
1
6.09436e-13
0.99999
6.81304e-10
5.53474e-09
0.999478
0.0534995
1.42683e-06
0.910254
5.81069e-08
3.05241e-07
1
0.00671036
0.882939
8.68711e-05
1
0.110092
0.999973
9.94618e-09
8.4455e-20
1
0.998395
0.00029119
3.12499e-15
1.11599e-35
7.20514e-27
0.999998
0.999999
1.1553e-26
7.94472e-09
0.723435
1
0.962329
1
2.34137e-19
1.90997e-07
1.48473e-10
9.90299e-09
1.6779e-07
2.99047e-18
3.6647e-08
1.87545e-07
2.75168e-16
8.40415e-17
5.97363e-07
6.52773e-26
1.02125e-16
0.989658
1
1.82965e-13
1.53578e-28
0.0113951
1
1.53739e-07
0.999975
8.42023e-16
1
1.97562e-31
4.14772e-19
3.83379e-15
0.999982
4.80176e-28
0.999965
1
0.00676071
0.00229119
1.91782e-05
9.24021e-05
0.999962
1.46575e-09
0.123514
1.45257e-26
3.30642e-13
0.999999
0.999956
2.07915e-28
1
4.18165e-17
0.362124
0.997725
0.999952
3.76615e-29
4.8213e-15
0.999998
0.999998
0.999987
0.999957
0.929257
1
4.89826e-14
1.39565e-05
0.0279665
0.998407
1.53125e-08
0.997646
1.67323e-09
0.660651
0.99998
4.2611e-15
5.10526e-24
0.999466
1
1.86163e-20
1.42055e-12
1
0.997078
0.124491
1.46171e-24
1.53401e-19
2.17103e-08
0.000560042
0.000392706
0.00107543
0.949138
0.999993
1
1.8161e-13
3.60709e-21
0.998605
1
1
4.39501e-15
0.952246
0.0364785
0.999958
2.22788e-22
3.52297e-13
2.83247e-20
0.999912
0.999985
1.28039e-13
3.85758e-23
0.993059
7.70778e-09
4.28893e-21
1
1
0.162756
3.4849e-05
0.999301
0.654247
0.996049
0.999992
1
2.37246e-06
0.999735
0.999476
0.894856
2.15189e-17
0.931857
1.21335e-17
0.99997
0.0105104
1
1
0.0160031
1.71108e-05
1.57494e-12
0.546936
1
5.83524e-15
1.23878e-07
2.99209e-16
3.51564e-08
1
0.992008
0.970163
0.208445
0.999929
1
0.999965
3.31476e-14
7.82153e-07
3.48021e-13
2.06864e-25
9.619e-11
1
0.997989
5.24575e-22
0.999175
1
0.63489
2.3326e-10
1.84542e-22
1
1
5.96078e-16
0.99999
1
1.67145e-08
1.22677e-16
1.1003e-19
0.998755
0.9899
1.10824e-29
5.88476e-13
1
8.04203e-06
1
0.999982
0.999999
0.00208103
0.000453445
6.45329e-15
6.37907e-25
1
1
1.6594e-15
0.999708
0.000198091
0.9999
1
0.585041
4.78292e-18
1.53725e-22
1
6.46817e-24
1.5112e-17
1.43961e-06
2.37011e-24
0.999988
7.50752e-07
0.999303
5.05071e-17
1.12381e-28
0.996578
7.16271e-09
0.0115294
0.549386
0.999369
4.25346e-20
6.21313e-08
2.9219e-24
0.999256
1
7.84103e-12
1.78069e-21
5.47431e-15
1.4998e-14
0.999999
0.999919
6.49369e-23
8.04984e-13
1
3.05493e-22
0.999999
1.17265e-17
2.60849e-18
7.24631e-20
0.999993
9.43083e-16
0.996242
0.999938
1
2.09976e-15
0.999941
0.00065906
1.27996e-20
4.27016e-12
0.999908
1
0.999675
7.41099e-16
0.999999
0.881725
2.52541e-25
8.80579e-18
0.999755
1
8.97422e-05
1.05284e-10
6.57099e-13
0.999999
1
0.00979757
5.6811e-30
0.70172
0.985728
3.18913e-13
1
0.823562
1
1
0.000198712
9.08005e-14
3.79023e-16
0.999836
0.999963
4.82133e-26
0.0401106
0.00113924
4.00693e-18
1
0.785178
4.63834e-18
6.03184e-20
0.999167
3.91782e-23
0.000529701
1.78186e-14
0.999999
0.999998
2.01157e-20
1.48515e-06
1
0.995211
0.99671
0.999985
0.999061
0.993493
1
6.17931e-20
3.54979e-05
2.69998e-13
1
1.82813e-21
1.76499e-20
4.13726e-21
2.92722e-18
1.18225e-21
1
2.95872e-20
0.999995
6.64666e-17
3.47215e-09
0.999981
3.45053e-12
0.450427
0.999961
0.999999
0.0308084
1
0.998926
0.990971
1
1
0.999923
0.999623
9.88194e-19
3.03533e-17
1
3.28205e-08
1
0.825547
6.97065e-13
2.11879e-17
0.995083
0.98096
2.23329e-20
4.01458e-17
8.2167e-26
0.178423
2.46013e-24
4.45098e-07
1.29846e-08
0.657821
3.82201e-18
0.0482491
0.999997
1.58751e-23
3.03025e-07
0.999813
3.81078e-16
0.568411
1
0.999969
1.81532e-30
7.25642e-25
8.50614e-09
1
2.20566e-08
0.999933
1
0.998996
2.08695e-22
1.0973e-22
4.52434e-13
1
1.74904e-08
1.61231e-19
0.0226904
0.989315
1
0.999983
2.30373e-28
1.65794e-21
1.40197e-05
0.900304
9.1817e-12
2.22495e-26
5.22851e-29
1.33938e-19
0.993751
1.99518e-27
0.999853
0.999997
0.998388
3.88625e-21
3.58399e-16
7.80809e-15
1
0.998934
3.6153e-16
1.10836e-16
1
0.99993
1.77451e-25
1
0.998973
1.06366e-22
1.0116e-21
5.64332e-24
1.52481e-20
5.19303e-12
3.5343e-05
1.09531e-25
2.63119e-25
1.06643e-29
0.999997
0.0103507
0.999997
5.18683e-21
5.30874e-19
0.458503
8.83862e-11
3.68791e-24
0.999998
1
5.92446e-05
1
1
1
1
1.02658e-09
7.41262e-18
3.06495e-26
3.05454e-05
1.05591e-28
1.25533e-21
0.667482
0.999993
1.47399e-07
0.694235
0.691986
3.87304e-14
0.371418
2.79151e-17
0.0544985
1.81158e-17
1
7.77785e-09
1.98507e-14
1
1
3.23288e-24
0.999999
0.999953
5.90114e-25
4.8074e-09
8.0817e-09
1
1
5.26731e-18
0.99998
0.920316
1
1.35712e-07
0.879472
3.66907e-24
0.0180299
4.2169e-11
3.80524e-24
2.78133e-21
0.890994
6.83062e-08
4.23759e-18
1
1.24238e-23
0.44194
1
0.467418
1
1
4.40524e-19
2.85379e-20
4.08894e-18
0.999705
1
0.99975
1.55525e-25
6.75586e-18
0.0255488
1
3.03957e-23
1.04907e-23
6.43176e-23
0.272623
0.999612
0.999998
8.55786e-17
2.57747e-24
0.999995
1
1.19681e-26
1.37148e-27
3.76866e-13
0.999857
0.969718
0.957733
5.64091e-23
7.1641e-21
0.999988
1
4.40539e-27
1.57763e-21
0.99512
1.98317e-21
4.0116e-17
0.987063
0.999996
5.45139e-26
0.00040788
2.84123e-24
1.66157e-11
0.999956
1
6.13485e-14
3.30488e-24
0.999982
0.931057
5.20833e-25
0.999838
1
0.978074
5.12767e-22
3.19616e-22
2.68683e-24
4.59488e-12
0.999991
1
1.2606e-24
1
0.999999
0.999599
0.00285653
1
0.999954
1
2.08561e-26
1
9.14015e-07
1
6.10616e-25
1
2.70536e-29
1
0.635295
6.48574e-15
0.989952
2.76442e-27
1.29425e-19
1
1.22478e-21
5.177e-12
0.0159364
0.99996
8.60995e-24
1.21233e-25
1.09456e-20
0.469765
7.755e-20
0.999795
0.999922
0.986639
0.999997
4.90614e-05
0.382964
8.00027e-11
0.999812
4.3428e-27
0.999907
1
0.848042
6.80685e-24
6.13374e-22
0.999996
0.999384
0.999056
1.1882e-25
1.07766e-24
1.32593e-19
0.000197889
1.08433e-32
0.99994
2.1974e-14
0.000530358
1.14438e-07
0.112369
2.44171e-07
0.999961
1
6.95653e-25
0.999897
2.27242e-21
1.13433e-25
2.04494e-06
0.00569818
0.999999
1.02112e-23
9.17245e-05
6.2766e-08
0.964853
1.34852e-17
1.05112e-28
0.999683
5.92166e-26
0.999995
1
0.000113996
1.03201e-17
7.01957e-26
0.974383
1
1
4.00347e-12
7.95023e-14
7.51544e-06
0.999964
0.00332663
2.16532e-14
0.00059214
0.998656
1
1
2.05897e-14
1.91153e-24
0.603935
9.36583e-06
1.14934e-11
5.09072e-09
0.968845
3.31233e-14
1
1.53897e-19
4.06582e-11
1.83771e-26
0.999954
7.01071e-19
0.999989
0.999987
6.49063e-25
1
1
0.00356554
3.22056e-11
1.48327e-10
0.000127736
0.117009
5.74312e-18
1.31109e-09
7.22941e-23
0.939455
8.61766e-21
2.13703e-12
1
3.77203e-11
2.92962e-26
3.48733e-18
0.99988
0.155704
1
1.13976e-14
0.575261
0.000368119
3.93928e-13
1
0.960078
1.91283e-09
4.77059e-22
1.641e-18
1
1
0.0152343
0.785526
1.21481e-11
1.03767e-18
1
1
1.55232e-11
8.04931e-15
0.642003
4.75659e-18
0.999957
0.998949
0.251455
7.86434e-17
0.8256
0.999958
1.66742e-18
0.999333
1
0.696467
1
4.85019e-13
1
0.99999
3.57967e-12
1
0.00021617
1
0.000398416
1
0.0684245
0.999942
0.999795
5.94458e-18
5.21667e-05
1
1.14792e-11
1
2.49479e-21
0.999999
0.984292
0.999999
2.51765e-18
1.52384e-20
0.998599
8.01993e-05
5.88482e-25
0.999991
0.999995
0.390188
9.20956e-28
3.54899e-20
7.73519e-12
0.999999
0.995549
1.24353e-19
2.22116e-25
0.999999
2.7013e-07
2.08717e-22
3.68915e-22
4.85383e-18
1.5803e-24
1.80604e-12
4.45777e-36
0.181746
0.01556
0.999998
0.99992
1
4.28862e-21
1
2.09255e-16
1
1
1
3.0547e-08
0.999999
0.999998
1.17918e-14
3.36229e-16
0.000223355
0.629833
1
0.000150719
1
0.999994
6.50584e-28
0.999182
2.12976e-05
1
7.6182e-16
1.35145e-12
8.32057e-05
5.39347e-10
1
1
8.97648e-09
6.96627e-20
0.999954
6.0333e-24
1.17871e-16
2.13558e-20
3.04861e-16
3.25366e-18
4.71828e-15
8.01154e-23
3.64129e-12
2.87277e-17
0.999998
4.39496e-07
1.07261e-11
1.16779e-17
3.75022e-24
2.45047e-08
2.19412e-24
1.57124e-10
4.24573e-27
0.999709
1.26366e-13
1.05012e-21
0.999995
0.99984
0.999993
0.850127
1.17442e-26
4.26985e-07
0.999866
1
1
5.2413e-07
4.53652e-23
0.000294184
0.595103
0.000899947
1.42037e-21
1.37624e-14
0.999997
1
1
9.89442e-08
5.81318e-14
0.381829
4.62159e-13
0.960276
1.29648e-25
1.30238e-13
0.999984
1
1
6.58643e-08
5.7608e-14
4.83918e-08
4.42644e-15
2.18549e-05
1.41626e-20
9.21582e-07
4.7347e-25
0.99994
1
1.72281e-13
1
1
0.998269
1.4623e-07
9.827e-21
8.66777e-13
1
0.0531196
1
0.999977
0.997075
4.15762e-20
0.00037598
1
3.64471e-05
1
5.30867e-12
3.52471e-17
0.999817
1.53399e-08
1.51621e-07
0.548465
3.94205e-16
0.999878
8.80176e-18
1.76009e-23
0.999978
1
0.13078
0.421537
1.23088e-19
1.91035e-25
0.038687
0.994132
1.40603e-17
0.176978
6.56645e-14
0.970702
0.999998
0.988668
1.43965e-34
1.95054e-28
0.0405917
6.32183e-16
3.11282e-20
1.10528e-13
0.960446
1.82371e-08
1.78012e-07
3.12295e-10
2.3884e-05
0.999992
0.00238306
0.0077687
2.89788e-18
2.03949e-24
4.48926e-19
4.66614e-31
1.70925e-24
0.993861
6.46231e-05
0.999825
2.38429e-06
4.57687e-09
0.999998
0.998415
0.514359
7.94231e-17
0.0218312
9.23127e-19
6.71175e-09
0.999958
1
0.00533163
4.97946e-07
0.00716381
7.38615e-15
1.8855e-16
7.73441e-27
4.97229e-17
0.0248751
0.0297706
0.999135
5.23302e-19
5.45184e-07
2.23036e-08
0.0212474
0.0639399
1
1
1.30108e-15
1.1604e-21
1.41106e-05
1.58936e-26
0.984275
1
1
7.34691e-20
1.6658e-27
0.865266
4.01803e-06
0.343561
1.56621e-16
4.71149e-06
0.999967
1
0.999921
1.73728e-07
0.0304778
5.71589e-05
0.996899
1
0.29362
7.89215e-15
1.18577e-18
0.999996
1.39008e-05
1
0.110042
1
0.993531
2.66249e-16
1.12902e-11
0.999853
1.31642e-10
2.84374e-27
1.50598e-18
1
0.979641
3.55207e-19
3.24918e-21
0.0654245
1
0.000198554
0.323883
8.01189e-05
1
2.4646e-15
1
0.999994
1
2.97811e-11
1
4.02057e-12
1
0.175455
1.00416e-20
2.02781e-16
0.999786
2.17032e-13
4.4627e-11
1.72389e-19
1
4.44868e-20
1.90196e-19
0.990027
4.73283e-23
1
0.632246
2.75655e-21
0.998876
1
3.6387e-24
0.0222705
3.82329e-27
0.999613
0.998878
0.999999
1
0.0111203
1
1
1.64055e-22
0.000526607
6.2937e-25
1.90028e-05
0.997939
2.53608e-22
0.41169
3.40311e-22
1
0.967926
1
0.814769
7.72787e-17
6.59992e-25
0.99517
0.999994
2.23384e-17
9.53923e-16
1.04843e-17
0.999837
1
2.49007e-08
2.66778e-20
1
1
5.04414e-18
3.22282e-11
0.999533
0.999982
0.998676
0.0179237
0.999988
1.09327e-11
2.59708e-31
1
1.04096e-11
0.468122
9.55938e-22
1.25428e-08
0.0597877
1
5.82123e-07
3.69126e-12
1.01008e-12
0.999942
1.31655e-09
1.81543e-08
5.03619e-06
0.999999
0.993572
8.34108e-05
0.787651
2.20477e-10
0.999115
5.3364e-09
0.00174777
6.22651e-15
1
7.5246e-07
0.999979
0.0125027
0.911259
5.01252e-20
1
0.999693
5.8645e-23
0.016281
4.4712e-19
1.20588e-17
8.06365e-19
1.23462e-08
2.78187e-26
0.999763
0.999951
8.4177e-12
1
1
2.64776e-09
9.04561e-06
0.99996
0.999998
0.836134
0.00128695
0.999919
0.993048
3.59413e-15
0.99991
1.3118e-15
5.28242e-05
0.999998
1.95742e-14
2.03191e-05
1
0.999998
1.27483e-21
0.985377
0.999991
1.20345e-16
0.997965
3.96872e-17
4.42207e-10
0.566605
0.999175
0.000458996
0.999991
0.418013
4.2629e-06
1
7.09367e-21
0.243859
1.73098e-17
1.54255e-10
0.729013
1.06205e-07
8.95365e-09
0.999976
0.989973
0.999983
1.43438e-24
4.61529e-18
0.965312
1
4.07443e-18
0.0893497
0.999772
0.999999
2.05214e-19
9.41156e-16
0.895284
1.2647e-29
1.34302e-21
0.861974
1.02541e-07
0.999747
0.00669963
0.851302
4.5106e-11
1.89482e-16
9.61158e-13
0.999944
0.939629
3.04035e-28
2.71906e-09
0.999999
0.366897
1
1.32284e-25
1.58331e-23
3.42375e-11
0.264649
1
6.77618e-17
4.91173e-10
0.999989
1
2.84278e-06
1.15404e-25
1.74914e-22
2.7803e-10
0.999959
2.05988e-09
1.70103e-08
4.33984e-05
4.05895e-06
8.79884e-26
1.26999e-21
2.71618e-07
0.706703
1.94673e-17
2.61493e-23
0.999977
3.22688e-21
1.0856e-25
0.000311505
7.43346e-18
1.47611e-24
0.995795
5.93534e-25
0.999713
3.78497e-23
9.96754e-18
1.37883e-27
2.14745e-20
0.111808
0.999415
2.282e-15
3.78675e-21
2.61848e-27
0.999984
0.905065
1.46814e-22
0.999997
0.860149
1.72977e-20
0.750267
1.20139e-07
4.88565e-24
7.45037e-20
0.979324
1
6.78478e-20
0.13637
0.00268397
3.86847e-17
2.13763e-08
0.964878
0.999999
0.984785
0.999442
0.676056
0.279812
1.47021e-08
0.999991
1.14044e-12
0.99991
4.133e-10
5.00706e-18
1
9.45704e-08
2.54647e-22
0.879536
2.11331e-20
1.4564e-09
0.178895
0.999996
1.44668e-20
0.999999
0.968059
2.45681e-23
2.74674e-05
1
0.0163116
2.57385e-19
0.964623
0.998687
0.0205814
0.0926325
4.30685e-28
3.88355e-07
3.75735e-19
2.7909e-18
0.105165
7.93474e-30
1.0087e-24
0.999988
1
1
2.25278e-19
1
0.99999
0.999999
0.232563
0.51443
1.7089e-34
0.999994
3.80975e-18
2.92496e-07
3.638e-09
0.999362
7.96135e-05
0.999932
0.999997
1.70012e-16
0.999979
0.999992
0.999804
5.03873e-20
1.21889e-24
1.81445e-07
0.935158
0.0777661
7.32299e-24
2.69961e-12
1
1
6.78495e-16
3.7025e-24
1.95073e-19
0.500889
0.989095
5.73389e-13
2.36653e-29
1.36235e-12
0.999971
1
9.73946e-05
2.28844e-24
7.04731e-20
1
0.989869
5.55858e-14
1.32918e-29
0.999997
1
0.997299
6.07878e-25
1.92249e-05
4.53809e-14
0.999988
3.94402e-13
8.88217e-18
0.999091
3.72669e-19
1.0122e-06
7.78355e-06
0.99989
0.989978
0.0221716
0.933897
0.999995
0.999867
1
2.41948e-30
0.392078
5.2555e-21
0.999692
0.00654526
3.30871e-06
1
0.999291
5.69532e-25
0.328866
0.99989
1
7.33299e-42
1
1.12791e-35
1.19839e-19
5.86991e-14
6.9674e-16
6.74409e-08
2.67179e-17
1
4.46066e-22
1
0.918537
2.91019e-23
0.764022
9.50779e-19
1
3.11769e-16
0.999992
1.51226e-19
3.71686e-18
1.15564e-12
2.2274e-10
2.54749e-21
0.082456
2.22978e-19
0.999992
0.00580125
0.000119423
2.0249e-19
8.15631e-13
7.17786e-13
5.24139e-12
0.725034
4.07706e-29
1
0.99971
1
5.867e-07
1
2.53345e-17
0.979581
7.02498e-20
7.44607e-16
0.99949
3.7775e-17
1.98435e-25
1
1
3.33254e-26
6.40703e-28
2.37963e-14
1.45757e-18
3.85486e-16
1.46661e-05
5.52481e-08
0.977988
0.999373
1.02499e-10
1
1
1
8.38008e-31
7.73293e-20
0.999961
0.748382
0.188118
1.37748e-25
1.48543e-14
0.999586
1
0.43004
6.69214e-28
8.4703e-22
0.92009
0.999669
0.908335
1.25105e-26
1.84199e-12
0.994437
1
1
1.81965e-28
1.54547e-21
1
0.999841
0.998204
2.63126e-31
1.0157e-28
0.971046
0.000129164
3.43289e-20
2.70378e-15
1.06149e-13
1
3.62373e-06
0.999855
5.47687e-25
2.51562e-18
0.999947
0.996382
0.999991
1
1
2.44454e-36
1.43648e-22
0.999689
3.35569e-25
0.999956
0.999996
0.999696
1
8.28946e-18
1.78844e-23
0.021571
0.997539
0.999791
1
1.04967e-15
0.1277
2.21493e-16
5.37111e-23
0.985597
0.97272
2.11426e-19
0.990322
8.74647e-17
4.78438e-06
3.20388e-23
0.00145549
0.999999
0.999806
0.999998
1.44034e-28
6.63213e-29
0.999999
5.34996e-10
1
0.987985
4.52141e-06
0.999985
1.27977e-05
4.59543e-22
1
0.999952
1.26725e-26
0.00207576
2.93795e-24
6.60042e-31
0.999999
3.09531e-25
1
0.0569166
0.193627
2.35625e-12
0.999994
1
2.23276e-24
1
4.16905e-15
0.947353
2.40702e-15
1
4.36214e-07
6.09013e-17
4.76018e-10
0.284463
1
4.8197e-16
0.999496
6.38906e-11
0.00282254
2.4721e-27
0.827362
0.00143816
0.999991
0.532921
3.23021e-30
6.10792e-07
3.60971e-26
2.3594e-27
3.08212e-05
0.999956
0.999651
0.999995
0.999997
4.05047e-24
1
1.86495e-10
1
2.33773e-20
2.19675e-13
1.90159e-06
1
1
3.87775e-15
5.07692e-27
0.999988
0.385418
1
2.56065e-28
5.5032e-10
5.23219e-16
0.999297
0.978721
8.04727e-19
0.951724
7.97422e-07
0.999997
2.6235e-26
5.10273e-17
0.99996
0.99952
3.85613e-06
1
0.999985
0.999939
0.00313889
3.2113e-12
7.84278e-30
0.999936
2.90564e-17
1
0.999891
0.999918
4.50646e-06
0.999983
1.7743e-06
1.70203e-06
0.000279065
0.43869
8.20251e-09
0.99475
0.999994
2.00124e-13
0.993575
1
6.87712e-10
0.999996
1.49434e-17
0.000384901
0.999785
0.999999
0.999993
1.9869e-16
1.68594e-18
1.10843e-09
1
1
1
5.50215e-17
0.999657
0.999964
6.29231e-16
0.999302
1.76353e-18
1
0.00087202
1
1
1.34659e-17
8.79923e-13
2.43923e-15
5.52206e-23
4.28551e-06
1.96213e-11
0.00255795
1.25476e-28
1.38784e-11
2.37187e-17
1.37254e-11
9.0735e-19
1.25294e-06
7.52374e-14
0.999998
1.395e-20
7.01551e-11
2.09563e-11
1.46025e-14
2.50535e-11
2.31202e-05
0.999912
4.17433e-12
1.03923e-09
0.999999
0.999408
1.97648e-15
1
3.97723e-15
1.86664e-08
1
1.1299e-22
4.62634e-19
1.54633e-11
2.09003e-12
1
1
4.16182e-18
1
1.97106e-12
3.92326e-12
5.72255e-15
5.99488e-11
1.39726e-12
4.69504e-21
9.87124e-19
1.43027e-09
0.00248072
1
1
2.49836e-07
0.693147
0.000162036
4.34267e-17
2.53961e-15
0.949607
1
0.999437
1
0.0152262
1.22479e-20
2.98331e-12
0.0241407
1
0.000451966
5.47456e-07
0.998763
0.999823
1.44131e-28
0.00277113
0.908794
3.03344e-18
0.586453
0.800469
1.46212e-05
0.858191
1
2.7664e-11
2.23262e-17
1
1
4.45523e-08
0.999818
1
0.254772
0.947709
1
9.73588e-14
0.99996
0.00171268
1.99686e-14
2.72467e-07
2.24684e-15
7.40023e-22
5.64035e-15
2.84946e-12
0.999952
0.999035
0.921526
0.990852
6.56964e-19
0.0279469
0.00225233
1.52315e-16
2.8711e-19
8.37332e-06
1.26011e-07
0.0388096
3.03712e-25
7.98229e-15
0.000311571
0.00734158
7.30492e-22
6.26761e-23
1
1
1
5.08551e-26
0.999855
0.986089
0.968944
1
8.447e-17
0.990042
6.35417e-18
4.32613e-22
1
1.76554e-11
5.36249e-15
1.46042e-20
1
0.287737
0.00203731
1.61041e-13
0.0433979
8.09414e-24
1
4.83734e-16
1
4.88744e-24
1.18898e-11
1.64993e-20
4.65465e-20
4.24684e-10
0.999847
0.669942
4.35242e-19
4.92161e-28
0.69794
4.4531e-18
0.990648
1
0.999334
2.34147e-18
8.17308e-21
0.000752093
0.999994
0.999318
1
0.999359
2.51086e-11
1.36742e-15
0.999942
2.94552e-11
2.06978e-29
1.39132e-09
2.66058e-05
0.998241
1
7.25921e-12
2.80419e-12
0.991279
6.18587e-20
0.999878
4.72059e-11
0.613479
0.919197
1.02363e-14
0.999999
0.99797
1
0.999996
7.95152e-24
0.940648
3.41033e-18
2.31075e-08
1
0.0647894
0.184391
0.956121
1.44976e-12
8.12225e-07
0.999911
0.999996
1
0.364443
3.56226e-06
1.29269e-09
1
1.13741e-15
6.97963e-16
1
2.07483e-13
1
0.990029
6.17624e-22
1
3.06607e-18
0.00117782
7.88857e-14
1
1
5.27083e-08
0.357024
0.999424
1.15923e-08
0.99866
2.53984e-14
0.99836
1.55179e-29
2.30735e-22
0.680752
0.994847
0.13529
0.98299
1.56417e-21
0.999794
7.60482e-21
5.84559e-18
0.999854
1.9742e-09
0.997286
1.38863e-08
0.999275
0.692645
0.234649
0.0235284
4.44586e-25
3.13064e-07
0.999947
0.898282
5.23994e-05
0.999727
2.04766e-13
1.67802e-16
0.998761
0.00181002
0.00460659
0.000203121
1.54386e-06
1.61205e-23
0.997498
1
0.999997
9.01841e-06
3.94627e-17
0.9976
1
1.85497e-11
2.44315e-24
1.95822e-09
0.936191
1
0.998632
9.78606e-14
0.999989
4.48656e-06
7.26027e-25
0.000119594
0.999813
0.999637
0.00325226
8.50537e-15
6.22476e-18
0.000333647
7.21597e-27
4.57092e-15
6.78404e-14
0.866646
1
0.999986
0.988107
1
0.999998
0.000451027
0.999913
1
0.74787
3.16324e-13
8.75735e-19
0.270989
0.999996
1
0.999999
1
0.999961
0.999296
0.999607
1
1.61832e-13
0.471131
0.999821
0.999998
0.000271465
2.01133e-11
0.265453
3.18071e-09
1.52106e-08
1
2.64943e-35
0.0340658
0.5902
0.00868616
1.93309e-14
1
1
6.68065e-13
0.115713
4.95109e-26
0.964311
1
1
6.06989e-15
8.57777e-23
0.999203
0.990403
3.09357e-16
1.77634e-20
8.57154e-18
0.997865
1
1
1.96162e-25
1.27949e-14
0.999997
1.15868e-37
1.04579e-11
0.998915
1
1
1.54598e-24
0.00264909
1.52785e-09
0.998696
0.999051
8.04762e-23
0.922083
2.03931e-06
0.999996
1
0.77719
7.65326e-26
8.81084e-17
0.998345
7.83248e-26
1.74197e-22
1
4.23511e-20
6.03516e-09
2.59362e-20
0.999946
1
0.0157161
1.58831e-16
2.89061e-34
0.154778
5.87832e-06
5.21798e-15
0.999997
5.70983e-18
6.89992e-13
1
1.19754e-07
0.513436
0.916456
0.999941
1.38964e-24
5.62397e-07
1.63634e-22
1
1
0.999923
1.49109e-08
6.09397e-17
1
1
3.79072e-24
2.36629e-09
0.912614
2.46712e-24
1
0.0182869
1.42811e-20
4.83096e-10
0.823338
1.91074e-23
7.02163e-20
5.59662e-31
2.42129e-05
0.999991
0.968216
4.84791e-33
0.00823753
9.79639e-28
2.09575e-13
4.25287e-22
0.118385
1
0.0204962
0.995714
2.22624e-23
0.0219136
4.0349e-17
1
0.999893
3.58815e-16
0.999914
0.999747
0.630059
4.4067e-14
1.95337e-18
6.96765e-05
1
1
2.04311e-23
4.19666e-15
0.999997
0.999999
0.919625
3.77133e-09
3.01484e-12
5.24314e-08
1
0.924446
6.71231e-28
5.14891e-16
0.999843
1
0.00135651
7.23516e-18
2.41723e-14
0.022996
1
0.999159
2.20368e-17
1
0.999994
0.999992
1
4.75969e-18
2.59885e-15
0.999998
7.76618e-15
0.586732
1
1
1
0.999954
1.27013e-25
0.00459612
8.08747e-24
0.999992
1
9.47521e-06
2.43958e-11
0.999977
1
0.00475717
1
1
1
2.94211e-16
7.2565e-07
0.999998
0.995408
0.56653
2.77265e-15
3.40621e-19
5.17453e-24
0.999996
1
1
2.10208e-22
6.23324e-12
2.35396e-14
0.997844
1
1.97173e-22
1
1.67764e-14
1
0.999996
1
0.999992
5.24368e-23
0.988523
6.49875e-19
1.65886e-29
9.13354e-07
0.999999
5.55926e-08
9.6137e-19
0.921976
1.44557e-15
4.22025e-24
7.81313e-29
0.000978639
5.92661e-18
1
1.3263e-19
5.13076e-11
4.13965e-08
7.4662e-10
3.27244e-12
9.47558e-08
7.08982e-06
2.43067e-17
0.00257017
0.999972
0.999999
3.27564e-29
0.956333
1.04828e-14
0.26812
0.999996
5.21272e-18
4.77726e-28
1.2187e-20
2.03837e-20
0.995298
0.999958
2.58301e-15
8.9498e-07
6.6642e-24
0.999997
0.994099
3.2851e-06
1
1.17903e-23
0.830411
2.28693e-24
2.30021e-13
7.15104e-24
1.66691e-08
1.39917e-23
0.994327
1
1
5.28941e-16
2.61745e-17
0.0107568
0.999932
0.919874
8.14847e-18
0.00599455
0.999997
0.999988
0.999881
1.9266e-21
8.288e-12
0.999998
0.000589537
1.31515e-19
6.513e-19
7.4031e-06
0.998451
1
1
4.6458e-16
6.27381e-22
0.990595
1
1.72626e-08
1.76343e-27
1
0.00223763
3.91492e-16
0.99999
1
7.56974e-11
0.999995
9.84178e-22
4.863e-19
0.99837
2.68258e-10
9.86865e-12
0.000518242
4.81626e-15
1.35743e-28
7.17951e-09
1
4.54378e-23
1
0.0617234
1.23749e-26
8.25759e-16
4.68391e-22
1.05949e-15
3.78069e-10
0.999992
6.9634e-18
3.6567e-18
1
1
0.999967
6.8436e-13
0.99657
2.059e-21
2.27917e-14
0.981624
0.999901
0.378915
2.44069e-12
5.28121e-11
4.96116e-20
2.22293e-15
1.80776e-10
0.678986
0.99939
1
1.94555e-13
0.508145
0.997989
1
0.996188
3.03906e-19
5.26455e-15
1
1.85801e-07
0.889461
1
0.659007
0.174541
0.999996
5.26125e-06
3.13315e-18
1
0.986642
1
8.7531e-05
1
1
4.96985e-16
0.999999
4.30197e-09
0.898817
2.12525e-15
1
1.85129e-13
0.0288165
3.24545e-08
0.381327
0.000261925
7.30382e-18
2.10387e-12
1.37281e-07
0.951397
0.999991
0.999996
0.991102
3.35307e-12
3.76246e-13
9.80191e-15
0.0155052
1.15274e-13
0.318572
9.70032e-07
0.980317
0.999746
8.04468e-29
0.956586
1
1
1.085e-17
2.42608e-33
0.996005
1
2.24224e-12
3.42913e-10
8.70522e-26
1
1
1
9.91195e-20
1.53073e-22
0.99942
0.999999
4.6155e-08
4.493e-17
1.6357e-16
0.999988
1
0.999941
6.54953e-16
8.38043e-32
0.999954
1
0.119361
1.13855e-15
1
4.03923e-14
1.31806e-10
6.26904e-19
4.55941e-20
0.999865
1
8.68508e-20
8.95763e-14
0.998048
1.45564e-15
1
1.72334e-17
9.35341e-15
1.14726e-21
1
0.99996
0.000873984
1
7.23087e-16
6.3565e-19
0.999998
1
0.943122
3.77625e-14
7.50576e-15
1.4169e-23
0.999773
0.89149
1
8.37259e-19
0.999997
0.000210757
1
0.999995
1
3.57098e-18
0.999507
1
3.66811e-06
2.49233e-10
0.938602
0.999999
6.16047e-17
5.65335e-05
0.0227697
8.33841e-15
2.243e-22
1
1
2.22152e-17
1.68151e-08
3.20223e-26
1
6.37014e-18
1.5058e-14
0.0192619
5.55828e-24
0.999997
1
3.80201e-23
2.22126e-07
1
0.999999
6.10051e-05
0.99906
1.22024e-15
0.999778
0.992966
1
1
5.99124e-15
1
7.03947e-25
1
1
0.999978
0.823008
1.78182e-20
4.8238e-17
3.35525e-14
1
0.0403191
0.986005
1
0.122277
7.26523e-17
2.47548e-13
1
0.959775
1
0.115401
1.2554e-17
1.05419e-08
0.977413
3.24579e-09
2.95042e-24
0.999687
0.999915
1
1.59757e-09
0.982976
0.999729
0.971598
1.23693e-16
1.44394e-19
0.76601
0.995887
3.43956e-10
0.977422
1
1
1.04653e-09
1.12467e-12
0.999783
1.60652e-09
0.996724
5.73078e-20
0.994594
3.91663e-09
1.30801e-06
3.64903e-22
1
1
9.6859e-16
1
0.999827
0.00396525
0.875899
1.64601e-06
1
0.949338
1
0.98001
2.52354e-10
0.999455
6.29154e-13
0.0152037
1
1.0274e-11
0.000192384
0.99932
1.75529e-14
3.8053e-06
0.987429
2.00953e-10
0.762999
1
0.00294157
2.68148e-25
0.180367
1.24864e-05
0.00755895
1
1.17833e-14
0.999976
0.811559
0.000169321
8.03923e-19
5.55487e-17
3.15299e-14
6.96594e-12
1.84876e-06
0.999998
1.95813e-13
0.142283
1.2887e-14
0.000260544
0.999969
2.2969e-23
1
0.977648
1.11583e-14
1.29602e-15
9.51934e-08
0.544754
0.978996
1
9.00881e-10
1.90456e-08
0.0643139
2.3609e-20
3.09276e-26
0.773059
0.0204246
9.284e-06
0.960149
1.74427e-24
0.999958
1
0.999993
2.72304e-15
9.87788e-17
0.998586
1
0.999973
4.68028e-10
3.41898e-24
0.999991
1
1
2.40578e-08
8.38098e-23
0.976342
0.974302
3.41581e-07
2.26949e-20
5.32524e-23
0.999998
1
1
1.611e-17
2.32236e-11
0.586158
0.997488
0.796463
8.34656e-21
1
0.956509
8.04544e-09
0.395192
0.999996
1.36816e-11
0.246494
6.47212e-15
0.999997
1
4.14008e-14
0.995296
1
1
3.26508e-10
4.03571e-06
1.04476e-25
5.2143e-12
6.77076e-22
9.94903e-21
0.993704
2.16355e-09
1
7.16045e-18
0.999983
3.45924e-24
0.192697
1
1
1
1
4.15951e-28
1
3.69521e-10
0.999997
1
0.974334
3.41278e-21
8.82001e-14
4.5701e-05
0.999979
0.998317
2.39692e-20
7.92407e-29
0.999705
0.999999
1
0.996508
4.59709e-18
1
1
1
2.29767e-15
5.18174e-17
0.996303
8.02517e-10
0.99742
0.999997
1.70969e-24
0.999999
1
1.65966e-20
2.98094e-13
0.999999
2.43432e-20
1
1
2.81681e-20
1.15333e-19
4.48296e-20
9.72964e-08
6.88864e-10
4.83708e-09
1.13763e-19
0.999998
1
0.999994
3.44424e-10
8.99873e-21
0.246702
0.0287265
6.4962e-18
7.86924e-11
3.31766e-15
0.000391547
2.62749e-11
2.98404e-22
1
0.98773
2.59036e-22
0.999762
0.999998
1.6334e-09
0.999919
1.7231e-19
2.25595e-06
0.0982092
0.999988
7.15374e-17
0.999999
0.999961
0.993178
1
2.01935e-13
4.29321e-16
4.24406e-09
0.999951
0.0135329
1
3.82622e-14
0.870021
4.28171e-09
0.997957
0.0360571
1.73272e-12
3.35518e-26
7.77517e-05
1
3.8397e-15
9.41651e-05
1
3.84914e-06
1.45073e-15
0.970181
1.41039e-20
0.189019
9.29994e-21
7.24886e-28
0.762133
5.34111e-07
8.21792e-27
7.78766e-15
0.999933
1
7.55725e-06
2.27632e-13
0.999967
1
2.79141e-26
5.64581e-08
1
1.68469e-15
0.000270143
0.996481
4.29357e-08
2.04598e-10
1
1.34245e-16
0.0865459
2.99361e-17
5.79769e-26
1.39368e-12
6.64821e-07
1.43675e-11
0.997908
1.4867e-23
1.17825e-09
5.97414e-24
1
0.999823
1.06221e-28
1
0.00122649
7.69822e-22
0.975402
1.35051e-29
5.56726e-18
0.372743
0.999931
0.698902
0.0129579
0.999966
5.93579e-25
0.999951
8.16556e-08
1.92018e-15
1.35639e-19
1
1
4.89735e-18
9.71688e-07
0.0508877
3.25287e-09
1
1
0.982279
1.09649e-30
1
4.87742e-26
3.46296e-22
2.02177e-25
1
8.72719e-21
1
1
1.98928e-12
1.32304e-12
1.0356e-17
1
1.51272e-14
3.48996e-19
1.083e-05
1
2.94143e-06
0.999998
1
2.87164e-19
4.41213e-21
0.946042
0.999919
0.999256
7.82203e-11
7.09019e-18
0.999997
0.812922
3.25009e-09
1.64041e-24
8.6003e-25
0.00533865
1
0.770771
1.05425e-13
6.97774e-17
0.999976
0.998072
3.18477e-05
2.62999e-13
2.83564e-25
0.983464
1
0.515863
8.67772e-11
1.81221e-21
0.994799
0.0579623
0.00611081
2.40019e-19
2.28575e-23
1.5613e-22
0.999958
0.999999
0.99648
4.97601e-18
1.99999e-17
1
0.999852
2.35517e-08
0.999997
0.999994
0.997907
0.986046
3.58736e-14
0.965248
4.92337e-15
0.00249647
0.999999
5.76899e-19
0.998016
1.00546e-18
3.52316e-09
5.51977e-23
2.16879e-07
0.994105
2.75337e-18
0.815618
1
3.44804e-10
1.82836e-16
0.987581
1
3.84104e-20
0.999998
1.64544e-27
1
0.999984
0.000716074
1
0.985368
1.24776e-16
1.31307e-21
3.9582e-16
5.38968e-22
0.999928
0.999462
2.29224e-17
0.999978
0.999962
6.13025e-12
1
1.15925e-13
4.09405e-12
1
0.9989
4.5158e-17
2.1651e-11
3.46678e-18
1
0.99999
1.1464e-07
0.999969
2.95679e-14
0.997118
1.01013e-19
1.79669e-19
2.0193e-12
1
0.999357
0.99995
8.85546e-29
0.997318
0.000365103
0.999999
5.7787e-28
5.9425e-16
8.01045e-09
0.999989
7.74959e-08
4.20267e-18
1.48933e-11
0.999999
0.998463
1.46589e-05
2.74185e-21
7.42859e-16
0.999105
1.54387e-18
9.2867e-24
0.999999
1.68537e-09
0.999659
2.36029e-25
1.37376e-12
0.0127001
1
0.995023
5.25804e-19
0.999928
0.990452
1.16545e-11
1
4.12843e-07
1.5216e-11
1.31443e-13
0.994107
3.47255e-08
0.863383
0.99708
1.00383e-27
0.999997
1
1.74091e-13
0.999999
6.67202e-10
1.5999e-15
2.11905e-19
0.999996
3.89297e-31
0.999995
6.63946e-25
0.999561
1.22601e-25
0.996577
0.999946
2.52126e-20
0.0108535
3.7616e-22
0.999976
2.98442e-06
0.000182372
4.73484e-05
1.97496e-34
0.960383
2.8519e-19
1.96546e-15
1.1125e-14
0.999996
0.982162
5.52832e-14
1
1
2.30044e-14
1.18048e-15
3.89725e-05
5.26956e-14
0.999975
0.826296
0.0193564
0.999989
0.999838
4.5448e-30
0.980352
0.999998
0.997509
0.000380023
2.17054e-21
0.181634
0.999999
7.64404e-34
8.62492e-15
3.40916e-23
2.20983e-20
1.2374e-14
1
1.15067e-17
6.63332e-30
3.3584e-22
1.77664e-13
8.5162e-26
8.80896e-16
1
1.66215e-10
1.43763e-06
0.00808517
4.47292e-08
5.35704e-18
0.991497
1.47813e-21
1
0.999992
6.64742e-18
0.999981
0.989858
7.60078e-05
0.989968
3.70632e-15
0.662715
0.999994
5.97398e-18
1.00519e-23
0.999946
1
1
9.9721e-18
2.88048e-16
1
0.288623
0.568928
0.00150833
1.21555e-19
0.99951
1
1
1.10215e-25
2.41005e-13
1
1
1
2.05648e-16
1.00871e-17
0.999308
1
1
5.08091e-26
7.24898e-18
0.999997
0.999622
0.999993
8.26925e-10
0.999953
0.266181
5.0657e-16
0.999578
0.999912
0.999999
1
4.50662e-19
0.00106782
1.31671e-07
0.998387
1
7.77775e-20
0.999669
1
1
1
1.91047e-06
4.84344e-14
0.000526766
2.33059e-17
1
3.61963e-18
2.84706e-21
1
1.47283e-16
0.999695
0.999962
1
6.9461e-27
0.99998
0.999149
1
0.999768
2.66607e-13
0.714972
7.49067e-18
1
1.24856e-24
0.986222
3.50934e-06
1
1.39099e-19
1
0.772883
0.999988
0.999999
1
0.682153
0.999931
3.23082e-19
6.17924e-26
1.16155e-18
7.72918e-29
0.999303
0.999077
1.95881e-18
0.00317366
1
0.999999
7.40371e-19
5.06735e-21
2.03522e-18
8.40913e-15
1
0.999832
1
0.714442
1
2.07282e-12
3.44826e-27
4.49509e-24
1
9.86129e-21
1
0.99999
9.96302e-17
1.12235e-19
1.1695e-16
5.42811e-19
5.61585e-14
6.10897e-28
0.999927
1
9.23111e-08
3.70872e-16
4.56569e-06
5.07891e-07
2.51785e-08
3.79874e-19
0.999936
1
0.526771
2.94559e-12
0.409285
0.157893
0.0020262
6.67409e-27
2.60726e-20
0.998955
1
1
2.29656e-12
0.999986
0.866736
0.568285
1.4118e-24
1.16745e-18
0.269855
3.30037e-17
1.54817e-25
8.2425e-20
0.999632
3.37551e-27
0.997829
0.000906386
2.41356e-20
8.0339e-34
0.774453
1
0.995755
0.000834965
4.31344e-21
1
0.99942
1.20978e-20
3.86876e-13
6.45526e-22
9.56375e-12
2.73503e-09
7.39407e-16
4.81517e-21
5.69829e-14
0.992133
0.821926
3.56701e-17
0.450179
1
1.28884e-22
0.999216
1
1.66006e-17
0.79746
0.999724
3.48511e-07
0.000138689
0.999647
1
0.00299374
1
2.04081e-11
0.0224832
1
6.8448e-20
0.990519
0.991802
1.27529e-16
0.99999
2.13655e-09
0.999194
6.68822e-14
8.16853e-09
0.831168
0.998085
0.000599826
0.634112
0.864539
0.0767727
1
0.970214
0.948593
0.999893
1
1
2.03816e-21
0.981278
1.49162e-06
0.999917
0.999439
1
1.50097e-15
3.11171e-13
0.44085
1
2.51122e-11
1.08058e-25
2.07533e-08
0.417431
3.04853e-09
1
3.85041e-16
5.40899e-28
0.999999
1
0.000104818
3.80909e-15
3.68069e-05
0.998101
0.819645
0.999999
8.88102e-18
2.87834e-27
1.52298e-06
0.999999
1.4545e-06
1.14607e-27
1.06497e-11
1.98641e-18
3.86961e-28
1
1.15402e-19
1
0.958914
0.999959
2.32425e-15
1.65782e-13
0.999998
7.99995e-26
0.937886
3.77484e-12
1
0.999968
6.40145e-18
0.999919
0.999984
2.45082e-13
0.000201664
2.29224e-10
1
1.22379e-06
1.00561e-20
1.2818e-26
3.23658e-15
0.999869
4.5268e-20
0.999999
0.0564526
0.999761
1
1.41425e-16
1.76892e-14
0.993841
1.67133e-33
5.00338e-09
8.59417e-17
8.42027e-22
1
0.00424017
0.99998
3.54091e-27
2.82549e-15
1
4.08753e-10
1
3.7131e-12
0.00390696
2.4772e-07
0.999991
2.05468e-15
1.05478e-11
1.27398e-26
1
0.0139672
0.00809595
3.75371e-13
0.998594
1.4321e-18
1
6.58981e-11
1
3.06697e-13
2.06346e-18
2.21224e-19
0.999999
1
0.00671739
5.0575e-14
1.15012e-25
1.11021e-30
0.00230387
1.73281e-08
8.4469e-25
4.51292e-18
0.642542
0.939636
0.999998
1
1.04436e-09
0.995982
5.12955e-08
3.21819e-08
0.99999
3.73295e-11
1
1.6397e-12
0.999972
1.15647e-26
1.22828e-19
2.03839e-16
1.76474e-15
1.36746e-16
0.999996
0.999999
1
1.62886e-06
9.17975e-07
0.999981
1
0.00955174
9.68085e-11
2.59758e-29
0.999997
1
1
2.49367e-08
1.5244e-26
0.000584432
0.999937
0.02344
2.54234e-17
6.75259e-24
0.999999
1
1
0.999248
2.35174e-30
0.999215
2.07004e-22
4.48099e-29
1
1
0.999857
7.13263e-29
0.999106
0.992103
0.981072
7.45957e-13
1
0.859146
0.999998
1.72639e-13
2.08502e-08
0.999992
0.999953
8.33075e-21
0.999989
1
0.999254
0.000114349
1
2.9009e-09
1
2.59928e-16
0.999999
4.5114e-20
0.999998
1
5.59033e-16
0.00563919
1
0.0612292
0.998907
1
1
5.81104e-18
2.8197e-31
1
0.999999
8.71663e-10
2.69678e-30
6.20641e-17
0.0212184
1
0.994379
5.21593e-16
6.28908e-20
1
1
4.63241e-13
1.36647e-29
4.87209e-14
0.000860693
1
4.9147e-05
8.68915e-23
2.01928e-24
0.990143
1
0.00184552
1.0036e-09
4.83653e-08
1
8.73948e-38
4.60127e-25
1
2.18521e-18
1
7.07249e-05
5.54353e-16
1.70361e-17
2.12759e-16
1.62105e-20
0.999096
3.80745e-17
1
0.999917
3.023e-15
0.999354
0.999999
0.010145
0.999998
1
1
1.71824e-16
9.63365e-16
8.70881e-08
0.999989
1
1
1.22447e-20
1
3.84365e-16
3.08596e-08
8.52871e-26
2.96799e-31
4.19189e-30
2.73689e-09
1.91817e-19
5.06665e-10
2.45493e-08
0.994815
0.0177601
2.01459e-23
0.999999
1
4.02743e-15
2.15161e-18
2.42202e-17
0.00207416
1
1
0.999995
7.65326e-18
1
1
0.88169
0.961111
2.81974e-09
3.02158e-14
0.999999
6.46111e-27
1
0.964941
4.65974e-22
1
1.35674e-08
7.68912e-08
1.6643e-16
2.69578e-06
1
2.22842e-12
1
0.0031449
9.67689e-15
1.59844e-07
3.63865e-18
0.99987
9.27078e-23
1
1
1.03081e-37
5.09371e-09
0.103681
4.49163e-24
0.16354
2.09568e-21
0.616145
1
7.99778e-26
1.00497e-14
1
1
0.0147266
0.999948
6.72476e-06
2.17394e-12
6.12393e-06
0.134089
1
6.59195e-16
1.39081e-24
1
1.9429e-13
7.85046e-33
0.889307
0.999982
1
6.37792e-12
1.47899e-09
1
1
1.19829e-08
1.84099e-31
4.34273e-05
0.0189445
1
0.859107
3.01935e-16
1
6.32636e-07
1.07122e-37
0.998814
4.78985e-08
9.83316e-20
7.54347e-12
0.000504541
3.08604e-13
3.65702e-33
9.02977e-15
7.95973e-07
3.35096e-15
1.65843e-08
8.45552e-22
4.44652e-11
0.999999
1
8.40703e-11
0.999999
0.999644
0.989147
0.999208
6.87459e-34
0.999969
0.949232
0.999992
1
3.37101e-09
9.22802e-22
1
0.00402056
5.77736e-14
1.49357e-31
1.8201e-19
5.26888e-19
4.66904e-19
1
0.9988
1
0.993596
0.114887
0.296727
1.54731e-13
4.72224e-16
1
1
5.46709e-21
1
3.13399e-11
1
1
6.11879e-27
0.99986
2.32023e-26
1
1
2.33628e-24
4.36894e-06
0.997365
0.0508128
0.999988
1.20648e-18
1
7.83272e-08
1.71547e-07
9.7091e-15
1.21527e-27
0.999997
5.24642e-32
7.24978e-05
1
6.08235e-05
0.995934
1.20307e-06
0.99845
1
3.3286e-13
4.72569e-10
0.999999
1
1
1.09959e-17
7.83653e-21
0.999992
0.968212
0.0626564
0.999743
0.999986
3.8901e-07
4.62072e-19
0.163539
1.26045e-05
1.57701e-24
7.86343e-09
0.985554
1
2.93841e-07
2.95223e-33
0.999999
1
1.59739e-28
0.0205039
1
3.42639e-15
0.0589575
1.77685e-31
8.02878e-35
5.26077e-16
2.06463e-15
0.895641
0.998813
1
6.64236e-23
0.998586
0.999996
1
1.51039e-11
6.40225e-27
4.80224e-08
1
2.10959e-13
0.000701753
4.36795e-19
9.02044e-11
0.999975
0.222806
2.88146e-18
1
1
1.018e-16
0.612724
0.965964
0.999996
0.99987
1.75726e-21
1
0.0294733
0.837973
2.44322e-34
2.7297e-18
2.76663e-26
5.1755e-10
5.46158e-11
1
0.00490597
0.999999
1.12246e-17
1.57308e-14
1.34093e-14
3.86156e-23
2.07445e-11
4.16707e-06
0.999908
0.761384
0.120349
1
6.68687e-30
1
1
3.20338e-15
4.66706e-20
0.720984
0.000547412
1.70845e-08
1.56165e-13
4.18097e-37
0.720108
1
8.6139e-16
0.00259741
4.71341e-21
5.27682e-08
0.999941
1
1.96686e-18
0.999941
7.00565e-11
0.00205629
4.86333e-21
1.33105e-22
1
1.20472e-34
9.3933e-24
1
1
1
4.68844e-11
6.34112e-18
0.0014277
0.999986
1.42999e-21
3.47466e-36
9.52089e-11
0.999174
0.999998
1
3.10566e-10
3.16558e-22
1.65951e-08
0.999961
5.59023e-11
6.24302e-28
8.99281e-14
1
1
1
3.84947e-11
5.46258e-22
0.920053
0.999349
0.202268
4.39676e-23
7.40873e-05
1.41897e-19
0.999937
1.26815e-18
1
1
2.70079e-22
1
2.78649e-13
1.82092e-17
0.615964
1
3.01228e-10
0.999994
1
0.99999
0.999997
1
2.48414e-18
1
1
5.98938e-07
4.18044e-21
2.2954e-15
3.57463e-28
3.77751e-17
4.05465e-24
0.000266056
2.1358e-19
3.8659e-19
0.254465
1
1
1.987e-25
1
3.41164e-19
2.52801e-11
0.82487
2.67108e-07
4.94132e-08
0.999981
1
3.94283e-22
1
1.42992e-18
1.57366e-23
0.0359108
1
0.99998
2.0676e-10
8.51582e-22
3.3518e-33
3.20165e-05
6.0301e-23
0.999999
1
2.69342e-17
0.976248
0.995688
3.80805e-21
0.999958
2.03064e-17
0.999999
1
0.998497
0.999885
0.571722
0.999858
0.97242
8.99902e-17
3.72985e-15
0.99999
1
0.88939
3.65822e-20
5.27151e-20
4.01707e-15
0.999759
1.26329e-14
4.58904e-20
7.58988e-18
0.999724
1
9.82825e-11
3.09271e-15
1.79369e-23
8.69326e-05
1
3.58715e-16
2.06144e-15
0.999998
0.999999
0.586075
2.81124e-08
2.12545e-06
0.999959
1.37121e-11
1
1.27043e-25
1.64904e-10
6.75778e-12
4.26535e-12
8.73753e-10
1
8.94677e-22
5.29144e-14
1
0.157138
0.999894
9.82208e-23
2.07351e-11
2.8491e-17
8.75844e-21
1
1
2.01356e-15
1
5.67022e-32
4.96429e-18
1
1
8.25972e-20
0.999996
9.22157e-31
1
0.999398
0.999998
0.00162644
1
7.46631e-08
0.999998
5.74988e-14
1.38008e-18
4.0125e-25
1
4.9568e-18
3.82792e-25
1
1.31461e-09
0.999825
0.235704
3.81467e-16
0.994527
4.45686e-16
5.80087e-07
1.43279e-19
0.000878876
1
5.841e-10
0.100478
1.38443e-07
7.92046e-17
2.49764e-09
1
2.5008e-08
0.999994
4.31104e-28
0.999654
0.999936
4.06672e-08
0.997373
1
4.0128e-18
0.999991
6.94606e-16
5.4668e-21
1.36586e-05
4.81566e-15
1
0.00188269
1
8.29831e-09
0.998389
0.98105
8.28593e-12
5.27832e-12
0.999992
0.995393
6.54334e-13
3.21706e-11
0.99991
0.999999
0.0161717
1.48362e-12
8.13276e-18
2.36731e-17
4.38919e-16
1.74433e-09
1
5.62178e-09
0.000401864
3.43149e-16
4.32154e-21
2.68954e-05
0.478386
1
1
2.6016e-17
1.93618e-16
1
0.999463
9.14803e-17
6.67602e-30
3.92381e-12
0.999997
1
1
2.79899e-16
8.28896e-16
0.999997
1
4.28686e-14
4.1508e-22
1.64923e-06
0.996792
0.998964
1
1.44855e-16
6.29837e-28
0.218824
0.996627
2.02164e-15
6.43794e-23
1
6.64065e-13
1
1
1.13883e-21
1
0.999824
0.999712
2.95146e-31
2.0835e-15
6.04656e-19
1
1
1
0.998862
1
1.3189e-28
1
1
0.899212
1
4.07411e-08
6.23121e-17
0.998214
0.00269867
2.7776e-12
0.999998
2.25375e-11
0.315304
1.11824e-14
3.27825e-15
0.000546727
0.99992
0.999999
1.82285e-15
0.998482
7.98307e-12
1.31553e-06
0.00220142
0.985155
5.61218e-13
1
3.39205e-18
1.76541e-05
0.0596845
0.97814
4.29922e-16
2.42513e-23
0.999997
4.68566e-27
8.0298e-25
4.43522e-17
1
1.58374e-18
8.58467e-24
0.000903464
2.92234e-21
0.913785
0.974684
0.998972
1.9379e-13
3.07055e-18
3.35457e-15
6.94253e-14
3.32019e-18
1
0.998023
0.0393746
0.871404
2.28969e-23
0.999696
2.93805e-17
1.38957e-17
3.72776e-21
6.06688e-23
0.970011
0.999999
0.00622047
0.972193
1
6.82674e-18
1.19579e-19
1.20675e-25
4.91765e-21
0.999896
0.999993
2.97562e-05
1.44902e-21
1
3.0977e-20
1
0.999957
0.995137
1
1.80992e-05
1.21674e-20
3.55982e-13
1.74155e-19
0.810215
0.999966
0.999696
8.33997e-22
8.87862e-17
0.999353
1
1.46519e-12
1.88656e-27
1.76115e-20
0.999435
1
1
3.08958e-14
1.77058e-22
0.999004
1
0.00116865
1.93638e-24
2.56299e-13
0.999544
1
0.000354468
3.52643e-28
2.50225e-20
1
1
1.20452e-11
2.49543e-27
0.999988
4.7824e-27
0.999945
0.998773
4.30028e-21
0.99844
5.67472e-19
1.1084e-11
6.28626e-16
0.999997
1
2.07848e-18
1
7.13617e-28
4.13661e-05
4.13626e-14
0.0487391
2.21041e-20
2.5142e-18
2.00348e-16
0.382511
9.73017e-20
0.952892
2.46886e-16
1
1.16395e-14
0.965806
9.42428e-24
0.999999
1.1069e-09
4.80316e-18
1.04821e-18
1
2.48706e-19
0.999936
3.4426e-09
1
2.89469e-21
0.0346113
0.999967
5.14718e-25
0.0280819
1
1
0.571221
0.665969
1
0.066962
0.997286
0.0136116
2.78133e-20
1.08726e-19
1
1.16786e-25
1.0347e-18
0.999307
0.00248622
1
8.57471e-25
0.999613
0.999999
0.181608
0.949602
1
0.999999
5.5042e-24
1.77549e-08
5.46719e-29
0.818503
2.99934e-31
8.43714e-32
9.2817e-25
3.42119e-22
0.323126
1
0.999941
0.953594
0.999997
1.69489e-26
1
0.929609
1.32532e-24
0.999999
1
0.999963
2.96956e-12
0.316773
1
1
3.62326e-21
0.0106307
0.000593622
3.51397e-18
1.93775e-14
0.00269542
1
1
9.35295e-21
4.10957e-06
3.42953e-07
1.64308e-27
1.89109e-30
0.665186
3.55039e-05
7.46168e-08
1.8444e-22
2.0872e-05
1.42709e-19
1
0.999992
0.858577
1
2.06098e-21
1.05587e-12
8.68627e-10
1
0.0120814
1.23258e-14
0.585219
8.83923e-21
9.82751e-17
3.41596e-29
0.999998
2.00438e-17
0.998711
5.0481e-28
1.90986e-15
9.70654e-31
0.99449
0.99933
6.26864e-05
0.000390888
9.65658e-22
5.84218e-18
3.4831e-24
3.59054e-11
2.89577e-25
7.23438e-10
1
0.999995
0.999988
0.983685
1
0.965716
1
1
2.22507e-14
0.978919
0.472697
1.10531e-26
3.21574e-15
0.989003
0.999695
1
1.2084e-14
3.22719e-12
0.001021
6.88721e-06
0.998725
3.42624e-18
0.980192
5.95319e-17
1
0.000228214
1.21605e-16
2.97362e-14
8.05728e-28
0.999222
1
1
7.52654e-31
4.91101e-22
0.0244469
1
0.957826
0.664073
6.91409e-26
0.925194
1
1
2.70182e-15
1
1
0.232567
8.0441e-20
2.73139e-11
0.0012112
1
2.44097e-13
0.940282
1
1
8.43013e-14
1
0.999946
1.10518e-28
1
0.0301291
7.2852e-28
0.564213
6.23802e-29
0.99971
0.999417
1
1
3.6658e-29
3.53125e-25
3.65604e-19
1
1.88747e-18
2.74265e-15
0.979107
0.996173
0.999806
5.05364e-13
1
1
1
1
1.00918e-18
0.999968
0.999902
0.999777
0.980514
5.52801e-20
1
1.29398e-20
0.00943298
2.35035e-08
4.6055e-24
1
1.57925e-07
1.69393e-22
0.999994
0.999719
1
3.82568e-20
8.03235e-22
7.96044e-13
4.45326e-08
7.29605e-06
4.88304e-20
3.35899e-22
0.967143
1
0.996342
9.5285e-16
1.42792e-33
0.934453
0.999667
5.28371e-11
2.05404e-28
1.11745e-20
0.999963
1
0.991773
9.13499e-16
1.50979e-20
1.682e-08
0.973862
1.96984e-06
1.36e-18
0.999922
0.566078
0.0064349
1.27801e-24
4.42409e-24
3.35371e-17
0.314901
0.297013
1.13511e-10
1.19103e-15
1
0.999995
2.79237e-19
1.02493e-11
1.33991e-14
1.14946e-22
1
0.00269305
3.61398e-05
5.79403e-22
6.37292e-07
0.999851
0.999999
2.19665e-09
1.22571e-23
0.999052
9.23299e-13
7.75144e-21
1
2.37122e-22
0.999966
0.999883
0.998228
1
0.999661
1
0.958131
0.998416
1.04133e-14
1
0.056029
1
6.28226e-17
1.37669e-28
4.294e-12
0.998258
8.9225e-15
2.37503e-26
4.41537e-11
0.000326273
0.99997
3.23184e-22
1.09934e-15
0.999997
7.47728e-19
0.99994
0.000125678
0.000538444
0.578025
0.999696
0.0382553
4.03721e-12
4.58733e-19
1.3969e-20
1
0.999974
0.937752
1
1.75324e-18
3.88452e-18
1.98287e-24
0.973456
7.28171e-17
1
0.0109693
7.63715e-22
5.5179e-08
1.74547e-20
1
4.49886e-06
2.71858e-27
0.999985
9.98424e-19
0.0659157
8.88504e-13
1
1.53363e-18
1
7.52722e-09
2.6721e-27
0.993022
1
1
0.00022629
3.40364e-17
0.00869031
0.00391687
1.82316e-07
1.26311e-19
4.35012e-23
0.316426
1
9.55129e-06
2.07885e-15
4.92955e-16
0.2166
0.0131967
1.56986e-12
1.88908e-25
1.84122e-23
0.897994
1
0.992865
5.09813e-14
0.000288307
4.79406e-10
1.7257e-30
0.0460907
1.1812e-10
1
0.0042578
1.98893e-17
7.33743e-10
4.95054e-13
8.68844e-32
1
1.03024e-23
1
9.66928e-25
1
4.81606e-15
8.14788e-18
0.99963
4.56796e-19
3.89562e-11
1
0.7212
1
6.11897e-22
1
3.16441e-10
1
6.00257e-19
0.999623
4.89302e-25
1
1.00311e-14
3.54666e-15
1
6.52084e-14
8.80034e-05
0.994984
0.00069394
1.16762e-05
4.69249e-24
2.9627e-31
1
0.999976
6.34155e-05
0.213849
3.57489e-23
0.255235
1.45432e-24
1.69833e-05
1.19469e-24
2.33484e-16
0.890762
0.23271
0.981883
1
3.6039e-22
1
0.0463076
6.50172e-15
1.07568e-10
0.999977
0.997979
4.68091e-29
5.88486e-32
0.00734822
0.999999
0.00681484
1.52816e-18
1.19681e-05
0.999867
1
4.57624e-24
2.71989e-29
1.29728e-10
0.999989
6.95259e-09
0.000257857
0.999788
0.999999
5.06668e-26
1
0.630544
8.8872e-23
1
1.16192e-34
1.75087e-27
0.997729
1.00562e-13
0.000870923
0.999998
0.999836
3.79127e-09
0.999998
3.358e-24
3.62368e-19
0.0768304
0.999234
0.843751
0.999699
0.999006
1
0.0450478
0.998927
1
0.999688
0.941447
0.279701
0.583856
0.951316
0.999954
3.78522e-25
9.5572e-21
5.7125e-07
0.994438
1.06739e-18
1.7315e-22
0.00184488
0.255966
0.999987
0.99283
0.999995
0.205821
1
1
8.97343e-37
0.373348
4.20344e-18
1
2.33085e-29
0.982563
0.999959
0.999994
7.7808e-30
4.48969e-26
0.990432
1
0.759917
0.997461
0.108709
8.70293e-27
0.997624
4.908e-14
4.54049e-23
0.997583
6.65668e-26
1.78473e-16
0.947822
0.999999
1.92785e-22
0.999861
0.0275185
0.976962
3.74631e-19
0.0233091
0.00695041
1.58287e-27
0.11889
3.5803e-14
1
0.258595
1
9.59731e-05
1.44677e-13
0.999978
1
1
7.325e-18
5.50076e-26
1.38901e-07
0.00558417
0.999741
1.18189e-14
5.9301e-11
0.999999
4.23225e-08
1
2.29735e-32
8.71494e-30
1.91086e-09
0.997026
0.998844
2.78715e-20
2.64914e-05
0.999984
7.61074e-05
1
8.79678e-28
5.57507e-06
0.29245
7.12359e-05
0.99996
7.37994e-11
5.76126e-21
1.73089e-22
3.66134e-12
2.79584e-21
0.99999
2.99249e-06
0.14727
2.97354e-22
9.06007e-15
4.99546e-28
0.999728
3.77718e-21
1
6.53989e-06
7.36154e-30
2.54848e-31
1
1.19759e-33
0.999994
4.04453e-16
5.23848e-11
0.999999
0.997191
0.999991
1
5.0219e-20
1.71665e-22
5.04528e-05
1.15477e-10
5.73933e-06
2.11667e-16
8.06667e-16
0.999999
1
1
5.06869e-09
4.46588e-17
0.999986
0.999996
1.59687e-14
0.0941993
0.998465
1.09162e-20
1.86648e-12
3.22176e-09
0.999982
0.999918
0.999899
1
1
7.46011e-09
0.999964
9.55958e-10
0.999992
0.000788659
1.32305e-05
4.98327e-30
1.08207e-06
1.25545e-08
1
2.59597e-18
5.38239e-06
3.14884e-15
1
2.74126e-06
0.00626856
8.67534e-11
0.999783
2.93834e-14
1.20697e-19
9.08125e-21
1
0.999997
0.999987
4.1072e-19
5.63732e-15
1.59755e-23
1
0.04775
0.999999
1
2.25955e-18
1
1
1.12523e-26
8.63793e-21
1.20679e-24
1.46083e-29
0.368557
0.999984
6.11121e-08
5.29783e-11
0.994392
1
0.0126505
8.27001e-13
6.0331e-28
8.46349e-10
0.999997
0.00213083
2.32917e-18
0.279284
0.99996
1
0.999993
6.71553e-23
1.09036e-35
0.000225147
1
8.68034e-14
8.89322e-20
4.74781e-09
0.918011
0.999995
0.999991
1.8609e-23
9.27318e-32
7.14552e-08
0.999994
3.15637e-11
4.03725e-25
0.999869
3.46712e-28
0.999999
1
6.6994e-06
3.36217e-26
1
5.64435e-25
5.93754e-23
2.74835e-06
2.97009e-20
8.02075e-09
3.59702e-09
0.00163169
5.35687e-10
7.73742e-25
0.506981
0.157348
1
2.20304e-23
2.82937e-21
1.21685e-13
0.994775
3.57914e-24
1.35554e-16
0.999712
2.03468e-27
2.90362e-27
0.0647284
0.999853
1
0.999905
6.36286e-26
4.3585e-19
6.77088e-14
7.47111e-15
0.000494539
8.68936e-08
0.00902195
0.0174604
0.990699
1
1
1
1.14987e-17
0.00034913
5.93711e-06
2.26383e-29
0.996874
0.999999
0.000452135
1
0.999956
1.17766e-18
3.57863e-20
0.995224
5.98774e-07
5.15949e-10
0.999967
1
1
7.42428e-05
1.52064e-13
1
1
1.64961e-23
2.61853e-34
2.43206e-15
1
2.58169e-14
3.48497e-37
0.506158
3.40719e-21
0.000757481
2.03163e-24
0.451354
0.999672
0.999713
4.59623e-14
0.999947
0.000239925
0.128284
6.84925e-26
2.71018e-18
0.999457
0.969282
0.361523
5.83632e-19
1.09761e-16
0.106466
0.998453
1.1133e-07
1.15519e-11
9.31823e-14
0.999968
1
1.4646e-12
4.31225e-17
5.5285e-11
0.905535
1
0.0214611
2.32383e-08
2.07028e-17
0.998166
0.999936
0.863661
2.20315e-21
6.0189e-11
0.00184298
1
0.0605575
1
2.58545e-20
0.999312
1.38732e-21
0.998089
0.80617
9.7582e-08
0.999999
1.72827e-07
4.40795e-12
1
0.999978
0.00751167
0.995348
1
0.999511
8.40579e-13
6.09529e-27
6.4782e-29
0.977941
0.000259947
1.12975e-08
2.47504e-05
0.99975
1
2.08822e-06
0.987807
0.999999
0.595862
6.82474e-18
0.000117225
0.998264
1
8.98515e-19
1
0.00329022
9.23454e-10
0.999998
6.511e-12
0.0440997
1
1.03535e-18
1.32315e-10
2.84306e-11
0.999993
7.45856e-21
5.8341e-09
2.71011e-10
0.17438
1
1
0.993367
0.99992
3.45325e-16
4.2483e-08
2.88848e-22
0.969271
5.95322e-11
1.30717e-26
0.999151
7.66357e-05
3.75624e-10
3.45312e-06
7.10737e-05
0.999999
0.951994
0.999943
0.476788
0.999662
0.999985
5.67709e-05
6.99176e-16
5.66168e-19
0.724623
6.24659e-21
0.979532
1
0.0834083
3.61274e-07
5.78474e-06
0.994111
0.337632
0.000236428
3.4857e-17
5.74623e-08
0.999943
1
0.737668
1.19991e-09
7.20952e-23
1
0.793117
0.00744836
2.09106e-24
2.94633e-15
0.987679
1
0.0120985
1.85558e-10
9.89351e-08
0.999191
2.82655e-06
6.45197e-09
1.45857e-24
2.75113e-05
9.93792e-06
0.88885
0.999766
0.000666384
1.48184e-24
6.29839e-22
2.81387e-15
0.0402998
0.0111476
0.240501
6.11334e-08
2.82527e-06
2.18987e-15
4.26511e-08
2.03243e-05
0.992267
1
1
6.9404e-22
4.68444e-10
2.67229e-25
0.978628
1.13875e-19
6.98721e-06
0.987598
0.994432
3.39514e-18
0.971466
4.56038e-18
2.31217e-05
0.0701188
7.8415e-08
2.51395e-21
0.0468883
2.65791e-14
1.96179e-09
0.0524123
0.997422
2.97022e-05
0.991194
1
0.711028
1.05141e-14
3.74166e-05
0.000560346
0.0539772
6.04684e-09
0.375687
0.0114963
4.90734e-14
1.14434e-16
6.69777e-16
1
0.126625
3.29562e-09
1
1.4615e-19
7.66994e-10
5.35616e-10
0.999998
0.957029
0.999903
0.984785
1
0.999532
2.15148e-16
8.12465e-21
0.998009
1
0.000527512
5.74178e-20
1
0.0242161
9.70451e-22
1.25495e-20
0.999993
1
0.999751
8.14295e-16
0.337316
1.5632e-05
1
0.999954
1.32536e-23
0.992406
1
1
2.10194e-18
1
0.00310529
2.08673e-21
3.8755e-15
0.848125
2.40544e-10
6.95564e-11
1.77465e-07
0.999863
1
0.00285988
0.95059
5.88527e-13
0.999951
1
0.999938
1
0.930875
0.992201
0.0789113
4.50264e-18
0.877401
0.999998
0.999995
1
0.998123
1
7.23737e-17
1
0.999985
4.76674e-05
0.000319903
1
5.70275e-29
0.999975
5.21041e-05
0.999994
0.252505
4.53093e-13
2.34015e-07
0.973144
1
4.51689e-24
1.21062e-15
1
1
1
0.984375
3.95186e-14
0.99679
5.53788e-07
1
2.63238e-08
0.99891
3.99277e-10
0.973725
3.08067e-10
1
0.00259993
1.74789e-05
0.982201
0.999919
2.31687e-20
0.486958
0.999854
1.33104e-14
1
4.15765e-22
3.55257e-22
3.38497e-06
1
0.999957
0.999958
0.999877
4.57743e-14
0.888146
0.999831
2.39745e-05
1.07496e-27
4.26397e-18
0.979977
4.63895e-06
1
7.05371e-07
1.842e-07
0.864056
0.978188
2.3813e-05
2.31656e-09
0.00481157
1
0.906829
5.12222e-06
0.994206
6.23145e-14
2.29674e-17
0.998465
6.36688e-07
1
2.09862e-20
0.979615
1.32586e-22
0.999999
0.000844293
1.39297e-11
1.66328e-17
0.99638
6.3654e-20
0.999993
1.21372e-14
1
0.486388
1
2.36734e-17
0.991966
0.976293
7.98558e-13
0.000306943
1.00872e-12
2.50388e-05
0.993485
0.998602
4.28454e-16
0.999988
0.873066
6.6512e-12
0.999983
0.788686
4.31336e-14
1.41689e-21
0.305659
0.999987
3.26669e-05
0.999467
0.999938
1
0.598071
3.65335e-19
0.999878
6.79342e-08
1
4.25346e-18
0.998127
1
1.70908e-09
0.999999
0.996387
2.37266e-15
0.999999
1.67772e-20
1.00514e-24
0.0030178
1
5.10331e-07
5.07236e-11
0.999878
0.986968
1
0.376906
0.000335742
4.24151e-21
1
1
1
2.41616e-20
8.62144e-27
0.999748
1
7.8428e-07
1.20683e-20
7.80892e-12
0.582151
1
0.0945713
5.34157e-19
2.29011e-10
1
