0.0068701
0.0962635
0.595687
0.332422
0.105383
0.332191
0.547715
0.410947
0.0112414
0.0128896
0.397353
0.0217174
0.505588
0.0723715
0.255828
0.565001
0.17504
0.301193
0.253344
0.0025198
0.263733
0.0319108
0.309672
0.0631164
0.23346
0.450403
0.131371
0.208663
0.0612089
0.0129856
0.42355
0.523928
0.373481
0.4223
0.0874433
0.561767
0.021172
0.112414
0.0644583
0.277497
0.348719
0.000219884
0.523385
0.0252846
0.421743
0.0610589
0.0491718
0.513784
0.158578
0.273808
0.0870614
0.638612
0.564707
0.4383
0.0124133
0.441437
0.477541
0.432618
0.36213
0.145204
0.216296
0.283723
0.128852
0.649231
0.090515
0.077437
0.0244951
0.128831
0.156078
0.366757
0.385064
0.297414
0.44036
0.10668
0.474014
0.0589479
0.357333
0.0723912
0.2365
0.694129
0.49575
0.0900483
0.000457188
0.541608
0.0263713
0.822958
0.517422
0.754356
0.691056
0.12831
0.0218398
0.372028
0.647008
0.181263
0.0676702
0.136629
0.190104
0.0651832
0.043889
0.767502
0.477153
0.551836
0.0454137
0.018401
0.00454046
0.0295096
0.302389
0.0193646
0.343865
0.265432
0.11527
0.161461
0.298494
0.00867085
0.0307475
0.668489
0.0822211
0.0805314
0.768576
0.184329
0.582399
0.276546
0.018392
0.0214053
0.428081
0.366302
0.184401
0.141813
0.471891
0.174734
0.0783637
0.0591385
0.514895
0.000907518
0.125151
0.317909
0.13158
0.326687
0.363668
0.453434
0.200098
0.0357914
0.25447
0.447598
0.684173
0.520181
0.258776
0.248316
0.390826
0.303401
0.49291
0.702464
0.202534
0.599777
0.389684
0.163517
0.213102
0.0743971
0.116139
0.0310659
0.518367
0.0344257
0.565297
0.155368
0.508762
0.460178
0.778188
0.277867
0.589058
0.122665
0.700074
0.660362
0.530095
0.839328
0.0497224
0.00170857
0.0634013
0.161333
0.0997002
0.0343078
0.359527
0.022009
0.000574129
0.228262
0.386294
0.0266268
0.319132
0.361906
0.10033
0.147628
0.22405
0.489073
0.541618
0.424609
0.276097
0.506778
0.0163545
0.624144
0.524481
0.507139
0.273394
0.601824
0.132057
0.378827
0.0041131
0.000600445
0.0260914
0.179514
0.101565
0.332423
0.447103
0.396874
0.322354
0.275966
0.393766
0.305403
0.508019
0.0237118
0.482869
0.422061
0.433734
0.103872
0.0579183
0.399246
0.734651
0.302371
0.846224
0.472425
0.0592737
0.595107
0.180041
0.0184515
0.304065
0.630572
0.276328
7.79995e-05
0.0136226
0.56917
0.0247507
0.185256
0.00082191
0.0631192
0.689047
0.324499
0.0378719
0.473932
0.237168
0.590478
0.00134981
0.245867
0.481837
0.0105425
0.293339
0.210281
0.57848
0.155003
0.340196
0.112807
0.329493
0.407016
0.456957
0.0467961
0.53791
0.0572272
0.00348137
0.292149
0.326416
0.000329351
0.4572
0.623377
0.537344
0.0628068
0.00167421
0.370093
0.419549
0.656486
0.0133226
0.275458
0.399125
0.448747
0.479672
0.0169437
0.258586
0.0185726
0.528766
0.0156328
0.0328286
0.0897538
0.215393
0.0677882
0.00346386
0.0174143
0.0285395
0.0823307
0.0373048
0.292216
0.00051362
0.00434796
0.0365072
0.0223705
0.0156421
0.13198
0.365092
0.13736
0.374342
0.0399145
0.0957573
0.028582
0.0447332
0.478276
0.602093
0.00106697
0.0125671
0.557484
0.637186
0.0764638
0.665262
0.308169
0.0620641
0.0565086
0.0329554
0.00653652
0.50776
0.622514
0.63974
0.277511
0.150049
0.483548
0.625849
0.116238
0.0481954
0.290733
0.404874
0.000384106
0.0587127
0.342855
0.00111392
0.421302
0.457643
0.316733
0.570032
0.130499
0.193128
0.551616
0.295723
0.095489
0.0490382
0.350485
0.406016
0.152857
0.291077
0.00515405
0.0633766
0.0322339
0.361678
0.635231
0.501951
0.342717
0.484426
0.0213855
0.00530759
0.308591
0.291045
0.172248
0.00675122
0.540988
0.486847
0.644718
0.298439
0.0186548
0.533701
0.0971311
0.204361
0.461504
0.00369258
0.451148
0.612535
0.505913
0.518282
0.129668
0.109368
0.316926
0.0213542
0.529312
0.396785
0.0393603
0.041064
0.275307
0.455941
0.121395
0.000503084
0.335992
0.068458
0.569441
0.64203
0.00668094
0.0795743
0.686355
0.428345
0.537012
0.333306
0.0939357
0.595193
0.55202
0.338085
0.606492
0.00149716
0.0917949
0.486599
0.280622
0.473554
0.281845
0.410765
0.0409483
0.120589
0.112863
0.298439
0.595989
0.608675
0.136754
0.197817
0.316574
0.0330666
0.184392
0.0795194
0.683259
0.635151
0.458409
0.359764
0.0590932
0.220575
0.288354
0.00399515
0.652446
0.157525
0.303895
0.507734
0.471095
0.0597752
0.500304
0.0032604
0.574701
0.0648481
0.784448
0.462138
0.48287
0.446655
0.0125619
0.0162811
0.267513
0.645909
0.568345
0.495341
0.534525
0.105571
0.472839
0.582754
0.6005
0.548443
0.569056
0.248609
0.137559
0.0656392
0.506489
0.176467
0.0476445
0.139755
0.0048964
0.388092
0.388539
0.554489
0.0568616
0.0254034
0.544492
0.28742
0.443905
0.384088
0.601653
0.325763
0.378609
0.639928
0.0165185
0.178082
0.706519
0.339945
0.537302
0.0109903
0.0379624
0.339361
0.117222
0.00762135
0.250317
0.445185
0.000217428
0.163072
0.163605
0.081937
0.169738
0.237316
0.0904661
0.224047
0.0285772
0.298689
0.645794
0.0723904
0.0298853
0.321085
0.189946
0.747744
0.00696748
0.379924
0.00305251
0.0063616
0.0451701
0.148953
0.0767289
0.00502181
0.301762
0.625837
0.318232
0.560372
0.139935
0.359888
0.179148
0.00925848
0.256164
0.388737
0.00925313
0.390879
0.244584
0.348129
0.609462
0.295917
0.317232
0.00153337
0.0248494
0.00645716
0.152455
0.616512
0.168829
0.0068178
0.579489
0.215495
0.0725709
0.0174446
0.524662
0.0128718
0.325939
0.0589703
0.13162
0.241609
0.362624
0.343856
0.30648
0.0649504
0.477548
0.340987
0.0836485
0.0074256
0.00244226
0.0275506
0.211126
0.175348
0.637782
0.18863
0.17442
0.241889
0.582874
0.65295
0.504793
0.348842
0.0302921
0.0155695
0.076022
0.322653
0.1296
0.114058
0.777461
0.319166
0.335332
0.0182255
0.500989
0.500318
0.211629
0.00291174
0.529366
0.3649
0.199497
0.226848
0.00986993
0.00342244
0.453745
0.00370696
0.290057
0.147611
0.241714
0.166192
0.246563
0.432955
0.0213231
0.756249
0.295533
0.0242243
0.00139872
0.000300651
0.0253378
0.362991
0.318708
0.00504221
0.0149451
0.0666892
0.432271
0.666202
0.299474
0.149292
0.603609
0.145556
0.149108
0.494316
0.0413915
0.544579
0.566017
0.00518146
0.651151
0.106319
0.145241
0.175787
0.0717289
0.0059522
0.498563
0.595888
0.198085
0.158499
0.385237
0.479821
0.298109
0.424763
0.365181
0.274321
0.579867
0.0821866
0.464855
0.600403
0.0240884
0.45636
0.11286
0.19057
0.589507
0.38584
0.0841458
0.0010095
0.660973
0.00540989
0.611683
0.420951
0.510032
0.0641574
0.432919
0.0755976
0.235012
0.00529817
0.691927
0.0066398
0.408889
0.0548421
0.376996
0.22401
0.0729402
0.00397288
0.123577
0.00583563
0.511939
0.708723
0.00523488
0.716528
0.625519
0.451682
0.159035
0.691314
0.520498
0.261703
0.00764924
0.801671
0.565383
0.767106
0.33102
0.131248
0.380074
0.325888
0.717534
0.316406
0.0651708
0.359712
0.274855
0.452656
0.0229035
0.271618
0.451123
0.295504
0.392495
0.187968
0.170459
0.352457
0.778186
0.7916
0.0262645
0.316787
0.666745
0.55838
0.123983
0.379583
0.0397883
0.586054
0.493873
0.109717
0.233764
0.0750025
0.656044
0.443278
0.368719
0.0340112
0.282595
0.148077
0.0243878
0.243016
0.526015
0.0106481
0.743062
0.187342
0.637301
0.728733
0.0570096
0.315239
0.535444
0.587421
0.488978
0.221986
0.556867
0.00421434
0.540095
0.250735
0.271244
0.0381515
0.0365339
0.443893
0.193946
0.525197
0.115723
0.116325
0.0446363
0.0260992
0.0621955
0.271751
0.112525
0.0811451
0.625548
0.0655874
0.0191633
0.0224363
0.000748319
0.490056
0.473281
0.459698
0.0118287
0.301949
0.0188535
0.597696
0.753053
0.306754
0.349006
0.678307
0.275582
0.00705933
0.555253
0.0545707
0.667264
0.450564
0.0315693
0.000203271
0.208689
0.0275985
0.00473782
0.0875621
0.0866181
0.221521
0.095634
0.00484476
0.37132
0.668701
0.0133524
0.421605
0.182993
0.64758
0.630898
0.238689
0.216871
0.736785
0.523275
0.487731
0.166917
0.013425
0.00915192
0.455164
0.0303844
0.232923
0.312694
0.0120555
0.357923
0.704889
0.702119
0.24207
0.45338
0.290786
0.0120256
0.677592
0.374506
0.15371
0.0911613
0.795891
0.772394
0.71084
0.398191
0.0136537
0.184441
0.0745086
0.598154
0.271406
0.00462071
0.589946
0.435536
0.214103
0.0308945
0.0859812
0.274295
0.319879
0.327699
0.308707
0.174612
0.213698
0.00947305
0.0638562
0.0183964
0.00843493
0.008616
0.174421
0.601795
0.373223
0.000961103
0.229213
0.0489107
0.338595
0.231548
0.668845
0.117131
0.148183
0.682288
0.0536547
0.0318604
0.0743706
0.230949
0.0228515
0.172372
0.209855
0.304011
0.00534091
0.0115691
0.296655
0.691046
0.0089822
0.388751
0.272961
0.000118197
0.26212
0.0236654
0.00083126
0.475287
0.0195175
0.208726
0.612413
0.809268
0.444354
0.408668
0.678865
0.172387
0.0567653
0.710539
0.66792
0.253424
0.490591
0.421208
0.380352
0.0861408
0.578413
0.0697979
0.0597536
0.19674
0.016194
0.205417
0.637151
0.357574
0.463605
0.0718396
0.00114584
0.188523
0.12188
0.715059
0.0136973
0.6169
0.349984
0.165076
0.356365
0.000285238
0.284521
0.311159
0.0309856
0.00910314
0.699251
0.207044
0.0274761
0.353813
0.0208541
0.00660915
0.488833
0.458896
0.576747
0.263002
0.238511
0.433074
0.00759682
0.0126309
0.024344
0.134309
0.151041
0.353156
0.00719893
0.477313
0.0744963
0.116409
0.300691
0.594261
0.30099
0.432811
0.116235
0.608499
0.0557251
0.0244605
0.0276905
0.38679
0.123929
0.343577
0.0215229
0.0399032
0.363005
0.563891
0.141338
0.0173258
0.0367233
0.336636
0.175548
0.3386
0.533516
0.0555638
0.011363
0.00285103
0.373981
0.232004
0.432621
0.265974
0.0210819
0.0953244
0.216399
0.0220197
0.621717
0.00224054
0.322115
0.0122502
0.14502
0.198611
0.002006
0.0838215
0.314272
0.790685
0.652497
0.0136103
0.0391608
0.308388
0.305842
0.043152
0.565064
0.0768439
0.00158619
0.664763
0.0760106
0.163443
0.577728
0.552855
0.467373
0.0525355
0.0496118
0.298918
0.260904
0.0854881
0.78278
0.00672599
0.191853
0.0138956
0.039673
0.529477
0.782823
0.118195
0.000316305
0.0503447
0.506263
0.154085
0.0654125
0.0458093
0.00101053
0.0195892
0.00585525
0.32235
0.194805
0.327626
0.334266
0.0720834
0.138239
0.30806
0.221964
0.0688998
0.137957
0.00339218
0.000226488
0.071279
0.770558
0.0284293
0.323645
0.438432
0.363033
0.323769
0.0712993
0.678719
0.508972
0.0972389
0.839168
0.62968
0.457891
0.362226
0.132216
0.376736
0.0171317
0.07572
0.338517
0.480293
0.018479
0.0401242
0.0252824
0.395666
0.32317
0.689579
0.403911
0.585317
0.128222
0.367437
0.175819
0.00336161
0.436297
0.509598
0.053344
0.0782004
0.0570875
0.00225975
0.269408
0.00112975
0.204324
0.0200967
0.332424
0.534186
0.516625
2.75254e-05
0.00867345
0.0826971
0.0212418
0.0115393
0.314924
0.505092
0.305019
0.0456535
0.0287651
0.0807166
0.226364
0.00494721
0.204854
0.432493
0.415002
0.542489
0.458937
0.270611
0.0986085
0.261558
0.000866917
0.205669
0.792506
0.456294
0.204097
0.0380013
0.0169651
0.312148
0.0219883
0.174402
0.0087621
0.0333386
0.339354
0.38554
0.708008
0.0824053
0.699375
0.0243496
0.346411
0.319302
0.539155
0.0928853
0.229681
0.393648
0.445647
0.0970564
0.02034
0.0718929
0.0895029
0.061873
0.482649
0.350024
0.389466
0.302297
0.499583
0.492508
0.0153854
0.198589
0.3144
0.782337
0.82143
0.65896
0.0148414
0.156053
0.0944626
0.00940251
0.242006
0.215913
0.417952
0.206024
0.0970841
0.77014
0.192521
0.207588
0.0688957
0.79894
0.0895137
0.418169
0.358366
0.539903
0.0683493
0.693985
0.573987
0.147589
0.106717
0.529975
0.770793
0.149178
0.232867
0.573585
0.211433
0.318868
0.323976
0.0335302
0.366582
0.0231544
0.0136741
0.15336
0.00546392
0.0235717
0.589422
0.0184142
0.684924
0.590563
0.0054148
0.105255
0.507936
0.237126
0.328621
0.00171425
0.0265413
0.115907
0.00545612
0.592877
0.354412
0.35684
0.158417
0.293364
0.0298262
0.00311008
0.22969
0.656985
0.327632
0.364703
0.0907183
0.00795926
0.0162755
0.451432
0.000917918
0.615293
0.87904
0.648044
0.0605037
0.0397368
0.590254
0.342037
0.117169
0.0131005
0.204781
0.489061
0.0747166
0.095101
0.467259
0.59972
0.12178
0.0116748
0.444156
0.49219
0.0362792
0.197254
0.519888
0.000569477
0.0585299
0.0415111
0.203602
0.764446
0.0242484
0.10807
0.822168
0.290474
0.00481908
0.00103612
0.319317
0.267614
0.203879
0.153901
0.066811
0.276628
0.462071
0.771193
0.66778
0.0281378
0.00344802
0.726167
0.367958
0.0645641
0.214459
0.143333
0.910939
0.034288
0.596828
0.071207
0.175795
0.564966
0.259005
0.0309527
0.465877
0.0234116
0.282728
0.10482
0.472442
0.204528
0.119472
0.550755
0.306595
0.13479
0.0185112
0.0694753
0.35591
0.432497
0.216111
0.690846
0.278206
0.290885
0.0169243
0.177091
0.379928
0.548736
0.574761
0.47402
0.00323006
0.0103987
0.314979
0.611911
0.712986
0.234736
0.502539
0.00203494
0.633368
0.204783
0.0368708
0.612571
0.768633
0.000815432
0.120473
0.385003
0.324819
0.477066
0.659928
0.574316
0.510515
0.134935
0.00930435
0.128499
0.218791
0.0222943
0.0639308
0.539797
0.0301637
0.0102723
0.24203
0.0703826
0.223524
0.414078
0.580785
0.152075
0.628106
0.257263
0.438495
0.00330088
0.153816
0.363835
0.473968
0.623444
0.156913
0.837084
0.178613
0.0640689
0.299867
0.232714
0.0066535
0.172032
0.150916
0.149956
0.42556
0.0515766
0.131451
0.320243
0.926871
0.126607
0.695365
0.302139
0.208554
0.392907
0.152863
0.809744
0.0346254
0.328195
0.571597
0.0582529
0.497899
0.00781671
0.303983
0.0510144
0.0170858
0.039133
0.310091
0.0172284
0.076205
0.0167724
0.380015
0.173645
0.0600175
0.176062
0.0731009
0.139996
0.380358
0.0030307
0.34411
0.440478
0.030229
0.636988
0.304823
0.0156137
0.395818
0.839852
0.0665792
0.134724
0.263129
0.0662498
0.559575
0.497231
0.0349382
0.310186
0.0159949
0.52952
0.416461
0.0830583
0.0158607
0.0147156
0.122684
0.493602
0.00883137
0.674983
0.231278
0.451655
0.00383395
0.636272
0.0197162
0.916751
0.0107706
0.393139
0.0410381
0.263042
0.00175391
0.00427175
0.0067284
0.0753857
0.215338
0.23626
0.418246
0.222525
0.457795
0.00717294
0.163873
0.0430485
0.158967
0.376947
0.0364973
0.264816
0.112558
0.52359
0.657772
0.37213
0.0349279
0.469401
0.175908
0.281015
0.188388
0.111333
0.609284
0.0727754
0.021491
0.442848
0.0486333
0.713397
0.335448
0.367641
0.0485624
0.374918
0.349071
0.0137944
0.141727
0.592675
0.138876
0.666081
0.369444
0.482793
0.504469
0.00742341
0.158943
0.442367
0.0129866
0.369141
0.230433
0.470775
0.00203152
0.678882
0.479788
0.111577
0.012886
0.501126
0.552346
0.388078
0.800797
0.0435574
0.458778
0.0963384
0.201147
0.364631
0.557879
0.810356
0.401762
0.0267601
0.29556
0.000131775
0.243023
0.456909
0.107786
0.295702
0.533503
0.179759
0.331013
0.713214
0.533934
0.289663
0.668562
0.383505
0.227294
0.231819
0.0220757
0.359645
0.0174099
0.509732
0.0807322
0.462378
0.0328687
0.166367
0.300755
0.790137
0.462436
0.561019
0.607055
0.0230942
0.431412
0.678047
0.165764
0.0308426
0.162009
0.0359071
0.00449458
0.00771796
0.357989
0.505406
0.0574848
0.216554
0.0960316
0.329853
0.0303334
0.275237
0.00365406
0.434641
0.469484
0.375677
0.283405
0.0719867
0.0330821
0.0945371
0.724124
0.0154362
0.706228
0.0835354
0.389266
0.277978
0.306543
0.428494
0.306767
0.3297
0.0782693
0.165276
0.444239
0.510799
0.129831
0.0523391
0.376588
0.0565547
0.227174
0.0481407
0.619806
0.228585
0.404781
0.468774
0.615603
0.362299
0.0378098
0.344082
0.010411
0.0981636
0.406232
0.389897
0.138459
0.193752
0.519846
0.366084
0.108319
0.00172901
0.802211
0.535727
0.557973
0.752945
0.163318
0.0593618
0.778127
0.147097
0.216331
0.125163
0.137278
0.384454
0.0197946
0.397111
0.216676
0.0246042
0.468181
0.347005
0.521468
0.338471
0.0198145
0.459154
0.087815
0.0483907
0.306712
0.0643358
0.835487
0.0312281
0.117121
0.331008
0.00530273
0.622747
0.224966
0.396471
0.123328
0.0221535
0.632109
0.0145391
0.379701
0.593899
0.000584369
0.582107
0.219807
0.109142
0.679983
0.0142391
0.31376
0.142707
0.584119
0.366282
0.253293
0.0799475
0.808962
0.051631
0.710644
0.496015
0.0808876
0.0532514
0.400697
0.082415
0.014657
0.165701
0.82413
0.472171
0.580186
0.662986
0.631181
0.0380909
0.336881
0.0845039
0.489751
0.15796
0.0367722
0.292437
0.475765
0.759225
0.122996
0.353881
0.0865807
0.304592
0.283028
0.072481
0.586439
0.123104
0.116665
0.72699
0.00134672
0.0286002
0.583654
0.0372116
0.283174
0.00180533
0.109894
0.339167
0.189351
0.400023
0.444376
0.254637
0.0279654
0.390352
0.0654705
0.648164
0.0202394
0.000974095
0.0027671
0.407388
0.198839
0.70931
0.244369
0.0349112
0.364087
0.744231
0.206369
0.194077
0.343589
0.217774
0.626356
0.0536304
0.212464
0.406299
0.0260492
0.00403411
0.585581
0.00342352
0.341693
0.138222
0.183489
0.318145
0.627719
0.158865
0.445598
0.162726
0.0391519
0.00538035
0.683551
0.261792
0.473435
0.000470959
0.00490555
0.429919
0.123034
0.679492
0.00162305
0.15195
0.439599
0.018032
0.356344
0.634499
0.409558
0.476213
0.468655
0.0267613
0.0201936
0.522534
0.374553
0.358469
0.734571
0.150975
0.0871219
0.00568591
0.544226
0.00086206
0.675002
0.530966
0.226239
0.833243
0.0316185
0.584066
0.00891351
0.00175339
0.024503
0.279362
0.711324
0.187611
0.0202908
0.554255
0.134213
0.00269556
0.305388
0.0549705
0.335468
0.228692
0.709182
0.335201
0.0376683
0.218618
0.0543273
0.00144227
0.0147184
0.460438
0.786616
0.663965
0.323045
0.549584
0.321781
0.17793
0.252746
0.48832
0.678552
0.267922
0.345537
0.0235684
0.294367
0.156017
0.436311
0.101917
0.580188
0.000170056
0.685308
0.460155
0.00623626
0.230172
0.0568698
0.332391
0.323191
0.350909
0.484591
0.337596
0.00387902
0.14396
0.340557
0.149693
0.211538
0.0767747
0.422634
0.468706
0.597153
0.0123065
0.0814352
0.615547
0.552596
0.344469
0.113846
0.28824
0.137104
0.357845
0.000987731
0.12056
0.411142
0.354942
0.146198
0.137883
0.538203
0.326832
0.0285179
0.0157378
0.802694
0.506321
0.613166
0.832682
0.0412726
0.00539679
0.120175
0.105721
0.577028
0.379064
0.561642
0.283496
0.289754
0.461748
0.414003
0.62781
0.114637
0.587448
0.832112
0.0178079
0.409887
0.17865
0.00341613
0.317932
0.0365673
0.532445
0.0497263
0.345227
0.0282687
0.0580223
0.510977
0.125903
0.232567
0.00390729
0.358431
0.305269
0.31675
0.0259399
0.339684
0.00710876
0.57448
0.201291
0.612649
0.74218
0.320317
0.468111
0.265204
0.394337
0.383894
0.0451034
0.527681
0.0565267
0.364461
0.151832
0.218529
0.00456959
0.771908
0.104917
0.262374
0.0333402
0.0208455
0.0163568
0.0314291
0.38556
0.43821
0.260719
0.50365
0.0772594
0.0515332
0.0828534
0.602187
0.544733
0.541402
0.0189299
0.234437
0.223039
0.509508
0.276867
0.662468
0.190185
0.323262
0.024216
0.0106327
0.0120401
0.0156388
0.672948
0.530792
0.0372229
0.341661
0.436058
0.139986
0.266949
0.0597532
0.67877
0.0308326
0.0177003
0.177874
0.624906
0.40377
0.177237
0.0112587
0.240617
0.0855947
0.0075411
0.443036
0.0205011
0.195308
0.364115
0.0428133
0.185036
0.233448
0.0196775
0.257778
0.338756
0.519256
0.3544
0.439189
0.659078
0.016801
0.812316
0.474099
0.469251
0.419205
0.486975
0.628558
0.486663
0.398523
0.318672
0.394933
0.376086
0.60733
0.349678
0.0167824
0.397338
0.578369
0.525499
0.128503
0.712994
0.467988
0.0596844
0.201951
0.39354
0.0364388
0.30033
0.0381145
0.0967604
0.0271772
0.0157107
0.321805
0.379973
0.0791905
0.327679
0.440927
0.211622
0.000100291
0.155106
0.272578
0.306515
0.0173967
0.283523
0.301448
0.470694
0.00704909
0.776229
0.448524
0.237067
0.606358
0.305191
0.0428886
0.468114
0.601013
0.000198341
0.00509889
0.611015
0.225861
0.0965035
0.379913
0.386119
0.564541
0.0347213
0.00753292
0.0607979
0.652859
0.411767
0.28489
0.296743
0.121324
0.10031
0.172269
0.0150546
0.659704
0.354739
0.18237
0.581241
0.0585858
0.421487
0.293135
0.751695
0.343801
0.482745
0.0495625
0.125694
0.0511925
0.068214
0.284574
0.0480118
0.416625
0.688012
0.0193092
0.428988
0.00969962
0.0101154
0.691771
0.464528
0.408375
0.0864395
0.0504094
0.160438
0.552723
0.64409
0.00457896
0.340497
0.00853839
0.518821
0.0228864
0.0863212
0.386241
0.183394
0.0161464
0.551524
0.322201
0.191844
0.0498787
0.209407
0.00643229
0.294376
0.015034
0.335989
0.349385
0.525602
0.0188202
0.418109
0.280161
0.00970982
0.655269
0.526304
0.228008
0.343692
0.0266872
0.433332
0.000652726
0.187665
0.256456
0.250129
0.00423139
0.309226
0.0440583
0.0362246
0.564898
0.357043
0.690778
0.55363
0.00544109
0.658627
0.0810133
0.138012
0.337643
0.393805
0.123642
0.0715403
0.0404883
0.462161
0.30949
0.00526045
0.230336
0.314652
0.445353
0.0405099
0.190314
0.00391938
0.0723502
0.147685
0.126106
0.0152171
0.0667607
0.253548
0.0247617
0.0140398
0.253333
0.00270515
0.5101
0.0203336
0.00291913
0.000240089
0.403851
0.0288639
0.00738702
0.42087
0.052822
0.0141232
0.50808
0.613824
0.000778042
0.332427
0.000415702
0.273298
0.317906
0.556759
0.100779
0.613495
0.282741
0.0494343
0.220744
0.0800969
0.465038
0.0181419
0.38757
0.219078
0.00484502
0.273505
0.155071
0.506683
0.078022
0.290651
0.591942
0.10284
0.168433
0.576542
0.220994
0.0187141
0.305774
0.476248
0.80577
0.103126
0.271996
0.729539
0.31581
0.00480999
0.00568763
0.828019
0.0325916
0.373275
0.299772
0.431787
0.0422154
0.155588
0.358525
0.524647
0.477376
0.291114
0.00579111
0.394839
0.0858722
0.690852
0.53948
0.641101
0.137033
0.0926606
0.0148386
0.00773565
0.0584236
0.81448
0.0202062
0.0689863
0.0266999
0.129321
0.697351
0.0517363
0.0145184
0.000247951
0.232176
0.726147
0.555175
0.478402
0.253739
0.698291
0.192936
0.0444294
0.18895
0.336547
0.194519
0.00987174
0.401508
0.190744
0.106213
0.178118
0.0702098
0.138021
0.00328236
0.232398
0.356673
0.317318
0.154373
0.471208
0.262561
0.0433928
0.42998
0.0511081
0.000874357
0.168108
0.0549835
0.05327
0.44075
0.0295759
0.107241
0.507662
0.0123067
0.521165
0.507592
0.00854919
0.0140193
0.164415
0.503376
0.603605
0.133681
0.0603047
0.733476
0.287941
0.0106886
0.289248
0.487302
0.00595632
0.440004
0.468252
0.248556
0.320762
0.474371
0.141804
0.295202
0.00251843
0.774828
0.055614
0.00653327
0.626926
0.512287
0.553266
0.302934
0.0788553
0.00444252
0.307329
0.0428501
0.0868952
0.379215
0.00368838
0.683225
0.135157
0.273623
0.316821
0.00947271
0.0162504
0.773187
0.563815
0.0279045
0.54975
0.00809622
0.238798
0.293689
0.282385
0.171761
0.252954
0.6019
0.289036
0.152933
0.596809
0.0467392
0.365229
0.354276
0.411843
0.565195
0.0287587
0.001082
0.112795
0.751242
0.161041
0.444952
0.358355
0.0703328
0.0858542
0.0942579
0.250994
0.829364
0.17959
0.0104142
0.0635894
0.0640753
0.617217
0.214751
0.0334829
0.118948
0.372144
0.611798
0.0949925
0.412231
0.339912
0.0179167
0.000735309
0.574986
0.307854
0.151462
0.35481
0.330248
0.436745
0.0732648
0.416968
0.271555
0.580575
0.0455371
0.603064
0.274353
0.184131
0.00377109
0.621531
0.302858
0.00538335
0.110115
0.337094
0.0559933
0.0696536
0.215289
0.0447539
0.0121267
0.0307821
0.564269
0.190085
0.00217762
0.00218793
0.0332967
0.492749
0.441537
0.130941
0.5438
0.151072
0.456443
0.138184
0.459821
0.500255
0.26659
0.0712858
0.364103
0.0809866
0.552774
0.673342
0.0252404
0.113566
0.0334557
0.22378
0.381594
0.0290827
0.0842849
0.0191419
0.0110473
0.0605716
0.370789
0.000807998
0.113704
0.0268231
0.611899
0.363622
0.00120675
0.48524
0.588189
0.108116
0.110075
0.528303
0.258339
0.801921
0.540375
0.58059
0.129831
0.00600562
0.445621
0.564545
0.43036
0.10632
0.557435
0.570269
0.57528
0.229322
0.472068
0.355134
0.0348269
0.330653
0.0314162
0.700248
0.216598
0.0110517
0.00669724
0.339323
0.192608
0.574514
0.0214072
0.0242475
0.0957919
0.407197
0.0119606
0.474768
0.642532
0.469904
0.245096
0.278927
0.870331
0.58929
0.597402
0.445596
0.765524
0.0551657
0.0856955
0.0772527
0.0164488
0.132274
0.458384
0.593816
0.0999534
0.214155
0.19384
0.501296
0.387917
0.742769
0.311259
0.00264431
0.605148
0.474841
0.475381
0.0207844
0.0110891
0.000194415
0.121418
0.444347
0.00883798
0.232949
0.00235807
0.162949
0.246615
0.197781
0.327713
0.374085
0.431117
0.0108906
0.0043737
0.228361
0.0221961
0.139002
0.00545595
0.17273
0.285885
0.0537179
0.118193
0.0886093
0.145984
0.193778
0.0970643
0.353484
0.647392
0.564887
0.297642
0.0157949
0.037939
0.0582259
0.012228
0.376414
0.473987
0.756224
0.31221
0.155766
0.000380664
0.0388709
0.344301
0.334929
0.0218577
0.450566
0.701313
0.266018
0.195971
0.28273
0.477986
0.821701
0.201763
0.396179
0.0573775
0.407388
0.320538
0.0251472
0.717487
0.699035
0.264538
0.16309
0.802834
0.228602
0.0219333
0.3879
0.156953
0.109411
0.450437
0.00023914
0.667312
0.601266
0.487407
0.449809
0.280629
0.46449
0.4191
0.610321
0.464992
0.294796
0.751995
0.782937
0.582089
0.765583
0.203421
0.00276019
0.460699
0.0961478
0.0841007
0.388796
0.0681452
0.359632
0.065442
0.00543722
0.525694
0.381952
0.375232
2.31293e-05
0.405761
0.384563
0.0316838
0.229704
0.306389
0.483118
0.549616
0.295903
0.410446
0.588507
0.0854108
0.468623
0.745709
0.243179
0.0792546
0.661442
0.532705
0.334279
0.187923
0.00030357
0.453581
0.0507597
0.000234621
0.026263
0.515239
0.595304
0.89729
0.00105537
0.679583
0.385957
0.114885
0.358899
0.252861
0.697757
0.313439
0.149766
0.574346
0.488486
0.325575
0.464965
0.0868942
0.0338267
0.00895272
0.214294
0.596161
0.588579
0.298754
0.0718267
0.546655
0.637704
0.45635
0.485327
0.0140902
0.0968906
0.300225
0.506054
0.101352
0.305755
0.601039
0.00694774
0.000276831
0.37929
0.794654
0.037617
0.369014
0.044845
0.303759
0.734241
0.0108327
0.735418
0.243248
0.452387
0.0174661
0.0805899
0.0084926
0.676527
0.471989
0.441294
0.00989148
0.0102931
0.0769575
0.47442
0.674447
0.027104
0.475812
0.149897
0.267328
0.395503
0.319287
0.0777036
0.636433
0.37392
0.287764
0.50629
0.0925328
0.203252
0.194242
0.00179604
0.306981
0.19103
0.518013
0.413392
0.708814
0.000290048
0.11385
0.0483373
0.430224
0.00127303
0.8576
0.695591
0.30351
0.552119
0.362701
0.694251
0.061298
0.621759
0.0827451
0.0145426
0.112173
0.0055292
0.513445
0.356237
0.0968798
0.00123321
0.0941616
0.0022532
0.223977
0.387968
0.372639
0.558317
0.757878
0.629872
0.0680409
0.536999
0.331319
0.366062
0.086378
0.644537
0.0157245
0.176489
0.466787
0.104106
0.222833
0.665476
0.499674
0.0154402
0.322497
0.0864801
0.449026
0.00669022
0.421383
0.165613
0.000549174
0.454995
0.351943
0.322391
0.0015798
0.0232197
0.352818
0.112441
0.31301
0.384291
0.656423
0.0411668
0.0404329
0.105141
0.592153
0.557419
0.0707965
0.268126
0.150759
0.295033
0.381283
0.0034434
0.427918
0.167535
0.726703
0.269399
0.00909315
0.649368
0.671601
0.469513
0.0111372
0.600464
0.217656
0.395227
0.079439
0.131147
0.0533223
0.295095
0.0685272
0.174583
0.0151674
0.250739
0.83169
0.669106
0.104013
0.0836084
0.762267
0.00296001
0.196571
0.0801589
0.136119
0.374116
0.310354
0.211654
0.0081184
0.000466319
0.101188
0.0437541
0.0115748
0.0223061
0.291984
0.47591
0.497226
0.215765
0.0136951
0.341481
0.431915
0.30824
0.35347
0.0209501
0.0200203
0.354661
0.102383
0.511086
0.21938
0.453751
0.65445
0.249018
0.18529
0.473429
0.362456
0.102346
0.674351
0.313897
0.0934608
0.331114
0.103605
0.0994067
0.544592
0.254713
0.21102
0.399535
0.0215963
0.415777
0.557963
0.20973
0.0566634
0.283813
0.0156329
0.440088
0.690718
0.534751
0.463587
0.526023
0.137483
0.479459
0.423917
0.474407
5.72594e-05
0.251399
0.772159
0.0601584
0.691523
0.125681
0.427711
0.25608
0.711591
0.0847633
0.015316
0.0803586
0.319386
0.573846
0.300891
0.0194428
0.491644
0.00116692
0.068681
0.718676
0.693737
0.146431
0.123331
0.18769
0.0257969
0.0626284
0.281216
0.429718
0.000647271
0.256138
0.417324
0.000120959
0.185302
0.301458
0.0780819
0.287246
0.0327357
0.0113841
0.335983
0.26075
0.554446
0.799203
0.347823
0.438246
0.000270655
0.047187
0.0632556
0.639904
0.266375
0.101281
0.527674
0.150208
0.689291
0.436225
0.00474719
0.045411
0.0955531
0.742206
0.581457
0.151065
0.243192
0.0189028
0.128377
0.0929271
0.0544308
0.565259
0.719708
0.173589
0.637037
0.00635431
0.0114916
0.420075
0.415382
0.547125
0.51494
0.104676
0.478533
0.0883735
0.00668458
0.401159
0.029905
0.000927871
0.128862
0.055098
0.095651
0.319989
0.542648
0.54309
0.389702
0.212648
0.00865581
0.0274968
0.16099
0.115603
0.29934
0.0169017
0.42631
0.823424
0.360054
0.175026
0.472553
0.32721
0.41271
0.262228
0.69846
0.33956
0.514512
0.200757
0.176088
0.011584
0.532832
0.000595936
0.424616
0.00363591
0.292805
0.00459899
0.303223
0.275888
0.517273
0.197709
0.000988076
0.18233
0.00570723
0.335697
0.261887
0.0159165
0.000323728
0.0136669
0.514191
0.797338
0.201717
0.0956575
0.272191
0.543573
0.0260215
0.00937155
0.52286
0.366004
0.174841
0.615396
0.229182
0.093507
0.0130052
0.182915
0.0598345
0.00442079
0.365251
0.0812619
0.11116
0.102735
0.421674
0.180039
0.290951
0.488962
0.0143324
0.332051
0.598473
0.847853
0.608881
0.0173656
0.105736
0.0249318
0.0907403
0.397223
0.133852
0.0846713
0.0155642
0.518705
0.332067
0.00105421
0.130544
0.0288205
0.461094
0.246041
0.577919
0.449191
0.656466
0.000246606
0.244499
0.0700197
0.00649168
0.0995651
0.00894609
0.652004
0.575777
0.878481
0.275197
0.311469
0.0502838
0.00793891
0.328918
0.170684
0.670375
0.671054
0.843916
0.448762
0.130223
0.337358
0.277645
0.00086233
0.339379
0.0556526
0.246212
0.0661255
0.531385
0.0285727
0.565854
0.0618855
0.0108212
0.187561
0.825909
0.68616
0.647158
0.0256719
0.351185
0.256883
0.225824
0.620845
0.0328343
0.741113
0.17308
0.637059
0.000713407
0.316037
0.300252
0.0324656
0.0312843
0.136323
0.524654
0.801659
0.609187
0.0253358
0.00739712
0.0320052
0.432205
0.609052
0.232051
0.0415259
0.125124
0.642913
0.553362
0.0504605
0.26461
0.324819
0.186445
0.305025
0.03424
0.0128506
0.533538
0.367551
0.456284
0.0160169
0.189471
0.36188
0.00286284
0.00204483
0.0160389
0.795566
0.432
0.606626
0.0891347
0.0882753
0.0552525
0.166252
0.568933
0.130228
0.109529
0.415777
0.150272
0.328436
0.202112
0.0282999
0.00197364
0.594209
0.0858557
0.012273
0.0809565
0.572946
0.326009
0.341994
0.214162
0.507579
0.186138
0.0771928
0.00109426
0.0234214
0.181372
0.023844
0.297359
0.230348
0.464697
0.42472
0.185179
0.332519
0.047516
0.321368
0.0167396
0.040782
0.0890897
0.00620971
0.564448
0.336862
0.198138
0.468501
0.367983
0.367541
0.51657
0.913926
0.269058
0.0891815
0.0128684
0.733335
0.275458
0.534652
0.447188
0.0836907
0.22873
0.0791949
0.681431
0.0624373
0.0096057
0.628904
0.412176
0.000370877
0.273667
0.417987
0.121414
0.0347155
0.0973174
0.322861
0.0440123
0.129527
0.028674
0.490597
0.0953911
0.149672
0.290815
0.598047
0.702233
0.0381929
0.30189
0.012297
0.00473316
0.477522
0.564795
0.139322
0.162852
0.0906743
0.234973
0.622494
0.00438043
0.00579092
0.10805
0.15947
0.00261586
0.00892774
0.418511
0.0580748
0.146651
0.0449052
0.000648321
0.2951
0.355574
0.358165
0.300117
0.00625747
0.521736
0.253121
0.571416
0.52567
0.350061
0.160613
0.495757
0.00932217
0.102679
0.221029
0.421094
0.112252
0.268901
0.402692
0.468881
0.0417127
0.0850198
0.0058582
0.643496
0.103587
0.222945
0.54103
0.138274
0.693754
0.392693
0.333777
0.0396719
0.629761
0.819066
0.000680881
0.183806
0.0133485
0.45629
0.0393026
0.150914
0.00294357
0.306599
0.518276
0.336638
0.234666
0.483403
0.861007
0.672266
0.540233
0.0193866
0.103181
0.136637
0.140577
0.814371
0.248417
0.511515
0.440192
0.713954
0.174656
0.31601
0.283956
0.00544246
0.0181933
0.361838
0.418798
0.103105
0.459858
0.340611
0.118007
0.387889
0.55005
0.0129389
0.255996
0.470446
0.531575
0.0938173
0.000671775
0.792246
0.0345291
0.459667
0.33048
0.364076
0.0128319
0.410596
0.074562
0.00141087
0.0881296
0.458268
0.387517
0.0499229
0.583282
0.382958
0.231171
0.151677
0.793799
0.452128
0.0379061
0.204731
0.0135986
0.471123
0.219772
0.305103
0.0113755
0.0345114
0.269681
0.0440904
0.144976
0.023283
0.432496
0.180108
0.327368
0.383266
0.684551
0.149614
0.0603825
0.558517
0.102357
0.059682
0.0249036
0.157605
0.491756
0.541488
0.0437352
0.00465525
0.376291
0.347061
0.217438
0.388047
0.204726
0.376793
0.0107161
0.00101289
0.0302382
0.0525998
0.610243
0.00516257
0.556355
0.148819
0.639982
0.0546307
0.544449
0.0462908
0.0221472
0.616777
0.0413954
0.125385
0.435733
0.0684776
0.702311
0.564554
0.00332683
0.111578
0.075145
0.219974
0.0112609
0.735861
0.359027
0.803572
0.476999
0.00534015
0.169119
0.162379
0.586097
0.0021854
0.567449
0.0183104
0.180926
0.182285
0.104049
0.356147
0.309573
0.281166
0.206006
0.226489
0.278702
0.292138
0.4715
0.0469985
0.0368653
0.683367
0.642716
0.145282
0.0206717
0.667297
0.484804
0.0193046
0.305546
0.347352
0.0694282
0.74833
0.00310558
0.532593
0.830661
0.7274
0.217086
0.241791
0.606238
0.159623
0.357029
0.0101115
0.459474
0.586681
0.260912
0.492118
0.0101755
0.168756
0.140946
0.00157105
0.330506
0.00156369
0.105149
0.0171565
0.081713
0.277572
0.0116432
0.014219
0.354018
0.606168
0.0222495
0.405334
0.109061
0.746537
0.390247
0.0105451
0.0663109
0.0126732
0.00253176
0.12433
0.38878
0.574429
0.221714
0.021947
0.0104704
0.451319
0.360933
0.043168
0.245322
0.438437
0.260102
0.15095
0.0734348
0.0639917
0.32315
0.0253132
0.00520926
0.396916
0.286726
0.0246645
0.341697
0.056799
0.469754
0.46705
0.62371
0.759872
0.797963
0.0230042
0.261238
0.0887125
0.509004
0.517659
0.389514
0.252365
0.519756
0.0537185
0.276295
0.511203
0.206866
0.0870076
0.0324109
0.196696
0.721028
0.324825
0.11445
0.196283
0.0580839
0.205443
0.524808
0.312459
0.0237857
0.437838
0.0843293
0.564225
0.00234723
0.423948
0.0440544
0.274864
0.253093
0.0103304
0.318007
0.584097
0.000320403
0.165532
0.169172
0.161117
0.314148
0.0366878
0.773915
0.0260829
0.444203
0.070434
0.484246
0.360377
0.31748
0.282754
0.0838655
0.0818259
0.222557
0.607363
0.00672682
0.285466
0.200666
0.430458
0.0801029
0.269811
0.100327
0.0537059
0.284964
0.00285734
0.474202
0.608996
0.0089158
0.024842
0.368167
0.000369666
0.0211162
0.0261848
0.131676
0.0857412
0.265618
0.288966
0.0447724
0.775285
0.305472
0.699166
0.135611
0.626744
0.00189309
0.262689
0.0297855
0.618503
0.776754
0.00991143
0.327111
0.440132
0.21491
0.000623699
0.131764
0.321481
0.105845
0.0663698
0.261504
0.147288
0.410633
0.14748
0.576014
0.399496
0.8177
0.124666
0.0559761
0.0220325
0.214015
0.129786
0.436539
0.0338919
0.427704
0.0541359
0.169916
0.217626
0.74308
0.306799
0.137358
0.751193
0.22025
0.167048
0.186647
0.0634771
0.24779
0.000121236
0.0376316
0.00254137
0.0657405
0.0857868
0.111662
0.234845
0.0797715
0.00413479
0.0106952
0.642745
0.49828
0.322989
0.57893
0.188034
0.352098
0.0134785
0.476058
0.07197
0.148092
0.296945
0.367483
0.496107
0.106865
0.540461
0.248472
0.162867
0.00230343
0.0350647
0.649795
0.322161
0.323863
0.0786305
0.129528
0.638102
0.275963
0.139546
0.134401
0.277189
0.0197615
0.278826
0.0249658
0.0292516
0.000535332
0.0935095
0.326296
0.120419
0.666426
0.00109586
0.267858
0.363631
0.0731265
0.218779
0.083894
0.309126
0.137694
0.143117
0.0929665
0.0160016
0.0217834
0.518302
0.483826
0.0970357
0.0507856
0.0538679
0.193591
0.0215902
0.132974
0.0663034
0.096012
0.189554
0.131714
0.0380908
0.0292701
0.166845
0.351706
0.00326642
0.141675
0.516515
0.586093
0.46258
0.597146
0.294741
0.307795
0.346441
0.71508
0.0499871
0.854683
0.026016
0.548993
0.306745
0.384782
0.142015
0.041583
0.166753
0.132622
0.55075
0.353202
0.183631
0.051293
0.140968
0.507161
0.0837405
0.833052
0.145686
0.299042
0.251447
0.252278
0.199604
9.37153e-05
0.11529
0.12162
0.072214
0.276101
0.0585729
0.095338
0.156684
0.0618904
0.0603976
0.0297311
0.019386
0.00164007
0.163718
0.00337186
0.000674462
0.290206
0.181771
0.112248
0.0201254
0.174858
0.321748
0.060408
0.00763375
0.39937
0.195384
0.0387578
0.232633
0.682431
0.0254263
0.00327426
0.5715
0.278839
0.637051
0.439794
0.414522
0.00230865
0.889243
0.304317
0.67256
0.352992
0.460596
0.000217683
0.447111
0.709545
0.494704
0.568777
0.345923
0.665
0.163977
0.102744
0.00315537
0.00269898
0.417669
0.229654
0.661339
0.577464
0.00449627
0.421709
0.36084
0.591017
0.0259365
0.70051
0.314529
0.368561
0.299343
0.473622
0.491631
0.00102752
0.480614
0.27847
0.062538
0.477795
0.066628
0.0772405
0.720976
0.254104
0.658807
0.318878
0.474096
0.140311
0.165056
0.0484021
0.459123
0.53517
0.496188
0.552374
0.384302
0.0312947
0.381293
0.0852931
0.00884467
0.225407
0.365927
0.0378283
0.30218
0.0461774
0.343963
0.134718
0.174122
0.502583
0.457472
0.112067
0.358949
0.248303
0.11985
0.710027
0.53493
0.513457
0.639681
0.373042
0.0198746
0.561253
0.545548
0.221609
0.0660554
0.775838
0.722062
0.278833
0.34985
0.678024
0.502774
0.0214093
0.436309
0.278687
0.514116
0.166737
0.258909
0.153934
0.2589
0.754775
0.112744
0.112711
0.0427647
0.46601
0.198974
0.766397
0.118715
0.138408
0.0463167
0.857753
0.0232772
0.239339
0.187176
0.323363
0.0181852
0.297687
0.294666
0.351122
0.179785
0.760552
0.610542
0.321105
0.299787
0.329987
0.288946
0.00614826
0.651683
0.404095
0.0489505
0.0428103
0.038934
0.274574
0.130994
0.474353
0.0013383
0.580774
0.149096
0.410504
0.0494488
0.0835997
0.179335
0.506695
0.365626
0.172654
0.0974329
0.534948
0.172921
0.396675
0.765161
0.42907
0.226066
0.193901
0.23497
0.343631
0.265442
0.44364
0.0290636
0.0300768
0.0357188
0.324689
0.388595
0.0376182
0.124849
0.638905
0.418367
0.0431656
0.176036
0.118646
0.230672
0.349751
0.253502
0.309625
0.0176475
0.668105
0.745676
0.000913999
0.305426
0.162271
0.42877
0.25022
0.0232878
0.0814127
0.321402
0.439994
0.647141
0.136161
0.284766
0.346733
0.445988
0.0824506
0.289099
0.561873
0.560424
0.29757
0.0591578
0.823122
0.330531
0.0472362
0.418101
0.259971
0.172347
0.428823
0.219442
0.627685
0.191938
0.5275
0.0733887
0.267447
0.0010643
0.00078119
0.471748
0.50136
0.142816
0.0130147
0.0708545
0.346603
0.368387
0.228426
0.0282911
0.529667
0.149547
0.840458
0.361529
0.00220264
0.00321947
0.447171
0.132262
0.079325
0.0217315
0.314899
0.623916
0.0587767
0.138142
0.448377
0.105351
0.48819
0.293657
0.705527
0.0370386
0.135917
0.591678
0.0188841
0.580716
0.665613
0.584878
0.00963337
0.0553217
0.177425
0.543219
0.144349
0.00560241
0.0200552
0.549716
0.638734
0.389394
0.236595
0.0233248
0.349177
0.052183
0.0554714
0.0741206
0.195314
0.432999
0.112049
0.671161
0.215137
0.304434
0.203288
0.51864
0.0684133
0.42617
0.0181611
0.410534
0.520517
0.236944
0.0128601
0.223742
0.605097
0.427368
0.291534
0.00674624
0.142204
0.398534
0.692962
0.252195
0.0672257
0.456012
0.405841
0.631721
0.0521232
0.186936
0.0150851
0.292389
0.522945
0.0118332
0.0868693
0.145664
0.365941
0.331728
0.250576
0.670595
0.238572
7.82623e-06
0.489403
0.141361
0.513385
0.487589
0.0460063
0.390652
0.221256
0.308787
0.0845686
0.0409478
0.0275243
0.219403
0.63561
0.658973
0.0520788
0.536027
0.423254
0.624967
0.624007
0.548213
0.216896
0.0844915
0.0800866
0.0554547
0.20938
0.296434
0.00830824
0.333508
0.584667
0.599784
0.191353
0.336248
0.00207318
0.250852
0.259161
0.247534
0.234056
0.778327
0.0368149
0.301905
0.479937
0.21223
0.0198172
0.27748
0.0776667
0.021486
0.550091
0.000728304
0.177956
0.213543
0.418587
0.0217343
0.0161459
0.256045
0.0323286
0.576005
0.203506
0.0162079
0.245612
0.488482
0.131624
0.57471
0.0890001
0.0642607
0.0027054
0.47534
0.417542
0.508298
0.683469
0.444264
0.204154
0.0321915
0.0678558
0.0678133
0.287059
0.723903
0.0478352
0.02878
0.0210006
0.531516
0.466654
0.13159
0.248995
0.133549
0.00589399
0.669327
0.133161
0.0964633
0.500129
0.132547
0.011937
0.281643
0.22463
0.0433858
0.0466715
0.0479286
0.0886676
0.000808814
0.415505
0.00837503
0.435768
0.325094
0.81749
0.111016
0.119899
0.146911
0.529458
0.342321
0.387242
0.306032
0.441984
0.504905
0.634749
0.416919
0.661808
0.517473
0.464999
0.0192215
0.703193
0.00232639
0.299448
0.103203
0.183123
0.10468
0.666571
0.191266
0.336548
0.0147002
0.781797
0.56552
0.106141
0.479501
0.794285
0.279555
0.322263
0.449214
0.32442
0.222566
0.717591
0.126308
0.0330693
0.512756
0.37989
0.212009
0.258148
0.00628251
0.0444588
0.186393
0.0176507
0.133677
0.627668
0.448281
0.449126
0.182531
0.272735
0.061326
0.296182
0.491096
0.261902
0.355835
0.0943222
0.000145541
0.0106372
0.164886
0.161142
0.0153975
0.204253
0.327747
0.646538
0.51462
0.209896
0.00344477
0.172163
0.0102894
0.469533
0.521915
0.0165826
0.345061
0.136395
0.0839004
0.092331
0.464065
0.740689
0.689469
0.00412911
0.00162025
0.327713
0.69025
0.0737103
0.00574386
0.494054
0.420055
0.499184
0.00297597
0.0951565
0.0685145
0.234495
0.0380979
0.119761
0.0512781
0.300052
0.276666
0.281782
0.0793887
0.0549816
0.033534
0.0696838
0.629095
0.356056
0.0836479
0.604215
0.00486855
0.0117566
0.024113
0.648914
0.171955
0.680979
0.18272
0.0119842
0.369638
0.188324
0.514795
0.00270878
0.126188
0.0441998
0.464016
0.393627
0.516787
0.366698
0.0378524
0.000262725
0.187821
0.440683
0.00953662
0.412609
0.00272753
0.164164
0.80772
0.522195
0.44065
0.349806
0.479615
0.466542
0.0123873
0.169214
0.0340618
0.537191
0.481827
0.0565254
0.107017
0.27305
0.00043978
0.0417003
0.0291096
0.178841
0.323758
0.0162385
0.262987
0.292597
0.267444
0.096435
0.61857
0.0275684
0.224272
0.410523
0.035298
0.109463
0.452148
0.278773
0.260998
0.106167
0.13249
0.441543
0.221968
0.00102219
0.259459
0.190103
0.806734
0.379542
0.396824
0.011059
0.526575
0.184978
0.017493
0.314114
0.390427
0.264941
0.166561
0.105045
0.0015983
0.440709
0.289934
0.159923
0.58436
0.575021
0.000124342
0.00164938
0.250777
0.225816
0.378914
0.329202
0.250086
0.411345
0.287329
0.732073
0.00147166
0.677652
0.210803
0.774745
1.36873e-05
0.4672
0.232743
0.00417458
0.82584
0.0512332
0.267803
0.326007
0.174021
0.589321
0.343101
0.525626
0.311479
0.0154626
0.0557344
0.394513
0.136763
0.53519
0.131726
0.370478
0.40853
0.0881069
0.021169
0.155355
0.696051
0.064784
0.0539311
0.283343
0.275076
0.142755
0.0583311
0.00346343
0.130339
0.291019
0.701914
0.0567994
0.00737888
0.0621745
0.0284125
0.557062
0.428159
0.391102
0.628147
0.199083
0.0131887
0.0616565
0.462588
0.00706968
0.000922137
0.0070132
0.00556392
0.252459
0.0656196
0.212507
0.0602159
0.0935586
0.735813
0.00994489
0.00126446
0.285046
0.449241
0.380871
0.748494
0.125435
0.000805217
0.842206
0.223546
0.0177926
0.0791584
0.229279
0.000633772
0.625509
0.138683
0.0861322
0.541737
0.400063
0.449706
0.0547576
0.0745793
0.000269093
0.00174735
0.172365
0.0205205
0.0759473
0.512646
0.096532
0.154286
0.000575448
0.115846
0.516267
0.56657
0.523878
0.414063
0.262678
0.360669
0.633321
0.273312
0.314161
0.110781
0.272174
0.354591
0.0318733
0.184008
0.0570033
0.0593549
0.501605
0.112344
0.173375
0.525687
0.0251837
0.135909
0.864201
0.619875
0.00108881
0.0781536
0.00155458
0.41722
0.727999
0.81259
0.0892742
0.194952
0.00336794
0.0327429
0.00431608
0.289623
0.0853396
0.309616
0.055142
0.423149
0.165182
0.241701
0.480084
0.0023167
0.00222714
0.0029345
0.107228
0.259531
0.0907132
0.125619
0.0139974
0.661623
0.0201777
0.0428276
0.0527559
0.588894
0.05414
0.0377106
0.257069
0.0745947
0.438216
0.794124
0.127786
0.430411
0.239385
0.2598
0.594475
0.356731
0.27754
0.395908
0.160642
0.0478061
0.598563
0.00314647
0.307354
0.0243742
0.00445365
0.0648411
0.548742
0.519877
0.00264864
0.35988
0.640999
0.0982858
0.351931
0.00497731
0.32609
0.266084
0.298779
0.194816
0.184621
0.330019
0.139771
0.213426
0.597142
0.159466
0.797866
0.256773
0.295468
0.0210618
0.729362
0.356889
0.322735
0.0184027
0.235238
0.509741
0.245739
0.00502181
0.0608813
0.420988
0.127099
0.567807
0.0889328
0.633737
0.548956
0.295467
0.289365
0.0610537
0.583488
0.127861
0.369156
0.292095
0.624659
0.617025
0.192078
0.000759862
0.241461
0.623615
0.274645
0.0270276
0.000515732
0.0582723
0.163077
0.307333
0.00285218
0.270383
0.389234
0.041152
0.520642
0.0758047
0.369321
0.00197348
0.562097
0.100669
0.431587
0.311467
0.233047
0.453417
0.342222
0.58777
0.0660136
0.0670946
0.609838
0.0812781
0.00938135
0.461931
0.38084
0.362902
0.725348
0.069087
0.376756
0.221486
0.0347255
0.458061
0.574593
0.714816
0.606986
0.20517
0.00810534
0.702126
0.609673
0.059486
0.36788
0.00387528
0.530068
0.400394
0.00739301
0.0333912
0.396736
0.0235963
0.030457
0.415624
0.668358
0.0753421
0.725748
0.343666
0.5331
0.651016
0.193066
0.513725
0.450217
0.347912
0.196074
0.498808
0.0347122
0.195628
0.109758
0.37721
0.355232
0.372511
0.393559
0.273419
0.0930394
0.511877
0.491949
0.401163
0.217885
0.569221
0.0110995
0.0217548
0.000257902
0.126678
0.663921
0.000349353
0.66423
0.465906
0.221167
0.0387879
0.338132
0.128554
0.154247
0.0030285
0.105517
0.003855
0.693084
0.639734
0.0436587
0.24386
0.395859
0.469249
0.00226239
0.218998
0.341579
0.400699
0.365197
0.206226
0.37235
0.16335
0.398217
0.425386
0.22446
0.539981
0.228234
0.17113
0.218412
0.180831
0.0600549
0.498964
0.164748
0.625574
0.0681964
0.339314
0.00225443
0.088466
0.437562
0.257406
0.00739112
0.110046
0.00380076
0.0274753
0.0394774
0.486041
0.364469
0.450345
0.138207
0.496505
0.0132176
0.0459684
0.0193134
0.147537
0.372177
0.589525
0.215876
0.356472
0.427988
0.359199
0.0062217
0.24394
0.592067
0.732275
0.208246
0.0005144
0.000226596
0.405345
0.144928
0.0323477
0.0664424
0.352277
0.356651
0.446235
0.00619838
0.0768299
0.00288837
0.00221484
0.253328
0.446379
0.00344457
0.856869
0.35839
0.120059
0.306085
0.0218663
0.123812
0.0174186
0.244973
0.00380766
0.340323
0.0565059
0.00279131
0.0373265
0.260228
0.453732
0.478704
0.447547
0.372289
0.306538
0.0358959
0.151579
0.195973
0.741437
0.0309968
0.415448
0.00611223
0.130166
0.722367
0.034694
0.0512318
0.00590624
0.476107
0.439145
0.0853024
0.682458
0.0223197
0.000520331
0.292241
0.309328
0.655767
0.155519
0.0142809
0.0335259
0.276192
0.519556
0.0355718
0.454658
0.25664
0.103841
0.00507323
0.0385509
0.604748
0.307402
0.0126728
0.623869
0.316517
0.188589
0.548215
0.117898
0.0123772
0.299874
0.110753
0.400518
0.0043284
0.683148
0.137869
0.0740068
0.539378
0.164137
0.407377
0.5949
0.212335
0.682334
0.143927
0.206436
0.538098
0.613102
0.000705206
0.0352288
0.0711409
0.121215
0.000621525
0.782708
0.0465589
0.0819783
0.0868865
0.324523
0.035915
0.125821
0.194982
0.0115582
0.301023
0.490745
0.0536592
0.0659947
0.00111938
0.254853
0.179147
0.455103
0.0226978
0.106434
0.0551518
0.164463
0.0381926
0.255896
0.403158
0.0230204
0.00751335
0.201888
0.182157
0.0629035
0.530366
0.0291014
0.673825
0.11796
0.0427878
0.0486103
0.0140103
0.372023
0.207172
0.357093
0.329605
0.0867225
0.487151
0.116292
0.273012
0.00523697
0.00810057
0.0157718
0.388864
0.62067
0.137695
0.276897
0.482239
0.266805
0.0927426
0.549053
0.525147
0.306935
0.0572471
0.697556
0.274265
0.0252532
0.159707
0.000609203
0.138988
0.115204
0.595694
0.12609
0.0299945
0.513425
0.336436
0.106559
0.0560793
0.804029
0.600127
0.411205
0.443646
0.448824
0.289192
0.546157
0.249282
0.153049
0.0031866
0.356925
0.352462
0.208862
0.0452959
0.430887
0.270926
0.000518524
0.475426
0.051348
0.00350731
0.464774
0.0487689
0.00950634
0.012104
0.198647
0.000333666
0.278433
0.00443618
0.0671076
0.375089
0.703011
0.0059853
0.277372
0.471895
0.0941933
0.315233
0.100655
0.736086
0.226024
0.453494
0.332226
0.340245
0.100822
0.0351571
0.0521352
0.160558
0.299026
0.0624944
0.821452
0.481269
0.000739534
0.445167
0.744282
0.11456
0.00298036
0.43059
0.0989767
0.343604
0.000147264
0.0180166
0.475976
0.0477162
0.729932
0.00311918
0.400102
0.604362
0.0262644
0.621049
0.0796746
0.202011
0.4528
0.173218
0.468182
0.01564
0.194248
0.280719
0.761544
0.0262209
0.700472
0.481638
0.00703343
0.0288735
0.000836219
0.0778464
0.147266
0.875372
0.0028275
0.673068
0.31772
0.56806
0.114223
0.327831
0.617714
0.0766221
0.745694
0.00289976
0.24396
0.624855
0.0461575
0.71728
0.645415
0.577655
0.0815657
0.536468
0.200744
0.0147292
0.549959
0.0219898
0.0505054
0.154152
0.382267
0.55168
0.108426
0.209215
0.645307
0.353895
0.00922993
0.00417734
0.0563553
0.278976
0.0585743
0.0219415
0.250581
0.425532
0.310069
0.29403
0.00166847
0.210215
0.261935
0.56985
0.360645
0.10824
0.12369
0.579788
0.155899
0.687277
0.0134791
0.198815
0.48652
0.121763
0.824973
0.119789
0.616703
0.147723
0.382905
0.0200182
0.0693509
0.23126
0.692693
0.379248
0.326539
0.239297
0.672116
0.636454
0.815736
0.133201
0.478092
0.0499083
0.260546
0.0199217
0.000631286
0.669347
0.0969995
0.109184
0.38603
0.293475
0.473788
0.0634447
0.0128337
0.246081
0.182783
0.667842
0.175542
0.465758
0.535642
0.0999638
0.0519698
0.414052
0.00882952
0.51146
0.124707
0.595629
0.322621
0.0524061
0.470577
0.441526
0.260504
7.5438e-05
0.487387
0.000912248
0.418256
0.67649
0.0617419
0.363967
0.0819714
0.160949
0.234246
0.254999
0.498237
0.816502
0.297742
0.00090865
0.112978
0.0088103
0.201873
0.510048
0.292554
0.00393226
0.745925
0.213967
0.0217785
0.451362
0.471027
0.183183
0.669173
0.329335
0.15809
0.348231
0.130869
0.152482
0.226031
0.235389
0.00124821
0.00241101
0.479617
0.269189
0.0127505
0.610503
0.169446
0.0459303
0.242456
0.148878
0.0387051
0.00121638
0.069084
0.0708458
0.650453
0.372375
0.513997
0.393627
0.159322
0.724961
0.401745
0.49508
0.300715
0.236058
0.358748
0.00674474
0.12427
0.37711
0.0198149
0.24303
0.332624
0.353173
0.470539
0.494791
0.721954
0.196563
0.349777
0.0538678
0.0115299
0.0637644
0.0953797
0.366236
0.68247
0.427382
0.837975
0.641238
0.0818067
0.442358
0.387264
0.335772
0.363879
0.172368
0.603916
0.307873
0.00783346
0.361342
0.0611138
0.174821
0.820747
0.191626
0.0449798
0.207892
0.246789
0.432525
0.389599
0.43519
0.317283
0.0474673
0.341958
0.589009
0.00542647
0.0205904
0.301359
0.35226
0.54313
0.458731
0.625799
0.0919793
0.0564967
0.028747
0.651171
0.00688674
0.191206
0.0124136
0.269522
0.0320794
0.375965
0.596982
0.530376
8.35453e-05
0.790756
0.0395578
0.191229
0.017052
0.129014
0.262093
0.129677
0.84152
0.139381
0.240976
0.733914
0.347926
0.337342
0.00613054
0.486512
0.125946
0.0134796
0.00618674
0.503346
0.366054
0.0211448
0.149784
0.596022
0.12686
0.277124
0.206755
0.206552
0.0332999
0.40303
0.0234286
0.0293774
0.00445491
0.236432
0.416927
0.270821
0.0037691
0.708012
0.0594604
0.56691
0.545664
0.622712
0.685575
0.0733763
0.499154
0.669949
0.0196184
0.0321625
0.154955
0.395197
0.790307
0.841656
0.0540289
0.234693
0.71774
0.248979
0.370482
0.43429
0.0216125
0.20621
0.362536
0.420347
0.276508
0.422306
0.475133
0.175174
0.153669
0.0953514
0.75519
0.382516
0.420325
0.202593
0.134427
0.274264
0.00405254
0.515786
0.679456
0.287569
0.103463
0.45547
3.87993e-05
0.199052
0.0103899
0.0052394
0.463151
0.115264
0.356091
0.619861
0.0739774
0.391419
0.17333
0.687785
0.696544
0.0034268
0.461952
0.187429
0.540304
0.135078
0.379201
0.0392699
0.00859711
0.0773837
0.00989085
0.468667
0.719373
0.00162063
0.270739
0.0562867
0.116267
0.190182
0.0171425
0.479813
0.000806926
0.00727591
0.676172
0.517815
0.00776802
0.00154901
0.720333
0.28214
0.411864
0.106947
0.286066
0.31548
0.0646041
0.35388
0.298026
0.0199955
0.311616
0.30232
0.512095
0.509252
0.0157921
0.0401777
0.470254
0.317254
0.616818
0.707033
0.454424
0.000161121
0.627095
0.0102428
0.0373027
0.0025787
0.572292
0.074216
0.465022
0.361632
0.0883343
0.447886
0.0867324
0.491136
0.147455
0.121388
0.525834
0.175823
0.230711
0.0931349
0.351713
0.045486
0.114913
0.451931
0.58036
0.0548437
0.00869684
0.241017
0.217772
0.298872
0.632964
0.290944
0.414498
0.260372
0.0319308
0.140941
0.0301564
0.469961
0.4028
0.434723
0.00214294
0.34479
0.00566915
0.684009
0.389732
0.495439
0.782935
0.431771
0.455873
0.538181
0.0223455
0.0834578
0.139655
0.353452
0.321189
0.00309533
0.608344
0.738349
0.0793669
0.502576
0.0696379
0.569536
0.458799
0.449939
0.316122
0.508597
0.357456
0.0189371
0.117358
0.113171
0.095826
0.519412
0.00326768
0.439974
0.246441
0.374897
0.0780101
0.36887
0.00326806
0.0992486
0.692151
0.077679
0.244197
0.491704
0.814016
0.703737
0.245097
0.0466285
0.261433
0.262383
0.169009
0.313897
0.377344
0.0143975
0.0559388
0.281258
0.403624
0.317948
0.426128
0.29613
0.0485327
0.173265
0.603483
0.237006
0.711699
0.0717263
0.468266
0.50157
0.117041
0.00387982
0.583023
0.44808
0.500591
0.0173495
0.0237495
0.313017
0.240367
0.566525
0.308594
0.378953
0.118808
0.117956
0.313066
0.623806
0.133903
0.0259063
0.305378
0.423679
0.0029217
0.532898
0.270435
0.017485
0.01303
0.0357664
0.0744899
0.0061803
0.688546
0.152102
0.333124
0.00301616
0.186775
0.16757
0.00657232
0.0577103
0.303634
0.0554094
0.128009
0.480875
0.0444237
0.303401
0.147962
0.584099
0.449425
0.347768
0.390618
0.0761143
0.0783817
0.356378
0.000527521
0.214289
0.0223802
0.0776626
0.405721
0.137699
0.320779
0.594224
0.166496
0.359293
0.00871261
0.0361989
0.0146061
0.317389
0.126601
0.0166924
0.64836
0.424155
0.225511
0.475553
0.590987
0.365569
0.550136
0.00190316
0.434039
0.130098
0.0743913
0.422828
0.649966
0.609871
0.580747
9.83578e-05
0.211159
0.00388366
0.169414
0.0155509
0.149899
0.237321
0.534808
0.00620704
0.194805
0.00595925
0.520373
0.570263
0.236835
0.0265221
0.0840222
0.649414
0.320055
0.391529
0.152873
0.517697
0.0454248
0.197818
0.795709
0.394227
0.175665
0.517581
0.40677
0.269285
0.299833
0.28119
0.0277303
0.0230377
0.412296
0.656302
0.0242378
0.139728
0.0538796
0.751675
0.61738
0.0516304
0.00086785
0.414538
0.0143287
0.448866
0.219762
0.496462
0.532316
0.460434
0.119461
0.321471
0.239332
0.27365
0.0421584
0.00209235
0.43742
0.466512
0.0927407
0.260498
0.27705
0.624019
0.216382
0.311934
0.574458
0.568601
0.0431253
0.00293323
0.301329
0.0603259
0.511478
0.436652
0.0517616
0.051884
0.000228392
0.530644
0.0150742
0.213537
0.500756
0.213276
0.562773
0.296076
0.566892
0.0765201
0.0497046
0.757723
0.439784
0.325286
0.342655
0.662994
0.187883
0.0663348
0.00311973
0.359566
0.288174
0.0382107
0.760344
0.0357262
0.299934
0.0355493
0.00964932
0.0886316
0.756959
0.159544
0.539749
0.0705579
0.057062
0.165191
0.423388
0.43154
0.483412
0.0686263
0.457392
0.493876
0.00406736
0.0521365
0.33074
0.0727875
0.0424682
0.058798
0.0149688
0.448815
0.278832
0.0569283
0.41017
0.345751
0.294973
0.0800781
0.766581
0.186961
0.241632
0.503237
0.514503
0.00314475
0.196683
3.26901e-05
0.178538
0.236317
0.792299
0.00752109
0.820341
0.310226
0.558516
0.2462
0.612748
0.51531
0.3901
0.109672
0.296379
0.044551
0.619658
0.40705
0.172381
0.00165126
0.376453
0.00279388
0.211971
0.65553
0.164929
0.31864
0.385462
0.656269
0.383469
0.625565
0.0897197
0.637414
0.312333
0.143088
0.0870827
0.182556
0.524565
0.271491
0.0170136
0.0771789
0.231937
0.15782
0.505156
0.404383
0.0321249
0.625601
0.524628
0.476677
0.203765
0.00636236
0.0915783
0.194209
0.0618464
0.808525
0.0518849
0.37848
0.691272
0.263281
0.176932
0.895356
0.636033
0.337356
0.0402149
0.143381
0.0295194
0.0275451
0.63529
0.36387
0.44778
0.210927
0.053237
0.873898
0.428942
0.482173
0.553234
0.699372
0.650891
0.532007
0.256941
0.428129
0.0456829
0.337572
0.0803376
0.32678
0.164043
0.693392
0.0282856
0.289514
0.0016172
0.247931
0.303015
0.292957
0.248072
0.458898
0.00714865
0.215076
0.00104379
0.13138
0.00450129
0.106142
0.0833986
0.0253661
0.0064044
0.0380667
0.265019
0.036371
0.243384
0.0382222
0.298955
0.0142793
0.13049
0.534206
0.119377
0.0426398
0.154157
0.0597839
0.478976
0.000966141
0.254302
0.0953348
0.000613108
0.448674
0.0213031
0.00976714
0.267827
0.108459
0.70946
0.786951
0.28061
0.225835
0.563114
0.351741
0.0132361
0.67275
0.199636
0.170632
0.311103
0.0584521
0.190369
0.372507
0.199601
0.0302135
0.202057
0.142323
0.0138888
0.185297
0.0520656
0.0756092
0.26041
0.447249
0.0754336
0.28805
0.689038
0.213731
0.00343328
0.534619
0.265152
0.0065311
0.000820347
0.0138478
0.316696
0.047272
0.00775892
0.273497
0.400004
0.0892253
0.34117
0.426691
0.190533
0.0644086
0.1916
0.259405
0.22428
0.348865
0.534522
0.0609224
0.232225
0.152035
0.0532055
0.532166
0.347761
0.176356
0.0322042
0.39755
0.754974
0.00172741
0.0233911
0.373732
0.768469
0.372208
0.832887
0.762804
0.0037736
0.397194
0.862174
0.0367177
0.18614
0.169628
0.281015
0.343378
0.00726395
0.128851
0.141022
0.0287812
0.00417473
0.232057
0.487423
0.148003
0.162067
0.0736812
0.036965
0.393175
0.248782
0.365818
0.589459
0.0780945
0.636714
0.453314
0.685
0.543617
0.033527
0.425087
0.238688
0.466375
0.061841
0.141574
0.0816089
0.332124
0.74242
0.544373
0.472865
0.0730024
0.773858
0.712353
0.385989
0.433892
0.322757
0.398198
0.377609
0.391701
0.0380721
0.00242967
0.00693742
0.0758191
0.528487
0.686046
0.673071
0.316709
0.0716142
0.1635
0.0498688
0.673304
0.240115
0.111887
0.00615892
0.0366564
0.0349897
0.00996289
0.339975
0.423368
0.0262729
0.374021
0.0537562
0.00363275
0.140475
0.355541
0.642523
0.321609
0.660856
0.592777
0.249658
0.607588
0.00193389
0.124493
0.00710581
0.315024
0.458174
0.0334948
0.190194
0.199256
0.658349
0.129994
0.091078
0.541861
0.000606932
0.366888
0.64566
0.527159
0.0557487
0.119648
0.336397
0.246311
0.00157764
0.167798
0.00437124
0.414039
0.00648342
0.610538
0.269842
0.0858023
0.0983324
0.183761
0.203613
0.00880854
0.497964
0.607948
0.447773
0.709226
0.115437
0.6438
0.0367418
0.0560562
0.0417045
0.0502499
0.497941
0.0856369
0.419965
0.201783
0.132598
0.416976
0.158655
0.482916
0.0749634
0.331049
0.496973
0.050893
0.0893562
0.0892214
0.0652577
0.280546
0.523297
0.453716
0.0106508
0.271095
0.0135956
0.665925
0.594183
0.363761
0.0672929
0.0180606
0.686369
0.512818
0.173852
0.532674
0.292907
0.000935881
0.043385
0.345521
0.00426946
0.258121
0.0521138
0.344543
0.549293
0.313952
0.475702
0.313873
0.562415
0.229641
0.355562
0.0464005
0.743776
0.0277725
0.271405
0.146105
0.114927
0.301308
0.529038
0.0710579
0.00499799
0.226164
0.0303878
0.12674
0.0127695
0.399681
0.0980756
0.304696
0.734079
0.00686044
0.554862
0.118285
0.0255126
0.465974
0.550064
0.466359
0.566845
0.177565
0.0614976
0.0247888
0.219149
0.287658
0.134465
0.388681
0.0251014
0.543923
0.177143
0.342621
0.279303
0.671582
0.412533
0.0442925
0.0697113
0.0492033
0.0687665
0.269068
0.00301296
0.202422
0.254792
0.401691
0.637339
0.351575
0.0194328
0.678688
0.333458
0.462942
0.685922
0.592521
0.00835673
0.0198721
0.0359576
0.623519
0.269585
0.033467
0.62974
0.054901
0.159847
0.724358
0.084831
0.779695
0.129053
0.00238995
0.0257526
0.199907
0.183255
0.0107429
0.175833
0.0914916
0.667255
0.209592
0.760998
0.0349153
0.36146
0.517919
0.172288
0.070555
0.00702551
0.00304189
0.108647
0.364666
0.511776
0.333687
0.0964008
0.2825
0.101322
0.537942
0.0875314
3.0823e-05
0.293687
0.401188
0.138519
0.421342
0.183638
0.356665
0.5666
0.393556
0.461591
0.200065
0.0204358
0.409138
0.70781
0.171284
0.0216467
0.161906
0.236071
0.35387
0.465629
0.0231521
0.0313337
0.0137864
0.103122
0.017023
0.430172
0.000122914
0.634882
0.0350198
0.21197
0.412131
0.151904
0.137031
0.00472079
0.208623
0.364681
0.26625
0.223666
0.0525053
0.0748727
0.314514
0.217763
0.0757871
0.46521
0.748061
0.00645833
0.000620258
0.000653311
0.0828066
0.0354795
0.408207
0.267718
0.0299236
0.435262
0.354804
0.252611
0.405008
0.447986
0.705957
0.00189866
0.0741053
0.00960733
0.228038
0.418097
0.216474
0.0563933
0.475914
0.68854
0.149584
0.624041
0.0367663
0.145216
0.521979
0.179384
0.53683
0.357198
0.781024
0.3132
0.694114
0.0855316
0.623331
0.09524
0.124253
0.0358077
0.686047
0.319296
0.589045
0.219537
0.429728
0.30071
0.377436
0.416651
0.00155205
0.377561
0.104052
0.233878
0.598473
0.261211
0.0172596
0.480439
0.753661
7.32461e-06
0.484515
0.611426
0.766699
0.317256
0.747195
0.769533
0.0884549
0.75918
0.0273206
0.611005
0.104697
0.530315
0.0100856
0.0195757
0.2909
0.235218
0.0123064
0.567343
0.561055
0.331719
0.461697
0.36755
0.000810314
0.275335
0.0100901
0.145986
0.0161179
0.041351
0.123105
0.125886
0.592108
0.116387
0.0381098
0.0024783
0.492021
0.809796
0.448537
0.709268
0.0184927
0.312547
0.443605
0.235455
0.480984
0.644148
0.236449
0.0320693
0.0302788
0.00390576
0.364059
0.295391
0.171784
0.291708
0.603418
0.419807
0.425359
0.351723
0.347114
0.433984
0.630433
0.582643
0.362057
0.0930032
0.0217127
0.116922
0.324775
0.120625
0.097602
0.609399
0.238606
0.449253
0.514378
0.65889
0.110062
0.00927242
0.828128
0.261209
0.0130543
0.75353
0.303091
0.251477
0.419336
0.296586
0.368365
0.0197194
0.522942
0.643515
0.00383493
0.114529
0.459447
0.31927
0.602308
0.514577
0.199591
0.0920602
0.0113539
0.574714
0.00184079
0.273151
0.0225079
0.0501425
0.574111
0.393844
0.03654
0.0373104
0.309162
0.0184954
0.261471
0.370511
0.38587
0.0311075
0.354778
0.6401
0.395579
0.7981
0.102531
0.336751
0.369776
0.37363
0.352227
2.6239e-05
0.787301
0.38086
0.363641
0.00615735
0.0581181
0.0492913
0.355054
0.262251
0.0648706
0.404476
0.520227
0.0459566
0.490615
0.00440493
0.00563654
0.621908
0.193111
0.296017
0.405111
0.633701
0.0851521
0.0328738
0.459918
0.587159
0.000679214
0.528236
0.0977322
0.163086
0.014908
0.000852589
0.252394
0.379112
0.0753221
0.0131159
0.0618748
0.357873
0.350588
0.386423
0.08214
0.142415
0.535646
0.484624
0.493538
0.0117914
0.124085
0.0435275
0.769065
0.0391673
0.470873
0.243631
0.0732633
0.0145674
0.449767
0.00304572
0.172145
0.0615857
0.419927
0.000235076
0.315461
0.179282
0.321769
0.450656
0.00628809
0.705001
0.630859
0.749886
0.115538
0.0113855
0.267161
0.520547
0.167486
0.00786015
0.0187082
0.78134
0.492814
0.0259175
0.0153036
0.123213
0.131439
0.387966
0.319222
0.651024
0.0146615
0.0101245
0.0252746
0.750735
0.119132
0.219607
0.126931
0.63094
0.0808828
0.501068
0.27287
0.00742895
0.144061
0.134202
0.265452
0.0346145
0.373275
0.367554
0.315197
0.00672247
0.112782
0.389593
0.501617
0.393849
0.512411
0.610147
0.621497
0.288039
0.0117512
0.466987
0.21674
0.535629
0.0312425
0.540304
0.503719
0.205898
0.672162
0.0572123
0.17454
0.323625
0.653954
0.0040955
0.0767372
0.159784
0.698999
0.0119289
0.0126838
0.323524
0.011845
0.689366
0.41757
0.381243
0.479808
0.00723612
0.134373
0.0051736
0.00801933
0.319666
0.139804
0.180244
0.361127
0.148301
0.0712815
0.588998
0.00207611
0.0836236
0.475578
0.381338
0.345895
0.318217
0.5936
0.479789
0.0296856
0.11581
0.162804
0.341783
0.0243199
0.00318625
0.383153
0.291846
0.35483
0.19697
0.0961133
0.0149173
0.541283
0.079967
0.549804
0.246598
0.210231
0.272484
0.492483
0.35729
0.153521
0.016528
0.0754724
0.374131
0.0760149
0.0250939
0.111167
0.750095
0.120665
0.529603
0.104175
0.21913
0.694531
0.390016
0.554229
0.363556
0.00803439
0.0678387
0.0112554
0.532942
0.506807
0.313275
0.000588503
0.273813
0.267647
0.0107281
0.0894608
0.622899
0.365596
0.131018
0.429178
0.275409
0.168615
0.0253266
0.277454
0.50552
0.750696
0.547896
0.126186
0.292306
0.131239
0.026226
0.363592
0.517989
0.463598
0.203747
0.843986
0.0435183
0.0660697
0.188831
0.464917
0.115535
0.0169832
0.868462
1.36169e-06
0.224727
0.732814
0.46847
0.0853255
0.0312363
0.413961
0.0964568
0.442702
0.66551
0.140421
0.433674
0.0522569
0.0691705
0.258016
0.819805
0.280247
0.0181683
0.514053
0.416765
0.278829
0.479331
0.030085
0.0876706
0.38439
0.365212
0.0120616
0.504941
0.318405
0.352872
0.552868
0.175172
0.728694
0.400267
0.519512
0.466913
0.28242
0.0509903
0.0557765
0.337941
0.0453281
0.728723
0.0186249
0.0355755
0.0844427
0.233377
0.206188
0.000299052
0.461507
0.470936
0.00693169
0.142741
0.219534
0.870286
0.38611
0.0439461
0.0218334
0.069932
0.408623
0.0763464
0.340401
0.72553
0.762168
0.13172
0.0181946
0.407861
0.566271
0.109471
0.475322
0.340273
0.170964
0.064688
0.632811
0.383699
0.00418053
0.00883849
0.384607
0.0052979
0.0185164
0.0711845
0.210169
0.462074
0.283202
0.23426
0.0201801
0.211662
0.492522
0.302996
0.106863
0.175985
0.502435
0.486111
0.0563872
0.0189684
0.34514
0.346257
0.425564
0.121671
0.757247
0.246709
0.378067
0.408343
0.353632
0.0556632
0.41073
0.47634
0.191549
0.0270296
0.20773
0.0119052
0.000179974
0.0100844
0.121501
0.0240409
3.0155e-05
0.0811788
0.0475521
0.595041
0.223018
0.489814
0.584684
0.152517
0.403682
0.6736
0.375041
0.394796
0.377857
0.493001
0.0777742
0.634949
0.0325058
0.317276
0.0324443
0.667853
0.0737295
0.0151228
0.00739265
0.00519442
0.616874
0.109658
0.00106195
0.323277
0.047281
0.141534
0.189209
0.264917
0.0489848
0.232465
0.650914
0.185524
0.352773
0.073195
0.00767599
0.376011
0.591147
0.0266991
0.179494
0.186774
0.355114
0.295521
0.208173
0.0663294
0.592602
0.401607
0.117883
0.518307
0.367049
0.342165
0.198048
0.39663
0.815854
0.198645
0.133745
0.860755
0.00589106
0.181765
0.449037
0.113438
0.582151
0.568776
0.568782
0.567009
0.401312
0.531863
0.0087512
0.547747
0.184507
0.100557
0.0962064
0.77949
0.121077
0.0313311
0.585978
0.00536202
0.445035
0.185587
0.275293
0.514879
0.431008
0.122436
0.00553305
0.0763289
0.667325
0.266922
0.027562
0.399138
0.0759162
0.492944
0.382279
0.148631
0.43843
0.471085
0.224466
0.415509
0.232074
0.233664
0.0394898
0.0423329
0.307193
0.0652463
0.0116453
0.0935169
0.55776
0.00118335
0.553529
0.263733
0.399011
0.421515
0.280281
0.604874
0.11286
0.275926
0.344305
0.512871
0.012985
0.06349
0.171214
0.306465
0.388502
0.295852
0.183614
0.0418242
0.073088
0.00664155
0.290275
0.146442
0.391684
0.391343
0.567228
0.106388
0.248178
0.215731
0.154238
0.307701
0.40566
0.238005
0.274312
0.319991
0.44232
0.00596916
0.477587
0.292532
0.00818894
0.347591
0.456831
0.0415159
0.711525
0.0187173
0.722264
0.405903
0.166134
0.619592
0.00355318
0.428911
0.573078
0.284797
0.2504
0.0675675
0.226862
0.111991
0.00220247
0.0417515
0.341633
0.24986
0.85622
0.0259811
0.568521
0.694719
0.345673
0.0397338
0.693175
0.669142
0.794153
0.0205113
0.160156
0.268055
0.411044
0.162028
0.000219531
0.0331845
0.0881381
0.148837
0.372695
0.118846
0.459183
0.275843
0.253404
0.05682
0.00774529
0.0410852
0.0702815
0.716617
0.267471
0.435852
0.172465
0.289869
0.119649
0.0149328
0.302716
0.280971
0.0268354
0.866691
0.188522
0.492416
0.0706185
0.358304
0.00854154
0.290177
0.108966
0.56716
0.000288824
0.620611
0.117013
0.265752
0.51591
0.0342604
0.320103
0.631677
0.0465759
0.486749
0.500778
0.423825
0.369129
0.0859085
0.812695
0.328418
0.152304
0.17047
0.398699
0.433358
0.0106126
0.451733
0.0879811
0.529135
0.128087
0.0323908
0.250641
0.281288
0.10616
0.0381544
0.484178
0.705828
0.218926
0.443963
0.425946
0.0391678
0.471211
0.230319
0.637082
0.443922
0.315177
0.0875845
0.620124
0.445211
0.342067
0.0732335
0.00367662
0.259509
0.00014097
0.653522
0.30051
0.192393
0.464076
0.0381055
0.0788818
0.129143
0.189202
0.547964
0.494282
0.397873
0.341947
0.437183
0.437467
0.459574
0.0283397
0.44855
0.729727
0.136666
0.355044
0.210747
0.350165
0.157989
0.309843
0.00148572
0.798216
0.124317
0.577555
0.392078
0.343859
0.669893
0.0930198
0.135403
0.371141
0.066759
0.132017
0.00307491
0.520885
0.0819456
0.675589
0.355606
0.0681283
0.0221083
0.0175893
0.0759846
0.305077
0.604905
0.358292
0.177164
0.120724
0.0965443
0.552125
0.0487167
0.169275
0.415703
0.50526
0.332402
0.12379
0.276465
0.358421
0.0373047
0.310087
0.41105
0.0953936
0.334646
0.443236
0.277901
0.589338
0.095679
3.44975e-05
0.196337
0.772512
0.604846
0.3159
0.678261
0.209868
0.084587
0.189406
0.502706
0.0570392
0.451053
0.0535591
0.360231
0.319525
0.00624791
0.213021
0.329768
0.304527
0.0814681
0.382001
0.327891
0.0915364
0.116451
0.0172269
0.109358
0.00543882
0.185934
0.268012
0.275771
0.727992
0.418162
0.609265
0.450627
0.00653708
0.105124
0.438235
0.326974
0.386742
0.0748914
0.0213812
0.311897
0.1396
0.792575
0.535808
0.00110012
0.357341
0.062642
0.575484
0.594384
0.0540584
0.199864
0.00769972
0.253794
0.163353
0.658799
0.24255
0.0213289
0.28845
0.0451964
0.0282774
0.429696
0.043203
0.323235
0.124817
0.393196
0.112681
0.185288
0.0797736
0.039924
0.440943
0.115504
0.133396
0.232767
0.726852
0.0933299
0.441573
0.0284135
0.174539
0.35426
0.496039
0.656576
0.0184331
0.0880618
0.459199
0.433553
0.35868
0.00249252
0.661483
0.00333095
0.456681
0.557564
0.149455
0.00842275
0.369194
0.169923
0.00836276
0.0162006
0.246384
0.137224
0.400752
0.0231246
0.00346826
0.171915
0.234044
0.59653
0.592586
0.236066
0.236818
0.291888
0.0441935
0.0524712
0.258388
0.0210051
0.05749
0.0206944
0.605668
0.207234
0.134914
0.268753
0.00260432
0.00273068
0.246166
0.0047159
0.768536
0.308094
0.448551
0.46114
0.262494
0.312932
0.0881756
0.523112
0.0318474
0.145717
0.740195
0.318426
0.0837175
0.265517
0.00170252
0.269249
0.211365
0.116094
0.000936448
0.195228
0.683604
0.134062
0.067231
0.00798266
0.287528
0.42679
0.528224
0.650789
0.0979786
0.246618
0.0199954
0.205434
0.00341133
0.310484
0.00566074
0.158619
0.430454
0.674726
0.134418
0.759988
0.155454
0.0703858
0.00825118
0.131323
0.502234
0.394406
0.608379
0.760569
0.194243
0.630499
0.0017604
0.211923
0.80267
0.742364
0.357284
0.0575645
0.00429979
0.506315
0.100007
0.0387941
0.440964
0.0575285
0.421714
0.545837
0.173136
0.450857
0.0234691
0.384855
0.25741
0.12911
0.354866
0.00876946
0.586453
0.479646
0.146065
0.19426
0.00797899
0.114121
0.00984952
0.166647
0.379069
0.665147
0.40405
0.142597
0.0139623
0.0324319
0.10509
0.0987308
0.201929
0.303425
0.630342
0.53213
0.0179613
0.256454
0.245683
0.513515
0.870355
0.486466
0.0384347
0.618438
0.0506764
0.500195
0.099195
0.304912
0.210271
0.558958
0.606671
0.317127
0.354207
0.102613
0.00325824
0.375803
0.557571
0.444985
0.252829
0.665537
0.00065738
0.434811
0.553969
0.104962
0.245003
0.695544
0.391519
0.549191
0.0963978
0.0581817
0.163993
0.162025
0.00344188
0.0175413
0.0648735
0.172831
0.789528
0.455926
0.27154
0.0108998
0.000185837
0.257313
0.501621
0.322365
0.631682
0.0297617
0.312285
0.544156
0.757221
0.00651834
0.053361
0.757179
0.199429
0.377511
0.207005
0.348477
0.171355
0.182638
0.0339577
0.322562
0.138753
0.264291
0.625845
0.0020825
0.104017
0.458605
0.726148
0.0466062
0.0867953
0.313465
0.341256
0.454027
0.705371
0.268396
0.757119
0.595998
0.124282
0.375256
0.0352345
0.138225
0.0524128
0.24803
0.360576
0.390465
0.0315396
0.691001
0.332809
0.614542
0.263461
0.310446
0.158202
0.495565
0.179182
0.327247
0.235724
0.483651
0.171294
0.000366029
0.657173
0.0241634
0.0432581
0.0763395
0.509329
0.21189
0.611431
0.0827384
0.000837906
0.475355
0.46699
0.547028
0.0490525
0.527211
0.224646
0.210762
0.0260709
0.000470041
0.161734
0.0644011
0.598475
0.309515
0.354647
0.261406
0.300375
0.296206
0.0726708
0.0110073
0.00970459
0.625279
0.450925
0.02407
0.62908
0.320586
0.102591
0.00692316
0.0530146
0.310892
0.0102466
0.472479
0.425343
0.048152
0.0221651
0.053107
0.457726
0.02993
0.358095
0.283653
0.00514728
0.134368
0.0612013
0.0170454
0.134819
0.0814622
0.208122
0.400673
0.260898
0.29075
0.29143
0.16834
0.226679
0.0951649
0.157472
0.0336927
0.0255619
0.0961852
0.0530144
0.0847963
0.327868
0.705729
0.446627
0.0105555
0.216873
0.0186295
0.124852
0.00249739
0.179938
0.600791
0.0175823
0.645253
0.00317303
0.0763715
0.5781
0.141696
0.378056
0.00622811
0.601697
0.747378
0.271161
0.0022397
0.427698
0.00453395
0.529922
0.320431
0.357456
0.237545
0.448121
0.000831179
0.205222
0.118728
0.109802
0.701769
0.0260419
0.305804
0.271492
0.391025
0.144883
0.0254673
0.234335
0.322852
0.322559
0.154704
0.150584
0.0679221
0.116232
0.195081
0.0687976
0.203908
0.704011
0.532043
0.0813149
0.552868
0.334221
0.516107
0.0839785
0.116004
0.0326889
0.0898508
0.107427
0.278362
0.229795
0.0133877
0.704195
0.467581
0.497258
0.543173
0.778767
0.502245
0.364743
0.34442
0.529715
0.337627
0.467025
0.382155
0.761876
0.707298
0.567996
0.373238
0.633771
0.219153
0.117341
0.254439
0.0590223
0.0363816
0.109386
0.803314
0.0829823
0.591098
0.0172575
0.0701704
0.0187856
0.446554
0.0726177
0.376892
0.285297
0.4829
0.0701704
0.319389
0.41629
0.251523
0.273656
0.324154
0.819265
0.316011
0.190127
0.723882
0.00167259
0.253723
0.00689819
0.380634
0.0292298
0.28881
0.476378
0.364688
0.166941
0.338284
0.299591
0.234594
0.176261
0.46504
0.843942
0.260242
0.000634521
0.00470496
0.239233
0.11639
0.0791465
0.415262
0.375151
0.10186
0.105296
0.104596
0.0132717
0.0401286
0.425181
0.000761932
0.107252
0.0131771
0.317811
0.0411975
0.0021829
0.0600929
0.287584
0.132812
0.00461306
0.16163
0.0783646
0.77752
0.301074
0.0330422
0.0454008
0.113
0.351526
0.550413
0.126201
0.286981
0.0312238
0.0467081
0.824336
0.678071
0.360727
0.0971698
0.0225541
0.421757
0.514436
0.485461
0.376599
0.0367336
0.149391
0.284028
0.0597027
0.647423
0.0152451
0.191847
0.546087
0.632544
0.31112
0.002932
0.43316
0.148804
0.582748
0.341177
0.152679
0.43177
0.156313
0.227025
0.43421
0.152963
0.0239827
0.082754
0.013837
0.00662268
0.456055
0.469927
0.226803
0.748065
0.0179547
0.212588
0.781358
0.145478
0.063329
0.327653
0.181772
0.0112325
0.0729465
0.0169777
0.0553512
0.334416
0.33144
0.753545
0.644291
0.0142935
0.494984
0.446535
0.050954
0.389258
0.0286821
0.652524
0.216205
0.00563426
0.585658
0.0292173
0.0455516
0.195459
0.265866
0.53141
0.0130837
0.304427
0.154525
0.214288
0.142891
0.0812128
0.0840933
0.090109
0.549809
0.00851346
0.20511
0.242723
0.100758
0.0397696
0.147806
0.0129665
0.578357
0.607063
0.551176
0.28136
0.283736
0.386813
0.260868
0.225411
0.0254849
0.0849379
0.163391
0.109772
0.395003
0.566636
0.535626
0.562905
0.359089
0.135902
0.0670714
0.599529
0.680181
0.0523806
0.640181
0.633153
0.595745
0.7945
0.326523
0.0912445
0.0183264
0.358057
0.0346387
0.447837
0.00323928
0.0140413
0.743125
0.224239
0.0607598
0.178413
0.210549
0.496353
0.0959963
0.027958
0.0918979
0.122058
0.75222
0.0189325
0.816627
0.441047
0.0450331
0.042821
0.352059
0.753564
0.679543
0.0477295
0.103838
0.595172
0.130513
0.445687
0.290266
0.623645
0.0221022
0.00539295
0.392762
0.216924
0.00293511
0.022365
0.246157
0.280092
0.400917
0.0392947
0.058194
0.580587
0.294678
0.0242143
0.0399864
0.15382
0.3686
0.112845
0.614646
0.174067
0.280726
0.140673
0.452028
0.0587917
0.331873
0.280028
0.0214901
0.736116
0.152838
0.577633
0.0664472
0.0304043
0.294901
0.0171284
0.418502
0.0421805
0.585251
0.0840927
0.474127
0.241527
0.304595
0.520404
0.357848
0.00185353
0.00140222
0.0399557
0.00732617
0.60744
0.117916
0.436793
0.00730394
0.419218
0.000444552
0.142464
0.0306445
0.000872653
0.166915
0.0439385
0.0757995
0.518791
0.655301
0.551482
0.404802
0.712489
0.294806
0.614001
0.279947
0.629031
0.00243486
0.00843158
0.328726
0.66247
0.0797612
0.560476
0.444022
0.0127046
0.650852
0.65342
0.266451
0.00143077
0.236784
0.0128286
0.0696612
0.0857716
0.0223116
0.00633636
0.0777169
0.000706872
0.579801
0.618287
0.261501
0.00662363
0.0191325
0.00314648
0.598407
0.455376
0.108363
0.282104
0.714593
0.659391
0.112068
0.330187
0.00642871
0.176727
0.399698
0.27891
0.161746
0.682572
0.151302
0.180504
0.314056
0.4587
0.151259
0.00947183
0.131028
0.0191691
0.0509398
0.280775
0.128795
0.440608
0.116638
0.313746
0.425728
0.239901
0.122517
0.462619
0.00989346
0.0826532
0.000942252
0.310868
0.0818572
0.0336552
0.369687
0.767295
0.361518
0.348092
0.0525776
0.208783
0.629956
0.383555
0.105796
0.31002
0.103206
0.0091105
0.171292
0.35422
0.12349
0.702856
0.655416
0.627054
0.436503
0.268198
0.276199
0.159337
0.102587
0.296083
0.791721
0.695002
0.248669
0.276907
0.0795014
0.420052
0.084505
0.276146
0.0578679
0.00378708
0.106525
0.698357
0.0436702
0.377965
0.442527
0.246283
0.285647
0.0480256
0.260896
0.288696
0.393557
0.33342
0.247986
0.168592
0.0354439
0.245853
0.0107327
0.0660126
0.630133
0.205819
0.163218
0.119362
0.166649
0.0154378
0.0353729
0.0584731
0.00804534
0.240529
0.003717
0.457918
0.467538
0.528487
0.0113862
0.0164984
0.319809
0.0182379
0.330234
0.000532863
0.0087092
0.00435463
0.35238
0.647423
0.00425932
0.132032
0.530894
0.721297
0.461786
0.359786
0.600607
0.425415
0.44918
0.0433711
0.00386643
0.000515421
0.27784
0.331628
0.2851
0.0204789
0.403675
0.189128
0.0100831
0.492841
0.0842137
0.642867
1.29572e-05
0.44318
0.177859
0.0778721
0.0331698
0.0761246
0.0748026
0.00968633
0.663711
0.231134
0.0111497
0.625498
0.0702862
0.0296661
0.223804
6.64378e-05
0.269388
0.512809
0.268709
0.472659
0.566954
0.52392
0.0278526
0.42611
0.062653
0.043402
0.0352949
0.297566
0.0227026
0.749406
0.442644
0.157148
0.588214
0.609521
0.224198
0.00384697
0.629153
0.477187
0.523598
0.264181
0.539569
0.290909
0.107971
0.227067
0.558028
0.70926
0.472549
0.65455
0.267496
0.126009
0.298755
0.56091
0.0404293
0.00278367
0.283302
0.698387
0.684899
0.677624
0.311426
0.277011
0.00550698
0.00379121
0.0579364
0.582424
0.496778
0.523612
0.0666827
0.282829
0.405815
0.214567
0.0184559
0.223031
0.0011627
0.460087
0.200619
0.00140015
0.711736
0.0696314
0.476976
0.018801
0.528456
0.317561
0.422927
0.63191
0.117972
0.472035
0.672872
0.133521
0.00376277
0.0269136
0.283683
0.817945
0.403275
0.333218
0.0657749
0.266929
0.566594
0.0108101
0.360286
0.00400893
0.47128
0.512571
0.775443
0.557401
0.0818485
0.287027
0.0482996
0.723433
0.203261
0.406018
0.106635
0.00395779
0.2195
0.0774329
0.0200766
0.212088
0.00185171
0.770235
0.0169531
0.0426871
0.330735
0.0561071
0.630883
0.247666
0.0345083
0.000752571
0.0123202
0.523371
0.389283
0.0275803
0.793264
0.55005
0.0938905
0.433508
0.0421977
0.663173
0.0105576
0.0319304
0.207927
0.0452839
0.0356201
0.0540585
0.489953
0.303537
0.303793
0.00766455
0.429893
0.0583594
0.335474
0.0472259
0.168125
0.295298
0.0547147
0.426663
0.204236
0.134787
0.00649768
0.488931
0.126435
0.302593
0.174837
0.0105554
0.152254
0.180978
0.0346238
0.236434
0.0711572
0.239779
0.270956
0.324991
0.478128
0.52204
0.172358
0.0189767
0.61289
0.336677
0.510269
0.00983243
0.293848
0.069767
0.125041
0.321005
0.497424
0.0389421
0.00578184
0.0109148
0.47545
0.227851
0.0116211
0.123116
0.726387
0.357185
0.122453
0.321843
0.0227439
0.00594836
0.350671
0.263266
0.28125
0.254948
0.00901934
0.335458
0.103481
0.256579
0.555484
0.0432404
0.258303
0.0532461
0.108676
0.0047653
0.567423
0.551515
0.191024
0.139151
0.215076
0.128538
0.573203
0.397576
0.00171593
0.159645
0.0102738
0.00306562
0.294633
0.00659458
0.390751
0.754319
0.646964
0.633407
0.532207
0.144288
0.296149
0.0617933
0.131471
0.286442
0.0804248
0.34872
0.703609
0.0430922
0.031025
0.546048
0.054154
0.040507
0.14879
0.206727
0.0774773
0.303816
0.510792
0.241825
0.35445
0.302975
0.587186
0.281531
0.740299
0.315592
0.264173
0.0236989
0.475324
0.832345
0.215603
0.660586
0.245536
0.520043
0.396704
0.0611343
0.363072
0.311867
0.815184
0.0634147
0.300253
0.59962
0.726126
0.300796
0.524173
0.00314825
0.0108588
0.360516
0.0793398
0.666311
0.648581
0.0360973
0.701124
0.00436654
0.0890384
0.201426
0.298007
0.533987
0.409266
0.0204145
0.0258953
0.080828
0.728343
0.0259083
0.0394078
0.318295
0.290051
0.3443
0.610898
0.27621
0.289041
0.196443
0.341086
0.723971
0.554671
0.010082
0.10741
0.033383
0.695189
0.0322135
0.0469127
0.0180286
0.209754
0.12639
0.113177
0.596683
0.510036
0.445198
0.1565
0.188751
0.0963029
0.145329
0.572167
0.042665
0.283652
0.645032
0.589251
0.176482
0.546266
0.00124385
0.0347288
0.0440411
0.318124
0.019748
0.823224
0.338888
1.64684e-05
0.142734
0.598314
0.00410877
0.00740209
0.000116541
0.0460911
0.158429
0.313563
0.247958
0.808533
0.000833716
0.151651
0.136436
0.249058
0.35401
0.825704
0.210086
0.407984
0.604856
0.128401
0.210757
0.0533862
0.631105
0.61883
0.017248
0.749334
0.287949
0.171007
0.341175
0.261862
0.491852
0.546707
0.00855139
0.440515
0.0442627
0.189108
0.000146161
0.268123
0.0582136
0.0506667
0.0563497
0.430097
0.0638085
0.640815
0.181502
0.392585
0.0202758
0.58192
0.570108
0.0234908
0.238958
0.293688
0.283837
0.0503974
0.0850369
0.311367
0.632458
0.765951
0.369705
0.170645
0.0215502
0.722519
0.211293
0.678715
0.689341
0.0812903
0.630629
0.360465
0.071724
0.176654
0.225736
0.0100942
0.585114
0.153165
0.198099
0.675222
0.486779
0.0506887
0.313664
0.0975343
0.663752
0.339553
0.517252
0.197781
0.467801
0.426095
0.000588465
0.703478
0.103702
0.618494
0.282618
0.00149735
0.38813
0.890194
0.420673
0.191315
0.000707786
0.390219
0.549976
0.0164437
0.440575
0.859738
0.0390189
0.70773
0.691989
0.674599
0.474149
0.204099
0.490994
0.120639
0.325312
0.527569
0.490051
0.397284
0.679582
0.17243
0.258667
0.215012
0.04353
0.0125481
0.400657
0.490566
0.366212
0.218892
0.589409
0.131493
0.0155513
0.200144
0.502835
0.20277
0.402485
0.340258
0.0505089
0.282555
0.597091
0.238019
0.0703657
0.515537
0.560534
0.447293
0.463837
0.566692
0.0434838
0.121606
0.00152753
0.0254243
0.595628
0.0119516
0.11614
0.0278608
0.613306
0.778019
0.491978
0.668407
0.194779
0.00183114
0.0677106
0.00170245
0.214192
0.120532
0.411703
0.826083
0.572573
0.0719709
0.0213851
0.42085
0.536479
0.266783
0.325522
0.510631
0.550246
0.0287114
0.743939
0.381636
0.401098
0.292875
0.0546887
0.17636
0.357363
0.1145
0.0201675
0.0775376
0.0759716
0.81936
0.179784
0.154222
0.44697
0.675212
0.712742
0.552283
0.62237
0.0097422
0.121188
0.363841
0.571974
0.400732
0.256262
0.308791
0.678221
0.476759
0.314732
0.347622
0.440498
0.0598478
0.0237265
0.555607
0.257112
0.556912
0.473802
0.156076
0.481283
0.354135
0.097079
0.378344
0.407182
0.0290159
0.0734471
0.402419
0.0308933
0.612761
0.290795
0.380739
0.690016
0.0592721
0.909074
0.302907
0.432883
0.419516
0.852603
0.101087
0.270178
0.0160907
0.456738
0.331866
0.278608
0.426615
0.166427
0.368631
0.420678
0.792294
0.645133
0.0681576
0.74227
0.462225
0.0159361
0.423664
0.678007
0.328629
0.414397
0.294539
0.697544
0.587703
0.739493
0.6603
0.258543
0.839287
0.00240536
0.0788464
0.580082
0.565017
0.441746
0.170373
0.141714
0.119721
0.512662
0.633083
0.00175096
0.250398
0.648129
0.553161
0.2358
0.00821976
0.0422204
0.362939
0.00541812
0.325095
0.451407
0.428821
0.242896
0.0725181
0.410164
0.184918
0.346131
0.712166
0.0114241
0.00919976
0.124463
0.116624
0.404674
0.219471
0.230014
0.00248495
0.180534
0.0281995
0.485939
0.136826
0.0181803
0.193698
0.0353916
0.0226835
0.0572102
0.289427
0.285936
0.543835
0.183757
0.762339
0.233676
0.783498
0.101261
0.403315
0.594931
0.00051
0.00733204
0.28552
0.234763
0.0631896
0.0667164
0.0772768
0.144103
0.456656
0.581096
0.663233
0.209494
0.0332772
0.231604
0.498168
0.034707
0.120256
0.17897
0.152238
0.363404
0.577456
0.00853546
0.00813735
0.360463
0.227043
0.295936
0.727508
0.208755
0.189107
0.562484
0.184446
0.747033
0.00642128
0.0944026
0.233923
0.492501
0.21309
0.00540323
0.28862
0.755899
0.716429
0.622203
0.260541
0.29715
0.575101
0.419354
0.199369
0.0951876
0.0310682
0.125879
0.00411586
0.245178
0.349506
0.00603628
0.585093
0.0384451
0.4136
0.0164303
0.620746
0.696317
0.25191
0.416061
0.0551862
0.284359
0.564569
0.00985746
0.0309092
0.386169
0.125411
0.233246
0.0717308
0.150231
0.0062103
0.312928
0.654871
0.590677
0.232802
0.318389
0.40045
0.0969169
0.303817
0.0841482
0.755126
0.145662
0.631161
0.518799
0.440768
0.000953881
0.177537
0.457962
0.052743
0.218992
0.480183
0.24195
0.476989
0.107595
0.546014
0.289106
0.359473
0.162401
0.0723027
0.00149741
0.329251
0.313937
0.715175
0.132715
0.610803
0.578168
0.328163
0.645022
0.810065
0.0912815
0.25806
0.261286
0.25062
0.254246
0.0206996
0.360298
0.00383897
0.371665
0.227502
0.000438095
0.845065
0.353109
0.658339
0.00461115
0.000588863
0.00548276
0.517545
0.314046
0.231364
0.458607
0.50133
0.752644
0.317584
0.3325
0.260751
0.137328
0.312426
0.686467
0.0584799
0.0617236
0.138729
0.0333741
0.508546
0.455266
0.530253
0.5516
0.736618
0.566211
0.416511
0.306335
0.130627
0.490488
0.191114
0.0443265
0.0211935
0.554947
0.475539
0.637905
0.34204
0.0121989
0.387514
0.344809
0.304626
0.11084
0.422888
0.124707
0.161118
0.39345
0.276296
0.108354
0.00232084
0.0979786
0.555295
0.264151
0.514556
0.23498
0.16902
0.0379256
0.0933989
0.12007
0.0664561
0.0542723
0.296219
0.105606
0.501684
0.0160153
0.291141
0.5636
0.00816501
0.557785
0.184489
0.118136
0.528435
0.459408
0.0655041
0.392262
0.0268512
0.572978
0.652929
0.228043
0.195766
0.149011
0.299311
0.213858
0.635536
0.377438
0.545911
0.209432
0.510847
0.224587
0.450741
0.856642
0.079705
0.237765
0.186954
0.256514
0.0659264
0.428133
0.819318
0.761367
0.00405369
0.0973312
0.0464782
0.174043
0.477958
0.794882
0.650254
0.646055
0.584815
0.441671
0.00184128
0.0742575
0.458976
0.342093
0.489065
0.371613
0.61185
0.476098
0.482244
0.0511687
0.00466538
0.0285126
0.18642
0.701729
0.32944
0.00390788
0.357483
0.433666
0.00884697
0.304059
0.638589
0.569509
0.0270975
0.0400534
0.704403
0.462406
0.571349
0.211092
0.226043
0.601804
0.0108578
0.522478
0.386709
0.0883636
0.248241
0.021094
0.36448
0.357133
0.115464
0.117786
0.181311
0.0243078
0.292167
0.0745179
0.00773255
0.0169558
0.0367308
0.711631
0.030222
0.543958
0.644787
0.131081
0.51441
0.0546696
0.269365
0.147111
0.351696
0.840089
0.0503109
0.223927
0.298511
0.57227
0.577814
0.487412
0.544061
0.00306021
0.186174
0.335458
0.26154
0.168986
0.36969
0.709899
0.0476782
0.0448647
0.729651
0.0010508
0.0042869
0.199755
0.0810948
0.429234
0.0716995
0.158908
0.516232
0.0796466
0.662924
0.106571
0.463391
0.534316
0.0711726
0.621757
0.129331
0.00288428
0.00564621
0.478176
0.234569
0.12511
0.0521852
0.063454
0.331586
0.389135
0.755366
0.619709
0.00144373
0.288633
0.542391
0.136317
0.200902
0.589723
0.594251
0.449242
0.00581024
0.10873
0.421562
0.123595
0.747465
0.478115
0.28349
0.210574
0.598947
0.321568
0.316708
0.170288
0.47024
0.545693
0.852908
0.274413
0.000796758
0.315225
0.406453
0.36647
0.10187
0.00534401
0.39203
0.29335
0.221703
0.000887926
0.575455
0.294296
0.480828
0.040782
0.348041
0.0793148
0.555994
0.127892
0.378928
0.487532
0.244635
0.163117
0.0184675
0.272694
0.162074
0.331299
0.529251
0.120639
0.0624886
0.0127409
0.00956222
0.0914285
0.468458
0.313605
0.0308233
0.2471
0.421174
0.371267
0.67807
0.363509
0.18762
0.45647
0.0169263
0.487369
0.000703324
0.101805
0.000233162
0.0428398
0.797424
0.273186
0.533496
0.000319736
0.204167
0.37364
0.487269
0.00473348
0.625763
0.530676
0.562734
0.889048
0.459509
0.563841
0.0481859
0.563622
0.70214
0.00385591
0.683663
0.216775
0.252156
0.293332
0.0740684
0.085417
0.0369213
0.375832
0.3041
0.0726389
0.48257
0.721292
0.347971
0.326584
0.476313
0.121364
0.641263
0.0196822
0.188741
0.423275
0.068131
0.0708779
0.748121
0.0977498
0.0878996
0.00367134
0.665385
0.0494853
0.128056
0.00252919
0.439349
0.87831
0.0948236
0.195949
0.149377
0.0481238
0.341651
0.392349
0.244108
0.367206
0.00308633
0.125658
0.00461114
0.135522
0.00182708
0.128888
0.283797
0.556987
0.142293
0.375834
0.79579
0.371758
0.0070111
0.0836968
0.167253
0.022955
0.375425
0.36254
0.0665906
0.245247
0.334244
0.472178
0.147756
0.336553
0.61894
0.0350146
0.783146
0.243175
0.334451
0.488188
0.000656801
0.0679977
0.518135
0.0737212
0.110312
0.151927
0.00223412
0.680787
0.213811
0.432522
0.202966
0.0408935
0.0454905
0.406736
0.375067
0.0955012
0.0960284
0.229496
0.679855
0.267592
0.670033
0.181154
0.297048
0.261303
0.270589
0.332464
0.000937635
0.365669
0.072983
0.310354
0.36303
0.47123
0.564577
0.301754
0.136424
0.119347
0.345449
0.339653
0.293865
0.0952242
0.138686
0.336159
0.472796
0.338724
0.745529
0.202756
0.0243216
0.0175473
0.53913
0.563332
0.384688
0.477311
0.0690033
0.0642094
0.577861
0.361699
0.179009
0.417677
0.0123845
0.00486075
0.00907641
0.390412
0.170484
0.340956
0.35733
0.0949328
0.476109
0.656159
0.00135315
0.480932
0.0110879
0.232057
0.702958
0.00105241
0.0595676
0.0832124
0.352265
0.131918
0.0618242
0.54909
0.212851
0.419636
0.449163
0.297934
0.16864
0.172142
0.263581
0.426337
0.172553
0.0499768
0.513101
0.867203
0.039324
0.000333733
0.0851938
0.000158608
2.71979e-05
0.428944
0.787862
0.162963
0.64561
0.0590837
0.374308
0.0945137
0.480031
0.00650058
0.657694
0.0349534
0.000231325
0.0607239
0.668383
0.616632
0.600627
0.0275748
0.556719
0.251391
0.604641
0.560542
0.0977367
0.180505
0.00168207
0.548936
0.0324007
0.33741
0.757049
0.00271218
0.159579
0.450041
0.0451546
0.151835
0.0580558
0.580854
0.34515
0.339007
0.0171728
0.204705
0.230714
0.494485
0.361423
0.302091
0.0303784
0.00835831
0.638017
0.187108
0.194819
0.291257
0.101782
0.0650325
0.38204
0.733519
0.125594
0.0718831
0.0179676
0.537914
0.552615
0.0230974
0.0149908
0.0443888
0.284619
0.279626
0.606209
0.3438
0.284285
0.000352467
0.229225
0.00190271
0.000963193
0.428181
0.271778
0.00416723
0.260382
0.0936178
0.444817
0.660244
0.144417
0.260906
0.451962
0.139999
0.0749252
0.00765798
0.0204372
0.00757677
0.0508422
0.0405114
0.0317924
0.075108
0.133087
0.673265
0.618545
0.299698
0.0802309
0.163273
0.521374
0.0140769
0.208009
0.0890686
0.0361468
0.475752
0.375887
0.54281
0.762466
0.174365
0.410863
0.0671583
0.376333
0.626869
0.132759
0.356885
0.263743
0.455368
0.319466
0.271575
0.0498712
0.0793629
0.479481
0.741654
0.0518369
0.464744
0.393874
0.0813164
0.0328341
0.605485
0.635071
0.414141
0.340422
0.387659
0.420357
0.00432036
0.078055
0.0577149
0.365779
0.0111092
0.409185
0.0214891
0.44842
0.390492
0.476953
0.506158
0.364854
0.444598
0.000331781
0.311039
0.575466
0.103413
0.0781369
0.158176
0.492714
0.0810335
0.255008
0.0213675
0.525
0.377414
0.478667
0.438151
0.0369272
0.0718283
0.00559232
0.313615
0.0397627
0.603791
0.192117
0.140963
0.595259
0.544348
0.348275
0.548767
0.687958
0.0159144
0.0903049
0.403665
0.0942363
0.291838
0.640468
0.263355
0.0491436
0.174878
0.591728
0.0517805
0.723867
0.0139058
0.614467
0.14232
0.179797
0.0365451
0.599764
0.738996
0.264408
0.184769
0.0639115
0.451432
0.20673
0.22111
0.06429
0.367896
0.0417927
0.206171
0.0450395
0.19316
0.0365528
0.267221
0.479691
0.251873
0.00809172
0.0500841
0.241098
0.028398
0.298423
0.0191374
0.170122
0.0398412
0.038356
0.0623809
0.0104882
0.219682
0.0673547
0.557229
0.022816
0.0124204
0.307363
0.0211558
0.172571
0.863802
0.281874
0.0310106
0.00595131
0.618299
0.0385789
0.761737
0.198253
0.212191
0.462825
0.288016
0.665623
0.0621739
0.6274
0.0648241
0.304411
0.409458
0.0652746
0.321614
0.0456901
0.393797
0.320468
0.560537
0.114553
0.13674
0.269394
0.149719
0.0436011
0.00383742
0.212579
0.0346244
0.584827
0.677116
0.697776
0.695394
0.131806
5.31153e-05
0.22025
0.550409
0.612616
0.361495
0.336102
0.0286181
0.336218
0.496126
0.549337
0.638582
0.514358
0.49649
0.0228114
0.0583466
0.00326972
0.350837
0.0449829
0.185141
0.196904
0.142145
0.211509
0.0874394
0.345883
0.648674
0.267858
0.0231561
0.0109153
0.609708
0.469592
0.161612
0.524198
0.325118
0.391478
0.0161473
0.00393167
0.241681
0.136471
0.13162
0.559057
0.0119421
0.0554612
0.411407
0.280854
0.511023
0.67146
0.0303412
0.0811255
0.168963
0.0176447
0.47515
0.225229
0.0456519
0.0795226
0.00271522
0.491263
0.822816
0.420085
0.300391
0.01504
0.360876
0.414179
0.631959
0.152601
0.590549
0.370155
0.255593
0.47372
0.312579
0.244678
0.095976
0.0297947
0.573282
0.490723
0.391856
0.783418
0.0393678
0.646806
0.347328
0.484363
0.159343
0.350403
0.355334
0.00978192
0.119642
0.00785392
0.255799
0.213047
0.594211
0.497596
0.555203
0.704997
0.556113
0.419433
0.695724
0.379329
0.140517
0.00653729
0.504246
0.919289
0.0433474
0.285386
0.210225
0.657836
0.0705221
0.0548091
0.0570205
0.416936
0.0613352
0.171603
0.0267776
0.46877
0.489701
0.571408
0.224795
0.0265242
0.0161031
0.577309
0.448969
0.288086
0.034677
0.0667989
0.125121
0.0121891
0.474975
0.351526
0.0631784
0.0267476
0.582023
0.00658845
0.419663
0.00221168
0.089959
0.76338
0.309691
0.797374
0.586676
0.0135625
0.00137758
0.00827739
0.415914
0.758938
0.873678
0.00671135
0.707553
0.229854
0.00265775
0.327235
0.236066
0.51293
0.296284
0.0190869
0.00170305
0.345937
0.263074
0.288219
0.801233
0.0870613
0.197945
0.153972
0.506784
0.135997
0.411041
0.423501
0.0249358
0.260222
0.0361242
0.298969
0.126972
0.383512
0.049454
0.334037
0.0464133
0.369654
0.00422545
0.457139
0.0154612
0.0298054
0.56027
0.0352258
0.346018
0.00991756
0.222662
0.296335
0.110128
0.000820941
0.23605
0.311009
0.0554385
0.578285
0.48517
0.314531
0.000449541
0.344286
0.439103
0.335146
0.0687297
0.304524
0.191294
0.00615686
0.538133
0.139108
0.0143963
0.43009
0.0468251
0.622108
0.170243
0.000335658
0.0239731
0.102674
0.446734
0.0454558
0.0266059
0.376438
0.550646
0.0719808
0.0570689
0.510914
0.246638
0.000596405
0.748273
0.767095
0.0707449
0.0709491
0.179824
0.103711
0.210532
0.0929942
0.349134
0.0559618
0.0786119
0.606372
0.627576
0.570357
0.616672
0.0170976
0.690688
0.00559238
0.0291634
0.426616
0.0518609
5.62162e-05
0.05849
0.327829
0.595159
0.000334306
0.189805
0.396833
0.306005
0.618866
0.166184
0.149197
0.261664
0.128968
0.285046
0.0214927
0.0272819
0.0748321
0.628829
0.00921702
0.298652
0.000525769
0.136943
0.0447151
0.518521
0.000105524
0.0188998
0.566489
0.0638748
0.00638441
0.152815
0.14606
0.000725605
0.506901
0.577264
0.272369
0.322752
0.740152
0.00628394
0.628726
0.0217381
0.539673
0.282416
0.032104
0.00233375
0.186278
0.12495
0.0934563
0.149969
0.0327069
0.0132003
0.1688
0.117268
0.152508
0.0432311
0.288694
0.771625
0.0287888
0.29729
0.0245482
0.733334
0.00252729
0.356476
0.365551
0.00563533
0.306575
0.194496
0.183724
0.253876
0.0637495
0.325374
0.348099
0.0215157
0.191773
0.265796
0.115835
0.299893
0.187607
0.310928
0.256385
0.458318
0.733388
0.04499
0.0164777
0.0139376
0.0166937
0.175284
0.0436321
0.246134
0.0545003
0.0445147
0.14133
0.445668
0.132223
0.413106
0.456788
0.683696
0.196027
0.0212137
0.266238
0.593318
0.00909983
0.516043
0.179075
0.344327
0.330756
0.288512
0.398171
0.355927
0.0175594
0.618755
0.00850766
0.446892
0.122091
0.468855
0.0220393
0.112734
0.342667
0.04647
0.181651
0.194408
0.556069
0.434871
0.3128
0.612259
0.505256
0.0261424
0.00106098
0.420481
0.582989
0.0278202
0.262071
0.356858
0.428548
0.0149753
0.141792
0.153611
0.428419
0.39329
0.535992
0.558075
0.245981
0.730525
0.685608
0.416538
0.140221
0.241007
0.303189
0.47221
0.0624592
0.00177862
0.200052
0.607816
0.301418
0.451738
0.309105
0.322667
0.508284
0.00433109
0.291307
0.103682
0.632639
0.113455
0.559357
0.294084
0.00772978
0.402937
0.19489
0.00484438
0.280816
0.411021
0.060168
0.202658
0.696544
0.0630869
0.0168571
0.121859
0.398871
0.252537
0.637148
0.545711
0.477587
0.274557
0.168661
0.00897826
0.384738
0.209289
0.00103205
0.625728
0.0229336
0.0154457
0.714828
0.00790756
0.166764
0.235523
0.150553
0.127496
0.857029
0.0226389
0.476458
0.00885226
0.121595
0.387188
0.130286
0.188198
0.198434
0.146576
0.682986
0.213628
0.416753
0.401383
0.1689
0.284728
0.0094978
0.270647
0.563679
0.546186
0.136363
0.362344
0.32595
0.0758572
0.0486025
0.319714
0.0958961
0.028947
0.247951
0.517602
0.707027
0.0159256
0.080067
0.00585753
0.357308
0.468763
0.157398
0.034723
0.367917
0.498218
0.0684261
0.550124
0.231933
0.402333
0.100551
0.337749
0.444552
0.395798
0.323922
0.772988
0.227266
0.0357505
0.584078
0.0861581
0.381421
0.00971925
0.775532
0.321428
0.352145
0.226399
0.472555
0.0771675
0.0554053
0.281819
0.704475
0.172895
0.0351552
0.18728
0.759381
0.84212
0.44617
0.180547
0.0450484
0.518502
0.296095
0.0545127
0.0668025
0.425833
0.394725
0.148737
0.00428597
0.4091
0.403304
0.391408
0.231716
0.0116169
0.0824521
0.321836
0.20748
0.660585
0.611719
0.573937
0.156442
0.583639
0.0177921
0.117774
0.0442739
0.101532
0.529979
0.0186424
0.341823
0.741539
0.135704
0.14515
0.411942
0.019655
0.0138409
0.158133
0.693904
0.605767
0.0251142
0.445841
0.334938
0.436813
0.432324
0.332054
0.565138
0.584731
0.555276
0.156596
0.0355828
0.00387067
0.553509
0.703305
0.135356
0.000109126
0.546093
0.482379
0.419294
0.2712
0.258962
0.0431273
0.287887
0.593125
0.294054
0.286599
0.00312576
0.128432
0.281436
0.841602
0.0356797
0.17734
0.00737646
0.512775
0.0200714
0.0823374
0.0315727
0.641648
0.176779
0.196598
0.00758437
0.00579522
0.517043
0.293688
0.696412
0.183121
0.00209891
0.424087
0.256869
0.3818
0.216382
0.0377682
0.699718
0.237536
0.0975878
0.0259434
0.393893
0.419378
0.306575
0.0102424
0.00688844
0.0206552
0.507668
0.492842
0.567297
0.346646
0.120696
0.0260081
0.372354
0.210239
0.695843
0.00299659
0.000344011
0.116337
0.0173056
0.263206
0.122932
0.0928703
0.629077
0.298073