0.0461763
0.21348
0.440674
0.376078
0.134905
0.490637
0.383323
0.426134
0.062463
9.53424e-05
0.472865
0.286013
0.122016
0.0579771
0.241574
0.000644382
0.00608193
0.11573
1.43333e-06
0.0469657
0.244331
0.191002
0.649769
0.30098
0.00300331
0.20142
0.219603
0.675943
0.312982
0.0463296
0.451979
0.245947
0.139682
0.585244
0.464874
0.414125
0.000210903
0.0734012
0.0773784
0.00179883
0.448961
0.0719263
0.363767
0.0292331
0.485215
0.0170685
0.00944047
0.615062
0.265855
0.328757
0.220719
0.00057762
0.354873
0.174172
0.250836
0.00317073
0.403809
0.323323
0.460939
0.458969
0.271921
0.211052
0.290837
0.335611
0.273682
0.0220449
0.197793
0.141816
0.363734
0.380947
0.315509
0.382673
0.000750951
0.000109748
0.512564
0.0073449
0.572583
0.110622
0.124784
0.005456
0.0624842
0.224013
0.000408922
0.375403
0.0656368
0.700935
0.56653
0.600924
0.124121
0.23853
0.0787579
0.517944
0.0227409
0.186555
0.01672
0.374786
0.347743
0.0790587
0.0386669
0.440873
0.390469
0.466336
0.323542
0.00216519
0.137374
0.0175656
0.203202
0.00753485
0.141721
0.182583
0.0449976
0.0586222
0.529875
0.00934327
0.000863796
0.80233
0.257544
0.0137629
0.655972
0.40901
0.00253943
0.483579
0.000368967
0.0578984
0.0033057
0.352879
0.115526
0.00244222
0.318873
0.367399
0.00319325
0.0190086
0.00887597
0.0164593
0.0847984
0.182433
0.35062
0.298934
0.643109
0.0147402
0.368606
0.0134077
0.279899
0.177431
0.00116647
0.574486
0.413427
0.628956
0.222629
0.122589
0.346408
0.544462
0.657338
0.535835
0.591614
0.257765
0.166631
0.224184
0.214029
0.00178618
0.179481
0.0114301
0.730689
0.0921208
0.196686
0.247254
0.0668279
0.0861963
0.524691
0.44325
0.0515355
0.680684
0.421726
0.00647264
0.241192
0.00879965
0.0493631
0.0944323
0.266906
0.652122
0.646274
0.0074923
0.000167191
0.491396
0.532745
2.83411e-06
0.497726
0.350838
0.130311
0.417089
0.0519685
0.0623471
0.876918
0.408761
0.170076
0.435616
9.05148e-06
0.25731
0.271107
0.0828872
0.14923
0.506434
0.00189944
0.352302
4.88803e-05
0.00321
0.0536196
0.258488
0.0889041
0.307288
0.538472
0.428244
0.199629
0.467417
0.407845
0.720465
0.156219
0.111786
0.374903
0.113988
0.153665
0.221186
0.002998
0.34044
0.573627
0.00761151
0.742986
0.13471
0.0202696
0.602439
0.157966
4.75165e-05
0.182028
0.274393
9.64175e-05
0.000188077
0.0315824
0.856517
0.255014
0.0859165
4.53824e-06
0.0203124
0.560841
0.407797
0.125892
0.452512
0.10225
0.436641
0.0101653
0.384945
0.369673
0.0116701
0.10054
0.294477
0.343558
0.769341
0.360413
0.414308
0.0725947
0.670297
0.121334
0.0448088
0.339299
0.249053
0.219715
0.145969
0.517364
8.56551e-05
0.238071
0.454175
0.428356
0.303768
0.00242291
0.0835366
0.012336
0.502585
0.06498
0.583514
0.0353585
0.231179
0.42863
0.0776341
0.0187118
3.81626e-05
0.660549
0.0160887
0.147989
0.334903
0.156415
0.119944
4.30434e-05
0.00107494
0.00806655
0.0682805
0.00401389
0.0750195
0.00218432
0.244509
0.168782
0.0344562
0.000632962
0.175036
0.186915
0.329823
0.170849
0.287671
0.366086
0.0342966
0.0197106
0.621082
0.0428363
0.000541901
0.0843801
0.734893
0.17338
0.319656
0.49589
0.227733
0.00283156
0.201547
0.0292681
0.0747631
0.202429
0.456258
0.346629
0.124956
0.250691
0.168164
0.0615968
0.0610089
0.0624458
0.344781
0.510058
1.0515e-05
0.065581
0.0836335
0.00121028
9.56691e-06
0.759427
0.374033
0.329513
0.493251
0.491618
0.243613
0.0723942
0.0660786
0.284202
0.374895
0.000736891
0.0688604
0.0366236
1.28767e-05
0.309529
0.0453229
0.568144
0.434606
0.205461
0.171835
0.000455346
0.241697
0.0725845
0.266681
6.46357e-07
0.18067
0.00113495
0.0478013
0.636323
0.238955
0.32141
0.00799927
0.266769
0.00336102
0.278768
0.349147
0.00399149
0.39293
0.762923
0.463295
0.560595
0.143356
0.285411
0.0958081
0.0510516
0.82226
0.13269
0.349999
0.0113363
0.672948
0.141861
0.0122859
1.83294e-05
0.354711
0.140958
0.414577
0.585649
0.115579
0.202694
0.504266
0.715467
0.480773
0.443945
0.246998
0.35504
0.0386659
3.36475e-05
0.483557
0.00854979
0.00748439
0.0017653
0.528107
0.322605
0.444739
0.297835
0.0874698
0.169676
0.245445
0.770118
0.352283
0.290339
0.0999964
0.221406
0.300498
0.252191
0.558561
0.0585281
0.401427
0.375285
0.596548
0.24151
0.261186
0.512391
0.199845
0.0198134
0.594919
0.11651
0.208015
0.439949
0.449966
0.0173648
0.353819
0.000772084
0.759472
0.220076
0.027312
0.305258
0.32711
0.446353
0.0299274
0.0599653
0.446076
0.807922
0.333975
0.421639
0.613693
0.312868
0.413779
0.341747
0.0949941
0.404983
0.760597
0.321841
0.0995281
0.130523
0.329085
0.429799
0.00383566
0.0847855
0.00513124
0.509754
0.00221307
0.576136
0.0628685
0.17355
0.104242
0.386046
0.465371
0.537554
0.432257
0.0989529
0.00590963
0.413558
0.0258421
0.143713
0.592234
0.0746034
0.739037
0.182196
0.188729
0.452854
0.254007
5.29052e-05
0.542577
0.068422
0.0118933
0.220014
0.000673647
0.327933
0.307287
0.0819765
0.381432
0.0261127
0.306536
0.285025
0.466947
0.109485
0.00045533
0.495446
0.283216
0.778852
0.0166707
0.220593
0.00192211
0.0488306
0.0081276
0.159375
0.0947204
0.00266149
0.281551
0.439361
0.06514
0.464504
0.00977955
0.7637
0.446024
0.0175503
0.362929
0.17432
0.0364814
0.217624
0.140411
0.105917
0.545899
0.0798134
0.0432048
0.00185304
0.0393733
0.00530242
0.515191
0.123687
0.510895
3.01355e-06
0.177798
0.265999
0.0313259
0.00924984
0.610606
0.00132629
0.390749
0.168161
0.0441793
0.398732
0.505952
0.00571011
0.283439
0.458614
0.229609
0.543955
0.0630588
0.00245646
0.000763939
0.0217018
0.0301708
0.285699
0.341899
0.053531
0.301093
0.642807
0.634649
0.628244
0.300616
0.313316
0.105376
0.156655
0.045746
0.287547
0.131364
5.74429e-06
0.285273
0.306286
0.22151
0.00109264
0.700287
0.0187896
0.320213
0.0334355
0.684878
0.440732
0.102473
1.68894e-06
0.00802532
0.0150832
0.209579
0.000255483
0.096477
0.337009
0.028448
0.0147824
0.455207
0.303898
0.0115205
0.0918971
0.350241
0.132621
2.24491e-05
0.000183178
0.0169377
0.297177
0.730682
0.0134832
0.126526
0.33417
0.737592
0.00916518
0.000382568
0.15904
0.441141
0.135014
0.0674721
0.284263
0.00165665
0.142451
0.567503
2.4226e-05
0.605017
0.206705
0.265225
0.222953
0.0129765
0.00209588
0.65607
0.0403532
0.529936
0.147558
0.294985
0.260802
0.173182
0.000422315
0.433268
0.550795
0.40939
0.493506
0.490835
0.682135
0.0075948
0.462782
0.134551
0.0298744
0.397513
0.0397284
0.0932674
0.000504447
0.836436
0.302557
0.718654
0.493326
0.347242
0.0521175
0.262071
0.00929118
0.201348
0.0296268
0.386355
0.0244706
0.421876
0.00820247
0.587536
0.357239
0.0701769
0.000246301
0.21061
0.00103331
0.390631
0.364896
0.00070817
0.705619
0.83478
0.362911
0.525245
0.798335
0.280907
0.67882
0.000258945
0.788419
0.574939
0.713529
0.250604
0.487185
0.666472
0.509495
0.685998
0.112
0.0584273
0.356757
0.301204
1.92927e-05
0.000645199
0.136225
0.548787
0.300443
0.00559739
0.0433588
0.157572
0.274544
0.122104
0.801194
0.0385158
0.432974
0.187769
0.380964
7.68958e-05
0.367639
0.283891
0.00022728
0.449477
0.0196444
0.576828
0.0271765
0.607999
0.395628
0.851095
0.00401602
0.0762942
2.03494e-05
0.00213572
0.338709
0.667792
0.000947466
0.588471
0.153286
0.18227
0.460484
0.0662183
0.00336647
0.410721
0.469349
0.529473
0.186579
0.0159827
0.00673961
0.205298
0.337099
0.208079
0.141004
0.0700858
0.653712
0.181835
0.606108
0.00880922
0.0106988
0.0366089
0.0593973
0.0437375
0.367551
0.0471546
0.0103619
0.76584
0.205702
0.146776
0.0788115
0.00125786
0.254807
0.466795
0.265489
0.0949907
0.0123336
0.0282077
0.577616
0.544534
0.0869628
0.00596965
0.338483
0.504755
0.0104468
0.0277014
0.182838
0.518863
0.462091
0.0633091
0.000358118
0.444299
0.294529
0.00099605
0.288827
0.198211
0.289877
0.214516
0.176295
0.294874
0.739424
0.0240207
0.520112
0.292141
0.604359
0.273576
0.332547
0.411248
0.324408
0.332357
0.533357
0.060723
0.00011751
0.000398366
0.505117
0.0396211
0.166952
0.298583
0.293474
0.116
0.135394
0.630284
0.458228
0.409641
0.0356129
0.304043
0.591242
0.00059617
0.358113
0.0587372
0.0271605
0.667326
0.675679
0.467462
0.145008
0.00354331
0.136219
0.288366
0.307136
0.0025776
0.330869
0.646304
0.285758
0.111295
0.0210005
0.439822
0.206189
0.473615
0.0166711
0.0768874
0.47448
0.000848629
0.00361481
0.0188078
0.000977191
0.00690198
0.233237
0.686822
0.144512
0.0531243
0.0131506
0.0430544
0.423897
0.224252
0.00918887
0.0418303
0.180374
0.362904
0.311727
0.095597
0.301051
0.0132938
0.00865465
0.241937
0.665292
0.42169
0.00495609
0.27912
0.45758
0.554888
0.0625537
0.239258
0.128829
0.000256532
0.0737182
0.213079
0.000147209
0.242504
0.00980233
0.149293
0.280761
0.44922
0.000131243
0.135887
0.544489
0.293582
0.400354
0.541787
0.566139
0.452236
0.470821
0.298912
0.217445
0.279776
0.385336
0.344566
0.107741
0.0221112
0.00679667
0.0164442
0.527175
0.236589
0.631799
0.128273
0.00415891
0.245546
0.317559
0.594843
0.0203222
0.497023
0.00542856
3.28742e-05
0.373799
0.000654782
0.400771
0.0520496
0.0800361
0.0179339
0.334309
0.031361
0.00105643
0.335167
0.275865
0.0457115
0.757935
0.758782
0.108813
0.132067
0.526402
0.350474
0.0604418
0.146996
0.021606
0.333908
0.0953692
0.528833
0.0034678
0.523081
0.0176886
0.0268107
0.325011
0.102522
0.0320944
0.644351
0.265223
0.356096
0.118143
0.0411456
0.0860966
0.468981
0.610488
0.000165125
0.118221
0.147477
0.419196
0.714933
0.00119442
0.0164398
0.0674571
0.394219
0.218791
7.78083e-05
0.302412
0.21887
0.00358612
0.00480646
0.492937
0.173218
0.654058
0.49208
0.000256937
0.22085
0.0184623
0.00627221
0.680291
0.00117343
0.531981
0.00161787
0.192876
0.0044976
0.0241696
0.280736
0.0632296
0.782895
0.515076
0.0084578
0.0107468
0.00963365
0.342228
2.12859e-05
0.539986
0.503649
5.6521e-07
0.339427
2.33769e-06
0.516833
0.51146
0.504875
0.0977881
0.0146337
0.00604665
2.88719e-05
0.100219
0.261532
0.503272
0.000134255
0.110097
0.0166457
0.148494
0.215547
0.742883
0.406763
0.000638538
0.0048065
0.738056
0.0085402
0.0785286
0.000430485
3.10766e-05
0.0144689
0.00642319
0.496641
0.00747963
0.494191
0.599318
0.42448
0.595056
0.33334
0.334525
0.181164
0.127592
0.00294305
0.000568371
0.0358873
0.584847
0.0184869
0.0226041
0.345318
0.482713
0.336983
0.0083908
0.470935
0.583602
0.00184857
0.622954
0.514162
0.061515
0.0647713
0.0171075
0.317628
6.15039e-07
0.202903
0.779693
0.845025
0.0254702
0.100835
0.00638489
0.120801
0.335784
0.650798
0.628892
0.0501212
0.0520158
0.362298
0.44269
5.78719e-05
0.500923
0.521795
0.0212612
0.347051
0.0593546
0.100184
0.355978
0.0440072
0.00147833
0.0144556
0.0458968
0.016867
0.454187
0.00512766
0.0438572
0.21082
0.177054
0.043672
0.351099
0.192273
0.476119
0.00112935
0.00129104
0.230494
0.495567
0.0010586
0.32297
0.000584438
0.268499
0.518116
0.207991
0.369493
0.256293
0.0026286
0.00445123
0.0210294
0.661214
0.00019936
0.000166389
0.586038
0.19228
0.383634
0.280191
0.137117
0.0114425
0.162339
0.0215714
0.0066583
0.469527
0.161052
0.459501
0.00220518
0.0337294
0.0484522
0.444397
0.261297
0.0571997
0.530009
0.00249838
0.245651
0.0232137
0.314868
0.154377
7.22069e-07
0.159854
0.394711
0.0802251
0.0849349
0.383953
0.50503
0.299602
0.00883031
0.033783
0.422177
0.63019
0.000821687
0.0218703
0.0212109
9.5367e-05
0.00455162
0.219223
0.560495
0.380482
0.170569
4.84326e-05
0.598633
0.0383932
0.0462531
0.0801251
0.00516773
0.0780662
0.193899
0.644921
0.249508
0.00934826
0.0312657
2.86329e-05
0.519449
0.0171196
0.592942
0.0114946
0.514371
0.514618
0.460718
0.342192
0.165198
0.215392
0.214362
0.459829
0.084428
0.00297913
0.552545
4.35618e-05
0.0017951
0.49813
0.0126937
0.574423
0.503313
0.000888147
0.479386
0.337617
0.142553
0.294378
1.01469e-06
0.0179736
0.314505
2.1864e-06
0.489238
0.472927
0.387179
0.0778374
0.128831
0.0181763
0.0415468
0.232245
0.680942
0.00205574
0.251549
0.123161
0.265032
0.0982426
0.492145
0.000429895
0.338558
0.728354
0.502255
0.144288
0.164897
0.584727
0.0154672
0.00484758
0.000470488
0.372889
0.299362
0.0720861
0.138263
0.723082
0.435211
0.133488
0.0672945
0.33152
0.648993
0.138071
0.215839
0.336688
0.0406919
0.165823
0.22877
0.0258267
0.364506
5.54338e-06
0.00548779
0.677727
0.674022
0.000713678
0.0491901
0.0943634
0.187587
0.379844
5.01153e-05
0.235667
0.388455
0.467421
0.76809
0.738955
0.000858115
0.00384209
0.429368
0.179738
0.0424528
0.143892
0.0076119
0.0430707
0.136653
0.170747
8.34517e-05
0.0493188
0.724362
0.00291974
0.204856
0.00135071
0.203516
0.450713
0.0188009
0.390398
0.245071
0.0184976
0.00142531
0.125902
0.0776816
0.0040458
0.263866
0.552924
0.412316
0.109947
0.289786
0.341977
0.000594552
0.315733
0.132124
0.00860171
0.84977
0.00872886
0.394277
0.00254956
0.0112116
0.197296
0.432377
0.688624
0.386983
0.234075
0.0213033
0.414525
0.553416
0.173958
0.368642
0.43964
2.33242e-06
0.0643404
0.0884001
0.346647
0.203144
0.301819
0.229714
0.549474
0.116521
0.339266
0.00107382
0.506726
1.89039e-06
0.235477
0.244914
0.160662
0.025761
0.410964
0.365801
0.104672
0.260541
0.606391
0.525864
0.0966137
0.148568
0.247225
0.0711406
0.231395
0.307433
0.160709
0.0787656
0.260621
0.788462
0.0903639
0.00383055
0.0228862
0.328241
0.0101668
0.181883
0.138653
0.133241
0.467876
0.0536163
0.64194
0.041553
0.809519
0.00021294
0.631158
4.97537e-06
0.0222191
0.0204942
0.0751918
0.635346
0.00354235
0.508182
0.758395
0.302746
0.00128316
0.00671688
0.0136476
0.379436
0.00693984
0.0264159
0.0139895
0.0352964
0.00441355
0.000453503
0.240737
0.0108895
0.31487
0.180686
0.00146067
0.316937
0.53127
0.000453486
0.425458
0.342738
0.0147101
0.299485
0.232884
0.090897
0.522875
0.372866
0.179025
0.13499
0.00184842
0.0310724
0.377888
0.324004
0.0995356
0.451326
0.0051555
0.351334
0.154609
0.542146
0.00184286
0.213776
0.141328
0.30183
0.00745372
0.113129
0.0429235
0.583377
0.0015357
0.24748
0.179649
0.0975456
0.00057745
0.590767
0.000927576
0.431786
0.000247133
0.00222932
0.00501441
0.0241296
0.17959
0.583546
0.4966
3.61586e-07
0.0478539
0.00832432
0.059472
0.0150303
0.14784
0.374426
0.0931033
0.713425
0.122942
0.706009
0.327966
0.297321
0.0799819
0.426248
0.575403
0.406004
0.266375
0.213947
0.325852
0.00237741
0.443695
0.564112
0.0914602
0.292327
0.27457
0.251945
0.167142
0.000397993
0.0192977
5.0706e-05
0.0894633
0.396015
0.0858431
0.342775
0.172775
0.443265
0.338911
0.0127636
0.0294684
0.00658186
0.11562
0.575086
0.270951
0.587654
0.0370601
0.670548
0.112503
0.211466
0.0147977
0.515331
0.251237
0.661734
0.377766
0.0251026
0.516934
0.150964
0.0625423
0.112624
0.434061
0.80457
0.130739
0.00357834
0.322724
0.0017372
0.0347585
0.336372
0.0219504
0.0599178
0.000190521
0.487558
8.62831e-07
0.561199
0.378908
0.586127
0.48419
0.327268
0.447489
0.00100177
0.0091192
0.104712
1.67813e-05
0.630013
0.0580548
0.404817
0.123568
0.296842
0.195555
0.225998
0.0410717
0.542259
0.00655954
0.000377127
0.00201938
0.678151
0.110907
0.198561
0.00677763
0.017591
0.00150063
0.0262747
0.317286
0.223982
0.00480391
0.0819817
0.0066962
0.113598
0.0680426
0.420061
0.0044349
0.199805
0.465446
0.315299
0.0171578
0.000995904
0.00201025
0.162226
0.504791
0.000633484
0.798449
0.0668417
0.000190257
0.0509584
0.0736662
0.219719
0.0189307
0.533677
0.0194934
0.440259
0.5221
0.154265
0.237566
0.00442332
0.414681
0.0601168
0.0637589
0.289343
0.375404
0.0217625
0.0202236
0.237371
0.154764
0.177468
0.0183445
0.093007
0.00455945
0.337604
0.358885
0.22384
0.499916
0.238675
0.0842289
0.187397
0.157153
0.0898235
0.49738
0.0309383
0.507023
0.299224
0.0283261
0.366853
0.419083
0.344836
0.454387
0.482748
0.283359
0.116239
0.000594287
0.566879
0.00144167
0.0344045
0.553304
0.186334
0.226688
0.380127
0.0643532
0.82884
0.322394
0.0150712
0.170855
0.0352189
0.450599
0.0896507
0.0251253
0.567657
0.0058907
0.390977
0.142841
0.295807
0.062682
0.0193235
0.53163
0.00158272
0.129716
0.00306342
0.000188866
0.104095
0.0248254
0.384673
0.542308
0.0213249
0.251913
0.0727265
0.353805
0.129121
0.0288541
0.205859
0.842574
0.0550293
0.380374
0.483457
0.334963
0.000214208
0.381528
0.227229
0.0193487
0.0312688
0.452574
0.176698
0.0918711
0.378876
0.590004
0.348508
0.362513
0.298521
0.664535
0.231951
0.0258173
0.291432
4.85506e-05
0.183359
0.0166792
0.116774
0.128353
0.56987
0.2657
8.10575e-07
0.544756
0.007804
0.103741
0.012838
0.00562433
0.0785094
0.600026
0.474249
0.364411
0.000241309
0.455339
0.330679
0.311349
0.123721
0.409826
0.000247735
0.00631721
0.0730218
0.0194172
0.115618
0.00890489
0.00176975
0.00973642
0.0878787
0.26699
0.640487
0.224795
0.226888
0.0269979
0.782432
0.533815
0.211609
0.417179
0.42634
0.216958
0.00905862
0.0509197
0.526712
0.107533
0.192825
0.533773
0.0149359
0.063236
0.0567612
0.281609
0.0536622
0.428652
0.0702112
0.527852
0.477566
0.00676378
0.267941
0.685476
0.303841
0.190431
0.0015292
0.00233944
0.169533
0.462723
0.444124
3.54774e-05
0.0915355
0.388021
0.0475921
0.156649
0.73581
0.499371
0.155855
0.435691
0.109021
0.0171702
0.682831
0.394204
0.000903602
0.724253
0.132624
0.00316619
0.0020855
0.617227
0.0889458
0.60953
0.758802
0.297037
0.695511
0.0196138
0.398673
2.98568e-06
0.00196931
0.0260426
0.020776
0.426763
0.157889
0.185759
0.204922
0.111616
8.89856e-05
0.0223853
0.101953
0.247727
0.13857
0.599237
0.667405
0.302185
0.362874
0.164597
5.53045e-05
0.0241639
0.495111
0.582457
0.594083
0.586852
0.46802
0.340227
0.39392
0.142759
0.379565
0.386287
0.243633
0.0802442
0.0548381
0.232976
0.0187043
2.6192e-05
0.143021
0.484776
0.000583243
0.674058
0.00140999
0.000668073
0.45954
0.000239582
0.49684
0.262348
0.48363
0.407221
0.0701997
0.00261301
0.297529
0.495443
0.0716946
0.0791093
0.0768151
0.11563
0.038465
0.35624
0.0045419
0.143155
0.367938
0.418627
0.00302762
0.0150828
0.5691
0.284666
2.83508e-05
0.00152781
0.29078
0.268013
0.197952
0.203624
0.213583
0.272061
0.241127
0.0183576
0.0230625
0.012928
0.0394744
0.568331
0.535383
0.0570161
0.000355538
0.109125
0.456883
0.379901
0.106816
0.234497
0.688237
0.459201
3.43034e-06
0.21583
0.635162
0.0138668
0.394011
0.726592
0.000330917
0.0449859
0.246199
0.000521571
0.000329873
0.328987
0.337084
0.178783
0.108669
0.0067338
0.176535
0.389177
0.231148
0.255745
0.0467664
0.110935
0.0157602
1.256e-05
0.00347789
0.687075
0.0180923
0.548385
0.0583597
0.623868
0.547458
0.00705118
0.272562
4.61256e-05
0.553995
0.359864
0.0713686
0.298265
0.058833
0.168618
0.498957
0.000343416
0.02504
0.567932
0.110088
0.293067
0.189772
0.000397336
0.0126247
0.187241
0.574771
0.483442
0.502214
0.694914
0.223931
0.0437897
0.0286691
0.254347
4.49216e-05
0.709441
0.146146
0.000321574
0.354832
0.252713
0.527771
0.625163
0.193908
1.23316e-06
0.00052399
0.267123
0.0165857
0.00516252
0.632222
0.723933
0.260231
0.185649
0.683707
0.0219025
0.0085987
0.417674
0.642624
0.322235
0.00195066
0.478264
6.43843e-05
0.0150178
0.0386213
0.00588414
0.0973837
0.00545333
0.00986823
0.827151
0.000302406
0.466854
0.516983
0.0321604
0.381437
0.154496
0.0466906
0.612703
0.141316
0.436639
0.0779645
0.376249
0.614625
0.255547
0.755818
0.542506
0.485111
0.296042
3.36149e-05
0.699493
0.171955
0.217409
0.28409
0.0738454
0.798855
0.628691
0.262752
0.00044628
0.147384
0.467691
0.542491
0.173899
0.741781
0.538112
0.329214
0.16441
0.527908
0.0547023
0.0106663
0.00273287
0.313222
0.0130311
0.00334772
0.00395224
0.448867
0.361598
0.103588
0.57628
0.426225
0.00062889
0.465861
0.227026
0.0405214
0.00408887
0.147773
0.00569378
0.48239
0.0219717
0.305188
0.408519
0.389741
0.36813
0.166868
0.274243
0.430701
0.225637
0.000122138
0.00855419
0.323754
0.0113997
0.0324806
0.292868
0.474943
0.462735
0.304967
0.00265014
0.104579
0.598956
0.2987
0.0158144
0.21722
0.0478232
0.260163
0.122146
0.0738633
0.635365
0.294715
0.0613839
0.579822
0.331557
0.102424
0.302926
0.652721
0.508646
0.510967
0.233221
0.294254
0.266925
0.380346
0.260302
0.00112802
0.136549
0.532369
0.00297764
0.16395
0.0107564
0.0108448
0.707388
0.212788
0.283758
0.397861
0.205229
0.311535
0.736982
0.0780666
0.00482297
0.726845
0.000931735
0.0223929
0.0707593
0.000925063
0.490763
0.0923156
9.52037e-07
0.222579
0.000633972
0.0981411
7.47443e-08
0.312078
0.0486898
0.0167276
0.00291185
0.019153
0.557226
0.0578308
0.0560887
0.346161
0.160284
0.00044757
2.0693e-05
0.202975
0.08262
0.347469
0.0405518
0.283459
7.26322e-05
0.292596
0.111852
0.0323247
6.65675e-05
0.12833
0.00659325
0.00884364
0.62587
0.40662
0.835282
0.216036
0.00348392
0.251947
0.0229328
0.241719
0.712478
0.256653
0.271107
0.0288323
0.253393
0.591453
0.143389
0.00212936
0.122836
0.0833442
0.393092
0.0213917
0.214961
0.00143373
0.0166129
0.0847363
0.0561792
0.0125929
0.435951
0.202254
0.273671
0.0127897
0.169644
0.0199549
0.624355
0.00191077
0.0185568
0.000156242
0.335308
0.000400774
0.00460814
0.638522
0.0163191
0.00876792
0.489557
0.565696
0.0159355
0.0408203
0.0150175
0.00682656
0.0549508
0.387189
0.288656
0.540668
0.628103
0.446532
0.0552083
0.101045
0.362827
3.32673e-09
0.54834
0.163309
0.22228
0.000459404
0.130422
0.469837
0.0256014
0.0280876
0.586926
0.0109026
0.02102
0.342482
0.123575
0.0872573
0.365865
0.496104
0.638406
0.0262508
0.617368
0.139632
6.13932e-06
0.0301898
0.125823
0.397226
0.144662
0.468457
0.348088
0.345078
0.0502744
0.422793
0.512376
0.284093
0.120973
0.0161467
0.00477623
0.343106
0.417066
0.56295
0.213342
0.620976
0.205206
0.288641
0.0060588
0.0203707
0.295723
0.700941
0.000118131
0.0478196
0.122584
0.28136
0.511713
0.196136
0.0160729
0.00211047
0.000918678
0.653785
0.589813
0.667053
0.00010722
0.15612
0.000132698
0.0774567
0.178318
0.244357
0.426082
0.00406285
0.30988
0.130987
0.129177
0.0545329
0.00435861
0.480194
3.80867e-05
0.173365
0.431836
0.311156
0.0506896
0.747099
0.0887998
0.492922
0.430953
0.254367
9.50661e-05
0.218279
0.000543853
0.164649
0.297724
0.0579428
0.00491164
0.308697
0.00990444
0.000586799
0.294656
0.000267758
0.0436135
0.0622173
0.534115
0.236627
0.288765
0.00479064
0.405304
0.0298338
0.000134511
0.301135
0.320765
0.0728137
0.488253
0.629622
0.437151
0.0733959
0.338589
0.0559937
0.45235
0.000795177
0.369894
0.0892238
0.011251
0.541193
0.0190359
0.42346
0.0914196
0.502631
0.011004
0.154508
0.00774324
0.0302121
0.472882
0.000929273
0.64961
7.09135e-06
0.00125435
0.398468
0.00490292
0.0213109
0.685348
0.150511
0.00180479
0.370484
0.0047421
0.378522
0.318843
0.250195
0.318037
0.115733
0.49923
0.0339939
0.48611
0.333811
0.077726
0.341077
0.365904
0.110526
0.546911
0.0462346
0.0841303
0.076673
0.249357
0.0868526
0.468673
4.78725e-08
0.0287937
0.121325
0.250263
0.0382026
0.405889
0.171013
0.0377551
0.0702539
0.0789412
0.440073
0.0253004
0.237073
0.0853867
0.456581
0.547413
0.215921
0.0480633
0.291788
0.00968979
0.0106042
0.442952
0.0912966
0.00467223
0.33315
0.41953
0.148317
0.303395
0.319601
0.646838
0.703308
0.0294122
0.556406
0.0458392
0.0163257
0.00709433
0.0292402
0.00219505
0.00119345
0.253244
0.351065
0.276563
0.0429909
0.0290907
0.00519342
0.013419
0.0509044
0.423913
0.377872
0.081712
1.96405e-06
0.019511
0.00071736
0.405883
0.100596
0.538097
0.00349195
0.125508
0.0291061
0.00747654
0.513941
9.18397e-05
0.0032012
0.39097
0.210026
0.456503
0.590936
0.1754
0.440536
0.20391
0.144458
0.52396
0.0115082
0.396984
0.00054647
0.0500106
0.0841244
0.404949
0.000462899
0.000452576
0.379595
0.712086
0.578254
0.000549885
0.37112
0.00637603
0.000647433
0.209068
0.222469
0.0715114
0.452317
0.293315
0.629677
0.304633
0.00183747
0.542761
0.185054
0.284307
0.0856586
0.437128
0.504367
0.628742
0.122292
0.0815459
1.98443e-05
0.0476691
0.123294
0.0182654
0.300537
0.465162
0.00122656
0.0153822
0.460573
0.548556
0.200385
0.00755427
0.032387
0.164793
0.373978
0.558911
0.540707
0.68889
0.0927106
0.0036224
0.258412
0.375927
0.0125577
0.37676
0.591621
0.0077913
0.371783
0.258602
0.0393089
0.00485267
0.00135128
0.341536
0.00320184
0.563184
0.273588
0.379054
0.476188
0.527945
0.0917342
0.616093
6.8155e-08
0.488454
0.214156
0.248604
0.0259791
0.331703
0.000103443
0.392713
0.495559
0.00134683
0.228775
0.00200526
0.000320586
0.3843
0.00866988
0.168047
0.477216
0.00703553
0.00056853
0.296828
0.22995
0.501489
0.0679555
0.173236
0.602505
0.434257
0.238449
0.421807
0.425197
0.168286
0.168641
0.0182281
0.316074
0.125452
0.177715
0.0165933
0.237901
1.99567e-05
0.0386058
0.0819624
0.493377
0.00499355
0.562786
0.0282619
0.110318
0.00016479
0.0784342
0.164539
0.209119
0.00551362
0.579521
0.614589
0.435549
0.00331384
0.186585
0.352412
0.524042
0.295759
0.489642
0.0346942
0.306145
0.258804
0.126547
0.149863
0.0592674
0.315017
0.0084552
0.854725
0.256872
0.00245856
0.706263
0.0763399
0.445524
0.550265
5.2185e-05
0.697697
0.458847
0.430128
0.371185
0.217916
0.412295
0.0532532
0.331847
0.0905945
0.283859
0.0350561
0.551143
0.631526
0.0366261
0.280414
0.0974897
0.502748
0.302464
0.00542511
0.468028
0.0628247
0.5227
0.00553941
0.0419599
0.272238
0.0280334
0.0272725
1.30449e-07
0.00951513
0.353246
0.0266526
0.0203487
6.7181e-07
0.0528463
0.640857
0.467923
0.238715
0.512614
0.249808
2.34135e-06
0.545439
0.31856
0.034936
0.427726
0.116294
0.118241
0.115701
0.000714206
0.161433
0.185861
0.000585692
0.0712218
0.109924
0.220025
0.604052
0.0181777
0.442023
0.423688
0.296693
0.512684
8.71526e-06
0.419458
0.00467711
0.024462
6.98672e-05
0.0150951
0.243164
0.556539
0.000528599
0.0191172
0.00919577
0.320768
0.619791
0.675962
0.0638686
0.234904
0.772562
0.0183381
0.0403086
0.000342278
0.0291385
0.0126851
0.501234
0.541722
0.31517
0.319197
0.000277494
0.00457558
0.00145493
0.679267
0.0857528
0.0071059
0.371517
0.00190534
0.335505
0.534188
0.0115278
0.497612
0.080616
0.342279
0.050457
0.204167
0.166009
0.413329
0.230499
0.241054
0.000172146
0.278257
0.295849
0.359219
0.366481
0.195786
0.569576
0.254712
0.514075
0.382604
0.605735
0.0191883
0.392224
0.30811
0.258387
0.261683
0.0167972
0.300994
0.0688195
0.0113349
0.13715
0.156828
0.492193
0.262902
0.00963276
2.11954e-05
0.134438
0.0324994
0.167969
0.00384914
0.405477
0.555001
0.0223718
0.0648518
0.0415901
0.363412
0.0372358
0.558336
0.0163455
0.0943922
0.358362
0.0996405
0.533477
0.235897
0.190339
4.40279e-05
0.0285922
3.61335e-05
0.33175
0.346907
0.601693
0.549584
0.791882
0.467995
0.315552
0.203769
0.167492
0.170442
0.325397
0.798656
0.0297422
0.38408
0.326199
0.000961526
0.0430244
0.463024
0.121228
3.52683e-06
0.125247
0.115756
0.560921
0.0078096
0.00114925
0.125817
0.0341925
0.487543
0.605291
0.590258
0.000817238
0.0639644
0.689032
0.367162
0.329458
0.236939
0.669084
0.111801
0.0789174
0.0240582
0.276779
0.514575
0.0156778
0.205176
0.33998
1.67628e-07
0.358047
0.00409537
0.388399
0.473208
0.685277
0.326665
0.0611378
0.478589
0.466211
0.259747
0.0433122
0.630432
0.301994
0.511351
0.213854
0.410548
0.0743138
0.098841
0.194936
0.584909
0.0837264
0.333744
0.283633
0.165698
0.031846
0.0488474
0.851552
0.00738367
0.347677
0.200258
0.0985116
0.00060564
0.518399
0.157033
6.64629e-07
0.0107003
0.149991
0.155967
0.0689133
0.110312
0.351188
0.259378
0.7639
0.00129284
0.000610803
0.416425
0.129603
0.142789
0.212195
0.00377985
0.000130947
0.794724
0.016818
0.372
0.254933
0.230416
0.523017
0.0873808
0.194304
0.152075
0.418569
0.0897786
0.365389
0.141933
0.00718457
0.14003
0.015786
0.0688441
0.710518
0.656613
0.0727876
0.582233
0.00606054
0.278856
0.75321
0.360521
0.131621
0.119007
0.00548732
0.577352
0.775584
0.310063
0.346667
0.485984
0.0688668
0.0105921
0.110054
0.388953
1.95965e-06
0.102188
0.697495
0.0031828
0.335623
0.676284
0.539989
0.0249664
0.480948
0.0457349
0.0478047
0.321996
0.266561
0.230016
0.16114
0.0430188
0.393627
1.19964e-06
0.174777
0.700872
0.46711
0.330443
0.148824
0.0593195
0.111391
0.00755358
0.317821
0.755774
5.41977e-05
0.215998
0.362145
0.0027479
0.0833584
0.638735
0.3919
0.00307392
0.0693293
0.00451243
0.268988
0.299661
0.430285
0.512705
0.507124
0.483737
0.118965
0.33399
0.0812235
0.458112
0.214107
0.0357857
0.277694
0.151606
0.825161
0.469678
0.00215947
0.0514298
0.00176921
0.706208
0.0739703
0.00416431
0.467938
0.107647
0.0151522
0.200217
0.144226
0.312523
0.646825
0.0470628
0.0147421
0.141445
0.0200397
0.804531
0.405344
0.350988
0.610863
0.317392
0.237564
0.377256
0.000132453
0.241578
0.0581807
0.00137129
0.490398
0.000966162
0.457159
0.256315
0.467088
0.34703
0.398636
0.139188
0.111686
4.52214e-08
0.0240811
0.115008
1.29064e-06
0.00778564
0.458379
0.583196
0.65555
0.1399
0.53255
0.20527
0.139437
0.0531132
0.642687
0.238156
0.445079
0.567248
0.204454
0.000202601
0.290997
0.00107573
0.604996
0.000499741
0.341891
0.00337688
0.458735
2.15668e-06
0.345214
5.03725e-05
0.00123545
0.288894
0.000376025
0.480071
0.00633492
0.254239
1.62737e-06
0.00113325
0.531588
0.787337
0.17017
0.0886007
0.509971
0.0589466
0.00580805
0.18753
0.543329
0.199451
0.300976
0.554996
0.0529614
0.117497
0.00330778
0.0470635
0.0792874
0.00705903
0.4835
0.0322141
0.00618878
0.372468
0.247177
1.7486e-05
0.387328
0.498289
0.168596
0.67173
0.105321
0.676267
0.612952
0.00819899
0.0516991
0.00893932
0.100839
0.578309
0.604295
0.0583329
0.0678473
0.485109
0.218491
0.000179904
0.30668
0.14885
0.481368
0.425809
0.814845
0.35718
0.651792
0.00103878
0.00148302
0.398259
2.63633e-05
0.000552107
0.000122861
0.719189
0.014747
0.588558
0.429362
0.368025
0.0102423
0.000952572
0.0635563
0.149552
0.00144038
0.563529
0.553926
0.177559
0.0322922
0.350436
0.0749045
0.000291289
0.272549
0.130794
0.0283406
0.438102
0.260701
0.00684889
0.000811045
0.0296655
0.028921
0.111049
0.705168
0.321601
0.49588
0.0945755
0.225408
0.0988084
0.235744
0.54721
0.0900703
0.00552653
0.188514
0.667648
0.00448925
0.0331935
0.430795
0.09331
0.00345328
0.0012517
0.541299
0.469819
0.422203
0.0083232
0.00408928
0.0255021
0.841641
0.0167532
0.476409
0.00255756
0.171708
0.266033
0.0661502
0.00635687
0.31477
0.0144887
0.0475823
0.176075
0.500258
0.181802
0.641332
0.220637
0.418777
0.0109239
0.0534883
0.578243
0.00336456
0.00780977
0.000140192
0.679898
0.512576
0.268808
0.427714
0.305429
0.051046
0.104059
0.35676
0.19726
0.0256724
0.0767236
0.699758
0.201699
0.0471659
0.180624
0.0313074
0.559514
0.0187905
0.00169723
0.0816458
0.133856
0.333044
0.217799
0.245217
0.51065
0.0386991
0.0110526
0.0106771
0.196624
0.243185
0.000721879
0.0209495
0.0466201
0.180597
0.277698
0.131553
0.189835
0.0540391
0.592836
9.11878e-05
0.117836
0.152125
0.00723533
0.157884
0.286536
0.0721526
0.698523
0.0228893
0.39958
0.67581
0.707543
0.483248
0.245848
0.106248
0.687889
0.194084
0.363088
0.172963
0.588628
0.439564
0.2669
0.450797
0.0545165
0.0360069
0.197545
0.207217
0.00143635
0.260873
0.241093
0.105606
0.0912933
0.0389993
0.307675
0.0720541
0.20321
0.044714
0.261574
0.144451
0.477227
0.000990951
0.77142
0.0621071
0.0496176
0.150051
0.0842993
0.0726303
0.802386
0.818035
0.0826191
0.30323
0.00510071
0.0210582
0.0580466
0.00125826
0.00063532
0.14752
0.0203489
0.00229136
0.00837921
0.666891
0.343169
0.624345
0.107347
6.45883e-05
0.442579
0.0408347
0.711255
0.255884
0.0051539
0.380852
0.707665
0.52849
0.0650831
0.133687
0.128079
0.150465
0.00272474
0.296554
0.33623
0.0704748
0.238717
0.548542
0.739082
5.91868e-05
0.0192866
0.0901891
0.486111
0.589899
0.365474
0.0302685
0.00182263
0.267379
0.269487
0.175917
0.257522
0.292282
0.125193
0.120784
0.00212097
0.385594
0.0364706
0.313877
0.201111
0.0370126
6.35562e-05
0.134837
0.000170513
0.147595
0.299444
0.489465
0.870284
0.351498
0.676511
0.218926
0.306189
0.711888
0.00164709
0.473908
0.284562
0.513182
0.56087
0.867022
0.258782
0.19608
0.366012
0.00519266
0.00133417
0.36864
0.202288
0.0467492
0.159669
0.136785
0.131882
0.215357
0.000871049
0.0262305
0.0316805
0.503108
0.467616
0.114403
0.000232106
0.45642
0.0118653
0.0968494
0.00721948
0.334915
0.00663848
0.37093
0.25443
0.00479681
0.0082668
0.346978
0.164448
0.0135689
0.746815
0.302758
0.126153
0.00470225
0.266293
0.749454
0.0527539
0.182489
0.0348085
0.517821
0.140998
0.63394
0.227109
0.0054366
0.114587
0.00341694
0.210285
0.190398
0.010809
0.181253
1.89314e-06
0.0658924
0.504228
0.00733169
0.00174644
0.483376
0.0425923
0.015681
0.0283459
0.412476
0.253186
0.378949
0.211204
0.00148598
0.148697
0.327648
9.37844e-05
0.338501
0.307319
0.0370855
1.11082e-05
0.000477296
0.178059
0.00785956
0.546151
0.000739584
0.226332
0.0238418
0.539052
0.143771
0.11661
0.351156
0.0475315
0.701685
0.341551
0.255914
0.268542
0.115744
0.369243
0.516959
0.000214989
0.0505993
0.291404
0.0553119
0.0120837
0.0190485
0.251869
0.674376
0.142392
0.161875
0.0859785
0.385008
0.593777
0.00978079
0.686351
0.222832
0.318991
0.329818
0.091724
0.463557
0.305569
0.058673
0.474636
0.545935
0.149101
0.673083
0.477758
0.0516141
0.0136546
0.506811
0.3581
0.531556
0.032524
0.243526
0.448625
0.00431695
0.238002
0.000331566
0.0287529
0.601058
0.00386276
0.691385
0.671733
0.745396
0.195032
0.480259
0.603339
0.131688
0.0746462
0.154864
0.567986
0.21904
0.110597
0.474574
0.0695793
0.191088
0.196284
0.0741519
0.291352
0.000870576
0.49628
0.0175579
0.0723917
0.268632
0.00624644
0.00653473
0.356067
0.000289929
0.0803491
0.28226
0.00187459
0.263685
3.93778e-05
0.0136752
0.0531227
0.306686
7.06297e-05
0.319343
0.0399625
0.702918
0.0160194
0.0165869
0.00815052
0.618627
0.48182
0.0626803
0.67571
0.529573
0.202071
0.00183864
1.3599e-05
0.285543
0.348607
0.2994
0.0594422
0.265844
0.183985
0.00555978
0.178657
0.285693
0.395427
0.29554
0.403567
0.691346
0.536404
0.000599313
0.02504
0.393286
0.546475
0.392555
0.000660272
0.00200624
0.544386
0.300474
0.232589
0.554893
0.365011
0.0770729
0.0173246
0.0605595
0.37631
0.0887362
0.0203846
0.26937
0.178234
0.180757
0.62668
0.226774
0.010659
0.708996
0.0578687
0.444864
0.00127528
0.379671
0.0130068
0.396885
0.0150548
0.00622614
0.0304754
0.428037
0.000472297
0.101475
0.3669
0.0722716
0.39339
0.316213
0.799667
0.0090021
0.481462
0.387705
0.688773
0.296667
0.326062
0.122321
0.581263
0.021331
0.0919831
0.535813
2.24314e-06
0.572059
0.00168825
0.348293
0.174857
0.0971231
0.258097
0.00818304
0.252176
0.000259726
0.423447
0.268021
0.0592772
0.0133922
0.278786
0.000115819
0.000278561
0.00624269
0.370497
0.458534
0.3178
0.189676
0.14229
0.713276
0.149107
0.702166
0.333369
0.669883
0.0153951
0.296735
0.00228143
0.540028
0.518973
0.0513405
0.0181152
0.559146
0.0201726
0.00322445
0.0612267
0.0752085
0.19694
0.0356983
0.465498
0.195635
0.000232853
0.260254
0.481396
0.189096
0.230893
0.000806393
0.275062
0.0090822
0.677671
0.0144527
0.285584
0.000956424
0.394514
0.0414601
0.265331
0.212104
0.127756
0.126533
0.391537
0.773402
0.0346529
0.473462
0.115495
0.23255
0.101778
6.46644e-05
0.0117693
0.00133861
0.0744221
0.200831
0.0722331
0.318667
0.0454261
0.0649186
0.000201002
0.34443
0.427733
0.00100261
0.298666
0.00996159
0.374195
0.00635252
0.527489
0.0850935
0.02237
0.22025
0.231446
0.00454346
0.000151643
0.447811
0.298584
0.16819
0.00949563
0.0120205
0.787645
0.112028
0.603151
0.0963218
0.337347
0.704479
0.346784
0.0420703
0.097366
0.26292
0.00811266
0.269234
0.0128823
0.0745619
6.00765e-05
0.218344
3.1471e-05
0.000863547
0.360411
0.000167121
0.200389
0.0818956
0.328662
0.300946
0.231816
0.40931
0.309323
0.0319384
0.0292542
0.0125754
0.0885313
0.505412
0.668939
0.449031
0.466531
0.0223675
0.261502
0.0414967
0.0931159
0.207171
0.28101
0.249299
0.00102489
0.0245896
0.0235299
0.334478
0.657338
0.00128699
0.0612386
0.541488
0.4205
0.709895
0.00544364
0.217693
0.110885
0.186992
0.0126919
0.103409
0.692275
0.024704
0.325104
0.00042524
0.719754
0.000118424
0.00551062
0.0918215
0.0113362
0.0272739
0.39279
0.441153
0.0258602
0.207733
0.215329
0.100123
0.0262022
0.423636
0.386799
0.0369535
0.0157208
0.312545
0.00106321
0.347472
0.289815
0.347155
0.746709
0.168885
0.538081
0.0950024
0.00507337
0.0610869
0.0263425
0.0319379
7.3671e-05
0.285079
0.00336891
0.00269915
0.261762
0.0268055
0.104306
0.0714255
0.391637
0.0730033
0.0538758
0.0600487
0.777928
0.0915149
0.00135445
0.48702
0.472425
2.45508e-05
0.0178421
0.621984
0.220172
0.36329
0.184572
0.317595
0.000714559
0.00134155
0.0309881
0.519633
0.602513
0.533195
7.34522e-08
0.233154
0.513882
0.466157
0.00499932
0.511159
0.570176
0.0953434
0.305669
0.0155835
0.000487491
0.171277
0.0200739
0.580996
0.0209678
0.000682944
0.380041
0.0850224
0.426896
0.278294
0.152859
0.0772725
0.138506
0.311119
0.792214
0.349516
0.0035468
0.206219
0.0849791
0.0376321
0.469721
0.00485708
0.000309667
0.580747
0.492699
0.563096
0.130547
0.572492
1.79616e-05
0.0948498
0.0353896
0.558724
0.597715
0.277562
0.424805
0.331585
0.0384274
0.316371
0.00531499
0.00680101
0.348267
0.197947
0.228303
0.0524461
0.00176771
0.68723
0.191149
0.0307544
0.000377282
0.237576
0.216839
0.440008
0.380523
0.0279245
0.687448
0.161391
0.544824
0.466852
0.124184
0.202872
0.721719
0.367714
0.0125721
0.091182
0.607415
0.42986
0.29234
0.0933732
0.637788
0.543802
0.153815
0.308893
0.206714
0.327222
0.0951891
0.595803
0.214895
0.149486
0.506242
0.0161302
0.00759748
0.163985
0.0586032
0.00923744
0.808643
0.0305105
0.0539944
0.0133133
0.491333
0.007236
0.393507
0.317212
0.125553
0.00432747
0.309157
0.0773548
0.323613
0.0151904
0.461935
0.499713
0.444211
0.0751947
0.0139459
0.489417
0.0142996
0.536721
0.0747035
0.267608
0.0523223
0.00295201
0.252932
0.00309505
0.00561386
0.0503119
0.343599
0.210207
0.0217845
0.0360877
0.104213
0.256408
0.365166
0.289227
0.154055
0.0340786
0.510255
0.0686386
0.0801195
0.643661
0.410845
0.277122
0.349176
0.507936
0.750248
0.000245392
0.314931
0.0416865
0.0104484
0.0332213
0.119329
0.231712
0.143828
6.35879e-06
0.660237
0.583493
0.106151
0.141807
0.340328
0.408596
0.190574
0.0753285
0.519214
0.161311
0.763329
4.87508e-05
0.000187211
0.375398
0.256308
5.15062e-05
0.731154
0.159703
0.263963
0.0455149
0.582375
0.706347
0.147114
0.298417
0.0980842
0.424783
0.00090458
0.036558
0.00111749
0.318747
0.713405
0.108756
0.589322
0.0294128
0.00519022
0.31143
0.388674
0.00598238
0.371204
0.00109015
0.533275
0.526252
0.250116
0.0206277
0.125192
0.0012423
0.00277691
0.350982
0.601608
0.374406
0.267354
0.0590249
0.422014
0.0911526
0.375481
0.000997712
0.59001
0.522863
0.7029
0.504393
0.229311
0.000718157
0.628429
0.414079
0.00971092
1.78642e-05
0.418104
0.522569
0.0991264
0.370045
0.289429
0.0149538
0.221191
0.209582
0.467047
0.150434
0.0647365
0.45205
0.189816
0.637014
0.538715
0.584702
0.250088
0.00308561
0.335031
0.529883
0.264851
0.0108907
0.000117682
0.313918
0.580713
0.101377
0.0108766
0.0509233
7.03427e-06
3.53552e-05
0.580189
0.50104
0.361138
0.521802
0.303647
0.138111
0.0512185
0.00196786
0.299811
0.228843
0.39064
0.00884051
0.0378307
0.252251
0.455186
0.0297936
0.0145474
0.244233
0.500271
0.0504107
0.254305
0.0127587
4.61718e-06
0.436947
0.385091
0.504342
0.237757
0.0772315
0.157591
0.00621535
0.00370027
0.478027
0.149526
0.249476
0.649942
7.71854e-08
0.0194008
0.284628
0.49322
0.238384
0.352449
0.493382
0.363562
9.31751e-06
0.714732
0.203444
0.179591
0.334963
0.00224675
0.490487
0.0242092
0.341545
0.0638897
0.164024
0.0622953
0.00343189
0.426463
0.63148
0.370696
0.511571
0.292216
0.737659
0.309689
0.316542
0.475932
0.262415
0.346771
0.000297074
0.0467201
0.00217084
0.0120167
0.18112
0.307659
0.384439
0.0535948
0.000167111
3.87637e-07
0.503723
0.179384
0.184116
0.162723
0.3923
0.0773337
0.345747
0.600623
3.76485e-05
0.336043
0.0627781
0.0383932
0.0150261
0.333016
0.000140955
0.0143723
0.472968
0.417581
0.05807
0.0398657
0.540098
0.258318
0.430851
0.139621
0.278691
0.0714865
0.289582
0.0961895
0.457887
0.0355967
0.125199
0.000308718
0.147802
0.240199
0.531539
0.384769
0.0104931
0.0733354
0.0700269
0.0340547
0.0641706
0.256918
0.671095
0.00240596
0.214359
0.00824491
0.465104
0.164911
0.00825706
0.0270461
0.0359578
0.000597894
0.0664847
0.0231166
0.0514557
0.75691
0.00797465
0.0298117
0.280905
0.1502
0.0234376
0.0668566
0.00918897
0.0200474
0.000244244
0.513804
0.0603409
0.00666597
0.0752257
0.711536
0.119897
0.130715
0.0246678
0.497193
0.0819708
0.244861
0.293512
0.534163
0.473906
0.188229
0.00772558
0.609058
0.714743
0.442174
0.0549827
0.397982
0.00714931
0.235713
0.512479
0.164277
0.412617
0.420248
0.0784053
0.019711
0.00295731
0.826787
0.0463194
0.403187
0.497164
0.0224454
0.152401
0.010043
0.590866
0.0685942
0.0866511
0.640178
0.211044
0.338806
0.00364166
0.496911
0.536743
0.226378
0.00196038
0.0810941
0.165095
0.284443
0.01272
0.469621
0.658694
0.55897
0.0955679
0.258509
0.000779252
0.26039
0.707151
7.2807e-05
0.00208706
0.00017009
0.00409172
0.0352173
0.297231
0.268266
0.0627735
0.547606
0.100165
0.666662
0.475929
0.170296
0.0048752
0.417587
0.00187693
0.481624
0.376131
0.00577741
0.144963
0.0540377
0.229628
0.34462
0.495555
0.159158
0.453362
0.0803969
0.00165187
0.332238
0.731232
0.326603
0.203153
0.431945
0.540791
0.653743
0.000279538
0.1609
0.109181
0.322209
0.132778
0.209434
0.00795133
0.270976
0.212573
0.147665
0.282289
0.471413
0.00348778
0.0846459
0.419324
0.276203
0.393155
0.607118
0.0677947
0.167214
0.218786
0.0241724
0.701706
0.00568488
0.0450423
4.48176e-05
0.653193
0.302022
0.545935
0.000676972
0.0144931
0.324643
0.603772
0.235435
0.137052
0.245626
0.00230107
6.67152e-06
0.167774
0.293656
0.0885508
0.568556
0.0378834
0.761476
0.0886622
0.480748
0.000387592
0.246606
0.221653
0.595056
0.0517193
0.3545
0.0951846
0.000362793
0.195176
0.0327847
0.00624217
0.326623
0.000354793
0.0991243
0.000390808
0.329171
0.394056
0.00517097
0.290669
0.107635
0.0745584
0.00642974
0.447234
0.000719181
0.0276883
0.302194
0.000608628
0.000286776
0.168779
0.271902
0.113619
0.272663
3.84914e-05
0.717223
4.67883e-05
0.000531908
0.377876
0.00976874
0.000554979
0.622877
0.0528067
0.0152753
0.528019
0.0926577
0.219017
0.312313
0.0146319
0.216151
0.181242
0.255668
0.0374842
0.36668
0.286933
0.0177299
0.385401
0.512376
1.69041e-06
0.00589573
0.215685
0.0646364
0.527043
0.395677
0.292883
0.0855295
0.407309
0.586093
2.4309e-05
0.545287
0.455055
0.628074
1.70227e-08
0.624492
0.409217
0.0157715
0.0917767
0.25582
0.319818
0.663499
0.013359
0.385474
0.156265
0.0155079
0.353088
0.0996599
0.222443
0.540123
0.519937
0.398971
0.0294027
0.299432
0.174522
0.65072
0.00396849
0.243203
0.0194419
0.0924303
0.00683736
0.279371
0.581902
0.183936
0.0209023
0.00143768
0.197583
0.322549
0.496347
0.0109292
0.00333487
0.120714
0.107146
0.651223
0.445343
0.0951763
0.533995
0.394262
0.0154171
0.0507114
0.0225375
0.00190275
0.000651846
7.16704e-05
0.0279754
0.199437
0.0542473
0.189885
0.0904805
0.0108781
0.00932805
0.00636568
0.00226503
3.21783e-05
0.408488
0.381942
0.360611
0.0489143
0.00034234
0.485817
0.0175904
0.027665
0.29882
0.000187462
1.53239e-05
0.178344
0.221658
0.28363
0.589554
0.399139
0.358191
0.0487341
0.000822489
0.000205954
3.50926e-05
0.39294
0.0509697
0.272754
0.504173
0.0111404
0.150899
4.09029e-06
0.360142
0.391597
0.405104
0.575683
0.406843
0.00936348
0.5725
0.550503
0.176081
1.6287e-05
0.021049
0.523432
0.296394
0.029221
0.0546064
0.0177001
0.0539684
0.383463
0.400811
0.0102006
0.315598
0.000162497
0.103437
0.0804166
0.291866
0.0044967
0.00808238
0.000245092
0.162225
0.232661
0.826624
0.308866
0.195601
0.00031331
0.0827382
0.0401089
0.340411
0.301131
0.262785
0.241857
0.0485499
0.226728
0.180677
0.591599
0.00113888
3.46751e-05
0.0112321
0.02225
0.0309125
0.127813
0.142784
0.00230508
0.385756
0.00014102
0.00434705
0.227429
0.129218
0.0212806
0.149607
0.34344
0.0735326
0.251506
0.652419
0.00737985
0.000194144
0.206422
0.274508
0.711681
0.0741274
0.318389
0.706473
0.379981
0.00495822
0.454118
0.0108755
3.27889e-06
0.0126605
0.0162842
0.00411007
0.00739428
0.30501
0.0589157
0.308049
0.412967
0.000751189
0.412218
0.000697212
0.261629
0.340232
0.132658
0.556914
0.136017
0.0773748
0.00271914
0.237681
0.622499
0.076264
0.586864
0.219064
0.308484
0.143278
0.766577
0.0260679
0.0313043
0.0242905
0.200798
0.181159
0.144908
0.000589099
0.0106543
0.261462
0.228348
0.00147234
0.211542
0.067654
0.288025
0.000812158
1.99195e-05
0.00585348
0.545171
0.370203
0.0491794
0.0127027
0.545705
0.714938
0.164099
0.000740025
0.0134909
0.534747
0.12847
0.272363
0.000912364
0.27053
0.442352
0.494894
0.0382413
0.384787
0.00219694
0.113339
0.418219
0.288883
0.76404
0.00483689
0.0667212
0.000903413
0.692557
0.100552
0.1099
0.55077
0.143402
0.394494
0.0263809
3.78998e-07
0.39051
0.0190364
0.00023218
0.36732
0.352284
0.103578
0.00707435
0.477063
0.0731835
0.2617
0.00331513
0.130377
0.263853
0.833881
0.66853
0.5218
0.00247195
0.666875
0.329402
0.234109
0.323536
4.70363e-05
0.42543
0.590424
0.0570637
0.168486
0.708853
0.000859163
0.208578
0.644985
0.48212
0.00981783
0.284415
0.109805
0.519738
0.000815307
0.129439
0.204042
0.578854
0.342377
0.0121155
0.56516
0.123814
0.004279
0.479313
0.389782
0.189591
0.060224
0.476864
0.303
0.0491767
0.230965
0.0179504
0.522554
0.0341335
0.60241
0.201567
0.0292867
0.00612288
0.104454
0.676594
0.00706855
0.687103
0.327774
0.443259
0.0924788
0.42829
0.109143
0.00194011
0.000111453
0.406068
0.0693432
0.511798
0.5177
0.221982
0.0446951
0.104105
0.315788
0.00439176
0.484428
0.0830229
0.277813
0.145015
0.0926126
0.333422
0.28919
0.409974
0.125418
0.168585
0.434259
0.241407
0.214296
0.0180387
0.0558586
0.0230705
0.408478
0.0555072
0.541884
0.0104329
0.411739
0.000341032
0.29593
0.216462
2.51758e-05
0.307329
0.144392
0.0280895
0.00105857
0.00332937
0.191676
0.423232
0.570989
0.00311746
0.338201
0.00996549
0.0119171
0.263637
0.438295
0.0444024
0.44479
0.143638
0.374394
0.47497
0.141615
0.000933567
0.0414805
0.0124907
0.485501
0.342913
0.00126108
3.0124e-06
0.321133
0.162237
0.0195061
0.20782
0.734644
0.361509
0.000287163
0.00840193
0.0718354
0.01312
0.000811031
0.00232419
0.54505
0.00072541
0.212022
0.31922
0.29792
0.0404505
0.0514229
0.00186815
0.0376073
0.0147136
0.300375
0.315229
0.112882
0.0580654
0.0572641
0.0766832
0.368513
0.149151
0.0871306
2.57564e-05
0.296532
0.401231
0.170212
0.343779
0.419528
0.147371
0.353244
0.00072676
0.29795
0.585969
0.0752077
0.366401
0.0169968
0.00442042
0.362691
0.101538
0.456806
0.000128427
0.000387375
0.0346137
0.361735
0.139323
0.200254
0.28343
0.309476
0.502083
0.637893
0.172663
0.392935
0.0266315
0.175507
0.240166
0.0581035
0.570208
0.428481
0.000240268
0.396278
0.587415
0.000705168
0.104814
0.0344938
0.260633
0.141537
0.143935
0.23031
0.00530839
0.000175719
0.477876
0.448587
0.0563722
0.0814282
0.14882
0.635521
0.164878
0.749079
0.0932132
0.338254
0.307334
0.375635
0.000943709
0.0495447
0.0233751
0.790573
0.0495603
0.639457
0.305345
0.138156
0.215643
0.0369026
0.325696
0.00130884
0.0815357
0.0319903
0.000220224
0.460179
0.135635
0.0887711
1.19479e-07
0.317231
0.215315
0.501705
0.00418807
0.208975
0.0938452
0.446111
0.00711376
0.0694949
0.209371
0.276811
0.00184465
0.291972
4.90763e-07
0.0756109
0.593901
0.0143681
0.862336
0.295524
0.334193
0.305781
0.0211584
0.392714
0.00179342
0.0189826
0.325525
0.0542448
0.168886
0.197006
0.0577131
0.015848
0.493051
0.000614289
5.98521e-06
0.529082
0.0521533
0.216032
0.411012
0.0337068
0.134785
0.550545
0.553018
0.23305
0.114899
0.252354
0.302681
0.030936
0.102892
0.00157639
0.432508
0.562926
0.494233
0.0224347
0.0139157
0.111414
0.391156
0.0848529
0.0319527
0.540728
0.700477
0.456921
0.293717
0.316126
0.269493
0.727553
0.169187
0.452776
0.000140738
0.390969
0.319439
0.0781099
0.0618489
0.00578382
0.141553
0.00119301
0.435957
0.0138012
0.0354416
0.505368
0.000519448
0.0108597
0.0143671
0.0306534
0.00052847
0.0958557
0.00465443
0.00246773
0.541169
0.348243
2.05365e-05
0.517786
0.600276
0.258962
0.345752
0.681944
0.00050648
0.354073
0.329543
0.351092
0.618362
0.334347
0.0194674
0.113548
0.343518
0.339014
0.244958
0.600708
0.00309361
0.000250045
0.341224
0.204897
0.0363615
4.3109e-06
0.507169
0.287526
0.296025
1.45604e-06
0.078668
0.463998
0.00555005
0.432465
0.00855814
0.0491042
0.391955
0.0295807
0.424427
0.0998766
0.385637
0.158795
0.0908493
0.80529
0.165284
0.240161
0.252675
0.42642
0.0366449
0.0839501
0.000993368
0.000185979
0.000934772
0.000757496
0.000933297
0.474225
0.616238
0.105681
0.307507
0.0411896
0.72468
0.479916
0.257062
0.240838
0.186731
0.731028
0.127839
0.298803
0.689867
0.117559
0.0974823
0.690482
0.364697
0.000583939
0.517903
0.037308
0.0991994
0.781847
0.107143
0.266846
0.168956
0.529997
0.571324
0.000762061
0.251079
0.315107
0.444276
0.00312901
0.0243767
0.0735576
0.049151
0.00856814
0.00238542
0.121806
0.598618
0.201168
0.282013
0.000486997
0.0317848
0.259256
6.15466e-05
0.283157
0.297151
0.0513879
0.587781
0.0240419
0.640559
0.0226974
0.180959
0.443657
0.165102
0.716664
0.224249
0.506511
0.278131
0.220122
0.368741
0.0018271
0.455021
0.0424958
0.554461
0.477055
0.493003
0.58237
0.665851
0.675352
0.153805
0.492931
0.0728017
0.346267
0.178656
0.000315465
0.729502
0.0400834
0.276873
0.334426
0.14579
0.131644
0.0011014
0.000748852
0.131362
0.0461026
0.0416587
0.0710333
0.179789
0.448539
0.00666157
0.0505091
0.260569
0.108712
0.463522
0.129572
0.385788
0.216534
0.0112
0.302851
0.146475
0.0186444
0.00306588
0.000110141
0.000515546
0.15478
0.165233
0.0550765
0.0584124
0.0575003
0.528388
0.0987529
0.231758
0.285402
0.6921
0.256394
0.0117362
0.529645
0.00206215
0.190901
0.566646
0.197188
0.00725678
0.286409
0.410784
0.000296813
0.536692
0.477693
0.0296563
0.301135
0.287957
0.124822
0.29419
0.345355
0.0560871
0.326107
0.113234
0.301032
0.0104893
0.628357
0.31998
0.102439
0.322463
0.755545
0.0468595
0.189816
0.280032
0.0089158
0.0457975
0.0206301
0.0340853
0.42298
0.63543
0.419926
0.310222
0.345146
0.0169636
0.69347
0.334222
0.00273316
0.267515
4.19261e-05
0.00173508
0.0409884
0.260243
0.0128203
0.300021
0.149189
0.31983
0.446648
0.511742
0.428751
0.0574692
0.108174
0.353535
0.159871
0.229538
0.206774
0.000478627
0.64704
0.37714
0.803148
0.424198
0.37913
0.179584
0.333244
0.194012
0.146532
0.0655774
0.106659
0.172782
6.72781e-05
0.130922
0.307153
0.408904
0.502799
0.328228
0.00275112
0.115725
0.254861
0.310513
0.554497
0.20487
0.343115
0.0551589
0.130028
0.475633
0.00796781
0.0280785
0.578447
0.104692
0.195445
0.61875
0.216218
0.210453
0.0193903
0.00143008
0.600168
0.000139691
0.303992
0.00332449
0.0253835
0.286344
0.0197486
0.0913661
0.00653808
0.000392449
0.799156
0.0261859
0.31886
0.0156141
0.283258
0.115231
0.0168661
0.358768
0.395827
0.55504
0.523374
0.318892
0.0472017
0.0218957
0.234858
0.325169
0.00111627
0.011082
0.168754
0.391656
0.0190181
0.25357
0.620535
0.0692152
0.263615
0.0748957
0.225171
0.0112752
0.293659
0.109316
0.00149773
0.000718572
0.0383538
0.114632
0.208436
0.0272967
0.703304
0.0197659
0.203387
0.0503458
0.542075
0.677907
0.0363587
0.401902
0.26742
0.0232749
0.150827
0.185399
0.377595
0.521389
0.780805
0.00207476
0.0260795
0.478733
0.352688
0.471446
0.382404
0.13819
0.0310875
0.350321
0.534026
0.000168483
0.494019
0.640138
0.0844522
0.272469
0.205692
0.165661
0.115275
0.656495
0.258625
0.0288974
0.0104042
0.226208
0.100985
0.334644
0.331851
0.271515
0.174051
4.79139e-05
0.559857
0.11386
0.000384113
0.517331
0.0118618
0.37722
0.00354197
0.00409094
0.502095
0.070382
0.555254
0.39777
0.273035
0.188537
0.686944
0.511979
0.0725772
0.562388
0.0825741
8.63252e-05
0.152544
0.000513784
0.144877
0.323884
0.149606
0.00152535
0.0698958
0.19387
0.0260955
0.0524984
0.348145
0.0492118
0.0161238
0.138435
0.551114
0.25561
0.00648924
0.266494
0.0519054
2.94189e-07
0.0744101
0.0634219
0.539856
0.107905
0.0986511
0.0773424
0.0994962
0.18911
0.167581
0.506341
0.354089
0.118813
0.125103
0.195145
0.513025
0.589839
0.580495
0.333105
4.3739e-05
0.313336
0.046756
0.217574
0.0111983
0.383838
0.00217724
0.154633
0.115174
0.24526
0.421763
0.549688
0.00244956
0.307037
0.00212343
0.395324
0.162073
0.0730584
0.280756
0.111882
0.292839
0.262702
0.276557
0.295626
0.454764
0.0105732
0.234465
0.193647
0.138113
0.727375
0.150221
0.0503058
0.643366
0.0388734
0.0586235
0.00755024
0.546976
0.117886
0.568587
0.000310558
0.106938
2.11099e-06
0.436942
0.000482781
0.300737
0.716545
0.660066
0.0673831
0.7381
0.133489
0.208417
0.0720117
0.389467
0.270337
0.000621423
0.435204
0.7761
0.687433
0.0434499
0.0955877
0.728922
0.275749
0.592478
0.39068
0.356428
0.349437
0.00109989
0.17758
0.235548
0.297727
0.419455
5.64924e-06
0.532537
0.0133093
0.301822
0.287722
0.24468
0.00266173
0.342862
0.443592
0.0200181
0.293242
0.261392
0.327476
0.715264
0.688237
0.362402
0.132566
0.265841
0.234376
0.390767
0.0296689
0.158706
0.0543732
0.298859
0.354806
0.0300201
0.062638
0.000208855
0.1714
0.420353
0.00628949
0.445145
0.549908
0.28649
0.301257
0.42131
0.230664
0.015177
0.181677
0.354802
0.317392
0.00116229
0.315157
0.356755
0.0467262
0.660876
0.164317
0.238762
0.279373
0.0386149
0.288404
0.29616
0.17357
0.0806171
0.182777
0.263256
0.00456955
0.366261
0.254942
0.00493062
0.264484
0.00393041
0.00849999
0.000138508
0.560472
5.60607e-05
0.52035
0.00385344
0.0629452
0.062012
0.050317
0.168939
0.42044
0.106408
0.000366252
0.614629
0.00130209
0.217099
0.00044848
0.701043
0.0621948
0.170241
0.660658
0.126296
0.221377
0.196268
9.97701e-06
0.0804023
0.0545569
0.173412
0.411155
0.024762
0.304218
0.519736
0.296583
0.424432
0.000955221
0.149177
0.0893053
0.522815
0.526492
0.0284669
0.427276
0.603822
3.91755e-05
0.340982
0.633598
0.349492
0.611486
0.0281543
0.419543
0.235186
0.116379
0.0271636
0.527655
0.438218
0.0233104
8.15397e-05
0.043003
5.23196e-05
0.295779
0.00033696
0.19788
0.348266
0.436931
0.000150217
0.191467
3.79582e-06
0.549228
0.296211
0.000468618
0.0558851
0.000459886
0.32497
0.549746
0.646155
0.205293
0.36964
0.313517
0.0890966
0.119541
0.290452
0.0585244
0.313529
0.581226
0.0194824
0.363184
1.9402e-05
0.118796
0.150916
0.00412758
0.43815
0.0121605
0.459105
0.535524
0.547442
0.350508
0.0170622
0.00229495
0.678986
0.00201287
0.121935
0.00913375
0.641654
0.0413717
0.474528
0.0522205
0.264005
0.428448
0.320074
0.0804672
0.0114481
0.654551
0.0183415
0.12633
0.0409128
0.175127
0.480362
0.273494
0.718192
0.379545
0.541389
0.0431865
0.00745252
0.196647
0.110433
0.312021
0.0752558
0.0373705
0.184563
0.000491383
0.686863
0.0055371
0.180596
0.626319
0.248527
0.464996
0.0700732
0.434621
0.188187
0.293358
0.821866
0.443357
0.408527
0.158127
0.624848
0.136312
0.255748
0.0884942
0.38307
0.0105878
0.266859
0.782255
0.00227114
0.379571
0.0143449
0.0723752
0.00674292
0.598176
0.0712666
0.54047
0.0842875
0.183613
0.282192
0.340572
0.465736
0.406807
0.0990697
0.317187
0.683906
0.00202638
0.0487149
0.451885
0.306133
0.0368068
0.347315
0.157526
0.0874194
0.219653
0.0146433
0.336855
0.0647087
0.190908
0.406287
0.0614334
0.000246576
0.0728239
0.53218
0.155964
0.00145801
0.182138
3.96251e-09
0.32763
0.123621
0.899979
0.128593
0.654507
0.240064
0.576598
0.0151591
0.266012
0.00143073
0.0784012
0.122593
0.161636
0.138469
0.00649196
0.355765
0.204793
0.000436393
0.0187647
0.000111765
0.303412
0.639771
0.484912
0.0367679
0.141747
0.632634
0.498175
0.622393
0.00623866
0.335733
0.300444
0.196557
0.203386
0.0885165
0.59064
0.264217
0.00173136
0.0115972
0.131977
0.141036
0.271489
0.105343
0.214997
0.393566
0.759354
0.464429
0.159868
0.0206589
0.00678236
0.445964
0.100451
0.62396
0.0202936
0.163929
0.641286
0.387934
0.269039
0.780769
0.00870081
0.371038
0.232401
0.369461
0.0816421
0.0208636
0.332976
0.420209
0.0433572
0.0232682
0.0187525
0.0778662
0.0826239
0.49406
0.380803
0.476043
0.722892
0.455064
0.346317
0.308568
0.116663
0.324055
0.0314844
0.241722
0.0529784
0.00216389
0.00484254
0.313659
0.000364068
0.0940116
0.0636497
0.184423
0.123943
0.318175
1.30388e-05
0.38079
0.000168925
0.543072
0.00707107
0.00019604
0.174251
0.000283296
0.0253446
0.034035
0.0900097
0.0447153
0.217918
0.219336
0.0443792
0.0162318
0.019135
0.406806
0.431053
0.0176041
0.374203
0.0414974
0.279299
0.00691025
0.13747
0.493037
3.81726e-05
0.152649
0.0511184
0.00019019
0.561974
0.130577
0.0775737
0.287985
0.38774
0.199633
0.0758006
0.526662
0.0165087
0.269886
0.374434
0.273943
0.0913958
0.0429784
0.302189
0.455977
0.196512
0.046629
0.280296
0.087595
0.0284399
0.00580613
0.115075
0.234835
0.274537
0.263536
0.0436875
0.297285
0.606618
0.0126787
0.00140163
7.39588e-05
0.0965727
0.0188142
0.00852123
0.270846
0.821175
0.0242867
0.274844
0.00241247
0.33745
0.00643079
0.0513481
2.1946e-05
0.14877
0.0949663
0.0865888
0.426192
0.224311
0.0154498
7.63851e-05
0.032458
0.526351
0.0596568
0.46672
0.169212
0.629231
0.470293
0.0110407
0.415678
0.866866
0.0111212
0.224807
0.264222
0.150432
0.16581
0.13692
0.856553
0.000696966
0.0729944
0.799465
0.136745
0.337013
0.352988
0.0203757
0.0704522
0.0158031
0.42209
0.0716623
0.301846
0.00179865
0.164528
0.706425
0.00265791
0.0889472
0.139608
0.0709636
0.421655
0.164034
0.147793
0.328078
0.0111556
0.421709
0.0819379
0.676686
0.582664
0.0687552
0.573119
0.304762
0.578992
0.368681
0.0471067
0.0236187
0.280422
0.840871
0.443264
0.407069
0.00308087
0.656246
0.0432727
0.148528
0.472133
0.596974
0.653342
0.310447
0.404383
0.148519
0.0523317
0.000148536
0.0613032
0.348503
0.25407
0.588026
0.651205
0.00489418
0.193348
0.00651529
0.210629
0.423764
0.124121
0.250629
0.188678
0.0637306
0.0361112
0.0658029
0.562621
0.000125522
0.124535
0.128855
0.000364475
0.0209362
0.696444
0.535373
0.131398
0.479524
0.386487
0.0868595
0.572271
8.16734e-06
0.329722
0.221091
0.447898
7.92882e-05
0.0376621
0.0934648
0.0448951
0.190598
0.112581
0.00100575
0.426746
0.000611892
0.321779
0.599244
0.53788
0.201368
0.169957
0.131731
0.217773
0.141503
0.308397
0.0337259
0.0093554
0.000211196
0.677624
0.111448
0.410344
0.556015
0.335037
0.135832
0.00151983
0.0601431
0.688014
0.2248
0.265669
0.273629
0.649225
0.00988875
0.121749
0.0435681
0.060743
0.525214
5.30271e-08
0.0621663
0.00704862
0.0791066
0.259057
0.130758
0.410496
0.253594
0.0146415
0.274826
0.230419
0.254987
0.0108869
0.0454958
0.206273
0.137814
0.226048
0.0502755
0.285275
0.0100087
0.680878
0.305377
0.589566
0.287809
0.00097328
0.388293
0.311464
0.351117
0.111901
0.241878
0.0276235
0.0909731
0.363414
0.0288525
0.421121
0.105733
3.96143e-05
0.796426
0.130282
0.0766137
0.583749
0.596752
0.390531
0.241542
0.11447
0.770689
0.125909
0.286796
0.0469022
0.301187
0.260161
0.588805
0.0120282
0.111817
0.32131
0.278989
0.0975062
0.194381
0.267199
0.0705739
0.241329
0.332042
0.00718374
0.468978
0.471011
0.000370798
0.389655
0.239338
0.290716
0.404248
0.388634
6.17675e-06
0.312079
0.245919
0.184728
7.25472e-08
0.16106
0.337068
0.271203
0.568338
0.286637
0.524734
0.414124
0.511364
0.00206386
0.103282
0.172812
0.00180727
0.490967
0.0103283
0.375286
0.458471
0.703099
0.435116
0.521011
0.0334171
0.278358
0.161086
0.171605
0.804444
0.0621297
0.0518018
0.168317
0.0684202
0.855066
0.197006
0.0292727
0.643922
0.0488867
0.154327
0.42934
0.105483
0.420583
0.250157
5.1469e-05
0.0389926
0.274022
0.183325
0.0268987
0.327921
0.0649288
0.0124126
0.216466
0.578227
0.242209
0.446378
0.194722
9.57044e-05
0.0226058
0.00748391
1.92261e-05
1.4728e-08
0.527489
0.367032
9.35662e-06
0.00992518
0.499661
0.170123
0.110065
0.482773
2.54893e-05
0.236669
0.513763
0.433677
0.524745
0.236822
0.246572
0.585209
0.121994
0.0232142
0.344515
0.0427419
0.0138237
0.351003
0.0784758
0.0389973
0.0817636
0.2623
0.137802
0.542194
0.000313276
0.0791654
3.91465e-05
0.303668
0.139651
0.647054
1.59316e-05
0.625076
0.0102521
0.0342117
0.18113
0.069919
0.0312807
0.0371461
0.0327411
0.118455
0.0640363
0.220422
0.010779
0.0018426
0.341632
0.0116137
0.0997348
0.364972
0.631742
0.00859343
3.28681e-06
0.0235838
0.00387954
0.0197135
0.027453
0.0190288
0.101559
0.384459
0.395052
0.264408
0.36189
0.000369038
0.701068
0.000561299
0.232211
0.000446622
0.269327
0.349017
0.326286
0.0670627
0.727941
0.202969
0.272843
0.549008
0.0305273
0.0364764
0.0211018
0.239543
0.252023
0.58188
0.830836
0.425064
0.443253
0.00426369
0.570921
0.408202
0.311949
0.0103767
0.145681
0.0629342
0.362471
0.326347
0.440107
0.0207811
0.152057
0.0527142
0.000266612
0.372732
0.0524316
0.107496
0.122143
0.00526522
0.22545
0.636231
0.146307
3.25496e-08
0.530448
0.556657
0.658079
0.287202
0.730497
0.800723
0.179387
0.730264
0.222842
0.252689
0.398631
0.0798242
0.00906543
0.000592677
0.12682
0.19307
0.01677
0.502309
0.414498
0.0320082
0.5179
0.0851808
0.00111419
0.155945
0.21054
0.301773
0.0192799
0.0685561
0.18592
0.384373
0.0509829
0.358511
0.0576541
0.230857
0.777502
0.818902
0.0620962
0.669762
0.017753
0.106854
0.442584
0.0595878
0.641796
0.010787
0.236361
6.34114e-05
0.397008
0.000280454
0.00102926
0.342252
0.318433
0.000681223
0.143172
0.255879
0.0404615
0.517996
0.176075
0.0168439
0.395104
0.332474
0.168733
0.282456
0.240799
0.0110469
0.0372214
0.246653
0.00573133
0.367843
0.22196
0.278051
0.0723426
0.0482024
0.0530288
0.00444394
0.475085
0.565574
0.0147989
0.358577
0.00641738
0.42509
0.0126828
0.785869
0.459075
0.379317
0.00226359
0.443734
0.000534685
0.327691
0.43898
0.0235049
0.400013
0.537018
0.0325429
0.146996
0.00021429
0.17237
0.0217058
0.359099
0.230286
0.0101992
0.356835
0.218588
0.287108
0.0937876
0.37967
0.0145875
0.0469949
0.413108
0.212775
0.0895636
0.473027
0.528319
0.224743
0.889498
0.0375946
0.543256
0.0577118
0.237324
0.347061
6.0896e-06
0.554799
0.200173
0.310017
0.00990722
0.0747813
0.194086
0.00124223
0.144044
0.0471328
0.366616
0.661842
0.0441004
0.348883
0.0947672
0.221065
0.00309984
6.24825e-05
0.0319755
0.796381
0.382525
0.212092
0.000636804
0.304722
0.34159
0.00182988
0.354878
0.124394
0.034381
0.020238
0.0018241
0.00071717
0.237895
0.0712481
0.0316419
0.373131
0.561261
0.0561336
0.457632
0.0314294
0.131661
0.766237
0.015062
0.204001
0.022989
0.0945797
0.012232
0.392057
0.000672499
0.0235316
0.115239
0.183948
0.0201644
0.412135
0.000368073
0.301951
0.0787842
0.0803496
0.101799
0.213322
0.624142
0.347448
0.475017
0.237409
0.00304785
0.118708
0.620674
0.000412976
0.0550746
1.68356e-05
0.661207
0.169915
0.0142429
0.000510572
0.761429
0.770995
0.579205
0.0100798
0.197849
0.0451526
0.338907
0.290805
0.629636
6.84029e-05
0.00650195
0.00256487
0.574353
0.267039
0.07685
0.17496
0.597619
0.0588567
0.381563
0.285117
0.0129574
0.293181
0.519165
0.000247
0.25097
0.21932
0.0368224
0.235704
0.00528605
0.342039
0.40207
0.49595
0.559466
0.476636
0.618475
0.517384
0.294997
0.011264
0.626526
0.21784
0.186481
0.310091
0.043819
0.095491
0.0908116
0.36456
0.00217939
0.229489
0.18578
0.438813
0.00544744
0.0131569
0.440207
0.482807
0.00230268
0.100691
0.271091
7.91839e-05
0.0596308
0.575992
0.320586
0.0656038
0.00931051
0.258511
0.000182867
0.0691656
0.273332
0.27549
0.135904
0.429697
0.0789494
0.279468
0.523779
0.00063029
0.00303249
0.312392
0.530253
0.542434
0.125663
0.617414
0.443682
0.241343
0.0635333
0.326958
0.144873
0.162004
0.000441661
0.547255
0.0331746
0.468971
0.634174
0.265776
0.100922
0.540322
0.0126844
0.318777
0.00496731
0.375252
0.343831
0.367191
0.0256873
0.0132955
0.137839
0.177046
0.481588
0.0350013
0.000365742
0.0543086
0.481427
0.104405
0.0196637
0.0112008
0.211544
0.73212
0.179484
0.00455375
0.455483
0.0299728
0.0830395
0.013038
0.527179
0.693525
0.272318
0.0111611
0.243499
0.178857
0.00546828
0.155001
0.723541
0.298808
0.199893
0.0160654
0.40249
0.307764
0.0347968
0.67071
7.37297e-05
0.102741
0.489219
0.00716184
0.434724
0.43438
0.0335985
0.374567
0.0318244
0.254354
0.0533318
0.280126
0.0678916
0.254819
0.321892
0.255762
0.439964
0.238212
0.665706
0.000703641
0.179775
0.380437
0.104797
0.0618311
0.130492
0.560341
0.305949
0.292486
0.340906
0.0230221
0.335351
0.0521769
0.00941499
0.000906054
0.681049
0.0247721
0.024879
0.0494993
0.134736
0.126041
0.554223
0.00786416
0.0140092
0.208724
0.0783756
0.00020052
0.41717
0.442513
0.325032
0.43381
0.28155
0.00507939
0.000118769
0.548759
0.333977
0.339828
0.299423
0.0386923
0.332619
0.0919191
0.48134
0.000195392
0.00138847
0.000118357
0.200597
0.165017
7.9222e-06
0.0191073
0.634192
0.0374572
0.136289
0.233541
0.455838
0.304277
0.331794
0.0301089
0.0566622
0.705096
0.112189
0.131021
0.0488061
0.823199
0.021908
0.00176298
0.432615
0.366543
0.0295504
0.458659
0.357185
0.541277
0.286406
0.77333
0.374045
0.00024398
0.0262885
0.123475
7.78286e-05
0.121492
0.222505
0.14326
0.102132
0.355245
0.232826
0.00023108
0.227756
0.383698
0.366024
0.369844
0.0635446
0.153408
0.235181
0.0125594
0.22993
0.000343029
0.401579
0.449528
0.157359
0.489848
0.13218
0.112701
0.223511
8.37361e-05
1.4904e-05
0.366547
0.0590942
0.0852018
0.0688043
0.021569
0.000998726
0.0003025
0.00739727
0.102534
0.0417271
3.24354e-06
0.549259
0.000938908
0.686203
0.298377
0.379546
0.293895
0.327368
0.266267
0.672299
0.322978
0.316614
0.438346
0.430812
0.0644044
0.685304
0.0146796
0.022017
0.0502999
0.580835
0.31044
0.00643496
0.0137995
0.0479272
0.5045
0.335478
0.000796284
0.451816
0.0980969
0.329803
0.177379
0.252081
0.0129744
0.0241722
0.773399
0.0639485
0.390972
0.00159257
0.0718927
0.361535
0.698944
0.124742
0.0241508
0.28462
0.317441
0.297651
0.327561
0.064935
0.525533
0.280815
0.300748
0.366038
0.0302379
0.499129
0.518689
0.0433201
0.701992
0.346041
0.276624
0.778312
0.000621827
0.0213542
0.0343279
0.0624321
0.491155
0.347238
0.502722
0.370476
0.137446
0.000915939
0.143635
0.631691
0.374673
0.0141753
0.340552
0.624765
0.449422
0.242981
0.245345
3.12643e-08
0.312233
0.44583
0.022243
0.338975
0.311114
0.298528
0.00792169
0.00759136
0.483191
0.0222701
0.368948
0.141202
0.000138077
0.344917
0.00611298
0.0512369
0.0011843
0.342691
0.046023
0.575249
0.228318
0.252962
0.092882
1.4465e-05
0.395287
0.0369767
0.00103269
0.20384
0.0258314
0.000783311
0.683271
0.017142
0.000542704
0.329285
0.00652877
0.493599
0.0282471
0.665397
0.0613653
0.644151
0.0069743
5.83846e-06
0.126929
0.226437
0.103885
0.00232961
0.320657
0.159613
0.410212
0.0372537
0.518788
0.304514
0.00265907
0.800064
0.446301
0.00315265
0.00363836
0.490141
0.00649218
0.0233691
0.406516
0.554637
0.27389
0.156874
0.0124348
0.000167392
0.1828
0.100901
0.0455381
0.242896
0.509192
0.0801678
0.546333
0.204902
0.0363318
0.0931488
0.126302
0.0774202
0.00109812
0.488774
0.540507
0.355272
0.320841
0.146001
0.35547
0.0154613
9.13782e-07
0.00943675
0.367658
0.196368
0.701556
0.010207
0.00161277
0.652195
0.208097
0.220552
0.00847149
0.455771
0.605048
0.000668178
0.167252
0.314386
0.515079
0.219903
0.00252621
0.000334352
0.299646
0.484738
1.4958e-05
0.116441
0.227163
0.300012
0.222869
0.147661
0.00461605
0.281362
0.14684
0.59144
0.277537
0.729996
0.244948
0.10318
0.268698
0.0578217
0.478943
0.474729
0.011982
0.173344
0.0229427
0.000106051
0.107595
0.424926
0.00243787
0.3894
0.0168888
0.187332
1.67954e-05
0.723409
0.096544
0.0357751
0.352134
0.00580301
0.168246
0.168212
0.142171
0.000246189
0.613533
0.271188
0.312349
0.496878
0.706981
0.45103
0.518357
0.0868223
0.281303
0.507736
0.000417729
0.675911
0.419744
0.493303
0.317318
0.36414
0.559704
0.426345
0.136718
0.10188
0.597143
0.753773
0.302179
0.137256
0.693109
0.0910311
0.480747
0.0450544
0.716474
0.248674
0.0675479
0.343492
0.100686
0.624624
0.646199
0.0290447
0.00218105
0.13915
0.00576514
0.581426
0.0983389
0.0675775
0.0236677
0.0638458
0.34019
0.00446689
0.256787
0.510929
0.590534
0.0179197
0.279707
0.562887
0.284844
0.679786
0.000430209
0.793117
0.434409
0.0878467
0.207237
0.424097
0.337009
0.0376457
0.298376
0.00328972
0.405316
0.343215
0.689602
0.318833
0.0738096
0.687898
0.0771406
0.0520181
0.125274
0.392815
0.450555
0.0350275
0.38706
0.136963
0.555634
0.116764
0.0307103
0.0022189
0.0411635
0.540473
0.195896
0.120888
0.529919
0.314799
0.739222
0.00339503
0.498914
0.0602357
0.149777
0.313412
0.594274
0.0696201
0.106358
0.00981042
0.362592
0.243772
0.0305194
0.497878
0.197517
0.740646
0.526158
0.485725
0.314168
0.0187956
0.000481921
0.441848
0.783356
0.167306
0.131303
0.59157
0.191992
0.093502
0.0308058
0.508962
0.425406
0.0139744
0.208931
0.777009
0.486644
0.0121515
0.0127654
0.33349
0.323944
0.0322249
0.712254
0.311456
0.137002
0.018731
0.277611
0.0374353
0.0463576
0.0275607
0.620392
0.175822
0.444946
0.000715517
0.0715353
0.31757
0.0069529
0.0457415
0.148696
0.505378
0.302442
0.120932
0.00993432
0.428398
0.0130246
0.0117617
0.0266934
7.97082e-05
0.114254
0.437507
0.655111
0.389665
0.0354052
0.179053
0.00153946
0.307331
0.426064
0.518923
0.0926313
0.00686953
0.457318
0.0878353
0.105088
0.246464
0.188342
0.391149
0.00436342
0.467621
0.270836
0.315755
0.153696
0.106959
0.355214
0.218081
0.372393
0.0183505
0.273868
0.308573
0.381453
0.227002
0.531152
0.181266
0.535491
0.425334
0.135762
0.0541454
0.714145
0.436002
0.00390509
0.00989455
0.613485
0.00324549
0.842844
0.00683031
0.157832
0.0170901
0.019794
0.0689573
0.00442494
0.00123262
0.176252
0.29134
0.221284
0.130562
0.00638694
0.27222
0.00298546
0.399292
0.492935
0.222394
0.0229448
0.132694
0.200983
0.0476766
0.538179
0.0153074
0.104494
0.0590203
0.00870528
0.627928
0.0488716
0.00198268
0.0441085
0.0306426
0.302173
0.00742706
0.757843
0.471069
0.0950002
0.482714
0.332101
0.163973
0.0563702
0.502841
0.00179938
0.0789153
0.609456
0.172352
0.0418752
0.287446
0.00333068
0.0694817
0.276078
0.480437
0.000393644
0.0575092
0.50209
0.011449
0.257543
0.0835864
0.283809
0.509848
0.0487694
0.48163
0.381443
0.411555
0.12217
0.0325487
0.00408728
0.398115
0.00109399
0.264913
0.761687
0.63814
0.0173653
0.512086
0.495569
0.0826692
0.0689879
0.00053233
0.431086
0.141319
0.671949
0.517086
0.283583
0.20383
0.0222374
0.0896257
0.223532
0.681286
0.27479
0.00300795
0.00138776
0.0499794
0.529645
0.0150592
0.262404
0.196202
0.0188131
0.5784
2.45428e-06
0.1917
0.179901
0.157315
0.477027
0.246765
0.279156
0.000911191
0.258118
0.439017
0.352552
0.172953
0.00080858
0.0736473
0.000598937
0.557691
0.0553164
0.521896
0.403273
0.128028
0.0905817
0.0973768
7.07183e-05
0.0454519
0.125958
0.573098
0.615668
0.379566
0.00399332
0.407834
0.2761
0.49254
0.31185
0.356895
0.437707
0.52244
0.315904
0.672313
0.0348812
0.291058
0.0576216
0.158227
0.462509
0.077921
0.188094
0.228759
8.37787e-06
0.260398
0.0506364
0.108485
0.00825807
0.354078
0.00106922
0.562965
0.413281
0.00425119
0.0147415
0.570298
0.251956
0.397266
0.0160847
0.0568554
0.0194637
0.346683
0.0598516
0.132948
0.00515305
0.0905427
0.432325
0.570387
0.0395233
0.00141082
6.70151e-05
0.0639243
0.530258
0.291349
0.506686
0.0289403
0.0786465
0.292978
0.555429
0.13158
0.0591063
0.513494
0.282629
0.489671
0.391252
0.0976688
0.0297591
0.228671
0.122084
0.147642
0.116978
0.144325
0.155717
4.1082e-05
0.26214
0.344226
0.477802
0.137956
0.287914
0.0562294
0.363632
0.0012504
0.553737
0.0418719
0.0971415
0.478968
0.231206
0.0134079
0.0378483
0.0724
0.00169238
0.510524
0.512879
0.393892
0.00853926
0.196696
0.0365597
0.317974
0.0365311
0.243679
0.0535441
0.216001
0.0946475
0.0425381
0.331669
0.296732
0.056224
0.000110315
0.369418
0.053665
0.0138684
0.0139905
0.332217
0.294123
0.574626
0.157217
4.50026e-05
0.571503
0.603077
0.640471
0.0112806
0.157674
0.20041
0.562742
0.0559841
1.69062e-05
0.382647
0.0413218
0.483726
0.189969
0.00684033
0.441458
0.0147554
0.373303
0.42437
0.246451
0.00463567
0.00643831
0.510934
0.0520234
0.19296
0.000316094
0.00279526
0.0180206
0.306311
0.28935
0.0201355
0.657284
0.419824
0.133375
0.293066
0.0628068
0.487204
0.0817562
0.119484
0.259554
4.29e-05
0.0997925
0.128614
0.0177313
0.00548264
0.00436746
0.0111792
0.482499
0.247981
0.00257813
0.196184
0.200402
0.298674
0.000867665
0.230922
0.166621
0.00171164
0.0784007
0.181183
0.0325347
0.319643
0.47713
0.150601
0.133091
0.013617
0.019798
0.184131
0.241267
0.283571
0.549738
0.0601688
0.00819519
0.0326636
0.0461847
0.593614
0.306775
0.00569984
0.000940188
0.416345
0.0348048
0.535239
6.94819e-07
0.213823
0.00805907
0.397916
0.208161
0.352978
0.116332
0.366417
0.00137529
0.0618521
0.253773
0.0369539
0.792797
0.0105591
0.477958
0.41784
0.297597
0.0961109
0.00323741
0.42096
0.0624887
0.163001
0.268047
0.490215
0.195269
0.109606
0.616783
0.590451
0.131189
0.0507811
0.324893
2.30483e-05
0.517429
0.0052927
0.273712
0.169599
0.167835
0.305762
0.248028
0.56106
0.317372
0.400959
0.0616287
0.463044
0.201753
0.188923
4.54522e-06
0.635541
0.341948
0.662618
0.501568
0.644784
0.336948
0.390425
0.147316
0.00597829
0.41185
0.321872
0.122461
0.43106
0.386368
0.310223
0.161004
0.285763
0.00425291
0.064167
0.642304
0.0936196
0.182188
0.000464221
0.193601
0.0865941
0.32757
0.277934
0.269948
0.396139
0.375868
0.0454817
0.00177158
0.427
0.429783
0.000592329
0.299066
0.242536
0.0473088
0.292617
0.673049
0.000228981
0.0306414
0.00383203
0.61754
0.0253146
0.00464748
0.461557
0.038438
0.0688932
2.52913e-05
0.172118
0.458237
0.0624671
0.185332
0.0247143
0.405435
0.0023691
0.0145472
0.000327635
0.156513
0.152069
0.429081
0.550093
0.0434379
0.00439901
0.215276
0.139902
0.253046
0.381419
0.00702807
0.160791
0.00774218
0.0508963
0.00431114
3.86819e-05
0.310441
0.00533682
0.389922
0.0011082
0.54188
0.125588
0.266574
0.160611
0.219337
0.0011851
0.157081
0.150435
0.314393
0.0763167
0.145098
0.0746877
0.262381
0.0606053
0.0296249
0.470091
0.12973
0.00217062
0.404932
0.357931
0.361241
0.0121388
0.399897
0.0991413
0.444094
0.0319999
0.0301622
8.4406e-05
0.0888977
0.509822
0.252383
0.475466
0.00086439
0.454881
0.396266
0.606856
3.55373e-05
0.260438
0.0952386
0.00788104
0.31551
0.71037
0.424672
0.000993077
0.244901
0.187011
0.00555616
0.313113
0.710639
0.123616
0.643626
0.0328191
0.459248
0.844619
0.188293
0.251863
0.434559
0.160642
0.00902279
0.0218846
0.271413
0.00194011
0.431765
0.26606
0.568796
0.158756
7.86781e-05
0.227539
0.311776
0.271433
0.347098
0.192474
0.495108
0.291043
0.15671
0.000988976
0.0107996
0.33267
0.402455
0.276164
0.116877
0.00146019
0.494025
0.280079
0.534867
0.236018
0.000111775
8.50549e-08
0.016111
0.422517
0.0202992
0.0629474
0.324747
0.16215
0.00550402
6.7816e-05
0.00222651
0.45974
0.227715
0.490276
0.195126
0.108412
0.330466
0.300199
0.0784315
0.0881092
0.366594
0.33578
0.188127
0.106564
0.240448
0.28409
0.017124
0.0388234
0.161102
0.00078432
0.584105
0.315214
0.0143187
0.0190744
0.460551
0.330607
0.0509834
0.0823443
0.169195
0.000572369
0.059109
0.103227
0.456071
0.00149553
0.0841213
0.594035
5.55128e-05
0.59107
0.129232
0.319549
0.644036
0.17258
0.0983529
0.269657
0.109808
0.676027
0.0119561
0.703486
0.568938
0.0638184
0.117518
0.0730731
0.122689
0.0345417
0.227282
0.132291
0.45391
0.308786
0.0189339
0.224648
0.397265
0.0262581
0.00287147
0.612594
0.00571663
0.00389234
0.0544718
0.194265
3.72995e-05
0.255491
0.273383
0.00475289
0.386916
0.0475424
0.0619017
0.0173199
0.314062
0.385372
0.309432
0.150518
0.228598
0.352716
0.33207
0.275717
0.000410397
0.216359
0.301984
0.00137244
0.210404
0.520828
0.338364
0.00404565
0.0174407
0.000643929
0.0661761
0.470115
0.0394342
0.00212965
0.04063
0.376471
0.366094
0.721466
0.727687
0.232044
0.187933
0.161205
0.148045
0.01764
0.168244
0.171709
0.000137114
0.0860786
0.443585
0.000524278
0.586749
0.001247
0.000562495
0.0201695
0.0191437
0.00025776
0.38222
0.00149801
0.115981
0.308595
0.629422
0.253249
0.358853
0.270637
0.230542
0.00019793
2.92577e-05
0.112402
0.390135
0.193144
0.694124
0.0451217
0.00543121
0.279279
0.58903
4.68876e-05
1.57383e-05
0.0225798
0.0632334
0.0231203
0.264033
0.0137987
1.47031e-06
0.137948
0.0250845
0.692091
0.0609297
0.0596664
0.0376077
0.0126193
0.00390767
0.249637
0.123682
0.307232
0.143921
0.618754
0.250695
0.264677
0.304105
0.00607134
0.10113
0.286742
0.288262
0.358451
0.683886
0.356379
0.05156
0.157761
0.532755
0.0666806
8.42459e-07
0.138448
0.182114
0.0175065
0.50904
0.291256
0.000374566
0.086706
0.313843
0.000113152
0.0100873
0.336956
0.17617
0.0130971
0.00603645
0.000586442
0.0351062
0.168191
0.0169143
0.196605
0.185067
0.145401
0.139145
1.19878e-07
0.136393
0.59006
0.312862
0.0587876
0.13326
0.0901334
0.0103329
0.19612
0.389388
0.000418792
0.00730081
0.361253
0.57764
1.07962e-05
0.336233
0.230418
0.452959
0.243752
0.0758427
0.54117
0.414634
0.043716
0.0157946
0.317176
0.522843
4.03238e-06
0.187542
0.0399035
0.0285759
0.330151
0.625073
0.172509
0.455562
0.32097
0.2282
0.295831
0.0105194
0.192859
0.167528
0.358402
0.316326
0.338489
0.00926384
0.00210828
0.290649
0.0918882
0.334275
0.710621
0.279485
8.44718e-06
0.00905488
0.385233
0.025585
0.116169
0.0502934
0.0414725
0.0311259
0.00329419
0.651735
0.435112
0.716191
0.0117742
0.0181003
0.141082
0.0267394
0.0115127
0.00239493
0.0353897
0.0204276
0.373316
0.760109
0.000295327
0.225497
0.525002
0.774798
0.423983
0.0950487
0.00422084
0.577034
0.191298
0.100425
0.0996239
0.000420738
0.211738
0.0539629
0.0616208
0.0212571
0.371185
0.448572
0.0128984
0.221133
0.311727
0.719329
3.59556e-08
0.443604
0.132578
0.0117114
0.0625474
0.0379381
0.115044
0.242916
0.277468
0.43009
0.0111591
0.287126
0.181769
0.0155793
0.310331
4.97718e-05
0.369471
0.0196791
0.0144688
0.0540048
0.0306834
0.137795
0.000858312
0.369284
0.422891
0.000196534
0.227513
0.0807089
0.191958
0.664809
0.400834
0.069438
0.64774
0.229907
0.289817
0.00920223
0.615558
0.610568
0.194619
0.240726
0.539997
0.609468
0.106392
0.316545
0.6525
0.632729
0.00239469
0.387033
0.351411
0.429108
0.11515
0.425756
0.169315
0.0351911
0.335358
0.753327
0.847786
0.693853
6.56242e-06
0.384493
0.0172372
2.757e-05
0.00434334
0.153058
0.1127
0.49726
0.222745
0.303698
0.197815
0.160506
0.00244628
0.188285
0.000151642
0.00112461
0.526758
0.000744351
0.815477
0.122852
0.64356
0.365044
0.569894
0.130533
0.294192
0.671469
0.453054
0.481178
0.601251
0.330372
2.27234e-05
0.00889931
0.180742
0.700324
0.0258042
0.426958
0.573165
0.00944621
0.380572
0.000202008
0.557373
0.00163235
0.28759
0.0546659
0.44473
0.546484
0.106903
0.0193073
0.138131
0.025359
0.00977262
0.305838
0.0545274
0.00474053
0.167991
0.160307
0.230029
0.259284
0.0618105
0.79553
0.136482
0.00698654
0.0318418
7.48006e-05
0.271652
0.302215
0.116104
0.000834537
0.31142
0.622985
0.131047
0.0322919
0.762457
0.660378
0.222076
0.360862
0.00115959
0.448473
0.069398
0.17383
0.196536
0.195685
0.112565
0.0605713
3.05182e-05
0.0685712
0.334935
1.35533e-06
0.404096
0.165208
0.360478
0.290455
0.207618
0.0605481
0.000113225
0.0715964
0.0322325
0.313723
0.000258872
0.328133
0.475089
0.175677
0.225029
0.00204387
0.0913798
0.00301165
0.0157187
0.485345
0.0735159
0.0983454
0.444669
0.0744898
0.561114
0.543914
0.472761
0.0230335
0.484988
0.448457
0.228361
0.000322202
0.320222
0.0575222
0.464723
0.461132
0.413503
0.00834303
0.00431203
0.145643
0.354402
0.333236
0.0467014
0.277472
0.465525
3.21557e-05
0.0943002
0.474798
0.0091187
0.0524636
0.306635
0.314696
0.31837
0.288022
0.000662483
0.234643
0.199414
0.166458
0.145796
0.202915
0.301037
0.355215
0.318999
0.0349175
0.242638
0.0768084
0.015629
0.300685
0.281016
0.235041
0.417488
0.271697
2.32929e-06
0.162927
0.00828315
0.0180109
0.0012215
0.0142549
0.272195
0.0162239
0.261527
0.213036
0.325339
0.31261
4.99217e-06
0.147906
0.00592661
0.0979121
0.354562
0.270206
0.315778
0.215026
0.0284964
0.597405
0.0427241
0.0158043
0.176768
0.499359
0.00499502
0.0431045
0.377976
0.470366
0.269001
0.012397
0.116304
0.325099
0.116339
0.0425893
0.138288
0.0906114
0.000116309
0.020138
0.135913
0.590745
0.418292
0.228903
0.490072
0.0139219
0.267915
0.0287154
0.615658
0.0666946
0.325356
0.716349
0.00456201
0.283404
0.703821
0.0668122
0.00562456
0.00126796
3.86059e-05
0.715551
0.101178
0.00500171
0.689054
0.000403066
8.04725e-06
0.000168827
0.0221168
0.312055
0.102306
0.0486218
0.109292
0.0388004
0.37381
0.0332486
0.0120773
0.30313
0.0319155
0.525237
0.656155
0.271096
0.459645
0.332332
0.403809
0.689016
0.544937
0.000125509
0.215092
0.036366
0.174463
0.0555289
0.299471
0.0940342
0.00888851
0.00783277
0.227446
0.262321
0.296674
0.487666
0.0397825
0.263005
0.0165447
7.69749e-07
0.382174
0.122431
0.00579003
0.336075
0.656741
0.151635
0.403639
7.70671e-05
0.0617563
0.015326
0.0300434
0.0542083
0.0134711
0.0192376
0.00040502
0.0108669
0.537205
0.0046453
0.00694492
1.60871e-05
0.201926
0.367317
0.132348
0.173247
0.880597
0.0033122
0.267103
0.0104621
0.436101
0.171947
0.727489
0.0455497
0.00094768
0.188403
0.320359
0.526916
0.104009
0.21997
0.669563
0.000107493
0.844667
0.152411
0.0549317
0.00737404
0.173026
0.691804
0.282004
0.00013303
0.521168
0.276893
0.251734
0.00143268
0.394083
0.00351828
0.198301
0.00581754
0.547837
0.0505915
0.607425
0.279732
4.20009e-05
0.0160439
0.424246
0.0496743
0.0272326
0.695381
0.681058
0.171125
0.00240985
0.237169
0.311376
0.656254
0.355516
0.686814
0.0269302
0.0208074
0.660579
0.106541
0.296687
0.388945
0.346936
0.182606
0.0385398
0.28365
0.351947
0.304284
0.00116346
0.529948
0.146086
0.652443
0.420046
0.000519754
0.0684151
0.439769
0.278106
0.601889
0.884782
0.541038
5.12854e-06
0.499827
0.281956
0.0033768
0.527743
0.0186801
0.558379
0.540613
0.018203
0.0214802
0.787088
0.227587
0.449016
5.63482e-05
0.406484
0.407517
0.0798941
0.000207833
0.743017
0.0677574
0.299276
0.363597
0.454211
0.362563
0.204187
0.302784
0.440315
0.0644722
0.337544
0.487797
0.328732
0.0727508
0.173772
0.0482449
0.235859
0.0380947
0.000163366
0.472507
0.641226
0.759459
0.0538955
0.154681
0.0560751
0.0322579
0.225624
0.000667907
0.440454
0.66073
0.450489
0.047052
0.318053
0.499633
0.426263
0.348613
0.536603
0.202456
0.372654
0.62886
0.459191
0.0046412
0.061502
0.00562609
0.000218428
0.596711
0.00659131
0.0337255
0.0126794
0.00537534
0.473067
0.172222
0.272336
0.164641
0.0271901
0.160562
0.0439534
0.0345667
0.374817
0.494208
0.7862
0.000874967
0.0011094
0.0161766
0.482527
0.000462336
0.491527
2.14428e-05
0.611238
0.480471
0.0503006
0.366805
0.255039
0.316516
0.195008
0.14726
0.339193
0.676969
0.00757388
0.00740683
0.0560273
0.0536777
0.602653
0.0787994
0.417706
0.392632
0.38574
0.314795
0.572391
0.57938
0.0546862
0.086958
0.0256116
0.278117
0.168302
0.000160341
0.388628
0.0351825
0.0806962
0.000408386
0.127557
0.280571
0.0037212
0.0989267
0.816513
0.0399692
0.000254696
0.567375
0.415141
0.515188
0.0216267
0.331135
0.422582
0.270953
0.0316512
0.429219
0.494117
0.00399488
0.560262
0.311172
0.25943
0.805602
0.164064
0.906309
0.196715
0.304775
0.575123
0.0255235
0.395824
2.56045e-06
0.064097
0.250468
0.0174492
0.113484
0.548035
0.294914
0.243513
0.360321
0.505102
0.500239
0.0212134
0.255423
0.333263
0.00545
0.371827
0.385491
0.28965
0.190486
0.000221979
0.441086
0.285492
0.568012
0.712846
0.0128721
0.512289
0.0048109
0.265827
0.585983
0.0215986
0.00156314
0.274016
0.554336
0.0229116
0.64088
0.62925
0.000662303
0.436227
0.287523
0.543794
0.201686
0.018507
0.0802775
0.693051
0.275697
0.0749009
0.382152
0.713264
0.249002
0.290927
0.310004
0.454334
0.560228
0.723093
0.0133366
0.0597631
0.00197202
0.130571
0.178226
0.00913046
0.116083
0.00373417
0.25078
0.019155
0.0713072
0.164428
0.317602
0.0796603
0.0157438
0.18128
0.000224037
0.0197618
0.0988354
0.346826
5.60511e-05
0.42853
0.131742
0.606949
0.0347148
0.0111492
0.0381871
9.58912e-07
0.0159028
0.278074
0.249716
0.0521554
0.0523924
0.456615
0.316929
0.000156252
0.0132736
0.527131
0.371746
0.121884
0.274129
0.705843
0.0373863
0.100345
0.653058
0.019658
0.0137439
0.38469
0.0359015
0.161113
0.221458
0.384577
0.114646
0.674942
0.00973359
0.0993052
0.286871
0.125407
0.443031
0.0232141
0.00359657
0.227921
0.135971
0.317074
0.0102367
0.258988
0.0404816
0.513281
0.552123
0.440991
0.262493
0.522121
3.76192e-05
0.0907034
0.272431
0.140922
0.204367
0.00335264
0.334392
0.0201085
0.199905
0.303241
0.20366
0.277295
4.71889e-06
0.517396
0.0187609
0.0769453
0.00345232
0.108421
0.106202
0.03387
0.025261
0.0532827
0.396194
0.554819
0.326776
0.0773885
0.00465448
0.00861745
0.166769
0.263233
0.293044
0.287821
0.0614027
0.479948
0.0644475
0.571339
0.270985
0.675185
0.239793
0.69902
7.12343e-05
0.122633
0.0185025
0.137657
0.422335
0.00251464
0.232517
0.0217046
0.257129
0.586421
0.00356826
0.42742
0.195094
0.531859
0.0217897
0.008268
0.00094355
0.782825
0.0134384
0.664542
0.119305
0.463994
0.598425
0.0402649
0.529647
0.466629
0.272313
0.505033
0.0863848
0.360916
0.0495825
0.0460221
0.123875
0.000657201
0.276684
0.244738
0.00347649
0.828464
0.162927
0.505186
0.000637029
0.00120054
0.00552328
0.382526
0.31482
0.360856
0.00330752
0.163838
0.0202004
0.278433
0.577262
0.151352
0.342441
0.313835
0.742511
0.0296976
0.00033683
0.0381845
0.315452
0.579556
0.0623308
0.429012
0.304491
0.649765
0.179896
0.529647
0.311694
0.00379971
0.231468
0.16204
0.10487
0.0055927
0.00385404
0.496706
0.60225
0.140539
0.00842251
0.245493
0.083914
0.287782
0.222031
0.00109672
0.137486
0.124674
0.521937
0.227486
0.0468057
0.113683
0.00109927
0.00336878
0.266034
0.118153
0.476749
0.546655
8.41758e-06
0.261267
0.073822
0.0423235
0.111141
0.313929
0.0985906
0.594768
0.0391052
0.303436
0.0311977
0.000241527
0.587463
0.13766
0.242401
0.375055
0.00145825
0.0199495
0.432918
0.0456322
0.580455
0.326629
0.256939
0.332361
3.74889e-05
0.43282
0.342887
0.087364
0.293265
0.335711
0.00538901
0.0132157
0.253678
0.376278
0.405887
0.0115163
0.103518
0.0469417
0.150588
0.0140864
0.637906
0.668322
0.0244079
8.77264e-07
0.208687
0.410778
0.00223492
0.424803
0.787854
0.358015
0.550588
0.613373
0.436757
0.00294352
0.202849
0.0291745
0.44603
0.675814
0.263928
0.0980285
0.616133
0.0538862
0.298124
0.0225116
0.0235792
0.0761229
0.235186
0.0495657
0.0639219
0.309817
0.247788
0.000322837
0.286491
0.627146
0.469913
0.164407
0.16591
0.627004
0.368702
0.281354
0.464506
0.0213658
0.451584
0.000731829
0.109014
0.0554649
0.0113517
0.400207
0.000428569
0.683496
0.343858
0.386378
0.006858
0.101647
0.0698443
0.365573
0.625094
0.339393
0.259362
0.0703596
0.255071
0.0402827
0.476503
0.563552
0.342272
0.512494
0.00841773
0.0521218
0.24612
0.36592
0.810563
0.0631221
0.00414363
0.0390517
0.622952
0.521945
0.629031
0.403453
0.003288
0.0104779
0.300061
0.0964484
0.0277251
0.443419
0.664007
0.0256021
0.0827733
0.783529
0.00245546
0.0162477
0.32469
0.482118
0.447603
0.352393
0.220167
0.451769
0.00181816
0.216593
0.00220036
0.435518
0.742237
0.00379112
0.00396034
0.146578
9.87088e-05
0.012612
0.467451
0.33451
0.469204
0.149794
0.359922
0.17375
0.376936
0.674829
0.444863
0.0454205
0.405232
0.355021
0.276559
0.184746
0.198865
0.47429
0.300357
0.016125
0.281589
0.529343
0.00198653
0.517527
0.284286
0.118648
0.477202
0.47481
0.0571661
0.271295
0.392814
0.369617
0.833052
0.575568
0.26044
7.50266e-05
0.329831
0.305554
0.0137281
0.419282
0.00909592
0.507976
0.177829
0.00156899
8.4813e-05
0.00491556
0.0517893
0.0418859
0.00141777
0.777683
0.587516
4.89265e-06
0.135469
0.523721
0.0385516
0.174957
0.0794137
0.0803873
0.254175
0.000686605
0.00320962
0.310894
0.0501387
0.601756
0.0301763
0.00104012
0.0303239
0.478178
0.000155318
0.00175201
0.119718
0.606593
0.558531
0.374789
0.0806659
0.206376
0.0547023
0.185349
0.359357
0.000463436
0.521685
0.00010909
0.271963
0.212924
0.0307842
0.373316
0.00329774
0.650754
0.551009
0.325352
0.00680811
0.599671
0.487753
0.383256
0.488011
0.877358
0.849531
0.0372048
0.479166
0.509403
0.0034105
0.653632
0.0153955
0.453906
0.174471
0.147528
0.0002837
0.313594
0.345974
0.249079
0.220152
0.232999
0.505208
0.35517
0.162895
0.609096
0.0895959
0.484559
0.0270704
0.331937
0.0892321
0.17748
0.0425287
0.000974056
0.00042569
0.00289675
0.0140675
0.169587
0.273287
0.324317
2.41491e-09
0.227267
0.847492
0.169469
0.00865402
0.383379
0.000723834
0.744618
0.359754
0.244718
0.516047
0.00272348
0.312656
0.00146333
0.00516168
4.8358e-06
0.529332
0.282761
0.736149
4.80741e-05
0.355377
0.377293
0.597294
0.0516089
0.00839831
9.72046e-07
0.164094
0.59514
0.236296
0.0299535
0.301089
0.547446
0.161661
0.284496
0.450456
0.618766
0.00291223
0.373332
0.247342
0.182663
0.00686584
0.0190161
0.0154996
0.115356
0.225995
0.108969
0.516365
0.00191863
0.190819
0.392407
0.366949
0.194198
0.00374103
0.293537
0.0335
0.367557
0.256821
0.360061
0.468781
0.456509
0.316813
0.300246
0.464483
0.0551462
0.288272
0.0375366
0.179894
0.0063179
0.145055
0.0163938
0.278391
0.367913
0.227414
0.70065
0.538038
0.295866
0.0543001
0.491955
0.335903
0.0036752
0.0358179
0.241167
0.29845
0.566924
0.25456
0.571966
0.212716
0.207805
0.0105334
0.515975
0.661739
0.514516
0.274152
0.297944
0.210615
0.431072
0.435404
0.455053
0.422586
0.00442861
0.014163
0.23298
0.0308149
0.0643368
0.152337
0.258929
0.224356
0.489792
0.00122777
0.0378514
0.586121
0.0747442
0.290257
0.484221
0.000199402
0.233267
0.00466028
0.379737
0.45223
0.023678
0.124067
0.242194
0.730925
0.0574532
0.305165
0.0667882
0.000179258
0.308978
0.592804
0.00141413
0.34469
0.129711
0.694269
0.0752483
0.00218841
0.00237109
0.000342772
1.20098e-06
0.297001
0.213873
1.66817e-05
0.348644
0.330278
0.0290085
0.00431058
0.683135
0.189574
0.468506
0.0440877
0.00106227
0.0230263
0.757979
0.336413
0.631107
0.0442884
0.0114487
0.156976
0.704554
0.541212
0.0319288
0.144619
0.0139833
0.826328
0.000103173
0.206983
0.550201
0.0118927
0.0743912
0.916661
0.302283
0.00967074
5.33625e-05
0.39377
0.146769
0.318741
0.0121138
0.403067
0.0204966
0.594448
0.337556
0.0444876
0.235296
0.0234064
0.0174643
0.213336
0.171079
0.408191
0.162995
0.000474903
0.284055
0.106427
0.416208
0.0115665
0.000890814
0.114213
0.783463
0.0328713
0.0139504
0.00257731
0.495077
4.30875e-05
0.441448
0.171497
0.151782
0.00100277
0.157292
0.0119485
0.00117011
0.00282009
0.0948401
0.0754519
0.315696
0.306712
0.352403
0.315526
0.33109
0.144125
0.346726
0.349493
0.090401
0.00225542
0.108108
2.37972e-05
0.00881146
0.17083
0.113277
0.117755
0.204409
0.00468273
0.0388272
0.316576
0.00634451
0.323902
0.388897
0.00031364
0.129809
0.0616441
0.100478
0.311867
0.41473
0.35335
0.78032
0.175434
0.151033
0.460038
0.00916504
0.515716
0.07736
0.333897
0.293254
0.69519
0.136445
0.115994
0.356381
0.61037
0.531871
0.739221
0.00703601
0.00183229
0.448214
0.300638
0.166735
0.703955
0.740976
5.63035e-07
6.90442e-05
0.482654
0.219373
0.014476
0.0606632
0.010306
0.176725
0.0260238
0.38514
0.0202264
0.341876
0.152696
0.370026
0.64432
0.121062
0.0271829
0.000139353
0.357824
0.416242
0.196342
0.216026
0.0951147
0.330248
0.000865697
0.311969
0.00162207
6.14445e-06
0.434358
0.272739
0.433518
0.362984
0.121653
0.0281436
0.473766
0.245079
0.0485273
0.421604
0.355414
0.429138
0.00271692
0.488439
0.614797
0.612536
0.0991849
0.0365118
0.000945036
0.0123581
0.180723
0.0303685
0.172653
0.000645347
0.224196
0.204431
0.289094
0.647157
0.0326878
0.0224431
0.384266
0.270424
0.27141
0.578217
0.410351
0.272542
0.00573283
0.0515744
0.360363
0.000651359
0.305575
0.01014
0.245369
0.299461
0.0300505
0.0847182
0.180529
0.117631
0.346586
0.594686
0.373703
0.0494167
0.325931
0.268117
0.0416671
0.511458
0.00367113
0.339399
0.30003
0.274787
0.359915
0.280277
0.12874
0.0836691
0.288538
0.12166
0.00637933
0.442269
0.000586885
0.302509
0.436234
0.386196
0.00568244
0.000507753
0.443672
0.278974
0.00330745
0.0509247
0.0124913
0.0128272
0.117329
0.484381
0.245746
0.151876
0.28229
0.249563
0.500412
0.176888
0.264461
0.180021
0.348591
0.300175
0.562676
0.732174
0.356136
0.543787
0.556355
0.00485048
0.00614449
0.422502
0.135641
0.227954
0.572271
0.617737
0.00585986
0.120419
0.00104206
0.0640563
0.389137
0.30855
0.417919
0.660407
0.128727
0.290441
0.626347
0.33865
0.364459
0.733008
0.343444
0.00364585
0.0322884
0.000560161
0.035606
0.0284821
0.318825
0.54655
0.00521926
0.16454
0.0543973
0.0957988
0.447818
0.0485108
0.176697
0.0163996
0.668153
0.284395
0.531218
0.393343
0.000631208
0.296753
0.234872
0.0295665
0.0236977
0.0181552
0.255228
5.1323e-05
0.0996578
0.139807
0.376342
0.02446
0.352313
0.261857
0.103632
0.0352698
0.0831204
0.0335613
0.522958
0.140748
0.315426
0.507722
0.00100603
0.314536
0.704123
0.587103
0.217121
0.018714
0.592214
0.241849
0.613158
0.4168
0.315471
0.0132201
0.384278
0.0406199
0.39026
0.0125167
0.00527368
0.0314221
0.509697
0.307041
0.271428
0.626807
0.0847743
0.354767
0.0613291
0.293663
0.285372
0.0492108
0.0901024
0.12766
0.00779908
0.0128711
0.582652
0.341522
0.0865125
0.426658
0.50244
0.492219
0.391405
0.00960926
0.590814
0.302261
0.0809748
0.0957795
0.498933
0.0860374
0.105827
0.0007691
0.425142
0.00953184
0.000252593
0.0249793
0.109573
0.261778
0.0629841
0.342984
0.252017
0.320061
0.21775
0.183862
0.00539626
0.217793
0.164189
0.00705781
0.00437655
0.665538
0.298502
0.749927
0.283242
1.13842e-05
0.329758
0.470653
0.037677
0.25517
0.734875
0.266846
0.104491
0.0019318
0.252444
0.530159
0.0735297
0.0162357
0.168626
0.0250506
0.00183284
0.0394676
0.52235
0.518341
0.840376
0.0489817
0.535963
0.0884576
0.0121939
0.0561249
0.319322
0.598095
0.134056
0.00246987
0.0212428
0.311601
0.176414
0.511193
0.815203
0.0232251
0.0686358
7.0828e-06
0.56132
0.300455
0.368641
0.194624
0.0316463
0.00109573
0.0204952
0.155802
0.0448586
0.128642
0.201124
0.40944
0.0172601
0.205555
3.66357e-05
0.535187
0.000494779
0.0152073
0.479755
0.0387445
0.381697
0.00147855
0.0779191
0.365417
0.261474
0.00223605
0.010528
0.801134
0.410125
0.156921
0.37224
0.204948
0.00750104
0.448532
0.254031
0.0156489
0.50359
0.300504
0.10319
9.75676e-06
0.412382
0.00435068
0.30102
0.205855
0.0353651
0.377566
0.284096
0.00118343
0.00260929
0.0239956
0.103569
0.018648
0.000279077
0.401192
0.461748
0.0101741
0.00179034
0.685746
0.0348202
1.25191e-07
0.612654
0.741912
0.209614
0.240517
0.0273573
0.0697536
0.0286948
0.0393965
0.29692
0.387538
0.0375316
0.412953
0.21876
0.62652
0.479024
0.0285048
0.849435
0.000218594
9.52078e-06
0.452398
0.105958
7.99066e-07
0.0299537
0.0197548
0.0031132
3.09462e-05
0.000160281
0.0331016
0.231977
0.661751
0.364377
0.36382
0.527367
0.198374
0.0413949
0.0241992
0.00990606
0.0679822
0.394871
0.0093881
0.564915
0.000373178
0.0858006
0.0733117
0.448246
0.0950136
0.00726232
0.541406
0.200947
0.0315222
0.762699
0.257471
5.63313e-05
0.450027
0.285041
0.396147
0.312968
0.0271174
0.0149074
0.187011
0.262808
0.192047
0.00255116
0.352226
0.115342
0.407848
0.0563546
0.0269787
0.0465166
5.28081e-06
0.0324895
0.425766
0.0939969
0.480047
0.299042
0.0292727
0.0905193
0.0260082
0.117737
0.0494165
0.525801
0.0274988
0.124442
0.290556
0.0325744
0.433101
0.198459
0.00478198
0.558327
0.0950684
0.310443
0.0904882
0.0820628
0.0203952
0.00509335
0.0553001
0.603756
0.267306
0.765673
0.57059
0.487871
0.848844
0.262291
0.0233368
0.244676
0.0127228
0.0113999
0.0742505
0.0511368
0.0436066
0.00821975
0.216341
0.630385
0.112223
0.348744
0.565003
0.756287
0.397972
0.00237072
0.0396396
0.0865796
0.00127583
0.120346
0.292231
0.477454
0.292442
0.000275024
0.0114691
0.695619
0.0392933
0.182517
0.0168059
0.177621
0.332757
0.61371
0.0145429
0.437364
0.422343
0.033721
0.317475
0.0708436
0.603775
0.72253
0.373226
0.483365
0.313601
0.000124682
0.00557029
0.0641222
0.646134
0.0120335
0.123524
0.454938
0.649662
0.1712
0.263961
0.187507
0.131597
0.535446
0.361954
0.508439
0.318093
0.600625
0.332245
0.43702
0.199906
0.0195084
0.675717
0.315629
0.0412725
0.00205463
0.422161
0.495431
0.433398
0.18989
0.271947
1.48644e-05
0.0417354
3.44773e-05
0.233735
0.336895
0.5527
0.259489
0.750631
0.526169
0.122158
0.399888
0.210422
0.142716
0.0353898
0.511675
0.217028
0.258282
0.684903
0.556493
5.77829e-05
0.411081
0.682549
0.677171
0.346337
0.170743
0.640043
0.00269437
0.455168
0.00634344
0.0414231
0.0304153
0.000630364
0.457786
0.0756947
0.00531919
0.355688
0.0980706
0.000179315
0.0449645
0.14755
0.377641
0.308684
0.0363354
0.385519
7.85689e-08
9.89994e-07
0.241855
0.318293
0.00404407
0.520818
0.224297
0.107065
0.0193955
0.545811
0.561555
0.266575
0.0828699
0.054303
0.407357
0.0543537
0.438397
0.00182341
0.082849
0.372543
0.0708655
0.0867055
0.138971
0.0567226
0.000403148
0.31268
0.265584
0.542651
0.08261
0.150401
0.0735687
0.38745
0.667072
0.0145777
0.126039
0.457883
0.17649
0.0160662
0.67829
0.108701
0.576508
0.140584
0.107764
0.182086
0.452806
0.629764
0.68851
0.625544
0.0301864
0.660569
0.0272494
0.411047
0.000141357
0.910149
0.276345
0.472488
0.324087
0.317162
0.101796
0.342526
0.00892243
0.615467
0.464631
0.0227121
0.207188
0.370365
0.650823
0.513207
0.646585
0.000252022
0.150292
0.0541121
0.152406
0.00504517
0.145014
0.539898
0.35177
0.00049607
0.360523
0.329114
0.350346
0.431368
0.00601934
0.0661928
0.00340879
0.546238
0.496937
0.0242139
0.779936
0.51386
0.399998
0.112172
0.0560633
0.143845
0.0485354
0.000101703
0.00391913
0.268207
0.452481
0.0310241
0.118301
0.0018194
0.061083
0.000805826
0.019765
0.706803
0.49502
0.0263506
0.546715
0.192386
0.104711
0.694311
0.0160733
0.586724
0.361958
0.305404
0.0394834
0.322242
0.00915689
0.627364
0.464323
0.102846
2.91454e-06
0.0032808
0.0217377
0.173546
0.177302
0.176989
0.014855
0.397775
0.776945
0.0144206
0.248812
0.00468924
0.0572158
0.0144311
0.698262
0.110722
0.373636
0.000215864
0.352402
0.0814383
3.33329e-07
0.113481
0.878986
0.235928
0.283966
0.0573898
0.0562071
0.248835
0.318184
0.487142
0.613041
0.000378203
0.616262
0.482949
0.649794
0.0155934
0.394477
0.272705
0.235854
0.00270616
0.00558915
0.139623
0.0577052
0.210403
0.0207388
0.155788
0.022692
0.148213
0.36116
0.422384
0.348958
0.139867
0.287688
2.9778e-05
0.0277499
0.0984798
0.0457635
0.00109302
0.212321
0.0157135
0.304646
0.27236
0.00301792
0.40663
0.279648