0.00267388
0.308496
0.31513
0.0774427
0.561686
0.374621
0.468636
0.416227
0.221849
0.0471407
0.521099
0.0191655
0.580365
0.172519
0.300884
0.0201923
0.0988066
0.478459
0.0140488
0.0241822
0.637566
0.0147213
0.0589838
0.212797
0.0579695
0.185649
0.625687
0.386614
0.0503851
0.0284523
0.408624
0.505549
0.460837
0.676711
0.0508116
0.203648
0.0347611
0.339958
0.0307026
0.226233
0.314662
0.0031083
0.452812
0.0873265
0.0233929
0.0988102
0.16037
0.243929
0.106159
0.4836
0.167499
0.278103
0.575848
0.203921
0.134466
0.0464155
0.289045
0.523007
0.491753
0.402493
0.288047
0.313451
0.626675
0.700452
0.368277
0.176974
0.236424
0.389199
0.087174
0.72546
0.540621
0.240161
0.106465
0.0423539
0.345761
0.0939042
0.118202
0.0286161
0.0856948
0.0283487
0.192688
0.489912
0.0175031
0.468072
0.0907161
0.762735
0.313285
0.38781
0.341008
0.123432
0.00619849
0.665076
0.121237
0.249932
0.0818569
0.475952
0.407076
0.162548
0.0107688
0.829177
0.411753
0.606943
0.148869
0.00866998
0.0530429
0.38288
0.65007
0.034758
0.212912
0.317294
0.0934618
0.0535506
0.268996
0.0244758
0.032629
0.509419
0.13305
0.383749
0.63681
0.13358
0.33426
0.503751
0.0849141
0.0174427
0.105624
0.394234
0.287658
0.07563
0.568212
0.0789539
0.167969
0.203433
0.389785
0.0105672
0.390005
0.467903
0.0299368
0.346356
0.460791
0.341468
0.40927
0.0167505
0.193588
0.459424
0.14946
0.772571
0.508578
0.362561
0.221337
0.582189
0.380032
0.0611598
0.577634
0.322003
0.0820502
0.336906
0.129355
0.109734
0.45284
0.474587
0.560516
0.0795943
0.488576
0.27551
0.236956
0.567342
0.255147
0.319824
0.386205
0.0887152
0.0998469
0.505655
0.532005
0.152851
0.0366537
0.0644047
0.505823
0.209905
0.351698
0.0359577
0.444677
0.0779222
0.078663
0.792449
0.735061
0.00201533
0.309839
0.540555
0.18979
0.0310527
0.561249
0.113769
0.228746
0.269362
0.324978
0.36445
0.0069567
0.248721
0.550938
0.189355
0.636393
0.516624
0.267394
0.135206
0.0315759
0.00553159
0.0739937
0.573856
0.0141607
0.0859118
0.59134
0.291156
0.435245
0.265613
0.432499
0.273208
0.293709
0.0893533
0.610588
0.409714
0.405145
0.158134
0.00318217
0.597252
0.670882
0.296685
0.813609
0.535722
0.237862
0.632453
0.343377
0.114531
0.417037
0.533612
0.0129829
5.7433e-05
0.409757
0.761976
0.165992
0.403001
0.00714796
0.0436863
0.552268
0.355523
0.086597
0.643274
0.377548
0.227541
0.000783567
0.0427322
0.502655
0.0800112
0.0777927
0.234336
0.439007
0.438603
0.355325
0.271252
0.166617
0.396095
0.233646
0.0426284
0.495615
0.238937
0.00136621
0.325891
0.529103
0.0284715
0.188465
0.732393
0.364751
0.439923
0.00409471
0.437042
0.0516353
0.647556
0.00483438
0.317402
0.378648
0.413782
0.347111
0.206367
0.416582
0.0204535
0.22045
0.0199969
0.0263225
0.346793
0.351876
0.260181
0.00130187
0.0216444
0.141088
0.280854
0.0990897
0.455519
0.00339349
0.00513775
0.0243571
0.0485184
0.0498638
0.525235
0.422859
0.592064
0.265206
0.526945
0.524331
0.073778
0.142478
0.242284
0.400815
0.0176373
0.14375
0.541455
0.733921
0.197342
0.709703
0.33153
0.0294318
0.315998
0.190627
0.369542
0.637864
0.421194
0.674771
0.17572
0.0633064
0.431586
0.792762
0.242636
0.232879
0.0810943
0.450243
0.00754139
0.0322977
0.474965
0.0133459
0.0680228
0.173007
0.204364
0.499561
0.250775
0.374211
0.576646
0.0876526
0.306842
0.185709
0.482347
0.134362
0.066741
0.281956
0.0127221
0.03837
0.227671
0.451645
0.575457
0.775345
0.396443
0.293857
0.00780689
0.0112441
0.273957
0.0206654
0.360872
0.00319448
0.575124
0.374612
0.738892
0.0470975
0.208889
0.521194
0.0624647
0.10718
0.748223
0.00207164
0.254804
0.557954
0.658789
0.577135
0.271911
0.0619005
0.314067
0.0287022
0.250017
0.236443
0.0915282
0.0417587
0.181682
0.318248
0.055159
0.00141927
0.0453863
0.464931
0.171371
0.537458
0.0977324
0.0133847
0.593673
0.0870418
0.450703
0.125159
0.266523
0.270908
0.407961
0.00237465
0.442181
0.00159847
0.25918
0.0549099
0.242305
0.317343
0.18755
0.668393
0.150892
0.368132
0.0766275
0.357604
0.459513
0.455505
0.0926339
0.652561
0.501301
0.0666604
0.0793087
0.112569
0.202389
0.703089
0.59006
0.509276
0.189565
0.527421
0.328436
0.07211
0.774511
0.569887
0.304378
0.444507
0.578976
0.29249
0.300022
0.0250065
0.41436
0.184478
0.370104
0.49868
0.443381
0.376939
0.0201513
0.0192814
0.278307
0.599319
0.214676
0.523398
0.67632
0.132526
0.60972
0.503009
0.396161
0.457177
0.713616
0.320867
0.101287
0.276527
0.488544
0.168215
0.058932
0.326653
0.022822
0.607083
0.0428274
0.654346
0.015696
0.175211
0.161934
0.601016
0.240055
0.284093
0.600771
0.387695
0.545483
0.468257
0.087441
0.444458
0.849131
0.22524
0.471556
0.0208893
0.269277
0.515102
0.0593502
0.0479436
0.0965903
0.291366
0.00755151
0.403524
0.189116
0.00382554
0.35311
0.375329
0.198298
0.265931
0.252602
0.160821
0.621982
0.259012
0.147345
0.457399
0.147069
0.559072
0.336143
0.234947
0.010888
0.00740618
0.312902
0.0741627
0.31562
0.22867
0.224482
0.475855
0.213797
0.476329
0.0420353
0.36934
0.218378
0.00543871
0.344332
0.567883
0.0019608
0.0784083
0.137646
0.427017
0.510425
0.31984
0.183411
0.00712685
0.109347
0.175343
0.228232
0.442918
0.147448
0.0503157
0.721065
0.225999
0.139913
0.0218697
0.442066
0.0448548
0.233425
0.324236
0.239012
0.195101
0.0799433
0.170698
0.386755
0.0684873
0.774004
0.371494
0.435641
0.0636676
0.0722572
0.00528286
0.350999
0.197367
0.701805
0.108713
0.246979
0.184558
0.502196
0.696971
0.535062
0.360667
0.160897
0.0420893
0.541666
0.365762
0.440054
0.128609
0.423079
0.305029
0.396841
0.0818782
0.397109
0.19701
0.439328
0.00173168
0.483787
0.255023
0.729651
0.139172
0.0038847
0.0169833
0.267911
0.0107792
0.234678
0.3934
0.253988
0.180215
0.401843
0.679866
0.0542172
0.576433
0.33705
0.0402137
0.0628059
0.0142001
0.310052
0.533227
0.590518
0.0318751
0.0213045
0.163775
0.58757
0.0287312
0.0264354
0.117219
0.622769
0.275405
0.254488
0.688585
0.0584955
0.228339
0.692825
0.000881222
0.284992
0.0972692
0.0851774
0.160311
0.284755
0.00428298
0.63481
0.307874
0.139527
0.452812
0.353302
0.300526
0.301416
0.124798
0.613379
0.384996
0.550053
0.475416
0.386629
0.483531
0.0219387
0.387089
0.47517
0.2776
0.395016
0.352632
0.257261
0.0182421
0.73783
0.179974
0.759481
0.255088
0.592268
0.18992
0.531811
0.0503343
0.522541
0.061119
0.292042
0.0419701
0.529018
0.0049505
0.39569
0.250389
0.0254862
0.0243999
0.04514
0.10397
0.608851
0.662095
0.0138682
0.278332
0.396555
0.448318
0.251432
0.889351
0.560897
0.166441
0.033007
0.648108
0.573038
0.443914
0.350274
0.113143
0.499031
0.392287
0.852704
0.485524
0.240074
0.181101
0.28705
0.0934392
0.0660172
0.22056
0.0895339
0.267298
0.147912
0.0429161
0.0995692
0.18567
0.363155
0.714085
0.624175
0.113452
0.750896
0.404232
0.0147277
0.416256
0.0179042
0.00380232
0.730357
0.568359
0.521404
0.315698
0.489509
0.593056
0.550938
0.230134
0.283601
0.0222384
0.0223688
0.33715
0.141539
0.00797514
0.724874
0.330134
0.690044
0.728039
0.00146758
0.0325221
0.349594
0.522322
0.608374
0.136989
0.448994
0.00638101
0.350914
0.336173
0.302258
0.0042026
0.0315151
0.448257
0.112077
0.805356
0.0831461
0.189306
0.116474
0.0219955
0.00717694
0.436381
0.134741
0.0366532
0.751885
0.166583
0.125535
0.492654
0.00140331
0.592616
0.353745
0.468157
0.010958
0.37404
0.00721919
0.800416
0.672445
0.389472
0.650133
0.847846
0.266545
0.0375223
0.455496
0.0412063
0.334995
0.436878
0.0337653
0.000225258
0.201395
0.101675
0.0247354
0.129221
0.205716
0.752602
0.101194
0.0951643
0.390535
0.82107
0.296729
0.222805
0.00448038
0.675528
0.628859
0.297115
0.218501
0.847053
0.80887
0.596164
0.68556
0.000750234
0.00316892
0.571532
0.0123857
0.673265
0.640338
0.0193617
0.379993
0.280329
0.715055
0.351032
0.63611
0.221802
0.0567267
0.479429
0.0225901
0.176916
0.296369
0.563382
0.528591
0.550996
0.277127
0.0559745
0.297462
0.100378
0.8015
0.415481
0.0443071
0.321503
0.599626
0.105352
0.168312
0.100915
0.228399
0.0701629
0.0920414
0.406678
0.0230285
0.408686
0.267186
0.00575778
0.00202735
0.00499923
0.0538964
0.501203
0.294147
0.138644
9.50628e-05
0.570221
0.275267
0.353852
0.258889
0.0595944
0.316211
0.0862715
0.777674
0.228198
0.119504
0.0558625
0.105793
0.251634
0.376849
0.201768
0.541667
0.030327
0.319358
0.517313
0.745437
0.0036586
0.32739
0.51971
0.00278467
0.489452
0.14844
0.00176948
0.327457
0.431032
0.475328
0.640741
0.482403
0.337629
0.594578
0.526289
0.104911
0.135599
0.583929
0.610065
0.490423
0.590734
0.420124
0.391085
0.221773
0.658769
0.507235
0.207879
0.128299
0.0302663
0.242359
0.688556
0.214263
0.387775
0.229171
0.0103465
0.202417
0.34804
0.76104
0.480708
0.713686
0.258866
0.00391658
0.569018
0.000334946
0.549667
0.390913
0.00744181
0.0135777
0.745738
0.465077
0.0562611
0.144582
0.0407065
0.0209599
0.313145
0.47797
0.227833
0.157354
0.40281
0.343138
0.0730482
0.0103445
0.496216
0.0928633
0.0963127
0.336684
0.0447051
0.417345
0.0410462
0.111226
0.424349
0.391875
0.255235
0.49524
0.0912191
0.653595
0.0212705
0.258767
0.0367205
0.527339
0.243528
0.0791367
0.104586
0.214421
0.317286
0.757527
0.0752768
0.059858
0.301392
0.402222
0.12358
0.0367469
0.155021
0.162474
0.154206
0.169951
0.49491
0.481274
0.699612
0.138782
0.0303175
0.122453
0.291824
0.0630752
0.610234
0.0222968
0.108365
0.00194473
0.406353
0.060161
0.020792
0.301373
0.275888
0.32293
0.652837
0.545388
0.0500359
0.29038
0.346396
0.188236
0.663633
0.288796
0.0002665
0.655258
0.0529759
0.706513
0.57964
0.525259
0.324774
0.253369
0.142329
0.0192354
0.185328
0.0423357
0.49493
0.0517723
0.132131
0.022905
0.0132393
0.220091
0.753651
0.295146
0.000552547
0.122979
0.618341
0.248687
0.102482
0.386965
0.000805625
0.117278
0.00374742
0.463307
0.186912
0.402975
0.398401
0.00320464
0.183866
0.368216
0.104192
0.0188668
0.399873
0.0439561
0.00820525
0.163075
0.736065
0.263938
0.398724
0.760918
0.269357
0.387916
0.181909
0.444457
0.594465
0.137194
0.754355
0.583212
0.246725
0.381485
0.168243
0.40804
0.0442087
0.0514048
0.321233
0.622916
0.011448
0.277487
0.0548532
0.406845
0.318653
0.825222
0.557396
0.204709
0.00642241
0.537584
0.630194
0.0426091
0.661978
0.577718
0.042863
0.0864136
0.0258757
0.0350514
0.261007
0.0395927
0.0805248
0.00115598
0.342885
0.143508
0.138767
0.0104451
0.0484651
0.248964
0.21747
0.399638
0.198742
0.516759
0.475591
0.190674
0.296374
0.201612
0.570015
0.139774
0.0809708
0.269418
0.669104
0.557624
0.574621
0.409459
0.0134999
0.62922
0.0400476
0.222711
0.671529
0.0657694
0.0296516
0.200617
0.181305
0.556324
0.300113
0.112921
0.0527762
0.00575719
0.389495
0.0760578
0.710037
0.0556011
0.377909
0.0104912
0.455674
0.354788
0.471206
0.121466
0.176033
0.539497
0.245982
0.330222
0.0956405
0.243041
0.0557312
0.0349649
0.535465
0.637941
0.263568
0.183806
0.587824
0.376161
0.30638
0.354449
0.288149
0.672204
0.427389
0.0320094
0.0305836
0.302912
0.00529616
0.202232
0.414515
0.682847
0.281869
0.632982
0.212004
0.685024
0.23479
0.230027
0.0173262
0.1591
0.169721
0.415515
0.330451
0.434147
0.0327352
0.418023
0.0796505
0.0154163
0.111774
0.536203
0.0480177
0.0564511
0.498831
0.722979
0.776097
0.449469
0.186505
0.0261632
0.146101
0.0947461
0.34933
0.0557443
0.0162247
0.0104389
0.282053
0.0548608
0.595945
0.673395
0.0217981
0.101404
0.437977
0.477519
0.305304
0.0156543
0.000988129
0.0202255
0.0759843
0.481576
0.532301
0.484504
0.674179
0.232501
0.199629
0.00247227
0.0895486
0.656526
0.317211
0.037879
0.432618
0.0055113
0.092701
0.452016
0.000586142
0.244312
0.812089
0.476682
0.00272779
0.242468
0.216824
0.30151
0.0139065
0.00399866
0.638145
0.676901
0.314716
0.293559
0.620436
0.305329
0.0877918
0.046715
0.343803
0.461897
0.222154
0.281619
0.550918
0.000456162
0.320061
0.0520213
0.263138
0.881542
0.0070905
0.0558347
0.759535
0.288258
0.00653719
0.0959815
0.322746
0.396298
0.388543
0.00330597
0.191512
0.476739
0.463667
0.834898
0.68458
0.112422
0.00309538
0.50543
0.289725
0.369195
0.121848
0.175383
0.0600638
0.122737
0.791772
0.0239698
0.438961
0.451331
0.30291
0.0390551
0.079096
0.383839
0.0864666
0.0169314
0.68478
0.451576
0.319102
0.0376477
0.26035
0.446631
0.0722995
0.123561
0.624026
0.531675
0.22896
0.753994
0.42123
0.0312687
0.0353235
0.443605
0.126428
0.735278
0.405469
0.273374
0.00328831
0.0704277
0.346019
0.491526
0.474508
0.672451
0.397245
0.00942088
0.411666
0.408779
0.00474318
0.528462
0.821549
0.0130171
0.169422
0.547388
0.459553
0.249649
0.598806
0.566672
0.795439
0.0962934
0.00645585
0.270188
0.148019
0.00270879
0.0611587
0.55042
0.234186
0.0466519
0.459917
0.0363896
0.0780414
0.728495
0.19163
0.0223797
0.672275
0.448338
0.61701
0.0702241
0.420971
0.217396
0.590055
0.237702
0.428893
0.860452
0.10505
0.028591
0.429428
0.416886
0.29276
0.521537
0.334309
0.702377
0.553386
0.0214993
0.348554
0.362355
0.770068
0.24513
0.608642
0.0048298
0.507524
0.0418394
0.122748
0.737472
0.0321624
0.304874
0.619116
0.012859
0.0401974
0.00761796
0.600084
0.274568
0.0888939
0.349346
0.331863
0.0233211
0.27648
0.0453468
0.598412
0.303519
0.105734
0.209921
0.0578699
0.49051
0.0853313
0.194127
0.171512
0.775138
0.232168
0.546075
0.641766
0.151024
0.101882
0.670936
0.318942
0.272826
0.240067
0.303776
0.418569
0.32555
0.140545
0.24307
0.0594825
0.783688
0.601586
0.55013
0.100542
0.0198086
0.438818
0.175076
0.0430905
0.603419
0.0119604
0.286339
0.0218836
0.695045
0.082128
0.165818
0.146862
0.358045
0.1466
0.181066
0.0593842
0.0729056
0.00425422
0.0811335
0.343779
0.230982
0.51969
0.00198358
0.334808
0.0280709
0.306643
0.422116
0.316405
0.46578
0.0909339
0.115045
0.286229
0.526459
0.389027
0.49845
0.185379
0.53533
0.203102
0.308293
0.409889
0.012599
0.311195
0.151972
0.247746
0.576427
0.0483107
0.715643
0.343218
0.350775
0.0381769
0.0578853
0.32111
0.0450273
0.263128
0.511633
0.312732
0.315615
0.534044
0.687066
0.755407
0.048221
0.408452
0.00971601
0.028804
0.113511
0.514077
0.105579
0.228212
0.481196
0.0402973
0.118797
0.0631225
0.517782
0.703277
0.254108
0.596262
0.0534676
0.515214
0.246501
0.239813
0.328175
0.376804
0.880441
0.497611
0.138452
0.0915016
0.1154
0.662367
0.698547
0.0266514
0.30689
0.040186
0.264561
0.0938375
0.847939
0.482778
0.564848
0.75124
0.401727
0.169076
0.018559
0.129123
0.167136
0.0146808
0.535131
0.0817105
0.518791
0.228398
0.177593
0.281317
0.546833
0.322067
0.684916
0.36085
0.302868
0.253553
0.470861
0.143526
0.111452
0.453617
0.0699003
0.00163099
0.0348498
0.775657
0.473647
0.445381
0.360967
0.254502
0.620871
0.553198
0.577186
0.131444
0.582827
0.347125
0.351675
0.159474
0.02302
0.384525
0.35855
0.512378
0.268318
0.680982
0.149117
0.0655702
0.110665
0.0577284
0.319415
0.636773
0.481962
0.525979
0.0380654
0.57449
0.20024
0.0955913
0.382203
0.702519
0.360265
0.647206
0.393969
0.2731
0.287878
0.588721
0.327724
0.285675
0.42442
0.0186215
0.145276
0.0621128
0.0749152
0.491993
0.238353
0.357103
0.383234
0.373483
0.468069
0.364335
0.00397676
0.800711
0.157785
0.616613
0.578404
0.0870213
0.0720218
0.8313
0.698535
0.0869972
0.560694
0.146086
0.698578
0.00595104
0.20329
0.163256
0.0143209
0.51867
0.33907
0.638909
0.0928797
0.0752314
0.370539
0.139807
0.0766803
0.143347
0.473378
0.655155
0.0618362
0.107554
0.549338
0.1556
0.575909
0.349927
0.559158
0.626196
0.360385
0.736408
0.0140317
0.471765
0.449409
0.0252493
0.4902
0.0531866
0.449412
0.777889
0.467478
0.606151
0.349797
0.549671
0.405928
0.335369
0.502455
0.617538
0.0367912
0.542602
0.218862
0.318776
0.143002
0.213537
0.467819
0.0651944
0.140814
0.500403
0.638611
0.570337
0.0141264
0.531493
0.244859
0.548371
0.00709729
0.482974
0.316297
0.00998804
0.0627987
0.0307557
0.550137
0.0293657
0.157966
0.016222
0.273277
0.0390418
0.000626196
0.448928
0.00360299
0.701213
0.258616
0.00635773
0.0552063
0.808314
0.323704
0.211707
0.0532202
0.277525
0.370425
0.123338
0.384769
0.435627
0.162709
0.331549
0.518308
0.286875
0.659656
0.189598
0.00523312
0.285251
0.0402973
0.327628
0.643431
0.301234
0.0916127
0.111034
0.454111
0.032993
0.127861
0.547515
0.586057
0.472752
0.147958
0.0718609
0.402967
0.00419286
0.0633026
0.348738
0.128175
0.212257
0.0776996
0.310535
0.356664
0.531787
0.300827
0.580378
0.0232604
0.0628577
0.289019
0.580693
0.13606
0.516175
0.0593958
0.00325665
0.574654
0.168427
0.528781
0.0117635
0.0609305
0.338594
0.0133753
0.512604
0.696462
0.363735
0.679725
0.472735
0.02037
0.0179994
0.639383
0.334132
0.158075
0.879414
0.182463
0.305636
0.0455431
0.397624
0.00802157
0.722003
0.638859
0.320477
0.767307
0.314314
0.499618
0.00262117
0.00231954
0.0268103
0.183854
0.688726
0.280393
0.0327376
0.15704
0.310544
0.00433928
0.417579
0.151708
0.345662
0.343182
0.825336
0.203258
0.0159602
0.367274
0.0252387
0.00133529
0.147478
0.67412
0.667004
0.885643
0.346489
0.466713
0.0704764
0.161008
0.0529614
0.465784
0.52319
0.324209
0.490465
0.0599697
0.164298
0.232214
0.13664
0.262992
0.553482
0.0150993
0.541354
0.221067
0.0253555
0.0843287
0.0470384
0.241254
0.340179
0.45463
0.466741
0.286724
0.00568354
0.489818
0.52326
0.476435
0.0925758
0.13342
0.532544
0.461745
0.571607
0.285024
0.064158
0.603473
0.637566
0.0374327
0.300379
0.514329
0.045734
0.0224616
0.0275775
0.36604
0.301961
0.708146
0.406751
0.286935
0.141563
0.383145
0.227275
0.00261793
0.0677183
0.648855
0.604947
0.806206
0.0706388
0.024478
0.074651
0.658891
0.35718
0.618117
0.198045
0.319456
0.564184
0.0082815
0.439337
0.43787
0.411486
0.535015
0.594386
0.00872102
0.424563
0.48864
0.0640493
0.110768
0.0414408
0.0562697
0.0295836
0.459787
0.0340521
0.0242359
0.602356
0.0377341
0.330682
0.0856562
0.431281
0.161052
0.286436
0.0076616
0.632497
0.045413
0.308452
0.0697633
0.728162
0.757986
0.0505638
0.427981
0.240397
0.582257
0.461394
0.167014
0.452579
0.346934
0.594185
0.636574
0.0602301
0.0141416
0.549419
0.112047
0.232288
0.0068526
0.0657291
0.0745873
0.467391
0.596425
0.305406
0.424876
0.595372
0.0981586
0.360029
0.361417
0.683608
0.0707162
0.645243
0.00670209
0.0662621
0.17249
0.322459
0.173266
0.83704
0.0612073
0.0011526
0.0993336
0.0789684
0.0191101
0.432619
0.205404
0.514562
0.312137
0.300464
0.785411
0.501949
0.489375
0.071878
0.495304
0.0595829
0.00545788
0.38981
0.0571984
0.467559
0.403082
0.0152895
0.0241078
0.033384
0.0627689
0.77967
0.0173733
0.0515574
0.414806
0.640485
0.0471705
0.505726
0.0872498
0.355862
0.420473
0.0762258
0.492318
0.44123
0.539531
0.306901
0.757784
0.702959
0.156844
0.257948
0.0299005
0.618035
0.128546
0.392137
0.523117
0.307156
0.159433
0.510217
0.349354
0.127857
0.417621
0.584864
0.516653
0.197775
0.865464
0.471412
0.00462097
0.245376
0.684081
0.0972933
0.312424
0.0638775
0.225454
0.00343948
0.0138695
0.0387835
0.243055
0.142704
0.408076
0.615542
0.0903253
0.0321291
0.664388
0.0733288
0.493809
0.0429614
0.266644
0.21023
0.417589
0.0410435
0.737586
0.200831
0.307738
0.43481
0.228109
0.214265
0.602244
0.172471
0.0094239
0.055599
0.49106
0.501947
0.301416
0.50843
0.535633
0.22292
0.0756297
0.00077845
0.25192
0.340812
0.524918
0.00514629
0.185526
0.0152035
0.147231
0.0704771
0.201642
0.749023
0.157991
0.236148
0.718539
0.294171
0.41287
0.309248
0.508392
0.187452
0.640392
0.0830552
0.0930047
0.210426
0.288092
0.585807
0.365854
0.595097
0.725925
0.0324784
0.47034
0.368588
0.015543
0.79148
0.239171
0.443588
0.395523
0.613909
0.162742
0.583234
0.260548
0.000145859
0.48812
0.00252444
0.315096
0.128054
0.0218157
0.478239
0.261575
0.254456
0.52293
0.18563
0.12387
0.000163876
0.415054
0.237056
0.165387
0.0766408
0.350843
0.449448
0.339103
0.102287
0.583842
0.385508
0.00766074
0.0491811
0.707085
0.319937
0.704989
0.264964
0.520672
0.00261918
0.196426
0.737581
0.251321
0.00670617
0.289905
0.0559176
0.000594279
0.736555
0.376972
0.613607
0.392451
0.138355
0.661298
0.0105962
0.190385
0.523924
0.546387
0.203984
0.111688
0.0326718
0.456847
0.098067
0.00250799
0.40651
0.43611
0.756473
0.0971383
0.0784385
0.00198192
0.106304
0.104088
0.17617
0.164666
0.101335
0.720778
0.0516824
0.101185
0.620227
0.00233162
0.177946
0.0475322
0.0106712
2.56485e-05
0.710928
0.0232413
0.110821
0.349826
0.300126
0.0834704
0.637505
0.614923
0.00483128
0.351929
0.00143434
0.211335
0.232981
0.681291
0.185468
0.457265
0.0573374
0.075022
0.19372
0.114564
0.422021
0.000647544
0.365263
0.187682
0.182785
0.297871
0.109682
0.353167
0.341143
0.293984
0.555695
0.08836
0.0692643
0.409942
0.203979
0.0998143
0.148308
0.718888
0.498678
0.0427646
0.611992
0.310243
0.00637566
0.036163
0.301352
0.796909
0.0087243
0.20413
0.621618
0.327337
0.333142
0.149897
0.219542
0.628354
0.531658
0.302607
0.00306534
0.43813
0.1566
0.573511
0.189534
0.738024
0.463481
0.269661
0.40256
0.510321
0.45305
0.787344
0.0086369
0.302979
0.0416177
0.045064
0.453711
0.252686
0.10245
0.0540935
0.291411
0.64143
0.673999
0.264261
0.00156855
0.557429
0.0868696
0.10184
0.0454606
0.257101
0.112527
0.0310745
0.193618
0.213615
0.0789737
0.530109
0.0875647
0.219528
0.201224
0.856584
0.131242
0.325355
0.0625781
0.614958
0.358945
0.190071
0.316407
0.0822386
0.011781
0.663525
0.0482089
0.0308225
0.338813
0.294495
0.225954
0.273123
0.0191872
0.0803767
0.175631
0.0649808
0.116195
0.271223
0.381726
0.591217
0.181944
0.027525
0.538087
0.170099
0.112978
0.292443
0.512421
0.0189211
0.609497
0.78591
0.210544
0.0647389
0.455552
0.199036
0.0397189
0.00119773
0.637139
0.200907
0.0337086
0.563436
0.0140308
0.363823
0.606351
0.185595
0.0199435
0.114042
0.0254955
0.0433352
0.593369
0.241861
0.202169
0.182985
0.155122
0.584744
0.0455204
0.0586083
0.834085
0.581926
0.00965057
0.501197
0.0127579
0.288073
0.141608
0.337363
0.032899
0.0526089
0.553319
0.198697
0.0722552
0.597613
0.229805
0.664342
0.459687
0.396122
0.522775
0.0299542
0.131886
0.039458
0.505101
0.157292
0.432892
0.178735
0.217363
0.146904
0.114275
0.525873
0.672641
0.116699
0.011294
0.11097
0.173338
0.729772
0.0727967
0.0409854
0.467528
0.282497
0.597331
0.229669
0.209745
0.350733
0.0289516
0.0300196
0.610816
0.578163
0.0293194
0.103971
0.374862
0.261458
0.0232096
0.417892
0.474
0.567019
0.0425845
0.363871
0.301051
0.398034
0.00105478
0.133005
0.281561
0.0127048
0.119038
0.492542
0.238636
0.0481994
0.110926
0.0351397
0.00671994
0.00247151
0.283938
0.518057
0.0244029
0.0227683
0.164147
0.128209
0.401776
0.1069
0.739935
0.280803
0.417583
0.327836
0.0612909
0.159604
0.167022
0.181109
0.383953
0.198115
0.524117
0.526802
0.0603986
0.254418
0.10964
0.65064
0.259386
0.269692
0.0191955
0.00787358
0.00190653
0.681317
0.526603
0.0013012
0.0298759
0.0394621
0.378014
0.207487
0.0213413
0.365372
0.336975
0.0739104
0.0304312
0.550624
0.413695
0.72317
0.662491
0.718618
0.111733
0.06241
0.516014
0.524043
0.377778
0.183037
0.389589
0.706527
0.783504
0.131827
0.258929
0.20704
0.00858727
0.579686
0.0138698
0.592279
0.472516
0.0138594
0.723895
0.375513
0.129472
0.480367
0.0532423
0.00432789
0.413418
0.599961
0.369067
0.370368
0.794588
0.163682
0.248258
0.395692
0.840395
0.158562
0.878149
0.601089
0.208748
0.115424
0.0316221
0.278318
0.105967
0.220464
0.353015
0.120243
0.433269
0.195025
0.299024
0.51788
0.32625
0.513348
0.439906
0.00686365
0.594337
0.638011
0.480501
0.155805
0.215788
0.00543901
0.385108
0.427351
0.0724256
0.312103
0.197359
0.0359952
0.166172
0.3411
0.128452
0.405383
0.318721
0.0853862
0.00438809
0.301201
0.0497421
0.0634124
0.315017
0.382429
0.412148
0.227383
0.00986201
0.0588932
0.0707917
0.387575
0.174905
0.11568
0.503371
0.283346
0.263653
0.0958664
0.00145141
0.05234
0.106139
0.407509
0.052787
0.624608
0.165109
0.0282865
0.000167523
0.0100866
0.418355
0.377577
0.0990658
0.644542
0.356355
0.290935
0.292188
0.283744
0.535528
0.683393
0.243648
0.374014
0.101548
0.263811
0.236441
0.416107
0.188993
0.175756
0.430405
0.0987294
0.606257
0.536416
0.181526
0.306406
0.282451
0.449752
0.365216
0.0018434
0.626425
0.162791
0.457042
0.296318
0.136178
0.590506
0.32291
0.631254
0.378745
0.444751
0.746729
0.750392
0.357857
0.199389
0.451911
0.0641977
0.471771
0.481545
0.304404
0.543542
0.193548
0.785521
0.0189027
0.162495
0.551364
0.343842
0.0731958
5.8358e-05
0.339162
0.60029
0.290013
0.359648
0.129217
0.520962
0.27987
0.555309
0.531447
0.427022
0.0423573
0.024869
0.512496
0.452427
0.332165
0.439075
0.646829
0.11674
0.124367
0.00647385
0.574809
0.023586
0.00186603
0.297759
0.565327
0.591831
0.8416
0.000287614
0.395841
0.238424
0.345186
0.612562
0.0235584
0.584175
0.434724
0.756642
0.114415
0.346591
0.445477
0.68167
0.0924672
0.261761
0.106034
0.184861
0.556506
0.530289
0.664823
0.0244654
0.473574
0.0251809
0.633489
0.170649
0.00594683
0.303396
0.555591
0.601742
0.277312
0.229528
0.0310925
0.202597
0.00770994
0.185343
0.1563
0.384699
0.235552
0.102668
0.217427
0.5624
0.0039685
0.805405
0.272459
0.500608
0.0151974
0.231595
0.0406727
0.808767
0.514516
0.425213
0.201207
0.0100709
0.166395
0.68508
0.306988
0.0459197
0.665106
0.363847
0.33875
0.350201
0.506019
0.54721
0.813201
0.576416
0.238485
0.467055
0.110163
0.34896
0.587849
0.0275759
0.290484
0.441784
0.502259
0.357459
0.400057
0.00398735
0.217565
0.270051
0.572825
0.0197892
0.826244
0.694137
0.0143154
0.655604
0.557479
0.621105
0.0404486
0.769726
0.0403053
0.10736
0.460249
0.0745527
0.577708
0.242891
0.38328
0.000718533
0.139875
0.0114112
0.260128
0.460662
0.343198
0.69233
0.568827
0.720328
0.016381
0.543823
0.409146
0.283415
0.259724
0.503766
0.00712194
0.178067
0.276708
0.136463
0.427234
0.747159
0.291388
0.0140721
0.389086
0.450123
0.681982
0.00414108
0.0230734
0.0710577
0.112303
0.330875
0.523776
0.255371
0.00413447
0.285508
0.463047
0.316227
0.50365
0.250287
0.530673
0.0762136
0.103298
0.110657
0.790375
0.607678
0.0628104
0.303801
0.361127
0.00353012
0.483774
0.000341933
0.304285
0.423846
0.579026
0.482288
0.245775
0.680654
0.494742
0.639588
0.0541765
0.222678
0.284975
0.172473
0.36712
0.117552
0.222392
0.134758
0.00280676
0.646884
0.0288997
0.338399
0.489588
0.577535
0.322908
0.0101065
0.761497
0.0181108
0.350884
0.0698188
0.146377
0.0839461
0.459427
0.784938
0.0471353
0.000202256
0.147241
0.311914
0.0746798
0.15208
0.378538
0.322149
0.427699
0.167627
0.102371
0.513603
0.0828501
0.504286
0.260696
0.0995483
0.0152921
0.522166
0.385373
0.718542
0.291594
0.545809
0.64804
0.383622
0.212115
0.518253
0.360606
0.372138
0.448147
0.330381
0.364852
0.695792
0.0633086
0.207394
0.348889
0.166999
0.44328
0.408491
0.305443
0.428067
0.723187
0.277877
0.21537
0.173861
0.000644684
0.426561
0.227334
0.352729
0.290761
0.657198
0.144558
0.0680608
0.269349
0.319111
0.00342773
0.0981388
0.746787
0.355074
0.551407
0.501971
0.633343
0.518626
0.552926
0.354235
0.057345
0.247307
0.455892
0.706822
0.0584662
0.0678511
0.767173
0.036013
0.195142
0.56751
0.458411
0.460024
0.293819
0.172644
0.376857
0.0235244
0.121318
0.428291
0.0213592
0.335342
0.42804
7.50272e-05
0.424824
0.551661
0.0529181
0.258766
0.278088
0.02055
0.431264
0.396482
0.100692
0.463113
0.619609
0.515677
0.00993015
0.0598125
0.501379
0.555614
0.220328
0.41693
0.232216
0.135884
0.522327
0.604131
0.117991
0.0488883
0.0736083
0.757118
0.61045
0.22425
0.372079
0.115971
0.223478
0.129383
0.0525191
0.628439
0.843312
0.335937
0.275527
0.261252
0.157678
0.539293
0.323387
0.506642
0.331576
0.0697478
0.732245
0.296819
0.372007
0.332507
0.026287
0.00726408
0.381573
0.0695382
0.320943
0.333316
0.398681
0.29944
0.433786
0.389386
0.0418729
0.000252242
0.149989
0.258859
0.0247
0.0264823
0.439349
0.62689
0.456915
0.252829
0.433654
0.279686
0.210589
0.246515
0.699273
0.32182
0.387551
0.488732
0.170287
0.0124833
0.527345
0.00572545
0.694855
0.00280656
0.483202
0.264474
0.369013
0.0368671
0.559049
0.033251
0.00397524
0.357441
0.0106484
0.346935
0.237295
0.129954
0.0013745
0.0031886
0.428448
0.410985
0.177867
0.469259
0.623689
0.144139
0.0123296
0.0467983
0.613188
0.166285
0.0116015
0.452406
0.179427
0.226528
0.00963276
0.0992453
0.0600249
0.189402
0.814869
0.118239
0.109242
0.125912
0.460812
0.0802465
0.354103
0.521689
0.0303498
0.714595
0.351841
0.790316
0.565509
0.041279
0.287927
0.145111
0.0514135
0.731788
0.0327525
0.028612
0.0122
0.491777
0.469914
0.0105481
0.40383
0.106202
0.0877617
0.597302
0.624488
0.822922
0.112475
0.000145971
0.0457526
0.718137
0.103684
0.136973
0.00423467
0.712332
0.395983
0.604552
0.694392
0.335997
0.127526
0.00297478
0.118667
0.135437
0.130399
0.599119
0.472113
0.393096
0.402492
0.484459
0.0560098
0.0185119
0.0853512
0.324745
0.276742
0.0238933
0.567457
0.208805
0.36836
0.0179085
0.2247
0.16361
0.741899
0.667972
0.658432
0.159721
0.0843382
0.0933201
0.314018
0.267001
0.198876
0.0743433
0.293678
0.609806
0.00489172
0.0992019
0.559565
0.0419387
0.136483
0.300481
0.782049
0.832859
0.69078
0.25102
0.15075
0.124936
0.255816
0.0573157
0.670643
0.32094
0.0351733
0.445561
0.164872
0.641449
0.293103
0.141502
0.279227
0.249645
0.0510507
0.0688206
0.416984
0.540633
0.399332
0.0149271
0.667973
0.239664
0.142978
0.0654123
0.0261246
0.689441
0.22845
0.357585
0.110757
0.0202178
0.0926955
0.2424
0.462732
0.254803
0.122656
0.395669
0.0524137
0.0770492
0.481536
0.151469
0.00682454
0.845883
0.279501
0.12675
0.240189
0.464172
0.0847452
0.0706568
0.130189
0.411869
0.168362
0.03782
0.00204105
0.0439449
0.359473
0.288164
0.569242
0.373668
0.351586
0.195161
0.0792107
0.306662
0.323553
0.307447
0.128181
0.0293673
0.0609551
0.0515267
0.166237
0.35158
0.00640999
0.554208
0.305018
0.322166
0.5387
0.10614
0.418027
0.0453985
0.0446745
0.716574
0.464212
0.424063
0.499459
0.183971
0.345676
0.824446
0.568531
0.00355646
0.1316
0.109336
0.402092
0.00437188
0.0626694
0.673002
0.248574
0.139049
0.278901
0.380411
0.0769885
0.0496763
0.0791983
0.182803
0.311701
0.373311
0.142402
0.592397
0.0369769
0.0659031
0.388719
0.0170353
0.0754514
0.461725
0.668918
0.306498
0.0259414
0.0458203
0.35422
0.284104
0.0154257
0.0144127
0.0425037
0.331421
0.0151222
0.0211551
0.439494
0.150485
0.420962
0.0803257
0.0206089
0.344331
0.248721
0.547748
0.16156
0.0564501
0.821303
0.223783
0.180801
0.449795
0.376323
0.305813
0.468529
0.0401742
0.0205294
0.0991273
0.572759
0.303595
0.401722
0.415174
0.011811
0.0618165
0.114554
0.191179
0.348982
0.0129413
0.335276
0.0451493
0.35346
0.672847
0.292763
0.36273
0.257068
0.705384
0.69251
0.109651
0.148265
0.0257657
0.705067
0.225515
0.141221
0.0637658
0.363918
0.0360452
0.342932
0.135863
0.410134
0.749556
0.204676
0.444946
0.186581
0.21362
0.597504
0.14338
0.830531
0.200187
0.753469
0.02933
0.428592
0.323256
0.312557
0.0634829
0.00992147
0.244197
0.312704
0.360709
0.293675
0.475325
0.096661
0.240001
0.41486
0.323371
0.218097
0.435895
0.384059
0.185317
0.434963
0.0178486
0.570655
0.00683573
0.173578
0.124646
0.203264
0.0127168
0.483727
0.101251
0.00205867
0.0385563
0.604507
0.368479
0.456223
0.64715
0.582537
0.498523
0.250893
0.438648
0.424083
0.239471
0.219539
0.0261537
0.442354
0.314623
0.374937
0.266555
0.0367144
0.249948
0.0378751
0.0689736
0.0327322
0.490108
0.199612
0.0300393
0.358149
0.539953
0.373091
0.0581415
0.37338
0.25287
0.0772225
0.081274
0.0673382
0.391434
0.499855
0.336661
0.0297065
0.173042
0.437853
0.0698694
0.0867892
0.30433
0.366409
0.00244266
0.00100243
0.122712
0.337909
0.457329
0.0996928
0.697203
0.345063
0.644955
0.00934668
0.308665
0.424626
0.0536059
0.680062
0.175104
0.157523
0.544035
0.344175
0.631321
0.788276
0.0921426
0.111859
0.235288
0.104864
0.0154513
0.6454
0.578321
0.66323
0.598909
0.0570477
0.131402
0.452147
0.227345
0.515735
0.755641
0.488728
0.685123
0.631188
0.287664
0.194081
0.0725898
0.240924
0.112288
0.630562
0.912582
0.233848
0.406292
0.202088
0.056733
0.401483
0.571245
0.0774426
0.00578396
0.813574
0.104143
0.537884
0.45987
0.239679
0.262625
0.594856
0.00551395
0.626
0.848371
0.745383
0.806549
0.210858
0.515645
0.569764
0.489017
0.312677
0.891325
0.621224
0.346535
0.198163
0.0217398
0.0345337
0.493841
0.0643638
0.283763
0.0142325
0.711211
0.152917
0.27138
0.145724
0.0126218
0.0886382
0.687491
0.0600121
0.172581
0.220718
0.152981
0.628923
0.00230872
0.0486123
0.109852
0.289483
0.0275552
0.293923
0.569683
0.542214
0.147109
0.0964672
0.00309687
0.55173
0.362106
0.0932422
0.386082
0.217127
0.301972
0.337114
0.000596712
0.258702
0.113516
0.073833
0.0188994
0.458387
0.300944
0.337781
0.429491
0.0113176
0.560881
0.723651
0.733222
0.66204
0.922698
0.159988
0.535881
0.216434
0.342992
0.826421
0.137335
0.0828972
0.438985
0.0180377
0.379302
0.64753
0.309862
0.292877
0.664346
0.389775
0.520148
0.326715
0.281653
0.631202
0.0242885
0.0386805
0.686697
0.259482
0.030049
0.47945
0.0101665
0.498781
0.000190346
0.66846
0.252765
0.455581
0.503453
0.256675
0.282936
0.618669
0.00366616
0.303519
0.221069
0.116306
0.71018
0.351571
0.636133
0.140105
0.621437
0.0684543
0.458417
0.237434
0.384946
0.328126
0.0364035
0.0438313
0.173522
0.657926
0.00268259
0.242876
0.329323
0.435323
0.0788931
0.507487
0.425406
0.257249
0.210485
0.00224838
0.469283
0.206472
0.117534
0.582099
0.399569
0.0404171
0.105151
0.140222
0.434937
0.129054
0.359404
0.317978
0.146991
0.614921
0.355149
0.377101
0.0533322
0.698562
0.000849321
0.295512
0.150388
0.467735
0.816557
0.021525
0.410342
0.54447
0.228157
0.0170554
0.276282
0.564218
0.292587
0.56052
0.51796
0.401063
0.000743619
0.244384
0.449331
0.238124
0.383799
0.030328
0.282865
0.0324191
0.481174
0.115921
0.56939
0.033152
0.364635
0.487217
0.247349
0.113139
0.335273
0.377358
0.183264
0.724463
0.29268
0.448907
0.0197286
0.108806
0.638698
0.0970511
0.0267705
0.0349817
0.153042
0.13985
0.434094
0.0821935
0.0373172
0.00943543
0.0290157
0.441989
0.539895
0.250507
0.642781
0.299091
0.49606
0.129512
0.37824
0.072415
0.350498
0.22407
0.148134
0.333452
0.0255647
0.132301
0.379013
0.287853
0.00213145
0.00298032
0.621072
0.213513
0.489945
0.0913996
0.200768
0.72516
0.386511
0.607719
0.575113
0.485738
0.0512901
0.559734
0.28165
0.422324
0.00238531
0.131811
0.122612
0.234145
0.73391
0.0151222
0.185644
0.244115
0.423185
0.0759188
0.285868
0.376158
0.067939
0.433425
0.218301
0.0332567
0.0133788
0.238345
0.141002
0.142111
0.209341
0.151027
0.426866
0.0373756
0.238716
0.0867943
0.146626
0.219595
0.319745
0.0521755
0.0194937
0.321113
0.527292
0.314785
0.0748746
0.419659
0.564901
0.549894
0.576301
0.180916
0.265686
0.273103
0.438649
0.12761
0.430875
0.0144205
0.177887
0.287179
0.24191
0.112464
0.0622139
0.59476
0.0426147
0.221609
0.437247
0.507082
0.040249
0.291721
0.0896067
0.293755
0.0460953
0.39642
0.271398
0.110036
0.0657949
0.288021
0.00562155
0.0456562
0.19792
0.288969
0.56225
0.448131
0.30324
0.219295
0.115031
0.601244
0.103885
0.010515
0.00127997
0.504954
0.0329512
0.0156667
0.361278
0.324382
0.038493
0.0359569
0.436426
0.291578
0.213261
0.00554156
0.369923
0.0537208
0.242299
0.354496
0.611715
0.219644
0.00168462
0.0396734
0.159309
0.644644
0.525598
0.291165
0.00622416
0.045213
0.304776
0.334124
0.407795
0.29703
5.95344e-05
0.696339
0.570642
0.409484
0.244434
0.272705
0.649664
0.387666
0.224425
0.203763
0.00778529
0.571525
0.27375
0.753793
0.256433
0.181569
0.417722
0.733994
0.367513
0.0126949
0.693764
0.649584
0.306783
0.637225
0.585472
0.341365
0.000891542
0.347823
0.306267
0.195464
0.20059
0.0450508
0.302287
0.669322
0.409144
0.595642
0.123087
0.585059
0.0912021
0.121532
0.134754
0.16277
0.642247
0.539648
0.530315
0.296304
0.116894
0.131264
0.112973
0.00273931
0.355409
0.402932
0.293308
0.175735
0.0349027
0.430507
0.274339
0.112095
0.0806921
0.512179
0.333885
0.548526
0.323673
0.0142071
0.576342
0.409221
0.748089
0.379204
0.367238
0.0464216
0.39087
0.266377
0.301333
0.125697
0.225109
0.422708
0.383126
0.442083
0.312423
0.521174
0.0847484
0.321579
0.311674
0.533653
0.0309484
0.475991
0.399217
0.290642
0.708536
0.288766
0.0622675
0.00653461
0.131989
0.149246
0.942315
0.139188
0.653882
0.00316878
0.695824
0.29727
0.203149
0.398081
0.614695
0.114725
0.23045
0.0472539
0.451161
0.0237515
0.666129
0.292619
0.111387
0.208807
0.0672825
0.741164
0.00638326
0.851328
0.0484373
0.237483
0.419986
0.0714257
0.118692
0.220634
0.0109543
0.0665727
0.484564
0.456373
0.225844
0.137049
0.321258
0.0230998
0.490646
0.308714
0.0823128
0.35543
0.21237
0.0377017
0.462047
0.442078
0.528936
0.292775
0.380881
0.429715
0.500133
0.0263402
0.326294
0.0148641
0.0506477
0.0581785
0.0574656
0.432319
0.0270437
0.0138535
0.724603
0.565924
0.00553813
0.0153189
0.0884784
0.236841
0.567865
0.167154
0.616217
0.166633
0.364898
0.0398746
0.000579293
0.329492
0.43833
0.0128859
0.514854
0.0126913
0.0526127
0.629166
0.219093
0.859235
0.15648
0.0230806
0.176579
0.110631
0.290323
0.321112
0.180458
0.418687
0.163508
0.285077
0.727721
0.218448
0.0699844
0.402339
0.239173
0.305164
0.075892
0.341017
0.310318
0.60323
0.513647
0.298187
0.247577
0.11145
0.00252965
0.399383
0.683331
0.146582
0.0991574
0.052231
0.347597
0.263545
0.362944
0.0844499
0.536341
0.59103
0.409278
0.521817
0.0456469
0.00101733
0.450072
0.582142
0.179372
0.0193034
0.265812
0.462313
0.0351788
0.365602
0.387773
0.113198
0.425505
0.117957
0.381481
0.192832
0.0200018
0.823209
0.168155
0.694692
0.69707
0.693934
0.284762
0.0026449
0.192356
0.693704
0.571648
0.165111
0.0191698
0.542983
0.68578
0.283202
0.207281
0.0362425
0.00404295
0.00207661
0.228385
0.112294
0.133405
0.309537
0.0281378
0.114149
0.542255
0.30462
0.0615782
0.522967
0.354836
0.167774
0.340677
0.430077
0.674005
0.242279
0.00718859
0.310523
0.461671
0.055198
0.226569
0.0401828
0.0209224
0.4582
0.580288
0.541368
0.0200435
0.284166
0.441859
0.402727
0.0717232
0.438519
0.0368295
0.230228
0.114232
0.0113341
0.0185543
0.368086
0.254978
0.243275
0.3245
0.623046
0.516033
0.00030068
0.368433
0.302842
0.105446
0.166908
0.0495874
0.458387
0.171276
0.265675
0.220826
0.0214826
0.0109298
0.0829769
0.285194
0.719325
0.376954
0.259249
0.526248
0.551425
0.70488
0.583664
0.0845273
0.188098
0.448691
0.0341773
0.232787
0.154778
0.0414981
0.279628
0.282851
0.822812
0.417893
0.0319051
0.036966
0.500863
0.475943
0.252721
0.273675
0.292734
0.0784047
0.316393
0.466861
0.0247453
0.184764
0.398897
0.495672
0.0024734
0.748251
0.00303131
0.300121
0.178211
0.523781
0.00941949
0.0357286
0.0997619
0.0129486
0.510392
0.240553
0.0424612
0.353164
0.840892
0.248004
0.359297
0.17595
0.0463096
0.0199311
0.701214
0.580105
0.22315
0.722486
0.384755
0.368865
0.00325245
0.0129004
0.00189412
0.236152
0.520647
0.210192
0.259428
0.0571007
0.337065
0.305091
0.0744481
0.390184
0.323431
0.0287399
0.0760568
0.145082
0.143162
0.78932
0.113466
0.158767
0.331732
0.280553
0.123348
0.397926
0.148527
0.242616
0.00125052
0.0851815
0.111824
0.0238433
0.163177
0.818149
0.301807
0.315317
0.0832431
0.658109
0.303895
0.0890304
0.351251
0.292363
0.326651
0.561323
0.180971
0.440979
0.564167
0.599733
0.00482752
0.671604
0.000611733
0.0909363
0.276323
0.0551989
0.159454
0.67069
0.466492
0.184132
0.0276037
0.603229
0.344481
0.00365574
0.618971
0.197169
0.278221
0.266058
0.417724
0.346472
0.712548
0.700465
0.146543
0.0209675
0.183528
0.227711
0.134185
0.135939
0.0516196
0.0881737
0.233996
0.256018
0.75846
0.776734
0.110996
0.316484
0.129521
0.739894
0.0465838
0.0846709
0.46348
0.12448
0.0164991
0.106231
0.0582726
0.268012
0.0873821
0.51602
0.0648058
0.135458
0.369218
0.693181
0.574728
0.0217587
0.0336463
0.173632
0.0228864
0.638855
0.486168
0.3083
0.535203
0.150462
0.0301254
0.663491
0.549414
0.39389
0.748275
0.00216868
0.000528263
0.222497
0.353145
0.150896
0.164945
0.53209
0.483339
0.349134
0.0145523
0.326608
0.00324154
0.290021
0.192735
0.150614
0.0428108
0.300944
0.407275
0.317862
0.332352
0.0819056
0.0325987
0.0717196
0.567632
0.12241
0.205542
0.482958
0.000372187
0.460968
0.137648
0.585166
0.0976245
0.142544
0.366646
0.033821
0.376307
0.0360015
0.472613
0.0556086
0.395841
0.292206
0.473162
0.263967
0.789776
0.266479
0.334546
0.00229403
0.395502
0.450996
0.0551285
0.41611
0.0124332
0.183738
0.560542
0.533119
0.0147522
0.0885481
0.106788
0.760908
0.0155488
0.643958
0.00320819
0.148695
0.324002
0.319305
0.031448
0.0651648
0.00694368
0.0437051
0.0249873
0.284731
0.444336
0.0973935
0.138809
0.206348
0.326135
0.0941499
0.499643
0.163371
0.298729
0.407919
0.157748
0.05359
0.245371
0.290328
0.287855
0.164063
0.0193696
0.568671
0.0706062
0.0175068
0.0753172
0.104799
0.00709191
0.573078
0.678045
0.0436628
0.39359
0.457558
0.477624
0.50809
0.288092
0.2399
0.474127
0.473731
0.00501613
0.379354
0.358568
0.118895
0.554579
0.675043
0.00442893
0.167327
0.0958337
0.452488
0.639467
0.486355
0.230791
0.548062
0.0641446
0.559247
0.143149
0.472254
0.603943
0.78942
8.91425e-05
0.739836
0.405145
0.00396949
0.194491
0.00798753
0.383484
0.334602
0.301719
0.587643
0.555733
0.6531
0.665188
0.0198689
0.0143391
0.426357
0.280711
0.395389
0.240115
0.13607
0.592782
0.179517
0.100566
0.360253
0.173443
0.172275
0.0801241
0.385267
0.164562
0.305358
0.137886
0.00123873
0.0236233
0.370359
0.648085
0.186155
0.00141666
0.639673
0.0172154
0.708394
0.215522
0.322735
0.82647
0.309206
0.0190233
0.0555588
0.072527
0.0609962
0.000121688
0.00227147
0.0438483
0.144036
0.0308164
0.0782716
0.109662
0.307803
0.104346
0.00252009
0.00323511
0.103377
0.282386
0.491291
0.724753
0.292697
0.00019671
0.735629
0.251119
0.305207
0.275672
0.0188299
0.0210239
0.349394
0.215767
0.0652243
0.517411
0.14195
0.646248
0.0953709
0.0390617
0.000519316
0.0189804
0.139289
0.00986262
0.458843
0.257372
0.152386
0.135028
0.0054449
0.206838
0.161458
0.179631
0.609837
0.233157
0.271921
0.496464
0.291536
0.422016
0.0321273
0.0304789
0.348526
0.402798
0.160752
0.288031
0.121334
0.00291324
0.343394
0.306347
0.0383725
0.364857
0.00209207
0.405237
0.6872
0.547645
0.0243207
0.226696
0.00212222
0.193371
0.410764
0.567487
0.251651
0.0540573
0.026105
0.156696
0.0179081
0.165358
0.131254
0.190832
0.0412025
0.493223
0.440696
0.265948
0.292755
0.0294903
0.00341045
0.0046516
0.210434
0.345275
0.0369043
0.339055
0.171267
0.377774
0.0516205
0.246985
0.115458
0.501398
0.047428
0.106202
0.553888
0.0889257
0.442926
0.618524
0.224309
0.134809
0.303063
0.302852
0.629444
0.638577
0.211644
0.270681
0.218014
0.0700162
0.330696
0.0104146
0.0246399
0.0227632
0.0262339
0.0420126
0.309107
0.481142
0.0294881
0.224016
0.678718
0.029135
0.512157
0.012811
0.429406
0.387159
0.319919
0.375056
0.492513
0.680611
0.418897
0.0308207
0.638414
0.263619
0.7491
0.441742
0.304806
0.104863
0.568302
0.267977
0.432334
0.117185
0.14697
0.432852
0.155325
0.050539
0.00316679
0.556075
0.0964754
0.0170962
0.608173
0.255369
0.605604
0.0694517
0.0558908
0.298505
0.671664
0.51878
0.191957
0.0530523
0.768735
0.563565
0.575619
0.115168
0.0583731
0.564382
0.17191
0.0280223
0.0128386
0.03764
0.127118
0.0611718
0.0337033
0.465451
0.336452
0.0369031
0.769052
0.508283
0.725163
0.0229224
0.562537
0.47151
0.239917
0.442603
0.202524
0.604665
0.521256
0.440853
0.131728
0.00315805
0.472695
0.2105
0.0386059
0.557584
0.375909
0.20196
0.0937325
0.308871
0.187288
0.560972
0.471015
0.314576
0.649974
0.678275
0.64552
0.692387
0.0295088
0.422641
0.599221
0.283229
0.2066
0.0148709
0.477073
0.449233
0.00231787
0.0809133
0.66372
0.0029081
0.157882
0.601071
0.481605
0.323884
0.629216
0.224084
0.490391
0.0363615
0.142361
0.57066
0.646242
0.316984
0.527044
0.43842
0.162719
0.346164
0.267765
0.747426
0.475012
0.202683
0.365633
0.382991
0.0527263
0.498293
0.37061
0.410725
0.25218
0.483998
0.268119
0.0455409
0.000395866
0.0906669
0.653053
0.0838447
0.336655
0.614798
0.228638
0.0803728
0.423195
0.837186
0.337824
0.0486178
0.317108
0.00930762
0.70768
0.269905
0.394131
0.283434
0.386689
0.835824
0.0490402
0.0788449
0.167771
0.454334
0.543781
0.29729
0.295134
0.377654
0.429017
0.481017
0.165744
0.589647
0.212959
0.282547
0.46583
0.149965
0.341269
0.404259
0.0802973
0.366887
0.0755656
0.601737
0.0154531
0.0901502
0.219967
0.0269864
0.0278604
0.253626
0.00869167
0.094345
0.185842
0.0921369
0.234973
0.319399
0.398912
0.388463
0.0250398
0.0266238
0.144224
0.278198
0.224296
0.328546
0.258387
0.374912
0.425535
0.0705007
0.00104339
0.383882
0.211945
0.682882
0.429775
0.00793308
0.000715284
0.209069
0.414924
0.00746467
0.0128191
0.625631
0.447976
0.256745
0.0988062
0.286469
0.00516522
0.00872535
0.229051
0.570793
0.0222495
0.617175
0.865883
0.0871238
0.23485
0.0983623
0.295642
0.140279
0.63657
0.163699
0.525022
0.016763
0.118487
0.1006
0.275702
0.174715
0.435068
0.214721
0.181307
0.623868
0.106244
0.146675
0.476294
0.702032
0.0565085
0.289069
0.387152
0.080119
0.857381
0.0707168
0.12312
0.0253138
0.406855
0.164785
0.00851141
0.651035
0.00779642
0.00993429
0.255725
0.066392
0.731857
0.609154
0.0931714
0.0331305
0.0953769
0.679083
0.00539666
0.581444
0.29391
0.0432196
0.297062
0.0126191
0.582955
0.600563
0.0124036
0.682681
0.532902
0.215255
0.337718
0.030154
0.0311935
0.584047
0.283825
0.449879
0.240785
0.0259125
0.109269
0.0377599
0.794754
0.374937
0.686767
0.414732
0.300293
0.502162
0.404384
0.386006
0.369127
0.309982
0.0200449
0.210327
0.0907931
0.313118
0.00147373
0.720924
0.0260049
0.213503
0.172433
0.186683
0.578603
0.289603
0.356032
0.0175669
0.0037103
0.291663
0.0187977
0.0486701
0.017299
0.359263
0.125818
0.594906
0.103497
0.460902
0.193282
0.500879
0.06744
0.327136
0.484339
0.0121239
0.0546785
0.371612
0.0073281
0.414568
0.249659
0.203914
0.671764
0.148691
0.475158
0.0646777
0.0123577
0.445033
0.338864
0.644515
0.438546
0.087415
0.249313
0.0495355
0.0409919
0.0271653
0.245607
0.133036
0.100271
0.396542
0.0308271
0.272431
0.106556
0.391691
0.300923
0.596702
0.505789
0.437842
0.00900516
0.618454
0.279364
0.322206
0.716421
0.07444
0.608952
0.0149275
0.361698
0.460756
0.020138
0.376345
0.382808
0.349393
0.0326341
0.750148
0.647596
0.554146
0.0380452
0.510324
0.123388
0.389285
0.310553
0.0266433
0.0428802
0.355431
0.134054
0.191045
0.092469
0.10608
0.683045
0.00861334
0.378447
0.0652876
0.00912372
0.532025
0.244878
0.010492
0.0492576
0.178731
0.00199528
0.0994879
0.106986
0.213875
0.231687
0.604378
0.000352294
0.427551
0.648441
0.0212744
0.070063
0.110049
0.00754471
0.576365
0.391035
0.263168
0.0641995
0.0437034
0.030281
0.269654
0.146493
0.419665
0.165112
0.436019
0.0162908
0.0431294
0.038929
0.652421
0.185586
0.00105144
0.600884
0.418443
0.242116
0.000509603
0.304902
0.540339
0.00287877
0.675076
0.0157377
0.0723171
0.225168
0.143125
0.310291
0.36172
0.172596
0.529223
0.284576
0.29085
0.0321777
0.355034
0.45201
0.380234
0.0411753
0.288999
0.151668
0.0182908
0.378859
0.0100567
0.0160045
0.258817
0.810451
0.0188076
0.178171
0.177212
0.550039
0.0406723
0.120142
0.510631
0.215031
0.644201
0.152938
0.223663
0.335258
0.258812
0.555322
0.263635
0.367791
0.191013
0.543832
0.660846
0.032419
0.647029
0.0322792
0.0361459
0.353728
0.197816
0.578121
0.0431546
0.371156
0.617653
0.520274
0.0108856
0.116224
0.0173632
0.244398
0.0995529
0.000811356
0.165777
0.150692
0.301669
0.415086
0.0863708
0.102459
0.499615
0.0674542
0.620086
0.302358
0.332447
0.747117
0.164625
0.750715
0.002069
0.51848
0.524422
0.109868
0.647847
0.542217
0.352057
0.114517
0.515727
0.0435993
0.335613
0.268581
0.478028
0.113181
0.252461
0.72942
0.706444
0.60966
0.766967
0.486571
0.442203
0.113182
0.425871
0.0120765
0.00927222
0.678418
0.0717163
0.237609
0.778921
0.433788
0.266204
0.0963641
0.00639716
0.293581
0.299202
0.478678
0.369771
0.603102
0.568157
0.131395
0.522533
0.575555
0.0218887
0.509809
0.181451
0.609798
0.364067
0.0263376
0.722111
0.390839
0.401613
0.0436853
0.284499
0.000113806
0.306201
0.712663
0.031137
0.156351
0.28631
0.0178198
0.218824
0.343865
0.345017
0.550853
0.200309
0.0300541
0.176778
0.00482785
0.133513
0.573122
0.513618
0.091229
0.636249
0.100442
0.0391854
0.792259
0.577048
0.491509
0.425051
0.272479
0.300071
0.281743
0.260876
0.262997
0.698197
0.433134
0.0148996
0.0037805
0.592831
0.231028
0.313544
0.375169
0.537117
0.0157478
0.380877
0.257865
0.0547817
0.00142053
0.0893379
0.0355017
0.673576
0.48608
0.521875
0.256185
0.330065
0.32415
0.485046
0.616724
0.0607914
0.0627888
0.0343376
0.00604574
0.0602901
0.492714
0.221494
0.261499
0.489254
0.472727
0.541625
0.169481
0.630993
0.284286
0.567651
0.0952503
0.0201012
0.0634796
0.0595318
0.302744
0.534456
0.392389
0.786205
0.517869
0.226841
0.35098
0.598794
0.764981
0.152958
0.253408
0.583797
0.231308
0.00986199
0.114869
0.101666
0.400599
0.722143
0.569048
0.0785196
0.374548
0.526904
0.424238
0.648269
0.652505
0.0922398
0.23034
0.530118
0.423454
0.00114873
0.00297836
0.353013
0.444913
0.238566
0.320571
0.699682
0.259947
0.101823
0.0738331
0.724155
0.0105917
0.118166
0.0153842
0.16244
0.273533
0.00823106
0.609706
0.137511
0.00064633
0.610249
0.355227
0.322174
0.136723
0.1497
0.399344
0.380135
0.780053
0.107466
0.402884
0.662495
0.38116
0.400569
0.053481
0.632984
0.332545
0.00510838
0.0330027
0.330024
0.445032
0.0142682
0.0448515
0.261692
0.0448263
0.253701
0.472421
0.10114
0.0495376
0.718479
0.0732308
0.244415
0.0598998
0.320742
0.700716
0.173006
0.0755875
0.365141
0.175191
0.518381
0.597147
0.726682
0.733618
0.0513886
0.759068
0.515631
0.0344513
0.0165654
0.348071
0.472409
0.735158
0.794858
0.0180005
0.21755
0.315173
0.676848
0.333681
0.619819
0.420086
0.236429
0.349287
0.624491
0.342507
0.738905
0.71009
0.346774
0.19395
0.166627
0.82899
0.610761
0.862963
0.598814
0.394029
0.139526
0.378383
0.372833
0.630411
0.480624
0.36252
0.213798
5.54074e-05
0.419085
0.0146353
0.00905612
0.58573
0.0692991
0.351982
0.22781
0.0965319
0.380899
0.424279
0.743448
0.670859
0.0501771
0.717235
0.0141374
0.75614
0.530284
0.246948
0.0136378
0.0194743
0.0338811
0.117942
0.216572
0.300786
0.151827
0.0296267
0.0501495
0.197902
0.195982
0.0279721
0.368489
0.000126111
0.00720273
0.216055
0.703251
0.106777
0.00268489
0.537794
0.63265
0.000923365
0.0554588
0.470634
0.789382
0.0551569
0.232131
0.180856
0.00333102
0.229068
0.693939
0.49731
0.51408
0.106773
0.0134386
0.284851
0.0552144
0.603221
0.601164
0.485908
0.0500944
0.513305
0.0517162
0.315119
0.0968683
0.562473
0.653216
0.164817
0.165495
0.419748
0.399632
0.0531266
0.0270512
0.0508888
0.189618
0.661544
0.401581
0.319111
0.0677884
0.378894
0.177753
0.307014
0.388794
0.614607
0.183796
0.0316618
0.32643
0.207993
0.0510068
0.57039
0.155352
0.628066
0.729405
0.0134638
0.298604
0.117165
0.542406
0.224244
0.611526
0.0275455
0.278413
0.00128077
0.549749
0.31062
0.335017
0.696063
0.351119
0.573871
0.685387
0.0329548
0.103245
0.0578129
0.133604
0.459475
0.0124892
0.433849
0.274442
0.393148
0.375397
0.28989
0.573539
0.430547
0.55082
0.766619
0.796923
0.331224
0.000714259
0.160046
0.0150198
0.568042
0.673747
0.00766642
0.502755
0.0779794
0.364568
0.0252377
0.291054
0.152934
0.0874421
0.325244
0.0920767
0.215514
0.535996
0.653713
0.473175
0.175023
0.431846
0.169976
0.236532
0.13588
0.319791
0.344341
0.0261581
0.373037
0.309052
0.461902
0.560585
0.497566
0.179146
0.0590114
0.189575
0.079497
0.496698
0.603769
0.351276
0.571002
0.782917
0.779073
0.00366751
0.0996228
0.404846
0.710395
0.00941921
0.285115
0.615548
0.275438
0.370691
0.382305
0.286379
0.00421347
0.392746
0.116516
0.606353
0.116499
0.0326173
0.282871
0.298293
0.0663004
0.541586
0.414034
0.211354
0.176579
0.375044
0.321694
0.0133249
0.778531
0.0407236
0.358923
0.035315
0.29016
0.316395
0.0242326
0.156703
0.723306
0.225507
0.0401165
0.493621
0.0637168
0.178678
0.28893
0.247423
0.12734
0.401736
0.782466
0.247732
0.0779181
0.388836
0.00662376
0.144414
0.0812438
0.673301
0.347935
0.0635827
0.31697
0.724803
0.399811
0.206003
0.0403137
0.0370054
0.0201822
0.220203
0.129026
0.0203987
0.802045
0.201078
0.00375479
0.566186
0.435592
0.133423
0.309669
0.00104437
0.188154
0.555774
0.0656099
0.490447
0.662806
0.291448
0.598639
0.00292358
0.251048
0.027403
0.29625
0.0704443
0.42236
0.169118
0.49775
0.137077
0.388084
0.0494427
0.784424
0.699355
0.303772
0.0797828
0.319526
0.696949
0.676824
0.333151
0.0655541
0.540371
0.207002
0.275706
0.802424
0.124957
0.307709
0.580898
0.632199
0.0470317
0.155714
0.205657
0.124369
0.126164
0.252681
0.481951
0.382142
0.662029
0.309065
0.413908
0.245667
0.444828
0.0315355
0.133613
0.0770264
0.413467
0.49624
0.463838
0.497779
0.66541
0.143581
0.608169
0.0927261
0.120145
0.172602
0.00139421
0.486901
0.043911
0.101079
0.218721
0.468812
0.492534
0.180409
0.537722
0.768937
0.51575
0.543885
0.141705
0.342564
0.242423
0.552169
0.287625
0.0743841
0.156945
0.000835684
0.182507
0.0462832
0.158705
0.70147
0.410483
0.454386
0.301239
0.642715
0.269681
0.296252
0.815629
0.700142
0.736585
0.244886
0.765941
0.030772
0.374292
0.0307391
0.258341
0.104598
0.444935
0.616179
0.135626
0.365914
0.0157527
0.0138659
0.0221669
0.687407
0.400504
0.534692
0.0228434
0.232366
0.299094
0.280218
0.381313
0.156061
0.250914
0.35116
0.584135
0.00438628
0.0203623
0.144783
0.10459
0.0106697
0.0782001
0.0271292
0.305694
0.345746
0.252043
0.382559
0.273393
0.398122
0.0464142
0.33525
0.2424
0.322627
0.593423
0.304202
0.0162339
0.135798
2.44947e-05
0.101096
0.165762
0.311715
0.0143293
0.763449
0.428446
0.41373
0.270772
0.787624
0.142742
0.101672
0.196856
0.30237
0.00663529
0.0408322
0.287727
0.289365
0.00146671
0.0307347
0.00948025
0.148568
0.634083
0.125805
0.435616
0.350055
0.799774
0.671868
0.74315
0.302817
0.632422
0.28173
0.378103
0.0026418
0.629503
0.868758
0.261839
0.0217067
0.174765
0.349607
0.223101
0.567086
0.39298
0.19426
0.471464
0.47365
0.591502
0.364563
0.0110054
0.0115341
0.42526
0.0709919
0.81314
0.367291
0.539966
0.735902
0.28117
0.471274
0.868769
0.143608
0.199299
0.0135604
0.325587
0.0939516
0.0123274
0.407637
0.439006
0.29408
0.249543
0.225886
0.284676
0.187444
0.349923
0.321116
0.829137
0.594765
0.71333
0.406778
0.229133
0.335453
0.339754
0.362455
0.30261
0.448074
0.0090364
0.0177993
0.296174
0.00277968
0.277843
0.219277
0.414346
0.185332
0.211147
0.0007775
0.260123
0.0229864
0.521105
0.0189003
0.0255605
0.016046
0.461055
0.00411587
0.0632112
0.0658086
0.319402
0.238312
0.171307
0.291673
0.0210951
0.115535
0.395224
0.396259
0.0101129
0.674684
0.0613265
0.478921
0.0064367
0.137477
0.104529
0.13676
0.219984
0.0374212
0.00110424
0.394845
0.0235702
0.305934
0.796119
0.457603
0.266703
0.50694
0.300745
0.000697125
0.568751
0.496765
0.366166
0.366622
0.110165
0.244192
0.561058
0.22816
0.204948
0.614824
0.0144175
0.00337696
0.145242
0.150669
0.172403
0.396031
0.555107
0.0320613
0.321027
0.617535
0.449435
0.452299
0.020541
0.209873
0.0179365
0.0551696
0.0216822
0.474031
0.013662
0.0666003
0.164019
0.170096
0.0960298
0.428716
0.00565987
0.345779
0.00824513
0.175404
0.554945
0.266293
0.647444
0.0148034
0.0809588
0.0937501
0.13203
0.00940256
0.350927
0.180744
0.30717
0.00873982
0.357069
0.554657
0.000302339
0.30088
0.539278
0.468951
0.425977
0.310777
0.50533
0.0280256
0.148063
0.847438
0.00793551
0.0676568
0.193635
0.27069
0.414435
0.161655
0.067315
0.144428
0.157334
0.031296
0.163746
0.537622
0.061912
0.0428912
0.0863822
0.589347
0.104003
0.577285
0.475822
0.750634
0.00494311
0.392782
0.378395
0.65326
0.550959
0.231158
0.612101
0.589354
0.354896
0.0811712
0.148524
0.168246
0.661065
0.703367
0.675134
0.536722
0.0232646
0.869421
0.329053
0.131409
0.550807
0.560474
0.760383
0.613678
0.183426
0.0670526
0.00525248
0.0733196
0.267008
0.299625
0.181702
0.406542
0.351486
0.0868475
0.19018
0.215255
0.570579
0.379619
0.0889013
0.0180129
0.0475898
0.00504004
0.00129679
0.179145
0.457181
0.494226
0.318882
0.155114
0.0131047
0.0837771
0.577291
0.635535
0.546635
0.565367
0.635458
0.617313
0.680065
0.0133978
0.286789
0.143709
0.535928
0.0439782
0.00142123
0.0401295
0.327428
0.65644
0.615124
0.0408404
0.424663
0.0101995
0.215029
0.162594
0.590129
0.102987
0.0300829
0.331674
0.361921
0.0318672
0.23155
0.113888
0.216997
0.166887
0.801262
0.703633
0.0348026
0.298335
0.450565
0.237953
0.194786
0.151656
0.480018
0.354966
0.600034
0.360348
0.570544
0.079303
0.109063
0.187268
0.0152496
0.557972
0.141534
0.37252
0.0772074
0.0902501
0.373558
0.230345
0.567683
0.0873056
0.414845
0.64414
0.134746
0.0504664
0.0158555
0.373149
0.682831
0.733313
0.540275
0.0172481
0.298596
0.241405
0.34983
0.203391
0.382935
0.116396
0.0838591
0.595676
0.714596
0.149476
0.639738
0.0965097
0.00503993
0.0517286
0.232686
0.0027504
0.207424
0.0974884
0.0359865
0.425225
0.442606
0.727149
0.289666
0.212322
0.4259
0.518835
0.102555
0.22196
0.0224777
0.0947377
0.052977
0.138001
0.106977
0.807372
0.191771
0.00321495
0.293592
0.15704
0.0189616
0.0100225
0.269617
0.325627
0.3764
0.641358
0.00881672
0.563211
0.0251442
0.0315729
0.407406
0.420942
0.518192
0.664035
0.0909999
0.00641835
0.0132158
0.416665
0.244106
0.0025876
0.540584
0.0388417
0.553257
0.123133
0.143833
0.329194
0.430178
0.39879
0.114094
0.0234938
0.206966
0.534127
0.238211
0.0238447
0.378635
0.424253
0.500343
0.508037
0.387886
0.27357
0.68541
0.17393
0.499695
0.458591
0.626313
0.0618467
0.273995
0.210626
0.548269
0.552698
0.0203188
0.70803
0.393946
0.218788
0.664265
0.125358
0.546827
0.407496
0.0136465
0.0329811
0.0108038
0.516546
0.067141
0.367697
0.263057
0.232643
0.59791
0.738367
0.277797
0.469135
0.269765
0.0435452
0.0987983
0.00162055
0.00311767
0.00784151
0.529322
0.613098
0.00780067
0.0897651
0.109008
0.100857
0.603913
0.17948
0.00644494
0.294806
0.54673
0.546701
0.357373
0.60767
0.327759
0.615235
0.373113
0.304542
0.602615
0.014801
0.335407
0.64011
0.381305
0.0904845
0.497024
0.314789
0.62853
0.433908
0.0599923
0.235078
0.094821
0.103517
0.0710209
0.723082
0.00038811
0.6073
0.209901
0.511929
0.3562
0.303328
0.0364094
0.00187772
0.352138
0.363633
0.265809
0.335868
0.0708178
0.0289486
0.534513
0.0919631
0.191441
0.500939
0.162961
0.0852955
0.0667835
0.0316052
0.0419923
0.0260147
0.367252
0.0715127
0.0301535
0.41621
0.352771
0.476256
0.272101
0.065668
0.730916
0.0506611
0.0335932
0.011969
0.232506
0.455649
0.219865
0.306144
0.515965
0.479414
0.359655
0.533641
0.040173
0.40792
0.237121
0.365128
0.594308
0.13907
0.928606
0.523217
0.440616
0.0775148
0.747934
0.0182416
0.0531511
0.256558
0.731982
0.294462
0.243387
0.337099
0.437341
0.256547
0.493837
0.099223
0.059104
0.518889
0.390714
0.456893
0.807606
0.313202
0.0352918
0.614325
0.825959
0.0039462
0.670669
0.437864
0.780712
0.535473
0.796654
0.805724
0.473736
0.43535
0.272313
0.676814
0.337767
0.424315
0.00739646
0.310593
0.405359
0.754681
0.00778813
0.462692
0.645507
0.321703
0.457239
0.349476
0.00378931
0.297269
0.213179
0.343737
0.149969
0.0254116
0.382138
0.156357
0.673339
0.0683918
0.0282871
0.0760663
0.189671
0.541488
0.286963
0.691661
0.0168733
0.172582
0.51852
0.555756
0.733094
0.482614
0.29689
0.0838407
0.212911
0.00306079
0.150334
0.198311
0.202974
0.274973
0.18487
0.312429
0.489607
0.26336
0.367321
0.18866
0.585316
0.448541
0.331695
0.0532673
0.0191737
0.130956
0.0540876
0.333466
0.190749
0.329559
0.234932
0.414392
0.257585
0.451683
0.282606
0.148555
0.630862
0.589911
0.158651
0.662685
0.271938
0.328237
0.34755
0.488342
0.193119
0.442054
0.0173387
0.707401
0.022024
0.136346
0.39946
0.197568
0.732529
0.673383
0.607772
0.688935
0.0580325
0.308161
0.0157173
0.57538
0.255003
0.179606
0.563921
0.397852
0.192781
0.202309
0.336483
0.138116
0.0699456
0.269541
0.526264
0.0720124
0.567981
0.586469
0.494613
0.901775
0.0255026
0.140682
0.272429
0.416091
0.309292
0.00140148
0.664668
0.424718
0.43246
0.0229904
0.156826
0.109298
0.0739247
0.137121
0.178608
0.475465
0.593246
0.0194372
0.390254
0.191715
0.01983
0.14773
0.0349342
0.215926
0.643598
0.792632
0.378484
0.0331987
0.433006
0.411303
0.00215231
0.778478
0.0370441
0.242338
0.155761
0.00707285
0.0431101
0.438439
0.0398331
0.0390793
0.106912
0.276899
0.19042
0.132215
0.106727
0.114469
0.54823
0.342795
0.334498
0.00188541
0.0402558
0.0938241
0.535215
0.31133
0.301184
0.406804
0.27718
0.0168719
0.525819
0.0113524
0.0386042
0.136563
0.531174
0.0380129
0.339329
0.678696
0.141995
0.348052
0.0318317
0.030396
0.618293
0.689766
0.25232
0.00442485
0.00310875
0.250234
0.103451
0.00483732
0.133048
0.2981
0.324596
0.164444
0.0125682
0.269734
0.141215
0.243134
0.546802
0.661956
0.0900743
0.00666542
0.376006
0.414721
0.204543
0.562212
0.23464
0.640631
0.164527
0.476371
0.194806
0.175416
0.177454
0.474031
0.20295
0.0138421
0.503853
0.252134
0.736132
0.0622146
0.465586
0.251836
0.499593
0.443612
0.716489
0.571455
0.894013
0.319624
0.00196234
0.156821
0.57846
0.550348
0.0736814
0.0782575
0.134883
0.408756
0.824804
0.0177741
0.068777
0.770308
0.512904
0.285526
0.0448056
0.405652
0.710954
0.03373
0.00782057
0.154173
0.0869392
0.325611
0.556161
0.273548
0.270926
0.0468501
0.0209399
0.0186388
0.0217763
0.333726
0.180418
0.195179
0.597478
0.125362
0.13289
0.320842
0.00804432
0.0894345
0.585258
0.694881
0.535611
0.371901
0.259118
0.44288
0.0504635
0.0175387
0.207204
0.388735
0.553334
0.0209937
0.673419
0.346332
0.504536
0.18625
0.487341
0.218792
0.365992
0.0545806
0.295286
0.0902216
0.0506133
0.601944
0.0602752
0.431356
0.510456
0.0167241
0.190602
0.498188
0.0789299
0.072638
0.443178
0.611711
0.0359115
0.259779
0.0184247
0.2584
0.474679
0.434103
0.0702479
0.238149
0.0922168
0.174271
0.398218
0.0764076
0.182928
0.261478
0.00328432
0.546358
0.366262
0.00847512
0.138263
0.672652
0.314724
0.205286
0.0911363
0.267812
0.368445
0.43297
0.678837
0.0550757
0.518865
0.555755
0.263634
0.154101
0.399455
0.0787066
0.253538
0.06192
0.140894
0.126206
0.826646
0.0242616
0.196718
0.337694
0.398913
0.675606
0.237724
0.889334
0.000144149
0.301803
0.633345
0.30023
0.281708
0.305719
0.568132
0.478098
0.132769
0.572863
0.246268
0.263371
0.244244
0.566473
0.284709
0.796475
0.175992
0.0520439
0.0448217
0.4897
0.381418
0.175007
0.13634
0.517889
0.526259
0.552198
0.0128627
0.582809
0.447187
0.543166
0.414227
0.302695
0.104765
0.315853
0.306469
0.474464
0.304135
0.0926408
0.303087
0.289226
0.0168822
0.387856
0.0681253
0.279875
0.255399
0.164716
0.169812
0.00276384
0.11824
0.343422
0.0589544
0.180756
0.290293
0.340119
0.309962
0.0842759
0.057404
0.0267039
0.626025
0.616602
0.397172
0.510645
0.473811
0.375784
0.184453
0.440078
0.188578
0.477309
0.384298
0.518667
0.411117
0.18542
0.805009
0.391731
0.0243414
0.00156283
0.374393
0.0263653
0.0854359
0.0849491
0.035154
0.143858
0.501559
0.333397
0.00459602
0.355029
0.38652
0.48495
0.325101
0.296127
0.774905
0.30334
0.0378128
0.0339348
0.00118431
0.288807
0.635678
0.126902
0.740921
0.225982
0.522495
0.510567
0.0468333
0.0258617
0.485961
0.288355
0.452339
0.029618
0.5572
0.0990385
0.00110825
0.00106141
0.0906303
0.0389239
0.00580125
0.226683
0.0538491
0.577482
0.291316
0.506527
0.572399
0.0554197
0.108615
0.495087
0.514274
0.0222845
0.411187
0.584353
0.0806106
0.573323
0.034448
0.345523
0.604734
0.673858
0.0431001
0.0156287
0.0139478
0.288113
0.682621
0.674475
0.00162335
0.370986
0.11067
0.0563572
0.131539
0.265741
0.386232
0.297242
0.779045
0.292106
0.373419
0.075154
0.00994618
0.554043
0.561503
0.0703276
0.440896
0.424151
0.201323
0.422014
0.324299
0.350224
0.678948
0.218278
0.268053
0.380082
0.450233
0.396833
0.0184171
0.509598
0.754216
0.683923
0.0927711
0.85366
0.0389594
0.194704
0.417444
0.0867043
0.485001
0.495
0.712502
0.313499
0.409314
0.00452721
0.0737737
0.770427
0.415055
0.419248
0.105816
0.583559
0.260707
0.0788951
0.577567
0.00356045
0.146143
0.306936
0.285463
0.521289
0.606764
0.13206
0.00313168
0.348497
0.574502
0.267861
0.126984
0.121968
0.131918
0.126154
0.200759
0.0224303
0.0690086
0.385216
0.082533
0.282522
0.513685
0.0629518
0.0943085
0.00442047
0.272324
0.382863
0.00272216
0.603238
0.223244
0.0282731
0.465586
0.222798
0.0704782
0.202681
0.105327
0.58839
0.0845658
0.0185799
0.0435499
0.441248
0.0964927
0.0159618
0.326655
0.391085
0.323425
0.0233154
0.199409
0.0316079
0.306257
0.0876947
0.286779
0.299161
0.211248
0.444773
0.674405
0.362304
0.0567349
0.242254
0.0380276
0.348624
0.234865
0.560019
0.422241
0.341253
0.365463
0.0317583
0.335952
0.353789
0.0299487
0.364955
0.43719
0.24827
0.771743
0.00979389
0.218933
0.111121
0.414763
0.569897
3.04201e-05
0.808178
0.478608
0.680227
0.280435
0.355968
0.610463
0.323857
0.00133514
0.26289
0.314314
0.15038
0.810147
0.258001
0.0309863
0.790753
0.632116
0.00999583
0.0725699
0.671058
0.763379
0.0492049
0.318403
0.134118
0.208511
0.175574
0.00165527
0.11064
0.0706381
0.41904
0.191321
0.143925
0.436216
0.364285
0.433959
0.0187512
0.0121214
0.513246
0.0728206
0.729249
0.328602
0.575325
0.125339
0.320236
0.235886
0.0353046
0.28446
0.511115
0.0766107
0.0678284
0.575062
0.00745267
0.438181
0.455314
0.033307
0.320552
0.341939
0.45014
0.00476224
0.699578
0.282393
0.291497
0.308686
0.217253
0.140093
0.733485
0.149682
0.305211
0.506899
0.310227
0.44912
0.0824793
0.745365
0.464383
0.0226907
0.667748
0.255617
0.591492
0.298522
0.338472
0.0269153
0.438756
0.456534
0.0943296
0.266258
0.764469
0.470487
0.307519
0.153857
0.916722
0.168995
0.63384
0.618767
0.431442
0.622655
0.250538
0.555548
0.382428
0.148671
0.359621
0.376348
0.176507
0.270869
0.377878
0.00477189
0.107924
0.038257
0.730257
0.0394021
0.0456991
0.219995
0.0238809
0.258171
0.139137
0.295787
0.524797
0.518602
0.203745
0.424261
0.25782
0.693413
0.596744
0.092593
0.315929
0.139418
0.119348
0.305279
0.492366
0.469779
0.287514
0.223342
0.016467
0.582574
0.233791
0.605628
0.555884
0.185443
0.676511
0.264332
0.32458
0.295683
0.0191198
0.0573065
0.0048633
0.087455
0.268399
0.564762
0.477407
0.0237032
0.062903
0.00888983
0.721388
0.272645
0.498534
0.569058
0.113643
0.231342
0.135361
0.636075
0.130851
0.185129
0.74331
0.383804
0.340355
0.546242
0.314144
0.324259
0.282235
0.619912
0.400506
0.0730921
0.786936
0.130045
0.412571
0.661541
0.0440083
0.000643489
0.140539
0.845002
0.558307
0.360775
0.561577
0.448705
0.0489242
0.270645
0.509304
0.0134754
0.479324
0.147725
0.540749
0.338755
0.0103949
0.193067
0.470068
0.332269
0.3963
0.327261
0.458807
0.232623
0.316656
0.0122154
0.162151
0.0113168
0.0909259
0.518664
0.276481
0.84271
0.211265
0.48394
0.32414
0.0348769
0.311654
0.225984
0.148658
0.369741
0.0326246
0.00925941
0.688168
0.0202805
0.380916
0.391909
0.00466856
0.392838
0.38527
0.203183
0.748109
0.075551
0.303696
0.380148
0.302778
0.113868
0.210123
0.131815
0.0707036
0.272045
0.274851
0.259333
0.707957
0.0796369
0.272656
0.0045603
0.507007
0.0229795
0.280217
0.0303145
0.159758
0.673938
0.442685
0.348079
0.18628
0.562289
0.040641
0.420128
0.013035
0.0449947
0.29879
0.735384
0.675706
0.00748477
0.466185
0.417301
0.362078
0.408186
0.0364426
0.74861
0.0368523
0.532098
0.0827511
0.28007
0.273792
0.262913
0.0928372
0.0676404
0.0295521
0.211982
0.0401331
0.233153
0.173016
0.000861105
0.471879
0.0673041
0.601813
0.531903
0.278701
0.207081
0.211042
0.192919
0.150469
0.376981
0.015708
0.186945
0.167058
0.297326
0.0866384
0.0991403
0.223916
0.30224
0.00553354
0.261416
0.000355525
0.779155
0.158181
0.284487
0.410674
0.597594
0.222383
0.00796908
0.596009
0.28945
0.102013
0.58511
0.444844
0.00189121
0.0391762
0.216477
0.442794
0.145558
0.3626
0.00112148
0.33475
0.843076
0.1334
0.0481337
0.127855
0.776155
0.18849
0.365368
0.707019
0.608931
0.668473
0.181007
0.19397
0.000969075
0.295646
0.00298809
0.0291267
0.327415
0.584623
0.00567589
0.731152
0.473091
0.00315441
0.0365085
0.0324262
0.524673
0.325686
0.567421
0.751503
0.353185
0.250108
0.0382713
0.351949
0.743636
0.799631
0.517595
0.538705
0.2065
0.108397
0.229403
0.0105195
0.654896
0.165475
0.339032
0.523471
0.00218526
0.428716
0.0895225
0.249211
0.328217
0.29691
0.291153
0.0654485
0.534242
0.526791
0.338335
0.53748
0.241978
0.334316
0.00105243
0.436041
0.380446
0.632842
0.419685
0.112063
0.0284167
0.0786013
0.00164891
0.0123772
0.38868
0.608291
0.737505
0.565614
0.488029
0.433998
0.229337
0.424874
0.176999
0.454308
0.0757693
0.380141
0.142073
0.505633
0.140295
0.372639
0.426672
0.342926
0.600061
0.432782
0.234712
0.0317495
0.0287015
0.340043
0.172235
0.144934
0.162233
0.805627
0.003149
0.548264
0.218195
0.307475
0.440212
0.713794
0.620223
0.60519
0.0208681
0.131351
0.26408
0.566715
0.0293357
0.0983856
0.5096
0.334649
0.412458
0.392027
0.301934
0.0046055
0.00140736
0.689749
0.0998795
0.342725
0.168224
0.0504371
0.302687
0.422826
0.827135
0.306292
0.124527
0.767439
0.57059
0.220063
0.376323
0.246821
0.126861
0.565657
0.180748
0.55593
0.623078
0.169002
0.709525
0.176135
0.0180563
0.519286
0.668769
0.0831142
0.293072
0.425914
0.174256
0.0462706
0.878457
0.281513
0.587885
0.523413
0.0825608
0.384155
0.299099
0.58873
0.0956935
0.205774
0.475382
0.568981
0.125663
0.266814
0.503793
0.279204
0.353008
0.461607
0.131776
0.533473
0.269069
0.308555
0.206226
0.329314
0.21326
0.287416
0.610299
0.0272268
0.0419996
0.482959
0.428675
0.309352
0.470879
0.0453655
0.0109588
0.624753
0.10262
0.429373
0.265567
0.424109
0.0878733
0.273263
0.0863947
0.0148926
0.573689
0.0853958
0.592751
0.298769
0.213019
0.247493
0.388819
0.22758
0.282307
0.0674349
0.0275905
0.239431
0.586464
0.0204466
0.801161
0.0251855
0.483367
0.0100987
0.332582
0.481795
0.0492851
0.469851
0.537283
0.0391574
0.314393
0.246279
0.379028
0.0395368
0.285973
0.382702
0.0443059
0.294144
0.388969
0.288979
0.753041
0.414991
0.43499
0.529866
0.503628
0.113295
0.450799
0.312325
0.275309
0.0685096
0.388001
0.26864
0.038367
0.31748
0.11012
0.425269
0.179906
0.375174
0.330722
0.0242537
0.463198
0.0104981
0.0497492
0.01615
0.288668
0.669205
0.114294
0.0306763
0.00582417
0.0310278
0.602663
0.287253
0.0162418
0.00996028
0.532682
0.264707
0.436963
0.00222879
0.129348
0.123337
0.399823
0.404946
0.404561
0.219826
0.724511
0.0110959
0.142583
0.0676966
0.28092
0.533131
0.0993313
0.446958
0.378785
0.313877
0.106397
0.216156
0.386103
0.0935726
0.498651
0.0632665
0.448423
0.163636
0.125298
0.587179
0.42616
0.402659
0.0647475
0.671684
0.0135252
0.570623
0.298874
0.623461
0.329601
0.271083
0.322863
0.0824306
0.235094
0.216226
0.196382
0.0670684
0.699657
0.357458
0.594649
0.00889993
0.709187
0.771282
0.357168
0.224838
0.750817
0.48665
0.514564
0.649459
0.0504183
0.416636
0.477313
0.33567
0.585065
0.261587
0.0932691
0.370357
0.0109163
0.0585411
0.0189467
0.863584
0.202645
0.666889
0.00794523
0.0835021
0.0114698
0.198454
0.182977
0.670319
0.336666
0.636268
0.203259
0.0140219
0.711189
0.361107
0.289432
0.386417
0.703686
0.244578
0.0388948
0.789304
0.00416899
0.39384
0.0740068
0.407309
0.0174867
0.3424
0.709653
0.433334
0.157859
0.01936
0.24186
0.121836
0.112066
0.50321
0.00741508
0.326029
0.00861548
0.122272
0.304569
0.205384
0.0773119
0.34563
0.337029
0.204619
0.118628
0.131205
0.0820732
0.00659272
0.294749
0.0173937
0.59508
0.329949
0.513396
0.290852
0.00365427
0.213904
0.263787
0.35373
0.138002
0.643469
0.630777
0.51569
0.302026
0.233431
0.0762572
0.154571
0.387703
0.564182
0.293385
0.046854
0.129101
0.00427906
0.203001
0.380373
0.541014
0.0876448
0.404274
0.489626
0.171588
0.252859
0.156652
0.0271468
0.272218
0.0670087
0.0213456
0.356429
0.00320305
0.304063
0.391604
0.340773
0.584725
0.0166875
0.411322
0.0400083
0.734815
0.0669451
0.318716
0.625302
0.0576516
0.506875
0.6319
0.277846
0.00376688
0.0472906
0.0317077
0.0563641
0.327332
0.760528
0.161693
0.838228
0.0212532
0.183717
0.443413
0.0349563
0.00646766
0.252355
0.312002
0.00531647
0.479521
0.207558
0.510227
0.508433
0.78246
0.461111
0.288086
0.0643871
0.513421
0.387026
0.441109
0.512374
0.0422628
0.720084
0.698651
0.0333054
0.119914
0.0547216
0.0253578
0.449003
0.359708
0.69161
0.201086
0.276897
0.520343
0.103395
0.465177
0.0050235
0.00907831
0.285291
0.577716
0.318626
0.165979
0.220688
0.517818
0.00557418
0.179393
0.0261637
0.25395
0.716573
0.553137
0.272867
0.125694
0.496016
0.0932495
0.42946
0.0280973
0.462507
0.284116
0.32732
0.177106
0.440939
0.478347
0.0624989
0.553401
0.11466
0.0903984
0.683784
0.390041
0.0144315
0.612717
0.552652
0.433591
0.633462
0.219164
0.279496
0.330555
0.382656
0.00193205
0.568101
0.0035622
0.159372
0.646187
0.0234437
0.163808
0.162244
0.268075
0.371398
0.334431
0.184398
0.215898
0.173455
0.326078
0.0326493
0.722408
0.442909
0.253568
0.0623351
0.164758
0.160204
0.427755
0.108367
0.405992
0.778653
0.256431
0.165116
0.364731
0.522833
0.135134
0.0175164
0.177924
0.247738
0.000559263
0.343104
0.10145
0.0172768
0.687557
0.0622946
0.343589
0.475345
0.295432
0.323104
0.443896
0.0442276
0.724664
0.322583
0.111201
0.0649041
0.514587
0.212864
0.306841
0.11828
0.562774
0.254904
0.262104
0.726153
0.298154
0.524963
0.251516
0.222959
0.0711797
0.22979
0.542421
0.0272077
0.198382
0.00839261
0.211598
0.247056
0.217139
0.738308
0.354418
0.0247858
0.272417
0.0646873
0.0113468
0.224807
0.00489913
0.0184366
0.00759591
0.166282
0.000189228
0.330861
0.095733
0.000243268
0.375841
0.041755
0.228656
0.563555
0.395691
0.140412
0.073595
0.810448
0.0901359
0.208843
0.315751
0.740275
0.00797083
0.0202137
0.274706
0.549406
0.0652782
0.582566
0.447399
0.0147772
0.448228
0.770402
0.184788
0.281171
0.660626
0.174421
0.35681
0.346061
0.193498
0.00068922
0.00911687
0.00308689
0.610284
0.601157
0.118099
0.000697678
0.041003
0.00311425
0.669796
0.454926
0.14754
0.0883072
0.820561
0.41679
0.0304313
0.744624
0.00299144
0.289164
0.306299
0.303027
0.0999694
0.306057
0.209704
0.030433
0.295752
0.451486
0.301815
0.00741399
0.684037
0.186744
0.100482
0.163014
0.650531
0.295902
0.258434
0.322755
0.0250581
0.355438
0.0773966
0.490816
0.174529
0.815221
0.000144679
0.171975
0.229752
0.175832
0.261793
0.738379
0.643504
0.39495
0.00136558
0.346433
0.667068
0.517565
0.0537521
0.0829045
0.280724
0.146413
0.15542
0.317085
0.161028
0.158506
0.830945
0.783496
0.00475738
0.464355
0.472075
0.0474831
0.0773962
0.236991
0.75282
0.284303
0.219847
0.203883
0.0345138
0.501752
0.00379562
0.17512
0.172651
0.00857512
0.140272
0.583518
0.0577423
0.466202
0.657778
0.281766
0.323219
0.317661
0.0834471
0.0450873
0.63364
0.276665
0.317872
0.299256
0.11928
0.17889
0.0535902
0.0347019
0.585614
0.173752
0.155242
0.310472
0.394429
0.0030765
0.0524392
0.0183818
0.00652695
0.669824
0.0160139
0.627729
0.790873
0.638463
0.00339877
0.0344484
0.195675
0.228114
0.170055
0.000238302
0.0039369
0.0054893
0.323741
0.663042
0.0528808
0.211606
0.446966
0.696163
0.509636
0.359413
0.25554
0.598886
0.647116
0.00955574
0.395735
0.038088
0.0815762
0.664326
0.298993
0.0256812
0.241084
0.00824371
0.0684394
0.508471
0.196753
0.733169
9.93675e-05
0.293991
0.391546
0.252323
0.028971
0.593351
0.0527943
0.0458886
0.472094
0.34455
0.05414
0.435913
0.117608
0.0576312
0.309921
0.0226013
0.236988
0.410634
0.0767201
0.465307
0.681774
0.210514
0.186285
0.691982
0.132537
0.117774
0.168336
0.703961
0.370012
0.602347
0.25166
0.290661
0.387709
0.144989
0.222736
0.0758349
0.436577
0.109029
0.462262
0.237017
0.459166
0.619514
0.422071
0.657782
0.376742
0.426436
0.0216892
0.390257
0.403009
0.0364428
0.159537
0.598412
0.0905411
0.00257835
0.0144737
0.588448
0.690147
0.70275
0.202124
0.130559
0.0224273
0.0101952
0.19978
0.378314
0.602112
0.456614
0.181119
0.0463478
0.606315
0.381014
0.256023
0.385467
0.000432403
0.0898407
0.211953
0.00299675
0.709415
0.165175
0.210156
0.0257196
0.677611
0.436904
0.257298
0.668587
0.286167
0.538233
0.641734
0.120426
0.0797386
0.0196377
0.149872
0.584306
0.29132
0.473196
0.498344
0.327176
0.668494
0.0124118
0.506632
0.206978
0.149621
0.345211
0.677286
0.437062
0.461585
0.162868
0.00657045
0.269269
0.324501
0.318801
0.171329
0.00104832
0.411486
0.210211
0.0708834
0.203835
0.00281397
0.56888
0.117583
0.304351
0.409338
0.0736814
0.259774
0.405569
0.043083
0.0479003
0.00826985
0.800644
0.45983
0.0646374
0.532094
0.242362
0.161682
0.66082
0.39393
0.382429
0.0604916
0.12068
0.345092
0.143349
0.255195
0.0211856
0.299203
0.275999
0.472596
0.00976817
0.481233
0.0222085
0.142084
0.280124
0.210511
0.418313
0.0630399
0.219139
0.363763
0.183725
0.297669
0.197674
0.316857
0.542325
0.355589
0.00491006
0.3995
0.312853
0.011747
0.807887
0.016665
0.0960068
0.417781
0.305716
0.342199
0.109458
0.317685
0.116798
0.439326
0.533835
0.228226
0.00130566
0.191484
0.224283
0.129937
0.528241
0.543709
0.0779979
0.0713658
0.0797791
0.524681
0.0342722
0.0589104
0.120398
0.473536
0.139642
0.114641
0.360896
0.0391074
0.146864
0.519758
0.16358
0.2943
0.177117
0.00138353
0.397061
0.621887
0.335287
0.533481
0.121823
0.371094
0.0379088
0.278278
0.0111022
0.687473
0.346533
0.0672937
0.308358
0.291774
0.302464
0.638787
0.486116
0.0368238
0.426032
0.0595298
0.0109227
0.161104
0.0275786
0.611952
0.222349
0.600556
0.463402
0.214972
0.0335116
0.00353086
0.624769
0.1167
0.250766
0.478344
0.578451
0.700721
0.249542
0.376859
0.561156
0.115703
0.173149
0.0459982
0.303603
0.331152
0.0407129
0.732138
0.516791
0.340088
0.00811232
0.452515
0.358642
0.45495
0.0587832
0.317392
0.426252
0.0179993
0.00577235
0.246709
0.646592
0.538973
0.40378
0.4091
0.154768
0.272006
0.198246
0.191972
0.113003
0.268625
0.721591
0.315655
0.305987
0.467358
0.0757273
0.0035741
0.0499523
0.0553411
0.429363
0.31378
0.0281125
0.526653
0.0377427
0.0100277
0.0147986
0.338457
0.176271
0.223847
0.0272287
0.137089
0.0848752
0.756176
0.0147537
0.189443
0.334303
0.278787
0.682418
0.46104
0.38979
0.351866
0.309828
0.45233
0.523814
0.369597
0.0476179
0.196623
0.154781
0.286909
0.312766
0.123135
0.0840224
0.33349
0.0388566
0.153796
0.552418
0.712155
0.229684
0.244727
0.294054
0.154745
0.000356283
0.614475
0.143356
0.418043
0.748161
0.600757
0.366113
0.596803
0.0596552
0.17077
0.13345
0.165565
0.0590525
0.292658
0.297383
4.19828e-05
0.284016
0.379699
0.0167422
0.387747
0.00337242
0.243064
0.116412
0.419065
0.458692
0.653941
0.00600873
0.315081
0.216869
0.317738
0.222513
0.983419
0.261244
0.192225
0.227414
0.0730582
0.617837
0.106984
0.558487
0.577366
0.000352116
0.890454
0.0419581
0.0177213
0.347178
0.0964087
0.760176
0.700507
0.032985
0.748998
0.285714
0.235803
0.0925139
0.0534185
0.227279
0.251515
0.0543967
0.13364
0.329137
0.384586
0.200147
0.260037
0.23795
0.541466
0.329365
0.0730429
0.505565
0.263781
0.22637
0.158645
0.243713
0.392241
0.211152
0.644716
0.0387877
0.311985
0.056518
0.705071
0.335878
0.434311
0.679829
0.0468176
0.443735
0.0436196
0.205848
0.218338
0.292643
0.0628409
0.444935
0.103051
0.440354
0.611212
0.0828128
0.0920627
0.458636
0.0916796
0.617393
0.588472
0.465559
0.0726644
0.34326
0.217813
0.0249591
0.773547
0.17589
0.740095
0.773528
0.0223225
0.414568
0.861196
0.416528
0.333403
0.000523906
0.391117
0.670406
0.0786921
0.0339218
0.532522
0.259336
0.76936
0.678299
0.419651
0.489684
0.27918
0.191215
0.310043
0.459565
0.24225
0.724901
0.523873
0.72906
0.24978
0.449277
0.0771036
0.140715
0.0158593
0.197494
0.150369
0.564643
0.30517
0.452332
0.237033
0.103285
0.16358
0.267672
0.411177
0.45469
0.161963
0.0804023
0.299132
0.631214
0.252228
0.0343414
0.701227
0.493285
0.558002
0.357272
0.433895
0.0268854
0.401812
0.0757974
0.0193981
0.759333
0.000243151
0.0794774
0.0653846
0.253627
0.716278
0.701595
0.619194
0.41731
0.00215159
0.167101
0.00441123
0.539308
0.359631
0.355194
0.819262
0.00464637
0.227234
0.313855
0.497932
0.0954701
0.569921
0.0124317
0.218159
0.47191
0.0152023
0.587527
0.507058
0.507918
0.580609
0.100936
0.342603
0.208166
0.220889
0.0268766
0.0797138
0.237309
0.586153
0.170732
0.0886072
0.377244
0.527915
0.483545
0.290384
0.656131
0.0215815
0.112357
0.12082
0.326417
0.204931
0.00295409
0.170406
0.0186943
0.403973
0.158677
0.554216
0.51375
0.0734823
0.018444
0.408888
0.167893
0.0338831
0.682834
0.529049
0.366494
0.35752
0.0691785
0.621518
0.51571
0.0922687
0.186664
0.463924
0.162809
0.378533
0.0254061
0.472338
0.788214
0.347282
0.834517
0.108741
0.366455
0.298928
0.0417003
0.240277
0.00339701
0.171045
0.486365
0.0983928
0.465361
0.408655
0.0502123
0.642018
0.30284
0.656282
0.639465
0.296424
0.306336
0.721313
0.200708
0.420187
0.798368
0.248982
0.139113
0.201705
0.574466
0.789843
0.852766
0.766467
0.159615
0.615913
0.0190318
0.0585618
0.598457
0.287404
0.493957
0.0398263
0.0735289
0.363423
0.394222
0.735947
0.0121328
0.415976
0.69487
0.584328
0.451426
0.332662
0.0111918
0.711207
0.0571908
0.586993
0.518911
0.497155
0.455458
0.327155
0.587062
0.456692
0.237866
0.841623
0.0311114
0.0487418
0.392517
0.560516
0.284463
0.359682
0.331172
0.383297
0.495731
0.181938
0.394662
0.0794145
0.00861422
0.404661
0.116136
0.00314463
0.0501065
0.198447
0.289784
0.653264
0.0609905
0.710188
0.0728025
0.494791
0.0703779
0.721434
0.367696
0.00037594
0.078032
0.233817
0.598664
0.294203
0.335686
0.15514
0.282042
0.0532674
0.107283
0.559728
0.289478
0.0927232
0.294427
0.279644
0.00053421
0.158423
0.616548
0.281267
0.177333
0.635615
0.00631621
0.0266812
0.41445
0.0314252
0.0925269
0.50818
0.185939
0.375492
0.257228
0.269667
0.853179
0.0405716
0.243072
0.592142
0.391273
0.375804
0.0172062
0.247925
0.136558
0.570847
0.320123
0.364836
0.28642
0.0646752
0.0994121
0.219458
0.235611
0.671865
0.036101
0.00128299
0.524335
0.46066
0.0187506
0.567562
0.353178
0.515446
0.114397
0.544313
0.105173
0.150363
0.0711512
0.480518
0.164708
0.448741
0.00654321
0.0488317
0.469505
0.0139994
0.187106
0.0125154
0.115118
0.0279371
0.312067
0.65864
0.110839
0.258491
0.205355
0.673766
0.337786
0.373135
0.173006
0.677777
0.334098
0.773231
0.0350644
0.288278
0.0175126
0.0409477
0.225902
0.23192
0.341177
0.174679
0.0703673
0.489529
0.134554
0.340036
0.121648
0.519525
0.310931
0.377606
0.100837
0.573789
0.144726
0.694389
0.0424977
0.514162
0.592367
0.325788
0.509168
0.576265
0.097932
0.378333
0.129139
0.449704
0.730026
0.0208178
0.246996
0.0124812
0.310521
0.216807
0.0025003
0.733828
0.535669
0.41365
0.1535
0.0394151
0.0266483
0.231318
0.461973
0.266686
0.201703
0.560176
0.17882
0.409735
0.424753
0.43835
0.617823
0.296673
0.685461
0.130919
0.0886522
0.240977
0.195774
0.0996413
0.240871
0.626879
0.466444
0.377022
0.636049
0.625951
0.334952
0.150417
0.226205
0.15313
0.38605
0.162376
0.49689
0.669899
0.744697
0.29737
0.0205179
0.193865
0.218945
0.46974
0.371414
0.0370958
0.347376
0.188208
0.714408
0.551644
0.149562
0.165935
0.122453
0.149462
0.264206
0.4201
0.488315
0.376464
0.000743712
0.0520261
0.740147
0.183474
0.139502
0.127192
0.433444
0.57829
0.447969
0.246712
0.607006
0.0235694
0.506602
0.262806
0.171062
0.545909
0.179089
0.0981522
0.40371
0.0126898
0.716355
0.62973
0.338497
0.307685
0.0142023
0.137533
0.240787
0.798444
0.502317
0.207651
0.164752
0.517504
0.247942
0.498485
0.740237
0.139934
0.202253
0.484918
0.273115
0.305532
0.0898649
0.155693
0.521321
0.00947198
0.219168
0.381464
0.257188
0.335399
0.779744
0.156806
0.632833
0.617884
0.356383
0.00273282
0.461696
0.367527
0.673799
0.33665
0.311869
0.275951
0.0851493
0.348101
0.300297
0.0762389
0.0153408
0.238294
0.54689
0.300421
0.0141031
0.658601
0.182843
0.00272125
0.271475
0.8449
0.417427
0.275576
0.0138955
0.647065
0.597682
0.566109
0.584505
0.0293993
0.648302
0.133516
0.404096
0.239705
0.133041
0.43808
0.0147794
0.318488
0.549636
0.123693
0.0330439
0.145871
0.0174747
0.315256
0.0190191
0.0386159
0.0445332
0.0482431
0.693783
0.0549571
0.713285
0.313943
0.0880124
0.358136
0.0981109
0.21752
0.52887
0.686849
0.663645
0.02216
0.359295
0.204737
0.534331
0.524209
0.633638
0.49624
0.00186442
0.323061
0.14179
0.399244
0.275634
0.610574
0.692684
0.305127
0.00308616
0.910837
0.00167655
0.0437296
0.361812
0.391526
0.773467
0.328471
0.309759
0.519469
0.292663
0.234587
0.0520905
0.766659
0.364631
0.208127
0.277162
0.658455
0.00716964
0.0653341
0.502585
0.328919
0.391263
0.411813
0.0199732
0.209333
0.0681123
0.259371
0.330644
0.017385
0.283915
0.713514
0.287259
0.295639
0.711327
0.569332
0.628853
0.00497992
0.301367
0.493892
0.0122694
0.638547
0.597802
0.311236
0.313729
0.601396
0.149148
0.64004
0.448261
0.500199
0.260513
0.819628
0.273881
0.00193116
0.385077
0.58215
0.111489
0.193161
0.0640077
0.618796
0.332244
0.0902833
0.140224
0.0542653
0.278722
0.229164
0.270861
0.0793649
0.0871652
0.0703351
0.0841843
0.605525
0.373388
0.325682
0.0941998
0.115511
0.016372
0.0208727
0.131193
0.462109
0.351535
0.44442
0.000562778
0.00458122
0.716719
0.405153
0.0575428
0.0384328
0.345609
0.567532
0.475862
0.591445
0.519381
0.350981
0.351757
0.011385
0.480975
0.000148163
0.132321
0.0265448
0.265796
0.627109
0.08269
0.45015
0.000149691
0.0728278
0.642227
0.369664
0.00283227
0.620697
0.791987
0.529294
0.737804
0.705825
0.234714
0.0622972
0.674257
0.571825
0.00430412
0.168532
0.338621
0.437648
0.102708
0.122995
0.014751
0.383065
0.337766
0.485947
0.132023
0.66971
0.722449
0.544691
0.0610267
0.563651
0.011781
0.851486
0.035875
0.0760661
0.231049
0.362247
0.186203
0.0926189
0.00721294
0.00510039
0.23682
0.554531
0.239967
0.064294
0.000519189
0.426579
0.531613
0.163267
0.450934
0.26803
0.186499
0.162677
0.298593
0.24576
0.0952427
0.0303147
0.0441323
0.0404474
0.310933
0.00470587
0.351658
0.0799432
0.30888
0.0087057
0.159667
0.274642
0.681304
0.192496
0.132212
0.0112222
0.247928
0.621867
0.310493
0.247231
0.275594
0.60698
0.153593
0.0634785
0.654224
0.686875
0.155964
0.388207
0.360068
0.215335
0.0821863
0.027835
0.0294084
0.284218
0.30373
0.0882732
0.290791
0.014127
0.567061
0.153973
0.467729
0.510925
0.125935
0.23343
0.42341
0.482614
0.0829275
0.277846
0.300169
0.563691
0.084035
0.442807
0.37306
0.471235
0.424557
0.276904
0.504342
0.00299661
0.493609
0.329663
0.0777512
0.0811864
0.668612
0.364312
0.319835
0.393656
0.208889
0.165617
0.32763
0.285706
0.194948
0.164035
0.249081
0.403228
0.458914
0.444898
0.386574
0.0120285
0.00749427
0.630565
0.482612
0.681601
0.575934
0.285583
0.250881
0.283309
0.630116
0.119664
0.496114
0.283273
0.0135584
0.0676233
0.30516
0.320656
0.434153
0.0891831
0.130967
0.165756
0.140668
0.0300446
0.39763
0.00210591
0.478591
0.526038
0.0012128
0.0531789
0.0401942
0.316871
0.281049
0.209684
0.228976
0.118419
0.273765
0.484382
0.348663
0.335839
0.254984
0.188188
0.651288
0.324331
0.152156
0.427916
0.794061
0.0285367
0.0123064
0.0372612
0.000112414
0.0133591
0.269305
0.421818
0.137445
0.563543
0.150965
0.406703
0.353441
0.327346
0.134681
0.72666
0.0500447
0.000299955
0.0282174
0.576264
0.419238
0.566947
0.180976
0.0640632
0.326432
0.550865
0.422625
0.107802
0.0617946
0.0198153
0.69579
0.00392063
0.474028
0.296403
0.01732
0.391495
0.607
0.0733035
0.323857
0.0923519
0.586724
0.26579
0.244826
0.0565142
0.112088
0.468725
0.267866
0.269302
0.19466
0.286762
0.0796306
0.367993
0.0750697
0.345336
0.34364
0.341384
0.565715
0.328368
0.603217
0.237796
0.0546836
0.172137
0.437061
0.293338
0.115011
0.00304489
0.426541
0.0216193
0.300237
0.50258
0.309503
0.267137
0.00459234
0.132507
0.00569585
0.000421682
0.0172199
0.478244
0.110824
0.288345
0.560573
0.44709
0.806651
0.594064
0.218855
0.522372
0.1087
0.163732
0.0110224
0.00913312
0.0286531
0.266479
0.00843538
0.19233
0.127813
0.0076824
0.0425941
0.111366
0.545244
0.0326043
0.216009
0.365968
0.00926361
0.259948
0.220289
0.0873084
0.31316
0.366254
0.505048
0.844651
0.231727
0.457875
0.0910139
0.235116
0.397548
0.178388
0.565478
0.341138
0.807005
0.374149
0.414866
0.0103768
0.436854
0.646256
0.53351
0.0620656
0.119649
0.320046
0.136056
0.047807
0.557965
0.314858
0.00544564
0.0495122
0.440717
0.221934
0.0299267
0.0239271
0.239469
0.433686
0.0931568
0.54433
0.0487503
0.490296
0.311454
0.419971
0.489781
0.381104
0.334383
0.00307361
0.291465
0.489655
0.216182
0.189681
0.266241
0.469597
0.188941
0.290064
0.129227
0.0997138
0.489321
0.550686
0.29721
0.115818
0.232122
0.00605221
0.476018
0.254562
0.0665534
0.24085
0.574511
0.0945302
0.0596403
0.439844
0.553131
0.787131
0.354582
0.0214973
0.0140122
0.110986
0.291109
0.339299
0.138595
0.1622
0.298417
0.38743
0.172497
0.623768
0.28105
0.319783
0.155853
0.19031
0.0248658
0.651061
0.569265
0.246864
0.500732
0.120031
0.641727
0.0598531
0.260946
0.117904
0.444558
0.174555
0.273849
0.0830157
0.114729
0.174416
0.309431
0.711512
0.538649
0.363837
0.462695
0.0598755
0.334506
0.625991
0.0615418
0.391287
0.17483
0.100522
0.133415
0.10756
0.117096
0.740345
0.639423
0.141581
0.0121051
0.336635
0.135403
0.291941
0.919361
0.393721
0.0282743
0.00335231
0.667473
0.137926
0.183026
0.0948675
0.277608
0.52261
0.392582
0.500242
0.0747858
0.760235
0.267603
0.386591
0.764427
0.0540415
0.738793
0.0777611
0.176393
0.0819135
0.622021
0.249217
0.484227
0.375313
0.57578
0.0378216
0.0753824
0.658051
0.0556805
0.619906
0.821858
0.714575
0.435257
0.0691897
0.00260616
0.155167
0.605477
0.74786
0.565657
0.139812
0.0894147
0.389199
0.536451
0.104024
0.305099
0.690142
0.404352
0.019915
0.0275441
0.0192261
0.194538
0.0617554
0.0545138
0.0900314
0.64551
0.32821
0.000756626
0.386724
0.465651
0.307517
0.038915
0.091027
0.467351
0.336998
0.0450371
0.62054
0.122411
0.554576
0.10223
0.0740797
0.0286142
0.0137843
0.289674
0.0155663
0.00595569
0.286206
0.575659
0.0945518
0.339283
0.440599
0.00627362
0.0558693
0.0513126
0.330185
0.481339
0.0867352
0.0693124
0.624846
0.0141806
0.306167
0.678834
0.530993
0.304986
0.362352
0.398952
0.130858
0.752292
0.515064
0.573891
0.0119488
0.248998
0.409933
0.621519
0.386421
0.0273903
0.0382633
0.597126
0.319686
0.395833
0.855714
0.0206765
0.529997
0.130687
0.446761
0.129667
0.467662
0.572601
0.0170532
0.0288541
0.00273006
0.410602
0.672575
0.490042
0.0533056
0.524877
0.392322
0.405983
0.143842
0.45309
0.56929
0.179244
0.00270278
0.63972
0.386132
0.018163
0.0138983
0.152975
0.354924
0.0699258
0.0130582
0.0716706
0.177667
0.0404056
0.0224134
0.204694
0.463259
0.377516
0.771427
0.239422
0.25389
0.0635593
0.156449
0.316121
0.508685
0.0437318
0.178843
0.0464502
0.00449832
0.420906
0.209541
0.00768201
0.254378
0.748482
0.0104641
0.669624
0.00452997
0.486834
0.482951
0.317903
0.0650426
0.354408
0.0525071
0.269397
0.0547493
0.690237
0.652557
0.507879
0.0285641
0.297943
0.165424
0.0108638
0.46189
0.544508
0.726266
0.337272
0.180145
0.00300934
0.47651
0.546835
0.0799966
0.804065
0.0879554
0.154104
0.00962212
0.457391
0.227293
0.184654
0.476059
0.0553991
0.286692
0.0216141
0.152179
0.33092
0.276544
0.0977314
0.0795992
0.0272468
0.130527
0.251586
0.680149
0.0758716
0.239261
0.481883
0.0819197
0.0835118
0.00104597
0.749951
0.377144
0.222134
2.82391e-05
0.142482
0.595983
0.263886
0.242305
0.711852
0.149964
0.00490126
0.186817
0.558059
0.327657
0.516037
0.220174
0.385051
0.00132257
0.43131
0.270094
0.217126
0.528336
0.0480283
0.452782
0.243334
0.0376484
0.00872774
0.0255831
0.565359
0.0422865
0.124871
0.437102
0.6605
0.151528
0.0199048
0.0843923
0.373443
0.0196449
0.74794
0.419148
0.183119
0.208968
0.476025
0.0975619
0.0802093
0.284199
0.735457
0.0619935
0.200617
0.536673
0.639859
0.784076
0.482145
0.0143525
0.678383
0.151078
0.0662269
0.775243
0.306757
0.00975259
0.109775
0.293593
0.297097
0.00367029
0.0166193
0.251398
0.371821
0.539972
0.0321372
0.33122
0.35853
0.0335348
0.357939
0.0272784
0.0252762
0.144367
0.324244
0.0226869
0.491828
0.0356014
0.520133
0.283127
0.718121
0.0166031
0.0731126
0.496464
0.171983
0.00461555
0.270847
0.0922987
0.00155486
0.596272
0.644134
0.56196
0.182767
0.046597
0.0369281
0.736238
0.372274
0.417657
0.294564
0.095701
0.0874229
0.0853352
0.500266
0.343343
0.0720045
0.0571016
0.243653
0.125421
0.499968
0.767863
0.0386114
0.295948
0.13573
0.0648357
0.214088
0.0712664
0.360411
0.00934767
0.393349
0.719504
0.0377716
0.6625
0.170094
0.188223
0.100278
0.0487812
0.376456
0.0465234
0.00758239
0.186038
0.373597
0.125935
0.0329203
0.307995
0.317217
0.227324
0.17385
0.753538
0.00803699
0.456519
0.282166
0.0179201
0.338546
0.0580927
0.538267
0.0518659
0.709697
0.367686
0.781559
0.248728
0.427082
0.476461
0.685842
0.216089
0.436338
0.0528169
0.304188
0.134742
0.351735
0.296923
0.517315
0.104016
0.258285
0.397302
0.560033
0.643911
0.0187023
0.0152317
0.490782
0.279449
0.570651
0.00365266
0.482316
0.377544
0.257985
0.16752
0.290166
0.737443
0.586352
0.299437
0.628422
0.429747
0.0172465
0.0669233
0.350334
0.622384
0.0449358
0.241532
0.258252
0.481721
0.0187594
0.0995557
0.183214
0.251165
0.193758
0.596052
0.575971
0.132345
0.504606
0.593372
0.552329
0.42292
0.364693
0.277825
0.527963
0.0419553
0.00383025
0.348535
0.681225
0.250316
0.239977
0.255357
0.00438356
0.463
0.0136885
0.136469
0.0852855
0.787318
0.0205624
0.636084
0.282962
0.0304153
0.535501
0.318613
0.305348
0.376643
0.595734
0.206362
0.317833
0.631787
0.04981
0.00946196
0.635628
0.327737
0.579316
0.436227
0.345327
0.379446
0.450753
0.268439
0.139928
0.244575
0.37099
0.0921877
0.757157
0.00774779
0.0178229
0.712593
0.0706526
0.0822655
0.485538
0.275429
0.375498
0.458577
0.0473602
0.660866
0.00379134
0.00547563
0.458317
0.392955
0.212373
0.394989
0.142847
0.277465
0.561743
0.229546
0.657048
0.367431
0.185188
0.000670589
0.578103
0.304919
0.547791
0.0308487
0.406955
0.480046
0.214069
0.294862
0.285464
0.33087
0.01638
0.343159
0.455023
0.643744
0.0325479
0.54663
0.0807018
0.38402
0.219908
0.244195
0.0242522
0.569689
0.378461
0.186411
0.357972
0.0385528
0.564112
0.258587
0.0788703
0.750938
0.436537
0.710306
0.772263
0.410058
0.1266
0.759981
0.156318
0.708916
0.00593939
0.817436
0.34951
0.467899
0.248986
0.346743
0.226746
0.0378909
0.581264
0.745782
0.332362
0.072395
0.286118
0.642358
0.726992
0.510708
0.297381
0.0333305
0.323223
0.461022
0.293363
0.493178
0.399541
0.474205
0.298056
0.000442456
0.685701
0.364541
0.11563
0.198498
0.0452571
0.830723
0.171659
0.343532
0.625968
0.022185
0.800647
0.605731
0.573251
0.017099
0.279566
0.467518
0.184218
0.240517
0.0220637
0.0656899
0.805293
0.0409835
0.166466
0.00348468
0.00580537
0.407868
0.472013
0.71139
0.614127
0.0135652
0.225202
0.522679
0.657813
0.584643
0.544883
0.874449
0.434077
0.217753
0.22078
0.148739
0.000158426
0.333406
0.493893
0.264061
0.000247998
0.304778
0.368667
0.202439
0.270991
0.61503
0.0127312
0.20187
0.783168
0.0675437
0.309064
0.000218459
0.556904
0.0878285
0.774774
0.262436
0.0757568
0.00938619
0.486439
0.0110018
0.00318382
0.0392715
0.380364
0.0268847
0.293566
0.00374917
0.0683245
0.477764
0.23641
0.671856
0.456436
0.10945
0.877365
0.541718
0.583677
0.0179122
0.0719893
0.80127
0.0863671
0.288847
0.00724069
0.410366
0.19992
0.464969
0.165703
0.0257659
0.262773
0.646734
0.238762
0.424431
0.368353
0.293503
0.0032315
0.152388
0.318954
0.566427
0.00212101
0.00294461
0.0881316
0.012366
0.224311
0.299875
0.131739
0.652453
0.333313