0.00324457
0.452321
0.298946
0.0261182
0.351774
0.176099
0.593546
0.178042
0.180904
0.078477
0.297639
0.0689082
0.622322
0.300488
0.267565
0.163562
0.199224
0.683942
0.0382769
0.0326084
0.813915
0.019507
0.178703
0.0662097
0.0270097
0.277626
0.362269
0.266297
0.0850844
0.0206519
0.285924
0.380846
0.55198
0.323332
0.127536
0.576732
0.0462166
0.252303
0.0697744
0.246504
0.198748
0.00141196
0.387539
0.0136724
0.0393518
0.229017
0.124247
0.43433
0.113186
0.105569
0.451164
0.323448
0.715106
0.139557
0.136329
0.194977
0.29564
0.676752
0.602449
0.25021
0.242583
0.322455
0.634218
0.710148
0.165428
0.0231881
0.127081
0.30917
0.153852
0.68808
0.39962
0.13866
0.279497
0.0403558
0.268463
0.0376157
0.131149
0.129684
0.284293
0.12336
0.376984
0.277699
0.00164568
0.554431
0.233448
0.742271
0.669995
0.66777
0.580206
0.0164857
0.0206309
0.595149
0.166929
0.111107
0.0279311
0.1833
0.131588
0.0328159
0.017616
0.828223
0.320743
0.659319
0.333144
0.00299487
0.0135618
0.0337809
0.542785
0.0166607
0.485888
0.186957
0.231967
0.0121245
0.040133
0.0308433
0.024343
0.47604
0.0862581
0.179732
0.616531
0.447903
0.234232
0.375982
0.0541111
0.0117966
0.396238
0.433178
0.389187
0.0270805
0.450353
0.12415
0.146663
0.129219
0.365974
0.056159
0.184323
0.614288
0.296745
0.276753
0.28564
0.267309
0.381014
0.00437549
0.28035
0.48312
0.213709
0.765568
0.243523
0.456888
0.375398
0.583665
0.379681
0.256207
0.561636
0.224591
0.118952
0.275241
0.369835
0.146664
0.281555
0.186986
0.469385
0.0318799
0.83726
0.331921
0.206347
0.624465
0.421025
0.353352
0.584613
0.0704601
0.122162
0.612623
0.486865
0.269251
0.0134504
0.0654497
0.427397
0.471624
0.248588
0.0437805
0.164448
0.111714
0.00214035
0.643955
0.264119
0.0113873
0.185771
0.526665
0.161831
0.147986
0.325822
0.132752
0.327172
0.372706
0.503712
0.530985
0.00779711
0.328493
0.32988
0.528901
0.497317
0.519384
0.285838
0.530793
0.0196928
0.00407403
0.129097
0.0662263
0.286495
0.109053
0.433583
0.323064
0.445466
0.494198
0.2313
0.397929
0.580393
0.0488448
0.563684
0.310495
0.274362
0.263487
0.037456
0.355594
0.58037
0.297247
0.85036
0.567638
0.110544
0.684933
0.223964
0.0022711
0.171623
0.262485
0.028024
2.4954e-05
0.204242
0.650093
0.320204
0.176614
0.00353998
0.100331
0.590998
0.460968
0.231951
0.639341
0.470327
0.413377
0.00201685
0.0929656
0.290386
0.0207589
0.196848
0.368341
0.458964
0.278468
0.306702
0.118144
0.327937
0.402805
0.363068
0.0661627
0.667791
0.144054
0.00465456
0.1404
0.707405
0.00677491
0.485394
0.621035
0.636851
0.313516
0.00264135
0.449161
0.0584574
0.642391
0.00553041
0.368007
0.325954
0.474647
0.385339
0.0675504
0.297462
0.0140021
0.235256
0.00354067
0.181778
0.188633
0.378715
0.220099
0.00189207
0.0176558
0.0209525
0.35035
0.0545388
0.410994
0.000623512
0.00426956
0.0217716
0.0317937
0.010407
0.221055
0.28714
0.768809
0.465601
0.143271
0.374741
0.195333
0.13573
0.417497
0.393617
0.000336796
0.0303157
0.668053
0.699916
0.105782
0.785356
0.332047
0.0276502
0.26751
0.257708
0.122023
0.636546
0.64624
0.612739
0.387508
0.330478
0.203441
0.62941
0.283187
0.16506
0.24773
0.526832
0.000789398
0.00548957
0.522212
0.00288452
0.158924
0.130269
0.399743
0.642629
0.0873162
0.172029
0.669755
0.0591073
0.100215
0.185905
0.247455
0.219784
0.224929
0.187918
0.0134222
0.0402256
0.300033
0.404949
0.65133
0.693855
0.492645
0.366143
0.00733109
0.0178673
0.227939
0.135423
0.326737
0.0226843
0.515706
0.665462
0.904157
0.0928363
0.0328917
0.665206
0.176288
0.0989978
0.610831
0.00226936
0.441218
0.361572
0.670159
0.373707
0.0778959
0.0505929
0.263636
0.0103443
0.17803
0.380024
0.00166813
0.420548
0.11945
0.401329
0.0789654
0.00306815
0.0645185
0.383889
0.236826
0.499029
0.104997
0.372004
0.174399
0.123542
0.578206
0.427635
0.0422825
0.652656
0.243308
0.033734
0.342592
0.0015064
0.245606
0.214836
0.39257
0.464043
0.0771077
0.519642
0.0211316
0.121922
0.118
0.348515
0.585139
0.592371
0.332783
0.433533
0.521079
0.014037
0.182082
0.434135
0.161676
0.706126
0.654986
0.613182
0.246036
0.459379
0.317318
0.0159593
0.801189
0.324206
0.434219
0.555263
0.534123
0.237308
0.361047
0.0074559
0.331724
0.0762884
0.63523
0.543154
0.530826
0.556956
0.00404459
0.0742911
0.123787
0.516541
0.43548
0.679439
0.734544
0.23889
0.628162
0.356271
0.53912
0.491752
0.783432
0.167934
0.0434373
0.0707423
0.530912
0.243826
0.0714863
0.25292
0.0292241
0.579977
0.0938699
0.521364
0.38949
0.267901
0.284029
0.341741
0.566612
0.38916
0.369869
0.249537
0.308243
0.356388
0.00141245
0.244696
0.8771
0.411013
0.422224
0.0957401
0.129647
0.694487
0.0365347
0.0129591
0.0226591
0.358264
0.00150108
0.513475
0.303993
0.00545952
0.357807
0.202396
0.0914393
0.306256
0.0279418
0.0813339
0.449694
0.0908179
0.0455504
0.54322
0.230388
0.530571
0.263008
0.427804
0.000702203
0.00326845
0.0446679
0.0437454
0.15517
0.0437278
0.301707
0.67827
0.510525
0.20789
0.447159
0.234221
0.618062
0.0153026
0.569872
0.586703
0.000727674
0.189662
0.288617
0.322799
0.573546
0.357657
0.351039
0.00394159
0.0179208
0.115793
0.457185
0.575194
0.0743825
0.0338966
0.792608
0.310059
0.0904478
0.0286419
0.279234
0.0922926
0.0725378
0.0632216
0.213568
0.530282
0.435343
0.108043
0.193885
0.0584355
0.757142
0.241541
0.077551
0.0716318
0.00727991
0.00293192
0.204949
0.292591
0.720988
0.047693
0.355212
0.334486
0.432393
0.624548
0.260581
0.249664
0.156673
0.0689631
0.500513
0.101667
0.402256
0.0727283
0.477581
0.359904
0.448251
0.0618672
0.284501
0.237313
0.662476
0.000971047
0.489181
0.185897
0.774825
0.250663
0.0311469
0.0716382
0.28655
0.0264102
0.0611127
0.169089
0.131625
0.262714
0.711974
0.546646
0.0525713
0.437527
0.23432
0.0287306
0.14825
0.00435337
0.0343917
0.529997
0.724179
0.00959355
0.174776
0.231799
0.425428
0.0159557
0.253337
0.266263
0.409856
0.153127
0.150712
0.589464
0.0359387
0.469634
0.74156
0.00376326
0.519984
0.164598
0.272145
0.29263
0.339474
0.00364283
0.52262
0.318248
0.291671
0.220198
0.371127
0.624518
0.281917
0.156881
0.615415
0.263203
0.272913
0.216808
0.30766
0.407667
0.265147
0.567725
0.164074
0.269697
0.350313
0.411088
0.0321211
0.0189795
0.747526
0.209279
0.705753
0.233882
0.557902
0.206358
0.548038
0.165391
0.324136
0.227228
0.224358
0.238402
0.383523
0.0179568
0.224372
0.08885
0.0160345
0.0482199
0.0831481
0.0854498
0.260729
0.740265
0.0742879
0.46024
0.281733
0.434811
0.296704
0.749693
0.539721
0.151811
0.0120696
0.616983
0.743544
0.656752
0.52477
0.176201
0.51366
0.276827
0.825589
0.402001
0.0692578
0.180445
0.359062
0.272552
0.0497177
0.316918
0.391292
0.215712
0.275893
0.58151
0.107108
0.332726
0.2596
0.819251
0.57873
0.058674
0.772838
0.410258
0.0852722
0.341082
0.0224933
0.0523148
0.683076
0.471193
0.279102
0.0989621
0.811558
0.299893
0.553834
0.14312
0.236781
0.0620108
0.078936
0.351857
0.0477843
0.0419902
0.620013
0.0992252
0.456649
0.704515
0.0143353
0.397044
0.312078
0.515623
0.472791
0.233608
0.597983
0.0351071
0.416579
0.11189
0.170709
0.0342089
0.189668
0.34865
0.300622
0.752409
0.102104
0.190952
0.173564
0.026578
0.03306
0.261978
0.121642
0.0319741
0.724426
0.0581833
0.0381192
0.319557
0.00083572
0.577137
0.555026
0.431199
0.00304902
0.439797
0.0147486
0.702375
0.625511
0.373312
0.539843
0.788637
0.337622
0.0293034
0.451553
0.0387785
0.369242
0.610232
0.035413
7.36476e-06
0.0405966
0.054528
0.134361
0.459307
0.0875325
0.559784
0.0271669
0.0737486
0.411202
0.671344
0.205329
0.0877423
0.0296184
0.693483
0.752657
0.174674
0.150834
0.670074
0.644138
0.585503
0.600302
0.00508862
0.0389162
0.448735
0.234306
0.427535
0.16274
0.0173115
0.463832
0.559764
0.759732
0.355446
0.451056
0.0321169
0.00119019
0.352728
0.16992
0.380992
0.232357
0.593509
0.696407
0.569104
0.413849
0.0121394
0.263352
0.346782
0.67528
0.840637
0.0271238
0.285197
0.592243
0.0125661
0.27473
0.0521474
0.46429
0.14649
0.0364034
0.468859
0.332163
0.386078
0.25664
0.0519952
0.00296906
0.14342
0.00779912
0.375166
0.328121
0.637113
0.000218246
0.361094
0.326512
0.215791
0.304372
0.277617
0.168575
0.149117
0.791071
0.343441
0.0328212
0.320202
0.143379
0.0904955
0.0189024
0.137264
0.424713
0.0110523
0.0727722
0.575622
0.510911
0.0012418
0.297996
0.262199
0.0031891
0.353834
0.590984
0.00126913
0.390138
0.19514
0.459654
0.749283
0.820659
0.315731
0.491736
0.562529
0.338046
0.414092
0.47585
0.503875
0.526013
0.627865
0.197338
0.242482
0.0849396
0.536867
0.394985
0.127049
0.148183
0.0606433
0.0243671
0.459378
0.27394
0.240085
0.245476
0.000482289
0.174713
0.111074
0.603451
0.546186
0.385874
0.309823
0.0194359
0.227701
0.000741552
0.495559
0.300721
0.0431248
0.048379
0.710582
0.346034
0.012238
0.168467
0.0635256
0.0138772
0.526707
0.324143
0.225699
0.17065
0.432835
0.303786
0.00987652
0.0130975
0.417309
0.0430184
0.277695
0.437145
0.0793113
0.516912
0.0649981
0.129913
0.233429
0.348017
0.280166
0.441679
0.33593
0.541902
0.0303748
0.250572
0.0149549
0.427135
0.128697
0.110925
0.0757861
0.0473784
0.459569
0.473243
0.0210829
0.399289
0.0841671
0.268049
0.472066
0.259724
0.128903
0.119051
0.0690627
0.0195347
0.43317
0.380946
0.467748
0.202665
0.0209098
0.118354
0.216254
0.0553221
0.51931
0.0140041
0.123805
0.000807354
0.393249
0.118227
0.0177531
0.302056
0.531178
0.58644
0.602972
0.347876
0.387595
0.295699
0.386643
0.147017
0.483152
0.101579
0.0110428
0.458405
0.0743314
0.665304
0.696631
0.456013
0.0861447
0.101596
0.0176535
0.302224
0.24275
0.0197677
0.708392
0.00618188
0.143687
0.0334471
0.00309479
0.258387
0.630796
0.191663
0.000713487
0.303795
0.632548
0.0930134
0.0979812
0.254086
0.0316925
0.0166361
0.00583628
0.532772
0.143933
0.470357
0.15768
0.0386001
0.200257
0.256262
0.16094
0.0198741
0.122955
0.00476086
0.0120388
0.128862
0.741986
0.199542
0.059557
0.564982
0.470373
0.454493
0.16587
0.717744
0.433333
0.0641943
0.728324
0.523607
0.316828
0.365581
0.0390636
0.341309
0.0638041
0.0313622
0.154537
0.370575
0.0181224
0.193678
0.0493784
0.435816
0.227506
0.656699
0.301073
0.0891005
0.0506785
0.282244
0.359769
0.0591132
0.663069
0.467277
0.194746
0.0204862
0.156833
0.0444222
0.238269
0.00144803
0.11461
0.0105159
0.0900232
0.25152
0.14196
0.00455971
0.00996047
0.174661
0.19867
0.322706
0.186941
0.440195
0.549403
0.0507984
0.0473745
0.081812
0.49493
0.0240289
0.0714997
0.321038
0.330626
0.46583
0.702333
0.630918
0.108989
0.368533
0.00277924
0.287363
0.480916
0.26154
0.0849173
0.0850977
0.378326
0.509936
0.20541
0.426963
0.0353897
0.0581473
0.349643
0.330214
0.443849
0.0618325
0.408221
0.0603822
0.335613
0.357228
0.496135
0.296023
0.152119
0.356301
0.25862
0.160026
0.214709
0.0500551
0.0221587
0.0618422
0.538738
0.473188
0.485699
0.34196
0.783413
0.495258
0.202112
0.259446
0.228479
0.655661
0.535322
0.163749
0.0144922
0.200929
0.00363917
0.164595
0.344131
0.561452
0.298257
0.526378
0.186634
0.847758
0.0902897
0.13387
0.0133512
0.355762
0.0334351
0.475596
0.420922
0.391328
0.0620214
0.616352
0.327845
0.013183
0.212928
0.585474
0.570392
0.119252
0.360296
0.670959
0.465795
0.479963
0.582323
0.0464032
0.379316
0.0127267
0.0844388
0.0376003
0.0339586
0.0384794
0.256688
0.0254388
0.55089
0.483661
0.0319102
0.0458329
0.234948
0.571989
0.316066
0.00345493
0.00219328
0.0547129
0.0210182
0.588158
0.328742
0.487575
0.32283
0.314655
0.0940605
0.000908967
0.529847
0.528185
0.123779
0.446435
0.507024
0.00496029
0.00896332
0.246198
0.000733136
0.21038
0.82292
0.614653
0.00758524
0.172463
0.171231
0.0999566
0.0206878
0.149927
0.409621
0.434638
0.258676
0.304182
0.236096
0.373291
0.286812
0.0609092
0.429176
0.422873
0.0247803
0.527832
0.728838
0.00234489
0.0353943
0.129509
0.275915
0.813938
0.0345961
0.00619105
0.759277
0.0678848
0.00302416
0.0995253
0.323069
0.52282
0.524607
0.00368705
0.230578
0.447454
0.503884
0.726286
0.567268
0.139886
0.156906
0.640207
0.374789
0.434661
0.162396
0.161857
0.520283
0.00705458
0.699482
0.157117
0.192152
0.395679
0.301906
0.0156074
0.317055
0.291913
0.099252
0.00646372
0.604614
0.363108
0.0899678
0.108585
0.342095
0.299713
0.054895
0.0898294
0.490811
0.431198
0.0819184
0.802555
0.389374
0.0455376
0.189464
0.387437
0.33131
0.627831
0.467207
0.38265
0.00174387
0.0148733
0.420968
0.366641
0.140077
0.507778
0.219765
0.00265716
0.560467
0.414387
0.0903621
0.598344
0.692385
0.00119079
0.175298
0.376526
0.434266
0.250798
0.697298
0.377865
0.660365
0.0372526
0.0223739
0.293908
0.0573169
0.0216915
0.194965
0.43259
0.22042
0.0851481
0.105602
0.0342805
0.242964
0.740885
0.302446
0.0262723
0.326992
0.463671
0.349908
0.019271
0.388577
0.370694
0.841655
0.306742
0.427722
0.896717
0.540805
0.246529
0.395498
0.322553
0.0843077
0.577184
0.336601
0.670018
0.484918
0.0339292
0.147625
0.281076
0.796132
0.260599
0.621578
0.0113856
0.419392
0.446689
0.336727
0.751783
0.00226396
0.263742
0.589671
0.0291896
0.0619687
0.087984
0.382801
0.262767
0.0932537
0.204878
0.107427
0.00601241
0.243442
0.00939716
0.435147
0.270442
0.219423
0.154151
0.0669167
0.387709
0.0858902
0.00945218
0.241365
0.564892
0.0790684
0.437859
0.422106
0.104421
0.0549069
0.55731
0.301926
0.153303
0.1363
0.304795
0.547036
0.306994
0.00445836
0.133763
0.0482022
0.528666
0.433826
0.236317
0.0103483
0.00174741
0.808005
0.108208
0.0339064
0.683436
0.182278
0.48528
0.0037542
0.588484
0.118604
0.199277
0.0302452
0.0822583
0.146396
0.0463654
0.0239419
0.0229013
0.013873
0.314954
0.351588
0.480586
0.546842
0.0184175
0.412526
0.00544828
0.186965
0.133668
0.182943
0.180587
0.23205
0.290454
0.594744
0.290615
0.421154
0.517962
0.229592
0.558823
0.0819952
0.198202
0.563379
0.01747
0.605048
0.281697
0.0956511
0.478914
0.0188121
0.375405
0.441954
0.414602
0.0120956
0.112419
0.267417
0.00937192
0.17437
0.430155
0.14971
0.17977
0.216543
0.613315
0.569501
0.0492239
0.537627
0.0725133
0.0271611
0.11705
0.513079
0.0533664
0.182847
0.506163
0.471277
0.16551
0.0530655
0.542037
0.794709
0.233219
0.834444
0.228566
0.576366
0.25462
0.518723
0.359517
0.634932
0.937547
0.568367
0.213161
0.0413015
0.0860695
0.698585
0.68189
0.236392
0.225786
0.259032
0.247215
0.254493
0.714027
0.504928
0.280533
0.623325
0.272406
0.077951
0.02908
0.0493736
0.197548
0.0327049
0.0864385
0.088993
0.38947
0.0472595
0.258825
0.0612083
0.40162
0.293804
0.625445
0.306155
0.0735332
0.281973
0.62607
0.07219
0.0899805
0.407048
0.0409356
0.000432192
0.0285691
0.688365
0.391353
0.349966
0.108312
0.128176
0.671206
0.446748
0.817486
0.197621
0.51914
0.407364
0.675422
0.0626824
0.0386863
0.163563
0.322145
0.229411
0.222687
0.672254
0.0776824
0.192675
0.115218
0.194677
0.298911
0.776791
0.330675
0.234087
0.0576924
0.438595
0.622347
0.0390556
0.246459
0.391427
0.235506
0.44426
0.234673
0.164405
0.29438
0.290356
0.314253
0.601331
0.312763
0.00894521
0.3103
0.0397408
0.241544
0.265272
0.346201
0.311381
0.137299
0.313984
0.334507
0.397091
0.00937149
0.76638
0.0608187
0.695938
0.457075
0.00781649
0.0295888
0.586258
0.829861
0.0776429
0.322173
0.673645
0.594789
0.0354056
0.208056
0.214144
0.00707165
0.260602
0.0787411
0.582904
0.372353
0.109834
0.211773
0.298468
0.0581275
0.0688234
0.492748
0.654174
0.0556767
0.576075
0.176281
0.0766824
0.661608
0.207677
0.708304
0.454455
0.0760899
0.560934
0.0109546
0.515734
0.56101
0.0179116
0.641703
0.303752
0.298619
0.880613
0.28487
0.268727
0.227313
0.727089
0.40694
0.155481
0.337656
0.711368
0.104187
0.552358
0.367932
0.143904
0.15905
0.291959
0.312821
0.0875199
0.36128
0.484967
0.647353
0.348129
0.0997458
0.564654
0.319174
0.60982
0.0195483
0.647422
0.273374
0.00476378
0.39012
0.0907329
0.538013
0.117164
0.040763
0.0471399
0.16484
0.0853671
0.0258652
0.508138
0.00424251
0.626459
0.258346
0.0769906
0.010684
0.61159
0.0583988
0.115916
0.000590827
0.105266
0.142722
0.303645
0.267991
0.526006
0.285752
0.151712
0.618469
0.0499693
0.678501
0.14193
0.00736391
0.00223214
0.481435
0.109158
0.665728
0.230379
0.0311159
0.427618
0.152103
0.033141
0.0468454
0.581294
0.79249
0.448868
0.0889614
0.232369
0.401634
0.0089668
0.0536302
0.283132
0.022266
0.131493
0.53847
0.444232
0.381841
0.49747
0.21723
0.486563
0.0354129
0.0142481
0.237867
0.785914
0.0574804
0.513433
0.0118139
0.00255615
0.494059
0.127554
0.396739
0.0173824
0.316275
0.291808
0.012609
0.409905
0.631507
0.423728
0.495785
0.643784
0.0106894
0.0134309
0.600947
0.195688
0.196301
0.811141
0.137903
0.2024
0.0464344
0.470377
0.00477465
0.615056
0.745682
0.290056
0.814547
0.150896
0.533674
0.0227858
0.00326426
0.00925527
0.0226002
0.701002
0.279682
0.0240755
0.438671
0.235228
0.00509825
0.464534
0.00903412
0.488438
0.538666
0.871145
0.237191
0.114137
0.38136
0.0224435
0.00103798
0.0867484
0.487658
0.706977
0.822447
0.0870354
0.48121
0.105024
0.0455895
0.372956
0.458728
0.438138
0.178292
0.3719
0.10064
0.0320102
0.153251
0.326464
0.181917
0.589881
0.00608465
0.717881
0.313181
0.000751132
0.0646814
0.343986
0.37394
0.286198
0.354495
0.333641
0.233655
0.017659
0.108017
0.545773
0.501601
0.214474
0.0186805
0.462851
0.523419
0.27308
0.0800867
0.127543
0.59871
0.5795
0.123356
0.169207
0.730386
0.204054
0.0380631
0.0197256
0.104972
0.643827
0.516094
0.382372
0.0796443
0.693045
0.32157
0.254867
0.00225682
0.452841
0.591007
0.262209
0.857517
0.182904
0.0594968
0.330487
0.355917
0.591507
0.426192
0.666301
0.273566
0.414664
0.135829
0.341517
0.699302
0.299056
0.446058
0.595777
0.0531982
0.305238
0.268052
0.020575
0.359668
0.0633619
0.409788
0.00495759
0.623452
0.0311226
0.141561
0.520665
0.0431262
0.699965
0.0761545
0.406204
0.102101
0.293455
0.0378141
0.598509
0.0535967
0.569012
0.0848935
0.62083
0.638892
0.273083
0.394721
0.0980726
0.505157
0.651823
0.27515
0.485934
0.163119
0.557408
0.35727
0.300562
0.00732982
0.507083
0.0237734
0.563969
0.00209524
0.0892661
0.153284
0.325032
0.521901
0.648533
0.613391
0.438757
0.0962046
0.280076
0.109188
0.520942
0.120031
0.667935
0.0333801
0.13802
0.0813971
0.394365
0.173719
0.596016
0.324341
0.0687181
0.0441621
0.0380616
0.0018637
0.229049
0.529716
0.106102
0.12311
0.437166
0.586878
0.494108
0.269244
0.052792
0.473897
0.0645249
0.0220019
0.66316
0.161347
0.284462
0.457745
0.0474821
0.017684
0.0579347
0.00503197
0.473295
0.00864791
0.012131
0.378934
0.477441
0.219296
0.553839
0.100604
0.410825
0.451506
0.196634
0.526863
0.311653
0.501223
0.26477
0.854515
0.40878
0.122414
0.203205
0.111866
0.511715
0.101895
0.310673
0.424987
0.595128
0.277646
0.548311
0.371373
0.193935
0.391491
0.520283
0.444092
0.204106
0.837792
0.409085
0.017838
0.23944
0.855613
0.0015242
0.222323
0.0276782
0.14867
0.311732
0.155914
0.0519486
0.220793
0.0831569
0.226507
0.527784
0.100459
0.00857685
0.480279
0.313816
0.379957
0.230412
0.128608
0.237576
0.263239
0.0568293
0.650978
0.450168
0.0419855
0.61707
0.289774
0.221562
0.405166
0.427849
0.00110764
0.0834315
0.593038
0.546869
0.141155
0.51899
0.317438
0.285238
0.088983
0.032297
0.464728
0.557333
0.647293
0.107624
0.309591
0.420139
0.13675
0.149379
0.038178
0.776123
0.375252
0.229591
0.523802
0.169988
0.214468
0.308599
0.244929
0.453224
0.616019
0.0688475
0.035919
0.0229475
0.350454
0.602571
0.333192
0.421355
0.630758
0.305514
0.452482
0.164951
0.00845711
0.791102
0.503167
0.424811
0.359323
0.173763
0.252775
0.61185
0.496469
0.00123233
0.0694654
0.00246636
0.336937
0.138984
0.0228662
0.106691
0.286772
0.290297
0.480431
0.289759
0.148267
0.00435631
0.293297
0.242359
0.06183
0.0231545
0.371898
0.164932
0.353269
0.0530284
0.629649
0.125186
0.00782709
0.286851
0.691342
0.137246
0.233364
0.338702
0.488153
0.000814553
0.192681
0.691931
0.457085
0.0140167
0.198868
0.0401304
0.00159928
0.690311
0.385945
0.397902
0.235625
0.316697
0.619337
0.0485929
0.0194341
0.313586
0.43725
0.211349
0.223846
0.215693
0.316532
0.097523
0.00792156
0.178177
0.302954
0.529581
0.460562
0.0258863
0.0142801
0.124568
0.0761803
0.0652779
0.127646
0.312975
0.490706
0.0178362
0.0401621
0.568264
0.00193268
0.176688
0.0491594
0.0430728
3.77139e-05
0.783753
0.00577852
0.0453606
0.496481
0.290382
0.0465062
0.604398
0.515672
0.000938136
0.327884
0.00100543
0.202612
0.237517
0.565664
0.0696772
0.55075
0.1641
0.245156
0.331824
0.143798
0.567875
0.00176431
0.583338
0.0868491
0.0895551
0.195527
0.141158
0.538133
0.335301
0.264526
0.54993
0.0313312
0.078025
0.848564
0.259788
0.0276226
0.309099
0.704078
0.804896
0.0196139
0.627478
0.432195
0.0205792
0.134153
0.243692
0.794262
0.002894
0.466224
0.457057
0.569626
0.0204021
0.230474
0.228067
0.813254
0.53786
0.291745
0.00154471
0.492091
0.131598
0.398776
0.270183
0.611685
0.300704
0.256737
0.410118
0.251462
0.380191
0.660763
0.0109524
0.399099
0.236454
0.0506248
0.558469
0.0455111
0.107291
0.128133
0.209918
0.776213
0.601134
0.167368
0.0146895
0.692889
0.265691
0.0524617
0.052901
0.62713
0.0792375
0.0133289
0.0573544
0.200564
0.108018
0.406421
0.217872
0.0876596
0.0433163
0.807296
0.0510211
0.480049
0.0314941
0.155399
0.400507
0.0392577
0.445988
0.0829903
0.00977742
0.583294
0.0291203
0.105263
0.228551
0.111826
0.152639
0.688524
0.0031441
0.227701
0.3904
0.0329871
0.138887
0.261629
0.383331
0.435775
0.578351
0.035438
0.351562
0.21671
0.0949679
0.323449
0.491903
0.0116407
0.459162
0.780524
0.285666
0.0690154
0.540778
0.0117976
0.0626856
0.00191559
0.655748
0.124108
0.0117984
0.585887
0.130098
0.391675
0.578428
0.0410039
0.0602576
0.174738
0.0464076
0.0154863
0.432081
0.0490292
0.230383
0.266041
0.135123
0.472677
0.118646
0.185576
0.755138
0.258485
0.102112
0.288493
0.0430251
0.274687
0.320086
0.187481
0.0728569
0.153126
0.619175
0.184018
0.105168
0.62522
0.0975075
0.581828
0.531697
0.556243
0.427277
0.0316409
0.140615
0.0030473
0.561648
0.171143
0.270284
0.300769
0.143456
0.399846
0.0424678
0.213021
0.582973
0.493531
0.00124883
0.0759596
0.111745
0.655452
0.0920079
0.0615247
0.1284
0.392763
0.302771
0.0958902
0.206355
0.167919
0.0630452
0.210092
0.439105
0.321905
0.019311
0.305551
0.534654
0.622144
0.046428
0.423481
0.491625
0.431157
0.355216
0.537805
0.341016
0.329613
0.00196743
0.263862
0.322431
0.00932021
0.289526
0.59748
0.200627
0.414334
0.0134921
0.252461
0.0932983
0.0125121
0.149462
0.572108
0.0112696
0.00844166
0.0997368
0.357699
0.701213
0.335947
0.675885
0.303762
0.477721
0.36473
0.125354
0.153071
0.165499
0.253054
0.420024
0.413445
0.401321
0.524217
0.272167
0.534262
0.0857278
0.748374
0.335198
0.100211
0.0652317
0.161382
0.001454
0.26869
0.468384
0.00272818
0.0301073
0.0164269
0.15635
0.338879
0.0185496
0.33468
0.395369
0.0865421
0.0634714
0.578324
0.522292
0.820778
0.761734
0.585812
0.0294403
0.046184
0.720816
0.15354
0.45565
0.103514
0.496189
0.671039
0.306532
0.178466
0.265061
0.275418
0.0050216
0.558267
0.0903231
0.643413
0.605106
0.0266914
0.427809
0.328481
0.119151
0.34524
0.0224838
0.00269851
0.326444
0.234155
0.414141
0.296558
0.731643
0.559224
0.092009
0.276869
0.884295
0.374424
0.86488
0.498398
0.207424
0.114152
0.101872
0.0822455
0.00926143
0.230088
0.452427
0.154759
0.256345
0.309647
0.408923
0.337998
0.286056
0.243655
0.358648
0.00223989
0.446155
0.432498
0.218478
0.334102
0.128068
0.00271444
0.440433
0.458968
0.0430273
0.439998
0.0456565
0.0443182
0.452847
0.136528
0.0691263
0.512218
0.299833
0.00094473
0.00138336
0.238416
0.11403
0.00928708
0.06656
0.130611
0.160433
0.253523
0.00452423
0.401046
0.0171887
0.380937
0.134999
0.151742
0.668277
0.361269
0.262614
0.0151015
0.000800965
0.0905667
0.00975357
0.597669
0.0999752
0.661271
0.145229
0.200399
0.000745384
0.0150711
0.379931
0.207013
0.0528087
0.480478
0.197429
0.16195
0.254998
0.305002
0.589995
0.505668
0.144162
0.503987
0.507163
0.437988
0.344116
0.410791
0.404901
0.377965
0.478699
0.442942
0.802356
0.196392
0.203176
0.625125
0.113714
0.140591
0.522893
0.000477456
0.468004
0.356556
0.394675
0.380706
0.22802
0.494263
0.128286
0.727325
0.361658
0.41982
0.692615
0.650042
0.129523
0.426499
0.21761
0.256604
0.411394
0.317386
0.230004
0.484768
0.0572348
0.535475
0.0068523
0.205543
0.568486
0.354457
0.360939
1.81059e-05
0.314911
0.532228
0.353894
0.075673
0.276999
0.459746
0.230167
0.349458
0.135272
0.4638
0.162249
0.126
0.513811
0.496914
0.110155
0.534647
0.368729
0.546214
0.523567
0.00170813
0.499944
0.0601218
0.00228381
0.337034
0.762515
0.0474827
0.79836
0.00104184
0.665721
0.436842
0.198182
0.324362
0.0493234
0.692637
0.189021
0.390472
0.464738
0.397221
0.227307
0.691153
0.116505
0.256704
0.000943732
0.109773
0.518886
0.459072
0.43389
0.0747429
0.30295
0.11396
0.606521
0.175627
0.0174045
0.420246
0.515663
0.404657
0.341793
0.314911
0.209306
0.0184592
0.0035744
0.432192
0.116593
0.285824
0.227978
0.0745122
0.289806
0.752546
0.00594626
0.688446
0.497385
0.172375
0.00513692
0.278972
0.0140223
0.570719
0.42982
0.423809
0.144549
0.0077732
0.0541714
0.52683
0.618547
0.0695722
0.7664
0.332351
0.0812999
0.293061
0.246381
0.283649
0.675672
0.666565
0.294931
0.452241
0.076005
0.165049
0.275854
0.072587
0.303643
0.453005
0.581651
0.582257
0.389744
0.000282997
0.274059
0.118325
0.636294
0.0555926
0.843643
0.652003
0.255484
0.759918
0.351205
0.588316
0.0791557
0.727674
0.323533
0.197444
0.404235
0.0475568
0.756766
0.440586
0.419605
0.00495831
0.186308
0.00923411
0.0841605
0.141323
0.132446
0.750452
0.488746
0.745692
0.0569347
0.442327
0.401315
0.460345
0.239949
0.447933
0.00612719
0.107683
0.592609
0.0734009
0.157269
0.856287
0.212384
0.0089965
0.1446
0.364462
0.603277
0.00148952
0.131212
0.0570184
0.00642106
0.19237
0.537315
0.0939212
0.000542736
0.0939797
0.390392
0.127705
0.38825
0.307305
0.252534
0.065711
0.186989
0.029524
0.766189
0.805449
0.342448
0.276839
0.31691
0.0982112
0.343234
0.00286444
0.45852
0.251979
0.622718
0.382004
0.178434
0.64896
0.219676
0.684158
0.00257748
0.324195
0.308898
0.118092
0.555229
0.0980843
0.0734385
0.115679
0.0720212
0.398776
0.368745
0.303385
0.532048
0.572725
0.26944
0.01156
0.856216
0.0127702
0.260726
0.0992997
0.0293416
0.116878
0.462608
0.887693
0.0127697
0.00063546
0.0293646
0.0704869
0.262319
0.684439
0.427796
0.317491
0.643706
0.160353
0.035932
0.292869
0.291573
0.705612
0.363468
0.0508424
0.0221124
0.382976
0.0641774
0.544653
0.377422
0.518317
0.509518
0.752335
0.360109
0.503257
0.411028
0.277725
0.735982
0.318137
0.0991103
0.686249
0.271663
0.437769
0.364632
0.242782
0.533805
0.430688
0.0940413
0.248515
0.715966
0.103623
0.254497
0.412423
0.00340577
0.402499
0.303341
0.394836
0.435468
0.402449
0.021968
0.163598
0.265998
0.536278
0.00162796
0.197044
0.817211
0.316644
0.369116
0.753568
0.553222
0.365549
0.485089
0.213474
0.0127608
0.197189
0.406101
0.678381
0.413515
0.0233352
0.543775
0.0072359
0.0488849
0.458175
0.58793
0.487106
0.0182426
0.0912755
0.213472
0.057828
0.474779
0.367797
0.0015591
0.482022
0.422697
0.000654291
0.336834
0.697177
0.0662141
0.206542
0.255205
0.00213966
0.257064
0.319338
0.468258
0.575433
0.216674
0.43526
0.00627112
0.0327507
0.497083
0.486046
0.321518
0.433111
0.126833
0.243475
0.698992
0.698967
0.0407441
0.019016
0.0524607
0.524856
0.509343
0.304591
0.0845788
0.112992
0.290799
0.307481
0.0578623
0.659867
0.857392
0.45724
0.375705
0.166464
0.114535
0.645894
0.23485
0.443442
0.465082
0.0279481
0.70361
0.165936
0.146604
0.656234
0.47032
0.00182944
0.0987807
0.185382
0.247734
0.317008
0.310898
0.369712
0.413059
0.686532
0.0275949
0.00469772
0.196864
0.321329
0.0381935
0.0139287
0.662418
0.722692
0.521467
0.339188
0.483806
0.371893
0.60072
0.187242
0.602679
0.102232
0.507755
0.113686
0.0649719
0.116833
0.64491
0.00745422
0.653074
0.00152058
0.422591
0.0721878
0.228977
0.0691809
0.650917
0.111706
0.00978929
0.338866
0.00876308
0.226326
0.161877
0.0827763
0.000642159
0.050535
0.643844
0.655741
0.238763
0.295407
0.377962
0.123654
0.0140429
0.0328826
0.811135
0.461245
0.096036
0.342689
0.287771
0.0388968
0.0199922
0.438626
0.188807
0.00766802
0.626287
0.311445
0.0811957
0.0428165
0.397268
0.259987
0.276357
0.423244
0.0440596
0.820031
0.483637
0.605621
0.431533
0.0207986
0.0916922
0.338216
0.0744473
0.719352
0.0320951
0.409143
0.0204864
0.468597
0.450532
0.048123
0.361695
0.0257501
0.228118
0.463319
0.481367
0.774442
0.201888
0.000536038
0.0378276
0.301633
0.0240653
0.178751
0.052907
0.476089
0.465044
0.759277
0.503871
0.275517
0.0239034
0.00346666
0.226475
0.0478601
0.170144
0.557285
0.457684
0.537284
0.245948
0.471871
0.154421
0.00450816
0.463852
0.337663
0.163386
0.14959
0.256378
0.103189
0.219573
0.0923741
0.0496967
0.0356821
0.669241
0.747943
0.82299
0.032225
0.227173
0.0984137
0.306493
0.387822
0.0482958
0.189443
0.429231
0.742231
0.00642024
0.38574
0.329028
0.010322
0.168316
0.197766
0.618333
0.61415
0.617859
0.151765
0.161434
0.118925
0.364333
0.0623113
0.554775
0.522748
0.272126
0.561408
0.315506
0.402011
0.353734
0.107613
0.180534
0.464704
0.0506883
0.0567327
0.400986
0.60456
0.362976
0.0580082
0.545554
0.34864
0.0834457
0.00828643
0.00829535
0.626631
0.608463
0.760919
0.12756
0.0355716
0.0446405
0.157011
0.333648
0.440756
0.0393725
0.343852
0.0477407
0.470089
0.389851
0.213699
0.0059672
0.320966
0.00351493
0.0338743
0.128316
0.516924
0.305735
0.044666
0.499896
0.397832
0.297188
0.15689
0.0759235
0.0306722
0.227648
0.110446
0.344402
0.262003
0.23111
0.422154
0.0838868
0.483078
0.354498
0.292922
0.0561131
0.196215
0.0495733
0.242211
0.370781
0.425158
0.190003
0.531964
0.254623
0.212195
0.627839
0.230926
0.247864
0.00392352
0.0240896
0.591851
0.393728
0.38373
0.402645
0.118299
0.268407
0.557432
0.492231
0.0686007
0.0121106
0.229123
0.400718
0.00587747
0.0668772
0.477365
0.350452
0.187127
0.187951
0.117424
0.0887358
0.0799794
0.449919
0.124834
0.022129
0.621638
0.23773
0.597278
0.231226
0.0600797
0.36046
0.0201439
0.122474
0.202241
0.391381
0.130978
0.110369
0.0180923
0.318614
0.367075
0.0267392
0.00424719
0.0539608
0.256489
0.153296
0.0201816
0.417926
0.348506
0.537757
0.341003
0.0666225
0.321896
0.130594
0.353522
0.315141
0.322077
0.847276
0.358941
0.123438
0.532396
0.41887
0.250916
0.705052
0.0326925
0.421933
0.0416533
0.395885
0.309224
0.334068
0.511885
0.167178
0.127043
0.0733751
0.151202
0.450809
0.343556
0.239125
0.215472
0.376374
0.664836
0.467649
0.517027
0.114842
0.581822
0.607002
0.0384069
0.123904
0.00772739
0.689129
0.0298943
0.101214
0.045591
0.317192
0.0535099
0.0202788
0.117942
0.292328
0.799705
0.4001
0.514136
0.0374547
0.115281
0.410546
0.0664977
0.829859
0.388584
0.732061
0.0121449
0.293828
0.289617
0.565184
0.290994
0.00054844
0.145186
0.30545
0.349599
0.34984
0.482775
0.206736
0.195527
0.268618
0.326237
0.0699651
0.379062
0.0893738
0.278782
0.157233
0.00477826
0.460711
0.106407
0.26942
0.320858
0.442415
0.175978
0.528311
0.0788617
0.00208479
0.0639958
0.28223
0.431013
0.338296
0.763566
0.40008
0.215927
0.12613
0.641537
0.342527
0.0521606
0.616702
0.0177002
0.578675
0.372609
0.131342
0.103849
0.407115
0.178012
0.0166078
0.186091
0.0151726
0.429217
0.132075
0.060072
0.300426
0.430119
0.104344
0.398963
0.283688
0.238112
0.148842
0.0162446
0.330809
0.784755
0.570559
0.229859
0.00336664
0.501621
0.509493
0.0879256
0.155199
0.293887
0.296266
0.0468838
0.00178565
0.117016
0.135897
0.421977
0.0630004
0.755696
0.429359
0.296346
0.00163286
0.290538
0.301128
0.0236743
0.583417
0.287669
0.331003
0.451371
0.307237
0.692398
0.846413
0.356441
0.248487
0.0551326
0.0871848
0.236927
0.474091
0.58496
0.854161
0.66389
0.0832856
0.165356
0.108234
0.281702
0.194172
0.673034
0.547798
0.450653
0.779989
0.190608
0.517559
0.104085
0.342725
0.256406
0.551739
0.88488
0.0772959
0.519002
0.0585109
0.017566
0.376118
0.538879
0.262995
0.126705
0.717403
0.0879867
0.101584
0.346905
0.255451
0.0877513
0.630354
0.0199321
0.759996
0.796829
0.70537
0.608688
0.293914
0.535087
0.471795
0.117637
0.252135
0.775257
0.529241
0.238833
0.196354
0.067204
0.0405226
0.0838198
0.00119803
0.200649
0.0538459
0.260851
0.28544
0.244387
0.277393
0.112488
0.0139733
0.169004
0.0125637
0.214433
0.413974
0.258379
0.586627
0.062615
0.00238542
0.255625
0.300654
0.0174395
0.314812
0.509596
0.309165
0.189062
0.0366768
0.0140271
0.389004
0.437253
0.0930811
0.118219
0.287148
0.460121
0.38796
0.0488022
0.296477
0.440582
0.0785082
0.00909686
0.528888
0.29841
0.0307539
0.204187
0.0117805
0.610555
0.498876
0.63213
0.657951
0.797117
0.0509774
0.436255
0.194195
0.520791
0.782456
0.127154
0.214827
0.479656
0.000490078
0.235687
0.742115
0.121013
0.052259
0.401086
0.194951
0.706575
0.0698948
0.203481
0.505267
0.447558
0.0846501
0.606196
0.535008
0.0124007
0.339719
0.0201806
0.671313
0.00024636
0.659818
0.0941622
0.571005
0.28289
0.0903294
0.381426
0.642106
4.59035e-05
0.294259
0.140245
0.0378442
0.546267
0.0602076
0.579256
0.0659166
0.467781
0.309513
0.415792
0.362255
0.435803
0.265488
0.0415502
0.00536907
0.298746
0.503901
0.00679193
0.46533
0.300801
0.138112
0.0339746
0.463197
0.295833
0.268838
0.34542
0.00431215
0.58298
0.579491
0.0135961
0.111556
0.435384
0.00381565
0.0732982
0.0931291
0.462208
0.162239
0.387024
0.327915
0.0336098
0.809373
0.191098
0.220663
0.0950614
0.675903
0.000493438
0.321784
0.260028
0.466887
0.849919
0.0111328
0.47438
0.655906
0.310342
0.00378418
0.619877
0.5553
0.295427
0.415793
0.515188
0.439097
0.00137379
0.125086
0.479509
0.244072
0.499446
0.178582
0.143471
0.0332931
0.374069
0.0515605
0.675162
0.0681135
0.0609213
0.289384
0.289845
0.0351764
0.512086
0.62347
0.127024
0.469853
0.107757
0.287287
0.00927205
0.245734
0.201682
0.0370068
0.00341616
0.0641462
0.0782537
0.19171
0.0882416
0.224158
0.141345
0.00855319
0.0395593
0.630027
0.287426
0.20664
0.306312
0.109597
0.415354
0.0143593
0.537569
0.0412265
0.327562
0.284731
0.0944771
0.333071
0.0182806
0.244344
0.232044
0.705306
0.000446053
0.00127106
0.74517
0.235299
0.203287
0.168372
0.331605
0.481447
0.24815
0.478653
0.583692
0.50703
0.0396744
0.45904
0.373316
0.223341
0.00110152
0.0176187
0.261344
0.282792
0.461511
0.00823417
0.371112
0.492132
0.588916
0.263693
0.10359
0.404124
0.172275
0.283536
0.0221433
0.0538448
0.297442
0.584258
0.510886
0.222023
0.397293
0.368733
0.342945
0.0868057
0.559796
0.318155
0.102121
0.37199
0.242437
0.0109473
0.0142851
0.425597
0.401177
0.0465995
0.0505557
0.54435
0.347743
0.523943
0.519006
0.102141
0.295018
0.333374
0.508657
0.261996
0.419578
0.0372281
0.43568
0.293033
0.246599
0.0787664
0.118558
0.378554
0.0594628
0.0597227
0.321992
0.44017
0.388539
0.43743
0.222205
0.0614301
0.257172
0.436497
0.302595
0.0951291
0.270421
0.147745
0.0204781
0.110428
0.223857
0.373638
0.198128
0.0216812
0.344459
0.220314
0.409504
0.379629
0.123929
0.00513485
0.000730423
0.309248
0.0121146
0.00548346
0.367704
0.287746
0.0113934
0.057707
0.349831
0.263605
0.101622
0.0165626
0.322495
0.131838
0.108263
0.0573276
0.61427
0.0506274
0.00218228
0.168775
0.142224
0.706721
0.418124
0.276882
0.0346486
0.17184
0.301802
0.519542
0.42286
0.289591
0.000138203
0.531824
0.670371
0.369364
0.31362
0.507816
0.694484
0.313417
0.193205
0.358786
0.0108516
0.371718
0.197639
0.832731
0.327987
0.0751273
0.25433
0.535413
0.138006
0.107085
0.626363
0.584424
0.406261
0.258602
0.323572
0.239301
0.000261114
0.308631
0.231664
0.235233
0.127985
0.107597
0.188462
0.553108
0.194455
0.403872
0.116462
0.633958
0.0859952
0.073446
0.0956399
0.277983
0.516348
0.499294
0.668154
0.350934
0.277849
0.346042
0.264358
0.0043605
0.675576
0.602732
0.323257
0.278241
0.144183
0.377185
0.1308
0.0813944
0.122934
0.360139
0.3038
0.55224
0.300783
0.0322089
0.557052
0.808921
0.33433
0.381623
0.358404
0.30302
0.289886
0.326067
0.0332322
0.167869
0.379151
0.444606
0.245551
0.1377
0.404467
0.536924
0.0597547
0.524152
0.339078
0.353037
0.0582105
0.327345
0.3923
0.0879429
0.733105
0.351143
0.0203603
0.00148475
0.45877
0.162008
0.789216
0.679787
0.477291
0.18427
0.442217
0.233638
0.283358
0.414412
0.753343
0.0686053
0.171902
0.110749
0.512505
0.160383
0.673284
0.511378
0.138622
0.409169
0.196847
0.549651
0.0154059
0.317703
0.139459
0.177173
0.316758
0.0281793
0.228258
0.258725
0.166098
0.0407794
0.715116
0.384149
0.212023
0.102916
0.217009
0.0320886
0.682855
0.379379
0.0350647
0.566259
0.141783
0.0140985
0.502856
0.50309
0.148093
0.304197
0.50636
0.775838
0.345751
0.0270903
0.393497
0.301305
0.138369
0.0280523
0.19645
0.264659
0.113683
0.154066
0.52698
0.330209
0.00499247
0.222208
0.0547417
0.208884
0.330329
0.32048
0.501401
0.00816574
0.406647
0.101779
0.000680549
0.290058
0.50315
0.0315246
0.329973
0.186795
0.16687
0.395722
0.523856
0.516009
0.531368
0.0144926
0.303209
0.0792059
0.279621
0.286446
0.380001
0.558282
0.280966
0.0650877
0.793782
0.449644
0.0684171
0.435381
0.586536
0.32674
0.274946
0.211648
0.508126
0.466266
0.208443
0.287139
0.312187
0.062356
0.000428589
0.441154
0.393711
0.166072
0.0619428
0.297634
0.220761
0.293048
0.406953
0.166023
0.296853
0.110282
0.55418
0.589427
0.00682493
0.000793894
0.441002
0.628376
0.0394713
0.072984
0.233144
0.518872
0.148693
0.177839
0.689195
0.11374
0.390079
0.209959
0.583442
0.102792
0.258853
0.854713
0.473981
0.677163
0.638501
0.572861
0.0823153
0.00298619
0.0992502
0.769563
0.213975
0.151013
0.0117883
0.640492
0.54008
0.694164
0.234158
0.00508003
0.00657595
0.00406807
0.149195
0.130328
0.025308
0.355006
0.00490362
0.799267
0.417204
0.256096
0.214207
0.37248
0.410368
0.312195
0.0315994
0.488462
0.858306
0.23352
0.00501399
0.230195
0.357865
0.0642022
0.0958
0.0533701
0.255055
0.211502
0.61506
0.527149
0.0650708
0.116491
0.505502
0.39978
0.0623495
0.482278
0.0207783
0.326115
0.408105
0.00865124
0.386497
0.223709
0.167421
0.226504
0.299069
0.650452
0.493082
0.00755149
0.698107
0.0290012
0.32575
0.154564
0.0248079
0.396773
0.267722
0.243865
0.111054
0.0337981
0.0491973
0.164367
0.346464
0.679237
0.358015
0.469731
0.559784
0.451404
0.475617
0.70266
0.025846
0.0987938
0.418035
0.101783
0.243395
0.147194
0.0682876
0.762597
0.695955
0.754613
0.540375
0.185951
0.00535496
0.399266
0.312403
0.168108
0.203436
0.469901
0.0498497
0.280188
0.304212
0.0468494
0.294507
0.263578
0.307254
0.00287985
0.7198
0.0234418
0.530226
0.136635
0.349639
0.0247144
0.0596876
0.0901326
0.0140394
0.523644
0.392821
0.00849441
0.550564
0.792817
0.301384
0.522309
0.603315
0.244062
0.0294679
0.422285
0.36911
0.326724
0.580474
0.410999
0.359371
0.0050868
0.0298682
0.00251993
0.459304
0.686278
0.175036
0.272799
0.0702225
0.23317
0.480092
0.439235
0.378767
0.076476
0.0196557
0.230975
0.176845
0.165595
0.446385
0.327029
0.116635
0.448884
0.420855
0.635339
0.0194501
0.0294301
0.25251
0.00191255
0.339258
0.239296
0.0291564
0.652371
0.821343
0.145348
0.194865
0.316575
0.573723
0.386601
0.0730578
0.347344
0.649033
0.311871
0.332724
0.243318
0.0989139
0.437174
0.433443
0.0228743
0.674989
9.93427e-05
0.167544
0.0646398
0.107981
0.0600148
0.398092
0.229203
0.204331
0.0440688
0.585182
0.527989
0.0329752
0.323958
0.449916
0.119437
0.329095
0.458386
0.203932
0.549237
0.657943
0.0483912
0.0707218
0.1728
0.174545
0.156317
0.19914
0.00686238
0.074749
0.291992
0.419264
0.343943
0.85731
0.459927
0.60802
0.207481
0.665661
0.162367
0.217556
0.493175
0.13648
0.144511
0.138604
0.0122194
0.296593
0.293246
0.156541
0.0323154
0.325814
0.332927
0.558547
0.452443
0.0794474
0.120087
0.129392
0.0049617
0.90253
0.681959
0.12654
0.417024
0.0195079
0.0283725
0.538679
0.420052
0.55117
0.225517
0.0196542
0.0031108
0.230061
0.515463
0.0476935
0.205782
0.468782
0.479416
0.136533
0.0115116
0.272348
0.201428
0.381216
0.133271
0.145279
0.0375914
0.224969
0.381218
0.0356023
0.173988
0.0966465
0.228789
0.289459
0.589513
0.271667
0.0900555
0.467342
0.00259154
0.223211
0.090834
0.476259
0.0968956
0.330441
0.423519
0.03424
0.29344
0.1249
0.36969
0.0122833
0.296719
0.241912
0.632098
0.357074
0.616457
0.241308
0.152817
0.00337512
0.389949
0.393602
0.0234281
0.396081
0.130641
0.0520649
0.57493
0.476568
0.152745
0.0219127
0.0655028
0.426012
0.0130022
0.503705
0.00361049
0.417876
0.5716
0.275601
0.0554342
0.320205
0.000919637
0.0781892
0.0962937
0.0244368
0.340431
0.239552
0.457182
0.338723
0.209992
0.127595
0.45365
0.155956
0.21206
0.385428
0.0632721
0.133397
0.563269
0.215762
0.283329
0.27513
0.0106115
0.592339
0.302819
0.00215166
0.150427
0.139534
0.0550334
0.61435
0.563128
0.0306703
0.362378
0.441139
0.214673
0.645101
0.306661
0.248506
0.349007
0.450884
0.0763576
0.318172
0.14977
0.305041
0.414333
0.537699
0.000442942
0.284947
0.0926353
0.489459
0.446647
0.387326
0.297133
0.724062
0.256979
0.511864
0.0211009
0.67268
0.521929
0.620439
0.000182215
0.692262
0.138094
0.00614422
0.608768
0.0924097
0.267249
0.203061
0.302971
0.628171
0.317725
0.636071
0.428115
0.107169
0.0128776
0.541786
0.117108
0.164528
0.0234182
0.385442
0.576778
0.0649362
0.110475
0.392692
0.398379
0.0340715
0.0740678
0.268299
0.0925552
0.320845
0.0253047
0.00743328
0.0614418
0.271773
0.589104
0.10987
0.00176795
0.48198
0.0634602
0.643792
0.317036
0.393247
0.737021
0.404488
0.167288
0.14993
0.281024
0.0527887
0.000940484
0.00245771
0.0545708
0.106344
0.0489605
0.389136
0.0391058
0.287583
0.304837
0.000828053
0.00673445
0.0614121
0.342591
0.385131
0.693504
0.167751
0.000363689
0.701064
0.187223
0.551388
0.131291
0.0339004
0.0427112
0.139322
0.0389561
0.195613
0.399298
0.075982
0.556547
0.180629
0.317002
0.00895942
0.00222358
0.0519248
0.00685339
0.340334
0.571049
0.197627
0.334831
0.00282572
0.330892
0.428492
0.596948
0.567247
0.606771
0.294261
0.324903
0.188292
0.616581
0.139519
0.193249
0.345314
0.398224
0.299865
0.297888
0.207641
0.0366241
0.489652
0.776617
0.189774
0.669131
0.0056337
0.202079
0.622589
0.339736
0.0335791
0.160003
0.0109955
0.286124
0.478128
0.632558
0.142265
0.380599
0.00880234
0.172721
0.0370849
0.136894
0.191134
0.28072
0.025968
0.408044
0.700591
0.0562581
0.185285
0.042746
0.0139033
0.000478485
0.0311401
0.354584
0.0291385
0.150904
0.0824835
0.458521
0.0103234
0.489418
0.0292837
0.256607
0.0180898
0.0219296
0.474262
0.137448
0.633331
0.703855
0.185094
0.167345
0.287442
0.160268
0.625311
0.478062
0.256083
0.112087
0.268901
0.256343
0.484016
0.0013539
0.0715183
0.0146514
0.0253562
0.211518
0.29408
0.320504
0.00516775
0.191416
0.415751
0.0719924
0.24921
0.0210719
0.299303
0.319747
0.279568
0.295309
0.341844
0.572441
0.272817
0.0833201
0.486453
0.423776
0.544447
0.490816
0.0688741
0.264885
0.55746
0.633792
0.497002
0.299051
0.477433
0.449124
0.369536
0.00223954
0.329708
0.506346
0.322975
0.0463797
0.63481
0.481779
0.493096
0.0418536
0.0477147
0.224339
0.628656
0.22176
0.11789
0.255256
0.637325
0.407434
0.439031
0.091701
0.101567
0.511655
0.518888
0.0102445
0.00483262
0.00784021
0.0533554
0.354862
0.0100053
0.344639
0.36267
0.192493
0.590693
0.54549
0.579544
0.0338454
0.670008
0.18043
0.32938
0.281257
0.0388639
0.52117
0.35247
0.538218
0.00871977
0.0153467
0.412858
0.122122
0.050849
0.55951
0.121796
0.536606
0.0760595
0.268416
0.0725858
0.535311
0.334894
0.370323
0.533717
0.671195
0.562366
0.483499
0.0311273
0.694474
0.620933
0.0586041
0.150677
0.010153
0.683365
0.420801
0.00224727
0.0279324
0.522089
0.0188901
0.177941
0.667071
0.481927
0.294549
0.745777
0.211009
0.413322
0.106158
0.0813896
0.341948
0.612043
0.666807
0.241477
0.555988
0.00174483
0.400533
0.110034
0.408978
0.436254
0.32341
0.457926
0.441349
0.481265
0.303873
0.435132
0.253655
0.147033
0.36858
0.14159
0.021878
0.0012634
0.386459
0.283592
0.00929075
0.606576
0.540889
0.182359
0.0231782
0.327298
0.438135
0.270896
0.0059059
0.275698
0.0086449
0.658107
0.450977
0.118232
0.416085
0.49062
0.862435
0.0142493
0.575506
0.0524323
0.446588
0.498808
0.0677835
0.223611
0.384912
0.449676
0.559489
0.109876
0.66566
0.332891
0.308235
0.356897
0.0753829
0.272564
0.341954
0.605809
0.629807
0.155669
0.627445
0.00237054
0.178844
0.411907
0.0533603
0.0429591
0.149135
0.00591079
0.129844
0.0537162
0.234001
0.522381
0.749272
0.099538
0.202182
0.0511837
0.0249789
0.0611268
0.0755445
0.278964
0.337144
0.170489
0.138573
0.370631
0.103007
0.0492197
0.195021
0.122091
0.674814
0.104647
0.00076397
0.00133401
0.423231
0.179706
0.00368557
0.00505898
0.318517
0.448028
0.206997
0.0605783
0.0901183
0.0013965
0.00306557
0.256169
0.463251
0.00343987
0.551747
0.749629
0.294517
0.237926
0.212894
0.0905894
0.0732274
0.448737
0.0302064
0.653155
0.141742
0.0053827
0.0979902
0.295996
0.121923
0.54791
0.627652
0.426636
0.495276
0.0832081
0.129158
0.491044
0.73693
0.0242256
0.37751
0.334262
0.149756
0.682236
0.137271
0.439384
0.026035
0.383067
0.547239
0.0450935
0.524605
0.0285113
0.0105734
0.254612
0.214678
0.590959
0.345127
0.279456
0.0411157
0.205082
0.67948
0.0163671
0.532691
0.298422
0.0170655
0.286927
0.174269
0.343043
0.329314
0.0293445
0.449793
0.154903
0.315524
0.32408
0.00886553
0.243042
0.447454
0.0645109
0.473336
0.130492
0.190936
0.113119
0.0640371
0.723602
0.170067
0.635609
0.318598
0.326831
0.347453
0.380511
0.139171
0.662922
0.170975
0.0192523
0.206719
0.0720101
0.461614
0.000473495
0.592474
0.0398442
0.116762
0.100952
0.358222
0.297027
0.158346
0.271755
0.0469562
0.0217252
0.584288
0.00042224
0.00608018
0.002467
0.531547
0.227598
0.225776
0.0479617
0.164495
0.0838376
0.430975
0.157138
0.357069
0.648402
0.0755514
0.0182644
0.407545
0.0116331
0.551403
0.297126
0.0908412
0.590526
0.103295
0.283676
0.0741108
0.0129971
0.392526
0.235112
0.394626
0.391567
0.128316
0.641558
0.104501
0.347321
0.0477776
0.0742333
0.252181
0.0996441
0.410999
0.0146002
0.299467
0.0737274
0.27022
0.217099
0.380803
0.397449
0.23136
0.00539933
0.672422
0.232934
0.215933
0.601437
0.0314628
0.739408
0.00796374
0.28689
0.48301
0.0305338
0.527706
0.38152
0.306807
0.00896338
0.632059
0.570908
0.637079
0.0584941
0.355159
0.299778
0.189717
0.183181
0.0105743
0.0255293
0.328033
0.144716
0.0711819
0.211209
0.243282
0.676605
0.0371969
0.382111
0.10627
0.039248
0.436803
0.582412
0.00696489
0.00994405
0.468901
0.000415691
0.392481
0.0742798
0.213833
0.127562
0.671172
0.0177864
0.178105
0.676015
0.16921
0.303135
0.125228
0.0521634
0.669556
0.485844
0.303738
0.0315902
0.18288
0.0272262
0.0542033
0.0465709
0.452889
0.0598052
0.664289
0.103475
0.0636665
0.108557
0.455886
0.169129
0.000251083
0.435327
0.370611
0.192685
0.00195958
0.141312
0.242745
0.00209314
0.560747
0.0149268
0.355651
0.459167
0.285647
0.424057
0.231202
0.100832
0.11557
0.0603243
0.305286
0.125768
0.454268
0.473604
0.437017
0.0124525
0.454018
0.310803
0.00793265
0.258812
0.0150923
0.00989703
0.0363819
0.705517
0.00503488
0.23949
0.503181
0.595348
0.0187091
0.410656
0.548244
0.294228
0.723368
0.156802
0.24616
0.369156
0.22959
0.554766
0.643203
0.415096
0.189155
0.357373
0.427965
0.059288
0.333314
0.0187409
0.0106896
0.227585
0.116049
0.185576
0.301895
0.251731
0.462239
0.294808
0.0102185
0.0701265
0.089869
0.515214
0.0512078
0.000792568
0.132259
0.0754355
0.290063
0.37549
0.0588258
0.388211
0.334454
0.0697248
0.434605
0.050074
0.274175
0.607188
0.227503
0.910508
0.000854408
0.131031
0.689914
0.203825
0.57854
0.464904
0.673685
0.169371
0.391102
0.111908
0.0956145
0.270848
0.606849
0.299648
0.297608
0.695666
0.736674
0.480127
0.641512
0.227939
0.440885
0.0578518
0.413079
0.0129875
0.0090151
0.822864
0.216596
0.206932
0.713317
0.254181
0.448195
0.14679
0.447258
0.0175459
0.293567
0.755925
0.408255
0.350493
0.706017
0.158777
0.126351
0.490545
0.104635
0.445089
0.144754
0.635367
0.494572
0.0858268
0.336414
0.639427
0.31624
0.00143391
0.116017
0.000403616
0.174295
0.652037
0.0483846
0.215897
0.297477
0.0585481
0.298083
0.371825
0.451862
0.353443
0.386142
0.0934898
0.30336
0.00307497
0.0442096
0.560592
0.369418
0.00488232
0.21195
0.268554
0.217097
0.751182
0.244424
0.77387
0.608804
0.363436
0.411502
0.193431
0.291035
0.0870206
0.764736
0.346378
0.095339
0.00134392
0.554757
0.312622
0.0833904
0.441277
0.44413
0.0680591
0.18281
0.316024
0.0420483
0.00216893
0.125855
0.0985138
0.574707
0.33289
0.492808
0.147412
0.559183
0.37791
0.418426
0.606604
0.234334
0.0660561
0.173612
0.0233361
0.575722
0.325878
0.345677
0.234765
0.472431
0.476991
0.621273
0.339781
0.667512
0.0372924
0.462677
0.0389439
0.312258
0.0263168
0.139047
0.303948
0.324871
0.242297
0.535759
0.740193
0.0794816
0.114695
0.424807
0.722939
0.217591
0.453683
0.564386
0.274305
0.0260267
0.387347
0.114724
0.108959
0.627178
0.344637
0.345711
0.68955
0.422877
0.318265
0.731599
0.514116
0.306995
0.0427476
0.423718
0.101998
0.00296349
0.0684005
0.180859
0.476439
0.410674
0.175588
0.774502
0.0947644
0.00270648
0.0626884
0.736396
0.0339174
0.0834831
0.0426706
0.317504
0.300297
0.199264
0.524387
0.258232
0.0103398
0.446461
0.310026
0.272021
0.0229874
0.0850443
0.257903
0.0882993
0.734951
0.312814
0.445973
0.375616
0.227207
0.361368
0.0109816
0.527815
0.0920951
0.0198034
0.0310041
0.408884
0.484821
0.00696698
0.227149
0.233661
0.297353
0.21691
0.575599
0.0890851
0.0540323
0.533937
0.00611609
0.0403946
0.0140839
0.307004
0.665415
0.18169
0.0103996
0.337668
0.0501163
0.514841
0.493941
0.732136
0.778742
0.192197
0.464802
0.558843
0.0190548
0.00789185
0.472314
0.506031
0.623956
0.767783
0.0181524
0.291655
0.412841
0.63997
0.244192
0.437537
0.171215
0.251961
0.35707
0.442767
0.191609
0.522807
0.867731
0.432303
0.303161
0.0271057
0.815232
0.361987
0.85837
0.333172
0.284561
0.287688
0.0136897
0.694619
0.484756
0.409205
0.4673
0.233826
0.000182187
0.148368
0.00909465
0.0128502
0.271793
0.0403497
0.416879
0.274207
0.0267682
0.308356
0.212128
0.647116
0.56086
0.0524809
0.537206
0.0227657
0.585489
0.506833
0.159421
0.0101909
0.0360881
0.0863452
0.0521633
0.401421
0.540249
0.100023
0.116593
0.313215
0.118125
0.294182
0.00505332
0.360907
0.0032242
0.0182235
0.435304
0.701148
0.102487
0.0018831
0.696622
0.437589
0.0464136
0.0375258
0.688785
0.394726
0.105996
0.326999
0.269433
0.0895817
0.0673578
0.480667
0.684227
0.494821
0.117535
0.0546357
0.427816
0.108162
0.504785
0.188673
0.399165
0.0236625
0.677578
0.0170478
0.127626
0.0912879
0.650818
0.406899
0.267677
0.430302
0.46749
0.49574
0.0541017
0.250238
0.0346439
0.271236
0.353986
0.545999
0.418808
0.0983659
0.694075
0.00895084
0.269918
0.476537
0.639126
0.203061
0.0279742
0.238617
0.391341
0.0858705
0.476782
0.159336
0.773485
0.482929
0.0983698
0.487278
0.0468119
0.477544
0.566965
0.461386
0.0454744
0.284251
0.00750367
0.659445
0.233071
0.683461
0.55189
0.14929
0.461143
0.691377
0.03041
0.287585
0.342158
0.0625408
0.340942
0.0172705
0.446871
0.440225
0.235386
0.471345
0.20634
0.727035
0.4349
0.54308
0.586276
0.799866
0.100922
0.0259606
0.131858
0.0297916
0.687151
0.694086
0.00607932
0.409324
0.217572
0.331477
0.0349318
0.43666
0.216366
0.431726
0.5251
0.158097
0.22314
0.377614
0.708155
0.58961
0.314757
0.247599
0.0151297
0.109257
0.374563
0.347826
0.31697
0.0465655
0.18255
0.230462
0.444017
0.663133
0.440316
0.155094
0.103104
0.121073
0.0446603
0.00958131
0.67778
0.529141
0.444432
0.49863
0.550981
0.00974408
0.187156
0.444086
0.390804
0.115305
0.063237
0.490371
0.4322
0.265838
0.309261
0.397407
0.0197283
0.377177
0.120291
0.332987
0.0978173
0.270569
0.106429
0.246344
0.273134
0.227003
0.0544884
0.0386238
0.0741137
0.160911
0.112868
0.0110323
0.750278
0.0476235
0.388995
0.119156
0.379772
0.13968
0.00664946
0.112844
0.760078
0.210486
0.0444821
0.731776
0.0220935
0.41792
0.00517744
0.377157
0.276
0.459072
0.75715
0.338485
0.11113
0.159379
0.0244279
0.256401
0.0475005
0.800593
0.431475
0.455084
0.321197
0.498736
0.372332
0.0626163
0.0184251
0.0122937
0.0503205
0.0795138
0.426252
0.00361203
0.649953
0.455114
0.00917996
0.529351
0.412221
0.390317
0.400328
0.00222327
0.468786
0.528961
0.425477
0.474334
0.503435
0.66652
0.472422
0.00272718
0.330422
0.0352306
0.253089
0.0674993
0.284134
0.0843879
0.328491
0.19387
0.798836
0.0310022
0.755633
0.635967
0.284144
0.200573
0.31946
0.759709
0.719154
0.255779
0.344399
0.548099
0.138962
0.355058
0.929276
0.0861832
0.206035
0.381705
0.568643
0.206178
0.0177695
0.137061
0.0698974
0.0136542
0.296117
0.474794
0.330235
0.485266
0.0288997
0.805738
0.443173
0.279472
0.00193194
0.194682
0.0375807
0.400904
0.523083
0.367516
0.507022
0.617952
0.314245
0.574506
0.331557
0.533886
0.0181991
0.00237014
0.290576
0.0508909
0.519805
0.266471
0.441711
0.565901
0.0733221
0.372454
0.720551
0.302663
0.0949055
0.0520083
0.345839
0.544482
0.396193
0.115172
0.26098
0.332578
0.000190044
0.113129
0.0991569
0.324528
0.356519
0.239357
0.416457
0.282313
0.715838
0.322654
0.316673
0.889376
0.69201
0.688734
0.369921
0.629984
0.175853
0.271147
0.00571099
0.423539
0.61972
0.328281
0.564844
0.0473619
0.242462
0.117434
0.00292694
0.0146023
0.728164
0.282975
0.819737
0.135607
0.0392842
0.339283
0.0305563
0.208612
0.451061
0.208428
0.357452
0.449614
0.00721769
0.0143284
0.309835
0.0588703
0.00564029
0.0727776
0.0252317
0.271203
0.321315
0.446154
0.502652
0.392583
0.0849679
0.221155
0.170978
0.115946
0.303507
0.701091
0.610953
0.0120747
0.144181
0.000122044
0.14361
0.420485
0.483983
0.0424527
0.73274
0.438016
0.61963
0.256376
0.509745
0.211536
0.212499
0.0995049
0.352822
0.0207959
0.0917456
0.0852524
0.332797
0.000740347
0.15263
0.0207801
0.0201419
0.635302
0.396678
0.278598
0.172411
0.623812
0.523956
0.638409
0.330078
0.577916
0.311456
0.108357
0.108123
0.519751
0.44798
0.266922
0.0134822
0.142756
0.300069
0.639645
0.293065
0.368787
0.197216
0.551601
0.679331
0.588657
0.181032
0.00487686
0.0280158
0.442517
0.107418
0.836521
0.463656
0.418877
0.861829
0.209086
0.461315
0.838434
0.129325
0.176444
0.016789
0.082572
0.0970205
0.265751
0.445686
0.469144
0.318399
0.293149
0.120534
0.342705
0.649609
0.264417
0.468784
0.688013
0.274582
0.493788
0.077686
0.469754
0.242126
0.421582
0.196153
0.238349
0.374359
0.0413327
0.00952036
0.338071
0.0161
0.0539671
0.0697669
0.420725
0.142999
0.67281
0.00163732
0.546896
0.0064216
0.480746
0.0350411
0.068042
0.0323534
0.128675
0.00483403
0.318966
0.187488
0.193736
0.40513
0.0986597
0.215111
0.0751742
0.093824
0.643321
0.433775
0.00861701
0.611098
0.133811
0.372418
0.0337525
0.0306684
0.0649165
0.0742701
0.238465
0.135159
0.00633327
0.422435
0.114685
0.525229
0.806263
0.410794
0.214044
0.2413
0.0979724
0.0015021
0.746103
0.542679
0.350319
0.311532
0.352291
0.164837
0.695554
0.0631389
0.0445387
0.592554
0.30705
0.0037584
0.0654133
0.0561198
0.189576
0.60789
0.504058
0.0959451
0.327386
0.548759
0.400737
0.0826226
0.0253628
0.296336
0.00877941
0.0253433
0.0228579
0.429651
0.166793
0.113489
0.298163
0.377562
0.550292
0.673948
0.0289989
0.0872913
0.0118044
0.23691
0.305872
0.382454
0.583046
0.0369422
0.158881
0.0515171
0.267045
0.0130585
0.494828
0.14928
0.23028
0.0603332
0.493245
0.583183
0.000218113
0.133404
0.538223
0.405376
0.140682
0.526013
0.480234
0.00759682
0.0703768
0.794834
0.00916851
0.0493325
0.182799
0.185562
0.33239
0.124719
0.0393892
0.180813
0.0779594
0.00367178
0.219071
0.549705
0.0237139
0.496769
0.175769
0.514053
0.45604
0.342481
0.402869
0.63967
0.109287
0.289056
0.417899
0.842538
0.447542
0.0497684
0.642979
0.402115
0.489938
0.0379059
0.277844
0.118696
0.561618
0.593945
0.62761
0.575681
0.135114
0.778382
0.399868
0.331543
0.564677
0.315244
0.261848
0.39388
0.609983
0.00605713
0.0117163
0.0840151
0.325169
0.244716
0.324313
0.722115
0.432212
0.133776
0.138766
0.269495
0.393631
0.266102
0.0341889
0.0140829
0.318105
0.0137508
0.00202408
0.365213
0.64362
0.178737
0.256719
0.194051
0.00337506
0.0777846
0.674738
0.445057
0.614123
0.517714
0.637966
0.64009
0.640244
0.019226
0.0654234
0.206085
0.454683
0.466042
0.00252786
0.0600922
0.394596
0.373962
0.580792
0.089776
0.477948
0.0152609
0.423815
0.238942
0.464131
0.0621196
0.0369476
0.328862
0.622279
0.0667444
0.397746
0.064158
0.0357378
0.0337542
0.737269
0.61758
0.167758
0.102291
0.350765
0.426915
0.096325
0.396008
0.797409
0.502503
0.53255
0.107483
0.819455
0.328247
0.0454366
0.039334
0.0696024
0.567391
0.0585552
0.390126
0.0556582
0.528936
0.551084
0.131439
0.672119
0.258353
0.250416
0.564248
0.520911
0.25133
0.175394
0.470379
0.452928
0.582359
0.358078
0.00405599
0.196556
0.0672696
0.278056
0.504478
0.467812
0.297586
0.0585356
0.522257
0.540772
0.171529
0.781039
0.226787
0.00446582
0.0134198
0.413066
0.0015301
0.271322
0.579615
0.36436
0.274514
0.338229
0.404713
0.526687
0.166413
0.376558
0.527744
0.0911203
0.353401
0.0822883
0.0465094
0.0219673
0.230028
0.300245
0.698902
0.0651446
0.00748391
0.106874
0.244775
0.0561906
0.0560981
0.410588
0.197638
0.345482
0.328138
0.027077
0.686767
0.0388904
0.0117342
0.254322
0.323879
0.502943
0.310613
0.076558
0.0498301
0.0279417
0.672956
0.0875458
0.0124045
0.543535
0.0157701
0.25718
0.123673
0.466735
0.177511
0.55141
0.488974
0.45807
0.0746676
0.461791
0.383504
0.161085
0.00833896
0.31101
0.434388
0.337126
0.489819
0.615694
0.120817
0.728983
0.0737697
0.489944
0.375466
0.431361
0.105335
0.185104
0.0563269
0.533431
0.29429
0.123851
0.342069
0.372885
0.114535
0.513272
0.089045
0.55963
0.330301
0.066709
0.162626
0.0885717
0.49256
0.0145907
0.371877
0.406942
0.295078
0.558325
0.648021
0.240054
0.465346
0.115333
0.0966802
0.0391731
0.0016211
0.000394644
0.070474
0.648064
0.472805
0.0432972
0.220326
0.486159
0.0431681
0.643927
0.0566168
0.000955031
0.292233
0.592207
0.343673
0.477252
0.497411
0.216973
0.445085
0.541491
0.252752
0.610533
0.0110055
0.410074
0.701357
0.251514
0.240013
0.403093
0.0919686
0.442159
0.395441
0.222941
0.101722
0.0160267
0.281155
0.0322943
0.713055
0.000868784
0.459232
0.0643785
0.383162
0.115438
0.146874
0.0154785
0.00258611
0.255216
0.533727
0.18177
0.2549
0.22704
0.124301
0.332484
0.398287
0.0400219
0.410801
0.584449
0.0929574
0.00897711
0.000923797
0.0795002
0.100778
0.461014
0.0475325
0.0612587
0.35402
0.324266
0.344102
0.21822
0.107239
0.735404
0.0146238
0.025392
0.019431
0.295775
0.539138
0.269324
0.319976
0.341891
0.423056
0.189063
0.285412
0.00769051
0.438452
0.495154
0.348807
0.801391
0.105113
0.910673
0.36741
0.750776
0.370076
0.523325
0.223968
0.195257
0.204319
0.703764
0.168365
0.517986
0.219786
0.443329
0.251543
0.479232
0.554924
0.0260871
0.455596
0.258371
0.226672
0.593465
0.263958
0.101031
0.565288
0.63694
0.00255548
0.500572
0.307644
0.695772
0.363554
0.836112
0.377821
0.403772
0.736496
0.209476
0.524085
0.216514
0.319691
0.00484819
0.092339
0.545892
0.433737
0.01607
0.464032
0.555075
0.342155
0.283107
0.317885
0.00236615
0.260849
0.0689195
0.244855
0.0902556
0.309679
0.392855
0.049531
0.507607
0.203341
0.0129017
0.296256
0.34915
0.443459
0.131319
0.616415
0.0121802
0.218536
0.577384
0.516274
0.478761
0.301236
0.163208
0.0232397
0.0913542
0.0314377
0.162786
0.369311
0.176482
0.159492
0.494332
0.109723
0.421059
0.44055
0.265429
0.218044
0.59333
0.486818
0.422872
0.0567971
0.0354954
0.296051
0.100789
0.351783
0.0252648
0.489792
0.467399
0.227238
0.469686
0.419419
0.105528
0.304437
0.799017
0.422035
0.131832
0.561215
0.263778
0.286497
0.287854
0.559489
0.103339
0.184011
0.0694569
0.615375
0.00297994
0.10868
0.397147
0.333346
0.515794
0.601746
0.518986
0.389537
0.206179
0.349503
0.108925
0.488773
0.046244
0.0589645
0.548878
0.271967
0.100262
0.106637
0.388692
0.132508
0.41289
0.386422
0.442592
0.236137
0.374525
0.302011
0.358604
0.753301
0.0109706
0.0764281
0.283125
0.462388
0.379026
0.00172862
0.659118
0.458677
0.192172
0.00813114
0.06755
0.00677177
0.217975
0.326451
0.0363852
0.373674
0.514428
0.0250953
0.14232
0.174327
0.000323809
0.359329
0.0982768
0.293256
0.531342
0.769825
0.186848
0.114606
0.470953
0.675304
0.0015826
0.607938
0.0265553
0.0758753
0.0469101
0.0142427
0.175519
0.391421
0.083336
0.00969047
0.113788
0.764557
0.480087
0.13238
0.287154
0.368557
0.280246
0.281343
0.167978
0.128392
0.275294
0.229384
0.716578
0.23621
0.205831
0.433088
0.132903
0.0063456
0.496439
0.0144896
0.0209078
0.0979638
0.354509
0.00644324
0.581609
0.416926
0.2256
0.216593
0.00890852
0.0332364
0.488647
0.660298
0.225839
0.00424999
0.0154615
0.294779
0.113634
0.00291225
0.0242815
0.566048
0.596592
0.174572
0.222358
0.0440201
0.466436
0.323966
0.566871
0.338772
0.0165483
0.0170722
0.498526
0.649327
0.0318922
0.564504
0.267021
0.601318
0.234117
0.229762
0.3087
0.14969
0.387523
0.54758
0.110407
0.0971543
0.422392
0.371636
0.741285
0.0489684
0.37814
0.431547
0.274544
0.211289
0.603845
0.553008
0.847064
0.110553
0.170975
0.373586
0.449528
0.449222
0.0368244
0.292417
0.312649
0.155326
0.562847
0.101481
0.14779
0.782085
0.666106
0.103633
0.16203
0.331584
0.657019
0.0204516
0.0111846
0.250794
0.00308145
0.120063
0.510434
0.490699
0.114845
0.0182822
0.287068
0.0563826
0.0228631
0.498723
0.345943
0.279646
0.322423
0.102742
0.0283047
0.196723
0.0134755
0.0951878
0.504102
0.779332
0.268992
0.426303
0.107141
0.535677
0.0383051
0.0421442
0.118484
0.182683
0.341011
0.00703007
0.526461
0.607769
0.542436
0.365248
0.421118
0.149149
0.631299
0.0753453
0.530176
0.119336
0.0463634
0.239276
0.34489
0.185575
0.518496
0.00915
0.0456903
0.424123
0.0273454
0.0101574
0.305108
0.719929
0.04474
0.142631
0.0428709
0.283018
0.336552
0.326198
0.326045
0.334026
0.2218
0.292401
0.190367
0.226919
0.386457
0.686353
0.0011256
0.414788
0.547838
0.0168293
0.0875788
0.608094
0.291016
0.0764207
0.211918
0.325928
0.315913
0.0756113
0.560467
0.0857827
0.658366
0.582067
0.133521
0.197601
0.263506
0.368226
0.336841
0.32931
0.139765
0.435917
0.849638
0.189347
0.0578459
0.166606
0.452587
0.594273
0.205811
0.917898
8.24678e-05
0.229243
0.449082
0.762386
0.0896894
0.118858
0.738673
0.233015
0.141182
0.567862
0.313463
0.142809
0.429868
0.292314
0.280449
0.623752
0.29916
0.0687474
0.233672
0.282619
0.109489
0.195542
0.165804
0.294889
0.328656
0.735952
0.0191475
0.489952
0.379424
0.644819
0.40525
0.128777
0.437392
0.220108
0.465437
0.509098
0.179613
0.0850404
0.304989
0.0476886
0.0121572
0.531964
0.0132877
0.0237187
0.240035
0.287137
0.0590072
0.00808491
0.139037
0.158083
0.015324
0.294125
0.348782
0.168306
0.421613
0.123276
0.117685
0.139434
0.49648
0.439142
0.753391
0.554119
0.584972
0.114174
0.0487507
0.441007
0.112601
0.48306
0.306424
0.622967
0.307366
0.0519194
0.609185
0.323491
0.00367422
0.00028669
0.304265
0.00454981
0.121222
0.0525836
0.110043
0.329635
0.386325
0.460533
0.010088
0.59997
0.372661
0.483516
0.475609
0.202634
0.581416
0.400784
0.327279
0.0185295
0.00634
0.332318
0.65527
0.183394
0.80791
0.30633
0.627961
0.518949
0.147907
0.029958
0.611575
0.308019
0.326097
0.206546
0.43007
0.10191
0.000265691
0.00238035
0.457389
0.0597876
0.00238383
0.050938
0.16053
0.559557
0.409254
0.578866
0.619397
0.106229
0.414431
0.607466
0.490679
0.0686271
0.528219
0.207018
0.0270601
0.367254
0.10068
0.157201
0.505169
0.556304
0.0830883
0.0625411
0.0122443
0.0142963
0.648759
0.520158
0.000344434
0.445749
0.0131003
0.0255867
0.532725
0.142718
0.389971
0.0841974
0.65467
0.473206
0.27031
0.0244844
0.00841032
0.226525
0.589225
0.0332429
0.179958
0.586653
0.173962
0.207805
0.0363518
0.179441
0.789883
0.219838
0.281349
0.467691
0.483696
0.511497
0.230263
0.524767
0.60943
0.568914
0.132753
0.810677
0.0472808
0.341086
0.416901
0.0746718
0.46986
0.399264
0.750736
0.247896
0.367136
0.143577
0.00497496
0.646372
0.469219
0.43053
0.0346396
0.673537
0.447614
0.0560843
0.684122
0.00162718
0.45533
0.222645
0.216543
0.329137
0.176671
0.36882
0.00342667
0.146236
0.561257
0.302687
0.0801158
0.263805
0.0369504
0.457682
0.288322
0.0198609
0.0394284
0.458641
0.0605557
0.319375
0.279543
0.373023
0.179876
0.0452006
0.573912
0.341575
0.00459512
0.442842
0.307087
0.0123029
0.755106
0.434769
0.170371
0.405372
0.320389
0.704087
0.0135634
0.126692
0.113843
0.483317
0.0134076
0.00943506
0.397818
0.445432
0.334243
0.0232824
0.534234
0.0380406
0.141757
0.0320764
0.303868
0.411471
0.211189
0.454508
0.683074
0.369576
0.0964701
0.288892
0.0105888
0.362192
0.321131
0.253464
0.450766
0.356504
0.38864
0.0311639
0.55667
0.307179
0.0547687
0.348895
0.267443
0.271711
0.753403
0.00626435
0.227254
0.252898
0.377458
0.565242
0.0104738
0.400876
0.557852
0.42204
0.286427
0.245577
0.476359
0.317095
0.000431195
0.100158
0.482984
0.0782389
0.735578
0.229897
0.240031
0.724975
0.414925
0.00303093
0.581734
0.666583
0.813076
0.00212171
0.0344753
0.131834
0.287158
0.0339485
0.0029793
0.18269
0.0712231
0.128671
0.182725
0.0922669
0.571337
0.240828
0.344098
0.0154599
0.0222429
0.079381
0.34944
0.454487
0.308045
0.511197
0.216316
0.305081
0.129004
0.077282
0.0696313
0.265741
0.151815
0.129961
0.471158
0.0245104
0.554202
0.510314
0.0155569
0.297573
0.198501
0.342872
0.0025767
0.670252
0.301056
0.28283
0.547956
0.0322557
0.269588
0.835981
0.0270491
0.11403
0.440444
0.503624
0.285058
0.0618915
0.769008
0.366706
0.0688317
0.52523
0.518529
0.627965
0.21352
0.231763
0.0152768
0.402216
0.37762
0.0204905
0.185052
0.4785
0.293587
0.0342142
0.351348
0.842175
0.353136
0.442226
0.36081
0.174448
0.233421
0.225412
0.623562
0.157798
0.20282
0.269916
0.778739
0.226393
0.568987
0.142086
0.00287712
0.344677
0.000269035
0.557002
0.139067
0.152999
0.42736
0.177366
0.300542
0.0809931
0.231554
0.3316
0.377433
0.372521
0.339989
0.460047
0.394378
0.445109
0.013571
0.590344
0.0991201
0.0786967
0.526888
0.0734961
0.41525
0.386508
0.137954
0.00496507
0.604103
0.132585
0.593026
0.686337
0.226291
0.763189
0.110902
0.357694
0.237914
0.00124385
0.154165
0.000309609
0.0380005
0.6763
0.759089
0.615585
0.137102
0.0237857
0.0036982
0.447058
0.227959
0.526501
0.106848
0.466581
0.474864
0.310527
0.719342
0.0952216
0.12168
0.25627
0.472252
0.292234
0.576734
0.312764
0.215632
0.205975
0.323488
0.255793
0.0335731
0.797307
0.135643
0.257103
0.302831
0.238317
0.00311535
0.148503
0.731528
0.610438
0.295632
0.643736
0.406899
0.278939
0.133132
0.236487
0.0163713
0.427104
0.109179
0.372736
0.457962
0.00967118
0.0489856
0.303315
0.277256
0.190875
0.507409
0.329357
0.0985539
0.203871
0.0175076
0.219438
0.0152753
0.175156
0.363729
0.250287
0.504445
0.302832
0.654628
0.388631
0.00546713
0.138275
0.630358
0.125106
0.488681
0.123697
0.0212324
0.692365
0.0411731
0.463378
0.388872
0.000504837
0.417981
0.0864544
0.0172524
0.713307
0.0581852
0.269236
0.258622
0.286776
0.0966741
0.587595
0.325605
0.0095224
0.236925
0.0964033
0.154262
0.644218
0.0299356
0.35408
0.0905466
0.505582
0.18285
0.572185
0.115359
0.0714978
0.545231
0.345117
0.297271
0.185222
0.586277
0.0982725
0.598014
0.00833094
0.0141658
0.185466
0.538518
0.699412
0.0192148
0.420618
0.343967
0.266776
0.344196
0.0127365
0.49649
0.0323732
0.574923
0.0982664
0.20457
0.140285
0.267732
0.0723996
0.0271146
0.0563418
0.0407262
0.0358737
0.34937
0.043264
0.0142117
0.355335
0.147096
0.586236
0.501949
0.204543
0.273729
0.112335
0.101151
0.0909891
0.327031
0.015087
0.342638
0.177114
0.395154
0.122484
0.0701873
0.330427
0.0477276
0.010566
0.255126
0.0414981
0.650511
0.195159
0.100568
0.266818
0.571361
0.384837
0.0409034
0.563947
0.0589638
0.354169
0.618643
0.32678
0.0676579
0.497003
0.0571854
0.411181
0.0811781
0.166673
0.00573494
0.334509
0.889091
0.0948748
0.0262219
0.0421664
0.490234
0.516145
0.19527
0.643668
0.486592
0.328141
0.142544
0.140822
0.000914646
0.081943
0.023579
0.0451021
0.16011
0.590333
0.0502533
0.739149
0.532761
0.0110512
0.0379681
0.0420121
0.676554
0.454241
0.557357
0.723073
0.325963
0.327807
0.0455725
0.355562
0.585765
0.735444
0.300452
0.202424
0.0401676
0.162919
0.0847835
0.00427818
0.766155
0.117679
0.244443
0.363884
0.012428
0.263485
0.0714305
0.414467
0.0456371
0.519656
0.275479
0.202522
0.541259
0.459554
0.118508
0.580471
0.0514923
0.316777
0.0556743
0.352722
0.318779
0.656811
0.504824
0.17034
0.00352587
0.0429717
0.00375357
0.114296
0.163613
0.299661
0.72632
0.550694
0.299526
0.341358
0.329445
0.47864
0.470621
0.366019
0.0786431
0.306771
0.0366565
0.704347
0.173883
0.261019
0.422997
0.314744
0.0636212
0.694794
0.25825
0.03087
0.000293498
0.447675
0.477485
0.194809
0.318418
0.737529
0.000701884
0.370367
0.373263
0.370361
0.447787
0.655067
0.296839
0.573017
0.00372005
0.0358294
0.251133
0.314253
0.0696528
0.0352307
0.374409
0.42646
0.313149
0.572108
0.285315
0.0198583
0.00144353
0.508443
0.108519
0.357374
0.333075
0.0367686
0.285317
0.619546
0.72319
0.108901
0.189906
0.655306
0.682516
0.382362
0.409015
0.278345
0.171941
0.415929
0.0414061
0.432009
0.662871
0.011546
0.569813
0.257629
0.0232473
0.346403
0.709381
0.0991421
0.255359
0.361031
0.0887018
0.124687
0.694456
0.210596
0.348626
0.635907
0.120633
0.412049
0.477882
0.346005
0.10495
0.486327
0.499921
0.588877
0.22389
0.327634
0.472582
0.205312
0.388555
0.33374
0.197516
0.595065
0.321691
0.266221
0.284916
0.455398
0.297717
0.287542
0.640115
0.0180315
0.115263
0.38947
0.499402
0.224099
0.36981
0.195985
0.047647
0.414389
0.269007
0.438039
0.336816
0.388765
0.21233
0.0595069
0.426889
0.00202291
0.258986
0.263726
0.762343
0.314426
0.302856
0.321559
0.277087
0.215966
0.293953
0.0356964
0.0454906
0.379721
0.219465
0.0269366
0.582146
0.139205
0.458216
0.00449479
0.431619
0.358648
0.0647892
0.143242
0.54631
0.0662661
0.16633
0.138368
0.124787
0.0847892
0.156627
0.40106
0.0848421
0.45375
0.167585
0.0298337
0.425045
0.277561
0.477145
0.533328
0.391093
0.190096
0.610018
0.0472395
0.186331
0.285021
0.225116
0.0746844
0.00842968
0.42249
0.0342076
0.24747
0.426007
0.247191
0.0779059
0.0110929
0.171541
0.00394127
0.155417
0.0194214
0.295102
0.646075
0.0858818
0.0745854
0.00139512
0.295329
0.433585
0.19888
0.12023
0.00209111
0.433103
0.315177
0.460859
0.0304438
0.361908
0.335691
0.202089
0.285769
0.212111
0.240357
0.667736
0.00455538
0.152407
0.0506486
0.110143
0.678951
0.0280117
0.361342
0.386994
0.47546
0.36012
0.262417
0.220476
0.116116
0.375681
0.181553
0.242241
0.191655
0.511428
0.312099
0.568683
0.445716
0.0266143
0.484232
0.0145178
0.605003
0.358629
0.466832
0.447833
0.31188
0.601555
0.126913
0.160784
0.404334
0.22377
0.492649
0.442152
0.446242
0.382177
0.0488801
0.643568
0.662292
0.461363
0.329703
0.588003
0.468714
0.669215
0.437225
0.170246
0.437054
0.761037
0.393891
0.273372
0.0498774
0.0877614
0.0945644
0.289326
0.0229385
0.0511287
0.894548
0.0677845
0.411627
0.151578
0.157864
0.0245341
0.527711
0.0431744
0.627063
0.437564
0.417357
0.127923
0.220079
0.691757
0.356132
0.304406
0.365298
0.740818
0.0450718
0.30133
0.715322
0.0245667
0.245005
0.0911045
0.52125
0.00428784
0.300199
0.669057
0.492826
0.0528561
0.104336
0.235012
0.40559
0.216138
0.352388
0.182617
0.0674585
0.0107711
0.00294945
0.169791
0.159666
0.0895501
0.425945
0.336822
0.11644
0.0963344
0.184247
0.0585424
0.00446237
0.496844
0.00163123
0.151785
0.0430605
0.513683
0.012081
0.000962397
0.126836
0.133114
0.0985651
0.318722
0.43441
0.293646
0.33945
0.303877
0.119208
0.107418
0.682099
0.387448
0.487552
0.158964
0.0850249
0.0269713
0.138763
0.507709
0.472779
0.227474
0.521926
0.0506758
0.446396
0.429973
0.395045
0.0899588
0.0738048
0.280779
0.0385362
0.344081
0.421708
0.000449522
0.357167
0.383193
0.384323
0.613047
0.030351
0.156774
0.0136371
0.78111
0.0465787
0.131216
0.443577
0.185698
0.492448
0.356381
0.49089
0.00228552
0.0256391
0.153668
0.0192445
0.47841
0.655823
0.310181
0.830702
0.0324292
0.139664
0.581577
0.0814413
0.0343155
0.390066
0.426653
0.0452801
0.3557
0.304297
0.139514
0.371815
0.591988
0.421846
0.510705
0.00999304
0.313345
0.2249
0.0619221
0.361872
0.0351099
0.698633
0.708998
0.037701
0.351162
0.158427
0.0262729
0.648136
0.179123
0.299978
0.0291658
0.351752
0.24032
0.374102
0.202472
0.018887
0.00975823
0.239146
0.601855
0.0844997
0.102909
0.34282
0.294007
0.0554345
0.193786
0.0269126
0.632526
0.826316
0.446491
0.123853
0.244495
0.483342
0.0949708
0.107684
0.0909921
0.354612
0.388951
0.2322
0.342723
0.363808
0.447371
0.216081
0.552838
0.278696
0.185899
0.656211
0.495917
0.00486511
0.430911
0.593559
0.567291
0.646716
0.217213
0.171138
0.143581
0.348495
0.00768529
0.441542
0.000689198
0.0823124
0.517377
0.0270422
0.22906
0.438227
0.330121
0.607728
0.119016
0.027685
0.326632
0.0821448
0.448964
0.111634
0.841898
0.636057
0.370047
0.0440343
0.257694
0.406909
0.506153
0.126532
0.425234
0.739454
0.265999
0.33882
0.271054
0.470492
0.0242724
0.0164915
0.182847
0.264146
0.00330889
0.304228
0.017508
0.0714213
0.565054
0.0355821
0.0333286
0.616333
0.318464
0.240949
0.265089
0.0345295
0.654869
0.182592
0.615188
0.178936
0.268896
0.170066
0.409155
0.0203572
0.404623
0.153991
0.0143247
0.403669
0.601138
0.334266
0.256779
0.511989
0.268419
0.102271
0.360644
0.0138717
0.229835
0.0199112
0.151262
0.354771
0.445337
0.797712
0.30154
0.00433183
0.218302
0.0161318
0.0136892
0.577789
0.00726285
0.0917895
0.00596577
0.589217
0.000244272
0.129676
0.0131457
3.89101e-05
0.632974
0.217114
0.0656754
0.382106
0.379217
0.213031
0.265356
0.713578
0.173935
0.543646
0.222329
0.727118
0.0191882
0.0845283
0.13833
0.656774
0.0123832
0.645071
0.264537
0.00483601
0.467252
0.53685
0.292925
0.210256
0.617757
0.0190512
0.43849
0.162088
0.0277833
0.00286365
0.152456
0.00268155
0.681853
0.690824
0.202403
0.00280296
0.0388948
0.00769094
0.717458
0.288676
0.0408509
0.0601829
0.457097
0.773562
0.0247618
0.798129
0.00316808
0.315202
0.418006
0.266602
0.334971
0.494515
0.0662599
0.49409
0.282553
0.277402
0.30307
0.00286538
0.653446
0.0915569
0.493528
0.251275
0.631281
0.3086
0.00917514
0.21419
0.18901
0.448801
0.0559536
0.321282
0.0510224
0.57744
0.000113619
0.141261
0.08226
0.0703776
0.248385
0.463218
0.657964
0.302388
0.0106687
0.331414
0.726238
0.356208
0.0675033
0.0986679
0.114444
0.0402431
0.0452428
0.373585
0.0920616
0.2811
0.67914
0.637509
0.0539253
0.28141
0.491919
0.16625
0.00810762
0.399094
0.595171
0.201659
0.16332
0.258264
0.189805
0.325747
0.0164396
0.108726
0.0261382
0.0149352
0.404914
0.734542
0.222841
0.27337
0.730833
0.28189
0.0751701
0.229501
0.33693
0.0513453
0.437395
0.279024
0.390973
0.0781059
0.162076
0.103877
0.0791736
0.0221603
0.589347
0.197207
0.180049
0.245692
0.331888
0.00251882
0.0165406
0.228896
0.00160726
0.616158
0.0199953
0.466093
0.705867
0.298584
0.0707874
0.0897909
0.184527
0.370749
0.36
0.000808234
0.000904633
0.00216617
0.224365
0.704668
0.0552251
0.326478
0.228764
0.644149
0.512454
0.673986
0.287315
0.71528
0.547201
0.0119516
0.316505
0.0844211
0.0296789
0.638037
0.3225
0.050734
0.0830703
0.0117868
0.0519525
0.563579
0.126183
0.306575
0.000507687
0.284942
0.381654
0.1322
0.0499804
0.434984
0.435201
0.0443688
0.340606
0.184214
0.0918132
0.661786
0.302149
0.0344772
0.329202
0.0102589
0.141849
0.324898
0.189537
0.441304
0.604828
0.0791442
0.033992
0.733803
0.124933
0.135927
0.00278363
0.353617
0.230924
0.53345
0.266727
0.0627417
0.537074
0.436386
0.256535
0.033856
0.474064
0.290966
0.495644
0.251994
0.341982
0.269891
0.096297
0.56787
0.341999
0.59044
0.0640058
0.605766
0.515401
0.0437671
0.119023
0.506902
0.277681
0.00741942
0.0261069
0.499202
0.675661
0.684539
0.0477328
0.346712
0.00758955
0.01589
0.70742
0.633931
0.523072
0.207476
0.312016
0.00747311
0.524567
0.258253
0.091047
0.177406
0.00144156
0.182885
0.187149
0.000123572
0.584786
0.0704246
0.44058
0.0958621
0.479695
0.136001
0.413196
0.607903
0.135166
0.435767
0.655104
0.365149
0.0166745
0.120426
0.218741
0.821539
0.332663
0.466184
0.220756
0.329318
0.697304
0.00362883
0.423841
0.123426
0.359148
0.121907
0.732978
0.481801
0.263214
0.168435
0.0145814
0.368715
0.27349
0.328622
0.245629
0.000294471
0.334904
0.378636
0.0595944
0.268733
0.000157668
0.427265
0.0279456
0.243066
0.423708
0.0174443
0.301518
0.120954
0.0265071
0.0162369
0.0015088
0.784527
0.337909
0.019906
0.609716
0.345251
0.0935813
0.489085
0.413371
0.363429
0.0209331
0.133065
0.344694
0.123506
0.191967
0.0106071
0.298235
0.290098
0.248505
0.0117281
0.641495
0.0158624
0.0541615
0.0593776
0.202342
0.497739
0.171744
0.438729
0.356186
0.231543
0.146052
0.444575
0.308329
0.333853
0.525022
0.0885042
0.195249
0.0796145
0.00450632
0.710984
0.263176
0.248564
0.657533
0.32767
0.176198
0.113433
0.250817
0.125951
0.548261
0.438325
0.391048
0.010404
0.164069
0.0287583
0.0887892
0.277106
0.574178
0.0919313
0.018274
0.04821
0.258526
0.0383266
0.0302632
0.0764358
0.534388
0.179297
0.240631
0.0527879
0.0152253
0.257256
0.0926464
0.0701412
0.435312
0.0622664
0.0408527
0.556884
0.724857
0.422721
0.708722
0.0232968
0.442976
0.0874973
0.165493
0.0458361
0.792214
0.402791
0.247027
0.106409
0.147717
0.595572
0.795082
0.365532
0.00564896
0.140725
0.00385017
0.0138403
0.210016
0.00256516
0.564866
0.340719
0.474737
0.687094
0.609976
0.0361413
0.0360425
0.379328
0.13103
0.0682985
0.41033
0.199695
0.771121
0.0516403
0.232046
0.250245
0.0784194
0.061949
0.126512
0.322142
0.406133
0.0948658
0.49762
0.350007
0.0500526
0.00841868
0.655914
0.30755
0.661806
0.214637
0.136916
0.307257
0.0893868
0.019172
0.08125
0.714338
0.461135
0.34884
0.515725
0.244906
0.150414
0.145454
0.602589
0.249255
0.227207
0.711172
0.279485
0.163661
0.54282
0.0303704
0.000292725
0.291368
0.0737037
0.47788
0.588132
0.0061007
0.599806
0.0239126
0.0186097
0.0511983
0.341799
0.451866
0.186985
0.00963307
0.0313809
0.0511637
0.407208
0.0301605
0.142955
0.306806
0.183406
0.45961
0.327106
0.510148
0.511546
0.206611
0.535204
0.686919
0.0724232
0.0238872
0.341035
0.265901
0.467334
0.0780819
0.0544033
0.0252006
0.301268
0.0939638
0.20071
0.581123
0.617234
0.215933
0.415401
0.319038
0.172222
0.000803509
0.689151
0.0491263
0.286713
0.740932
0.289683
0.179927
0.504375
0.0768681
0.0997061
0.123497
0.358184
0.205595
0.468073
0.215033
1.09159e-05
0.279602
0.480204
0.0106966
0.0449422
0.0311886
0.0885352
0.265605
0.43298
0.363476
0.754631
0.206981
0.453606
0.308106
0.325344
0.165138
0.758105
0.490869
0.324644
0.510804
0.0603202
0.300082
0.290606
0.378705
0.61426
0.0192026
0.820928
0.333264
0.116784
0.0525366
0.288571
0.465639
0.45551
0.0101386
0.325791
0.140051
0.101699
0.043721
0.0681838
0.143338
0.340732
0.00637118
0.197766
0.379078
0.518544
0.202281
0.307296
0.199286
0.376797
0.455994
0.0631061
0.439314
0.202567
0.289268
0.262171
0.069288
0.394199
0.201543
0.624762
0.0472198
0.30543
0.024316
0.737093
0.374242
0.620566
0.700824
0.0601376
0.653238
0.195036
0.235061
0.322914
0.311032
0.0239391
0.443045
0.0354258
0.231794
0.544054
0.161009
0.156379
0.19925
0.0667788
0.605908
0.876244
0.510829
0.0572917
0.212985
0.0410138
0.0074618
0.488083
0.215332
0.735027
0.513638
0.0307248
0.293086
0.798422
0.435295
0.537066
0.00130171
0.416478
0.567627
0.116032
0.1124
0.409838
0.300265
0.349677
0.326281
0.435099
0.656426
0.317493
0.63696
0.633798
0.438677
0.451254
0.623204
0.674989
0.576633
0.0927038
0.452792
0.399271
0.0858664
0.0344152
0.194157
0.402856
0.500857
0.183012
0.267175
0.0954026
0.0821957
0.145595
0.317885
0.481844
0.282417
0.0626615
0.048923
0.182558
0.446346
0.195983
0.23796
0.185007
0.413784
0.533874
0.314418
0.506267
0.0987315
0.352983
0.032511
0.111494
0.67638
0.000264045
0.0159412
0.410523
0.428835
0.723926
0.530653
0.616766
0.41509
0.00142077
0.0597894
0.00268633
0.545526
0.144549
0.33118
0.845138
0.0571351
0.100736
0.203221
0.518691
0.0839581
0.306098
0.115398
0.140816
0.531656
0.00515302
0.64683
0.184602
0.385479
0.708716
0.0973923
0.0930321
0.146545
0.193024
0.085772
0.0313991
0.102274
0.496315
0.0185653
0.207443
0.192153
0.382069
0.35099
0.217414
0.52815
0.0266635
0.0584706
0.227529
0.651079
0.27501
0.00523007
0.28789
0.0945119
0.330632
0.191004
0.52487
0.463752
0.15998
0.00280845
0.500954
0.0188763
0.174751
0.450168
0.445138
0.344181
0.0701537
0.0149049
0.56362
0.298071
0.0553137
0.405777
0.487871
0.295465
0.254623
0.0220137
0.431629
0.687709
0.230442
0.728864
0.117303
0.320981
0.185843
0.041123
0.168314
0.0889026
0.108404
0.366016
0.0700202
0.504586
0.297088
0.0486767
0.515867
0.380507
0.723794
0.760969
0.343654
0.55675
0.760287
0.0376684
0.382282
0.661057
0.159197
0.187115
0.314181
0.603986
0.793353
0.689139
0.537252
0.120769
0.7527
0.0321405
0.00610274
0.500188
0.535772
0.308588
0.00843189
0.0395342
0.171802
0.418978
0.616095
0.00217027
0.427417
0.554392
0.472149
0.21785
0.0356684
0.0267278
0.377024
0.00203075
0.559707
0.544294
0.520087
0.282773
0.0146916
0.588854
0.256986
0.406091
0.865279
0.0466299
0.0200382
0.346842
0.201126
0.605897
0.131224
0.263317
0.0602805
0.482607
0.135224
0.345538
0.242952
0.00615499
0.113933
0.163371
0.141186
0.0994234
0.285199
0.299999
0.551384
0.120767
0.834771
0.0301036
0.341894
0.365147
0.399639
0.373003
0.00149363
0.0453497
0.307431
0.470705
0.171245
0.461632
0.12781
0.579008
0.128968
0.163742
0.488481
0.189971
0.00801156
0.0458037
0.325012
0.0415297
0.621831
0.565015
0.321795
0.234657
0.322903
0.0132936
0.0104949
0.323463
0.041864
0.0894197
0.622991
0.0833036
0.256469
0.16296
0.10516
0.903018
0.129333
0.104269
0.537081
0.283086
0.032901
0.00914105
0.298006
0.288969
0.508651
0.632398
0.1854
0.266371
0.161731
0.197103
0.366791
0.138228
0.158628
0.144858
0.00163555
0.280319
0.108447
0.108776
0.440276
0.726861
0.434094
0.0322497
0.301166
0.0823292
0.199906
0.0603668
0.391894
0.104628
0.421532
0.255786
0.00524002
0.329178
0.0394247
0.183754
0.0126989
0.0516586
0.0172752
0.387188
0.578093
0.319144
0.170307
0.241243
0.544283
0.248719
0.292424
0.0341918
0.716365
0.650839
0.68638
0.258911
0.228155
0.0290118
0.0494774
0.498413
0.124699
0.210958
0.211383
0.063196
0.292808
0.324007
0.354024
0.212573
0.478435
0.271353
0.145948
0.0312139
0.56894
0.354061
0.583895
0.467534
0.463198
0.514494
0.338541
0.536373
0.327117
0.0258603
0.352036
0.098539
0.502908
0.751197
0.0100259
0.399368
0.0201111
0.284778
0.316084
0.000739136
0.741638
0.495679
0.661447
0.0413848
0.0105488
0.316685
0.479215
0.616657
0.148864
0.424783
0.504318
0.217874
0.422282
0.615336
0.376444
0.627153
0.270933
0.475635
0.0510869
0.0616995
0.260876
0.130872
0.047638
0.0968868
0.813284
0.577007
0.300771
0.435455
0.593512
0.163689
0.288666
0.4623
0.159399
0.232807
0.200333
0.507739
0.475928
0.681963
0.334635
0.0531733
0.596313
0.347528
0.373844
0.118226
0.112401
0.0935695
0.26933
0.750418
0.488243
0.128039
0.0115661
0.115623
0.195247
0.290067
0.375592
0.254288
0.307393
0.0227312
0.0116778
0.528324
0.293559
0.107412
0.144278
0.396883
0.789097
0.0779611
0.343575
0.50344
0.0741722
0.757474
0.439684
0.613671
0.712174
0.169071
0.413598
0.437604
0.00939024
0.664601
0.766229
0.19132
0.0982846
0.055614
0.187394
0.0957819
0.750813
0.486704
0.346738
0.225499
0.512534
0.541058
0.551864
0.68072
0.110087
0.568732
0.483958
0.111793
0.158179
0.0577811
0.580982
0.490897
0.0412575
0.306459
0.123314
0.349199
0.328607
0.705899
0.325881
0.538441
0.536343
0.467007
0.00517057
0.336538
0.486716
0.506358
0.688027
0.453186
0.371061
0.0991266
0.317225
0.0961728
0.0242238
0.255777
0.166548
0.723895
0.144316
0.00729715
0.434538
0.259112
0.0114411
0.254375
0.692709
0.493107
0.20516
0.0118141
0.609602
0.620708
0.50852
0.187405
0.0138035
0.553947
0.0584427
0.15229
0.444739
0.204689
0.13426
0.0188381
0.177368
0.37046
0.0430027
0.204767
0.239836
0.00782101
0.0862443
0.0144899
0.0318814
0.0484538
0.00759185
0.755933
0.0526772
0.672856
0.457655
0.229916
0.458866
0.0155468
0.292007
0.407809
0.696778
0.876884
0.0138638
0.298583
0.297862
0.247684
0.45368
0.567956
0.481151
0.00304617
0.271463
0.382113
0.244685
0.0913086
0.578652
0.706738
0.245099
0.0132582
0.811283
0.000755759
0.00595929
0.407786
0.165741
0.618894
0.236894
0.528305
0.236001
0.038543
0.458212
0.074569
0.444059
0.150955
0.515699
0.535569
0.248573
0.00626062
0.0118743
0.403095
0.492574
0.381094
0.411604
0.00795437
0.46034
0.29311
0.409404
0.495241
0.00489526
0.141475
0.530961
0.304337
0.234847
0.512578
0.325319
0.59458
0.066793
0.139899
0.400651
0.18177
0.73184
0.431682
0.421271
0.350533
0.696966
0.203968
0.772321
0.530247
0.407881
0.384301
0.773176
0.184762
0.00700832
0.359732
0.514603
0.225049
0.073554
0.0439763
0.813667
0.0983547
0.178239
0.206282
0.0393688
0.192953
0.189878
0.30528
0.0695335
0.403052
0.364022
0.3425
0.787412
0.442272
0.379872
0.288479
0.00955734
0.0552271
0.0662052
0.106912
0.680167
0.194908
0.455591
0.00178727
0.00565589
0.483063
0.288807
0.117786
0.267727
0.243403
0.552001
0.51166
0.697772
0.261346
0.197892
0.129335
0.108208
0.470864
0.000258475
0.0669204
0.0446881
0.303138
0.845069
0.164581
0.324392
0.00100554
0.121079
0.650366
0.173901
0.00454254
0.673371
0.780789
0.48728
0.715706
0.646886
0.435824
0.0240539
0.739271
0.43331
0.0030832
0.537533
0.166589
0.275465
0.299123
0.244741
0.00582289
0.39278
0.0581957
0.359199
0.178596
0.62942
0.736704
0.494696
0.128806
0.530038
0.0185474
0.711197
0.0805786
0.121186
0.308113
0.302744
0.233061
0.313187
0.133607
0.0694915
0.0589856
0.597897
0.225634
0.0477996
0.00257414
0.338739
0.585707
0.032715
0.387068
0.243804
0.157364
0.334014
0.255035
0.13736
0.180878
0.0029778
0.204691
0.0211726
0.47627
0.0268558
0.110375
0.0954904
0.405532
0.00613319
0.0533045
0.734408
0.330227
0.159075
0.23005
0.0588003
0.146309
0.562885
0.39702
0.326111
0.237184
0.398832
0.633756
0.0304415
0.489704
0.618432
0.0678257
0.548057
0.551659
0.597248
0.238962
0.00509724
0.0241897
0.499808
0.326388
0.342488
0.0748218
0.00643975
0.340587
0.0173391
0.484539
0.460548
0.136839
0.0821597
0.569205
0.361309
0.0381105
0.110903
0.0668593
0.413608
0.2567
0.444177
0.446499
0.288074
0.404534
0.143198
0.485827
0.00137186
0.2984
0.0101683
0.158337
0.0759212
0.438088
0.276392
0.356213
0.172252
0.308954
0.152031
0.268602
0.301039
0.031158
0.235258
0.203624
0.395897
0.351487
0.61172
0.551336
0.124938
0.102848
0.499105
0.611837
0.440215
0.586597
0.27723
0.125226
0.379411
0.670497
0.180494
0.213688
0.209457
0.00329856
0.0241454
0.306472
0.166735
0.307863
0.244361
0.443474
0.582876
0.416273
0.109364
0.472713
0.000418353
0.276463
0.602198
0.00343416
0.0947885
0.166494
0.277996
0.513809
0.320088
0.469232
0.149465
0.209771
0.686317
0.351364
0.299464
0.260217
0.250276
0.578505
0.0338421
0.100468
0.31529
0.764518
0.0491732
0.00386968
0.0419029
0.000186067
0.0133543
0.402395
0.526656
0.100831
0.52806
0.261443
0.345974
0.0616082
0.472296
0.0346961
0.900466
0.114769
0.00103673
0.00807354
0.419917
0.515906
0.441223
0.0621539
0.371493
0.336302
0.534845
0.406525
0.214355
0.545711
0.0155865
0.574127
0.003095
0.567276
0.635944
0.00655373
0.0690872
0.539258
0.0566778
0.322561
0.0851042
0.481325
0.42081
0.411934
0.00254251
0.061765
0.491816
0.381661
0.28781
0.259596
0.0225637
0.0612592
0.506279
0.192556
0.337803
0.315951
0.417432
0.516137
0.498507
0.582709
0.149015
0.168035
0.543608
0.389625
0.0765023
0.0954337
0.00422237
0.351558
0.104625
0.244765
0.457386
0.233949
0.300939
0.000781321
0.271242
0.00502893
0.000187663
0.174882
0.298107
0.0327804
0.468053
0.362175
0.442389
0.726837
0.474911
0.0465976
0.619864
0.0869417
0.0237845
0.00502807
0.00727714
0.0498801
0.0616375
0.123858
0.166808
0.279107
0.211788
0.180472
0.184638
0.475971
0.0367149
0.261129
0.362599
0.0185708
0.449753
0.0331354
0.0131168
0.37882
0.566567
0.62515
0.744929
0.063841
0.411298
0.257256
0.252731
0.707182
0.40197
0.510308
0.190322
0.662881
0.323389
0.163935
0.102691
0.214354
0.532334
0.697939
0.0826328
0.233449
0.497005
0.166413
0.134622
0.590396
0.32729
0.0360803
0.152435
0.29111
0.625516
0.0699207
0.336898
0.070144
0.639291
0.0855052
0.267929
0.0101488
0.250213
0.300574
0.281523
0.46506
0.422536
0.328743
0.00129462
0.259342
0.258785
0.158975
0.346345
0.145708
0.499056
0.0250988
0.284236
0.164004
0.292821
0.420357
0.615992
0.220882
0.0733018
0.0793212
0.00522782
0.0788847
0.209593
0.132634
0.401539
0.588585
0.561088
0.384975
0.437959
0.614774
0.752112
0.0568607
0.13895
0.03733
0.43104
0.238801
0.445557
0.311366
0.0354256
0.224127
0.62239
0.377281
0.555569
0.315146
0.514515
0.0621174
0.20825
0.0331006
0.615382
0.482911
0.249497
0.377833
0.127786
0.651936
0.062414
0.312439
0.146062
0.438428
0.335086
0.332344
0.140561
0.519709
0.14874
0.359451
0.594895
0.371049
0.269368
0.0829194
0.0259197
0.343096
0.460173
0.114524
0.345974
0.0684871
0.0115237
0.143449
0.11959
0.0697936
0.563852
0.590046
0.140328
0.00554745
0.100787
0.185744
0.255721
0.587243
0.439448
0.133134
0.043622
0.504262
0.0576839
0.275046
0.461214
0.146764
0.457436
0.288736
0.55892
0.138663
0.386506
0.150054
0.533696
0.741585
0.0123106
0.423513
0.0137948
0.321227
0.170569
0.506093
0.0410786
0.47658
0.205389
0.155887
0.0135659
0.035971
0.637292
0.248064
0.403175
0.456832
0.715133
0.319622
0.358293
0.0014077
0.258393
0.612323
0.737077
0.586156
0.237065
0.239011
0.185441
0.764557
0.268374
0.457089
0.499278
0.671806
0.0175775
0.0601138
0.00765097
0.315845
0.451379
0.258254
0.219052
0.496666
0.328162
0.0241203
0.536714
0.604581
0.323431
0.404051
0.0263656
0.401449
0.288819
0.230906
0.679671
0.0578901
0.452502
0.0421059
0.0224038
0.280979
0.0784856
0.321388
0.0298613
0.00268511
0.0955536
0.66711
0.487497
0.509109
0.381078
0.0475118
0.0184368
0.0231646
0.184714
0.640156
0.113045
0.0428859
0.340221
0.00898858
0.485776
0.732719
0.242372
0.294073
0.111481
0.53834
0.509804
0.582786
0.436911
0.39307
0.153468
0.207406
0.509878
0.712303
0.185546
0.0929699
0.306203
0.526893
0.507423
0.138195
0.780095
0.0403904
0.372435
0.260224
0.551244
0.165481
0.469916
0.170683
0.0131787
0.0373296
0.025968
0.460104
0.277189
0.272978
0.295273
0.7139
0.706801
0.472263
0.242613
0.552477
0.729167
0.0570852
0.0155124
0.4805
0.305552
0.0485267
0.0580652
0.329669
0.172064
0.230737
0.0999323
0.34288
0.0373982
0.0801587
0.0243332
0.0841953
0.444565
0.274723
0.613793
0.27096
0.193199
0.0081626
0.421585
0.29113
0.323047
0.00689732
0.297971
0.0408585
0.046565
0.515689
0.171082
0.00361438
0.213524
0.594385
0.013886
0.230917
0.00234969
0.470694
0.451626
0.151125
0.298072
0.709751
0.229985
0.0592391
0.0249802
0.5663
0.509162
0.39971
0.00335716
0.631889
0.374704
0.0159693
0.0602784
0.514785
0.497384
0.269243
0.0424302
0.00184479
0.44568
0.294107
0.15693
0.742239
0.238516
0.0800604
0.125254
0.350357
0.309129
0.241732
0.324881
0.02811
0.329771
0.00510179
0.306987
0.327457
0.302475
0.0133699
0.0370992
0.0309816
0.147625
0.272702
0.393527
0.131444
0.0670883
0.607278
0.115224
0.455224
0.0237288
0.495213
0.45438
0.41165
0.000213297
0.172027
0.598924
0.0419232
0.335082
0.632544
0.312581
0.000336166
0.0847907
0.337636
0.309039
0.261888
0.146679
0.190306
0.00478951
0.483304
0.192908
0.270524
0.302063
0.0136805
0.458379
0.222156
0.0224914
0.199479
0.0224387
0.569459
0.104796
0.140716
0.293858
0.736906
0.0204557
0.102218
0.150806
0.38694
0.0178492
0.674736
0.654751
0.500399
0.110144
0.295574
0.294369
0.239312
0.061155
0.708642
0.0424323
0.284707
0.716426
0.380863
0.463329
0.714163
0.00664816
0.425426
0.147049
0.189393
0.740366
0.263249
0.00313947
0.0463243
0.430087
0.332774
0.00152407
0.0152901
0.438158
0.168954
0.836106
0.132272
0.519741
0.142866
0.196702
0.16727
0.0118684
0.109692
0.375509
0.425957
0.00162068
0.128905
0.0291812
0.237429
0.101594
0.661786
0.0610965
0.128627
0.559342
0.23829
0.00519823
0.0690432
0.0887301
0.00458566
0.58745
0.513776
0.226425
0.147268
0.0866578
0.122706
0.671445
0.191895
0.318542
0.231344
0.118092
0.0189225
0.287761
0.459578
0.563514
0.119948
0.0112783
0.139681
0.0633895
0.380646
0.451488
0.04954
0.0819462
0.211858
0.0760505
0.378499
0.37745
0.354559
0.0524963
0.521141
0.556495
0.0249495
0.423315
0.416708
0.28643
0.33683
0.401929
0.289833
0.303305
0.0554539
0.0425103
0.384659
0.0813437
0.395732
0.379738
0.402958
0.29628
0.422916
0.213064
0.00452277
0.139237
0.122257
0.25058
0.256001
0.0607892
0.426283
0.181761
0.464502
0.583938
0.353715
0.279094
0.538761
0.360118
0.673448
0.11032
0.247368
0.206651
0.168638
0.2422
0.352073
0.107812
0.44495
0.312659
0.30062
0.138314
0.49353
0.589317
0.105431
0.00777402
0.405626
0.135295
0.362353
0.0274305
0.320481
0.130517
0.331676
0.107709
0.373642
0.273932
0.652318
0.310827
0.481437
0.258987
0.0209609
0.0218313
0.348004
0.556533
0.0660971
0.28097
0.274344
0.378652
0.0404385
0.179117
0.0796196
0.233015
0.229917
0.680504
0.658821
0.287584
0.603528
0.700544
0.773539
0.246913
0.228667
0.0978208
0.331804
0.0330028
0.00327537
0.445271
0.75172
0.196593
0.26845
0.376393
0.0282216
0.527136
0.00585093
0.104865
0.316005
0.596345
0.0931585
0.589434
0.124648
0.0460251
0.529071
0.338122
0.114151
0.371725
0.122431
0.134133
0.320334
0.741465
0.0885971
0.107929
0.672362
0.239481
0.566381
0.654269
0.311145
0.183776
0.569543
0.110177
0.0524437
0.23772
0.143489
0.021469
0.714677
0.00257254
0.00252797
0.73379
0.0148995
0.253353
0.357667
0.306819
0.169845
0.456841
0.0103804
0.703162
0.0157849
0.0311415
0.398216
0.438666
0.153373
0.369708
0.135265
0.35913
0.288893
0.0971355
0.635554
0.0721976
0.293111
0.00104541
0.333826
0.367096
0.484926
0.0484422
0.643962
0.119926
0.263943
0.0310307
0.63343
0.199348
0.0596116
0.407571
0.579616
0.654522
0.0109916
0.194835
0.113926
0.459595
0.276776
0.163765
0.0180076
0.58782
0.279264
0.0354908
0.633527
0.0674804
0.774238
0.234454
0.320285
0.698059
0.508373
0.526278
0.810274
0.354978
0.0157492
0.274445
0.0614021
0.330349
0.0185416
0.654405
0.140197
0.417238
0.608153
0.17646
0.290909
0.0206212
0.388229
0.780903
0.374107
0.0525083
0.365976
0.718221
0.687584
0.402505
0.209782
0.106405
0.727202
0.579537
0.0854248
0.247015
0.443645
0.498007
0.267316
0.000257782
0.664896
0.488297
0.335484
0.377557
0.102646
0.500812
0.308018
0.346187
0.587483
0.0309171
0.641059
0.562705
0.408943
0.00548873
0.0950853
0.0735679
0.106746
0.069947
0.016745
0.38737
0.849405
0.0577862
0.0159687
0.0214968
0.020743
0.117001
0.450022
0.749184
0.638772
0.0114698
0.194895
0.476701
0.678544
0.482776
0.237463
0.633178
0.408268
0.563234
0.240729
0.129034
0.000191511
0.412166
0.694073
0.0839306
0.000874054
0.325317
0.412934
0.316195
0.242503
0.420957
0.0501803
0.501897
0.738207
0.456627
0.195647
0.0059444
0.413292
0.292968
0.759285
0.125188
0.104734
0.00410499
0.455134
0.00687781
0.088001
0.0520024
0.520369
0.199157
0.343129
0.000259193
0.0590938
0.430818
0.208837
0.792206
0.38724
0.0494181
0.857072
0.288782
0.667239
0.0899459
0.0495759
0.714779
0.0892501
0.236924
0.2264
0.399112
0.1627
0.173777
0.205484
0.000921236
0.0329877
0.442461
0.305257
0.630188
0.334944
0.119566
0.0105982
0.267519
0.20888
0.763664
0.0017313
0.00605725
0.0252343
0.00785877
0.444831
0.0900471
0.198969
0.589691
0.133417