0.0129607
0.287978
0.391319
0.0488638
0.410024
0.102276
0.559759
0.487966
0.161208
0.0202475
0.407353
0.29757
0.390131
0.20711
0.299326
0.0984184
0.38398
0.550797
0.0747316
0.0873802
0.510431
0.0122666
0.521454
0.272238
0.0237216
0.359374
0.456237
0.324021
0.325413
0.0246687
0.288478
0.523434
0.399956
0.329373
0.439401
0.547647
0.0545941
0.131823
0.036252
0.222471
0.427262
0.0105443
0.495496
0.0186411
0.181816
0.423793
0.300554
0.546868
0.11875
0.438407
0.475844
0.67873
0.275374
0.111598
0.263601
0.226399
0.552569
0.618195
0.693433
0.172504
0.273773
0.276033
0.317611
0.711272
0.230806
0.0416527
0.315994
0.205834
0.163019
0.192544
0.194799
0.339842
0.287606
0.02579
0.475412
0.0147929
0.254876
0.0659663
0.168841
0.0484688
0.169631
0.0383998
0.0030237
0.568123
0.381031
0.495326
0.639788
0.5757
0.463514
0.191772
0.0211734
0.468929
0.22741
0.127561
0.0115089
0.295679
0.342604
0.229093
0.0234835
0.837481
0.197995
0.654248
0.173638
0.0094219
0.0605341
0.0181473
0.773015
0.0916934
0.417647
0.434341
0.255741
0.0409896
0.335764
0.0177522
0.229703
0.561234
0.101326
0.0519559
0.718113
0.276013
0.312218
0.38963
0.130826
0.0913657
0.168422
0.151638
0.289234
0.0727814
0.46081
0.273973
0.297615
0.00446591
0.189476
0.115111
0.169591
0.599384
0.484699
0.56238
0.282093
0.21075
0.384053
0.0794836
0.266159
0.623659
0.201057
0.532718
0.250776
0.430898
0.484807
0.369015
0.399822
0.499227
0.508954
0.314144
0.538205
0.290966
0.202179
0.0910414
0.114343
0.349506
0.76324
0.00561395
0.678483
0.254034
0.317422
0.455327
0.278943
0.314599
0.210456
0.36859
0.33112
0.697736
0.535955
0.438062
0.242785
0.109965
0.510156
0.138907
0.242435
0.336867
0.422289
0.344977
0.20813
0.698172
0.300695
0.0152634
0.351048
0.535575
0.392056
0.337482
0.48477
0.118594
0.620626
0.513226
0.169365
0.436812
0.0588869
0.158177
0.385598
0.340437
0.465751
0.618729
0.321364
0.0570208
0.00748893
0.0125829
0.166336
0.238586
0.214428
0.136585
0.488849
0.522925
0.579307
0.099032
0.371562
0.725021
0.235052
0.21179
0.360247
0.423461
0.216277
0.39405
0.0303236
0.304595
0.611887
0.311387
0.634218
0.582415
0.0616473
0.759917
0.0323803
0.00672745
0.260742
0.543469
0.0742289
0.000526812
0.0729883
0.392055
0.163403
0.161153
0.0033431
0.286098
0.621401
0.583803
0.475429
0.52583
0.10927
0.498906
0.00217128
0.593858
0.4528
0.0405825
0.0809127
0.364676
0.524175
0.703205
0.439513
0.213832
0.273726
0.290129
0.332543
0.0842775
0.317786
0.0951173
0.018757
0.230134
0.71565
0.00223802
0.17583
0.411895
0.565068
0.425476
0.00217213
0.191973
0.0271912
0.706106
0.0678055
0.399501
0.353239
0.493222
0.614821
0.194795
0.27566
0.00174774
0.392569
0.00551443
0.0383468
0.280676
0.320334
0.212824
0.00120729
0.016936
0.0489058
0.120372
0.066823
0.354025
0.000985727
0.0517154
0.0258314
0.124085
0.00653506
0.398888
0.538292
0.704187
0.658877
0.365044
0.354706
0.0362137
0.114055
0.208983
0.454626
0.00158537
0.0681696
0.404281
0.724732
0.227752
0.661084
0.3436
0.0488863
0.32857
0.0571093
0.0864634
0.317191
0.569797
0.432245
0.403028
0.0684941
0.379193
0.865781
0.0302387
0.103199
0.421775
0.479687
0.00433457
0.00747329
0.541424
0.0115707
0.139786
0.239723
0.197136
0.318786
0.0891932
0.214537
0.721426
0.240733
0.556402
0.166177
0.27601
0.279188
0.120205
0.470158
0.00565297
0.0410381
0.286002
0.304073
0.353726
0.760817
0.604752
0.444548
0.039748
0.382339
0.33497
0.111207
0.282232
0.115595
0.495419
0.611339
0.805923
0.150405
0.037035
0.629501
0.0371493
0.0344612
0.553606
0.000581179
0.224952
0.560551
0.610447
0.495538
0.0616713
0.162162
0.325343
0.00990364
0.229397
0.333521
0.0456931
0.117827
0.296664
0.334201
0.165854
0.000393083
0.150197
0.062582
0.698779
0.539709
0.0380693
0.408208
0.3517
0.0747628
0.561194
0.423799
0.106667
0.359993
0.355443
0.148008
0.5173
0.00663018
0.0743306
0.101133
0.204029
0.415651
0.0409222
0.486926
0.0565162
0.0203968
0.372232
0.361004
0.517137
0.456122
0.193329
0.347497
0.545377
0.141216
0.25539
0.0936882
0.539077
0.702375
0.542044
0.644136
0.146068
0.540528
0.424181
0.0602808
0.546512
0.629837
0.441379
0.61258
0.450234
0.229678
0.493516
0.00424126
0.308337
0.0444224
0.493789
0.464655
0.288709
0.720078
0.0170908
0.0420299
0.148885
0.579448
0.577329
0.449856
0.524698
0.560283
0.573257
0.305455
0.685861
0.497999
0.654528
0.649804
0.0858534
0.0981312
0.563427
0.394705
0.0186817
0.16459
0.0455329
0.604502
0.0745418
0.551619
0.118656
0.254239
0.22192
0.373355
0.380669
0.318037
0.708097
0.261275
0.336653
0.560223
0.0204222
0.365896
0.780097
0.413609
0.422156
0.0508187
0.251763
0.713726
0.0943129
0.00723467
0.380737
0.516504
0.00848555
0.491472
0.0627796
0.026883
0.402425
0.283903
0.0403428
0.39722
0.0686625
0.241842
0.478207
0.196765
0.0791908
0.333792
0.276461
0.552007
0.0605324
0.406354
0.00882423
0.00826356
0.0297306
0.204772
0.199834
0.291836
0.320235
0.392026
0.170324
0.594143
0.111883
0.215273
0.0431226
0.0243373
0.572454
0.622984
0.0050025
0.481618
0.255463
0.26377
0.341573
0.488781
0.465087
0.0086198
0.106312
0.288326
0.376932
0.633903
0.281938
0.000236865
0.688706
0.0456101
0.0163431
0.118377
0.363881
0.0117587
0.108461
0.377313
0.169985
0.465135
0.201137
0.142838
0.351664
0.108555
0.475346
0.380797
0.249283
0.0474906
0.0298121
0.0249112
0.260493
0.24005
0.672495
0.149343
0.300989
0.62215
0.43288
0.614354
0.32684
0.37394
0.042897
0.0270948
0.645074
0.322199
0.460027
0.108821
0.620759
0.186185
0.703021
0.0218459
0.441956
0.0824845
0.641417
0.00344048
0.545621
0.147685
0.666891
0.254402
0.133274
0.0467605
0.358416
0.00210595
0.270299
0.640359
0.44948
0.282589
0.529408
0.542777
0.0132759
0.638937
0.421897
0.126507
0.00625031
8.76603e-05
0.0222483
0.516327
0.651919
0.01375
0.186716
0.137063
0.347875
0.0163632
0.115942
0.361617
0.303543
0.266483
0.397616
0.497274
0.0369066
0.560548
0.765221
0.00580212
0.775053
0.159533
0.200914
0.29254
0.110005
0.00962521
0.548978
0.622724
0.417677
0.14992
0.46832
0.5755
0.397104
0.0900157
0.387365
0.207049
0.529388
0.56299
0.265775
0.430597
0.0217838
0.407718
0.22702
0.167315
0.5348
0.382486
0.318313
0.0293879
0.829374
0.141158
0.537484
0.389081
0.626901
0.072615
0.491539
0.0584446
0.435986
0.18747
0.348767
0.0478333
0.513701
0.0115176
0.495538
0.244773
0.0315717
0.106791
0.121636
0.093196
0.529404
0.767822
0.190442
0.502992
0.644143
0.327117
0.435756
0.80557
0.552051
0.339746
0.0114758
0.833258
0.696783
0.511807
0.510096
0.244256
0.2897
0.358436
0.730273
0.442108
0.0548263
0.0862225
0.280431
0.314246
0.0797915
0.335203
0.429508
0.271772
0.452172
0.497107
0.384879
0.362412
0.628554
0.57397
0.550658
0.0793516
0.634539
0.309082
0.0263551
0.33345
0.018778
0.0474892
0.323267
0.391216
0.439262
0.140994
0.727465
0.432757
0.61842
0.313864
0.37262
0.0536809
0.0666374
0.179076
0.532618
0.00407155
0.667718
0.226318
0.541165
0.712293
0.0402604
0.195494
0.189344
0.142509
0.394758
0.355055
0.601598
0.00622599
0.617628
0.191263
0.173537
0.074501
0.0306195
0.564461
0.216619
0.69751
0.126271
0.246432
0.0203166
0.0926932
0.0733967
0.60733
0.0118499
0.0339895
0.496847
0.173623
0.0967424
0.224612
0.000220955
0.584495
0.557948
0.627822
0.0365094
0.0568265
0.00813349
0.625358
0.848962
0.54851
0.630133
0.761608
0.417116
0.0449256
0.241445
0.054232
0.38773
0.599461
0.0203106
9.40285e-05
0.177124
0.137417
0.0446648
0.315902
0.135512
0.371173
0.171124
0.179517
0.521849
0.660805
0.308128
0.0659671
0.0343622
0.668393
0.697334
0.358539
0.357561
0.64627
0.67251
0.627054
0.604062
0.000859977
0.0020239
0.504211
0.0413638
0.346193
0.123401
0.0505461
0.430347
0.391635
0.781006
0.459121
0.424301
0.268121
0.0360893
0.523347
0.0854127
0.409582
0.215307
0.709281
0.718356
0.541202
0.212117
0.0535635
0.194063
0.114823
0.626075
0.379182
0.00842822
0.598945
0.704219
0.197506
0.316574
0.250824
0.539249
0.317694
0.0288321
0.384132
0.30786
0.404275
0.131228
0.00665535
0.0140965
0.0248211
0.255248
0.619099
0.518765
0.606715
0.00184204
0.173805
0.0944813
0.498723
0.283881
0.182153
0.108888
0.322269
0.73527
0.0914712
0.104932
0.267035
0.281835
0.0485884
0.0841629
0.232632
0.501665
0.0164157
0.0462939
0.63286
0.695368
0.00942452
0.268154
0.191821
0.00108499
0.23071
0.436449
0.00119292
0.477411
0.26779
0.32496
0.493239
0.508749
0.380439
0.351269
0.492442
0.167781
0.30061
0.513945
0.633138
0.471972
0.263588
0.268135
0.395014
0.303724
0.442561
0.696134
0.0347282
0.279897
0.0148864
0.0928494
0.589769
0.325102
0.391855
0.224074
0.00179527
0.19628
0.0705343
0.534401
0.313784
0.514942
0.31768
0.152057
0.382152
0.00104895
0.437185
0.162096
0.0543724
0.00375257
0.685635
0.35839
0.0135755
0.0729123
0.0342144
0.0281579
0.704574
0.563717
0.638038
0.282114
0.62763
0.456747
0.035188
0.0317827
0.389029
0.0851401
0.138193
0.444061
0.0121084
0.375929
0.0671543
0.188327
0.320687
0.404389
0.0113837
0.562337
0.111793
0.531528
0.0309758
0.147884
0.0575678
0.410421
0.272503
0.0871229
0.115423
0.0582205
0.453926
0.601931
0.0282936
0.101883
0.267727
0.2724
0.30002
0.136058
0.306487
0.19065
0.0641225
0.0494672
0.298427
0.457296
0.368017
0.476272
0.0405673
0.186736
0.317276
0.116003
0.706931
0.000704104
0.556526
0.000792862
0.226313
0.126223
0.0422687
0.242919
0.412452
0.60428
0.653442
0.298954
0.0633127
0.243367
0.183436
0.0655677
0.449888
0.143664
0.00117191
0.506082
0.0564371
0.478314
0.567256
0.435439
0.412459
0.0421907
0.0268713
0.108301
0.310037
0.187671
0.791841
0.0428933
0.306146
0.00698276
0.00872992
0.277804
0.786767
0.316202
0.00226559
0.29025
0.59723
0.101609
0.0885639
0.212291
0.00204635
0.020918
0.0123549
0.775103
0.156897
0.706825
0.156896
0.0374655
0.0657001
0.315618
0.341708
0.0250418
0.395059
0.0265726
0.007972
0.162637
0.47973
0.136125
0.0351843
0.456253
0.509006
0.128334
0.0322543
0.681199
0.436748
0.376374
0.7551
0.623952
0.244283
0.296642
0.00894143
0.477895
0.0347698
0.030323
0.504307
0.458243
0.0403741
0.247721
0.057779
0.429576
0.176648
0.738685
0.552515
0.414202
0.372795
0.370784
0.412948
0.0617611
0.797467
0.39092
0.210493
0.13552
0.292416
0.169313
0.159639
0.00523417
0.11925
0.00512994
0.226736
0.316629
0.375047
0.00728862
0.0707523
0.216516
0.0570168
0.235005
0.408719
0.477604
0.646909
0.0766588
0.151236
0.242403
0.189575
0.0883777
0.0396362
0.376092
0.340083
0.490373
0.664839
0.362873
0.0224331
0.308188
0.0324951
0.197783
0.608868
0.0816781
0.183606
0.366666
0.635309
0.500429
0.270115
0.219976
0.329228
0.0687571
0.243923
0.236481
0.631266
0.162638
0.701112
0.0541952
0.29677
0.553787
0.48619
0.0536014
0.320032
0.538274
0.317921
0.148639
0.393153
0.159759
0.128062
0.0530097
0.361758
0.227249
0.377382
0.0523038
0.365259
0.577889
0.284822
0.265312
0.259866
0.709605
0.586574
0.137083
0.023277
0.0115397
0.0343243
0.295126
0.458562
0.66749
0.299133
0.640418
0.303015
0.647092
0.31019
0.311044
0.0384926
0.411696
0.0658369
0.536187
0.17771
0.355998
0.0609305
0.459079
0.144881
0.131109
0.0484514
0.384999
0.36106
0.208169
0.594955
0.735742
0.56594
0.393294
0.273401
0.174236
0.227445
0.0284994
0.0565827
0.108839
0.0297447
0.0389609
0.225314
0.02446
0.280179
0.583649
0.00824145
0.154103
0.369533
0.552378
0.322679
0.000937587
0.010946
0.145697
0.000865789
0.834589
0.620538
0.287406
0.45945
0.240537
0.457807
0.00984729
0.279737
0.513205
0.202199
0.0444944
0.350152
0.108114
0.0602352
0.382334
0.00546771
0.541171
0.831817
0.209819
0.0137765
0.419722
0.122575
0.370538
0.103355
0.00334517
0.547299
0.45663
0.308279
0.171989
0.188061
0.210676
0.187392
0.0659886
0.484803
0.564636
0.0292512
0.45945
0.705678
0.00281133
0.139552
0.27057
0.327328
0.8892
0.0277599
0.0377179
0.664286
0.265553
0.0104413
0.0546692
0.203852
0.35064
0.39831
0.00930259
0.119322
0.74441
0.0843793
0.626011
0.530555
0.0803561
0.0206024
0.472083
0.206558
0.408184
0.135079
0.17334
0.374617
0.335948
0.693739
0.0444779
0.223292
0.560097
0.287549
0.0345789
0.328306
0.426561
0.201965
0.0718313
0.531717
0.428194
0.328262
0.263009
0.0704366
0.398892
0.0261005
0.0408054
0.663425
0.505652
0.249873
0.624548
0.419316
0.0622882
0.0689385
0.641764
0.323454
0.665714
0.536709
0.526003
0.00252136
0.0218142
0.441908
0.604933
0.156081
0.284526
0.379957
0.0239732
0.401259
0.472486
0.162601
0.642142
0.351429
0.000114934
0.3512
0.315715
0.740924
0.211769
0.699219
0.53346
0.491719
0.204686
0.0208701
0.244896
0.0121672
0.00100904
0.164147
0.562153
0.307051
0.0775092
0.128807
0.0618393
0.167815
0.703299
0.414984
0.135712
0.128455
0.414064
0.41086
0.0276544
0.676187
0.306224
0.819209
0.359868
0.309139
0.860636
0.304879
0.195563
0.42921
0.237722
0.0698819
0.505379
0.383493
0.409273
0.517096
0.109769
0.0923147
0.373942
0.886654
0.271978
0.641587
0.0288345
0.385198
0.0980913
0.234438
0.771606
0.0527623
0.306681
0.518086
0.320194
0.0667707
0.120804
0.387241
0.0665774
0.349468
0.101212
0.369046
0.0544301
0.310741
0.0165987
0.635815
0.10162
0.510304
0.199366
0.10351
0.525844
0.349896
0.229088
0.0100788
0.630016
0.209424
0.507137
0.701263
0.2313
0.108524
0.787369
0.290626
0.40645
0.261001
0.298294
0.510412
0.274514
0.0469496
0.533827
0.025373
0.346829
0.263279
0.250756
0.00350812
0.118854
0.665037
0.150174
0.117608
0.432394
0.00966023
0.367395
0.00142359
0.691232
0.0202179
0.183877
0.0603268
0.0663154
0.0408162
0.232066
0.00119661
0.0136038
0.0055552
0.235253
0.304977
0.641945
0.317972
0.00173827
0.326726
0.0185256
0.337855
0.306107
0.399903
0.473601
0.0468105
0.224894
0.118376
0.401844
0.600141
0.414093
0.312303
0.598796
0.0576007
0.397721
0.145754
0.194637
0.669566
0.125715
0.10934
0.512106
0.0071797
0.435678
0.231007
0.399202
0.0258948
0.243156
0.399051
0.0464551
0.208997
0.339935
0.234973
0.10905
0.130748
0.601009
0.598078
0.00534465
0.455516
0.0606152
0.0432233
0.173206
0.344163
0.0523087
0.0952662
0.527854
0.385824
0.157581
0.0274205
0.35185
0.753903
0.509075
0.538676
0.0157952
0.52949
0.273327
0.398222
0.314601
0.151048
0.902304
0.317704
0.22458
0.292502
0.0329249
0.556866
0.651843
0.183313
0.0565615
0.32924
0.14525
0.111684
0.747591
0.240467
0.592281
0.819104
0.443528
0.149217
0.0066268
0.0563021
0.157032
0.0231764
0.201655
0.146905
0.644632
0.245698
0.718693
0.0460188
0.698505
0.306385
0.748399
0.268782
0.0649135
0.292618
0.554931
0.171607
0.252121
0.3388
0.00515794
0.0031034
0.0302126
0.673836
0.356904
0.276689
0.394754
0.263261
0.515232
0.418676
0.41676
0.0494118
0.386496
0.516401
0.644713
0.206389
0.163771
0.0609324
0.249863
0.384994
0.11951
0.776073
0.154301
0.0948787
0.275724
0.319106
0.356067
0.755694
0.481367
0.0954464
0.109683
0.660561
0.0525385
0.155233
0.275227
0.443031
0.329187
0.43097
0.680551
0.353172
0.314563
0.313802
0.442312
0.288618
0.402868
0.00410635
0.0643178
0.023106
0.16689
0.409515
0.659786
0.47342
0.365081
0.332054
0.54831
0.196299
0.00548981
0.727946
0.10607
0.628075
0.616583
0.0681457
0.197028
0.456536
0.740212
0.0854183
0.726232
0.399632
0.419444
0.215764
0.582203
0.0846291
0.00580396
0.373179
0.231189
0.72167
0.315785
0.0453226
0.241743
0.467955
0.294725
0.143746
0.443667
0.850478
0.341972
0.411362
0.230502
0.011975
0.611621
0.468174
0.596172
0.345641
0.0277072
0.819867
0.0240609
0.494814
0.751558
0.00291453
0.401473
0.121254
0.377471
0.69432
0.157841
0.631201
0.446929
0.427469
0.391989
0.248956
0.288232
0.819945
0.343579
0.433266
0.337008
0.350891
0.0107574
0.445847
0.505951
0.0706071
0.0619838
0.604916
0.750788
0.459009
0.511502
0.620062
0.252033
0.472157
0.186593
0.424695
0.122336
0.0356057
0.110503
0.0531038
0.615475
0.270385
0.168664
0.270372
0.270151
0.195989
0.00438175
0.411297
0.0106238
0.577216
0.349524
0.0382482
0.0205459
0.453735
0.0241524
0.0313288
0.0055528
0.29325
0.143044
0.317838
0.230036
0.478373
0.0906582
0.116695
0.320021
0.0700444
0.448591
0.255091
0.01532
0.0762745
0.126784
0.181417
0.522161
0.155635
0.0952108
0.220416
0.225038
0.146559
0.215218
0.369766
0.28726
0.570533
0.252017
0.0243506
0.637515
0.00191188
0.0112319
0.627239
0.015658
0.180149
0.228736
0.313195
0.32899
0.622175
0.326772
0.619708
0.180448
0.0137514
0.233692
0.461651
0.221864
0.541585
0.00942121
0.00886912
0.567544
0.336322
0.519391
0.0139566
0.0381724
0.398169
0.0462605
0.413418
0.729643
0.275266
0.672291
0.509851
0.00501443
0.028655
0.725696
0.414224
0.15567
0.767773
0.176226
0.17356
0.0317854
0.622106
0.0312569
0.386365
0.542023
0.272018
0.780851
0.105804
0.599792
0.00697431
0.00395183
0.0392955
0.150554
0.644061
0.469691
0.0695285
0.124324
0.379787
0.000360057
0.464027
0.0145321
0.256126
0.399591
0.800075
0.411737
0.009789
0.331621
0.0307056
0.00559436
0.0457522
0.83542
0.614944
0.816718
0.426029
0.286085
0.321706
0.494694
0.329209
0.386503
0.61379
0.302438
0.476693
0.0444117
0.0667286
0.405068
0.278885
0.550355
0.462451
0.102436
0.64687
0.264899
0.00284599
0.121175
0.345042
0.59839
0.192972
0.532105
0.500052
0.31215
0.037302
0.432085
0.4741
0.302747
0.251634
0.0548457
0.375968
0.462237
0.610249
0.0441986
0.0881262
0.669459
0.597796
0.100815
0.014948
0.525694
0.116993
0.0485693
0.0644901
0.0808538
0.272086
0.752838
0.203165
0.224818
0.194281
0.441089
0.254166
0.0151588
0.331813
0.470172
0.708193
0.760097
0.329852
0.0234499
0.136698
0.113176
0.0981179
0.316416
0.623094
0.354346
0.655664
0.0708784
0.409006
0.679763
0.23487
0.217291
0.59987
0.00341509
0.0922371
0.38212
0.0291314
0.0593751
0.288323
0.04896
0.0505048
0.648225
0.0167589
0.100869
0.578869
0.0132257
0.679202
0.15825
0.331818
0.273699
0.283094
0.07786
0.656836
0.0985524
0.420909
0.0428089
0.692734
0.69092
0.0879227
0.360052
0.137315
0.351832
0.355855
0.306639
0.462504
0.331294
0.529386
0.227677
0.206144
0.0272858
0.510015
0.0920841
0.190255
0.0153866
0.0342317
0.378969
0.334696
0.497875
0.525763
0.67661
0.645899
0.054681
0.185588
0.0829582
0.457387
0.183898
0.663073
0.145876
0.118905
0.227637
0.27322
0.274299
0.63885
0.154919
0.0526325
0.0553549
0.367761
0.00637614
0.11932
0.442006
0.159788
0.0644853
0.450138
0.789371
0.596114
0.353895
0.0929884
0.554004
0.277455
0.158882
0.741681
0.39033
0.259503
0.465012
0.174631
0.309336
0.415205
0.0079774
0.334286
0.0120181
0.188715
0.443998
0.450761
0.206458
0.403436
0.0858972
0.264404
0.4028
0.386656
0.239083
0.169458
0.370251
0.31592
0.717766
0.641285
0.52385
0.173124
0.0546579
0.522168
0.273557
0.611248
0.293715
0.759149
0.203749
0.597052
0.168501
0.136516
0.450085
0.586593
0.631764
0.247239
0.791865
0.472916
0.0444038
0.252235
0.355232
0.0178817
0.139044
0.013317
0.459768
0.0358319
0.0230219
0.0540901
0.611463
0.104911
0.363323
0.519345
0.160623
0.0118014
0.633907
0.399546
0.58335
0.14178
0.0940222
0.144011
0.256369
0.00216231
0.552975
0.129415
0.359879
0.569363
0.451222
0.242718
0.429568
0.428327
0.000373316
0.0627512
0.427095
0.643733
0.294894
0.465486
0.345649
0.507056
0.142916
0.19179
0.20249
0.328422
0.6606
0.022259
0.174143
0.101772
0.379523
0.407248
0.0105753
0.660874
0.277493
0.293056
0.408786
0.301308
0.349582
0.294046
0.598944
0.533775
0.636172
0.254285
0.212532
0.0764361
0.349612
0.393745
0.349095
0.554896
0.790897
0.0135289
0.499213
0.0495739
0.00198359
0.624371
0.35047
0.444118
0.184065
0.204046
0.382494
0.652666
0.404903
0.000792227
0.147419
0.000281488
0.541196
0.0809221
0.0438073
0.127708
0.280048
0.0771623
0.552104
0.240424
0.0982464
0.00610224
0.314626
0.190193
0.493197
0.297742
0.401598
0.291143
0.352788
0.0142819
0.628758
0.237945
0.000857604
0.353784
0.62925
0.188674
0.293297
0.392936
0.425938
0.00115106
0.247784
0.589632
0.062999
0.00303184
0.336091
0.164086
0.00779577
0.568572
0.244719
0.449596
0.19552
0.327273
0.623749
0.00409986
0.171824
0.251942
0.454141
0.300547
0.0301402
0.0701547
0.365547
0.0542761
0.00181862
0.264983
0.23176
0.511947
0.238934
0.387256
0.00937793
0.357973
0.0171547
0.0798467
0.592594
0.268439
0.658404
0.0739218
0.0147469
0.612734
0.0108237
0.377061
0.239618
0.060098
0.000182793
0.502695
0.0707719
0.072396
0.150108
0.281631
0.0728965
0.646278
0.181891
0.00152682
0.258559
0.0407082
0.273053
0.285462
0.462805
0.223127
0.508437
0.106753
0.0777186
0.164732
0.0318083
0.382942
0.0541568
0.489161
0.163147
0.157955
0.258252
0.345353
0.418922
0.416962
0.302689
0.375015
0.0140833
0.0561791
0.41987
0.180284
0.0388746
0.301916
0.815983
0.570269
0.10976
0.610452
0.552951
0.0738287
0.0927229
0.0842487
0.72705
0.0102438
0.361655
0.807664
0.285821
0.0114979
0.160235
0.165627
0.541816
0.57684
0.189495
0.000221203
0.574359
0.466513
0.312394
0.419599
0.777371
0.322384
0.320718
0.506303
0.26197
0.130958
0.663585
0.0579839
0.365799
0.252595
0.0390119
0.604956
0.260183
0.0673752
0.107945
0.255382
0.510961
0.46215
0.373374
0.0183392
0.653012
0.187216
0.331451
0.358574
0.378046
0.291932
0.0349535
0.217561
0.0509901
0.296915
0.375773
0.169643
0.223163
0.172559
0.604948
0.0812636
0.272035
0.0714474
0.403463
0.348677
0.277476
0.580222
0.16046
0.0124452
0.561483
0.0183331
0.223606
0.230545
0.217576
0.168232
0.325845
0.0100583
0.279205
0.439261
0.0658907
0.0712347
0.267412
0.68111
0.476135
0.182591
0.103097
0.466578
0.265988
0.0051485
0.312834
0.597622
0.0419474
0.611838
0.464779
0.515437
0.21362
0.784445
0.0570689
0.138544
0.00583382
0.446002
0.224544
0.00705353
0.630965
0.183232
0.330552
0.440465
0.0544386
0.0270207
0.290661
0.00974804
0.0498213
0.522061
0.00865702
0.46799
0.290249
0.140963
0.250434
0.118002
0.128041
0.532857
0.586546
0.00945783
0.352249
0.0120732
0.23071
0.371422
0.072807
0.339754
0.382757
0.654982
0.317419
0.288817
0.533862
0.300512
0.517193
0.474591
0.587878
0.46493
0.11896
0.119457
0.0748643
0.471136
0.534866
0.319112
0.159326
0.0206104
0.158384
0.0553244
0.276575
0.58613
0.539157
0.00155313
0.0925662
0.0447557
0.629049
0.0796931
0.0757915
0.0379418
0.416343
0.588342
0.0555702
0.247207
0.367666
0.0657601
0.101022
0.471912
0.518215
0.00667266
0.267913
0.19451
0.624829
0.00614984
0.486122
0.552455
0.544614
0.221038
0.494576
0.258731
0.284284
0.00507404
0.400097
0.184313
0.0116641
0.709575
0.577373
0.31967
0.118616
0.116492
0.291551
0.10877
0.0709516
0.395128
0.540145
0.00518497
0.00461441
0.155501
0.570663
0.692877
0.63365
0.717223
0.0911588
0.575601
0.216221
0.0357702
0.201296
0.216868
0.0733326
0.508434
0.334086
0.532968
0.611825
0.426689
0.0731693
0.254197
0.794814
0.515032
0.0348596
0.224633
0.0694453
0.00291699
0.420964
0.608305
0.000848083
0.0379643
0.0490793
0.651688
0.239649
0.0149417
0.378878
0.302425
0.352027
0.180629
0.619779
0.468989
0.864031
0.612522
0.556128
0.317309
0.0295925
0.857495
0.223266
0.611625
0.0689542
0.436604
0.707007
0.725625
0.475297
0.284515
0.29984
0.00715336
0.225225
0.0803492
0.65008
0.414321
0.0451492
0.158804
0.484197
0.0256542
0.320532
0.0799047
0.00305402
0.328064
0.253492
0.503191
0.308101
0.624263
0.381771
0.304616
0.338521
0.809396
0.214924
0.82278
0.347
0.457732
0.0859127
0.18534
0.15501
0.0136388
0.220324
0.369989
0.0847532
0.422679
0.328077
0.462907
0.26498
0.366339
0.28065
0.265907
9.13662e-05
0.607223
0.341314
0.505339
0.0724359
0.383812
0.0102487
0.61361
0.511059
0.0142138
0.549163
0.0126737
0.0123436
0.427109
0.222908
0.28945
0.629306
0.31182
0.00466903
0.0163387
0.269567
0.538831
0.0313013
0.11383
0.500306
0.377246
0.295386
0.203112
0.472912
0.065873
0.291249
0.071776
0.177089
0.631872
0.427934
0.326427
0.0469908
0.00603355
0.123211
0.0361019
0.587937
0.0602753
0.652029
0.194164
0.372725
0.000610928
0.0181061
0.250017
0.50949
0.0539963
0.364866
0.50412
0.137553
0.279259
0.227128
0.612435
0.487779
0.154689
0.34434
0.418134
0.539152
0.252699
0.322517
0.203314
0.488624
0.187783
0.0338202
0.542488
0.115393
0.108681
0.777983
0.431107
0.305795
0.264452
0.00333067
0.446539
0.156854
0.477675
0.33666
0.154314
0.532598
0.185799
0.714801
0.558501
0.458911
0.757354
0.823622
0.425699
0.367191
0.301903
0.197838
0.369973
0.240102
0.0243623
0.671625
0.254811
0.258938
0.00790278
0.0127229
0.554235
0.463356
0.336259
9.21184e-05
0.358191
0.575992
0.359173
0.515913
0.206187
0.374916
0.375989
0.308325
0.45145
0.504955
0.405483
0.0505929
0.394938
0.150488
0.262067
0.632443
0.330124
0.228522
0.26288
0.00278023
0.506827
0.108154
0.00032268
0.343255
0.512887
0.154835
0.591542
0.00180717
0.526624
0.249638
0.161955
0.489422
0.0399642
0.748689
0.313836
0.329421
0.251169
0.248902
0.132203
0.476598
0.211232
0.0403501
0.0288627
0.186605
0.48555
0.430149
0.38168
0.322555
0.302469
0.119206
0.619096
0.146108
0.0046318
0.185969
0.737451
0.610263
0.126737
0.15435
0.117806
0.0320651
0.00457431
0.737502
0.209267
0.275385
0.352825
0.0592535
0.310004
0.442544
0.00239858
0.829383
0.266425
0.257198
0.019051
0.306878
0.0266901
0.736491
0.54803
0.411736
0.0116311
0.0532327
0.122622
0.591361
0.445331
0.185395
0.646536
0.209507
0.0940723
0.390712
0.357955
0.41107
0.660243
0.628805
0.688733
0.349664
0.265547
0.394451
0.160231
0.0229099
0.195924
0.378257
0.527781
0.746059
0.595404
0.000560654
0.289534
0.0873989
0.536079
0.0750542
0.806096
0.698878
0.0289723
0.653905
0.532934
0.653887
0.0949787
0.400295
0.119154
0.277587
0.643068
0.0949134
0.685389
0.34011
0.420103
0.00688157
0.246916
0.00392368
0.307113
0.394193
0.358671
0.821951
0.486808
0.763212
0.0923677
0.285298
0.268405
0.394518
0.249466
0.520578
0.0347445
0.515423
0.509124
0.202731
0.254126
0.792654
0.216106
0.0022156
0.108261
0.303773
0.691735
0.0165363
0.0856342
0.194283
0.00126911
0.474962
0.475828
0.297532
0.00140272
0.16904
0.296953
0.113526
0.28106
0.309667
0.822109
0.0631282
0.145284
0.0451768
0.556142
0.727044
0.121221
0.148116
0.0687087
0.0313215
0.625004
0.00132705
0.554668
0.313702
0.478305
0.159689
0.436461
0.614819
0.146278
0.593478
0.0209427
0.35218
0.326534
0.476592
0.420693
0.178574
0.176324
0.268553
0.01653
0.602034
0.103832
0.213359
0.589678
0.55152
0.147111
0.0563529
0.840915
0.00471266
0.420423
0.297067
0.035617
0.07124
0.399633
0.674348
0.000757822
0.00470208
0.103921
0.219825
0.348218
0.148519
0.387894
0.313523
0.77656
0.126039
0.031924
0.246667
0.287445
0.12871
0.228491
0.0272898
0.0129618
0.554216
0.188812
0.676001
0.333376
0.390254
0.821091
0.664506
0.330834
0.326993
0.430112
0.564552
0.741356
0.374981
0.191374
0.651682
0.0374182
0.18333
0.670302
0.217905
0.518348
0.593511
0.311687
0.177918
0.70055
0.499931
0.299679
0.211898
0.0051132
0.503595
0.403235
0.0535432
0.294172
0.4328
0.270919
0.0251792
0.496527
0.546129
0.000401442
0.252412
0.813065
0.322943
0.598019
0.097721
0.400303
0.267729
0.711523
0.393419
0.024388
0.0383661
0.520051
0.414029
0.12112
0.17908
0.576659
2.90856e-05
0.047059
0.787783
0.427771
0.485358
0.0284346
0.226192
0.141643
0.145047
0.520057
0.318651
0.0103735
0.375444
0.285309
0.00214751
0.34034
0.735683
0.445209
0.30563
0.356526
0.0468617
0.158707
0.431738
0.373867
0.689187
0.443162
0.4745
0.000532532
0.0413925
0.612992
0.253796
0.405761
0.272806
0.380511
0.307334
0.0599662
0.688536
0.315861
0.00877008
0.0307037
0.743178
0.429375
0.251714
0.341796
0.038356
0.343254
0.133451
0.0177628
0.57535
0.786223
0.510377
0.177449
0.448261
0.113261
0.794199
0.492581
0.532728
0.57216
0.257857
0.653122
0.327594
0.219259
0.830641
0.392153
0.00119953
0.0423899
0.272209
0.432451
0.314829
0.355902
0.389528
0.445334
0.342348
0.194861
0.0141761
0.13696
0.330194
0.13167
0.0136893
0.60296
0.768484
0.489115
0.413374
0.598992
0.22794
0.52731
0.279101
0.798187
0.417531
0.43446
0.243966
0.601167
0.024876
0.646427
0.0363902
0.704572
0.0179088
0.463196
0.141137
0.148878
0.0820932
0.769222
0.0896589
0.0073019
0.300554
0.000287065
0.247283
0.299371
0.296492
4.55357e-05
0.0362203
0.650338
0.557358
0.118504
0.371036
0.433234
0.310966
0.0648198
0.147148
0.714294
0.450304
0.22555
0.451162
0.228505
0.0390135
0.0214813
0.221652
0.427627
0.00527448
0.605045
0.0771147
0.0393517
0.234975
0.256783
0.0978026
0.310063
0.340329
0.112021
0.682006
0.681594
0.505595
0.581176
0.0194842
0.291838
0.487896
0.307355
0.625277
0.0838685
0.219034
0.134664
0.579556
0.424162
0.0215688
0.429979
0.00886096
0.268849
0.491731
0.310231
0.659359
0.210394
0.00184963
0.0763723
0.208993
0.0917755
0.339521
0.105345
0.644044
0.492607
0.472541
0.422535
0.28422
0.0597678
0.00257645
0.630512
0.0776246
0.193636
0.368242
0.762981
0.570723
0.610785
0.424435
0.259514
0.000817596
0.0629093
0.692653
0.402796
0.231768
0.443157
0.103311
0.339774
0.0270098
0.125313
0.0424995
0.781041
0.785646
0.651825
0.0276163
0.311805
0.335859
0.434798
0.316688
0.111265
0.441449
0.014609
0.649624
0.0120898
0.25841
0.308002
0.0161889
0.126216
0.09989
0.59901
0.727141
0.709331
0.0681316
0.0858967
0.29164
0.55326
0.0673855
0.57771
0.157971
0.0811129
0.327826
0.334671
0.480377
0.144403
0.213769
0.315665
0.534346
0.0908626
0.121348
0.384353
0.685664
0.377197
0.0222485
0.513127
0.439371
0.0853319
0.048081
0.00146234
0.725499
0.406392
0.659824
0.243118
0.141195
0.0160438
0.141043
0.490653
0.400484
0.132417
0.155947
0.0470719
0.245649
0.16129
0.0925362
0.000929962
0.687469
0.0733079
0.0191937
0.291595
0.435306
0.23046
0.322961
0.210026
0.468196
0.204401
0.312308
0.198381
0.020929
0.42646
0.174101
0.33406
0.0723831
0.530433
0.0528573
0.260159
0.56059
0.282573
0.442952
0.052689
0.0536447
0.150828
0.0377149
0.163592
0.377995
0.00840538
0.471643
0.228371
0.0942022
0.550933
0.304292
0.171994
0.00364237
0.0634534
0.491833
0.38099
0.459046
0.34733
0.341169
0.315336
0.296333
0.604334
0.224749
0.0123738
0.339222
0.13955
0.00927004
0.298722
0.631201
0.378557
0.0910076
0.0265412
0.0513328
0.449948
0.39667
0.19782
0.371865
0.0159259
0.527861
0.179598
0.760475
0.079718
0.140756
0.478566
0.01712
0.0215256
0.156663
0.830147
0.114505
0.166986
0.0709061
0.176162
0.22809
0.000888567
0.000547865
0.129111
0.257103
0.29214
0.29552
0.509279
0.384592
0.513031
0.430353
0.00108583
0.29216
0.206711
0.68358
0.0554061
0.161087
0.50471
0.612385
0.561134
0.38338
0.578121
0.336388
0.562499
0.0015856
0.22401
0.137849
0.634991
0.349517
0.344538
0.595393
0.15631
0.0636967
0.0393671
0.01257
0.253235
0.0574627
0.487794
0.16677
0.283578
0.823579
0.306897
0.490058
0.189788
0.72912
0.291407
0.0198988
0.0230234
0.127699
0.540295
0.0364565
0.0724683
0.0441774
0.418304
0.0584877
0.219022
0.11547
0.574653
0.644647
0.440921
0.770494
0.109468
0.142921
0.408486
0.0341778
0.7856
0.0472793
0.594838
0.105757
0.318218
0.233279
0.344585
0.0656803
0.00175482
0.0475207
0.350818
0.356144
0.199637
0.454687
0.263227
0.398463
0.347647
0.327346
0.0362905
0.421527
0.381728
0.23798
0.402241
0.000493937
0.764523
0.0188143
0.40014
0.362314
0.168552
0.00401534
0.56806
0.0653739
0.0210385
0.115285
0.300557
0.424221
0.338621
0.583279
0.733334
0.514585
0.172957
0.322564
0.401377
0.0790775
0.253337
0.0133887
0.448687
0.157833
0.50253
0.171068
0.10659
0.0868274
0.0598912
0.10909
0.0889025
0.477078
0.0416726
0.261565
0.47416
0.524129
0.0754778
0.159509
0.480296
0.256858
0.0528707
0.157419
0.474413
0.589716
0.159225
0.119619
0.0114472
0.12839
0.193464
0.0667764
0.324199
0.322715
0.261931
0.00423982
0.00546679
0.307676
0.143381
0.556809
0.0399934
0.759667
0.296022
0.693362
0.0108964
0.51956
0.491846
0.296797
0.58475
0.417357
0.0559612
0.37256
0.467878
0.53816
0.675038
0.107944
0.0779846
0.0635012
0.159559
0.0689015
0.536031
0.468011
0.260166
0.652739
0.288413
0.240242
0.134063
0.551764
0.0735564
0.69225
0.589425
0.550583
0.580734
0.302792
0.332092
0.0984487
0.252689
0.566089
0.319668
0.477585
0.252297
0.436588
0.0756543
0.023329
0.350372
0.581657
0.458749
0.0240578
0.752619
0.0750986
0.138826
0.36911
0.10134
0.252324
0.385706
0.0240028
0.55851
0.638958
0.376377
0.744076
0.407204
0.381826
0.332537
0.135597
0.194567
0.687179
0.590343
0.323277
0.210261
0.0174782
0.343681
0.107812
0.00164736
0.586035
0.00825132
0.705053
0.162694
0.160114
0.32606
0.0254385
0.0477562
0.485917
0.0399868
0.427174
0.382972
0.109947
0.291177
0.0304328
0.0139083
0.182059
0.0953006
0.0254131
0.305053
0.51075
0.237724
0.318905
0.0437995
0.289175
0.444725
0.380863
0.207225
0.0538156
0.424239
0.215213
0.209551
0.00798515
0.305138
0.32261
0.0866125
0.00662522
0.513222
0.269963
0.0330208
0.271293
0.0572528
0.656394
0.595762
0.737858
0.78084
0.637368
0.198092
0.230888
0.373266
0.645381
0.741858
0.164898
0.272922
0.285602
0.00551381
0.0853012
0.721825
0.15923
0.12198
0.228505
0.618906
0.599317
0.397627
0.283138
0.459704
0.0432806
0.16607
0.0911406
0.376527
0.0447802
0.469257
0.0114715
0.463461
0.00579822
0.492791
0.339827
0.633713
0.144739
0.0604159
0.253042
0.566029
0.000970277
0.336218
0.0658757
0.0504013
0.599003
0.043044
0.627653
0.050352
0.314008
0.127865
0.27057
0.291668
0.324113
0.434315
0.02593
0.0368121
0.258403
0.554693
0.0107618
0.148725
0.0461015
0.19448
0.0792807
0.571974
0.237155
0.182925
0.152446
0.0033547
0.453695
0.0903964
0.0824548
0.16029
0.429599
0.0201609
0.167545
0.0327216
0.315948
0.169941
0.506105
0.313421
0.103039
0.637083
0.469135
0.647866
0.506202
0.730691
0.00227086
0.327722
0.434493
0.338434
0.813806
0.219207
0.316398
0.524187
0.145304
0.00940816
0.560747
0.565715
0.348326
0.376004
0.522561
0.498385
0.00633467
0.118713
0.517799
0.508259
0.369883
0.0836821
0.296041
0.0236426
0.413379
0.0959566
0.712079
0.0958789
0.4106
0.410296
0.33943
0.0441073
0.529928
0.503592
0.117167
0.723637
0.153173
0.126724
0.0475416
0.309043
0.353558
0.0106244
0.0679098
0.0188109
0.115686
0.0422334
0.0555034
0.311125
0.180087
0.0257317
0.0102223
0.411102
0.390051
0.195934
0.333502
0.0175279
0.513904
0.132493
0.481639
0.421554
0.255114
0.384339
0.199901
0.375077
0.0167248
0.417009
0.0390817
0.594554
0.00138013
0.0017886
0.256441
0.0290465
0.539172
0.0418129
0.186703
0.773928
0.359667
0.373838
0.230465
0.121611
0.0118179
0.390833
0.0896521
0.244859
0.000650535
0.0270039
0.222608
0.237694
0.736569
0.000434026
0.324949
0.164533
0.634188
0.24158
0.103317
0.312444
0.0913955
0.187607
0.11728
0.0919373
0.0713781
0.408253
0.590834
0.187141
0.368735
0.266708
0.364743
0.0367041
0.594414
0.546746
0.334236
0.501682
0.307526
0.0271809
0.0295972
0.393257
0.506535
0.218135
0.0335215
0.513343
0.24111
0.480032
0.46239
0.129856
0.175759
0.326834
0.675805
0.365918
0.394175
0.0140208
0.681842
0.295875
0.53391
0.246169
0.108989
0.541354
0.0606741
0.12911
0.289922
0.453664
0.25926
0.522084
0.325242
0.0466921
0.128527
0.479365
0.240621
0.121168
0.0908792
0.345274
0.0262254
0.400912
0.0865945
0.0836651
0.266939
0.33997
0.252096
0.273291
0.191105
0.457545
0.139209
0.011857
5.12922e-05
0.322971
0.000547321
0.0322677
0.330768
0.239033
0.156365
0.121124
0.166758
0.266401
0.127002
0.0243618
0.706624
0.400174
0.127419
0.0292194
0.351576
0.0137509
0.00350551
0.15691
0.0919866
0.696769
0.303199
0.215333
0.0319998
0.517362
0.0514567
0.282959
0.606855
0.425398
4.31011e-06
0.40334
0.807061
0.544407
0.138067
0.334316
0.63699
0.399883
0.384011
0.300708
0.00143699
0.505025
0.155235
0.785962
0.258015
0.0195391
0.229962
0.438423
0.475566
0.0304327
0.553193
0.507229
0.231518
0.389455
0.418498
0.269586
0.000183603
0.337279
0.316818
0.277053
0.470461
0.00855281
0.00813133
0.718512
0.325931
0.475151
0.520832
0.693525
0.0640583
0.157358
0.126589
0.525014
0.592299
0.573922
0.674257
0.268808
0.301174
0.304731
0.142607
0.0317794
0.678108
0.642969
0.201359
0.19291
0.140504
0.238724
0.289336
0.154279
0.180299
0.535422
0.245729
0.454055
0.281786
0.188494
0.742638
0.376936
0.589991
0.538521
0.330066
0.221717
0.553293
0.504577
0.376228
0.0975156
0.385285
0.497157
0.342451
0.310901
0.345096
0.508488
0.0662911
0.442745
0.474408
0.618898
0.101504
0.586009
0.22384
0.0418087
0.730804
0.501627
0.0469326
0.00432749
0.298046
0.373264
0.725142
0.460185
0.479747
0.244953
0.357494
0.359441
0.342954
0.144689
0.520899
0.135979
0.248257
0.234615
0.632881
0.184591
0.445479
0.364781
0.465818
0.0544071
0.116784
0.759564
0.0380307
0.859597
0.304226
0.42307
0.11535
0.0078837
0.221698
0.309276
0.0361429
0.0726307
0.419212
0.382801
0.309279
0.247817
0.232496
0.0497254
0.702798
0.29801
0.0499985
0.401455
0.172767
0.0549925
0.503243
0.598896
0.478451
0.185236
0.442209
0.305216
0.362946
0.0260339
0.471569
0.00421588
0.0434142
0.412297
0.319439
0.510397
0.303885
0.098482
0.487008
0.278419
0.060615
0.189172
0.166839
0.598169
0.398834
0.311975
0.580525
0.225096
0.642383
0.114694
0.00215274
0.230259
0.513337
0.158751
0.316701
0.00600663
0.166677
0.374796
0.454356
0.770741
0.1332
0.306079
0.320579
0.16296
0.270586
0.35334
0.516863
0.622904
0.423451
0.298617
0.830339
0.1845
0.16117
0.741178
0.196767
0.358211
0.150131
0.0156308
0.584705
0.584436
0.356114
0.40858
0.378352
0.0799103
0.00545442
0.421951
0.492412
0.253826
0.309755
0.0366493
0.158879
0.2701
0.145917
0.0501683
0.33304
0.194453
0.816539
0.437651
0.0575413
0.0325074
0.470673
0.802227
0.364322
0.00572674
0.411792
0.563586
0.322746
0.261601
0.150443
0.304587
0.0798367
0.322645
0.482712
0.268819
0.0422647
0.559714
0.296409
0.672255
0.634412
0.71817
0.0693148
0.0198586
0.2102
0.583075
0.0715333
0.00662541
0.0375703
0.536997
0.465423
0.330125
0.16981
0.00931085
0.0434167
0.00753339
0.217195
0.159197
0.0135986
0.385734
0.0169573
0.342585
0.471954
0.276189
0.221868
0.305342
0.479486
0.313691
0.0545203
0.388609
0.69539
0.373123
0.00470903
0.327062
0.527312
0.409087
0.582154
0.0739165
0.299777
0.41073
0.709769
0.667161
0.0495453
0.181321
0.281231
0.423609
0.113041
0.654898
0.0111461
0.0584405
0.328017
0.053149
0.135558
0.30215
0.195022
0.639249
0.309298
0.685457
0.308115
0.0166717
0.152452
0.141925
0.453075
0.082305
0.0483767
0.520144
0.149343
0.175618
0.430871
0.014009
0.0350701
0.123627
0.650041
0.732159
0.437157
0.562236
0.562086
0.680254
0.574886
0.46791
0.0868815
0.294229
0.457565
0.0642955
0.0541791
0.136941
0.127243
0.745867
0.264666
0.850216
0.678343
0.152367
0.00551096
0.223167
0.421277
0.228201
0.255081
0.538817
0.0505811
0.272792
0.266685
0.00454283
0.14633
0.350321
0.165495
0.0601494
0.672159
0.00670787
0.245451
0.136316
0.396394
0.0476856
0.0916361
0.111934
0.00681059
0.52791
0.0863938
0.0362363
0.144469
0.826032
0.571425
0.579493
0.301025
0.110952
0.0227809
0.371229
0.430301
0.0739489
0.372099
0.346669
0.233237
0.0663081
0.526909
0.00504282
0.126532
0.460727
0.0256983
0.0773931
0.247124
0.143932
0.234987
0.197206
0.412668
0.267596
0.0113783
0.0888821
0.327833
0.0766021
0.831315
0.282154
0.182496
0.449767
0.457771
0.236234
0.0401317
0.447645
0.281132
0.000284487
0.507156
0.0294099
0.0290578
0.414619
0.628493
0.302255
0.265077
0.0327878
0.418587
0.379142
0.274112
0.293788
0.589356
0.27672
0.435135
0.445263
0.109684
0.370437
0.519404
0.0147945
0.321299
0.00147246
0.103956
0.032104
0.149469
0.176909
0.761729
0.26357
0.321281
0.0305541
0.569589
0.536544
0.105887
0.510835
0.424858
0.321297
0.0922374
0.406421
0.0373518
0.626692
0.747484
0.0347293
0.0161995
0.156077
0.2553
0.311161
0.406038
0.00246695
0.0210924
0.305411
0.110043
0.19254
0.588276
0.59357
0.362291
0.318744
0.607221
0.223424
0.304629
0.314321
0.0276579
0.100601
0.134765
0.00640022
0.286347
0.445648
0.171492
0.138985
0.125084
0.410669
0.527693
0.47883
0.333439
0.00934784
0.232976
0.004462
0.66278
0.550124
0.0608667
0.603641
0.0351988
0.100669
0.575756
0.835997
0.460698
0.496433
0.0103175
0.00932027
0.210462
0.713495
0.14222
0.1693
0.461367
0.540081
0.0917717
0.00375661
0.355572
0.00752833
0.254211
0.193821
0.105239
0.103981
0.296986
0.349441
0.0766459
0.10823
0.404451
0.21389
0.0502545
0.599295
0.315801
0.204247
0.479377
0.00549461
0.153135
0.21226
0.411667
0.311808
0.336383
0.663238
0.011326
0.0878222
0.232447
0.471967
0.0557466
0.395691
0.0656926
0.368931
0.122096
0.756483
0.315452
0.0906068
0.00271139
0.0579016
0.259654
0.0540305
0.443087
0.233948
0.0979346
0.614738
0.359103
0.0988236
0.110095
0.0489616
0.450391
0.046336
0.541574
0.0209896
0.293908
0.721229
0.277711
0.214027
0.192342
0.0179277
0.210167
0.0157763
0.114869
0.369171
0.298355
0.296116
0.465123
0.255304
0.0577628
0.464973
0.0233901
0.378123
0.516581
0.052379
0.168492
0.592825
0.320676
0.122638
0.257448
0.0382617
0.595848
0.31116
0.0105671
0.142565
0.202152
0.0287107
0.652894
0.419122
0.0165682
0.492879
0.259433
0.476628
0.449085
0.495323
0.345814
0.246722
0.1766
0.0602712
0.419831
0.116511
0.528678
0.740012
0.577729
0.000898888
0.149047
0.248196
0.490866
0.415831
0.33073
0.283549
0.41717
0.271384
0.65838
0.00165965
0.316723
0.614797
0.729496
7.1e-06
0.660588
0.260202
0.0139841
0.307613
0.305859
0.265027
0.558854
0.16645
0.587426
0.385856
0.665365
0.643069
0.0230842
0.0177653
0.680213
0.118054
0.242528
0.176056
0.113954
0.710755
0.294063
0.0119179
0.3986
0.290731
0.117048
0.0102495
0.365279
0.0870286
0.177251
0.0570983
0.0190865
0.101796
0.318421
0.458223
0.0306879
0.00340624
0.340399
0.36509
0.615001
0.128058
0.291878
0.569972
0.147383
0.284947
0.0561615
0.311461
0.0174715
0.000899661
0.000253485
0.0285101
0.259732
0.0172727
0.302955
0.266295
0.297666
0.431631
0.0063836
0.00859612
0.0255559
0.196961
0.402361
0.585196
0.269529
0.00103545
0.772074
0.457062
0.623234
0.113227
0.0356034
0.0256227
0.213483
0.314328
0.234475
0.443642
0.201922
0.578827
0.175992
0.11414
0.00122382
0.00017853
0.539089
0.0224367
0.232408
0.112733
0.279432
0.0621778
0.000125164
0.574513
0.418481
0.248441
0.648045
0.422625
0.31442
0.448867
0.484252
0.319705
0.0643919
0.254364
0.572104
0.440608
0.207424
0.307085
0.0301577
0.114455
0.442021
0.530505
0.160273
0.626127
0.0162651
0.102051
0.435761
0.394992
0.0178936
0.276978
0.00573858
0.586165
0.62423
0.564527
0.213449
0.0180659
0.0373767
0.444117
0.0107467
0.260286
0.303856
0.312956
0.0120342
0.705407
0.579946
0.157301
0.450562
0.00971388
0.00393072
0.00046151
0.0377852
0.427111
0.0906235
0.187832
0.0407584
0.524799
0.0504824
0.175106
0.0695852
0.322278
0.0103878
0.0695899
0.465723
0.206339
0.225648
0.789216
0.316854
0.232746
0.238999
0.218739
0.678051
0.513091
0.0342504
0.100033
0.189819
0.0500046
0.34297
0.00595569
0.203243
0.0031129
0.0321576
0.215462
0.302077
0.290819
0.00675414
0.337199
0.379702
0.0995256
0.20145
0.00385471
0.302842
0.257463
0.301336
0.284461
0.34615
0.635187
0.406559
0.0363349
0.518851
0.60427
0.580968
0.515236
0.147915
0.376054
0.377527
0.389082
0.235656
0.112007
0.268584
0.56156
0.423499
0.00311964
0.0441116
0.741289
0.0780097
0.0472308
0.500206
0.511346
0.628841
0.0269911
0.0351297
0.301062
0.519317
0.249616
0.404836
0.0669808
0.309436
0.566016
0.424065
0.00716536
0.415341
0.543862
0.0801242
0.0828312
0.0231889
0.00860259
0.0321963
0.554855
0.0170857
0.428805
0.305945
0.362372
0.602128
0.608854
0.724533
0.010665
0.618591
0.208336
0.532586
0.150282
0.0661039
0.369289
0.279619
0.731763
0.0654811
0.000450897
0.671183
0.0838128
0.00907408
0.289054
0.23823
0.479206
0.37625
0.199808
0.0509522
0.549899
0.508803
0.403107
0.564559
0.366027
0.629395
0.431866
0.0306452
0.925937
0.638713
0.0410049
0.24301
0.0235594
0.492799
0.334993
0.00355523
0.0202583
0.498023
0.00708082
0.0628229
0.68888
0.752677
0.0981357
0.811891
0.286534
0.315898
0.454624
0.49714
0.222225
0.683133
0.6824
0.0516935
0.56934
0.0181939
0.209479
0.111014
0.312284
0.308855
0.389993
0.315847
0.387411
0.220522
0.420738
0.222322
0.446298
0.209588
0.538882
0.363773
0.0881918
0.00249148
0.0669622
0.200824
0.00979008
0.856502
0.600171
0.289842
0.053575
0.268521
0.189431
0.311334
0.000158331
0.475779
0.00825299
0.649635
0.696152
0.332305
0.526174
0.691925
0.839653
0.00807935
0.259339
0.0456218
0.197492
0.535163
0.251725
0.367076
0.367395
0.242019
0.331609
0.312346
0.642584
0.446281
0.26007
0.325531
0.297927
0.107523
0.495868
0.560658
0.492283
0.228587
0.53845
0.00165538
0.104513
0.377321
0.249033
0.146664
0.276098
0.0668986
0.0665586
0.106158
0.245237
0.366177
0.558034
0.0881421
0.48561
0.137684
0.00777231
0.117695
0.0869337
0.284581
0.106467
0.0651957
0.322497
0.40613
0.53341
0.00434432
0.284738
0.0785287
0.574064
0.0837415
0.00139477
5.94596e-05
0.284699
0.134345
0.00554807
0.0750396
0.177116
0.296278
0.299128
0.0108592
0.163033
0.00399521
0.00261907
0.136978
0.409882
0.00254393
0.832736
0.810407
0.133034
0.117591
0.376071
0.281372
0.0165134
0.498285
0.0850298
0.547246
0.00540397
0.0244627
0.329311
0.13073
0.275633
0.59144
0.372098
0.21849
0.487893
0.110507
0.126607
0.44745
0.726688
0.00249719
0.290069
0.209077
0.233336
0.460419
0.0324928
0.146266
0.0352943
0.386791
0.39856
0.0693782
0.618622
0.0100716
0.00185521
0.309606
0.562581
0.601152
0.559275
0.253883
0.0714164
0.324265
0.689736
0.10483
0.558397
0.252873
0.129277
0.473381
0.0117241
0.469389
0.294329
0.018943
0.583952
0.345412
0.0392562
0.322198
0.0683285
0.306297
0.506286
0.0427382
0.487615
0.0386186
0.241226
0.0297486
0.200198
0.874301
0.124153
0.862391
0.607195
0.315113
0.81055
0.36073
0.316961
0.665511
0.421084
0.0206115
0.130621
0.0331261
0.829987
0.00600255
0.705916
0.0190709
0.129251
0.175303
0.42241
0.54662
0.00936083
0.334623
0.0342968
0.00662264
0.371434
0.00575774
0.0351636
0.00178864
0.57882
0.302759
0.384515
0.07761
0.15713
0.0718958
0.686256
0.0132349
0.0889295
0.62439
0.18836
0.0353786
0.701074
0.00698603
0.34147
0.558512
0.0116526
0.769786
0.457406
0.426767
0.352369
0.0680284
0.451551
0.234932
0.602927
0.384164
0.183668
0.417564
0.202105
0.20734
0.00709746
0.317789
0.17484
0.169328
0.462057
0.0358209
0.221235
0.0323088
0.661989
0.30053
0.408632
0.513201
0.318368
0.0391653
0.609029
0.0407785
0.21548
0.438142
0.00586592
0.634839
0.0912774
0.30062
0.480334
0.0813677
0.527229
0.218752
0.340741
0.0333509
0.665369
0.535798
0.537123
0.384448
0.461656
0.230228
0.142655
0.324354
0.0065165
0.0178397
0.428903
0.0244945
0.116124
0.161098
0.417358
0.503794
0.0024942
0.353249
0.0479436
0.0743336
0.258545
0.238026
0.0283216
0.000871268
0.289754
0.000922278
0.263753
0.0546103
0.233843
0.57904
0.661342
0.00317752
0.438747
0.77774
0.377992
0.189356
0.158346
0.0436811
0.706861
0.46656
0.338534
0.225645
0.107405
0.100395
0.238551
0.113387
0.380378
0.268409
0.609832
0.0291798
0.00489408
0.0897757
0.504918
0.415244
0.00116335
0.629426
0.441819
0.33933
0.00102712
0.103106
0.129359
0.0142208
0.584266
0.00895525
0.325215
0.452911
0.220199
0.564511
0.1262
0.118389
0.166838
0.0950587
0.289941
0.102384
0.495912
0.523888
0.802012
0.0481465
0.266923
0.0360131
0.000801751
0.0991652
0.0567377
0.17289
0.111937
0.654961
0.0094518
0.152674
0.397275
0.472829
0.0434141
0.0736572
0.555989
0.520566
0.633447
0.0980941
0.32363
0.554242
0.0953442
0.497771
0.532135
0.153012
0.331677
0.610189
0.367883
0.0637795
0.350094
0.0136108
0.024517
0.299919
0.138023
0.403468
0.216464
0.544779
0.443239
0.143331
0.00471167
0.0545905
0.0622521
0.224908
0.0287764
0.000471156
0.111654
0.263893
0.294264
0.343268
0.023712
0.0823157
0.339486
0.225637
0.542646
0.0657429
0.443136
0.584199
0.411636
0.705206
0.00231485
0.32831
0.667626
0.0867183
0.697191
0.401954
0.691937
0.173283
0.517238
0.0434823
0.416335
0.268824
0.779176
0.502789
0.341025
0.793446
0.478999
0.443896
0.781707
0.389006
0.462128
0.244736
0.380216
0.0957303
0.00115568
0.827009
0.0657172
0.138405
0.681983
0.229085
0.482103
0.0891771
0.00909635
0.0819865
0.212122
0.632732
0.27704
0.609157
0.677586
0.288053
0.178973
0.520801
0.0155974
0.3969
0.0557506
0.346756
0.148082
0.018067
0.418048
0.55418
0.424334
0.00143438
0.172209
0.00193444
0.268507
0.454385
0.0113832
0.426705
0.18563
0.0864265
0.320893
0.434014
0.25827
0.33569
0.385308
0.0304089
0.294709
0.0142962
0.216867
0.350108
0.341152
0.00637565
0.446021
0.411184
0.179125
0.783994
0.603318
0.214336
0.617977
0.394521
0.14588
0.311162
0.0979724
0.0896536
0.678823
0.396092
0.147663
0.00489931
0.5372
0.173964
0.110872
0.475414
0.401122
0.265007
0.369584
0.302703
0.284169
0.00503194
0.0841266
0.0582689
0.781201
0.516724
0.44781
0.159116
0.432266
0.430887
0.73524
0.628795
0.311377
0.245357
0.14077
0.0292516
0.236124
0.296693
0.0637263
0.115763
0.232145
0.460638
0.586165
0.629725
0.608581
0.128887
0.545257
0.134291
0.2976
0.313152
0.182846
0.310858
0.706061
0.386619
0.509381
0.455716
0.0496276
0.161256
0.338525
0.160479
0.227999
0.0577942
0.553762
0.190762
0.000831759
0.322055
0.159691
0.10858
0.682197
0.277247
0.0172851
0.718138
0.216021
0.534743
0.553837
0.605787
0.360121
0.13748
0.271754
0.286729
0.00583239
0.306564
0.254817
0.359031
0.271619
0.229332
0.786299
0.283237
0.105194
0.0314542
0.594576
0.0350841
0.176708
0.0764598
0.18211
0.167952
0.229487
0.57034
0.121517
0.155864
0.740554
0.0441667
0.24393
0.00867379
0.0480123
0.267068
0.107868
0.753289
0.1389
0.22587
0.411952
0.414007
0.386217
0.0123057
0.336889
0.332888
0.00355923
0.0612015
0.529375
0.527565
0.0139642
0.0915533
0.404915
0.138684
0.307488
0.468707
0.389081
0.217182
0.658029
0.0237195
0.0331268
0.0388605
0.556543
0.659994
0.307498
0.0115897
0.546981
0.0494405
0.719487
0.54486
0.683218
0.692411
0.280674
0.536585
0.598311
0.0906057
0.084788
0.421227
0.370276
0.568706
0.622486
0.0413366
0.438658
0.766426
0.580245
0.175146
0.536696
0.125869
0.117287
0.424454
0.171545
0.322008
0.592708
0.580584
0.389517
0.0818797
0.072232
0.719849
0.34246
0.709082
0.360383
0.500555
0.164466
0.00656823
0.617795
0.365569
0.17713
0.0975018
0.187466
0.000826689
0.267831
0.00906392
0.00956257
0.271017
0.0502739
0.286205
0.415298
0.0753057
0.433609
0.398384
0.344574
0.371336
0.0142902
0.465122
0.0641534
0.583281
0.687379
0.377476
0.0763381
0.0175802
0.0435161
0.00662721
0.239601
0.240796
0.117692
0.138412
0.137584
0.413064
0.298082
0.00727625
0.394192
0.00466128
0.0260635
0.378703
0.66619
0.00839803
0.00612424
0.358231
0.46477
0.0350589
0.0712876
0.286815
0.192574
0.112202
0.381598
0.503696
0.000122714
0.250342
0.379349
0.586274
0.432912
0.0781038
0.112463
0.40078
0.528844
0.522496
0.224475
0.459393
0.0219732
0.396358
0.00828245
0.248423
0.0568231
0.647346
0.253878
0.0712608
0.515498
0.5252
0.289604
0.0928684
0.104052
0.0911242
0.0950311
0.489096
0.533445
0.280105
0.20539
0.307475
0.036702
0.246276
0.44774
0.274637
0.249992
0.00726909
0.339632
0.398611
0.265748
0.74962
0.302576
0.706623
0.540243
0.433244
0.4463
0.0343462
0.520315
0.178864
0.195202
0.00732862
0.0631212
0.00167883
0.530146
0.33924
0.545513
0.318984
0.431705
0.509734
0.570713
0.022946
0.266727
0.222316
0.357989
0.118462
0.101646
0.48289
0.485655
0.337571
0.485605
0.24855
0.829538
0.346234
0.445812
0.365796
0.828368
0.164577
0.00221565
0.286853
0.0295005
0.583651
0.636916
0.00451461
0.696019
0.232926
0.305056
0.0676207
0.500084
0.105588
0.616111
0.643415
0.295602
0.255774
0.375441
0.608651
0.596665
0.455493
0.444571
0.110527
0.0759898
0.367244
0.404045
0.138441
0.168697
0.30278
0.0701083
0.516151
0.602689
0.403761
0.0593278
0.0516269
0.266279
0.103369
0.0986195
0.718342
0.127735
0.412254
0.642535
0.415452
0.00387127
0.143899
0.34975
0.790676
0.0482924
0.195294
0.538096
0.254105
0.560387
0.343603
0.500313
0.037852
0.33234
0.162077
0.218962
0.15816
0.0549435
0.297521
0.477021
0.0849287
0.451167
0.217581
0.0351871
0.0877459
0.0708462
0.174703
0.0123575
0.717636
0.15149
0.33571
0.0450867
0.44284
0.0539551
0.0283621
0.136147
0.413992
0.198935
0.213545
0.677804
0.125794
0.328704
0.00430301
0.476756
0.493519
0.415596
0.756829
0.241307
0.205951
0.0334825
0.000975033
0.380517
0.0768599
0.626143
0.433653
0.0972992
0.290353
0.542309
0.263415
0.440251
0.00965115
0.0539458
0.00133852
0.0536383
0.272142
0.0496962
0.735485
0.499112
0.0133165
0.38924
0.615873
0.629939
0.670869
0.0699664
0.321522
0.288404
0.339508
0.542346
0.310527
0.657634
0.388975
0.00354116
0.20529
0.00449886
0.181924
0.0964405
0.227323
0.274041
0.613264
0.0457372
0.686899
0.00288819
0.52234
0.568081
0.214811
0.188997
0.266444
0.630717
0.660186
0.261614
0.1034
0.525092
0.0581773
0.175306
0.744754
0.365443
0.315433
0.36897
0.513881
0.126635
0.0839529
0.168996
0.384088
0.0198788
0.29819
0.419016
0.204342
0.376157
0.269186
0.405344
0.371868
0.393708
0.00601898
0.339563
0.055436
0.3781
0.545934
0.416841
0.576213
0.62773
0.0720719
0.664115
0.361419
0.345171
0.0489632
0.00490054
0.567923
0.026177
0.126281
0.367196
0.237108
0.443467
0.0839775
0.156937
0.577226
0.531073
0.194276
0.0364002
0.547639
0.222904
0.399267
0.338597
0.126904
0.105053
0.00110849
0.397434
0.0675454
0.22959
0.600876
0.550396
0.689781
0.304414
0.665384
0.292521
0.143672
0.91949
0.506758
0.572235
0.390119
0.463974
0.11628
0.372816
0.00714896
0.164963
0.859606
0.0670664
0.513392
0.00699829
0.33308
0.091128
0.0398837
0.267784
0.501519
0.323031
0.579514
0.00331738
0.0293263
0.389788
0.122709
0.106308
0.349868
0.305281
0.385598
0.3091
0.00405876
0.00405612
0.350756
0.248391
0.00270442
0.0878644
0.106072
0.322301
0.326067
0.23669
0.2887
0.265209
0.309661
0.420061
0.246254
0.0930237
0.14365
0.647115
0.507808
0.0103729
0.160565
0.000190719
0.158517
0.0751525
0.409176
0.137981
0.699575
0.752884
0.456626
0.303391
0.638512
0.459676
0.325287
0.197578
0.212317
0.00632795
0.0598378
0.539141
0.472689
0.00151297
0.189968
0.00122277
0.324854
0.743705
0.638655
0.0748764
0.360642
0.693582
0.657721
0.524177
0.278316
0.465577
0.320253
0.180816
0.0531557
0.413616
0.594406
0.133336
0.0332885
0.06975
0.467122
0.409422
0.202347
0.280652
0.0911826
0.631037
0.594248
0.477266
0.1825
0.0374151
0.0843508
0.347432
0.261864
0.741614
0.394266
0.509564
0.865569
0.197234
0.446183
0.801205
0.436866
0.147282
0.0618033
0.224196
0.0336343
0.071949
0.624166
0.488636
0.272944
0.280648
0.339519
0.570472
0.418825
0.179721
0.304342
0.774133
0.184361
0.600786
0.0818201
0.540839
0.362493
0.361389
0.1329
0.297141
0.302779
0.0179664
0.0346906
0.133089
0.00976947
0.179095
0.151821
0.257063
0.251421
0.228328
0.0342674
0.385138
0.0230203
0.562976
0.0359783
0.071077
0.0769511
0.208426
0.0114848
0.216762
0.141096
0.515508
0.328765
0.397695
0.14915
0.0192751
0.408503
0.508649
0.260355
0.012326
0.563922
0.0325024
0.509176
0.0357248
0.176294
0.0750374
0.00856924
0.107914
0.0898365
0.0481365
0.417652
0.0562759
0.451277
0.801236
0.38476
0.166634
0.231772
0.215094
0.0140148
0.694333
0.599006
0.38526
0.196133
0.22869
0.474567
0.597108
0.0492051
0.133668
0.638534
0.0109418
0.0321067
0.126268
0.0464241
0.136022
0.221679
0.138539
0.0795927
0.19461
0.645279
0.539124
0.288796
0.102206
0.315238
0.03307
0.0874962
0.0338391
0.720343
0.0921457
0.247208
0.235226
0.126796
0.428913
0.450645
0.0570329
0.283497
0.295323
0.216525
0.673189
0.353743
0.757474
0.0326222
0.0173762
0.07428
0.142445
0.175674
0.302891
0.19953
0.125195
0.0910179
0.403521
0.783575
0.00480227
0.321376
0.304896
0.568763
0.262066
0.39856
0.517958
0.0128845
0.204353
0.736064
0.120346
0.0514496
0.409015
0.0714585
0.468691
0.00773236
0.131008
0.169049
0.150712
0.0101626
0.429733
0.541482
0.074821
0.593948
0.32356
0.361712
0.557826
0.404014
0.387155
0.653864
0.0235993
0.561273
0.540731
0.7218
0.328141
0.253608
0.190218
0.545738
0.421018
0.0928359
0.726286
0.0739407
0.558024
0.770965
0.796984
0.760148
0.303447
0.659107
0.493211
0.156455
0.544145
0.442733
0.495083
0.290824
0.46486
0.00269622
0.0208602
0.303669
0.531745
0.344842
0.50989
0.415073
0.477974
0.0536727
0.338971
0.417174
0.63766
0.395189
0.259601
0.0816456
0.0452856
0.00332267
0.00400044
0.525733
0.72911
0.380803
0.309455
0.136433
0.00650571
0.443424
0.709531
0.485946
0.458461
0.52895
0.564746
0.471696
0.637326
0.00809635
0.0676265
0.119901
0.546353
0.309972
0.0107242
0.362755
0.0898129
0.429939
0.493302
0.135231
0.542998
0.00160561
0.397452
0.474331
0.68971
0.0149365
0.121853
0.355581
0.43922
0.185673
0.562882
0.0249971
0.220537
0.146089
0.673372
0.683283
0.416302
0.0454391
0.377914
0.67679
0.0498804
0.702136
0.636024
0.645341
0.460354
0.225439
0.710921
0.124159
0.0156634
0.236778
0.206227
0.812904
0.0127317
0.5916
0.144424
0.477182
0.566322
0.0454354
0.626421
0.177176
0.16345
0.574893
0.417231
0.0384936
0.135823
0.136698
0.38099
0.48377
0.392624
0.0197059
0.136425
0.135067
0.542721
0.423005
0.679086
0.44828
0.0396617
0.466856
0.586488
0.387657
0.584154
0.303377
0.0199265
0.0723703
0.364277
0.0178205
0.31362
0.555869
0.171634
0.774981
0.345441
0.436042
0.68147
0.63439
0.378477
0.606079
0.0499436
0.504335
0.137495
0.200866
0.0465408
0.250176
0.568361
0.657089
0.0139819
0.00691892
0.173326
0.373802
0.442602
0.175207
0.337667
0.192478
0.208961
0.391126
0.0446431
0.601716
0.39359
0.00687036
0.219151
0.6728
0.593721
0.383361
0.412868
0.017304
0.0366678
0.420786
0.249252
0.0281556
0.531105
0.0681463
0.447144
0.125711
0.160322
0.548893
0.686296
0.502277
0.178521
0.0152983
0.132785
0.436665
0.848245
0.00490185
0.259542
0.431825
0.353343
0.64235
0.561716
0.222054
0.651534
0.100356
0.362066
0.783374
0.459005
0.0246082
0.365802
0.0905491
0.583909
0.213148
0.103265
0.0358956
0.423687
0.294234
0.781234
0.106482
0.229826
0.545935
0.0329661
0.00686633
0.262762
0.488322
0.00816863
0.483966
0.243506
0.667254
0.615044
0.599333
0.111156
0.671959
0.123369
0.0475776
0.0553922
0.00725873
0.00112692
0.0696852
0.611095
0.258366
0.0156375
0.177366
0.383187
0.019731
0.597695
0.165347
0.000394599
0.171558
0.620141
0.441879
0.541608
0.469651
0.256503
0.672371
0.389684
0.29182
0.622082
0.189096
0.346753
0.625513
0.450734
0.0981246
0.315546
0.332736
0.30064
0.176575
0.0614553
0.201203
0.000739893
0.215541
0.0650609
0.692498
0.000636823
0.587587
0.0194107
0.138552
0.185887
0.269043
0.379766
0.00699894
0.568017
0.50323
0.493786
0.320487
0.07282
0.105519
0.457086
0.175403
0.0220312
0.586946
0.265752
0.0216402
0.00239311
0.00720047
0.131506
0.0825154
0.471963
0.174364
0.260961
0.457954
0.535995
0.582932
0.55083
0.164145
0.729144
0.00142188
0.0593334
0.00334145
0.298504
0.411375
0.308693
0.312749
0.510041
0.569369
0.139366
0.452247
0.0566597
0.574921
0.538186
0.328651
0.702157
0.0586049
0.873297
0.539022
0.796433
0.227136
0.796805
0.34511
0.299083
0.209003
0.667502
0.163583
0.370643
0.420258
0.470431
0.115052
0.306212
0.225671
0.0146844
0.404862
0.417831
0.198505
0.420365
0.307213
0.181489
0.707303
0.775554
1.45018e-05
0.832123
0.51927
0.687538
0.465634
0.694144
0.787832
0.409664
0.578538
0.261702
0.664193
0.28017
0.495353
0.00373361
0.0291141
0.633661
0.208243
0.000955257
0.429894
0.572163
0.323956
0.49594
0.339765
0.000798589
0.120798
0.0537088
0.0933382
0.245672
0.253069
0.0760953
0.226107
0.642238
0.454564
0.0381635
0.310803
0.580669
0.680717
0.243744
0.655883
0.0325794
0.231204
0.538264
0.530596
0.738998
0.451658
0.288528
0.0177483
0.137477
0.0286364
0.145208
0.273275
0.199742
0.165468
0.272836
0.359335
0.462676
0.345154
0.368472
0.0421008
0.586575
0.29386
0.534607
0.0452913
0.0382925
0.116819
0.489016
0.349986
0.365868
0.589224
0.164678
0.395184
0.0351146
0.587133
0.537578
0.0963718
0.576607
0.478071
0.122557
0.646571
0.228417
0.351971
0.0238246
0.270766
0.181706
0.194421
0.0394941
0.716296
0.00671798
0.107204
0.561815
0.336668
0.587801
0.611045
0.726423
0.296968
0.119703
0.337529
0.0910095
0.52702
0.186562
0.266186
0.444009
0.372044
0.327922
0.125111
0.361559
0.0971654
0.147745
0.294278
0.383115
0.0522919
0.282907
0.565176
0.339493
0.891425
0.218762
0.307164
0.11427
0.431491
0.182992
0.00396996
0.803529
0.581905
0.317471
0.0187197
0.272874
0.113777
0.287436
0.22624
0.0830444
0.392387
0.333157
0.118213
0.52101
0.11586
0.0705076
0.427372
0.0157209
0.282857
0.668512
0.796674
0.148342
0.100648
0.54303
0.0715648
0.00441735
0.586233
0.0329964
0.125328
0.0984258
0.0285638
0.276806
0.204593
0.239825
0.208819
0.0338503
0.568664
0.076413
0.429896
0.0807873
0.148606
0.495878
0.428974
0.294786
0.00657746
0.0489533
0.0752836
0.595566
0.214805
0.501447
0.476147
0.333165
0.0182134
0.638671
0.0057737
0.345558
0.192893
0.482585
0.0122848
0.602534
0.433275
0.365271
0.4726
0.0538926
0.063947
0.299431
0.723546
0.309235
0.0191326
0.00857119
0.568553
0.214457
0.0100365
0.190281
0.727506
0.353097
0.319414
0.0641301
0.300397
0.0960613
0.412885
0.633828
0.359815
0.035286
0.104387
0.497266
0.379561
0.120879
0.573617
0.0803864
0.632074
0.170737
0.133849
0.362357
0.0645292
0.618005
0.519898
0.206327
0.133408
0.374674
0.265518
0.71722
0.0330686
0.21423
0.478121
0.26963
0.332052
0.337826
0.627167
0.813782
0.45655
0.0336889
0.610307
0.3417
0.517803
0.0566442
0.257891
0.122418
0.493114
0.423152
0.0033268
0.383022
0.659322
0.683132
0.268193
0.0140345
0.259249
0.33231
0.040386
0.0157794
0.38153
0.0049199
0.358642
0.513441
0.480716
0.593768
0.0609222
0.315921
0.00531742
0.0254392
0.258403
0.168204
0.345579
0.462012
0.0911802
0.113596
0.572032
0.0152161
0.0516007
0.689926
0.694416
0.355865
0.325981
0.258615
0.63039
0.304315
0.0922543
0.234795
0.0392499
0.112326
0.0510778
0.757387
0.604573
0.78694
0.0461182
0.350279
0.120975
0.497465
0.274323
0.256195
0.0826003
0.0236863
0.463341
0.369128
0.23402
0.647956
0.00391767
0.132074
0.524058
0.100717
0.0233059
0.591528
0.605688
0.0802147
0.311064
0.316176
0.685426
0.418973
0.409304
0.161334
0.0708361
0.181113
0.178782
0.274268
0.34208
0.311767
0.494271
0.00146149
0.397484
0.433708
0.014137
0.242403
0.454368
0.308731
0.100293
0.273758
0.471451
0.449916
0.223369
0.616326
0.10204
0.623166
0.579702
0.06403
0.551708
0.380778
0.379109
0.601762
0.173779
0.184501
0.0964882
0.647985
0.165195
0.133751
0.306913
0.363012
0.387226
0.226039
0.776028
0.000173521
0.254785
0.448948
0.537034
0.06348
0.222571
0.37434
0.177529
0.102865
0.366531
0.3354
0.345628
0.372125
0.231464
0.0457349
0.627008
0.321056
0.045929
0.284514
0.680408
0.32053
0.502001
0.251198
0.286655
0.505557
0.70139
0.00721829
0.566279
0.396508
0.646199
0.47959
0.255033
0.20872
0.36129
0.430697
0.479024
0.100194
0.222985
0.312163
0.0601472
0.021663
0.440739
0.0204071
0.12258
0.307051
0.419141
0.312159
0.0175682
0.519787
0.158412
0.0204872
0.306606
0.158442
0.645732
0.633947
0.123391
0.180902
0.107883
0.744047
0.209899
0.30641
0.562216
0.749261
0.400946
0.0244367
0.6171
0.403532
0.233183
0.357563
0.867926
0.136449
0.142897
0.642402
0.182577
0.00455655
0.00184763
0.473529
0.010494
0.166093
0.134663
0.235843
0.0728209
0.330478
0.184451
0.0206795
0.365127
0.216185
0.438885
0.464976
0.0722964
0.680379
0.372465
0.0204884
0.259152
0.0234674
0.304249
0.504459
0.335511
0.67798
0.259186
0.674604
0.556404
0.100427
0.0146224
0.361311
0.390446
0.5676
0.0340753
0.500924
0.222394
0.00546869
0.0188962
0.155295
0.0769733
0.00162929
0.195186
0.048826
0.469048
0.545619
0.507337
0.785054
0.332685
0.265664
0.618906
0.39876
0.266326
0.470677
0.0699823
0.0898366
0.645545
0.0651718
0.16004
0.878507
0.532747
0.337469
0.0102937
0.0241873
0.118421
0.64337
0.564582
0.00388347
0.428825
0.00264968
0.113516
0.365584
0.132525
0.256528
0.0322503
0.602358
0.0743127
0.245433
0.0119969
0.0299323
0.19003
0.427526
0.0475206
0.106995
0.59801
0.348435
0.316446
0.327198
0.323003
0.815401
0.320978
0.201138
0.491688
0.482144
0.434573
0.289191
0.690606
0.773045
0.589466
0.158009
0.871081
0.0148786
0.327766
0.426394
0.509784
0.605529
0.42352
0.636948
0.550243
0.444127
0.133133
0.0494376
0.710213
0.319991
0.31079
0.0126556
0.722591
0.408465
0.0412776
0.435902
0.00125805
0.156762
0.440644
0.207457
0.619618
0.135593
0.28834
0.00721569
0.0834089
0.412089
0.226536
0.135114
0.311742
0.0286611
0.550603
0.437181
0.0352878
0.0375429
0.446052
0.0627821
0.333588
0.220468
0.34464
0.329614
0.00417919
0.638217
0.169737
0.000670327
0.647859
0.560408
0.00129773
0.567739
0.50761
0.246887
0.539821
0.49294
0.624089
0.13578
0.597963
0.151488
0.56392
0.0017432
0.0264185
0.459144
0.172336
0.372404
0.0667032
0.284543
0.127451
0.215725
0.128691
0.390665
0.284324
0.179081
0.614274
0.615896
0.376493
0.0564724
0.52582
0.119445
0.511467
0.363035
0.300091
0.574784
0.373463
0.575831
0.0304636
0.44551
0.29743
0.0365944
0.355428
0.646582
0.224466
0.774292
0.089063
0.426073
0.353413
0.448703
0.502363
0.000543147
0.548358
0.603633
0.405236
0.319357
0.24481
0.61953
0.136481
0.000320132
0.15316
0.599445
0.0106155
0.655634
0.109135
0.0806076
0.746682
0.32666
0.0211008
0.488339
0.540561
0.758196
0.00259606
0.049934
0.00769254
0.550583
0.112255
0.000529888
0.0301651
0.102285
0.175644
0.30416
0.201382
0.368848
0.146691
0.305461
0.042119
0.0310909
0.271378
0.262583
0.788373
0.0914307
0.532002
0.260646
0.363872
0.202466
0.101835
0.336656
0.494197
0.0530302
0.065976
0.651835
0.0392448
0.527001
0.571466
0.0229886
0.510972
0.287885
0.458334
0.000379819
0.637809
0.228227
0.318085
0.700501
0.10438
0.15769
0.759822
0.115039
0.125387
0.749076
0.502837
0.333783
0.181442
0.7789
0.518845
0.128034
0.573259
0.289388
0.595157
0.220578
0.566179
0.210294
0.492132
0.764703
0.0297606
0.503227
0.699287
0.314578
0.209957
0.435671
0.826436
0.205606
0.578602
0.435503
0.305154
0.475461
0.290582
0.597223
0.239271
0.138672
0.257358
0.232116
0.491536
0.637523
0.158461
0.00358055
0.712314
0.00346203
0.412255
0.0288795
0.296595
0.567591
0.281559
0.188728
0.256481
0.415046
0.539568
0.274423
0.108312
0.15612
0.422376
0.788424
0.353197
0.0200364
0.662127
0.277032
0.164937
0.538644
0.186641
0.455038
0.399072
0.277112
0.0165519
0.503956
0.255011
0.386038
0.757382
0.323712
0.836035
0.185637
0.302094
0.0714672
0.0192912
0.0616144
0.0050671
0.0437551
0.357485
0.354108
0.612392
0.0588395
0.10548
0.0213795
0.688223
0.0823184
0.652047
0.462578
0.317627
0.648918
0.290036
0.585155
0.20493
0.0541655
0.369517
0.464339
0.310321
0.506914
0.277354
0.130509
0.364161
0.324083
0.425525
0.0898828
0.542865
0.349728
0.410184
0.724087
0.0102467
0.000401561
0.211782
0.763583
0.61642
0.228682
0.634326
0.50386
0.436913
0.339323
0.53904
0.0614482
0.592486
0.128639
0.199498
0.539298
0.0089077
0.0442572
0.590272
0.256832
0.105361
0.456294
0.305005
0.0930847
0.173987
0.0376841
0.0920793
0.00216825
0.0378338
0.498735
0.540426
0.69805
0.119332
0.751172
0.366567
0.0144593
0.116106
0.408348
0.256924
0.480839
0.132734
0.0521617
0.678057
0.2434
0.584082
0.41451
0.00605542
0.371757
0.144361
0.0581344
0.630607
0.158258
0.00798786
0.202407
0.319007
0.0633178
0.276244
0.0737711
0.0134809
0.124772
0.072162
0.42444
0.748476
0.0393679
0.380955
0.00864475
0.525544
0.0924228
0.476775
0.413453
0.0521368
0.557992
0.418376
0.391483
0.278925
0.625655
0.134015
0.503465
0.0481635
0.0721007
0.319208
0.64635
0.709016
0.0375464
0.203649
0.811452
0.38428
0.420222
0.01286
0.746039
0.0350279
0.647605
0.209246
0.132362
0.29112
0.222813
0.130593
0.0195499
0.0796536
0.255273
0.0599104
0.144375
0.0816796
0.22787
0.364127
0.234448
0.604455
0.464735
0.279574
0.3139
0.139011
0.102202
0.369905
0.385014
0.00575588
0.234346
0.123132
0.347603
0.249559
0.490235
0.181974
0.0264619
0.0166254
0.264743
0.00415617
0.772615
0.277696
0.531093
0.291155
0.472788
0.339251
0.015611
0.564258
0.148625
0.246294
0.507268
0.305076
0.0130938
0.100785
0.155003
0.473068
0.292466
0.153653
0.00299165
0.297935
0.797488
0.0743466
0.149413
0.076828
0.492374
0.55865
0.255337
0.458534
0.631856
0.227111
0.1639
0.210712
0.00231113
0.254356
0.0100885
0.0550284
0.429766
0.551346
0.278091
0.751119
0.24269
0.135064
0.112856
0.110079
0.677065
0.419887
0.718196
0.753179
0.401552
0.19041
0.0224179
0.249377
0.11928
0.712353
0.472113
0.0788757
0.00944916
0.372199
0.359739
0.00359085
0.371458
0.241957
0.312347
0.301665
0.000847933
0.160811
0.25336
0.41476
0.212103
0.588929
0.335772
0.0466366
0.592957
0.506295
0.247545
0.66252
0.0111637
0.319792
0.00917407
0.181429
0.317141
0.595567
0.610337
0.141834
0.0426711
0.0951427
0.00410506
0.00802427
0.320801
0.397991
0.918189
0.431928
0.324465
0.343848
0.314309
0.47226
0.197542
0.493685
0.079367
0.42569
0.113353
0.655368
0.332549
0.419111
0.602584
0.458969
0.193912
0.388643
0.15461
0.109623
0.00139109
0.298297
0.188543
0.197125
0.145878
0.764597
0.0102151
0.332883
0.447091
0.506882
0.444812
0.750699
0.149344
0.758426
0.0391293
0.0342
0.16771
0.191346
0.0308208
0.0199948
0.499111
0.208843
0.385895
0.575241
0.281468
0.0266785
0.000889137
0.670347
0.593081
0.328417
0.578042
0.05343
0.233831
0.11181
0.775363
0.0589919
0.147479
0.57187
0.677481
0.410137
0.291885
0.418921
0.143232
0.53588
0.292821
0.571332
0.672543
0.0307124
0.619664
0.0937451
0.246984
0.568834
0.754345
0.0103199
0.278504
0.316729
0.107697
0.165652
0.796705
0.270449
0.421956
0.418945
0.12708
0.359399
0.130343
0.195755
0.119569
0.721845
0.418311
0.587549
0.295556
0.354054
0.438712
0.499021
0.253964
0.321398
0.362997
0.644254
0.176828
0.287992
0.244967
0.460493
0.140343
0.0472249
0.668153
0.0348283
0.283913
0.13889
0.427231
0.276734
0.119415
0.176517
0.00112851
0.350053
0.417852
0.50594
0.0440733
0.556017
0.350218
0.040576
0.186486
0.00249093
0.155943
0.0281664
0.603498
0.112948
0.264151
0.334204
0.323508
0.193224
0.430883
0.116232
0.0409495
0.223087
0.42394
0.00537898
0.681761
0.0357266
0.458588
0.00647528
0.386727
0.417534
0.158224
0.185116
0.435198
0.111646
0.0154442
0.108744
0.335501
0.135593
0.296761
0.396707
0.0498017
0.501973
0.218597
0.274586
0.173762
0.20547
0.458924
0.638113
0.533973
0.342389
0.578913
0.114735
0.0670114
0.264047
0.314457
0.265157
0.249717
0.301908
0.118136
0.0494685
0.335774
0.4177
0.395755
0.0197919
0.494777
0.00592474
0.0892931
0.0306842
0.275631
0.508169
0.0965054
0.118042
0.0050984
0.0410062
0.661671
0.17663
0.325017
0.00677734
0.607499
0.204706
0.591503
0.00360095
0.37559
0.0705865
0.607137
0.410064
0.436406
0.466947
0.704237
0.0018759
0.312214
0.108366
0.0373897
0.453
0.00833954
0.377316
0.415113
0.468754
0.183156
0.164298
0.398888
0.128871
0.299886
0.29803
0.231925
0.0431532
0.235532
0.398201
0.101393
0.390491
0.0473928
0.599671
0.0357606
0.38204
0.239609
0.430051
0.521945
0.208868
0.53977
0.0601248
0.261245
0.316087
0.248326
0.395594
0.406218
0.643708
0.4403
0.124498
0.6311
0.633875
0.419154
0.211731
0.518997
0.288689
0.675432
0.328683
0.242217
0.359026
0.572305
0.286785
0.19794
0.0711719
0.303439
0.24685
0.253111
0.0880446
0.00290348
0.670919
0.32396
0.680667
0.00229896
0.300521
0.0450038
0.282205
0.105739
0.532569
0.248064
0.401233
0.227255
0.10956
0.570816
0.551485
0.182354
0.318148
0.786887
0.386134
0.248631
0.809386
0.00210258
0.2782
0.0141495
0.274213
0.0348012
0.194758
0.621779
0.565702
0.264862
0.0668892
0.301381
0.557939
0.268364
0.499653
0.171512
0.213187
0.00897812
0.0363528
0.260409
0.331734
0.547478
0.513423
0.471941
0.0901604
0.262219
0.050846
0.118824
0.0176237
0.393642
0.00808889
0.0677336
0.128712
0.286274
0.0180819
0.00336327
0.315354
0.147408
0.0288668
0.132381
0.570507
0.154936
0.360787
0.0828546
0.0557103
0.0843915
0.335539
0.405185
0.611605
0.322455
0.156108
0.195372
0.257897
0.492948
0.545098
0.559614
0.123023
0.32966
0.490096
0.330423
0.656528
0.446219
0.0512653
0.304561
0.139476
0.068376
0.445702
0.000195582
0.615821
0.311931
0.755692
0.37364
0.0179716
0.20253
0.00808549
0.528774
0.144682
0.107838
0.532679
0.314387
0.406605
0.606933
0.552393
0.00348689
0.0151661
0.248734
0.0109524
0.722645
0.477364
0.200303
0.718851
0.0955405
0.0568604
0.378956
0.155279
0.205761
0.632206
0.0509685
0.106442
0.394161
0.29843
0.101292
0.448644
0.214548
0.574063
0.310365
0.00586342
0.43375
0.342914
0.480001
0.535899
0.0570653
0.719165
0.559852
0.338185
0.226233
0.119598
0.306088
0.559502
0.450483
0.482594
0.0965574
0.416947
0.100635
0.463862
0.264261
0.221817
0.0197588
0.195843
0.696833
0.0729677
0.265193
0.339958
0.144734
0.370187
0.0353024
0.00602364
0.305256
0.673577
0.333147
0.350084
0.346577
0.428915
0.398967
0.207198
0.173246
0.336378
0.145865
0.322194
0.350017
0.311157
0.628881
0.165626
0.588899
0.205912
0.335272
0.597467
0.535504
0.0229804
0.546207
0.471355
0.597238
0.598527
0.010559
0.31035
0.0248869
0.372621
0.0442077
0.59367
0.00113345
0.155518
0.631886
0.0696349
0.400918
0.268579
0.439811
0.254773
0.192653
0.101597
0.479874
0.21823
0.435094
0.0849258
0.323114
0.185189
0.033498
0.0730462
0.354992
0.475969
0.348579
0.0569267
0.437058
0.704
0.433149
0.143845
0.485203
0.516496
0.0214208
0.0501264
0.219891
0.156499
0.00288255
0.245526
0.0953422
0.233451
0.509926
0.08046
0.0103935
0.605263
0.0904325
0.221978
0.092235
0.0766665
0.519715
0.143978
0.288841
0.216639
0.363348
0.432725
0.483426
0.0247454
0.446082
0.27197
0.072081
0.628648
0.602152
0.540368
0.349101
0.260056
0.0817718
0.103115
0.520164
0.029899
0.193648
0.0397518
0.258607
0.331404
0.477754
0.813072
0.47473
0.0686298
0.274785
0.0228531
0.064376
0.346181
0.0317154
0.144159
0.0217012
0.396474
0.000631654
0.329378
0.133263
0.000221973
0.495177
0.0534578
0.0447033
0.27619
0.749407
0.242362
0.0815356
0.797047
0.248108
0.629071
0.0620207
0.522173
0.0710253
0.0407854
0.309237
0.78399
0.0101014
0.710473
0.285184
0.0313558
0.714551
0.670282
0.302479
0.177734
0.272989
0.0189956
0.410347
0.0724062
0.0619142
0.000681169
0.0487169
0.0078141
0.732942
0.69493
0.144916
0.0210021
0.0671422
0.0344397
0.596008
0.581115
0.325034
0.0393082
0.373042
0.617368
0.140963
0.710095
0.0165164
0.31951
0.443603
0.269877
0.409892
0.506983
0.078666
0.107404
0.325384
0.185884
0.267294
0.0131684
0.482185
0.0506872
0.222911
0.0915008
0.668084
0.436727
0.183504
0.265835
0.107699
0.477669
0.050052
0.394771
0.118152
0.505485
0.000375334
0.108533
0.0183351
0.0542685
0.6054
0.523988
0.767803
0.368339
0.00257544
0.384502
0.672163
0.444973
0.172227
0.24243
0.142073
0.0849189
0.115112
0.206303
0.153514
0.396575
0.647194
0.657431
0.0677715
0.2969
0.417231
0.380055
0.0746077
0.349264
0.482895
0.299408
0.631083
0.212183
0.366445
0.603516
0.0124777
0.161192
0.0954111
0.0227996
0.440557
0.451112
0.0214415
0.257871
0.665163
0.285081
0.310262
0.242098
0.299746
0.224519
0.36696
0.38392
0.149639
0.300137
0.0182028
0.319837
0.33282
0.137883
0.507427
0.30825
0.0945775
0.280767
0.416891
0.0106775
0.066532
0.0288945
0.00921578
0.306875
0.00637044
0.401593
0.736769
0.276802
0.236598
0.0474809
0.323229
0.18146
0.270887
0.00246134
0.00277026
0.00591276
0.265855
0.638821
0.0871961
0.378536
0.26361
0.624782
0.570071
0.29685
0.283678
0.652291
0.263034
0.0664346
0.0908863
0.0954126
0.153333
0.574903
0.272408
0.121013
0.273831
0.0912764
0.206044
0.462474
0.133741
0.583444
9.35219e-05
0.632429
0.355352
0.202603
0.0209567
0.243972
0.327376
0.25815
0.223759
0.191157
0.00844399
0.571059
0.208046
0.0216458
0.189488
0.00403942
0.408744
0.202962
0.0435564
0.187295
0.634544
0.253026
0.0932424
0.379393
0.0397925
0.0847297
0.0137631
0.293144
0.245303
0.404231
0.313096
0.29587
0.265047
0.548198
0.234678
0.273816
0.406783
0.604228
0.584909
0.190063
0.547383
0.504503
0.386275
0.293739
0.342258
0.478461
0.0351857
0.295528
0.485243
0.0886777
0.306198
0.607931
0.0931401
0.013333
0.00675086
0.355594
0.670395
0.715064
0.0828297
0.490194
0.00881855
0.00966433
0.592911
0.259082
0.443646
0.458812
0.367632
0.0277821
0.46018
0.366825
0.0625475
0.319346
0.00443204
0.237897
0.515654
0.000857372
0.786316
0.231345
0.378677
0.235608
0.300757
0.307423
0.422416
0.670055
0.246744
0.406731
0.600881
0.32122
0.0135979
0.0104107
0.27453
0.60609
0.342486
0.495141
0.22302
0.337859
0.743622
0.00158853
0.488229
0.262045
0.316548
0.458898
0.841367
0.427883
0.211151
0.373103
0.322143
0.631055
0.430074
0.472909
0.0400615
0.00237804
0.322771
0.13818
0.209782
0.292884
0.00079238
0.531231
0.0633425
0.28775
0.0843465
0.0179164
0.356983
0.432858
0.362232
0.0048841
0.00645501
0.658232
0.394914
0.0191306
0.581473
0.597684
0.0211226
0.24269
0.236982
0.46969
0.296322
0.149647
0.140994
0.133868
0.181259
0.0702858
0.29674
0.173046
0.478441
0.0100575
0.553121
0.017775
0.0843576
0.309816
0.432697
0.432238
0.0172004
0.513255
0.394211
0.318984
0.0132428
0.445865
0.336868
0.468442
0.447678
0.0219945
0.23956
0.0668303
0.00575501
0.674964
0.0676844
0.261172
0.355303
0.337956
0.369626
0.53718
0.486039
0.0170953
0.456107
0.540709
0.309883
0.00621931
0.152992
0.0650377
0.0337159
0.512496
0.421194
0.112909
0.00672796
0.0165398
0.481951
0.16731
0.0357013
0.202166
0.556603
0.289581
0.446816
0.146745
0.194024
0.291716
0.206069
0.148915
0.0467122
0.396336
0.00621574
0.636106
0.576722
0.58374
0.605381
0.105775
0.337185
0.263889
0.0727728
0.0772272
0.759912
0.501611
0.0765837
0.186302
0.409297
0.276201
0.818245
0.249732
0.00862387
0.386419
0.00375134
0.00319486
0.324782
0.0073801
0.476282
0.474753
0.542978
0.580728
0.165125
0.269902
0.0832296
0.533942
0.13614
0.0544413
0.518487
0.526429
0.784964
0.0845593
0.372681
0.380423
0.14717
0.194131
0.158897
0.369744
0.158128
0.236436
0.581001
0.556478
0.18965
0.0263906
0.734514
0.370525
0.600716
0.248126
0.297784
0.277912
0.0655144
0.104115
0.298575
0.627024
0.46001
0.346612
0.2466
0.271304
0.635065
0.0991344
0.412231
0.133284
0.302658
0.756296
0.58862
0.135251
0.685017
0.0563288
0.000501992
0.108306
0.0667569
0.649419
0.589056
0.0826333
0.554597
0.000848181
0.0170173
0.0393543
0.317548
0.244159
0.175932
0.0325531
0.13148
0.14374
0.661484
0.0461014
0.196059
0.405422
0.194176
0.428751
0.192648
0.352703
0.521565
0.172377
0.320708
0.646693
0.412555
0.031979
0.259231
0.409594
0.743496
0.0892473
0.0367546
0.0477553
0.274033
0.269986
0.0827571
0.500012
0.726764
0.332789
0.506489
0.32648
0.239012
0.00644723
0.443973
0.246891
0.314992
0.447242
0.304265
0.129874
0.280021
0.0583328
0.189602
0.389981
0.0665784
0.0302201
0.337826
0.0694563
0.000144147
0.171408
0.337105
0.00333277
0.0600901
0.000256394
0.104914
0.119792
0.480465
0.328672
0.85187
0.00479052
0.373
0.215047
0.0944153
0.157184
0.903268
0.0894968
0.357872
0.540719
0.0206167
0.340863
0.181709
0.394287
0.679355
0.00306203
0.88458
0.0796315
0.196352
0.16461
0.094091
0.56815
0.564791
0.00472261
0.216851
0.0770144
0.290932
0.00784909
0.150124
0.22586
0.0483437
0.0726839
0.289299
0.375209
0.598258
0.319216
0.299235
0.193385
0.513472
0.429253
0.0268484
0.6839
0.842922
0.299191
0.212476
0.0568683
0.575764
0.681187
0.547868
0.107745
0.313871
0.0148258
0.544002
0.338485
0.57818
0.515745
0.315759
0.603321
0.107324
0.402704
0.305149
0.248206
0.00454009
0.628209
0.114124
0.215016
0.727646
0.109739
0.246649
0.375851
0.282909
0.546172
0.781643
0.660087
0.0217611
0.317815
0.0612134
0.00741192
0.404217
0.150549
0.745743
0.492806
0.217009
0.404782
0.749102
0.373666
0.313421
0.0285817
0.552198
0.401241
0.0382886
0.143759
0.611001
0.299027
0.571397
0.378464
0.490402
0.557623
0.625333
0.384411
0.426763
0.280495
0.302668
0.67878
0.546014
0.674723
0.13631
0.156236
0.0935318
0.249606
0.221815
0.138028
0.556587
0.669211
0.144335
0.479241
0.0929229
0.0603748
0.316639
0.183755
0.490886
0.572073
0.257325
0.0218549
0.158021
0.773779
0.222421
0.0303164
0.183109
0.310469
0.270702
0.128016
0.651046
0.00688186
0.125291
0.0694053
0.0431088
0.459268
0.000482823
0.0568067
0.0614453
0.459539
0.544973
0.863353
0.410372
0.55217
0.000832142
0.33799
0.00536629
0.463843
0.122088
0.185447
0.792476
0.0144796
0.0348765
0.282863
0.188032
0.136719
0.627276
0.0523024
0.425459
0.449164
0.00784745
0.467312
0.068086
0.0468525
0.788765
0.192207
0.219903
0.479482
0.0691784
0.121893
0.0569239
0.146262
0.615684
0.0369068
0.115957
0.0800876
0.504606
0.388575
0.346764
0.649547
0.155593
0.194221
0.280276
0.556777
0.340407
0.00643622
0.40478
0.307187
0.142459
0.114335
0.742443
0.674444
0.0747402
0.00362472
0.553993
0.0253368
0.278757
0.468407
0.398573
0.638909
0.410962
0.0530696
0.669138
0.449846
0.049031
0.26242
0.343431
0.117065
0.639675
0.192063
0.414161
0.613394
0.273064
0.720704
0.252488
0.327958
0.238782
0.0398865
0.339838
0.0654325
0.144662
0.204885
0.366207
0.336505
0.286927
0.100338
0.614688
0.744535
0.885012
0.807162
0.319224
0.446603
0.643026
0.0310468
0.511905
0.754008
0.131543
0.200863
0.353101
0.645288
0.679406
0.605681
0.731314
0.124738
0.612911
0.233769
0.0531815
0.450463
0.598257
0.406569
0.0224718
0.1395
0.197043
0.582398
0.603305
0.0299365
0.36983
0.521347
0.449403
0.375326
0.0528124
0.0369466
0.21551
0.0590459
0.450672
0.594822
0.171135
0.488314
0.00999253
0.525305
0.22432
0.163199
0.896459
0.114725
0.036998
0.205245
0.401791
0.582147
0.349968
0.268064
0.166454
0.214755
0.100434
0.458871
0.558253
0.0302035
0.0635626
0.0613674
0.0107589
0.134859
0.220101
0.31438
0.656888
0.0948605
0.804348
0.182222
0.774608
0.0913654
0.561751
0.442363
0.000159026
0.0615845
0.262718
0.509464
0.199958
0.152419
0.165941
0.355621
0.253637
0.0314194
0.582708
0.281513
0.0356338
0.244251
0.288803
0.00573783
0.681504
0.585046
0.276121
0.367334
0.396115
0.058962
0.0428695
0.342944
0.227616
0.133769
0.673582
0.0600169
0.238274
0.216443
0.240297
0.742058
0.163359
0.198281
0.393608
0.241613
0.164107
0.0233479
0.306944
0.367295
0.611168
0.346953
0.411946
0.28766
0.414171
0.0960463
0.0673091
0.327689
0.0655831
0.142602
0.0215142
0.376786
0.171262
0.101924
0.575657
0.709452
0.429231
0.0531238
0.61422
0.526196
0.234369
0.286192
0.097432
0.0320821
0.485433
0.0127912
0.0206527
0.475098
0.143309
0.210079
0.0346314
0.0172215
0.108468
0.255632
0.626842
0.0350093
0.287456
0.283579
0.593866
0.338721
0.139308
0.0260951
0.556001
0.206085
0.658181
0.228
0.493141
0.0281981
0.158362
0.0891342
0.0918749
0.321874
0.248382
0.151961
0.373975
0.369114
0.518808
0.382297
0.590458
0.091287
0.399033
0.00801847
0.136864
0.318495
0.702726
0.18287
0.489771
0.597809
0.453314
0.430103
0.555189
0.0443746
0.480492
0.058824
0.443792
0.67686
0.0168883
0.358126
0.00687721
0.265483
0.189641
0.0018712
0.477407
0.344027
0.473324
0.0200025
0.00466386
0.0855319
0.53549
0.258896
0.342649
0.307479
0.614734
0.213896
0.381768
0.468157
0.450034
0.703581
0.498974
0.531274
0.162207
0.000170166
0.277164
0.501023
0.25622
0.180381
0.794882
0.625675
0.626858
0.530412
0.518808
0.316477
0.141837
0.0630594
0.110893
0.204207
0.251816
0.322005
0.577806
0.717944
0.314911
0.0049385
0.398021
0.0403025
0.474672
0.30527
0.283111
0.319046
0.291418
0.735594
0.442326
0.109378
0.0632035
0.12683
0.0791981
0.157829
0.350416
0.514627
0.357955
0.0255254
0.0458782
0.171561
0.386248
0.145663
0.204518
0.335001
0.704098
0.180708
0.262825
0.519263
0.00232627
0.772024
0.237827
0.244114
0.48293
0.157421
0.23731
0.253543
0.0368131
0.484866
0.692269
0.401374
0.14347
0.0321065
0.432757
0.118428
0.620684
0.706229
0.499627
0.178029
0.265701
0.437784
0.388903
0.45669
0.293536
0.372033
0.399347
0.348675
0.1307
0.0889677
0.831385
0.461472
0.0329578
0.225562
0.396236
0.094141
0.420318
0.631592
0.548915
0.444953
0.621725
0.424001
0.0605033
0.455841
0.406425
0.722682
0.283497
0.405332
0.18464
0.344113
0.432229
0.0297897
0.0101033
0.103543
0.221944
0.627568
0.227404
0.0313654
0.335811
0.392008
0.0121514
0.129197
0.708641
0.448126
0.31877
0.0240473
0.677934
0.419673
0.613546
0.325081
0.114719
0.399562
0.0798421
0.199127
0.417794
0.399339
0.0996419
0.0962603
0.565324
0.4648
0.234215
0.0675868
0.198278
0.0478011
0.307092
0.229208
0.043815
0.110971
0.0251755
0.556768
0.00411499
0.595209
0.594727
0.363948
0.415578
0.0289734
0.294056
0.455339
0.736912
0.805254
0.0173511
0.256652
0.30076
0.724062
0.451764
0.68973
0.370416
0.0176306
0.318126
0.285316
0.197586
0.286105
0.544753
0.662837
0.319652
0.00458036
0.829937
0.000468001
0.180299
0.333196
0.237784
0.192184
0.326806
0.246583
0.435559
0.0365342
0.240473
0.00356193
0.623293
0.227829
0.376987
0.534126
0.31582
0.000264522
0.094151
0.517884
0.405014
0.514665
0.607298
0.00796007
0.0509391
0.24002
0.571686
0.672777
0.00677947
0.31792
0.57812
0.118994
0.328564
0.654397
0.571421
0.497027
0.0689142
0.125404
0.453599
0.218623
0.549311
0.613854
0.410354
0.483875
0.520061
0.343411
0.605403
0.217457
0.499679
0.463487
0.739131
0.219253
0.00665435
0.460209
0.30929
0.513269
0.352868
0.0181178
0.420846
0.253491
0.157816
0.0174099
0.0451886
0.0407918
0.449934
0.283837
0.356997
0.252858
0.256376
0.319965
0.587706
0.448705
0.404867
0.0604502
0.0663293
0.0570556
0.287473
0.167078
0.614
0.184184
0.398607
0.00462757
0.0714864
0.286851
0.526447
0.150479
0.295877
0.522345
0.482146
0.649168
0.605433
0.447997
0.124846
0.282865
0.224656
0.431872
0.00055088
0.0681207
0.0865937
0.389682
0.658135
0.102609
0.549622
0.0660362
0.0154054
0.564548
0.425071
0.0337179
0.710694
0.690158
0.414978
0.783107
0.532584
0.297871
0.0403705
0.594604
0.512345
0.000937327
0.12465
0.310511
0.27755
0.0198218
0.664322
0.0133231
0.341542
0.355224
0.472766
0.145225
0.851868
0.616606
0.527575
0.0107812
0.319075
0.0657551
0.661097
0.145355
0.267646
0.37472
0.172704
0.177953
0.441645
0.133013
0.00303865
0.0295909
0.647943
0.226458
0.0134393
0.00306128
0.118171
0.691663
0.0128667
0.703604
0.527697
0.296411
0.352978
0.33175
0.16244
0.218404
0.0100219
0.209025
0.0829808
0.456179
0.0009875
0.211055
0.240266
0.465842
0.00477487
0.375341
0.293755
0.251008
0.156539
0.510629
0.0403371
0.0318755
0.16084
0.247139
0.0552565
0.243011
0.172437
0.166972
0.0817008
0.332254
0.54076
0.184661
0.748906
0.463596
0.272211
0.0921767
0.00122948
0.0534272
0.673613
0.36005
0.101249
0.12696
0.004089
0.507549
0.134077
0.554032
0.599574
0.38211
0.0844695
0.566269
0.654105
0.157429
0.455717
0.163934
0.392115
0.023774
0.321781
0.346097
0.403628
0.550484
0.218628
0.470315
0.00621839
0.556294
0.127502
0.341005
0.123059
0.604481
0.466814
0.495068
0.272947
0.307105
0.352676
0.421694
0.248655
0.336748
0.188253
0.180202
0.432344
0.345117
0.273028
0.326912
0.0916378
0.00642505
0.710762
0.459663
0.26369
0.512866
0.212268
0.177066
0.182324
0.693844
0.369311
0.250587
0.0694149
0.0258064
0.0539149
0.109125
0.233035
0.440963
0.325599
0.149591
0.565077
0.436985
0.0518706
0.167173
0.00317735
0.528884
0.529716
0.00549275
0.0790822
0.0291378
0.356222
0.594721
0.460576
0.544985
0.382328
0.322631
0.65098
0.349898
0.192728
0.296345
0.135272
0.483576
0.0871362
0.345044
0.299177
0.78419
0.0516134
0.0187251
0.0101387
0.000139665
0.00294867
0.574792
0.503741
0.155068
0.402007
0.387253
0.260838
0.13264
0.594711
0.0470211
0.825815
0.135204
0.00621494
0.0694534
0.699136
0.254321
0.424931
0.0428126
0.0602953
0.500938
0.631065
0.498151
0.247785
0.167672
0.00571677
0.562393
0.0152482
0.571734
0.614903
0.00309604
0.1334
0.741627
0.0760798
0.246761
0.237385
0.31264
0.330135
0.620506
0.00401451
0.0985943
0.480824
0.2766
0.485997
0.323763
0.0691526
0.0335161
0.462921
0.245688
0.263944
0.167087
0.452793
0.40785
0.365923
0.702075
0.199987
0.0653883
0.230125
0.471363
0.594926
0.145296
0.045744
0.345298
0.343604
0.299012
0.603544
0.319965
0.065145
0.000218918
0.311339
0.017775
0.000145293
0.0576329
0.382226
0.103751
0.326665
0.142651
0.544447
0.720228
0.582103
0.203605
0.607183
0.186365
0.036171
0.0141288
0.0139674
0.0028962
0.18208
0.0438433
0.328755
0.0401756
0.0481213
0.130019
0.103162
0.336755
0.102367
0.0978261
0.472406
0.00323174
0.0710037
0.128022
0.0867262
0.409671
0.257624
0.456478
0.655993
0.309939
0.614539
0.350337
0.308091
0.503577
0.287637
0.627473
0.324701
0.70923
0.205394
0.11506
0.0693721
0.465429
0.610325
0.68268
0.0669069
0.271905
0.296703
0.2634
0.28068
0.532221
0.450811
0.0394507
0.19232
0.429005
0.310471
0.0597803
0.0563276
0.168043
0.186342
0.116426
0.44199
0.283483
0.564967
0.306364
0.343913
0.252847
0.693484
0.334702
0.00575804
0.274753
0.51323
0.280318
0.281469
0.1839
0.512483
0.048005
0.190396
0.0950529
0.261621
0.336769
0.644106
0.131705
0.302811
0.149503
0.0221849
0.0972736
0.526843
0.152895
0.347714
0.446015
0.135965
0.191318
0.465046
0.684323
0.641176
0.0608878
0.0683577
0.0234031
0.402954
0.300088
0.560103
0.513871
0.144423
0.217852
0.159665
0.217917
0.621027
0.109581
0.504795
0.160367
0.150251
0.567749
0.545335
0.404701
0.362381
0.187002
0.199044
0.532503
0.123294
0.274831
0.386483
0.29187
0.273656
0.522111
0.417436
0.159624
0.306718
0.255108
0.699361
0.479609
0.245946
0.036885
0.522376
0.308002
0.653716
0.0870579
0.114467
0.14137
0.0225041
0.304866
0.0376551
0.183984
0.0913713
0.390366
0.192012
0.011602
0.310077
0.201874
0.247738
0.656911
0.469914
0.0594197
0.00280058
0.255283
0.0405515
0.36992
0.41069
0.105545
0.614753
0.548298
0.352327
0.305024
0.618569
0.0335505
0.319285
0.717177
0.0230004
0.254002
0.0932174
0.381394
0.184947
0.41474
0.32977
0.519246
0.425537
0.250689
0.0645089
0.083573
0.549129
0.306978
0.67753
0.498329
0.873814
0.3735
0.267142
0.00625582
0.256509
0.461507
0.558517
0.370638
0.224047
0.0148427
0.0662637
0.513295
0.418575
0.578873
0.761737
0.613424
0.0171566
0.0437357
0.00758244
0.378235
0.109527
0.297377
0.341097
0.468866
0.608807
0.00781308
0.475625
0.618083
0.297401
0.299988
0.0343478
0.261668
0.351546
0.412233
0.486553
0.0386855
0.539495
0.0268465
0.0289234
0.296941
0.343271
0.273524
0.0205314
0.0221611
0.224158
0.563258
0.345766
0.497999
0.368627
0.0179812
0.337237
0.0665641
0.0615957
0.527702
0.234905
0.205087
0.0155114
0.0233671
0.607546
0.580004
0.290014
0.267769
0.0781542
0.574683
0.517011
0.453707
0.396437
0.574242
0.0463702
0.139132
0.513433
0.70914
0.14388
0.138065
0.0198895
0.464217
0.418766
0.170847
0.687837
0.030298
0.485539
0.174692
0.670255
0.110449
0.590016
0.0950189
0.0130677
0.0790801
0.00362717
0.64832
0.425824
0.329511
0.325234
0.775766
0.433603
0.173265
0.219447
0.305593
0.591829
0.031011
0.143308
0.463188
0.551844
0.144326
0.0519623
0.278135
0.58217
0.257276
0.0107561
0.0431921
0.124337
0.200718
0.406653
0.234051
0.158766
0.394132
0.613281
0.0361323
0.305549
0.00422751
0.454785
0.389834
0.536695
0.0196827
0.295452
0.120527
0.0140378
0.515972
0.0965878
0.0321257
0.534729
0.729044
0.0655198
0.406826
0.018555
0.510278
0.486202
0.39175
0.143053
0.615843
0.0764973
0.00472861
0.143915
0.65796
0.726497
0.594435
0.0125004
0.685642
0.449489
0.012053
0.517272
0.555241
0.614463
0.340475
0.0604273
0.00195704
0.448655
0.345685
0.138625
0.666688
0.195406
0.0172969
0.0573153
0.724076
0.344065
0.757564
0.466964
0.00360705
0.334328
0.0138243
0.25064
0.417963
0.283038
0.182654
0.534367
0.108744
0.073405
0.303162
0.294406
0.234517
0.0727241
0.687943
0.305184
0.349568
0.00455142
0.589984
0.464627
0.309611
0.0013168
0.0789191
0.728534
0.0128553
0.288587
0.749332
0.327471
0.0112227
0.512235
0.703221
0.373763
0.298298
0.308626
0.219348
0.0139705
0.602076
0.247876
0.128784
0.209836
0.0431451
0.60459
0.3134
0.125169
0.00286508
0.157963
0.378008
0.0724466
0.113236
0.241897
0.432157
0.0277145
0.394545
0.379164
0.459047
0.000709437
0.387437
0.644842
0.177733
0.172056
0.112876
0.295506
0.0417086
0.0983205
0.32537
0.21108
0.444154
0.641562
0.606985
0.526184
0.489933
0.03422
0.41233
0.16376
0.0863236
0.398217
0.278455
0.00282048
0.179223
0.0906593
0.40497
0.000748099
0.0174585
0.374528
0.235923
0.530151
0.399989
0.597729
0.259303
0.167407
0.318971
0.0564836
0.00256277
0.150791
0.255077
0.0115528
0.355017
0.0459579
0.443886
0.184515
0.695368
0.08497
0.0894155
0.735812
0.09172
0.0174849
0.176845
0.159351
0.0015137
0.430467
0.61126
0.322793
0.0777687
0.143933
0.0302248
0.80903
0.235179
0.422911
0.124946
0.270682
0.0873379
0.531565
0.33523
0.221302
0.21635
0.0027225
0.531966
0.0652497
0.484049
0.365048
0.309412
0.289956
0.391874
0.0830974
0.0872771
0.330347
0.313176
0.0906004
0.400556
0.723831
0.057334
0.510951
0.448773
0.318788
0.176449
0.161493
0.386746
0.0750128
0.0798264
0.0662397
0.163405
0.268464
0.5843
0.294215
0.527456
0.30012
0.492034
0.434576
0.015098
0.205848
0.298873
0.0107717
0.506095
0.047888
0.386436
0.0312104
0.686627
0.613363
0.318661
0.372118
0.511641
0.3413
0.562223
0.154224
0.364428
0.358594
0.0952831
0.0900433
0.171707
0.191577
0.526704
0.4261
0.148697
0.603086
0.223831
0.490383
0.0557915
0.0137795
0.574243
0.133342
0.459189
0.00797293
0.386764
0.361742
0.487858
0.490584
0.286302
0.528847
0.459697
0.353651
0.510959
0.403355
0.0374649
0.0178348
0.423705
0.644702
0.0366026
0.270123
0.217495
0.539989
0.123307
0.121603
0.139347
0.312746
0.632281
0.753677
0.616782
0.282807
0.513221
0.719817
0.202619
0.33917
0.28041
0.212869
0.329296
0.034516
5.29847e-05
0.46679
0.197642
0.602211
0.344655
0.314718
0.00866273
0.543038
0.0063451
0.341675
0.225076
0.639732
0.159275
0.412035
0.588421
0.0553246
0.650636
0.336866
0.167021
0.432691
0.342127
0.177437
0.462791
0.618489
0.117874
0.0197191
0.668626
0.295767
0.474506
0.720736
0.51917
0.669516
0.402093
0.370655
0.0107806
0.372314
0.307612
0.000423875
0.675694
0.0150053
0.0195066
0.712162
0.0740757
0.116254
0.165973
0.0187123
0.116798
0.188322
0.101459
0.597017
0.0284629
0.0111109
0.376266
0.27845
0.253066
0.454686
0.197581
0.420705
0.486527
0.0894097
0.597686
0.210943
0.139172
0.00370952
0.344923
0.467976
0.659099
0.0789014
0.522698
0.14752
0.12494
0.0987613
0.228531
0.483775
0.238866
0.133359
0.702829
0.613786
0.17129
0.0887995
0.0071338
0.35923
0.651447
0.284923
0.0545835
0.374533
0.300592
0.0140779
0.552684
0.242659
0.691872
0.145894
0.080892
0.721943
0.299197
0.408129
0.810016
0.39271
0.0685104
0.49016
0.0580621
0.327537
0.0261816
0.749577
0.389355
0.253123
0.470205
0.390897
0.251616
0.0709703
0.234749
0.789099
0.156527
0.0867365
0.231224
0.550905
0.345749
0.588355
0.468031
0.0747046
0.403213
0.280331
0.276629
0.168432
0.589285
0.659403
0.553185
0.000176506
0.746455
0.561154
0.402313
0.334967
0.0903274
0.460038
0.166314
0.362955
0.43642
0.0173546
0.544941
0.363808
0.355679
0.00436333
0.235372
0.199945
0.215246
0.294258
0.0174211
0.0407972
0.808108
0.0393773
0.0743864
0.0045945
0.00831661
0.202773
0.432381
0.518799
0.551394
0.0120963
0.0817407
0.567868
0.810464
0.311441
0.515047
0.64286
0.438682
0.671431
0.341344
0.36382
0.00190482
0.324122
0.577427
0.153027
0.000619027
0.411232
0.567276
0.335476
0.099906
0.356405
0.0215648
0.180691
0.81787
0.177764
0.342852
0.0342989
0.37134
0.126262
0.64449
0.251738
0.0929085
0.0570403
0.385446
0.0401251
0.0289002
0.0607584
0.430601
0.215985
0.139061
0.0032727
0.0381032
0.419651
0.228715
0.612413
0.628368
0.00596975
0.755926
0.583511
0.613279
0.0785919
0.248707
0.655306
0.230414
0.018098
0.0319761
0.511692
0.335943
0.226397
0.309724
0.0147909
0.271602
0.46386
0.346723
0.588515
0.099405
0.234367
0.115046
0.0415699
0.405197
0.367969
0.010991
0.00336762
0.0290028
0.0364181
0.313967
0.0986525
0.372729
0.646119
0.276486