0.0513673
0.296616
0.618135
0.194195
0.241459
0.533194
0.517644
0.514278
0.0227201
0.170595
0.475681
0.00899397
0.163653
0.0201145
0.0387566
0.0126886
0.151583
0.231666
0.00118803
0.0465084
0.417427
0.170332
0.61098
0.00120389
0.10569
0.427844
0.15099
0.529433
0.0102213
0.452181
0.552957
0.189605
0.336916
0.364267
0.0962006
0.522289
0.062266
0.250396
0.00483433
0.00918336
0.461335
0.018153
0.451872
0.208207
0.498524
0.00461291
0.0129678
0.217851
0.196809
0.484078
0.0222488
0.153194
0.739136
0.125129
0.102718
0.0378105
0.473951
0.377574
0.246345
0.246596
0.0630899
0.322115
0.755409
0.36448
0.673128
0.0284343
0.254185
0.072366
0.272637
0.306032
0.354895
0.156827
0.0531473
0.0165047
0.611964
0.0742438
0.580812
0.0373581
0.258511
0.0187012
0.17487
0.158364
0.0615668
0.56666
0.182692
0.700741
0.448638
0.466892
0.277119
0.00717869
0.0135154
0.58562
0.379428
0.397773
0.103621
0.313103
0.490819
0.117389
0.0522874
0.627555
0.448716
0.420548
0.520947
0.00035241
0.132718
0.280664
0.461332
0.097422
0.428682
0.0755921
0.198151
0.0936916
0.168136
0.0117525
0.200238
0.516014
0.135613
0.0976256
0.422848
0.310735
0.074021
0.407285
0.0372516
0.0208453
0.134485
0.39123
0.585856
0.0143991
0.615789
0.238559
0.095372
0.307931
0.0698833
0.000152002
0.340371
0.475339
0.041009
0.285259
0.490951
0.180566
0.449475
0.120219
0.268038
0.260365
0.0588434
0.754841
0.513041
0.508466
0.384433
0.349648
0.604671
0.0410274
0.716645
0.572716
0.492374
0.249109
0.346211
0.00902522
0.298628
0.0288869
0.563035
0.189123
0.826548
0.43106
0.719009
0.11136
0.167342
0.397628
0.482756
0.390184
0.0168135
0.59721
0.353366
0.278396
0.00222592
0.00105152
0.0907097
0.0476839
0.316783
0.202508
0.358752
0.0887078
2.09538e-05
0.478319
0.45022
0.00037785
0.507909
0.318123
0.0440198
0.296872
0.0285566
0.231434
0.890925
0.577077
0.222899
0.378802
0.00630514
0.232836
0.184252
0.24125
0.401722
0.551271
0.269452
0.461448
0.0140086
0.00365254
0.113454
0.121183
0.0276432
0.0806003
0.306913
0.581277
0.361425
0.18303
0.721581
0.642639
0.211108
0.0209636
0.804533
0.413698
0.421164
0.216391
0.000469503
0.372091
0.564369
0.12046
0.707377
0.499559
0.0808463
0.7105
0.250121
0.289422
0.21263
0.622433
0.0158929
0.000389418
0.0517639
0.583878
0.164597
0.315283
0.00102372
0.356856
0.687471
0.390093
0.346428
0.549249
0.102607
0.589784
0.00600347
0.432913
0.468898
0.00952449
0.00802583
0.101414
0.354314
0.743013
0.111433
0.218673
0.219727
0.322807
0.282915
0.185777
0.426801
0.217726
0.022699
0.40137
0.675263
0.00482687
0.181473
0.706366
0.558592
0.103522
0.0477072
0.188425
0.0375275
0.677398
0.0485848
0.589554
0.357684
0.29879
0.0829666
0.435613
0.171843
0.0991063
0.171357
8.12876e-05
0.217948
0.459488
0.318897
0.0242239
0.024817
0.0388116
0.403895
0.339655
0.011516
0.328579
0.00277866
0.0511173
0.267535
0.319274
0.231649
0.536691
0.323126
0.296786
0.350678
0.472584
0.112605
0.0309316
0.239805
0.248381
0.335852
0.245636
0.116848
0.676977
0.534193
0.181321
0.630085
0.226278
0.020162
0.305283
0.0205692
0.0658462
0.219998
0.554661
0.609066
0.715846
0.149522
0.144992
0.25941
0.342733
0.216756
0.0435659
0.220041
0.0272532
0.24487
0.0930994
0.00101863
0.00368545
0.511874
0.193833
0.614741
0.662786
0.501933
0.49272
0.547981
0.18289
0.0785771
0.265409
0.267505
0.072659
0.0406973
0.0428714
0.0148629
0.0842088
0.421312
0.476983
0.273862
0.641037
0.304906
0.315411
0.00960093
0.293658
0.000935788
0.58628
0.000936038
0.409608
0.526191
0.367795
0.394342
0.126822
0.487172
0.00832365
0.000596853
0.382142
0.0039512
0.472233
0.657268
0.573129
0.588365
0.488955
0.477702
0.121801
0.0473243
0.723725
0.210569
0.202007
0.0243987
0.347024
0.329118
0.0833869
0.00764492
0.1325
0.806799
0.189047
0.193262
0.532007
0.267831
0.665987
0.523184
0.45565
0.152027
0.390247
0.360056
0.53751
0.00366367
0.59505
0.0106423
0.357739
0.0979619
0.359153
0.369675
0.346737
0.764435
0.480621
0.322213
0.0069128
0.413752
0.375971
0.525649
0.208398
0.429487
0.349614
0.329171
0.281911
0.152502
0.155295
0.531651
0.480145
0.768349
0.122771
0.354157
0.273568
0.0357051
0.722198
0.183617
0.28936
0.739925
0.461756
0.0448831
0.522843
0.0809151
0.336434
0.0274981
0.603205
0.359683
0.488036
0.503543
0.0292961
0.0527988
0.282315
0.355798
0.322075
0.579981
0.63637
0.0636659
0.463549
0.677245
0.262831
0.396461
0.774716
0.288897
0.27749
0.349
0.526575
0.0509553
0.0958727
0.299046
0.00303255
0.410904
0.0457812
0.576295
0.042014
0.23615
0.48479
0.432029
0.45592
0.531494
0.722631
0.138247
0.255915
0.341708
0.0671205
0.320178
0.710761
0.306172
0.669386
0.000574911
0.00121943
0.485744
0.175967
0.0306007
0.47918
0.392867
0.0222413
0.602517
0.0469798
0.145925
0.308276
0.0920866
0.0685909
0.135034
0.282974
0.33022
0.527851
0.00852301
0.0049278
0.385493
0.00299618
0.359965
0.0323534
0.312881
0.24774
0.0035952
0.270524
0.185753
0.0099881
0.0400871
0.043303
0.529993
0.0617664
0.436919
0.0282756
0.578875
0.134026
0.063139
0.289733
0.270274
0.0339678
0.400148
0.429828
0.178795
0.524078
0.259276
0.0315915
0.312977
0.444052
0.188794
0.180134
0.448148
0.312662
0.242327
0.626648
0.35282
0.0343069
0.00753919
0.11509
0.057978
0.493966
0.0496055
0.0614991
0.496753
0.295281
0.0835827
0.364591
0.021178
0.458829
0.410514
0.113341
0.00156011
0.00106397
0.00780956
0.228156
0.491098
0.73519
0.0582314
0.151276
0.011948
0.553267
0.625407
0.438777
0.226399
0.0586808
0.0770009
0.141387
0.229041
0.586186
0.00159174
0.695868
0.207244
0.316265
0.0453179
0.637142
0.300133
0.465604
0.0258349
0.211265
0.252332
0.078177
0.000653915
0.00157136
0.00819397
0.262945
0.00384927
0.468351
0.431033
0.0970504
0.0489591
0.456125
0.682852
0.0082916
0.403379
0.304651
0.231743
0.000270966
0.0143674
0.312214
0.280194
0.460147
0.0181615
9.31958e-05
0.175189
0.0483236
0.132669
0.0149541
0.297579
0.425013
0.306304
0.0164333
0.405508
0.159188
0.0999135
0.566612
0.0518975
0.62394
0.131137
0.00127602
0.0312952
0.129611
0.0294034
0.727896
0.56199
0.285084
0.291117
0.275499
0.201968
0.547286
0.0654439
0.430834
0.511922
0.501833
0.133518
0.578183
0.612817
0.0170129
0.0960257
0.416998
0.198859
0.663714
0.335466
0.193561
0.00021078
0.413183
0.0366967
0.676744
0.0210535
0.510009
0.312527
0.623734
0.0857686
0.51374
0.00215544
0.479479
0.00368365
0.451866
0.0812386
0.490022
0.00327497
0.147382
0.0293361
0.125643
0.354229
0.462885
0.488358
0.00071378
0.661598
0.740672
0.44075
0.0605996
0.705152
0.309957
0.0752051
0.192183
0.890714
0.667251
0.51729
0.230885
0.0569296
0.65342
0.426639
0.554888
0.344244
0.0395557
0.407932
0.0292057
0.00107879
0.0269107
0.282402
0.296352
0.160396
0.0479033
0.01716
0.0341099
0.299648
0.676991
0.71905
0.0407545
0.378225
0.606482
0.433844
0.00924342
0.580683
0.154313
0.00492712
0.553791
0.195027
0.588938
0.0961971
0.626494
0.125787
0.71201
0.0353519
0.381464
0.00703381
0.235365
0.422254
0.613758
0.101389
0.76592
0.507943
0.129553
0.662019
0.102702
0.0318763
0.0504014
0.523968
0.625346
0.44947
0.0447523
0.0143271
0.360656
0.484662
0.143636
0.0481164
0.0428626
0.627827
0.0444392
0.601626
0.310634
0.129618
0.0523191
0.00687106
0.221114
0.30032
0.280922
0.0191769
0.751156
0.500319
0.365404
0.0450095
0.00635334
0.392631
0.422889
0.663684
0.343794
0.193833
0.0178295
0.70063
0.65623
0.0911556
0.227189
0.756957
0.200657
0.0978809
0.436616
0.0719801
0.573801
0.567461
0.181476
0.0016486
0.619936
0.00677383
0.0296699
0.219998
0.41742
0.305609
0.418194
0.0414163
0.42175
0.792707
0.289404
0.550236
0.0575449
0.640819
0.467569
0.327601
0.315549
0.65582
0.499102
0.409748
0.173995
0.000646131
0.112631
0.49556
0.0102906
0.398228
0.618312
0.248548
0.402106
0.178568
0.633656
0.306733
0.509162
0.129994
0.0667298
0.692758
0.030675
0.027787
0.0127462
0.721994
0.691924
0.75696
0.420175
0.140817
0.165713
0.0934267
0.414989
0.242925
0.180549
0.351538
0.256454
0.555785
0.201054
0.0447788
0.22879
0.455028
0.54108
0.128273
0.117177
0.366175
0.00524476
0.00667235
0.0223001
0.00247458
0.0399436
0.147883
0.659277
0.306131
0.00804355
0.0197497
0.183644
0.449455
0.0531789
0.23454
0.215493
0.444206
0.338229
0.181834
0.0963819
0.0850071
0.0920186
0.309495
0.377975
0.363262
0.388438
0.0164992
0.181728
0.764957
0.574066
0.0274127
0.419067
0.0798545
0.00152157
0.259613
0.0314364
0.000309306
0.371779
0.0392098
0.439897
0.374796
0.568804
0.0518505
0.184563
0.788858
0.0747298
0.0129208
0.533226
0.481574
0.49965
0.549222
0.426712
0.411638
0.347378
0.5774
0.0557785
0.306443
0.242221
0.0067431
0.137946
0.582865
0.277045
0.612207
0.387376
0.11003
0.263799
0.549801
0.507322
0.113366
0.679525
0.359465
0.0300028
0.380941
0.000786931
0.380208
0.211269
0.0774671
0.0330027
0.580662
0.0914601
0.0195679
0.242572
0.391969
0.000140986
0.210233
0.319063
0.710083
0.254255
0.672913
0.568843
0.017788
0.150334
0.0415756
0.0944485
0.312807
0.304911
0.00298308
0.37849
0.0611794
0.254406
0.381066
0.570903
0.0212314
0.397718
0.122478
0.68729
0.0100347
0.0489703
0.135959
0.704408
0.448867
0.00378895
0.0713466
0.00521612
0.387993
0.847495
0.148806
0.00806024
0.449658
0.142647
0.126644
0.0220403
0.156978
0.300278
0.0754013
0.334292
0.461778
0.0840151
0.333046
0.0323058
0.167756
0.0260011
0.230614
0.024761
0.426553
0.0209012
0.55034
0.00147324
0.47869
0.346128
0.0169427
0.0177962
0.0772895
0.194447
0.656636
0.0178256
0.0311003
0.075518
0.453838
0.107198
0.65538
0.141752
0.126391
0.333716
0.002036
0.530996
0.464556
0.559142
0.463181
0.243296
0.00659845
0.00836765
0.153198
0.430575
0.66765
0.0145062
0.461703
0.131865
0.230344
0.506395
0.797171
0.321698
0.000979094
0.0316596
0.758811
0.199917
0.090979
0.0362995
0.0819762
0.14551
0.0175892
0.288209
0.311295
0.651609
0.47131
0.200226
0.135235
0.369718
0.357057
0.0963991
0.292814
0.0468052
0.000239502
0.0645336
0.849359
0.0130235
0.175877
0.566458
0.464206
0.417035
0.0841906
0.640832
0.729841
0.0397735
0.710538
0.535434
0.063388
0.348631
0.0495535
0.507268
0.071119
0.467516
0.664346
0.826575
0.028966
0.143403
0.072397
0.298209
0.273271
0.574367
0.326786
0.428955
0.00365645
0.348738
0.337345
0.00231608
0.542009
0.459822
0.226202
0.300336
0.00103801
0.22554
0.340775
0.0615399
0.084904
0.00539381
0.188232
0.189398
0.403685
0.00521612
0.0537395
0.221114
0.305026
0.745846
0.04715
0.131093
0.342022
0.0399121
0.0390149
0.362019
0.494568
0.161441
0.254643
0.164496
0.302462
0.479409
0.188961
0.38484
0.0286372
0.0106093
0.000458027
0.0235786
0.635563
0.0629026
0.0256986
0.375241
0.0341659
0.334468
0.00180333
0.248595
0.0220601
0.0831826
0.121317
0.0887307
0.47182
0.37072
0.316445
0.198616
0.125714
0.162376
0.259044
0.215408
0.120498
0.645843
0.142033
0.0774361
0.0465223
0.160204
0.0670915
0.000644565
0.284819
0.182361
0.210612
0.13527
0.483835
0.313155
0.404369
0.355109
0.235592
0.645342
0.79533
0.0751557
0.0116501
0.315426
0.000856783
0.052498
0.621339
0.452655
0.45899
0.470487
0.000750113
0.581146
0.224855
0.0488008
0.114156
0.0932695
0.462046
0.411729
0.529543
0.487479
0.297671
0.415063
0.0137
0.302982
0.0231156
0.524349
0.107185
0.214882
0.59988
0.65139
0.0643699
0.256655
0.166581
0.0101729
0.442129
0.0612702
0.178643
0.0299478
0.141075
0.215962
0.522348
0.0096051
0.242312
0.765111
0.166673
0.271418
0.651159
0.074876
0.356771
0.024837
0.0400496
0.304695
0.186435
0.324932
0.665442
0.392467
0.107907
0.105525
0.110151
0.0227475
0.220974
0.528192
0.137182
0.184427
0.134818
0.105965
0.428512
0.530681
0.0263321
0.634168
0.775852
0.459339
0.0673382
0.64717
0.706983
0.281376
0.0187375
0.00139588
0.590987
0.317141
0.290841
0.239993
0.744697
0.411397
0.331996
0.301072
0.149213
0.60618
0.276542
0.245788
0.325271
0.0686397
0.107894
0.0100791
0.204547
0.631885
0.148941
0.0242296
0.745806
0.405488
0.127033
0.0335349
0.1005
0.375811
0.553814
0.00265922
0.129956
0.104393
0.418532
0.850537
0.840656
0.0142328
0.00491226
0.607931
0.166918
0.359925
0.355675
0.0932539
0.187469
0.0375337
0.288545
0.00614691
0.345703
0.367408
0.0930239
0.247049
0.251518
0.229458
0.307041
0.0149594
0.354801
0.258605
0.308164
0.0210146
0.088753
0.589999
0.0217921
0.0325956
0.668134
0.220737
0.0596821
0.706542
0.246068
0.0663897
0.0365328
0.224735
0.128849
0.523671
0.212324
0.0284946
0.0153503
0.102927
0.35085
0.433368
0.693147
0.415306
0.50103
0.0129185
0.148832
0.273226
0.00026712
0.718418
0.633036
0.018223
0.498805
0.435815
0.535924
0.0663445
0.650098
0.550184
0.339664
0.540893
0.0725647
0.0897008
0.7417
0.135766
0.00195379
0.56763
0.263553
0.00495146
0.271672
0.0483647
0.0189708
0.346371
0.636006
0.576968
0.14879
0.324706
0.640726
0.0339435
0.164146
0.323575
0.508087
0.498081
0.404154
0.829843
0.0743749
0.219759
0.122727
0.124313
0.0281395
0.294383
0.41513
0.271496
0.530942
0.0950542
0.00839493
0.349082
0.874535
0.0501218
0.48385
0.000377629
0.197931
0.0506301
0.318759
0.764265
0.0717789
0.436933
0.696784
0.00508171
0.0570713
0.000193599
0.0735181
0.136953
0.0281908
0.152124
0.303269
0.0380347
0.271277
0.0352787
0.436044
0.171579
0.031491
0.177102
0.26605
0.364907
0.48256
0.00381373
0.122571
0.62118
0.23877
0.333341
0.328526
0.364152
0.40421
0.774734
0.0252579
0.342338
0.0140682
0.0903975
0.569408
0.419922
0.40721
0.677073
0.0435512
0.361139
0.475393
0.494613
0.208513
0.0478443
0.271477
0.561459
0.0119151
0.589293
0.0245429
0.629643
0.0137664
0.636557
0.0586039
0.687859
0.300441
0.519466
0.252819
0.202051
0.123673
0.244867
0.00731754
0.0123335
0.144984
0.210007
0.436172
4.67187e-05
0.260531
0.320714
0.337992
0.0176694
0.0466058
0.478306
0.0304368
0.0309757
0.0596
0.612379
0.545338
0.423773
0.000569832
0.535767
0.119912
0.541979
0.336154
0.0824145
0.510645
0.228877
0.466904
0.524084
0.0512912
0.564754
0.462723
0.314283
0.135273
0.0349766
0.430774
0.231865
0.0769679
0.453489
0.139014
0.623002
0.460212
0.692697
0.629522
0.0143771
0.326359
0.00961367
0.250641
0.518982
0.33543
0.495765
0.238863
0.216809
0.102212
0.40949
0.014038
0.490916
0.708444
0.516335
0.467251
0.0432311
0.456928
0.0357322
0.181905
0.313908
0.344116
0.922962
0.432123
0.00683126
0.613938
0.0144467
0.165662
0.644848
0.0150445
0.26902
0.00551574
0.640079
0.00332686
0.604603
0.311527
0.677054
0.522491
0.60407
0.24407
0.010578
0.0395572
0.127081
0.0313235
0.396316
0.0345543
0.471838
0.150621
0.358559
0.222197
0.723284
0.247908
0.70915
0.0626166
0.17127
0.0311281
0.715832
0.22658
0.16021
0.0461896
0.235663
0.0195756
0.114704
0.563876
0.386782
0.089724
0.308282
0.0212726
0.249395
0.4622
0.594578
0.00413663
0.586064
0.576464
0.349738
0.216447
0.0129796
0.0537159
0.0756933
0.294638
0.0268415
0.783165
0.160006
0.010641
0.297645
0.145236
0.328854
0.199843
0.219054
0.229232
0.242682
0.492703
0.365211
0.574447
0.0585046
0.570477
0.269633
0.186781
0.1431
0.310059
0.362006
0.16658
0.355546
0.307403
0.148214
0.23049
0.0100215
0.240711
0.644836
0.330578
0.384404
0.460872
0.410157
0.450435
0.46228
0.0875078
0.0224996
0.604345
0.0382765
0.63784
0.609347
0.453734
0.266255
0.645409
0.497961
0.0108738
0.550514
0.199697
0.357099
0.0196654
0.561815
0.0470337
0.367252
0.69256
0.604552
0.443334
0.337769
0.0180215
0.644688
0.15227
0.0147629
0.235089
0.0227336
0.884114
0.00243971
0.00914586
0.237776
0.294797
0.537207
0.215124
0.325034
0.332357
0.0812966
0.555722
0.00102508
0.4377
0.356084
0.037758
0.419077
0.0119181
0.577407
0.630549
0.0173652
0.313986
0.398574
0.661505
0.224332
0.335573
0.079391
0.857994
0.0078345
0.444398
0.394947
0.0203992
0.301301
0.539389
0.490002
0.566321
0.141496
0.667724
0.187811
0.409914
0.0597004
0.407732
0.346591
0.312689
0.000581764
0.776711
0.149953
0.0156379
0.276799
0.0143023
0.561751
0.0763686
0.193117
0.0857098
0.0209713
0.0382824
0.00300493
0.624419
0.0510284
0.152179
0.334373
0.000311975
0.387486
0.585358
0.541194
0.192607
0.0413137
0.782385
0.5106
0.258325
0.451914
0.425031
0.0330502
0.508921
0.141614
0.10702
0.251834
0.251962
0.0401472
0.00459276
0.3416
0.237147
0.597049
0.0992965
0.124799
0.115532
0.818478
0.327195
0.477399
0.672293
0.064934
0.369877
0.302794
0.0857375
0.632194
0.0486892
0.000411852
0.59083
0.000549105
0.105932
0.0229636
0.280536
0.324476
0.254286
0.178076
0.435391
0.362592
0.0727041
0.00104729
0.672028
0.125054
0.445695
0.00168716
0.041338
0.217092
0.261468
0.352497
0.085056
0.055695
0.490059
0.0992903
0.569919
0.73516
0.805645
0.502401
0.556921
0.0831269
0.0444502
0.248178
0.516061
0.0311919
0.71654
0.0408538
0.30316
0.0143207
0.0274355
0.147036
0.676042
0.70629
0.242899
0.749226
0.0828696
0.560928
0.00252639
0.0377402
0.078521
0.145761
0.50905
0.481668
0.131331
0.421834
0.398385
0.00986739
0.349036
0.536014
0.412346
0.148362
0.772074
0.618254
0.0486039
0.162385
0.288279
0.0131108
0.011405
0.406985
0.572513
0.657167
0.599654
0.391008
0.360153
0.511663
0.050114
0.174371
0.464479
0.304904
0.300107
0.0152776
0.311193
0.110328
0.0199165
0.165407
0.502934
0.0166142
0.657794
0.0235815
0.0206021
0.301006
0.232367
0.221778
0.673708
0.367996
0.356471
0.360663
0.000411112
0.315549
0.234038
0.539697
0.315592
0.0881437
0.342169
0.195545
0.501208
0.0126491
0.398649
0.527113
0.652203
0.0264526
0.106844
0.507161
0.00962534
0.000383791
0.0491086
0.404251
0.24828
0.152689
0.460444
0.000857917
0.44598
0.0694713
0.0500741
0.0354191
0.516465
0.420553
0.655944
0.767836
0.00215208
0.00493433
0.220042
0.524684
0.270008
0.442121
0.272689
0.0707998
0.700185
0.000749245
0.249013
0.556552
0.165671
0.581427
0.867777
0.00433185
0.312904
0.515328
0.0115311
0.0247946
0.0308756
0.323777
0.11805
0.347873
0.0027029
0.0288166
0.29529
0.177598
0.730521
0.000374504
0.301629
0.0920095
0.0232732
0.0104642
0.688705
0.0278505
0.607746
0.158261
0.745563
0.711066
0.0215064
0.2853
0.0125042
0.420999
0.368194
0.28129
0.550718
0.13485
0.372889
0.582018
0.0118805
0.0170278
0.781049
0.220136
0.492458
0.0980855
0.0545459
0.0197469
0.321228
0.601665
0.355905
0.467762
0.759239
0.126884
0.0877343
0.00105439
0.684747
0.0151844
0.810961
0.000458558
0.0285009
0.463714
0.179713
0.416896
0.359464
0.0493881
0.00442539
0.00513631
0.221562
0.0555932
0.287436
0.526613
0.651552
0.209233
0.344337
0.758012
0.227637
0.0666424
0.322647
0.14785
0.105841
0.000644262
0.0931548
0.0166326
0.13761
0.125596
0.0255977
0.279891
0.0400682
0.0228199
0.54909
0.0570729
0.370271
0.0558862
0.117289
0.310977
0.372261
0.195306
0.407839
0.507212
0.480446
0.332396
0.355821
0.45456
0.308002
0.820474
0.267415
0.598571
0.534738
0.0223275
0.66389
0.104389
0.447762
0.377466
0.207404
0.663528
0.609204
0.0895743
0.00250545
0.441074
0.21396
0.59281
0.0556046
0.74133
0.537034
0.365911
0.432047
0.539249
0.220573
0.0887353
0.0025519
0.190601
0.00279291
0.00563451
0.0570382
0.125747
0.474202
0.228085
0.357308
0.328668
0.292991
0.733087
0.274427
0.341675
0.319954
0.0886469
0.0425692
0.317829
0.0269209
0.703471
0.234467
0.046515
0.597281
0.00592029
0.272323
0.571716
0.141396
0.0160339
0.118768
0.470394
0.388711
0.0887071
0.409527
0.16704
0.309202
0.301285
0.0602298
0.046602
0.515014
0.334968
0.0492994
0.309419
0.0612221
0.297304
0.0085576
0.255575
0.544069
0.358575
0.0510623
0.542899
0.313972
0.392327
0.328485
0.377554
0.549849
0.434151
0.00576911
0.140628
0.0920665
0.27971
0.64375
0.0383057
0.369613
0.542113
0.0102234
0.186366
0.171313
0.0255167
0.515827
0.455561
0.484524
0.277962
0.163627
0.147918
0.576936
0.461045
0.0101311
0.585425
0.057512
0.280161
0.0233728
0.0680225
0.392238
0.292739
0.00271551
0.538999
0.0529835
0.172067
7.68546e-05
0.493318
0.0089966
0.178526
0.114308
0.0555522
0.507561
0.411962
0.0340691
0.38595
0.314723
0.296826
0.0084108
0.594793
0.132584
0.453968
0.0196996
0.205599
0.00113382
0.0301797
0.401616
0.0411713
0.00498878
0.422277
0.0148775
0.0170677
0.593065
0.30298
0.520747
0.655077
0.00498219
0.387713
0.0210104
0.465039
0.841903
0.331822
0.288844
0.0205386
0.355857
0.570309
0.344397
0.0568633
0.115664
0.158048
0.525411
0.014447
0.35317
0.0493517
0.0049607
0.444988
0.387666
0.323733
0.55268
0.478363
0.135325
0.0474016
0.327126
0.00889381
0.653411
0.0320008
0.0678267
7.04395e-05
0.552989
0.00219388
0.000423786
0.373653
0.148237
0.294865
0.64636
0.771164
0.0183452
0.101788
0.0189025
0.489618
0.10547
0.542103
0.50962
0.343411
0.377152
0.206053
0.17332
0.0195027
0.500859
9.97837e-06
0.161362
0.108464
0.160325
0.0421584
0.0257554
0.418174
0.510937
0.0814734
0.463057
0.019243
0.184659
0.285585
0.129076
0.295509
0.139572
0.442953
0.513183
0.295461
0.47537
0.320984
0.0052381
0.0120339
0.0011359
0.718013
0.0526409
0.153557
0.457008
0.34058
0.290231
0.430044
0.407939
0.538796
0.288565
0.106855
0.0073598
0.502199
0.370245
0.652931
0.465976
0.700481
0.469019
0.0165363
0.0278323
0.128881
0.366406
0.786013
0.0104352
0.133621
0.001515
0.193112
0.756273
0.088801
0.000564801
0.000797292
0.128888
0.701429
0.70893
0.533404
0.000921783
0.519478
0.0389946
0.331032
0.255925
0.279857
0.396297
0.0254749
0.0358177
0.399802
0.0134741
0.0850376
0.30203
0.152513
0.00287859
0.181021
0.569942
0.0540642
0.0983637
0.692376
0.553174
0.127699
0.384772
0.205404
0.00364234
0.111562
0.18257
0.120032
0.442551
0.22835
0.157177
0.173125
0.17494
0.030763
0.228057
0.0117528
0.0135639
0.0633866
0.59506
0.425511
0.18917
0.0251376
0.616409
0.409023
0.267993
0.233729
0.482571
0.0614494
0.264538
0.676314
0.055421
0.294937
0.501427
0.114348
0.445105
0.00154849
0.466809
0.0372003
0.00461994
0.308027
0.0254132
0.579776
0.244349
0.225794
0.130068
0.340628
0.104403
0.0153926
0.582194
0.165349
0.614816
0.0143448
0.0121526
0.207246
0.000427912
0.00477544
0.620194
0.373188
0.00921311
0.450892
0.223997
0.222939
0.164242
0.209477
0.00384832
0.0345549
0.463861
0.221337
0.133832
0.481736
0.288518
0.333325
0.469211
0.136417
0.449197
0.0457313
1.74948e-05
0.161414
0.412744
0.171796
0.296794
0.00259068
0.00865288
0.0268518
0.34122
0.369965
0.834672
0.165277
0.0469789
0.0664003
0.535098
0.593313
0.0344243
0.00942111
0.348467
0.640081
0.515421
0.312666
0.0855249
0.575104
0.00213121
0.088765
0.570159
0.228111
0.0235676
0.120726
0.589321
0.472901
0.237778
0.506156
0.632076
0.624181
0.0287521
0.585183
0.252321
0.155148
0.0369744
0.0661435
0.0172415
0.265701
0.51279
0.543012
0.0255955
0.0860126
0.502281
0.0363575
0.00528604
0.0726716
0.517204
0.668041
0.0868827
0.14372
0.233597
0.0280396
0.531537
0.0472887
0.518524
0.108695
0.324336
0.216617
0.0652519
0.426298
0.0143787
0.146549
0.365723
0.146507
0.514948
0.584265
0.0876148
0.465687
0.113241
0.0856223
0.152618
0.0497591
0.265259
0.110051
0.0134836
0.223751
0.443219
0.00288189
0.01335
0.189252
0.515692
0.555499
0.0397038
0.601291
0.199244
0.00539121
0.00153973
0.362995
0.334493
0.63974
0.685932
0.746202
0.101805
0.0782731
0.692275
0.152642
0.51016
0.270774
0.672894
0.522302
0.741453
0.0906026
0.0846227
0.0392012
0.041858
0.345789
0.000307144
0.534028
0.2913
0.265208
0.049336
0.182178
0.470308
0.509474
0.00484211
0.0853078
0.556278
0.62615
0.163991
0.602065
0.77387
0.18071
0.157439
0.437123
0.796273
0.109166
0.666275
0.461396
0.306662
0.270815
0.191819
0.194038
0.33572
0.307231
0.352615
0.0401084
0.412316
0.00928147
0.446722
0.762498
0.51248
0.410978
0.433622
0.00506099
0.641981
0.36326
0.100092
0.160647
0.16213
0.0329624
0.0253352
0.529971
0.0172125
0.511833
0.194736
0.0317287
0.45713
0.299863
0.227344
0.416928
0.0365243
0.0296616
0.0676766
0.30228
0.0215988
0.115004
0.0742157
0.574667
0.375537
0.0212283
0.455587
0.170328
0.12633
0.0603653
0.0815561
0.282111
0.447796
0.423475
0.343301
0.287152
0.000258989
0.130458
0.132521
0.143676
0.290763
0.719299
0.269605
0.257805
0.0069564
0.253659
0.488289
0.406624
0.441388
0.394732
0.667949
0.634453
0.0838154
0.00437013
0.344556
0.808588
0.0875606
0.541831
0.0635644
0.191743
0.397902
0.117741
0.212453
0.303292
0.464975
0.027368
0.846054
0.295809
0.0685967
0.739398
0.121239
0.362886
0.60438
6.35356e-05
0.569911
0.268409
0.468633
0.0340696
0.0662535
0.294651
0.435656
0.503223
0.483572
0.518588
0.561131
0.485864
0.562965
0.114681
0.0430491
0.225166
0.420452
0.13747
0.355178
0.364521
0.0299475
0.537366
0.0244673
0.0720031
0.396897
0.315484
0.188184
0.00452919
0.315056
0.413068
0.0387958
0.135193
0.0579513
0.473634
0.574429
0.455453
0.310129
0.391842
0.0841073
0.00186177
0.534609
0.417624
0.460024
0.566516
0.417494
0.141362
0.0374318
0.10183
0.504696
0.139822
0.000732597
0.276849
0.360445
0.611665
0.723763
0.0100158
0.630602
0.0208108
0.635181
0.485901
0.00192478
0.479048
0.0415507
0.0958952
0.109171
0.267532
0.371325
0.483629
0.0142953
0.0209417
0.122986
0.305224
0.612412
0.587215
0.5204
0.379645
0.515462
0.0685476
0.383496
0.057734
0.015463
0.258474
0.404122
0.297175
0.187494
0.158136
0.0589764
0.0220332
0.00534095
0.434631
0.150586
0.0607034
0.324321
0.136956
0.338245
0.531079
0.00442212
0.708241
0.284797
0.581009
0.0524142
0.124327
0.158908
0.417703
0.327242
0.332096
0.0807205
0.176998
0.177363
0.54715
0.543673
0.116488
0.401484
0.13467
0.296724
0.490172
0.472687
0.0250743
0.432267
0.32177
0.210796
0.366145
0.273824
0.459491
0.375817
0.372906
0.204815
0.264629
0.409488
0.489156
0.238315
0.00458748
0.011588
0.254971
0.457556
0.355378
0.763385
0.742173
0.03152
0.268702
0.0793265
0.523282
0.000741052
0.564583
0.119017
0.143629
0.11613
0.0288709
0.715584
0.287663
0.344502
0.0187855
0.23174
0.00468481
0.32376
0.553914
0.142425
0.549791
0.501173
0.555006
0.412995
0.658556
0.182956
0.211037
0.280651
0.789479
0.0219092
0.490923
0.278425
0.0217051
0.189452
0.608003
0.335497
9.46898e-05
0.200529
0.12083
0.68735
0.007677
0.00524471
0.00275551
0.0848178
0.246134
0.594625
0.611692
0.000778235
0.109899
0.271389
0.524994
0.399871
0.213035
0.766652
0.220523
0.0532161
0.495104
0.313124
0.552791
0.0386904
0.303227
0.317631
0.000303053
0.641354
0.00810555
0.44906
0.529252
0.691485
0.3147
0.0329613
0.784981
0.458617
0.355271
0.0217124
0.283944
0.340869
0.130477
0.112577
0.0568307
0.157555
0.30293
0.0549528
0.693533
0.03046
0.322953
0.479736
0.482996
0.0542825
0.00697846
0.828673
0.108768
0.365592
0.0147463
0.00188118
0.0597275
0.740789
0.601772
0.163822
0.00135109
0.262604
0.119733
0.0556068
0.0720701
0.0141035
0.441327
0.535303
0.307215
0.239794
0.216027
0.0988282
0.134189
0.350145
0.0925242
0.118625
0.519796
0.156593
0.326875
0.332761
0.510619
0.588789
0.153229
0.404472
0.706369
0.30643
0.0799245
0.403124
0.18556
0.0499714
0.457399
0.0199631
0.0839696
0.771341
0.242237
0.444176
0.401158
0.200085
0.469675
0.688092
0.0261321
0.27842
0.0835864
0.0666387
0.44396
0.575459
0.594836
0.34241
0.55468
0.224684
0.0389406
0.414001
0.392409
0.0008348
0.0574474
0.689388
0.232183
0.643784
0.355536
0.610876
0.233424
0.647471
0.100731
0.0257029
0.429884
0.218206
0.211777
0.222383
0.00852339
0.49113
0.0187051
0.105349
0.762785
0.5658
0.335457
0.302298
0.0221032
0.168714
0.016401
0.327937
0.669456
0.196367
0.320258
0.126492
0.000862119
0.400939
0.445034
0.0479969
0.213255
0.326633
0.0152735
0.581127
0.0781609
0.373525
0.632833
0.433898
0.504639
0.0936773
0.178324
0.620209
0.702901
0.331266
0.0729514
0.403901
0.0330934
0.707844
0.550788
0.000863364
0.0752494
0.0548154
0.783327
0.129338
0.0859177
0.548263
0.307367
0.0727164
0.496936
0.022882
0.488761
0.718262
0.120021
0.24167
0.0311099
0.0901643
0.497644
0.477998
0.593978
0.142183
0.504366
0.429023
0.534995
0.0244298
0.229492
0.00964718
0.000834825
0.637459
0.0520304
0.552592
0.0601424
0.317629
0.500267
0.138025
0.116446
0.154595
6.23021e-05
0.416406
0.318365
0.00513796
0.00390971
0.60318
0.752524
0.48914
0.202355
0.0303147
0.482921
0.124315
0.282255
0.713334
0.0273851
0.350479
0.18896
0.698367
0.157369
0.497765
0.00110066
0.658428
0.00273314
0.433644
0.00947311
0.321595
0.000202434
0.395756
0.00122141
0.000250171
0.193736
0.150319
0.46991
0.0170194
0.322329
0.0211056
0.053352
0.660128
0.502341
0.00140437
0.346805
0.472178
0.293344
0.0428945
0.114601
0.620168
0.231102
0.0440502
0.615207
0.107883
0.158734
0.00293205
0.103152
0.0314818
0.097659
0.517529
0.109722
0.15585
0.369614
0.526179
0.00419278
0.273221
0.604901
0.114901
0.741301
0.453329
0.74287
0.67098
0.057443
0.17356
0.0112132
0.192396
0.419716
0.260775
0.0174987
0.0675629
0.137968
0.245093
0.00215921
0.0789293
0.180737
0.0591238
0.527934
0.883463
0.334612
0.701801
0.00148706
0.0175892
0.569587
0.00384389
0.116117
0.000889914
0.673757
0.134913
0.72282
0.459464
0.495424
0.157908
0.0118652
0.357498
0.42807
0.0588128
0.580634
0.554654
0.521893
0.0273846
0.541187
0.0990541
0.0251833
0.206612
0.0734009
0.17473
0.29664
0.416601
0.421395
0.259793
0.0210558
0.439142
0.297143
0.684736
0.465074
0.25285
0.567547
0.331193
0.310902
0.171708
0.275904
0.148712
0.217422
0.125989
0.687004
0.0447843
0.157374
0.445953
0.199804
0.252611
0.165494
0.732162
0.648265
0.613831
0.262141
0.00819362
0.0349599
0.201553
0.036732
0.25196
0.406878
0.0442693
0.547266
0.403635
0.0181942
0.294658
0.0686259
0.283482
0.111753
0.295955
0.0641277
0.673076
0.628848
0.584135
0.011213
0.0826847
0.0304647
0.025782
0.406715
0.18802
0.509659
0.656053
0.213261
0.0094069
0.379432
0.294974
0.445069
0.635072
0.0941035
0.115903
0.352164
0.378977
0.213825
0.664818
0.0577613
0.158379
0.658171
0.0117717
0.0724973
0.237357
0.329884
0.208304
0.0344166
0.376029
0.380171
0.0474803
0.0798361
0.000316989
0.225608
0.347763
0.0608687
0.274286
0.296086
0.269529
0.247453
0.410749
0.283523
0.0523171
0.65761
0.0753293
0.00067608
0.148728
0.0124139
0.241275
0.315384
0.0316775
0.440355
0.123036
0.383518
0.608769
0.497727
0.365697
0.0882391
0.146149
0.713108
0.490988
0.473434
0.456347
0.610313
0.675795
0.422202
0.511509
0.0376047
0.0613462
0.0606623
0.497784
0.00113361
0.012863
0.376088
0.0126197
0.0831062
0.0825856
0.329574
0.0392507
0.0477251
0.0325442
0.415453
0.284011
0.44657
0.0709864
0.553007
0.166488
0.00904943
0.129371
0.0417075
0.171177
0.139723
0.768247
0.0584572
0.282741
0.276114
0.245545
0.133422
0.107114
0.0365032
0.0906289
0.0563425
3.5845e-05
0.000588694
0.661256
0.1963
0.637185
0.0499182
0.0279579
0.311195
0.081961
0.325342
0.176671
0.0778342
0.421372
0.173164
0.0344803
0.378739
0.428691
0.0501914
0.114382
0.169256
0.168714
0.240336
0.203613
0.406551
0.445229
0.515019
0.00133316
0.068687
0.258919
0.424589
0.687876
0.0687315
0.232873
0.0230195
0.117556
0.711988
0.264688
0.331083
0.0889177
0.413705
0.476842
0.193284
0.60302
0.0962774
0.26151
0.300664
0.186123
0.000164656
0.237946
0.0457513
0.241051
0.327329
0.0571117
0.75874
0.0614477
0.657656
0.375775
0.019994
0.474309
0.304351
0.50528
0.0633766
0.591203
0.357043
0.671539
0.310742
0.18393
0.292033
0.0302704
0.00157857
0.592175
0.470341
0.209354
0.562431
0.256275
0.145731
0.368959
0.114066
0.0708584
0.201194
0.217788
0.354894
0.693141
0.0415341
0.756029
0.0024189
0.405561
0.0284411
0.16535
0.00997903
0.459196
0.127847
0.0044254
0.0855626
0.328269
0.338479
0.130731
0.697268
0.311748
0.137672
0.0221272
0.63932
0.68464
0.0886819
0.0828836
0.155197
0.455494
0.475478
0.416583
0.294867
0.00949252
0.123521
0.0405363
0.0364974
0.307785
0.0852992
0.168377
0.000734277
0.316727
0.703946
0.178751
0.011962
0.591953
0.334479
0.0283701
0.0108185
0.0446717
0.113795
0.554969
0.338157
0.0982873
0.379795
0.264019
0.00433025
0.405048
0.176368
0.324475
0.0619386
0.0103136
0.00922849
0.0995794
0.587964
0.00237281
0.503262
0.080247
0.750201
0.0509961
0.30269
0.305737
0.00375663
0.654121
0.0118915
0.286996
0.318223
0.414758
0.678797
0.639461
0.000516355
0.283459
0.193784
0.109029
0.0274065
0.187167
0.281499
0.740453
0.463403
0.0173448
0.2681
0.307396
0.773209
0.011527
0.406409
0.268373
0.131295
0.394286
0.246042
0.221839
0.214724
0.0125093
0.415812
0.574272
0.212121
0.591981
0.516079
0.298661
0.0733999
0.655482
0.276299
0.00517576
0.0351588
0.665509
0.245039
0.248341
0.327431
0.0539592
0.487482
0.890017
0.00172771
0.500623
0.754431
0.680231
0.239242
0.209602
0.582165
0.186268
0.550065
0.0687537
0.471649
0.468068
0.402018
0.366253
0.00977057
0.0158508
0.154469
0.0514078
0.317675
0.0100696
0.299177
0.0901477
0.0963698
0.367518
0.0205967
0.0377828
0.338303
0.0235274
0.0919689
0.106066
0.0328226
0.576714
0.00323809
0.0028628
0.116162
0.169182
0.0753765
0.234986
0.459345
0.119137
0.16701
0.00910066
0.00062139
0.354556
0.0727105
0.155381
0.574116
0.676115
0.108571
0.230865
0.000256989
0.20849
0.224648
0.325776
0.15831
0.479969
0.00492418
0.0670244
0.218509
0.149284
0.679917
0.46166
0.547603
0.702656
0.793672
0.0562748
0.214369
0.358672
0.586848
0.398194
0.00596805
0.0104638
0.528847
0.132944
0.344915
0.370322
0.368618
0.415034
0.15256
0.172983
0.696838
0.329246
0.168106
0.444367
0.0169018
0.0109774
0.809467
0.0897223
0.0405521
0.248576
0.131917
0.535476
0.00405553
0.341566
0.120386
0.50805
0.306219
0.0540095
0.128881
0.473125
0.0044148
0.133614
0.149296
0.0327499
0.33545
0.256123
0.382157
0.276813
0.609002
0.0726395
0.640735
0.322814
0.622722
0.0946846
0.327863
0.030991
0.247774
0.544063
0.00953541
0.576195
0.0238722
0.537044
0.155339
0.420671
0.344492
0.0330025
0.165696
0.0234115
0.410792
0.238706
0.056226
0.13703
0.494768
0.0500866
0.0169843
0.295985
0.117195
0.345071
0.192376
0.0201361
0.0343787
0.741996
0.249744
0.661521
0.288935
0.802532
0.0031331
0.0846501
0.309452
0.578006
0.682393
0.0056002
0.309528
0.775251
0.274828
0.00223029
0.180244
0.290472
0.477068
0.111497
0.213738
0.100316
0.00223197
0.000274839
0.544095
0.14657
0.383598
0.306204
0.353284
0.00613733
0.734488
0.1971
0.508596
0.0102795
0.420936
0.272798
0.0750121
0.323228
0.337997
0.304957
0.0822119
0.728317
0.0388215
0.500108
0.368317
0.230491
0.440863
0.410033
0.0247033
0.000265967
0.39969
0.177848
0.159837
0.23533
0.0268899
0.0800191
0.27841
0.487785
0.41325
0.0229765
0.433765
0.299969
0.454739
0.126667
0.300017
0.0808518
0.208089
0.168384
0.435684
0.166896
0.166085
0.548311
0.338673
0.293718
0.0403295
0.0215608
0.525299
0.0953988
0.505952
0.104882
0.395482
0.69916
0.395197
0.5799
0.365848
0.311916
0.167835
0.352023
0.165948
0.31749
0.00335167
0.139842
0.0123261
0.178124
0.643866
0.00027176
0.210015
0.110114
0.672681
0.0941531
0.114327
0.44489
0.343348
0.219028
0.542903
0.0817343
0.0342718
0.770844
0.584721
0.0779284
0.191912
0.0537276
0.386385
0.0116351
0.0736232
0.350932
0.000390898
0.283952
0.201591
0.144067
0.0449085
0.208055
0.568969
0.0143132
0.0780845
0.416136
0.385552
0.590959
0.226403
0.283153
0.264906
0.386401
0.565512
0.0396979
0.652851
0.0122392
0.696566
0.0167793
0.636477
0.161504
0.0439769
0.0824078
0.173909
0.156575
0.48472
0.257872
0.0131661
0.221669
0.394815
0.345295
0.101442
0.193513
0.132911
0.0243539
0.249208
0.276351
0.00051344
0.314385
0.260844
0.125177
0.484571
0.223569
0.102868
0.0913626
0.00958406
0.0598151
0.352738
0.0619349
0.0198315
0.375875
0.111027
0.00322381
0.230512
0.301176
0.0549942
0.0129702
0.553311
0.0731615
0.0453079
0.117397
0.738486
0.223469
0.0173643
0.433508
0.661877
0.151024
0.0247196
0.597093
0.233005
0.708023
0.627318
0.0464121
0.00778567
0.0556705
0.0613155
0.567366
0.629739
0.190285
0.0349362
0.423023
0.592237
0.528663
0.0819835
0.584314
0.623233
0.389183
0.0173942
0.0443275
0.00186025
0.400058
0.475627
0.694307
0.262972
0.00566279
0.649101
0.439265
0.486602
0.0620218
0.364087
0.0700489
0.220883
0.152213
0.760864
0.435747
0.00638745
0.403729
0.309619
0.0668656
0.528985
0.01378
0.299789
0.79559
0.351697
0.545953
0.0704451
0.658822
0.0150633
0.266542
0.326426
0.0589123
0.521141
0.500949
0.525849
0.193252
0.00212466
0.0541059
0.00891093
0.0161062
0.255796
0.083464
0.31341
0.227846
0.307505
0.501586
0.00246017
0.0187908
0.027378
0.293912
0.134422
0.254618
0.149554
0.0843688
0.71915
0.319085
0.742236
0.387407
0.346448
0.00991637
0.64368
0.705066
0.467061
0.402097
0.586626
0.640289
0.423241
0.48278
0.434114
0.268082
0.254493
0.623563
0.248313
0.397322
0.376534
0.630168
0.157465
0.126003
0.571461
0.0924952
0.0513092
0.0180215
0.244133
0.165417
0.806473
0.160932
0.247751
0.0269886
0.738651
0.0872468
0.258275
0.349698
0.647584
0.110573
0.295292
0.299835
0.0955658
0.0333158
0.712191
0.139327
0.345467
0.150684
0.361686
0.414994
0.0021312
0.696171
0.0648898
0.312141
0.13171
0.0195687
0.204041
0.300539
0.0144295
0.0698486
0.543611
0.368038
0.399053
0.00507861
0.0143623
0.368835
0.163245
0.256068
0.270815
0.0294538
0.444044
0.108713
0.336253
0.692739
0.655388
0.24303
0.354424
0.337197
0.0959981
0.0226428
0.350943
0.00589248
0.00210332
0.0578403
0.324529
0.473306
0.000442584
0.00393731
0.545751
0.574876
0.130054
0.00219346
0.262183
0.526321
0.452819
0.0243779
0.588295
0.0620974
0.376946
0.0301319
0.00503844
0.0139799
0.398237
0.0048985
0.170755
0.0133974
0.559373
0.344386
0.527529
0.655907
0.0870377
0.311864
0.232452
0.681612
0.167466
0.434404
0.243381
0.267684
0.20017
0.432225
0.761361
0.0554875
0.0584516
0.270649
0.344338
0.372454
0.203705
0.24863
0.556249
0.31205
0.3355
0.215038
0.413928
0.258933
0.00775853
0.109778
0.600732
0.0724828
0.0262044
0.0560404
0.401816
0.517575
0.579424
0.252858
0.33578
0.382343
0.886302
0.268065
0.187721
0.127954
0.297779
0.357657
0.082141
0.00166717
0.430952
0.391249
0.0104088
0.358411
0.156269
0.0969864
0.353872
0.0482084
0.600356
0.50694
0.0632284
0.532103
0.468005
0.597844
0.580958
0.483377
0.240855
8.51521e-05
0.0955939
0.609995
0.429957
0.280508
0.0124107
0.534353
0.686321
0.335646
0.0252644
0.068638
0.00794073
0.013815
0.0853761
0.595134
0.475892
0.521718
0.267959
0.15132
0.305011
0.0558553
0.341616
0.543294
0.327275
0.089709
0.260814
0.512146
0.601597
0.302364
0.0343059
0.112746
0.743056
0.0153971
0.296293
0.00125594
0.00326571
0.201742
0.774589
0.487224
0.335003
0.497728
0.550471
0.169992
0.00800968
0.221541
0.140092
0.290299
0.0476233
0.00621855
0.0664556
0.125197
0.621187
0.0952007
0.0707882
0.63748
0.354004
4.52194e-06
0.53791
0.530669
0.250735
0.257327
0.129339
0.669493
0.0061285
0.250398
0.0770447
0.0319824
0.190632
0.136998
0.539702
0.600474
0.1256
0.552719
0.349645
0.773141
0.426479
0.425558
0.464739
0.51779
0.176646
0.0376056
0.200565
0.0652085
0.0518482
0.211409
0.169457
0.749207
0.390493
0.00596615
0.0238678
0.261018
0.344487
0.00339422
0.311106
0.524448
0.0101874
0.143756
0.500262
0.00104936
0.275001
0.0033457
0.310854
0.0930618
0.530217
0.0206507
0.162117
0.333251
0.520541
0.0169867
0.0122093
0.292119
0.138456
0.562915
0.175987
0.173351
0.0784534
0.2432
0.199287
0.556263
0.0838732
0.0535583
0.0449815
0.147653
0.480762
0.311044
0.5807
0.247392
0.377904
0.0525293
0.191295
0.0919404
0.255308
0.585587
0.306982
0.22933
0.0289296
0.652418
0.292585
0.0159166
0.270947
0.0777921
0.0870885
0.355579
0.0802705
0.000332859
0.667822
0.0628521
0.434642
0.323279
0.407284
0.0662661
0.0229959
0.264154
0.409671
0.00372696
0.163221
0.0483591
0.0561589
0.126596
0.822586
0.304863
0.17334
0.0288318
0.681436
0.343521
0.00212961
0.297461
0.557239
0.446545
0.36185
0.264129
0.783124
0.33437
0.436912
0.00516986
0.643465
0.0041167
0.579618
0.503288
0.0500316
0.277016
0.600104
0.0709306
0.098036
0.00827818
0.823034
0.14245
0.201975
0.66133
0.218187
0.0375014
0.127075
0.502326
0.247845
0.197671
0.739178
0.405493
0.159447
0.177727
0.564285
0.385355
0.416685
0.0765656
0.305989
0.35654
0.3655
0.0361362
0.480709
0.437144
0.513366
0.0473396
0.411259
0.0153571
0.432949
0.526103
0.010854
0.0588514
0.0148691
0.0174364
0.126031
0.212502
0.431223
0.00679933
0.0601285
0.519065
0.517879
0.531936
0.166724
0.000779463
0.0482745
0.00172356
0.84333
0.578344
0.0919002
0.400974
0.257713
0.261025
0.702525
0.688211
0.333969
0.776139
0.0626099
0.00108271
0.123312
0.730004
0.424453
0.0339439
0.539978
0.257219
0.557059
0.000433201
0.12526
0.00608705
0.0787716
0.234405
0.140428
0.0433406
0.28584
0.406463
0.242198
0.132308
0.192845
0.32589
0.225248
0.546891
0.00430646
0.4097
0.384312
0.080886
0.025775
0.308997
0.532378
0.378746
0.0266326
0.226703
0.129795
0.387384
0.136257
0.449603
0.0182701
0.156849
0.432999
0.531917
0.329954
0.40381
0.315893
0.116066
0.000100098
0.343272
0.380006
0.0573127
0.581886
0.000217248
0.450897
0.13743
0.419762
0.0634471
0.260314
0.33462
0.751152
0.0233693
0.539054
0.324522
0.0431123
0.149126
0.0765179
0.0951802
0.0343463
0.000132569
0.00283131
0.122006
0.374039
0.293231
0.0769724
0.206618
0.155216
0.387264
0.292214
0.479254
0.304036
0.110047
0.286229
0.00252314
0.0574271
0.494944
0.387053
0.0394831
0.0162544
0.00617683
0.389551
0.0127933
0.0670809
0.236758
0.0226035
0.015377
0.152118
0.437445
0.463001
0.480533
0.626006
0.155612
0.324371
0.260184
0.261145
0.0931568
0.348873
0.00395102
0.200093
0.433212
0.0670908
0.627024
0.537768
0.000377384
0.28907
0.416411
0.370244
0.482514
0.391737
0.0170281
0.481058
0.565272
0.577689
0.259625
0.668401
0.470277
0.636713
0.0022882
0.614151
0.557426
0.0373856
0.361087
0.0055947
0.129951
0.406712
0.0935194
0.624622
0.218931
0.184803
0.25251
0.192302
0.164485
0.47322
0.281543
0.397206
0.223773
0.227333
0.100584
0.153648
0.200625
0.0972927
0.163096
0.197423
0.236424
0.108992
0.265277
0.15551
0.2033
0.00512485
0.0239165
0.200611
0.59829
0.295487
0.00796794
0.727394
0.0092056
0.556355
0.48258
0.32816
0.5367
0.33674
0.00131358
0.156782
0.00616945
0.00121518
0.00222586
0.0232191
0.00352482
0.215179
0.239301
0.268392
0.0270627
0.0896751
0.17182
0.0469606
0.0275146
0.0152015
0.424146
0.668425
0.297822
0.0500065
0.00260722
0.842685
0.311445
0.102811
0.347286
0.00528715
0.00411441
0.0807982
0.0215479
0.0140735
0.675055
0.250134
0.337548
0.0598109
0.0250827
0.0725194
0.14064
0.247965
0.114986
0.132037
0.485169
0.0853122
0.186519
0.0687336
0.137482
0.38991
0.352384
0.715027
0.639486
0.0637751
0.312101
0.541772
0.324763
0.00250375
0.0054599
0.607129
0.16105
0.0349325
0.0878897
0.00543764
0.000330685
0.350281
0.317049
0.0617487
0.330591
0.0217696
0.171043
0.568534
0.638581
0.220329
0.0673646
0.000345672
0.466084
0.804048
0.65912
0.319888
0.106671
0.0722853
0.215014
0.0381113
0.242935
0.00712232
0.0149583
0.103353
0.247934
0.218332
0.139052
0.243725
0.0911724
0.104732
0.00510009
0.0249897
0.229187
0.175881
0.455502
0.0944598
0.409479
0.00102992
0.14433
0.261461
0.573702
0.158289
0.0822869
0.0577425
0.0296263
0.590816
0.568759
0.0696363
0.0304454
0.00793484
0.244801
0.684667
0.298398
0.112121
0.519011
0.306109
0.028996
0.540672
0.0970202
0.00147035
0.00517479
0.00543871
0.0241772
0.198544
0.0618906
0.0694094
0.220915
0.576605
0.0034347
0.485705
0.204121
0.0501478
0.199304
0.20623
0.547893
0.369505
0.431385
0.101186
0.281743
0.578022
0.271226
0.637458
0.395063
0.227513
0.00521602
0.218033
0.66169
0.192534
0.0998014
0.195129
0.552006
0.271995
0.0152913
0.0041031
0.514111
0.231848
0.0338193
0.289839
0.463287
0.512303
0.0413787
0.00525457
0.200997
0.594397
0.297655
0.361237
0.057514
0.668715
0.571032
0.350351
0.0145912
0.0286151
0.557721
0.0882385
0.0918746
0.00419818
0.312153
0.423048
0.0263153
0.105595
0.0215468
0.0708182
0.0157145
0.63142
0.149964
0.404355
0.0257275
0.112179
0.0556724
0.25227
0.296657
0.0459501
0.567028
0.264241
0.350106
0.0424137
0.126216
0.681419
0.0444629
0.00221964
0.493388
0.449898
0.152384
0.110671
0.200108
0.0643464
0.362891
0.307042
0.163944
0.672274
0.699341
0.71888
0.603769
0.094964
0.561526
0.387411
0.136865
0.333182
0.0173274
0.277283
0.615261
0.0409814
0.0524711
0.331653
0.0637032
0.106989
0.618897
0.401706
0.201486
0.605022
0.365203
0.439896
0.023755
0.00657919
0.472483
0.533105
0.404734
0.0699631
0.576829
0.429069
0.143153
0.350269
0.538683
0.574383
0.555308
0.501697
0.477892
0.0231144
0.341673
0.331796
0.432991
0.117626
0.163156
0.118323
0.0365305
0.0060361
0.138153
0.576119
0.0174561
0.650863
0.329887
0.0756644
0.307719
0.499507
0.392586
0.0337661
0.0334222
0.607842
0.225752
0.667388
0.572182
0.325358
0.132464
0.346161
0.847086
0.251197
0.462394
0.283957
0.30274
0.444188
0.341853
0.122003
0.542825
0.105967
0.215278
0.424997
0.669059
0.185818
0.270053
0.21446
0.0931803
0.260273
0.448609
0.21425
0.627758
0.011916
0.647883
0.0763768
0.467288
0.224275
0.0137994
0.0627635
0.48421
0.0547802
0.0153174
0.0360992
0.428664
0.472849
0.47371
0.100019
0.438386
0.0773372
0.256437
0.304349
0.697829
0.235887
0.428825
0.0930015
0.359422
0.498719
0.0124159
0.00378701
0.344413
0.453795
0.692247
0.329914
0.102093
0.00728419
0.286478
0.101012
0.0100954
0.152637
0.803825
0.486995
0.0312764
0.14608
0.528712
0.0252956
0.00764643
0.0214742
0.301369
0.0167691
0.491329
0.549691
0.00305982
0.243898
0.0548433
0.119241
0.168355
0.204123
0.177408
0.304528
0.00928628
0.153143
0.0360948
0.00647669
0.761347
0.353392
0.218169
0.107741
0.36944
0.218947
0.332066
0.379132
0.752265
0.0991193
0.497455
0.00788975
0.0231823
0.686737
0.0945034
0.183442
0.0062752
0.406952
0.301814
0.00723823
0.463282
0.0661396
0.0911175
0.0876066
0.0553227
0.621133
0.253346
0.0171017
0.273403
0.617966
0.403527
0.000343039
0.380205
0.0419359
0.09985
0.0022626
0.0136929
0.595836
0.558468
0.00260146
0.523635
0.684557
0.0867042
0.395817
0.0911024
0.00326975
0.32218
0.427695
0.279435
0.111923
0.0282402
0.567834
0.190783
0.330823
0.353515
0.166195
0.776239
0.411374
0.510985
0.298966
0.349822
0.129104
0.821239
0.0124798
0.273275
0.134147
0.228481
0.00946951
0.772643
0.00246885
0.216701
0.103859
0.165059
0.599542
0.298329
0.218707
0.00162075
0.0118864
0.249489
0.130255
0.282858
0.0202016
0.573169
0.190596
0.722933
0.0910163
0.371817
0.313176
0.36973
0.0139937
0.171926
0.254063
0.242001
0.00343544
0.403065
0.000183855
0.422104
0.192746
0.202913
0.69586
0.372015
0.509038
0.0389614
0.0128219
0.132201
0.0202711
0.27048
0.372023
0.00385707
0.462862
0.0417059
0.0292574
0.00271282
0.147119
0.0942182
0.00759848
0.473783
0.186621
0.252867
0.33226
0.317535
0.315161
0.628328
0.417537
0.44016
0.012514
0.439223
0.323493
0.0558987
0.144126
0.0208788
0.194397
0.213157
0.496587
0.0896688
0.00375987
0.525172
0.35524
0.0494421
0.151361
0.574655
0.76219
0.589466
0.0556417
0.137575
0.275964
0.772369
0.297172
0.286939
0.0367676
0.391511
0.239018
0.148196
0.00608276
0.0267502
0.436369
0.139061
0.385108
0.209028
0.00159106
0.694371
0.00526161
0.0204067
0.281499
0.0541856
0.0723087
0.274555
0.33557
0.0363642
0.566108
0.633349
0.0784102
0.626386
0.517024
0.00320567
0.206427
0.284086
0.0179468
0.537579
0.411782
0.0310708
0.586238
0.0122942
0.289065
0.0255778
0.631042
0.253806
0.313096
0.587821
0.0181791
0.337548
0.313632
0.299351
0.0703207
0.000198485
0.448956
0.280787
0.59226
0.0120155
0.306304
0.562105
0.143374
0.680487
0.0395472
0.152333
0.455977
0.132021
0.222888
0.0994018
0.485491
0.356054
0.0569545
0.16661
0.00794697
0.171189
0.31247
0.701779
0.0840473
0.193601
0.0836132
0.130815
0.218741
0.000645856
0.0217529
0.617983
0.687552
0.0145577
0.560608
0.129938
0.638945
0.396228
0.140796
0.403758
0.0177982
0.691816
0.331923
0.0407768
0.311539
0.422698
0.805192
0.372756
0.517679
0.0493098
0.352484
0.0934145
0.0533184
0.373047
0.108107
0.242288
0.334121
0.64015
0.697118
0.0714635
0.067628
0.607705
0.428827
0.195917
0.206015
0.323123
0.13652
0.304231
0.0057501
0.324536
0.524982
0.294821
0.357924
0.0536089
0.0327267
0.166393
0.0273385
0.357012
0.223132
0.259106
0.618037
0.090938
0.544279
0.0136397
0.522158
0.519342
0.000475365
0.808849
0.225657
0.506829
0.0854641
0.425758
0.0208805
0.191736
0.0183715
0.496434
0.646086
0.367097
0.812749
0.442789
0.718726
0.833925
0.129269
0.552553
0.359944
0.270973
0.154246
0.0499307
0.84522
0.0500689
0.238531
0.544605
0.118733
0.18881
0.359735
0.0036107
0.273604
0.178089
0.317487
0.294939
0.211469
0.656937
0.045024
0.0783482
0.497631
0.0153314
0.588516
0.408497
0.533893
0.329794
0.415559
0.588446
0.498009
0.240103
0.0104517
0.0563062
0.0017148
0.523797
0.488809
0.0920212
0.0558288
0.209683
0.240591
0.273487
0.428037
0.349815
0.739532
0.313793
0.0115282
0.451503
0.0238349
0.308763
0.638465
0.367158
0.100537
0.729588
0.46251
0.0260044
0.693838
0.361207
0.244925
0.627743
0.328169
0.40003
0.0963427
0.0315001
0.211467
0.561675
0.118958
1.49598e-05
0.0119957
0.506486
0.141973
0.127733
0.336644
0.795146
0.0513803
0.350213
0.013747
0.0745705
0.0122626
0.120703
0.110853
0.46962
0.277697
0.355705
0.495163
0.414783
0.342521
0.732961
0.608144
0.198068
0.478408
0.00356775
0.0785405
0.079884
0.277575
0.514485
0.00300207
0.19506
0.237939
0.529719
0.101303
0.569875
0.503587
0.387903
0.257547
0.0108182
0.401147
0.0154449
0.0582861
0.697215
0.0988934
0.928914
0.628967
0.0305334
0.286435
0.67371
0.304436
0.308773
0.08954
0.396888
0.0409916
0.0579306
0.0336464
0.405383
0.481347
0.711355
0.46496
0.0429952
0.221965
0.352643
0.429179
0.76631
0.571002
0.0149912
0.526855
0.77139
0.432254
0.00517215
0.167014
0.589522
0.451379
0.360959
0.491895
0.409956
0.397781
0.081574
0.0180331
0.641467
0.0869963
0.023212
0.0047497
0.169319
0.403725
0.0282479
0.725051
0.104273
1.31836e-05
0.785394
0.158956
0.281639
0.097955
0.0650736
0.536511
0.105994
0.487178
0.066996
0.457982
0.53573
0.305617
0.222769
0.336989
0.647152
0.458493
0.00246609
0.0170498
0.388562
0.401453
0.0215384
0.38241
0.369334
0.241796
0.294197
0.366439
0.0748408
0.00536575
0.67182
0.0783158
0.350499
0.233333
0.360528
0.222033
0.258557
0.0264619
0.436212
0.293619
0.596966
0.305784
0.352635
0.732779
0.326121
0.586614
0.51906
0.0503388
0.118194
0.0745171
0.141457
0.581748
0.744242
0.151271
0.0599551
0.494662
0.478195
0.373415
0.140733
0.390085
0.149032
0.259509
0.296216
0.0488604
0.241133
0.472494
0.42378
0.0865497
0.145553
0.356868
0.30546
0.614034
0.468784
0.301538
0.185302
0.302181
0.425674
0.445679
0.556773
0.103463
0.250585
0.000106897
0.423483
0.0590792
0.239443
0.450909
0.0527613
0.388656
0.182991
0.0733723
0.548549
0.280603
0.678704
0.588929
0.153002
0.398051
0.164867
0.298483
0.256669
0.61098
0.0322351
0.0954087
0.0382549
0.115338
0.310849
0.368094
0.0059492
0.036339
0.0404107
0.17483
0.278411
0.034137
0.0385767
0.00335215
0.0531971
0.348324
0.450917
0.238072
0.0104049
0.498548
0.234155
0.000174746
0.345503
0.235055
0.589498
0.44464
0.475697
0.161143
0.264945
0.376703
0.324098
0.370928
0.596888
0.073273
0.0156789
0.31967
0.32914
0.651025
0.750883
0.376315
0.00586112
0.59633
0.0521105
0.279911
0.432005
0.518473
0.0458832
0.505313
0.264915
0.162804
0.29904
0.268696
0.283136
0.301112
0.0342805
0.797615
0.244107
0.099312
0.000148466
0.2631
0.151667
0.274681
0.274169
0.476314
0.130842
0.290071
0.0919002
0.0349642
0.287965
0.610812
0.300392
0.105934
0.765274
0.00379018
0.164439
0.0500479
0.714674
0.0729526
0.370943
0.192508
0.49581
0.066746
0.74461
0.0308817
0.576968
0.761719
0.576037
0.0790494
0.292779
0.0256653
0.0160373
0.0164238
0.449396
0.0691003
0.00103968
0.204654
0.53247
0.296021
0.233686
0.585967
0.650028
0.461003
0.482202
0.448315
0.37238
0.419876
0.299825
0.030958
0.435828
0.20967
0.623692
0.00579942
0.457498
0.0111224
0.359111
0.34793
0.647986
0.366043
0.0765327
0.485379
0.0391541
0.279886
0.610714
0.698058
0.429096
0.512591
0.225466
0.132369
0.0959717
0.0989612
0.282079
0.0970105
0.0233459
0.378028
0.29291
0.546527
0.489553
0.128844
0.140139
0.0380911
0.203629
0.160654
0.55969
0.524443
0.417885
0.465399
0.354597
0.571279
0.0348933
0.0126022
0.515651
0.374218
0.10299
0.393533
0.730492
0.456977
0.709489
0.0404103
0.319689
0.405105
0.280652
0.0720305
0.423351
0.161159
0.0567693
0.286611
0.0460656
0.264114
0.462891
0.461566
0.187505
0.0201625
0.241779
0.0529661
0.118847
0.681109
0.0173079
0.338297
0.245777
0.523208
0.3152
0.211172
0.231471
0.505035
0.162243
0.00369511
0.550097
0.373561
0.0626021
0.264931
0.251018
0.17821
0.431496
0.731333
0.266313
0.0911176
0.371251
0.0492083
0.0113264
0.0604507
0.0961049
0.635827
0.0312969
0.169306
0.499059
0.130491
0.0319529
0.0627389
0.0251546
0.114894
0.287151
0.360474
0.0396353
0.704564
0.428487
0.000155689
0.619565
0.620916
0.457924
0.576653
0.030969
0.4073
0.387531
0.0133847
0.321822
0.61067
0.512684
0.160643
0.00863986
0.625131
0.182509
0.265689
0.0372813
0.316259
0.681356
0.48377
0.033153
0.415442
0.0685312
0.451932
0.618134
0.298455
0.00178743
0.0331613
0.383116
0.428428
0.138536
0.0716712
0.340716
0.179558
0.178614
0.308194
0.003824
0.348558
0.504357
0.350104
0.12893
0.410759
0.00785505
0.33241
0.111113
0.16905
0.32683
0.0687649
0.517206
0.272488
0.620544
0.424634
0.194224
0.0585834
0.21547
0.105345
0.387457
0.0968038
0.601707
0.401185
0.308425
0.292125
0.498547
0.0450718
0.393156
0.236266
0.0135817
0.747591
0.0157969
0.0414416
0.269246
0.47606
0.580662
0.278177
0.489775
0.80545
0.357819
0.0449455
0.0374034
0.141
0.1119
0.452651
0.230275
0.0183218
0.00572584
0.0016176
0.581015
0.0416744
0.113545
0.75924
0.568054
0.602852
0.0924936
0.401073
0.317861
0.180366
0.857773
0.649828
0.714704
0.168081
0.629926
0.2481
0.274572
0.206358
0.449806
0.17172
0.492185
0.79218
0.0768554
0.400154
0.00525436
0.104203
0.117287
0.71449
0.469121
0.126062
0.0111136
0.222505
0.185169
0.361605
0.42719
0.447536
0.116467
0.255686
0.448552
0.0190228
0.0405331
0.476608
0.325741
0.00789409
0.0493273
0.00712235
0.411359
0.338529
0.00814262
0.486824
0.31065
0.301375
0.0211122
0.26432
0.305435
0.0536464
0.625662
0.351835
0.0548949
0.297448
0.00132882
0.48472
0.178364
0.848203
0.000468005
0.765912
0.526678
0.507939
0.301196
0.172048
0.0450218
0.16731
0.456047
0.284055
0.163381
0.022117
0.38056
0.292348
0.00802169
0.132154
0.208103
0.10798
0.653642
0.00870654
0.125598
0.182211
0.527923
0.76522
0.678689
0.0749765
0.646428
0.311247
0.307127
0.145544
0.221027
0.536767
0.173446
0.0639127
0.08112
0.34009
0.358204
0.520442
0.437868
0.122798
0.690385
0.635076
0.354893
0.349523
0.0453674
0.0155194
0.482694
0.156045
0.69546
0.053509
0.529818
0.688109
0.0194393
0.431081
0.875761
0.189939
0.412116
0.110377
0.664035
0.361955
0.011352
0.698171
0.588882
0.205001
0.211701
0.158303
0.439339
0.187562
0.675259
0.258624
0.763202
0.787227
0.350875
0.0912128
0.57327
0.501341
0.341752
0.317725
0.590258
0.494047
0.00824134
0.00235552
0.258318
0.00160981
0.257112
0.256251
0.16433
0.186136
0.41275
0.0418654
0.243363
0.00242797
0.0782247
0.0017073
0.0175624
0.0871688
0.0252072
0.028834
0.00975969
0.291691
0.198234
0.478082
0.464654
0.342775
0.0214997
0.134942
0.532179
0.369852
0.0380021
0.485602
0.138203
0.281855
0.00011432
0.135095
0.474764
0.000679916
0.360572
0.0305009
0.0252055
0.708253
0.0398156
0.0968626
0.53965
0.0990224
0.20116
0.097064
0.512679
0.00634569
0.368673
0.319708
0.30982
0.0450514
0.596318
0.394031
0.512616
0.36676
0.0630746
0.38474
0.055231
0.0232188
0.0702515
0.0428401
0.45184
0.433992
0.387097
0.0454081
0.30599
0.699064
0.110679
0.0178097
0.0239755
0.0246489
0.00553641
0.0633322
0.12783
0.357558
0.0134402
0.00404549
0.0864121
0.21162
0.0575586
0.117489
0.00853815
0.13373
0.0017179
0.122493
0.386289
0.07319
0.0876712
0.0167297
0.0336933
0.359292
0.0105381
0.169754
0.252314
0.257825
0.287517
0.0258668
0.463307
0.703017
0.00528689
0.149495
0.154512
0.33839
0.302646
0.513014
0.714379
0.00673673
0.229312
0.848115
0.232116
0.385516
0.280512
0.0646471
0.15959
0.24485
0.352417
0.234567
0.23809
0.346281
0.302223
0.624318
0.0452359
0.0756456
0.190394
0.135397
0.70088
0.53236
0.466552
0.482457
0.00152389
0.60643
0.357139
0.70596
0.477895
0.0481518
0.512845
0.400745
0.385283
0.440153
0.259389
0.283311
0.420493
0.666933
0.43083
0.57274
0.0232656
0.817473
0.207932
0.0725602
0.464307
0.743731
0.637545
0.571982
0.114992
0.415804
0.0306029
0.0014729
0.0334027
0.430398
0.126642
0.73884
0.711112
0.294191
0.0735501
0.0576868
0.449353
0.522765
0.248983
0.0714886
0.0563921
0.0706739
0.04912
0.078631
0.518336
0.0154855
0.120573
0.231664
0.00539561
0.101816
0.759101
0.640446
0.602814
0.473432
0.6034
0.41253
0.552343
0.0806717
0.325735
4.10017e-05
0.186926
0.0270682
0.0446084
0.231109
0.0770864
0.603374
0.336515
0.0308279
0.487533
0.0401439
0.104871
0.644895
0.388376
0.176969
0.368694
0.267155
0.228372
0.136841
0.0942308
0.0219367
0.0715018
0.00577043
0.542144
0.173681
0.00322575
0.432786
0.15868
0.547892
0.0325902
0.143673
0.633129
0.390372
0.528868
0.566233
0.610055
0.037144
0.0333938
0.108221
0.000687097
0.617747
0.183969
0.191466
0.0478585
0.00909212
0.211412
0.435373
0.432154
0.134979
0.0942771
0.23008
0.187778
0.0458643
0.334661
0.213541
0.431104
0.355007
0.101229
0.140332
0.00401595
0.07674
0.465093
0.389024
0.419689
0.0214847
0.00549112
0.588244
0.121965
0.0264184
0.645354
0.254392
0.00632104
0.355351
0.0129682
0.0480263
0.0360106
0.0113242
0.0648443
0.741857
0.372303
0.24148
0.0675699
0.61788
0.295545
0.649027
0.66583
0.284643
0.00056347
0.301855
0.00511618
0.00137443
0.282058
0.465762
0.108879
0.0446132
0.384754
0.398178
0.00279871
0.00727381
0.376872
0.666729
0.328636
0.558422
0.000477205
0.466912
0.0127807
0.00524644
0.683915
0.403305
0.505638
0.434786
0.0692746
0.00502605
0.150193
0.361947
0.312723
0.000720497
0.644655
0.265867
0.48569
0.173405
0.141169
0.651182
0.600661
0.334091
0.0495861
0.0288637
0.0923653
0.0255179
0.522104
0.0256151
0.336672
0.196274
0.455137
0.64547
0.600301
0.219292
0.579268
0.382904
0.374255
0.425481
0.336808
0.0321982
0.19236
0.10971
0.742013
0.364734
0.0726137
0.673402
0.281441
0.220166
0.849913
0.0725592
0.641279
0.424525
0.0107358
0.0459791
0.0510305
0.117385
0.02005
0.278332
0.297387
0.157666
0.175909
0.580819
0.345696
0.514673
0.426381
0.00357838
0.0142064
0.0202844
0.0138399
0.00011837
0.574472
0.559994
0.000687671
0.0342362
0.361361
0.197035
0.174827
0.329971
0.0210659
0.0139962
0.390954
0.514392
0.376886
0.394821
0.291657
0.474771
0.0926739
0.410558
0.195824
0.0736474
0.291312
0.529226
0.178708
0.00844932
0.387289
0.320603
0.357948
0.509666
0.00695392
0.192842
0.196001
0.247295
0.0978207
0.212769
0.0186332
0.337957
0.297059
0.118505
0.575263
0.315811
0.211402
0.036038
0.036241
0.486531
0.12867
0.166473
0.139902
0.0188144
0.538067
0.0570762
0.231767
0.156619
0.685811
0.309406
0.00347789
0.00535645
0.0567848
0.00116182
0.268776
0.0360012
0.0031811
0.573529
0.390841
0.321845
0.056912
0.00883154
0.531813
0.0263445
0.221722
0.0360147
0.28057
0.503019
0.206248
0.363028
0.646393
0.511427
0.113032
0.510359
0.122489
0.0641758
0.372754
0.0425878
0.520259
0.51308
0.815013
0.499456
0.513163
0.0544788
0.651648
0.109545
0.00908638
0.369931
0.345771
0.0630843
0.439101
0.151858
0.374417
0.0404221
0.339178
0.120231
0.177179
0.379065
0.552534
0.383345
0.616219
0.12293
0.00806495
0.642196
0.441084
0.0301299
0.557265
0.617955
0.791372
0.215409
0.808003
0.581425
0.141867
0.410781
0.0487239
0.410541
0.0932603
0.35861
0.0560954
0.0234031
0.108867
0.155383
0.0020433
0.490722
0.507452
0.239453
0.541518
0.281279
0.00723233
0.239603
0.36542
0.0396832
0.00268492
0.169809
0.0152939
0.219129
0.647223
0.322367
0.127971
0.23706
0.802005
0.947526
0.185056
0.486492
0.000642154
0.11941
0.284399
0.154698
0.506117
0.221716
0.320073
0.234293
0.0715868
7.1204e-05
0.0569941
0.161229
0.157201
0.0107
0.105564
0.259871
0.358829
0.46398
0.102063
0.203965
0.484703
0.59998
0.177586
0.374867
0.147144
0.0249313
0.171203
0.0336973
0.167725
0.507793
0.257448
0.652418
0.112491
0.49204
0.0525843
0.00431968
0.520903
0.248089
0.303453
0.377954
0.199139
0.479905
0.0417643
0.439754
0.46151
0.324435
0.0814156
0.282605
0.0126925
0.154243
0.387537
0.0901427
0.615087
0.5113
0.0626669
0.430494
0.0104694
0.71373
0.00131216
0.553527
0.231629
0.0989086
0.5401
0.223679
0.26879
0.0395519
0.632851
0.0326397
0.0549268
0.0723157
0.176384
0.0405346
0.638772
0.499601
0.356097
0.84162
0.00257776
0.0125838
0.200676
0.437863
0.302875
0.00729333
0.829259
0.471635
0.519321
0.0261659
0.0646136
0.4422
0.0551854
0.336223
0.503155
0.103442
0.358816
0.00503354
0.720847
0.0129692
0.177173
0.0760484
0.00546402
0.148609
0.581584
0.79665
0.48375
0.245022
0.559868
0.440247
0.0222374
0.173406
0.179552
0.15747
0.0504187
0.112719
0.0332222
0.168515
0.0319145
6.52823e-05
0.193364
0.687963
0.0786614
0.368382
0.022526
0.126296
0.643994
0.436292
0.429848
0.0791728
0.116969
0.051811
0.531171
0.0981842
0.532813
0.485376
0.391977
0.029391
0.320092
0.00414537
0.227948
0.132139
0.117954
2.24554e-05
0.209219
0.472807
0.0645966
0.552274
0.0928051
0.149127
0.294508
0.783932
0.0278571
0.131961
0.00153611
0.54618
0.0763506
0.0157501
0.00156856
0.719217
0.434633
0.235028
0.0193654
0.302071
0.138159
0.236534
0.340541
0.693895
0.028367
0.0280114
0.0370738
0.5493
0.376599
0.259371
0.0943237
0.206879
0.106356
0.43553
0.349431
0.0676062
0.0148183
0.214699
0.12388
0.0386893
0.444009
0.42421
0.327111
0.311121
0.113776
0.446168
0.670583
0.431181
0.655529
0.750148
0.578423
0.24475
0.000762216
0.34796
0.336923
0.33032
0.378868
0.0368909
0.230191
0.275839
0.602236
0.248124
0.358001
0.447888
0.733832
0.0556838
0.02293
0.380191
0.592457
0.00918942
0.036992
0.024944
0.173107
0.335985
0.459649
0.489212
0.200304
0.0830036
0.0359158
0.0831408
0.0523524
0.469302
0.0261882
0.299438
0.561034
0.420988
0.379352
0.589835
0.00319378
0.0598445
0.455764
0.8752
0.512526
0.449237
0.46762
0.51624
0.115296
0.00996652
0.418081
0.468103
0.224307
0.0185472
0.577619
0.0942199
0.537225
0.492327
0.366275
0.246645
0.521886
0.0552869
0.344413
0.104083
0.386068
0.439693
0.456057
0.265974
0.0811244
0.0596327
0.0833053
0.480891
0.0287017
0.378455
0.167433
0.342297
0.336469
0.118044
0.22235
0.400758
0.770463
0.307777
0.0341546
0.097197
0.294974
0.728227
0.174143
0.253218
0.55032
0.256575
0.0133363
0.377219
0.156474
0.0174834
0.231254
0.798128
0.353778
0.347146
0.0998116
0.0981227
0.618008
0.435803
0.575322
0.0619818
0.554582
0.45576
0.174846
0.374567
0.491846
0.0472481
0.313391
0.135596
0.431298
0.0993803
0.679627
0.286353
0.288626
0.375483
0.348306
0.374059
0.138779
0.886378
0.00152027
0.00443615
0.616646
0.218637
0.128831
0.301188
0.233918
0.319042
0.395116
0.561613
0.377712
0.0790974
0.622507
0.175261
0.162235
0.759443
0.206293
0.013104
0.0775179
0.224549
0.320264
0.596075
0.0213961
0.0668951
0.202182
0.167498
0.00082728
0.607337
0.436469
0.374992
0.460169
0.28665
0.12214
0.0117297
0.186657
0.430239
0.403957
0.144634
0.088251
0.35259
0.0571096
0.256616
0.0774211
0.0710827
0.248995
0.212815
0.276863
0.0175618
0.404277
0.027978
0.00251211
0.290338
0.479523
0.127249
0.368226
0.344193
0.178184
0.001243
0.0985131
0.35861
0.35871
0.706359
0.304854
0.150776
0.0289277
0.402504
0.584155
0.0459239
0.456731
0.646651
0.638792
0.00991508
0.734193
0.197463
0.000557426
0.0431282
0.344345
0.0119191
0.367331
0.184472
0.339159
0.459531
0.290066
0.0577617
0.00152554
0.352627
0.592481
0.628657
0.107483
0.311116
0.537227
0.414522
0.0117709
0.147197
0.048706
0.0631887
0.515092
0.493981
0.615071
0.0196872
0.195632
0.248469
0.0205043
0.00103996
0.650434
0.137558
0.150198
0.0180126
0.114723
0.0688555
0.00118919
0.0118319
0.122113
0.116137
0.000396878
0.490018
0.0272786
0.69976
0.253057
0.727518
0.560854
0.379433
0.208972
0.66321
0.150869
0.27318
0.542642
0.475659
0.0162233
0.772713
0.333063
0.203911
0.0731283
0.626677
0.00964646
0.317779
0.0283237
0.254068
0.615968
0.47752
0.0122778
0.0532154
0.0871028
0.266699
0.20822
0.468892
0.0369511
0.309047
0.720087
0.157793
0.365377
0.320103
0.12362
0.263729
0.725981
0.107573
0.438257
0.538082
0.189429
0.247476
0.384161
0.184197
0.765258
0.383045
0.00358774
0.418055
0.197633
0.421552
0.271945
0.118346
0.635741
0.382778
0.0488864
0.75985
0.0252134
0.0697883
0.157992
0.212129
0.397385
0.440398
0.582807
0.501639
0.406494
0.0106796
0.338897
0.819412
0.37002
0.113941
0.176908
0.576916
0.0603989
0.0539934
0.857753
0.167162
0.352815
0.353457
0.149105
0.440484
0.688066
0.323551
0.0137324
0.00925937
0.389583
0.288084
0.0869057
0.236358
0.240736
0.293237
0.0700989
0.141738
0.0712196
0.216179
0.0279372
0.528046
0.328154
0.116504
0.0279152
0.0157938
0.367767
0.447203
0.243566
0.0998143
0.349083
0.141513
0.655775
0.165396
0.0310984
0.0269384
0.126031
0.591336
0.0598549
0.141436
0.0393359
0.459924
0.148673
0.00246904
0.0365592
0.333873
0.306654
0.138047
0.258197
0.00318767
0.42685
0.166331
0.33506
0.489633
0.0561276
0.283023
0.510284
0.103738
0.00659271
0.236131
0.0260983
0.304104
0.48343
0.548098
0.442492
0.207715
0.320619
0.0114254
0.636304
0.372152
0.0884399
0.359453
0.605221
0.0360938
0.676846
0.224084
0.235248
0.2757
0.236473
0.423411
0.00132188
0.413266
0.573577
0.245747
0.10136
0.539261
0.32168
0.202413
0.0324141
0.164601
0.229503
0.150457
0.743216
0.0453539
0.211548
0.724945
0.69643
0.158241
0.028299
0.852233
0.713267
0.125054
0.212851
0.220425
0.130174
0.193531
0.0420279
0.00833758
0.306401
0.609875
0.0397695
0.0135674
0.243218
0.138289
0.286141
0.162911
0.150322
0.449779
0.0257057
0.626159
0.212674
0.69443
0.244449
0.16907
0.282712
0.0319853
0.670722
0.390116
0.0273755
0.303849
0.431321
0.0073464
0.442894
0.586216
0.11567
0.173257
0.222037
0.314572
0.105285
0.680078
0.0698867
0.146003
0.413918
0.207753
0.185428
0.45927
0.000359427
0.0444904
0.357215
0.536752
0.519152
0.514238
0.818141
0.387644
0.210859
0.235023
0.10075
0.385469
0.233259
0.497158
0.212663
0.475134
0.20229
0.413263
0.545994
0.380957
0.452536
0.316399
0.647634
0.621921
0.210798
0.342927
0.43096
0.0534206
0.510507
0.503865
0.432997
0.290592
0.0835995
0.439002
0.38091
0.692346
0.231049
0.183079
0.00462296
0.189319
0.155538
0.656097
0.25533
0.0246407
0.110788
0.00197748
0.270093
0.00635974
0.0938155
0.627451
0.677502
0.126715
0.177583
0.593331
0.54962
0.473066
0.0980005
0.0858256
0.405741
0.0295911
0.572621
0.492433
0.602629
0.274395
0.272773
0.176603
0.576653
0.165277
0.771628
0.464615
0.392524
0.675163
0.33095
0.1961
0.456262
0.184002
0.567728
0.0152946
0.649198
0.0547958
0.571699
0.175467
0.0393329
0.0104723
0.0196118
0.594392
0.0448607
0.137756
0.641101
0.176112
0.0297254
0.0132658
0.563734
0.0388063
0.487967
0.386588
0.567244
0.351666
0.243242
0.0595801
0.449783
0.355777
0.323508
0.413598
0.25112
0.386092
0.595434
0.530407
0.625092
0.0129806
0.000421664
0.631209
0.589755
0.648988
0.0109182
0.768312
0.296172
0.12064
0.266119
0.594829
0.253304
0.0493748
0.170228
0.77177
0.492299
0.00033949
0.299242
0.288283
0.0609874
0.363351
0.69055
0.374658
0.0718154
0.190313
0.330974
0.0840068
0.145337
0.0276839
0.705907
0.524278
0.558935
0.0246067
0.284814
0.371048
0.0110917
0.330363
0.36646
0.451721
0.373978
0.207667
0.289258
0.366388
0.320534
0.286207
0.555011
0.0282183
0.247483
0.134545
0.631907
0.381393
0.396612
0.009001
0.344933
0.0917633
0.177163
0.49856
0.0719594
0.117872
0.396664
0.0585327
0.0767289
0.577441
0.112402
0.154748
0.0165685
0.0851419
0.237005
0.193911
0.0132076
0.282151
0.360482
0.132024
0.078518
0.0549108
0.768483
0.222176
0.532439
0.0914068
0.157657
0.076398
0.526826
0.526361
0.0398646
0.127176
0.729032
0.514968
0.0325235
0.0375489
0.531167
0.00987323
0.432247
0.0954503
0.286964
0.0481174
0.34547
0.0306867
0.122327
0.1544
0.359667
0.473641
0.51716
0.334986
0.000155838
0.438226
0.312878
0.531329
0.507
0.719983
0.13593
0.296102
0.305077
0.0110034
0.420256
0.0190355
0.025072
0.218092
0.235868
0.157627
0.0435548
0.145079
0.000701737
0.0109846
0.288137
0.00547558
0.79922
0.276493
0.414532
0.449179
0.47893
0.273
0.0299873
0.547587
0.221942
0.157593
0.560835
0.0185069
0.00924937
0.209064
0.0111303
0.347717
0.253478
0.397519
0.0431434
0.128621
0.653919
0.489951
0.340787
0.164267
0.47455
0.567883
0.0729621
0.593258
0.315823
0.335345
0.015738
0.295985
0.0248628
0.0408299
0.0301611
0.269536
0.344117
0.718369
0.0546591
0.583612
0.272901
0.0014487
0.000189194
0.208727
0.531963
0.310382
0.485328
0.764778
0.0761841
0.454008
0.0672429
0.192286
0.749048
0.770881
0.0532797
0.0666467
0.111843
0.0641598
0.332124
0.0183826
0.432879
0.13768
0.09765
0.550294
0.000597169
0.421933
0.0898499
0.283368
0.498229
0.243259
0.165087
0.146585
0.394208
0.30211
0.546683
0.0469394
0.27823
0.159314
0.00333963
0.437744
0.0784096
0.541929
0.578783
0.288879
0.0931123
0.199654
0.113048
0.0251633
0.22878
0.576645
0.422107
0.701011
0.0396647
0.410714
0.314453
0.386466
0.476668
0.467654
0.142439
0.249405
0.324164
0.815143
0.313641
0.154176
0.321249
0.355141
0.670422
0.388498
0.291736
0.23359
8.118e-05
0.269767
0.157197
0.138074
0.0480827
0.228996
0.00387031
0.522125
0.0228588
0.40118
0.0868654
0.736906
0.521158
0.292835
0.17559
0.200899
0.0949135
0.251317
0.07009
0.0892567
0.0217861
0.119652
0.539799
0.55742
0.300328
0.0755989
0.000255224
0.392727
0.380001
0.250645
0.0530051
0.037523
0.333115
0.320775
0.697945
0.255725
0.03061
0.762071
0.447358
0.382712
0.621071
0.413242
0.0442029
0.361233
9.52601e-06
0.278954
0.551291
0.23881
0.370802
0.00213705
0.275235
0.535311
0.69539
0.286136
0.142172
0.354137
0.409164
0.00879973
0.717655
0.0815802
0.535473
0.610711
0.302285
0.140674
0.262802
0.217121
0.0137141
0.535654
0.281295
0.47582
0.360787
0.378082
0.494964
0.300446
0.274389
0.463968
0.0563709
0.305638
0.119271
0.0578852
0.0812231
0.397971
0.205581
0.00574237
0.042215
0.0328927
0.124001
0.172828
0.493607
0.307522
0.599623
0.217399
0.00670106
0.512781
0.495927
0.126053
0.197572
0.266015
0.231423
0.183953
0.437368
0.00210884
0.510141
0.00751808
0.629594
0.302797
0.0449041
0.0529596
0.19815
0.565994
0.38312
0.431149
0.106597
0.168571
0.402534
0.265725
0.61878
0.0128075
0.115735
0.0328311
0.117932
0.418203
0.0771714
0.724449
0.534133
0.0490009
0.222923
0.301439
0.202971
0.0739793
0.443206
0.257114
0.00449138
0.273986
0.248632
0.0562749
0.124328
0.0655186
0.0649807
0.629937
0.209768
0.0666166
0.425706
0.317623
0.194419
0.00290101
0.128659
0.150093
0.0211108
0.500027
0.242054
0.10592
0.358619
0.529454
0.4951
0.0662673
0.156577
0.0349804
0.242365
0.00845973
0.00909738
0.702648
0.153843
0.04926
0.0280725
0.0439429
0.549425
0.642891
0.0539389
0.0368414
0.562118
0.160272
0.271423
0.0585296
0.224695
0.107642
0.502436
0.315922
0.215776
0.0832199
0.348818
0.346307
0.183409
0.107047
0.0746732
0.628208
0.326118
0.0982856
0.440602
0.209894
0.0739828
0.174953
0.271361
0.254422
0.452648
0.00439746
0.144889
0.524009
0.0939191
0.663825
0.700182
0.324185
0.193232
0.388283
0.0270172
0.576379
0.228156
0.443422
0.218986
0.199885
0.282499
0.113634
0.445642
0.430708
0.355239
0.00865973
0.620052
0.0570733
0.253693
0.00643422
0.630329
0.226225
0.216302
0.56739
0.66696
0.269746
0.626617
0.172659
0.121473
0.550693
0.44219
0.283897
0.498439
0.0643798
0.00146273
0.0313352
0.0210255
0.015637
0.0674516
0.699356
0.0679932
0.345892
0.00162507
0.282642
0.0977988
0.388381
0.250013
0.281984
0.390559
0.552636
0.0959884
0.205637
0.749262
0.477715
0.141563
0.315095
0.642123
0.355776
0.0025202
0.773206
0.0122843
0.25619
0.0195625
0.575237
0.0732232
0.190097
0.450041
0.148532
0.347472
0.00295757
0.293528
0.0283386
0.395127
0.481968
0.0265628
0.455376
0.0142071
0.427575
0.127432
0.674207
0.00862921
0.459629
0.311346
0.124464
0.0787779
0.147323
0.173108
0.26658
0.237083
0.051912
0.275835
0.013707
0.395959
0.232151
0.0144747
0.314373
0.226736
0.406056
0.00244391
0.547861
0.10711
0.1823
0.0138655
0.0474541
0.0182517
0.0613167
0.268691
0.398692
0.627507
0.313208
0.170723
0.00758371
0.494009
0.147165
0.535828
0.276757
0.0685951
0.367311
0.436982
0.330191
0.32428
0.111825
0.0201784
0.366298
0.0486919
0.423948
0.199087
0.241966
0.456049
0.556284
0.490951
0.00632069
0.0819422
0.284161
0.839797
0.00959354
0.0589079
0.189363
0.00718776
0.329485
0.589375
0.207079
0.0694215
0.156233
0.132345
0.0795631
0.566119
0.652373
0.26902
0.561912
0.0698061
0.207929
0.807501
0.0320554
0.120797
0.559894
0.0504728
0.000112449
0.679965
0.0486882
0.0317977
0.582562
0.385136
0.588597
0.464214
0.1148
0.489222
0.349543
0.201879
0.538104
0.0310817
0.672131
0.109477
1.94518e-05
0.0227395
0.0972351
0.0256195
0.533581
0.108687
0.444894
0.0433933
0.726762
0.183178
0.508173
0.135962
0.0168712
5.27364e-05
0.222711
0.467507
0.0251157
0.416748
0.17145
0.275328
0.0701626
0.283846
0.0579688
0.607307
0.5437
0.455118
0.625067
0.420758
0.482949
0.15733
0.406801
0.184212
0.529863
0.126693
0.00685749
0.214934
0.644433
0.377784
0.0579743
0.0615964
0.00551116
0.326567
0.473483
0.521077
0.027067
0.240521
0.727291
0.528492
0.473683
0.204393
0.00115677
0.0264619
0.162888
0.0498813
0.577154
0.00106609
0.031401
0.788416
0.0112626
0.15319
0.445525
0.173119
0.694333
0.187133
0.0307675
0.204685
0.335465
0.569739
0.314244
0.746295
0.368754
0.287298
0.0209481
0.109863
0.474651
0.436597
0.0067637
0.460509
0.764165
0.0137981
0.302541
0.515585
0.226507
0.0105524
0.0418959
0.356087
0.0466586
0.00742127
0.174564
0.402223
0.0461516
0.380994
0.157825
0.351595
0.469513
0.238773
0.0941976
0.127306
0.00950827
0.439761
0.0262214
0.483178
0.0149839
0.374261
0.554445
0.431049
0.0320342
0.252732
0.302008
0.398031
0.406535
0.441135
0.54722
0.0516617
0.452154
0.0383546
0.100914
0.476993
0.0996521
0.0803326
0.118086
0.368678
0.504129
0.416358
0.684817
0.41997
0.0339894
0.0830695
0.410693
0.0054098
0.460544
0.0025199
0.0074759
0.19808
0.558307
0.000937184
0.107804
0.273121
0.000969494
0.112284
0.0181359
0.158589
0.319137
0.177876
0.236206
0.281734
0.701129
0.00752151
0.523862
0.360259
0.504317
0.000444949
0.0295467
0.303556
0.25872
0.0608205
0.633148
0.321198
0.0192497
0.195141
0.595927
0.0565984
0.00246813
0.336045
0.10619
0.368555
0.0199825
0.0281879
0.0178921
0.0784668
0.0211997
0.53529
0.433874
0.242934
0.0736243
0.120275
0.00255674
0.575999
0.473083
0.281776
0.233698
0.76952
0.535715
0.335144
0.23563
0.0230823
0.53743
0.259906
0.219158
0.0832484
0.161484
0.220519
0.0179657
0.199725
0.296204
0.0401002
0.0684401
0.357001
0.140389
0.0269474
0.52279
0.633336
0.1705
0.389542
0.01532
0.00939588
0.226929
0.00561959
0.258127
0.0102736
0.125246
0.0048724
0.0597774
0.0858564
0.617841
0.1302
0.416124
0.35608
0.332254
0.000129084
0.217084
0.512616
0.492847
0.00560642
0.318846
0.356622
0.0215345
0.421391
0.579853
0.246656
0.318992
0.520277
0.58498
0.00436305
0.367097
0.380275
0.0789979
0.153817
0.295582
0.639177
0.568932
0.232171
0.314453
0.0130239
0.431945
0.000500257
0.316428
0.446013
0.0421344
0.232054
0.544157
0.058073
0.587005
0.263051
0.240492
0.243263
0.308158
0.178566
0.294614
0.460337
0.345075
0.253687
0.00238544
0.2959
0.150125
0.0967537
0.39753
0.732479
0.290728
0.0024639
0.210351
0.29666
0.167013
0.111025
0.0232079
0.111445
0.273363
0.00554278
0.640767
0.478059
0.780505
7.45601e-05
0.0115803
0.473411
0.114773
0.285923
0.0026033
0.0388682
0.0379667
0.324823
0.707933
0.010718
0.170375
0.716131
0.765251
0.491397
0.339819
0.139702
0.648781
0.546868
0.0619431
0.22929
0.00117991
0.435455
0.116237
0.333629
0.0109424
0.648227
0.274433
0.000810831
0.582571
0.568154
0.664274
0.00149784
0.401775
0.467912
0.00926953
0.141164
0.381429
0.0635671
0.0142953
0.625191
0.383435
0.000660357
0.436402
0.0918107
0.190743
0.243218
0.160793
0.00791494
0.358825
0.0441229
0.509536
0.507258
0.374695
0.146153
0.378436
0.33802
0.1947
0.110898
0.211832
0.222329
0.597167
0.447844
0.0629559
0.465353
0.353859
0.259716
0.0110465
0.514554
0.658588
0.553396
0.0699848
0.559938
0.520203
0.0739648
0.471047
0.060528
0.61674
0.0894387
0.578679
0.307768
0.229138
0.231352
0.211626
0.178879
0.0140436
0.457938
0.510841
0.792439
0.569744
0.00239942
0.430599
0.0779135
0.0542801
0.312172
0.44594
0.148991
0.478148
0.0272682
0.409254
0.476914
0.190029
0.362444
0.456057
0.0236255
0.145792
0.0335039
0.00106062
0.845839
0.228843
0.492186
0.0525485
0.458908
0.252468
0.29801
0.606096
0.399102
0.501817
0.531404
0.203206
0.214585
0.0289717
0.0583545
0.792549
0.183658
0.822691
0.434696
0.0549405
0.399425
0.0143679
0.393368
0.0105576
0.361318
0.35048
0.750845
0.407851
0.0612529
0.0301557
0.00307509
0.497584
0.356802
0.313617
0.328805
0.0043966
0.500864
0.0851116
0.0734192
0.347014
0.117509
0.680669
0.105503
0.103629
0.060237
0.0852849
0.582167
0.508925
0.00188412
0.0414753
0.475966
0.571947
0.32484
0.111809
0.482448
0.729084
0.0902765
0.404538
0.0129974
0.697967
0.0254207
0.320196
0.114172
0.183361
0.387763
0.164976
0.00996492
0.0289975
0.344144
0.0883527
0.525302
0.0418918
0.16314
0.15556
0.29699
0.658193
0.24427
0.147066
0.299877
0.324686
0.322878
0.0429303
0.0405198
0.519266
0.448021
0.143722
0.540465
0.32229
0.0413369
0.520729
0.0145273
0.249914
0.383157
0.305998
0.599209
0.600453
0.451198
0.0952748
0.597514
0.0798077
0.154554
0.0439
0.0107535
0.0586893
0.341105
0.207443
0.379092
0.0387515
0.0379033
0.0915608
0.202584
0.24651
0.114941
0.0793018
0.637307
0.0796167
0.00852813
0.545923
0.158887
0.0726674
0.260815
0.44084
0.232358
0.427023
0.00209034
0.12759
0.303431
0.202238
0.565738
0.193108
0.183561
0.00910566
0.176021
0.00685374
0.56383
0.327735
0.0248
0.00844875
0.368943
0.314602
0.451443
0.431219
0.109135
0.312564
0.00823173
0.0555875
0.206123
0.0104894
0.397825
0.348557
0.563788
0.603558
0.359574
0.258579
0.000369643
0.421088
0.0736521
0.0503373
0.508266
0.271479
0.554272
0.313693
0.0828537
0.619366
0.00529883
0.272625
0.370683
0.22044
0.325338
0.122629
0.602547
0.507798
0.269787
0.00684989
0.256264
0.095912
0.492361
0.2089
0.466343
0.0799159
0.00771757
0.065699
0.414313
0.634412
0.39313
0.471647
0.41093
0.347111
0.345421
0.0919483
0.656676
0.0133133
0.0121198
0.624105
0.452058
0.25904
0.109935
0.0015192
0.122022
0.0345833
0.00402562
0.683277
0.645566
0.015705
0.62514
0.020575
0.00139287
0.00565019
0.150057
0.564018
0.0180586
0.0459099
0.458395
0.317456
0.554703
0.0601949
0.342197
0.202369
0.0529907
0.56971
0.486137
0.147985
0.389674
0.101579
0.449899
0.396913
0.583807
0.00184847
0.195526
0.0430226
0.72944
0.0475989
0.488969
0.0297482
0.293627
0.0603793
0.0674772
0.440151
0.400189
0.299362
0.125959
0.158106
0.170995
0.000206128
0.538484
0.0966554
0.0296026
0.517485
0.570175
0.0540126
0.489394
0.00135055
0.0154706
0.0104432
0.107674
0.0102425
0.34362
0.334249
0.000210795
0.067242
0.232998
0.223164
0.229398
0.0143729
0.0434395
0.0201446
0.108117
0.67543
0.900623
0.000696307
0.356859
0.2535
0.212778
0.0891293
0.865359
0.103342
0.0106289
0.386965
0.24156
0.531699
0.0536975
0.543298
0.78754
8.05603e-05
0.87452
0.168368
0.3204
0.222673
0.218026
0.57555
0.482123
0.00729003
0.446391
0.182314
0.373987
0.0201752
0.208475
0.42785
0.63053
0.00667895
0.53697
0.0405933
0.579824
0.0175514
0.0161627
0.00692914
0.253576
0.509263
0.302553
0.768062
0.5104
0.213743
0.0221597
0.33378
0.331966
0.543342
0.619929
0.469171
0.420023
0.0119222
0.655621
0.395574
0.755519
0.389423
0.465176
0.608302
0.0855738
0.230357
0.264132
0.305883
0.0924149
0.807753
0.137211
0.353735
0.648214
0.0282143
0.0413489
0.423745
0.277661
0.613325
0.687956
0.501644
0.00277451
0.450551
0.319907
0.00854783
0.617835
0.0325287
0.473285
0.539485
0.0130533
0.481687
0.589757
0.379459
0.808079
0.000688538
0.44427
0.446503
0.0282505
0.00261345
0.60071
0.148023
0.711068
0.489612
0.622084
0.286075
0.0765637
0.195736
0.374178
0.425653
0.0633534
0.51056
0.266815
0.5171
0.291674
0.389114
0.125568
0.291267
0.00380953
0.486849
0.242027
0.589254
0.73922
0.381699
0.0304544
0.0188809
0.0132578
0.0806203
0.516136
0.278068
0.391312
0.0557605
0.373499
0.414165
0.464364
0.481629
0.692358
0.499079
0.380509
0.40972
0.528596
0.0112984
0.246312
0.00386752
0.0608987
0.577268
0.00476157
0.0903736
0.0202961
0.565535
0.767328
0.395473
0.575379
0.381176
0.0974861
0.230693
0.0523064
0.329994
0.317513
0.518793
0.882577
0.00232237
0.0371113
0.110395
0.408135
0.0137042
0.421358
0.000949029
0.115219
0.643075
0.00811608
0.381893
0.30422
0.447371
0.18083
0.31144
0.371954
0.714456
0.317811
0.190841
0.386768
0.334748
0.664306
0.322988
0.328767
0.572983
0.436975
0.490809
0.367777
0.52365
0.0579743
0.415652
0.400111
0.652189
0.0545678
0.00810593
0.0582722
0.074099
0.26032
0.00926437
0.20398
0.418105
0.398975
0.0456488
0.768252
0.299859
0.0227875
0.469956
0.384111
0.563786
0.0432768
0.283304
0.287327
0.194697
0.00514107
0.243783
0.594965
0.0504783
0.168596
0.150902
0.49303
0.719335
0.0048219
0.671412
0.31365
0.288219
0.396474
0.140631
0.152793
0.00170437
0.273318
0.263303
0.063792
0.619258
0.470419
0.331469
0.500479
0.592991
0.676886
0.544441
0.188852
0.457953
0.649006
0.0610069
0.258889
0.738028
0.130961
0.0247166
0.0631878
0.216714
0.618123
0.83725
0.75082
0.287634
0.51287
0.0027779
0.228698
0.676287
0.27923
0.140959
0.260387
0.29267
0.109543
0.0498751
0.712274
0.00458881
0.285185
0.615257
0.765099
0.341841
0.350199
0.103726
0.153613
0.109268
0.200113
0.550015
0.5431
0.437938
0.327551
0.603744
0.205847
0.523747
0.818783
0.106374
0.0372854
0.217402
0.468563
0.110704
0.196228
0.123299
0.110564
0.504513
0.0685924
0.112648
0.00876197
0.0924475
0.306284
0.435666
0.0124912
0.0385178
0.0910912
0.0336044
0.503138
0.025657
0.853697
0.470444
0.876825
0.0200045
0.3843
0.240088
0.0152186
0.125165
0.083749
0.435663
0.0680439
0.0817295
0.028815
0.392771
0.0191482
0.207939
0.748405
0.118024
0.210092
0.233986
0.19149
0.00524567
0.108798
0.646555
0.260521
0.0657576
0.57361
0.11062
0.0540643
0.162888
0.180087
0.277244
0.715481
0.289788
0.451915
0.461034
0.312973
0.58196
0.240553
0.0261199
0.333324
0.169734
0.330265
0.0226418
0.0619944
0.182559
0.731413
0.172499
0.638774
0.0771376
0.596189
0.0144445
0.0711696
0.0601607
0.435469
0.0165787
0.0394718
0.444622
0.370802
0.00624427
0.460544
0.697453
0.567854
0.171379
0.650947
0.246461
0.141751
0.11623
0.252065
0.158311
0.306933
0.01373
0.404071
0.317791
0.44889
0.717466
0.0721627
0.314042
0.00174587
0.450323
0.661078
0.465794
0.0288766
0.163726
0.50448
0.105805
0.481707
0.220828
0.756625
0.573556
0.872927
0.00226627
0.332599
0.0401235
0.359837
0.272913
0.0451031
0.435586
0.461474
0.0319547
0.555383
0.109727
0.623509
0.333924
0.575629
0.342153
0.122752
0.0979809
0.267351
0.193581
0.799308
0.0326209
0.392507
0.462756
0.310295
0.505832
0.428052
0.173302
0.470785
0.419355
0.51465
0.204919
0.0340678
0.165331
0.100596
0.292856
0.575887
0.00587306
0.827686
0.353722
0.481203
0.00683395
0.0388193
0.0163348
0.190031
0.468791
0.0152746
0.336666
0.459085
0.219799
0.334906
0.409149
0.164058
0.339662
0.227238
0.680209
0.0444728
0.281146
0.0687392
0.19112
0.304256
0.0674077
0.291807
0.380926
0.176809
0.503663
0.533474
0.179116
0.322851
0.324726
0.401545
0.043803
0.220418
0.252019
0.370133
0.454447
0.343859
0.00341462
0.448306
0.185822
0.340011
0.405813
0.130606
0.521831
0.311554
0.875583
0.294066
0.00337582
0.0838713
0.035722
0.0415492
0.302833
0.463555
0.348328
0.474333
0.0080175
0.279953
0.500147
0.225205
0.321707
0.266164
0.212682
0.664614
0.230923
0.264782
0.268227
0.174853
0.598573
0.102948
0.514382
0.250442
0.0680257
0.0157281
0.676498
0.0201761
0.50934
0.646464
0.429362
0.177758
0.0165084
0.0957061
0.171203
0.331759
0.584941
0.390382
0.200678
0.166333
0.315055
0.361981
0.591628
0.018308
0.122334
0.238049
0.0962603
0.0645614
0.533811
0.494752
0.418402
0.0452993
0.205698
0.0367993
0.0114514
0.292394
0.723168
0.0744575
0.711611
0.598082
0.198198
0.00155809
0.414466
0.308969
0.540202
0.364828
0.125992
0.490404
0.594024
0.261426
0.0166836
0.0894134
0.0813102
0.0424738
0.490235
0.073668
0.0378409
0.319027
0.525742
0.0080075
0.109735
0.704501
0.753945
0.0845783
0.134462
0.671577
0.438477
0.361277
0.543063
0.0319889
0.328148
0.0206181
0.455207
0.114222
0.0782332
0.32646
0.00563573
0.417485
0.768965
0.369044
0.0323192
0.0106167
0.0453243
0.0447376
0.135954
0.122737
0.153217
0.0368513
0.339674
0.0527178
0.425013
0.702084
0.0592659
0.514233
0.224904
0.0288563
0.146216
0.265143
0.359157
0.0510895
0.212709
0.22575
0.668001
0.520746
0.519483
0.476703
0.00414921
0.0496011
0.292248
0.474368
0.190424
0.34872
0.458856
0.306692
0.0336599
0.857715
0.00372407
0.000202533
0.372503
0.575406
0.817478
0.148306
0.142798
0.392089
0.257571
0.350039
0.299282
0.705908
0.677556
0.0493432
0.204702
0.295844
0.00118999
0.130186
0.474507
0.208677
0.131235
0.305623
0.325171
0.0783939
0.310144
0.732374
0.48059
0.00510404
0.522646
0.58952
0.389764
0.0943016
0.603123
0.599892
0.383751
0.000101894
0.345282
0.595594
0.0378892
0.608934
0.375831
0.117184
0.0631405
0.540689
0.0636505
0.291473
0.459253
0.407026
0.662223
0.703395
0.0263258
0.0393294
0.535435
0.427259
0.344143
0.413413
0.0152386
0.59239
0.312407
0.110607
0.00147771
0.0221658
0.107371
0.45702
0.236461
0.363749
0.388373
0.0409811
0.114431
0.604853
0.154756
0.0797936
0.154337
0.412402
0.191506
0.0541004
0.0204987
0.444648
0.340454
0.127133
0.0504786
0.00674625
0.151478
0.493669
0.00369896
0.00336578
0.0545699
0.667538
0.583855
0.573369
0.258111
0.345624
0.401092
0.00299515
0.527914
0.000809074
0.245666
0.000901938
0.00317671
0.610139
0.0251247
0.490153
1.41378e-05
0.264915
0.412671
0.450392
0.00397013
0.388351
0.638695
0.6833
0.748753
0.905581
0.706717
0.111077
0.528662
0.584445
0.0226867
0.237169
0.385042
0.466018
0.148722
0.0167521
0.00105102
0.219795
0.0238886
0.161949
0.168424
0.118886
0.680572
0.388889
0.307032
0.546513
0.0826183
0.719602
0.150163
0.226648
0.145771
0.11916
0.307663
0.204575
0.00383729
0.04395
0.407421
0.788157
0.314419
0.141354
0.000110291
0.10919
0.583282
0.386004
0.0757496
0.040308
0.0575572
0.385746
0.408154
0.397407
0.476882
0.262457
0.181772
0.000338131
0.0202237
0.0169481
0.24942
0.272479
0.422804
0.000487112
0.206205
0.41612
0.355212
0.00141717
0.0322283
0.0461791
0.134923
0.469537
0.301138
0.0291624
0.262358
0.760892
0.504467
0.188635
0.105066
0.708319
0.00733204
0.685856
0.178965
0.367627
0.169241
0.0425957
0.0312137
0.57898
0.0512518
0.0892729
0.430613
0.0015086
0.370389
0.386533
0.344567
0.528616
0.0252971
0.293106
0.280736
0.276617
0.0752838
0.0241955
0.366936
0.720953
0.223661
0.449086
0.221194
0.409406
0.401164
0.22577
0.184077
0.00317085
0.541937
0.0177156
0.141623
0.146765
0.538112
0.313514
0.560192
0.159725
0.241312
0.476436
0.327001
0.060317
0.501395
0.392554
0.432083
0.393092
0.0725752
0.106297
0.161653
0.000500996
0.0153656
0.593308
0.555064
0.730889
0.388357
0.609348
0.0528284
0.505143
0.616413
0.0401553
0.634918
0.109866
0.0130078
0.407465
0.0588717
0.168129
0.607449
0.304825
0.0442133
0.559864
0.0743653
0.0277293
0.403373
0.0191591
0.184646
0.617925
0.00431998
0.0645618
0.00664655
0.286881
0.288125
0.0334883
0.406395
0.0459211
0.657548
0.286344
0.130281
0.219272
0.0236987
0.362666
0.531472
0.180023
0.38473
0.546096
0.728923
0.0138932
0.00669183
0.105002
0.0102021
0.000867043
0.65542
0.652156
0.00388556
0.589273
0.0380561
0.214613
0.0970601
0.668581
0.0531658
0.7456
0.230417
0.00415675
0.0873632
0.817763
0.446934
0.534078
0.191205
0.0679762
0.059552
0.576181
0.378831
0.111416
0.119436
0.0530593
0.776465
0.0151188
0.356368
0.380499
0.0233882
0.0395344
0.674572
0.347094
0.308233
0.051547
0.515333
0.228698
0.487903
0.306131
0.403011
0.178415
0.538127
0.301466
0.313057
0.348817
0.00861822
0.24691
0.00349768
0.22595
0.622496
0.154726
0.0261777
0.355873
0.154273
0.32099
0.000869358
0.0290672
0.400326
0.402368
0.0300806
0.0288129
0.0416702
0.0797033
0.0642014
0.664608
0.0891284
0.0527061
0.151273
0.249527
0.022945
0.000819315
0.0713485
0.258075
0.0884247
0.260152
0.290023
0.369588
0.584631
0.258728
0.426666
0.277299
0.0866726
0.330494
0.347349
0.144825
0.236899
0.060438
0.000125765
0.35653
0.0975556
0.10059
0.0291692
0.415417
0.430755
0.335681
0.062852
0.496759
0.0263522
0.0322599
0.0951384
0.225568
0.441003
0.543911
0.299294
0.856093
0.288526
0.140423
0.134176
0.270549
0.522101
0.134511
0.319808
0.256675
0.785012
0.265042
0.186173
0.237427
0.51353
0.69594
0.647146
0.340842
0.142891
0.281651
0.133429
0.0574604
0.683075
0.325563
0.000980463
0.0391595
0.636593
0.230152
0.0121637
0.0180697
0.239794
0.181132
0.00135276
0.589674
0.000375022
0.531533
0.523427
0.149212
0.570321
0.225186
0.24256
0.00139049
0.387196
0.149585
0.0842847
0.25247
0.259677
0.62923
0.329403
0.109597
0.151562
0.0240891
0.599167
0.17428
0.214372
0.00907043
0.189001
0.0270433
0.556422
0.390886
0.157909
0.451357
0.0303528
0.366301
0.0356155
0.432242
0.644411
0.721719
0.0234371
0.00508884
0.00634051
0.0679441
0.00530496
0.287029
0.162047
0.179548
0.350527
0.419984
0.097674
0.556244
0.0484076
0.1855
0.0717598
0.274105
0.00776584
0.44567
0.620548
0.525471
0.271305
0.158738
0.51455
0.0816953
0.306486
0.0916851
0.387842
0.309814
0.0728676
0.0181642
0.208149
0.413578
0.408594
0.594869
0.591812
0.0945288
0.280794
0.00331995
0.13718
0.414469
0.0248803
0.0392181
0.194777
0.0993582
0.0941345
0.267742
0.0482942
0.427339
0.278495
0.00126019
0.0433652
0.439482
0.00830635
0.162569
0.676656
0.354397
0.11748
0.178147
0.580121
0.416828
0.18768
0.0389848
0.174544
0.224101
0.465662
0.672029
0.0841333
0.744983
0.135797
0.363871
0.304152
0.0734413
0.613063
0.125995
0.0229455
0.267192
0.682784
0.440393
0.671252
0.22654
0.458604
0.0251927
0.0726228
0.541679
0.00473723
0.528379
0.746663
0.652428
0.325827
0.069238
0.00114744
0.11381
0.605177
0.741587
0.198342
0.0859401
0.0168999
0.180643
0.658396
0.0495906
0.41106
0.852179
0.446065
0.0120789
0.232252
0.00948842
0.143531
0.0485266
0.027647
0.382873
0.0531721
0.155233
0.0339932
0.366958
0.565786
0.428338
0.0159365
0.287349
0.220954
0.26811
0.0355881
0.549147
0.0134268
0.323236
0.152119
0.0587185
0.0354028
0.0053783
0.0596748
0.000696696
0.0281413
0.0803597
0.580415
0.195113
0.378783
0.711869
0.0413257
0.224853
0.112839
0.0831786
0.531956
0.354747
0.409655
0.656819
0.0215066
0.342959
0.727094
0.590417
0.438884
0.315487
0.211484
0.270592
0.54372
0.589189
0.376504
0.0475889
0.426348
0.382519
0.614693
0.24314
0.118046
0.0413521
0.493043
0.332397
0.439357
0.804117
0.245691
0.529468
0.331165
0.67543
0.15185
0.157808
0.522803
0.198033
0.268447
0.000676339
0.672551
0.158902
0.457515
0.35231
0.157879
0.714842
0.497273
0.222168
0.551773
0.289837
0.360718
0.00110216
0.300431
0.275251
0.101114
0.00343393
0.249063
0.382647
0.150374
0.047237
0.0160837
0.176957
0.0555992
0.228
0.13283
0.379862
0.568069
0.389736
0.184015
0.231151
0.0602881
0.0854664
0.380565
0.255066
0.194358
0.0974746
0.150433
0.052547
0.579741
0.525969
0.134498
0.0133066
0.721288
0.111047
0.480182
0.00136937
0.181146
0.386548
0.298738
0.107428
0.19429
0.301641
0.0339407
0.0466519
0.523533
0.6549
0.448425
0.000540438
0.104331
0.371094
0.000155668
0.326551
0.224299
0.519316
0.313371
0.00271764
0.00759648
0.403515
0.602559
0.40324
0.852185
0.320984
0.527771
0.0133553
0.533817
0.216055
0.412194
0.344502
0.123315
0.228021
0.0842884
0.27779
0.259576
0.164282
0.158502
0.34642
0.00512948
0.592252
0.00259785
0.431793
0.0119851
0.130979
0.527406
0.00601456
0.386365
0.00296424
0.284916
0.435405
0.259464
0.00309121
0.0661492
0.147914
0.49684
0.0908021
0.660267
0.0145175
0.00622944
0.0412316
0.371333
0.0529264
0.577747
0.301339
0.447546
0.000266832
0.421434
0.280858
0.186809
0.559319
0.0239276
0.305487
0.212896
0.0220379
0.00593648
0.0699393
0.494969
0.0359235
0.00684869
0.382559
0.307645
0.167159
0.043055
0.645465
0.24491
0.0542146
0.651562
0.516622
0.0753086
0.0609837
0.0792682
0.00346798
0.0476099
0.271763
0.4323
0.13946
0.191388
0.709416
0.388826
0.427682
0.455717
0.0978818
0.864331
0.0101212
0.0108962
0.52946
0.269232
0.0263993
0.280772
0.320672
0.285935
0.00488369
0.00167111
0.139711
0.290429
0.764728
0.00877962
0.158515
0.481285
0.132399
0.407511
0.00213551
0.168251
0.405323
0.426989
0.00455595
0.26965
0.0236716
0.139608
0.312281
0.622523
0.0126125
0.0478766
0.443177
0.0215355
0.0695194
0.557963
0.423761
0.0391193
0.568505
0.233463
0.25147
0.325156
0.296539
0.00504083
0.322118
0.619775
0.333435
0.22682
0.361971
0.12917
0.0582398
0.265572
0.540074
0.0337166
0.231935
0.217068
0.159826
0.0468537
0.182436
0.00418817
0.0538924
0.35309
0.261459
0.0920206
0.0715798
0.200223
0.000224083
0.339973
0.598754
0.0433737
0.282059
0.195448
0.274065
0.300148
0.0290362
0.343381
0.0790101
0.0423043
0.0392622
0.0216455
0.0653586
0.22021
0.320216
0.497373
0.0374642
0.518083
0.871911
0.210743
0.197714
0.206284
0.00230415
0.416747
0.0843419
0.340062
0.030547
0.0298801
0.155854
0.711114
0.0135512
0.466056
0.496534
0.702469
0.417732
0.0357291
0.412826
0.383449
0.0205216
0.204339
0.471769
0.327028
0.0166682
0.0592115
0.231129
0.635683
0.0805873
0.417784
0.0165764
0.497049
0.0109839
0.521224
0.0242807
0.197647
0.480465
0.0610964
0.00234098
0.182682
0.676025
0.754783
0.36425
0.683698
0.106127
0.218101
0.186056
0.256829
0.689909
0.134898
0.0771257
0.588641
0.6726
0.251901
0.081043
0.251491
0.156626
0.386039
0.386777
0.411051
0.00247485
0.408838
0.358007
0.262531
0.53563
0.120606
0.159519
0.371166
0.195577
0.249601
0.243005
0.621481
0.55723
0.294832
0.206345
0.0748299
0.131002
0.00634568
0.41694
0.0240736
0.604988
0.0212568
0.546285
0.205176
0.0312161
0.511435
0.318224
0.14426
0.054532
0.233334
0.284862
0.478006
0.82662
0.310071
0.143964
0.46759
0.572558
0.245559
0.588989
0.152163
0.607871
0.265117
0.0380208
0.250231
0.287051
0.275154
0.280841
0.796968
0.0553532
0.0904757
0.604992
0.0657135
0.0155798
0.386987
0.379232
0.459532
0.554226
0.117522
0.577396
0.0904405
5.78056e-05
0.278011
0.435767
0.290729
0.17968
0.294347
0.355865
0.199247
0.579544
0.268347
0.300803
0.280569
0.0258656
0.461508
0.0627977
0.532528
0.158669
0.349263
0.573989
0.263254
0.386809
0.11442
0.245757
0.0232103
0.451555
0.569984
0.437375
0.100642
0.229478
0.0437333
0.426981
0.306814
0.125151
0.130177
0.628632
0.571185
0.208323
0.823555
0.336926
0.734396
0.0266061
0.135386
0.253475
0.581038
0.643104
0.778884
0.213991
0.42273
0.542657
0.596699
0.568242
0.0816025
0.890688
0.550771
0.173829
0.216548
0.217002
0.00624253
0.58057
0.0169446
0.692935
0.0265414
0.0600603
0.27392
0.693169
0.747418
0.598561
0.261255
0.262413
0.34746
0.36356
0.330495
0.177881
0.446273
0.402039
0.519783
0.00164834
0.761171
0.436916
0.381061
0.537396
0.0196856
0.041295
0.162404
0.485352
0.443973
0.0733997
0.835799
0.450349
0.509367
0.0140824
0.223711
0.15287
0.0687323
0.0491218
0.159624
0.325422
0.647075
0.107751
0.277195
0.00283275
0.0405651
0.158707
0.0577664
0.684708
0.506306
0.658109
0.295029
0.417808
0.513701
0.711533
0.222073
0.590468
0.147972
0.340378
0.132026
0.103629
0.00408167
0.223907
0.519759
0.221105
0.017287
0.401291
0.0286483
0.0091614
0.208906
0.55568
0.104998
0.378883
0.811837
0.0603722
0.236282
0.00753886
0.0685857
0.0466629
0.66224
0.0490103
0.0778745
0.00353363
0.33266
0.0627728
5.39692e-05
0.201356
0.718615
0.00124809
0.275525
0.119289
0.0130044
0.417293
0.432289
0.503016
0.2535
0.503633
0.635502
0.31431
0.762133
0.0497505
0.0297068
0.738492
0.233415
0.293261
0.0339344
0.287341
0.328156
0.343402
0.0709284
0.0699882
0.116416
0.746541
0.58939
0.48883
0.371323
0.383652
0.0433836
0.00588268
0.0956753
0.166887
0.0162785
0.0105973
0.25089
0.0224158
0.504032
0.142218
0.00963846
0.587575
0.265233