0.0677709
0.280917
0.483351
0.0773089
0.318412
0.433113
0.521432
0.373803
0.177301
0.00314271
0.54029
0.105912
0.464909
0.0784506
0.0326846
0.163209
0.291918
0.164555
0.00414224
0.0667742
0.185645
0.0499498
0.676091
0.25665
0.211008
0.581247
0.240335
0.305389
0.311983
0.166616
0.37978
0.505598
0.395672
0.501038
0.449939
0.635741
0.0749696
0.0409713
0.317195
0.152776
0.193603
0.0404149
0.672402
0.167575
0.141275
0.196064
0.128983
0.684038
0.253511
0.406271
0.575773
0.367821
0.738143
0.312636
0.195399
0.0256922
0.301549
0.703806
0.54311
0.311084
0.200341
0.26459
0.647791
0.651885
0.319852
0.142663
0.028674
0.317458
0.254971
0.187066
0.419921
0.298591
0.00545705
0.00453146
0.120824
0.0960172
0.386023
0.186125
0.216546
0.0134431
0.126896
0.0904599
2.21202e-05
0.588542
0.138474
0.36975
0.476865
0.743234
0.268248
0.277852
0.00754595
0.629348
0.10072
0.253623
0.131123
0.475812
0.4761
0.117381
0.00469685
0.566546
0.462618
0.683324
0.171172
0.017825
0.00146198
0.0208231
0.419561
0.159512
0.0398022
0.0345918
0.136148
0.0674554
0.397064
0.00958886
0.00343983
0.544305
0.103099
0.314179
0.528094
0.30702
0.15241
0.354194
0.000489518
0.0249962
0.284433
0.313689
0.371326
0.228172
0.43988
0.364253
0.179452
0.0305984
0.0871515
0.194721
0.235239
0.477119
0.381074
0.225016
0.606908
0.408523
0.36315
0.0747896
0.345474
0.493711
0.183246
0.624992
0.23949
0.360392
0.512539
0.490496
0.515913
0.636208
0.602179
0.499269
0.357712
0.33039
0.338758
0.315951
0.446211
0.251384
0.464194
0.0424582
0.719254
0.231408
0.471312
0.410644
0.496751
0.279374
0.274692
0.133258
0.565647
0.416731
0.383382
0.232391
0.430964
0.115966
0.37706
0.306725
0.175088
0.0797199
0.265429
0.135382
0.000172334
0.473409
0.476544
9.53592e-05
0.380532
0.257249
0.291003
0.408319
0.186212
0.0561586
0.699863
0.089559
0.0912881
0.515413
0.00011217
0.0214192
0.515227
0.117276
0.608798
0.567901
0.16104
0.264587
0.000638316
0.00738487
0.291897
0.159826
0.0350494
0.641443
0.548505
0.493615
0.457005
0.060143
0.390318
0.475843
0.0815932
0.267514
0.0609846
0.521718
0.532249
0.596221
0.29064
0.329751
0.702681
0.155442
0.859084
0.462742
0.0375085
0.609911
0.268233
0.000584401
0.400617
0.295413
0.0173951
0.000236227
0.0327456
0.630874
0.414874
0.419392
0.000480498
0.0906126
0.672934
0.509165
0.271223
0.338582
0.157618
0.523714
0.00402739
0.52665
0.365605
0.0184339
0.455102
0.19296
0.600248
0.275673
0.488079
0.40336
0.41598
0.183678
0.0865863
0.006105
0.416776
0.0579266
0.0381439
0.567658
0.706232
0.00504304
0.246113
0.375299
0.600963
0.1409
0.00380366
0.505431
0.00937633
0.786013
0.0136929
0.579454
0.498968
0.311399
0.177695
0.228313
0.299607
3.36842e-05
0.425112
0.0846248
0.0562536
0.433461
0.13438
0.374327
0.000169943
0.0382296
0.377659
0.0579839
0.168897
0.388219
0.0151562
0.050494
0.0244819
0.0637321
0.0225158
0.381338
0.403454
0.552542
0.48571
0.107309
0.517827
0.0101857
0.00241349
0.437142
0.371791
0.0213453
0.168014
0.650189
0.557374
0.131753
0.468882
0.303476
0.0998008
0.250573
0.0615952
0.213555
0.135845
0.629667
0.621275
0.412905
0.0384166
0.633947
0.613504
0.258706
0.00807835
0.330535
0.561543
0.00481082
0.0868689
0.155065
0.00235152
0.0710554
0.415871
0.324252
0.684045
0.296257
0.345585
0.687799
0.405293
0.328729
0.438597
0.308584
0.000576923
0.00790168
0.0443756
0.000256269
0.0845148
0.113987
0.641618
0.402147
0.700247
0.429225
0.423202
0.197105
0.383926
0.365449
0.00154612
0.235264
0.111112
0.601573
0.261038
0.610213
0.367891
0.0128587
0.577347
0.0174724
0.313825
0.600311
0.011035
0.519293
0.687088
0.546972
0.483783
0.376563
0.32121
0.202576
0.0730852
0.368824
0.449991
0.117233
0.007316
0.199219
0.287686
0.0857411
4.66049e-05
0.349872
0.650449
0.259048
0.746288
0.175292
0.138564
0.495249
0.0868336
0.385652
0.752088
0.214094
0.265191
0.458928
0.0869028
0.520296
0.0112503
0.0302883
0.00485725
0.186055
0.4091
0.287078
0.479103
0.246401
0.0336997
0.264082
0.450177
0.427901
0.656081
0.0514423
0.416501
0.545522
0.139975
0.226322
0.0736162
0.578808
0.691305
0.690319
0.596866
0.181976
0.465123
0.274237
0.289295
0.730195
0.443242
0.314092
0.688453
0.599848
0.102083
0.306342
0.000236321
0.607806
0.330048
0.685232
0.465074
0.519602
0.547974
0.0604184
0.0665234
0.226563
0.743965
0.621623
0.369251
0.735327
0.530649
0.412324
0.631135
0.402473
0.342598
0.787083
0.314044
0.17622
0.0327266
0.518222
0.322886
0.246722
0.250859
0.0475058
0.41848
0.0419916
0.600846
0.0677813
0.312875
0.338946
0.550996
0.294092
0.553845
0.680608
0.361371
0.19053
0.668514
0.243867
0.300455
0.823189
0.420398
0.587657
0.230004
0.326283
0.633656
0.190928
0.000834002
0.505291
0.297208
0.00120563
0.236094
0.0130518
0.0315129
0.184488
0.218319
0.190979
0.268101
0.244335
0.278206
0.690498
0.232524
0.0202465
0.384691
0.207811
0.601682
0.10664
0.373059
0.0497441
0.0187458
0.0154152
0.389831
0.140107
0.291022
0.04756
0.28355
0.135529
0.426579
0.0842899
0.384091
0.0434781
0.0493918
0.571518
0.480168
0.033626
0.385694
0.37354
0.250916
0.778674
0.193782
0.338331
0.0330156
0.0716395
0.126221
0.274492
0.540949
0.235064
4.36261e-05
0.644503
0.361045
0.0206282
0.0664907
0.635475
0.00708546
0.228952
0.270497
0.281676
0.581811
0.578564
0.0633421
0.311541
0.184143
0.515195
0.352708
0.29641
0.0248013
0.00678809
0.0204651
0.293143
0.347275
0.766234
0.156522
0.391351
0.436763
0.686412
0.768068
0.558409
0.34457
0.0177082
0.0430607
0.397138
0.399717
0.442388
0.000466275
0.493605
0.0689628
0.288158
0.0185914
0.551999
0.00156766
0.448701
0.0267941
0.447754
0.0744508
0.180875
0.000645228
0.0914409
0.108795
0.358115
0.0151036
0.337215
0.249708
0.225779
0.0646158
0.624893
0.749031
0.041415
0.0915633
0.322219
0.148359
0.00214915
0.000167808
0.0272197
0.537635
0.578616
0.0636011
0.262574
0.276896
0.259352
0.0132105
0.0171642
0.162346
0.710096
0.231328
0.142381
0.67798
0.0197839
0.460256
0.669639
0.000434745
0.751236
0.0567141
0.316999
0.295971
0.217651
0.0172694
0.507913
0.575009
0.620483
0.328108
0.0748019
0.342147
0.518375
0.328372
0.458511
0.41247
0.558326
0.565749
0.471562
0.602163
0.0387868
0.424439
0.0467305
0.474056
0.647821
0.575578
0.119961
0.00322918
0.809073
0.03891
0.44009
0.453468
0.398968
0.0626553
0.590569
0.0622539
0.201983
0.202804
0.547059
0.00111248
0.341312
0.190127
0.558705
0.086905
0.0859244
0.0026075
0.271794
0.0969857
0.421132
0.141048
0.0158573
0.621055
0.765529
0.378943
0.463978
0.801486
0.416185
0.504465
0.00214029
0.752975
0.430611
0.710356
0.37443
0.596318
0.47636
0.350923
0.795518
0.448014
0.0195152
0.390572
0.0105629
0.00415656
0.0375255
0.325536
0.274368
0.304196
0.280174
0.0604042
0.32073
0.2475
0.625009
0.68063
0.139379
0.326098
0.775163
0.537782
0.00182579
0.525311
0.0670811
0.0110724
0.392955
0.164556
0.546669
0.178962
0.823317
0.490014
0.683098
0.138377
0.314295
0.00205375
0.00380908
0.377389
0.398551
0.00474998
0.777449
0.335832
0.62569
0.580567
0.361206
0.0931554
0.666543
0.308159
0.558765
0.101301
0.571255
0.00461219
0.294846
0.393619
0.197649
0.0587955
0.00754958
0.401888
0.0636063
0.682605
0.179157
0.128473
0.0454977
0.278623
0.102552
0.372662
0.000800546
0.149962
0.841097
0.186928
0.329198
0.0892697
0.000674697
0.61776
0.528819
0.471323
0.0379068
0.104446
0.0189838
0.56481
0.81419
0.481178
0.360613
0.861531
0.137748
0.0734364
0.323719
0.157384
0.513302
0.612363
0.299015
0.00017796
0.295211
0.366926
0.00592407
0.119655
0.568747
0.318688
0.0769366
0.316765
0.364679
0.742488
0.297078
0.466819
0.0498342
0.715524
0.680487
0.208663
0.352999
0.55665
0.643233
0.633014
0.276865
0.000917414
0.000512943
0.492841
0.0692204
0.284715
0.36946
0.216133
0.457929
0.593826
0.648379
0.275838
0.555525
0.276217
0.0159304
0.319658
0.160299
0.295699
0.395229
0.502199
0.775389
0.363119
0.379197
0.132561
0.346438
0.160954
0.775524
0.208322
0.0186195
0.523964
0.527963
0.295486
0.365339
0.176616
0.245073
0.399808
0.210797
0.333637
0.309783
0.436247
0.0268948
0.0132999
0.0509931
0.00590656
0.0336794
0.242214
0.624117
0.250177
0.00273982
0.326123
0.178414
0.354545
0.280531
0.360708
0.0259019
0.205979
0.548426
0.114235
0.0690864
0.081602
0.0166757
0.171274
0.378456
0.518803
0.249589
0.0289347
0.00985801
0.28384
0.648881
0.0113885
0.186406
0.113499
0.000571061
0.438532
0.0333383
0.0030357
0.194052
0.260186
0.494577
0.644608
0.645789
0.0360149
0.627288
0.517654
0.135575
0.396224
0.692607
0.560625
0.122973
0.202932
0.163567
0.490336
0.303367
0.365141
0.38217
0.0916804
0.105944
0.0309501
0.143383
0.737166
0.362656
0.670264
0.315654
0.0103118
0.303206
0.464287
0.627716
0.0148227
0.448266
0.0989646
0.00546728
0.375238
0.0016882
0.703255
0.416379
0.0703241
0.00129305
0.64158
0.249233
0.0149556
0.0800534
0.297293
0.284812
0.825164
0.553034
0.681807
0.364899
0.307363
0.402338
0.0167465
0.23084
0.176227
0.12447
0.399933
0.455321
0.00102253
0.657492
0.149597
0.0782189
0.142368
0.0636336
0.000473057
0.554955
0.120731
0.6909
0.0682756
0.146595
0.0621775
0.192084
0.493872
0.199168
0.147748
0.265636
0.586649
0.54709
0.031221
0.052748
0.338521
0.22964
0.248534
0.0179188
0.781007
0.0562281
0.00062616
0.0983927
0.488121
0.0891812
0.481268
0.348251
0.00182204
0.37756
0.134874
0.0213868
0.763011
0.000242494
0.337846
0.00219314
0.593527
0.308178
0.00507953
0.242427
0.487228
0.648328
0.705291
0.095352
0.0134035
0.131516
0.737992
0.0138834
0.49865
0.119881
0.000123213
0.488036
9.70952e-05
0.478168
0.645483
0.566247
0.563561
0.00535291
0.0582098
0.224547
0.328043
0.209734
0.731248
0.0329912
0.443961
0.00577029
0.00439274
0.173215
0.776053
0.293262
0.00176299
0.130222
0.783299
0.00855682
0.412097
0.164363
9.42374e-05
0.0586745
0.0687525
0.532018
0.0277636
0.357302
0.393962
0.119895
0.115839
0.357481
0.350878
0.0657062
0.280449
0.0557335
0.00363944
0.174075
0.717231
0.385366
0.479278
0.324956
0.526978
0.15659
0.237393
0.69606
0.738792
0.0629409
0.835826
0.439331
0.209081
0.446233
0.153043
0.426413
0.00298419
0.00251788
0.448833
0.819067
0.0751384
0.299748
0.00383278
0.337539
0.0825725
0.769002
0.527613
0.391028
0.437077
0.134574
0.454168
0.00480548
0.732611
0.552409
0.0264917
0.134819
0.328833
0.0943379
0.318115
0.0672163
0.0455294
0.000685731
0.514267
0.170613
0.518064
0.00905495
0.1447
0.282876
0.19657
0.317082
0.4139
0.545453
0.520023
0.0583106
0.0861511
0.13605
0.414485
0.0611602
0.153348
0.307491
0.291396
0.550709
0.661006
0.290479
0.0575053
0.361037
0.00216163
0.232362
0.550308
0.13735
0.00527318
0.448757
0.31576
0.610584
0.283794
0.384905
0.0665482
0.241387
0.207357
0.145792
0.54856
0.383991
0.682736
0.00264455
0.461493
0.374822
0.472381
0.0049661
0.317797
0.681582
0.0765855
0.470982
0.195749
0.209745
0.137829
0.00219008
0.417513
0.223063
0.31274
0.0385902
0.665298
0.263249
0.0255899
0.331589
0.159039
0.730769
0.641234
0.060331
0.0571739
0.00538247
0.000253159
0.14962
0.222067
0.415053
0.265189
0.633865
0.0478097
0.346728
0.392693
0.325377
0.099489
0.300933
0.373864
0.15774
0.357169
0.414262
0.00756776
0.539174
0.504932
0.213619
0.0165994
0.577406
0.150474
0.0534702
0.523522
0.532167
0.163093
0.295793
0.128264
0.163631
0.447119
0.125612
0.0130023
0.0891381
0.000605432
0.0102273
0.319382
0.0502197
0.52901
0.568779
0.0134318
0.0315875
0.413689
0.41136
0.344026
2.36744e-05
0.0207162
0.0384279
0.000129966
0.630988
0.513379
0.42032
0.538516
0.280949
0.160193
0.00409063
0.14578
0.45353
0.0194778
0.30075
0.118047
0.050498
0.101029
0.43407
0.000450528
0.657848
0.786697
0.58145
0.00113337
0.137681
0.435763
0.385552
0.105157
0.00285118
0.352343
0.653532
0.459761
0.119668
0.457089
0.190058
0.0546771
0.0640962
0.331274
0.443927
0.165559
0.396233
0.595125
0.00124184
0.107452
0.473014
0.0352324
0.847923
0.00248554
0.0134809
0.897132
0.332366
0.000165368
0.0165829
0.332504
0.304703
0.117155
0.000303039
0.107097
0.781702
0.342273
0.739896
0.372654
0.061512
0.00487076
0.532419
0.529329
0.306964
0.408583
0.317395
0.386683
0.0131293
0.46496
0.00640657
0.018553
0.522949
0.318475
0.153243
0.0999412
0.0219633
0.426494
0.0481512
0.638952
0.44354
0.0219358
0.0675175
0.395092
0.404444
0.0382117
0.131242
0.641545
0.434282
0.318268
0.655218
0.355962
0.00367606
0.125551
0.439496
0.019601
0.684952
0.337275
0.422369
0.00158285
0.0538043
0.27366
0.433928
0.817574
0.148407
0.685542
0.0105419
0.270503
0.255544
0.261446
0.537398
0.624561
1.02275e-05
0.376727
0.452861
0.513827
0.409369
0.47435
0.578395
0.675698
0.221718
0.077742
0.0978299
0.323211
0.000106511
0.344884
0.650492
0.231331
0.143336
0.191995
0.116353
0.0196083
0.457569
0.394883
0.247884
0.379286
0.39155
0.591786
0.062212
0.518829
0.184617
0.661384
0.0965153
0.0975392
0.898811
0.22687
0.0156307
0.251403
0.316188
0.0772903
0.477333
0.0609544
0.4653
0.434408
0.0982403
0.127531
0.361181
0.79076
0.315128
0.49416
0.00140027
0.177491
0.0679607
0.294177
0.815645
0.00888965
0.281676
0.652419
0.203789
0.0177506
0.0504773
0.0319775
0.279123
0.0491306
0.0392718
0.416154
0.0351683
0.190721
0.0790375
0.358175
0.190323
0.369746
0.202808
0.00201568
0.356443
0.287732
0.062064
0.0343096
0.702004
0.0180612
0.588202
0.533265
0.173345
0.267272
0.627431
0.32304
0.400211
0.212943
0.139506
0.643862
0.442807
0.153741
0.635167
0.0331893
0.575566
0.462291
0.515525
0.000617056
0.133646
0.14475
0.341439
0.0581928
0.546511
0.0431439
0.534913
0.000774267
0.562786
0.495358
0.08659
0.00773337
0.414041
0.00336728
0.351862
5.17167e-05
0.00604213
0.0184768
0.116647
0.396325
0.467322
0.635985
0.000718933
0.250175
0.0471939
0.29677
0.141732
0.301529
0.49788
0.0494905
0.560341
0.0115482
0.613804
0.061673
0.444433
0.365405
0.525287
0.41487
0.133956
0.675366
0.0101324
0.559276
0.0472119
0.110994
0.452064
0.101758
0.645701
0.403217
0.4235
0.00736152
0.046965
0.421423
0.11182
0.167278
0.383297
0.31903
0.638473
0.527955
0.776575
0.493595
0.00298281
0.073207
0.156576
0.0758758
0.217112
0.201936
0.132518
0.0133948
0.557121
0.212349
0.100647
0.032871
0.508668
0.55191
0.558411
0.592363
0.0399923
0.610908
0.283198
0.21806
0.452638
0.158853
0.945728
0.355427
0.0244043
0.297585
0.0332724
0.326672
0.564078
0.0775771
0.0367042
0.0939406
0.151002
0.206116
0.706037
0.245651
0.262699
0.680074
0.340289
0.201477
0.0107342
0.0400911
0.138226
7.16404e-05
0.516251
0.171656
0.68449
0.0131389
0.439383
0.302197
0.698593
0.290886
0.466768
0.0511428
0.00373904
0.0195259
0.61546
0.0942777
0.124976
0.218823
0.0133251
0.00221843
0.203453
0.393876
0.570776
0.2586
0.179575
0.420792
0.775314
0.163094
0.706201
0.033761
0.571758
0.613025
0.254061
0.2858
0.0981506
0.0294811
0.336899
0.369139
0.0159541
0.49627
0.116994
0.057562
0.316254
0.245715
0.393079
0.444899
0.439154
0.20421
0.252873
0.673659
0.482574
0.20389
0.140947
0.378012
0.1848
0.244671
0.209369
0.439383
0.346711
0.250372
0.453946
0.44957
0.453806
0.115883
0.377324
0.0028961
0.257501
0.366454
0.474928
0.331518
0.0361768
0.438062
0.522398
0.152244
0.00387801
0.718919
0.19694
0.737882
0.49824
0.225401
0.181669
0.711286
0.672771
0.252025
0.457376
0.249535
0.213528
0.0128133
0.530785
0.265728
0.0784996
0.325681
0.168936
0.579921
0.451115
0.0204088
0.494141
0.0856699
0.115629
0.327311
0.269286
0.774242
0.306455
0.0498382
0.448116
0.00495603
0.685551
0.442788
0.620293
0.290905
0.0177331
0.770481
0.051068
0.685838
0.298964
1.1247e-05
0.186557
0.0618199
0.408753
0.752298
0.0394657
0.67212
0.213638
0.497531
0.309317
0.251781
0.276845
0.841401
0.443186
0.496987
0.610497
0.536466
0.00226067
0.523055
0.0400389
0.16735
0.0767281
0.613605
0.412281
0.377376
0.438896
0.625805
0.293342
0.600813
0.296488
0.594204
0.163136
0.0987462
0.185153
0.0213598
0.411943
0.116193
0.269188
0.0619375
0.258731
0.497514
0.00405469
0.538808
0.0814389
0.558826
0.56444
0.00339115
0.149408
0.7809
0.166266
0.122083
0.0760765
0.358298
0.310334
0.0482489
0.301498
0.489689
0.00755112
0.128852
0.475886
0.0945197
0.378669
0.293917
0.00262609
0.00314769
0.0470588
0.305709
0.605053
0.10447
0.236439
0.343612
0.697931
0.302751
0.281196
0.740016
0.713918
0.572832
0.278203
0.0862078
0.559939
0.0296213
0.10415
0.609147
0.209215
0.181662
0.0475891
0.49544
0.16645
0.528849
0.274588
0.480022
0.0375142
0.015929
0.243257
0.52935
0.425196
0.458623
0.000316223
0.0147643
0.324084
0.196252
0.735049
0.000882924
0.1187
0.536687
0.00943966
0.63587
0.862814
0.535855
0.585213
0.512136
0.0217455
0.0134578
0.312038
0.355885
0.0550969
0.821709
0.0357993
0.0100692
0.0298036
0.386339
0.0195064
0.456932
0.842668
0.141544
0.756155
0.00702368
0.848993
0.0034858
0.00112677
0.0430812
0.0757727
0.666943
0.118921
0.107846
0.246116
0.357415
0.0001032
0.444592
0.140691
0.315989
0.155469
0.697924
0.586419
0.00942871
0.430709
0.0196987
0.000220471
0.0263029
0.385887
0.779471
0.701121
0.480019
0.315606
0.392557
0.346471
0.190595
0.498209
0.568235
0.283369
0.281185
0.056379
0.401595
0.115128
0.0876337
0.166521
0.419119
0.0245574
0.611472
0.0613926
0.000389051
0.22051
0.0563703
0.484971
0.46947
0.45113
0.429861
0.137569
0.125837
0.291324
0.380465
0.257941
0.222802
0.0289779
0.529248
0.430067
0.787736
0.132633
0.183335
0.732249
0.757595
0.00322354
0.0229363
0.541769
0.315773
0.00156943
0.00343935
0.00629365
0.161968
0.306235
0.0926421
0.299622
0.322773
0.440023
0.0961574
0.0738085
0.16545
0.647035
0.587873
0.824616
0.337439
0.0142482
0.0879047
0.374661
0.0852008
0.379346
0.675315
0.429823
0.426301
0.055002
0.200562
0.790011
0.290706
0.622127
0.880003
0.00269108
0.127346
0.268195
0.0634821
0.0124092
0.297749
0.190291
0.113256
0.508193
0.024561
0.0156364
0.746555
0.283878
0.250203
0.0710005
0.396492
0.158228
0.0110274
0.0283
0.632187
0.0131803
0.719478
0.221839
0.663184
0.780165
0.0108032
0.319813
0.0167506
0.572379
0.394645
0.15055
0.414911
0.133795
0.498991
0.358733
0.0332559
0.0324846
0.598224
0.0943462
0.391754
0.0292414
0.00326165
0.350405
0.105956
0.516237
0.648803
0.527321
0.732572
0.135403
0.249619
0.372381
0.531146
0.00691792
0.809463
0.297127
0.124713
0.0940411
0.507858
0.396119
0.723244
0.0816242
0.000731298
0.0358336
0.0176955
0.0108675
0.0276679
0.397205
0.267124
0.0708695
0.440028
0.615365
0.207255
0.268572
0.186227
0.384237
0.461717
0.112152
0.803959
0.405423
0.613766
0.417508
0.0160987
0.429021
0.120915
0.00310497
0.476631
0.00140781
0.130076
0.404267
0.393858
0.184143
0.140894
0.144816
0.102217
0.487428
0.378642
0.547384
0.271279
0.441675
0.114976
0.780862
0.718545
0.384045
0.650211
0.0105975
0.399454
0.292317
0.330798
0.485537
0.421501
0.165208
0.46015
0.27424
0.0308254
0.527377
0.436118
0.463053
0.0416202
0.642712
0.684429
0.242072
0.2982
0.239851
0.0580207
0.341052
0.049223
0.144422
0.00927032
0.0225225
0.0191102
0.678866
0.0430537
0.300716
0.57046
0.25788
0.0737646
0.538566
0.396782
0.379808
0.141751
0.295725
0.0171281
0.397385
0.0681284
0.868464
0.132052
0.147807
0.642011
0.248488
0.234306
0.640872
0.354211
2.05745e-05
0.0888129
0.386932
0.526047
0.287567
0.375165
0.726306
0.396139
0.0672502
0.00169181
0.176728
0.683497
0.633006
0.0241742
0.43229
0.101758
0.288557
0.319441
0.0194256
0.625169
0.46606
0.15964
0.64111
0.379531
0.381215
0.298413
0.566361
0.41721
0.409298
0.280457
0.329226
0.0914458
0.275831
0.439757
0.307687
0.585559
0.705969
0.00793656
0.461012
0.172223
0.00119841
0.741893
0.491777
0.461314
0.475324
0.329297
0.372204
0.812387
0.32047
0.00497859
0.506139
2.46427e-05
0.42692
0.0987892
0.0261007
0.676896
0.141202
0.00022426
0.226583
0.000409798
0.232258
0.000115202
0.342351
0.261038
0.133035
0.0950258
0.335756
0.352689
0.68844
0.122379
0.627255
0.189508
0.000461906
0.0642611
0.613743
0.193876
0.586518
0.19728
0.575976
0.00177805
0.334894
0.777502
0.0252437
0.00387007
0.400942
0.0789122
0.0136902
0.680963
0.376197
0.289989
0.321888
0.0161755
0.825973
0.024375
0.315591
0.235227
0.343951
0.208404
0.0309754
0.343291
0.510573
0.0524117
0.0170005
0.143688
0.471114
0.489388
0.0908956
0.291735
0.00320025
0.0567068
0.132554
0.119847
0.00611036
0.379673
0.461246
0.128995
0.0359362
0.44458
0.00427368
0.255121
0.00366886
0.0171158
6.86286e-05
0.634752
0.0143198
0.124785
0.295018
0.118502
0.194675
0.753971
0.645939
0.00115838
0.135516
0.00154588
0.144571
0.0885254
0.681617
0.288478
0.824336
0.322321
0.152814
0.504562
0.0749184
0.672213
1.02011e-05
0.45271
0.10707
0.370432
0.001923
0.304623
0.36649
0.125421
0.144553
0.59727
0.155939
0.0747356
0.654946
0.146098
0.131558
0.132425
0.76602
0.355525
0.0784743
0.681896
0.527006
0.0625767
0.0514768
0.023431
0.734823
0.016921
0.592268
0.654125
0.42038
0.0272298
0.166271
0.361616
0.693663
0.512844
0.21688
0.0076507
0.569103
0.169232
0.574399
0.361672
0.704273
0.145232
0.230975
0.203943
0.00639121
0.255212
0.748577
0.0812181
0.131108
0.245496
0.0263274
0.527726
0.455278
0.150992
0.00496066
0.0939638
0.732864
0.300652
0.386025
0.000861652
0.605662
0.0485005
0.275673
0.27951
0.350637
0.424297
0.00757664
0.540648
0.277829
0.413072
0.270364
0.12556
0.0714751
0.00635603
0.474239
0.499705
0.0444008
0.0314058
0.606922
0.494207
0.114217
0.312092
0.324223
0.0047792
0.478762
0.000911381
0.0778436
0.295456
0.311934
0.0140631
0.162697
0.0394846
0.00847287
0.448821
0.0890777
0.132395
0.110092
0.68747
0.642785
0.0900012
0.084127
0.703441
0.273123
0.000745043
0.141568
0.442023
0.102856
0.57899
0.739849
0.254067
0.312742
0.55375
0.0168807
0.465164
0.00779385
0.265453
0.593827
0.00908234
0.716697
0.0177794
0.315836
0.420451
0.0259951
0.0138657
0.338725
0.0256756
0.0727562
0.670687
0.0437302
0.209944
0.0510266
0.0616733
0.66675
0.0436976
0.0798563
0.875219
0.514618
0.00561015
0.551769
0.000415517
0.218507
0.257873
0.283866
0.324673
0.185816
0.651213
0.321329
0.362834
0.515131
0.214593
0.676915
0.417843
0.281604
0.663889
0.0189338
0.278651
0.121347
0.531634
0.202364
0.350083
0.00425091
0.420767
0.0624483
0.149284
0.286321
0.744903
0.417817
0.0133
0.137569
0.216984
0.790386
0.160963
0.269698
0.0499195
0.581073
0.52837
0.271795
0.34599
0.600858
0.0326478
0.0351565
0.577799
0.306895
0.050581
0.229448
0.400677
0.591886
0.137024
0.470916
0.51907
0.497567
0.040453
0.628841
0.302541
0.13453
0.00201421
0.514375
0.0705811
0.0483922
0.596781
0.514006
0.34714
0.117691
0.172463
0.140422
0.00661086
0.0421043
0.320059
0.404777
0.00122444
0.00215492
0.00417005
0.0974472
0.69569
0.24086
0.672704
0.0261993
0.517786
0.220523
0.0240708
0.375718
0.00270438
0.0144273
0.325572
0.516505
0.405635
0.536334
0.112398
0.648372
0.273606
0.10023
0.418998
0.101415
0.209189
0.00190523
0.00127378
0.500712
0.547513
0.00333062
0.0451827
0.0933407
0.466543
0.407968
0.00128398
0.247365
0.139011
0.032675
0.137505
0.645581
0.550448
0.832674
0.783566
0.630014
0.166197
0.0816122
0.661099
0.559572
0.445695
0.0287038
0.576223
0.624615
0.755368
0.084181
0.079961
0.0282822
0.123985
0.581727
0.137082
0.531598
0.46019
0.018042
0.0451616
0.537197
0.318375
0.46058
0.0682136
0.0170337
0.250261
0.430041
0.0878074
0.516937
0.655111
0.324834
0.316969
0.3598
0.733256
0.316483
0.672539
0.593787
0.089363
0.0541046
0.226909
0.337128
0.0540169
0.333925
0.331465
0.0564065
0.281841
0.321011
0.248527
0.584263
0.472385
0.114314
0.254717
1.36592e-05
0.464412
0.419749
0.411663
0.366991
0.171568
0.00453975
0.567187
0.469278
0.044343
0.488682
0.00204904
0.0156958
0.427049
0.266841
0.0179365
0.64569
0.0439727
0.0169893
0.0775048
0.269979
0.138381
0.0983215
0.0380659
0.500599
0.472967
0.363856
0.227691
0.489778
0.157491
0.700399
0.059659
0.0845607
0.668563
0.348174
0.160982
0.119336
2.30473e-05
0.0384249
0.259998
0.605302
0.134452
0.585312
0.0179178
0.387269
5.15532e-05
0.0770039
0.379245
0.398363
0.128592
0.595048
0.531785
0.485951
0.0344516
0.0734228
0.628417
0.331793
0.397875
0.219544
0.516778
0.135036
0.268917
0.173635
0.31901
0.368095
0.221499
0.109446
0.833349
0.215903
0.0302596
0.376331
0.079667
0.15687
0.614112
0.00260983
0.845468
0.487369
0.50877
0.483709
0.0300909
0.400447
0.288712
0.579212
0.454095
0.395891
0.720959
0.810468
0.579307
0.110499
0.349724
0.0359131
0.525663
0.281507
0.0626724
0.826213
0.16108
0.768265
0.0239279
0.00173766
0.52839
0.422638
0.285238
1.26361e-05
0.171027
0.385315
0.245775
0.368475
0.126166
0.502559
0.321437
0.263403
0.458362
0.330275
0.534603
0.00657135
0.492872
0.144958
0.426936
0.726492
0.523735
0.282596
0.210429
0.00325005
0.662607
0.151115
0.00820385
0.443527
0.733989
0.633734
0.826898
0.0105998
0.748634
0.372549
0.406151
0.155603
0.022172
0.654814
0.241912
0.190414
0.614985
0.0521668
0.335197
0.714874
0.0296202
0.0194943
0.115946
0.295963
0.589893
0.378785
0.302553
0.183098
0.585704
0.0198359
0.368152
0.0596988
0.0151521
0.331431
0.63645
0.546392
0.26209
0.3097
0.181169
0.000436118
0.0107587
0.361731
0.0985838
0.194221
0.299844
0.0198239
0.398036
0.609363
0.0100863
0.726263
0.551912
0.537884
0.0703066
0.107735
0.0059352
0.800383
0.534929
0.170626
0.0027409
0.0975373
0.125713
0.645706
0.0644351
0.0685842
0.57245
0.338858
0.424653
0.457136
0.355085
0.163884
0.741644
0.628506
0.0639243
0.254561
0.0880045
0.395569
0.185506
0.0752565
0.254859
0.314552
0.712419
0.542176
0.507061
0.00024847
0.323963
0.0179213
0.593056
0.0287037
0.736958
0.715238
0.117536
0.683597
0.202234
0.743542
0.101094
0.43032
0.0731191
0.0406773
0.18798
0.0943273
0.612714
0.0527546
0.249836
6.59957e-05
0.253658
0.000180447
0.17095
0.41213
0.533697
0.817128
0.540651
0.619306
0.0582341
0.482667
0.296829
0.201138
0.313881
0.293781
0.0624657
0.231116
0.578773
0.138224
0.215448
0.767506
0.387154
5.64406e-05
0.185986
0.11528
0.817075
0.00353058
0.0476505
0.340014
0.00165255
0.458301
0.541961
0.423062
0.00283963
0.0843665
0.0821722
0.281438
0.345836
0.304961
0.270027
0.200406
0.280634
0.140122
0.354519
0.418676
0.0366543
0.367628
0.109012
0.00309411
0.670766
0.00113338
0.527852
0.322999
0.681757
0.409066
0.279994
0.697556
0.363461
0.228247
0.104704
0.376724
0.225635
0.462977
0.24282
0.089944
0.24207
0.35743
0.00785428
0.733839
0.018251
0.218263
0.625475
0.321809
0.146771
0.0144876
0.854383
0.0153805
0.454431
0.531044
0.185853
0.0209078
0.591047
0.37987
0.00116422
0.0089381
0.146052
0.116066
0.336751
0.104557
0.389578
0.261697
0.691741
0.0763995
0.0123244
0.570245
0.590826
0.317609
0.381031
0.0743897
0.00954291
0.469465
0.280756
0.566767
0.137285
0.633642
0.755898
0.460366
0.438684
0.583896
0.593752
0.498466
0.250633
0.306365
0.231448
0.49239
0.0161138
0.0844002
0.565634
0.23091
0.169919
0.298694
0.0550533
0.669095
0.698126
0.514363
0.11853
0.272928
0.0253068
0.627956
0.442076
0.380347
0.143079
0.458613
0.189849
0.0228644
0.537561
0.504028
0.00286605
0.283501
0.880942
0.363289
0.685544
0.796608
0.728376
0.161002
0.756674
0.516581
0.0899935
0.0182668
0.28212
0.689207
0.289801
0.240211
0.4378
2.16384e-05
0.204088
0.777829
0.779622
0.402754
0.194633
0.113802
0.220232
0.0270124
0.405872
0.676957
0.0742269
0.375656
0.483263
0.00075016
0.391009
0.733356
0.507411
0.0285241
0.0157759
0.0224602
0.450033
0.584497
0.476533
0.653484
0.489322
0.50887
0.0150369
0.128195
0.433253
0.668541
0.449189
0.0579579
0.477193
0.304815
0.631794
0.746869
0.00639291
0.0270267
0.0123433
0.710132
0.591289
0.0814535
0.325921
0.163813
0.0631927
0.379599
0.367535
0.475899
0.881832
0.362363
0.116265
0.423236
0.00748183
0.8298
0.320836
0.351246
0.496065
0.214545
0.410099
0.282915
0.116821
0.598128
0.182972
0.00166054
0.524516
0.172107
0.318168
0.098468
0.347358
0.570127
0.355931
0.604116
0.0142348
0.00284073
0.147099
0.462506
0.0228417
0.0195556
0.750652
0.886944
0.299826
0.396747
0.348919
0.561176
0.202511
0.384095
0.400076
0.460436
0.448729
0.392488
0.168649
0.000272338
0.478029
0.017163
0.620427
0.0201564
0.231137
0.0864354
0.306413
0.00162744
0.655294
0.000453518
0.0317056
0.368446
0.000219601
0.20373
0.267766
0.235447
2.08151e-05
0.00136091
0.632735
0.65025
0.197105
0.276131
0.622588
0.159772
0.0119009
0.0487086
0.582758
0.34807
0.033108
0.479736
0.321171
0.0362252
0.213964
0.15841
0.247651
0.000853429
0.479129
0.319293
0.0382272
0.263846
0.529792
0.00749321
0.254975
0.614701
0.0198731
0.727335
0.660584
0.69518
0.613627
0.0201486
0.145737
0.260084
0.25234
0.622495
0.112504
0.0353741
0.0932561
0.545688
0.541793
0.0140391
0.350984
0.0154865
0.56638
0.727988
0.843249
0.700787
0.749479
0.00351265
0.00165326
0.535351
0.00879078
0.172318
0.0546125
0.592363
0.122738
0.650478
0.484275
0.292047
0.191876
0.0403023
0.584559
0.0526264
0.156658
0.711701
0.58181
0.624001
0.207637
0.545106
0.120418
1.16801e-05
0.0854861
0.160001
0.309836
0.0855605
0.584266
0.167709
0.114026
0.0221389
0.0592616
0.258148
0.654672
0.67405
0.538348
0.227336
0.305898
0.136432
0.225207
0.232002
0.0677165
0.0786805
0.0232931
0.751385
0.0152909
0.247912
0.360611
0.00293888
0.0373185
0.00471537
0.646115
0.682561
0.706409
0.00565195
0.0327002
0.134531
0.694732
0.0388775
0.406283
0.0309254
0.03618
0.346002
0.0383441
0.172474
0.255192
0.29019
0.190855
0.632489
0.133113
0.017533
0.411815
0.293145
0.630852
0.10982
0.597886
0.504599
0.0201463
0.0455865
3.48824e-05
0.715852
0.446805
0.396204
0.322198
0.172294
0.00609119
0.245703
0.657398
0.195408
0.103767
0.544235
0.14471
0.109519
0.106867
0.217406
0.000777709
0.475107
0.0504037
0.00269168
0.186798
0.455194
0.308944
0.481188
0.463697
0.497698
0.253879
0.19463
0.0432031
0.0134142
0.331784
0.248429
0.380297
0.0410885
0.468155
0.235731
0.506664
0.228399
0.0171322
0.344277
0.0946737
0.271289
0.0616615
0.00895227
0.591057
0.123274
0.00702516
0.475917
0.12326
0.0899861
0.636622
0.485978
0.593951
0.0198017
0.163864
0.553931
0.553122
0.432861
0.503304
0.325345
0.400506
0.220173
0.468962
0.159313
0.000887316
0.146385
0.593358
0.0375839
0.155165
0.497564
0.231759
0.0278757
0.142776
0.361638
0.0186609
0.399577
0.00514136
0.372104
0.282095
0.520167
0.152629
0.716013
0.050752
0.328497
0.423488
0.0306767
0.00139429
0.6009
0.633707
0.139597
0.171017
0.00390709
0.0574344
0.0357161
0.000786488
0.00215531
0.036045
0.159977
0.225371
0.161274
0.578478
0.146301
0.734332
0.385024
0.00123837
0.601363
0.341898
0.667337
0.156235
0.109348
0.906948
0.488464
0.555562
0.147526
0.450035
0.0524141
0.544626
0.000606855
0.069771
0.336642
0.613071
0.2726
0.503211
0.753731
0.283813
0.180846
0.373883
0.096716
0.361755
0.148695
0.338928
0.117296
0.273966
0.759056
0.355038
0.477374
0.0517121
0.567339
0.546749
0.088113
0.206118
0.18617
0.364798
0.0655079
0.361929
0.00560178
0.539424
0.0872778
0.225089
0.225775
0.592405
0.793803
0.573891
0.699377
0.124902
0.301819
0.495127
0.0108362
0.669547
0.0211574
0.795078
0.143525
0.450228
0.354916
0.208507
0.0350982
0.028046
0.305649
0.321229
0.508983
0.513194
0.429837
0.18579
0.42785
0.396096
0.0305973
0.171636
0.339394
0.17785
0.0759492
0.379695
0.000140026
0.714782
0.00169942
0.357736
0.291655
0.221402
0.024207
0.227192
0.0454291
0.0108577
0.0238843
0.268645
0.371666
0.217316
0.705759
0.541425
0.363273
0.153442
0.319462
0.336285
0.488907
0.225576
0.0132392
0.706147
0.446579
0.304568
0.221486
0.0431319
0.191837
0.0334425
0.0267211
0.305387
0.457011
0.0189019
0.00390735
0.091587
0.730618
0.23491
0.0122072
0.72971
0.319599
0.0394537
0.0963974
0.441864
0.398582
0.560469
0.0398246
0.0455635
0.170908
0.373929
0.00148218
0.299532
0.286801
0.223292
0.000849149
0.0138499
0.316935
0.140077
0.780029
0.0541824
0.799293
0.502789
0.591057
0.0470315
0.155475
0.314477
0.267777
0.423146
0.280925
0.216286
0.211248
0.343078
0.788179
0.773664
0.0258711
0.00828828
0.164179
0.196582
0.00495884
0.441773
0.574536
0.462039
0.575714
0.023315
0.345649
0.278966
0.388639
0.0473807
0.545521
0.283255
0.390691
0.449585
0.127122
0.097822
0.218619
0.367181
0.556996
0.396715
0.257906
0.155556
0.584961
0.29568
0.0023781
0.493522
0.55646
0.402172
0.0186849
0.753961
0.474368
0.014996
0.414058
0.0244891
0.0156417
0.797173
0.00376271
0.806699
0.916132
0.581589
0.675842
0.405017
0.499651
0.219689
0.403518
0.00393292
0.752502
0.552124
0.227156
0.528545
0.0152953
0.344329
0.0917651
0.001634
0.288807
0.000345047
0.3785
0.356577
0.344867
0.360201
0.0181165
0.0360726
0.295885
0.0106754
0.218541
0.501854
0.0983358
0.679252
0.00267267
0.00142125
0.090854
0.0706629
0.00291309
0.230448
0.544996
0.130019
0.165393
0.00570952
0.138706
0.476996
0.354057
0.279988
0.156039
0.788149
0.259232
0.123097
0.000151542
0.248844
0.188933
0.281201
0.00171751
0.498983
0.211018
0.142248
0.556719
0.0642297
0.667404
0.565087
0.623815
0.798941
0.710757
0.0020881
0.358542
0.209326
0.26217
0.71212
0.0752658
0.121734
0.634688
0.0462602
0.281373
0.755477
0.278791
0.0258521
0.226689
0.549031
0.729548
0.387549
0.301126
0.623248
0.0361395
0.1352
0.509154
0.345163
0.100197
0.543081
0.0420556
0.590086
0.000578121
0.656108
0.185389
0.560749
0.239969
0.0166923
0.290845
0.63094
0.00311799
0.15304
0.204788
0.0910808
0.333242
0.0615761
0.72915
0.000180784
0.709743
0.13211
0.473164
0.23128
0.491368
0.47478
0.0251311
0.0154039
0.0919395
0.69628
0.000121609
0.640373
0.0711147
0.718983
0.02866
0.359522
0.367705
0.0506918
0.258605
0.00472209
0.27154
0.235362
0.0236702
0.279602
0.288849
0.00464856
0.0505101
0.0195737
0.395386
0.478535
0.544025
0.210425
0.0839784
0.852355
0.281513
0.429203
0.127299
0.850298
0.00230936
0.0607998
0.0192768
0.65125
0.841733
0.236806
0.448791
0.530297
0.273306
0.0237344
0.388491
0.605538
0.370575
0.319035
0.328851
0.641899
0.00116351
0.309473
0.243399
0.397291
0.192001
0.00872285
0.345113
0.025534
0.488514
0.086938
0.783093
0.0215959
0.182547
0.0392965
0.104828
0.291674
0.401817
0.67467
0.393037
0.681103
0.145021
0.36161
0.246305
0.257978
0.360188
0.0103115
0.0136972
0.16825
0.311771
0.0237794
0.0712629
0.271874
0.299463
0.072204
0.00693637
0.410714
0.298555
0.251852
0.101408
0.00208199
0.325312
0.0947719
0.525131
0.11897
0.260646
0.160582
0.439087
0.364469
0.0336115
0.446581
0.037599
0.322441
0.0386784
0.00844511
0.7591
0.274486
0.256953
0.383427
0.428693
0.718375
0.518756
0.547583
0.0656523
0.251008
0.000717283
0.348536
0.0224367
0.128858
0.00028592
0.0594165
0.0165884
0.0493513
0.796849
0.00455948
0.107881
0.0623477
0.477645
0.154246
0.366247
0.455716
0.146659
0.178976
0.405939
0.0234847
0.0139641
0.569238
0.409984
0.0827519
0.454419
0.010435
0.38727
0.031052
0.430931
0.0550636
0.220617
0.407621
0.0590265
0.00706234
0.0388351
0.354189
0.483023
0.0142091
0.207868
0.174494
0.457415
0.367464
0.810634
0.0779513
0.386723
0.443017
0.639553
0.354044
0.522479
0.0275041
0.457893
0.0570881
0.255398
0.169388
0.0563403
0.371672
0.172111
0.429548
0.467156
0.283079
0.0376477
0.34141
0.00342477
0.0396183
0.400722
0.621785
0.34749
0.374072
0.0708674
0.360471
0.0162993
0.151392
0.0531529
0.067424
0.247325
0.227562
0.409181
0.435943
0.0187759
0.402594
0.248761
0.0251847
0.000168463
0.290864
0.000972467
0.00690043
0.234096
0.221087
0.0733052
0.0368909
0.442703
0.22618
0.117872
0.0402832
0.711453
0.46315
0.0379939
0.0639902
0.574761
0.000550108
0.0177934
0.677381
0.15484
0.632669
0.649391
0.356123
0.0265917
0.131474
0.0429077
0.292999
0.291158
0.525871
1.52888e-05
0.400762
0.856879
0.600879
0.366119
0.380794
0.703849
0.394958
0.32399
0.0341852
0.00131052
0.344053
0.276359
0.825933
0.632142
0.0318869
0.536836
0.22141
0.499023
0.0525328
0.638927
0.406106
0.536561
0.284081
0.380068
0.434866
0.00333022
0.354293
0.271078
0.172587
0.428345
0.00527584
0.00885653
0.630085
0.393138
0.547509
0.349684
0.628113
0.0103765
0.0104948
0.138334
0.54194
0.515509
0.681795
0.676358
0.168965
0.0370254
0.352798
0.00487591
0.0287581
0.481692
0.605336
0.250121
0.143755
0.00525359
0.7048
0.313048
0.10497
0.0399304
0.456807
0.0298296
0.44372
0.287043
0.0830017
0.803858
0.194241
0.570277
0.418758
0.435519
0.0148742
0.576947
0.560537
0.500803
0.0661264
0.493792
0.676341
0.358292
0.217208
0.811226
0.536628
0.0624755
0.265862
0.452915
0.264636
0.0801049
0.576793
0.15344
0.221324
0.775468
0.114745
0.208163
0.0153645
0.382771
0.247393
0.842539
0.157316
0.336327
0.0145418
0.736356
0.103053
0.344819
0.183124
0.670069
0.00210945
0.294017
0.274165
0.332215
0.157132
0.559943
0.672025
0.271349
0.0283626
0.182141
0.62842
0.13566
0.836577
0.283727
0.352326
0.0371649
0.027236
0.282333
0.0418589
0.0582345
0.0771792
0.49252
0.330108
0.323009
0.47566
0.116491
0.351997
0.805177
0.201959
0.350654
0.356511
0.143422
0.0157654
0.437641
0.552174
0.31964
0.259007
0.518254
0.132979
0.633691
0.0259401
0.615647
0.0438876
0.10823
0.108415
0.315058
0.477252
0.272717
0.0579946
0.670633
0.328085
0.0965292
0.281209
0.0448546
0.629843
0.588893
0.124548
0.701547
0.0103899
0.709004
0.052424
0.000514541
0.0423041
0.313295
0.0106524
0.452097
0.0023881
0.224396
0.304553
0.43727
0.783642
0.23238
0.267472
0.392145
0.489765
0.227072
0.44402
0.103909
0.545118
0.718569
0.192255
0.793122
0.0510674
0.0730406
0.6633
0.225089
0.362702
0.110689
0.0142271
0.520575
0.446059
0.433139
0.211867
0.461407
0.0651236
0.0220477
0.33488
0.345172
0.1792
0.412134
0.0787771
0.188193
0.581376
0.40283
0.00357442
0.701249
0.465064
0.672959
0.18182
0.0409373
0.000219349
0.735533
0.507988
0.187552
0.0594359
0.439329
0.673173
0.405178
0.347778
0.0407925
0.408525
0.33942
0.243601
0.497015
0.200892
0.0337395
0.545758
0.0977531
0.682964
0.770756
0.646778
0.0161425
0.332699
0.120685
0.703691
0.172469
0.00459343
0.087914
0.588669
0.580463
0.424154
0.443084
0.111071
0.000825191
1.03394e-05
0.355212
0.257452
0.182404
0.237128
0.07592
0.247099
0.447653
0.113029
0.204796
0.188971
0.430227
0.264545
0.0067248
0.373507
0.710784
0.217469
0.00455486
0.26678
0.466097
0.405703
0.532976
0.0239432
0.0286429
0.339415
0.704524
0.622455
0.0699507
0.386985
0.484443
0.114311
0.0857794
0.608421
0.141622
0.100197
0.620836
8.50174e-06
0.0330813
0.0797052
0.399138
0.361175
0.391284
0.72007
0.580285
0.00284573
0.362479
0.432485
0.459221
0.267964
0.00206892
0.0874466
0.0600446
0.341063
0.119173
0.0253916
0.118402
0.00501815
0.722332
0.669989
0.16683
0.581774
0.624751
0.542449
0.315393
0.61785
0.297732
0.260521
0.364781
0.000172302
0.307196
0.0251356
0.238287
0.553126
0.389527
0.600499
0.301379
0.0425937
0.000259661
0.23548
0.379901
0.143624
0.191826
0.352993
0.428566
0.287978
0.745755
0.00470242
0.0521936
0.543713
0.204276
0.044199
0.626906
0.000348513
0.311425
0.491485
0.355541
0.142393
0.0423838
0.084176
0.0130681
0.430697
0.0429301
0.121849
0.034608
0.656332
0.264933
0.52339
0.0919701
0.0499295
0.025677
0.413367
0.602629
0.560425
0.866945
0.351784
0.366654
0.122839
0.325004
0.101617
0.0715417
0.62246
0.064715
0.162201
0.0780117
0.285392
0.310479
0.0334069
0.424583
0.0767985
0.0032096
0.643341
0.121786
0.379475
0.684684
0.320797
0.216176
0.311543
0.265331
0.150974
0.0304084
0.276214
0.20849
0.000904819
0.33102
0.422747
0.00615368
0.142674
0.806531
0.30055
0.145439
0.00913097
0.447444
0.420395
0.669954
0.261464
0.547862
0.591543
0.184969
0.416743
0.475796
0.595026
0.520527
0.00305486
0.723925
0.00297229
0.435349
0.0609898
0.186852
0.238752
0.690251
0.248919
0.343518
0.0690569
0.752435
0.45062
0.0430153
0.504028
0.470427
0.295045
0.371233
0.452012
0.402968
0.646022
0.651214
0.207539
0.326026
0.325106
0.357928
0.142519
0.33218
0.00622418
0.0374735
0.243779
0.0726443
0.372946
0.724923
0.300575
0.488306
0.291276
0.511166
0.0657359
0.525182
0.409028
0.00150825
0.190275
0.0110486
4.34722e-05
0.0563089
0.35551
0.239906
0.0761159
0.413077
0.355055
0.690739
0.376822
0.127422
0.000237039
0.142817
0.0277985
0.778579
0.52991
0.0813006
0.591585
0.224655
0.330689
0.493085
0.593967
0.536129
0.331839
0.00154281
0.0893412
0.210804
0.443523
0.360894
0.168215
0.617593
0.755511
0.286056
0.00533014
0.122597
0.0478932
0.391819
0.30267
0.217365
0.0194771
0.146474
0.464647
0.229223
0.153107
0.0898224
0.0509309
0.0862782
0.666477
0.330809
0.129743
0.749456
0.0520174
0.020355
0.287342
0.345396
0.327694
0.120113
0.347948
0.00109004
0.138346
0.189917
0.5316
0.0963929
0.0302889
0.0618561
0.503733
0.326978
0.776833
0.28789
0.0160565
0.000545418
0.168151
0.320701
0.0471587
0.478868
0.287645
0.0740513
0.688557
0.613762
0.00612485
0.257964
0.223014
0.731053
0.11308
0.481875
0.120654
0.106748
0.474555
0.1419
0.0594176
0.304615
0.00212601
0.131056
0.00247737
0.117945
0.339036
0.0952229
0.0732612
0.253192
0.318616
0.0418653
0.510232
0.00214993
0.188294
0.409658
0.0567451
0.0418171
0.308773
0.489901
0.0527187
0.230145
0.00607567
0.641078
0.0163878
0.040268
0.240955
0.242216
0.0993798
0.632539
0.646262
0.0794097
0.43048
0.36833
0.405109
0.378078
0.338334
0.337044
0.317395
0.074482
0.0013056
0.491099
0.0418486
0.543127
0.725138
0.784891
2.58396e-07
0.0385462
0.373134
0.436923
0.158596
0.418445
0.00688132
0.36016
0.533615
0.795679
0.000137963
0.466048
0.461235
0.715757
1.3473e-06
0.799825
0.450279
0.0155886
0.358672
0.233473
0.164724
0.450393
0.11406
0.518431
0.290422
0.160091
0.479218
0.0517259
0.137192
0.268236
0.0639131
0.682706
0.200359
0.0433568
0.44628
0.174387
0.00709768
0.423296
0.143231
0.185651
0.0469975
0.459079
0.109497
0.330517
0.290706
0.00795835
0.328199
0.306851
0.570346
0.017135
0.00115234
0.667385
0.182428
0.67817
0.391713
0.274958
0.613871
0.575387
0.137268
0.0721692
0.394181
0.00469972
0.000896945
0.000106054
0.012767
0.299918
0.236002
0.426677
0.132878
0.12627
0.258059
0.01275
0.00648434
0.00134891
0.503621
0.417596
0.620293
0.40186
0.0024313
0.663766
0.36994
0.184107
0.373396
0.0240274
0.00123873
0.590173
0.323903
0.283316
0.574344
0.107175
0.467958
0.179166
0.00464174
1.84366e-05
9.48342e-05
0.222784
0.0427018
0.437037
0.582865
0.0707028
0.140733
3.69703e-05
0.532933
0.336747
0.395162
0.613311
0.222353
0.0924441
0.687202
0.398012
0.346344
0.00696662
0.106774
0.454944
0.45194
0.0869447
0.275666
0.00896357
0.346853
0.445084
0.496527
0.277594
0.690541
0.00829621
0.232193
0.605898
0.57209
0.025606
0.321362
0.00278195
0.312707
0.519897
0.903819
0.280816
0.0582687
0.0452549
0.0404799
0.0304882
0.158771
0.290688
0.0541174
0.217889
0.46333
0.22508
0.447209
0.368334
0.00024809
2.61462e-05
0.0100998
0.151466
0.476983
0.163517
0.0691018
0.0362959
0.453432
0.0193781
0.504593
0.0591182
0.570181
0.00155094
0.14164
0.397313
0.156491
0.472838
0.711879
0.126456
0.0344672
0.0983391
0.364597
0.479911
0.546794
0.227101
0.154838
0.0193981
0.0345058
0.472417
0.0266558
0.0335461
0.00981626
0.0334999
0.205015
0.188126
0.59517
0.0952416
0.397127
0.743419
0.350145
0.424574
0.0062484
0.39962
0.378699
0.323688
0.385504
0.383838
0.386279
0.274656
0.103509
0.315936
0.607715
0.710982
0.3138
0.25535
0.189775
0.552617
0.291651
0.233947
0.0292754
0.11623
0.18769
0.263773
0.0443894
0.00239755
0.60236
0.131135
0.0460407
0.303999
0.538983
0.651584
0.000537843
0.0856054
0.118291
0.585494
0.322389
0.344979
0.0810509
0.576343
0.732036
0.465838
0.00109566
0.157968
0.695096
0.152131
0.0855797
0.0110495
0.0406808
0.117811
0.478142
0.00332154
0.260708
0.135997
0.376154
0.682106
0.299685
0.7064
0.0237721
0.50725
0.0779579
0.265906
0.445451
0.189895
0.666042
0.439909
0.737212
0.0668138
1.17936e-05
0.624675
0.0805859
0.00711707
0.581266
0.16238
0.266618
0.0677393
0.271408
0.0912609
0.417634
0.00898976
0.20113
0.409385
0.872495
0.734271
0.631285
0.00421253
0.621375
0.753205
0.027954
0.231416
0.0141608
0.444043
0.50649
0.00432848
0.0835456
0.543556
0.0039706
0.113878
0.585607
0.516502
0.175296
0.707489
0.126491
0.467935
0.172937
0.331373
0.626561
0.628725
0.512596
0.194743
0.71068
0.174944
0.0902952
0.22902
0.64959
0.51681
0.453044
0.58224
0.252503
0.0654942
0.553229
0.502043
0.441974
0.178328
0.567469
0.420682
0.10454
0.0119411
0.0583188
0.559446
0.0020521
0.730519
0.440715
0.303531
0.00940932
0.259168
0.279978
0.247224
7.19468e-05
0.456773
0.0366552
0.719469
0.773527
0.10469
0.306958
0.433541
0.780208
0.00357197
0.306652
0.0413592
0.419979
0.478001
0.261504
0.425607
0.419576
0.385786
0.2507
0.409542
0.682835
0.311985
0.705164
0.163746
0.252637
0.251843
0.328699
0.157845
0.636047
0.228888
0.742271
0.000609927
0.15342
0.256513
0.00944855
0.126608
0.0938291
0.0070157
0.0419786
0.102002
0.607988
0.454293
0.49031
0.118442
0.434982
0.00784206
0.122308
0.295167
0.35238
0.309697
0.396161
0.175141
0.40952
0.597029
0.482979
0.00181551
0.0433116
0.251556
0.650593
0.24591
0.00422628
1.64195e-05
0.352647
0.105957
0.0570876
0.0738144
0.459992
0.478167
0.215187
0.00271839
0.181577
0.0274335
0.0152732
0.275421
0.23038
0.062539
0.493458
0.559444
0.19947
0.0423327
0.235821
0.336698
0.0130013
0.32064
0.0834473
0.737455
0.0250588
0.00426752
0.257502
0.136837
0.38298
0.516656
0.227092
0.0539691
0.376645
0.0875126
0.432251
0.446002
0.737082
0.0230343
0.405188
0.0927663
0.338944
0.310735
0.0668649
0.0151785
0.105334
0.336865
0.398766
0.333959
0.355772
0.00212696
0.0189837
0.0598389
0.449153
0.718651
0.498372
0.229047
0.181226
0.114104
0.844864
0.305059
0.343251
0.0331383
0.0704598
0.295737
0.0226006
0.598459
0.602095
0.0276035
0.718435
0.598856
0.0309742
0.391722
0.0750095
0.304106
0.435702
0.0442903
0.681574
0.0298192
0.042886
0.357397
0.311602
0.421564
0.491947
0.71586
0.431572
0.464032
0.9312
0.325617
0.0310314
0.726766
0.747976
0.00146848
0.107785
0.239169
0.746066
0.00572878
0.720971
0.0791503
0.0332157
0.0225573
0.275826
0.572604
0.0193201
0.368939
0.0744176
0.0114683
0.486524
0.0142563
0.189963
2.64599e-05
0.517872
0.183917
0.34413
0.0473734
0.0981886
0.00656269
0.439431
0.0281132
0.40143
0.457265
0.277104
0.0236221
0.624275
0.000313746
0.0580646
0.506077
0.00472078
0.871541
0.140924
0.507924
0.100912
0.13839
0.415552
0.139486
0.665527
0.186189
0.310704
0.752638
0.0427431
0.177278
0.0150709
0.197581
0.0165129
0.00718993
0.70915
0.119283
0.302306
0.413447
0.232777
0.221593
0.658357
0.543037
0.4489
0.039865
0.64405
0.191767
0.428382
0.499187
0.000835381
0.475867
0.0493118
0.599973
0.39984
0.0559094
0.482794
0.533631
0.474994
0.0052153
0.690681
0.697069
0.692256
0.769996
0.305162
0.184847
0.283815
0.307155
0.039128
0.00114151
0.309264
0.110009
0.168066
0.140007
0.0746675
0.548393
2.4671e-05
0.388888
0.00399879
0.0440992
0.218569
0.0372041
0.0745903
0.000935525
0.096676
0.00667895
0.35873
0.0471121
0.0566425
0.383374
0.510804
4.7659e-05
0.578602
0.690489
0.43186
0.0959793
0.0232837
0.0211094
0.638946
0.533657
0.209386
0.111143
0.123976
0.0078203
0.0958443
0.377883
0.37893
0.314979
0.678666
0.0375065
0.048537
0.353349
0.631001
0.100378
0.00347003
0.449017
0.184189
0.409837
3.82291e-06
0.147478
0.449468
0.00224783
0.661296
0.00242998
0.121403
0.527988
0.226073
0.468499
0.201414
0.183775
0.482542
0.247004
0.805637
0.0128938
0.487764
0.442621
0.787163
0.0595752
0.485588
0.193942
0.000269766
0.00605244
0.00514642
0.0419218
0.202496
0.873272
0.0367399
0.500212
0.123292
0.653437
0.0798833
0.223971
0.44519
0.139632
0.827435
0.0131223
0.190886
0.496936
0.0656864
0.595734
0.808866
0.467135
0.184735
0.586214
0.496974
0.0414257
0.650981
0.0415384
0.307607
0.324868
0.2629
0.559391
0.00417376
0.0217273
0.301693
0.506017
0.0093742
0.00363049
0.0667845
0.10124
0.00160622
0.0040826
0.0602185
0.116103
0.192419
0.29721
0.0119141
0.00978211
0.24427
0.0125487
0.205687
0.0134716
0.290605
0.694448
0.427438
0.611081
0.0137386
0.120278
0.479067
0.117983
0.691231
0.233183
0.539622
0.090627
0.497682
0.2814
0.0128269
0.327457
0.350473
0.362066
0.383047
0.535623
0.690236
0.731369
0.885216
0.312761
0.553575
0.265462
0.350751
0.151253
0.000669503
0.693339
0.00728044
0.374956
0.575041
0.299421
0.319657
0.0833527
0.00685254
0.276772
0.226456
0.474863
0.360265
0.489704
0.55248
0.16249
0.0741273
0.618039
0.0200783
0.608576
0.167234
0.559498
0.377296
0.0834049
0.513292
0.353115
0.346477
0.000901391
0.00588401
0.0101334
0.496522
0.523067
0.0230451
0.404952
0.163902
0.0394737
0.0517303
0.494808
0.253112
0.294986
0.0743882
0.00499705
0.487982
0.0266017
0.169859
0.412851
0.426881
0.0165439
0.701672
0.174799
0.131804
0.590977
0.528721
0.129545
0.685851
0.412918
0.0719331
0.291942
0.466633
0.00748442
0.636082
0.588057
0.187299
0.00507551
0.540978
0.260298
0.0215307
0.583571
0.330265
0.0297624
0.495812
0.347092
0.00976232
0.0140747
0.0818118
0.00590396
0.592209
0.719849
0.266532
0.125796
0.314547
0.0803921
0.47912
0.572583
0.208442
0.458586
0.00324483
0.0035963
0.240097
0.464648
0.162209
0.0789771
0.581182
0.306502
0.547153
0.665841
0.742514
0.288151
0.35403
0.0963828
0.294444
0.251459
0.421712
0.0489451
0.594915
0.349448
0.911339
0.748282
0.306839
0.552674
0.637637
0.107147
0.535395
0.0579864
0.531233
0.085106
0.000310756
0.474265
0.424638
0.43108
0.837798
0.309694
0.00300301
0.484514
0.562381
0.465522
0.686107
0.580314
0.639925
0.193816
0.413503
0.552445
0.0154468
0.00696185
0.319835
0.26052
0.344524
0.559311
0.818189
0.154672
0.00703866
0.0489429
0.748233
0.00849513
0.281397
0.0776921
0.362017
0.416881
0.00482734
0.722287
0.493128
0.0179348
0.805638
0.198112
0.427508
0.0324154
0.156736
0.364171
0.0660769
0.767336
0.382266
0.411923
0.512829
0.410838
0.443415
0.153691
0.490799
0.247859
0.00472989
0.175015
0.714654
0.481008
0.0283114
0.091067
0.468062
0.311134
0.173737
0.435634
0.439778
0.0968342
0.618919
0.0218577
0.0608798
0.021454
0.467352
0.592855
0.416556
0.0859482
0.639574
0.00660157
0.132764
0.508281
0.679167
0.776742
0.0353187
0.653816
0.572432
0.0234633
0.0412301
0.515128
0.401873
0.655072
0.782205
0.163013
0.401118
0.745304
0.770422
0.0587797
0.518955
0.0530712
0.0356475
0.264456
0.32664
0.105891
0.577211
0.569682
0.476132
0.0783578
0.259806
0.713523
0.586927
0.489731
0.166151
0.640739
0.141493
0.0235945
0.559142
0.715531
0.183064
0.195486
0.233368
9.70713e-05
0.235898
0.27208
0.00192533
0.491055
0.0414737
0.412309
0.190572
0.190806
0.725337
0.0720063
0.644988
0.105238
0.117715
0.465771
0.408803
0.577076
0.407509
0.636347
0.00350929
0.000344362
0.0359542
0.00417664
0.254081
0.63007
0.0594375
0.0863527
0.0329161
0.454031
0.304934
0.0135403
0.508848
0.00261708
0.0150553
0.0624884
0.578817
0.289718
0.0034159
0.243467
0.619338
0.00979017
0.288218
0.429717
0.75294
0.313157
0.602755
0.239947
0.00038684
0.393896
0.526444
0.453004
0.545335
0.0336176
0.341667
0.113085
0.302142
0.499041
0.783881
0.440173
0.00616695
0.554071
0.0226978
0.0313014
0.138454
0.594578
0.344079
0.432184
0.297244
0.437469
0.331949
0.10355
0.110923
0.0541644
0.0467068
0.718019
0.360298
0.0363101
0.294511
0.227015
0.204468
0.288104
0.362113
0.492823
0.198604
0.00447769
0.536423
0.47585
0.273031
0.684907
0.174828
0.713367
0.694653
0.190374
0.212692
0.0974007
0.435834
0.0607545
0.405005
0.000123719
0.3418
0.000165771
0.528372
0.0548576
0.399777
0.532831
0.260179
0.495808
0.662701
0.0192954
0.190306
0.103705
0.379672
0.32048
0.016244
0.539458
0.616833
0.443632
0.538911
0.141562
0.667044
0.646505
0.539643
0.270509
0.783725
0.0336699
0.000458342
0.296095
0.0265398
0.269645
0.547257
0.00822319
0.488333
0.0505084
0.255251
0.234776
0.463118
0.166327
0.338278
0.492631
0.160673
0.0884432
0.558335
0.47889
0.647998
0.309564
0.21639
0.051701
0.161901
0.296242
0.475518
0.384013
0.0427116
0.0196657
0.343357
0.61911
0.195399
0.426374
0.00749266
0.0716178
0.260256
0.00294843
0.356062
0.754194
0.100366
0.562775
0.306254
0.538161
0.00829806
0.30674
0.215521
0.446586
0.000669599
0.0394466
0.524936
0.25367
0.740732
0.658465
0.414497
0.0556852
0.218546
0.194374
0.728686
0.130756
0.0142887
0.313648
0.433706
0.0150654
0.409546
0.541199
0.0595688
0.0503289
0.0433607
0.130256
0.000424219
0.680414
0.00624221
0.281889
0.0297735
0.315392
0.178954
0.117303
0.161561
0.744383
0.0448332
0.00329258
0.649573
0.134546
0.231583
0.000668316
0.712537
0.293013
0.388996
0.70344
0.234398
0.126543
0.45117
0.00142337
0.394769
0.0275659
0.48806
0.546465
0.0614939
0.326558
0.70811
0.493168
0.53803
0.000610714
0.189286
0.0201773
0.0562907
0.282686
0.0727622
0.692456
0.26592
0.000193437
0.686932
0.595448
0.295439
0.598901
0.00269206
0.511969
0.370785
0.0653071
0.299387
0.464022
0.625987
0.443896
0.000152148
0.215636
0.000134049
0.311056
0.00856078
0.269068
0.13442
0.499897
0.0602753
0.694349
0.000474529
0.691338
0.549244
0.0535203
0.18898
0.288111
0.879665
0.522576
0.65361
0.106824
0.605044
0.120009
0.375288
0.677236
0.71451
0.164977
0.664367
0.569689
0.0572674
0.374841
0.0501879
0.263602
0.160502
0.102914
0.645613
0.0802597
0.231099
0.295207
0.542475
0.212508
0.186904
0.0127859
0.496007
0.0823151
0.513327
0.412573
0.55073
0.440755
0.819383
0.214999
0.451254
0.200733
0.104455
0.126901
0.0389655
0.451841
0.0302712
0.0877808
0.289593
0.131609
0.742853
0.305787
0.421825
0.746983
0.501128
0.161862
0.0515471
0.771241
0.156349
0.477917
0.437673
0.0518297
0.293921
0.00101801
0.442115
0.143694
0.0663092
0.911213
0.563276
0.494043
0.150239
0.458449
0.719596
0.263277
0.835102
0.72502
0.565589
0.444308
0.679791
0.129766
0.167031
0.0393546
0.337739
0.64821
0.35457
0.69651
0.000726878
0.305369
0.026343
0.0108125
0.0974567
0.410481
0.267163
0.788334
0.0355918
0.0728993
0.129529
0.348566
0.236112
0.482369
0.260432
0.339518
0.690211
0.00815699
0.040568
0.210866
0.153071
0.0155796
0.243822
0.00399957
0.369518
0.363464
0.182977
0.111615
0.434535
0.380701
0.482864
0.213639
0.00194051
0.0458156
0.657976
0.344525
0.0186487
0.163427
5.73636e-06
0.650488
0.0693978
0.767797
0.169709
0.784963
0.47137
0.706742
0.133959
0.682417
0.142331
0.174135
0.375674
0.344154
0.0117697
0.00913806
0.402247
0.331348
0.000119196
0.018619
0.000457204
0.38155
0.77214
0.303535
0.0155409
0.400494
0.783708
0.594036
0.643313
0.374008
0.724194
0.10043
0.322406
0.129407
0.353182
0.763754
0.462268
0.0533558
0.195435
0.384127
0.197156
0.531033
0.303609
0.195726
0.720233
0.558639
0.284223
0.396381
0.00911841
0.0646657
0.497076
0.287185
0.796531
0.323885
0.484081
0.795768
0.46996
0.460168
0.760255
0.152835
0.400973
0.0402887
0.39781
0.00700424
0.0167651
0.518189
0.475386
0.544212
0.0474378
0.294582
0.486551
0.0736711
0.393737
0.560177
0.593315
0.492226
0.571972
0.482621
0.480158
0.355184
0.258181
0.01559
0.396233
0.402623
0.00305884
0.0646294
0.255471
0.00420654
0.321698
0.233698
0.504466
0.29686
0.356737
0.000251679
0.24169
0.00704763
0.120842
0.0188403
0.196573
0.0510067
0.0901681
0.0365419
0.0429332
0.10122
0.305843
0.396264
0.30207
0.220701
0.0993307
0.14156
0.509861
0.221394
0.0695559
0.627112
0.0350367
0.443841
0.0506816
0.0678729
0.410187
0.000239284
0.473138
0.115813
0.0036363
0.427948
0.0115174
0.144256
0.76328
0.416058
0.668478
0.418963
0.388351
0.077945
0.716209
0.60166
0.468652
0.14403
0.187573
0.313678
0.667082
0.151367
0.250103
0.492853
0.0674727
0.00788562
0.205879
0.0402097
0.120526
0.262722
0.356882
0.0649577
0.341412
0.620626
0.413397
0.177177
0.0244799
0.162711
0.0295623
0.0622785
0.282258
0.617588
0.00535975
0.328183
0.195811
0.126496
0.0119764
0.542912
0.0156414
0.348824
0.226959
0.260448
0.172929
0.100571
0.678966
0.233479
0.0438967
0.207982
0.0488332
0.0666964
0.383842
0.23665
0.468632
0.0309545
0.457726
0.667974
0.00264024
0.295149
0.138343
0.267049
0.421943
0.42736
0.585758
0.0144635
0.317014
0.899383
0.106872
0.0330128
0.318158
0.125992
0.431224
0.00091527
0.166649
0.0597742
0.266743
0.0422763
0.369925
0.564959
0.122229
0.136555
0.265785
0.281185
0.700629
0.611659
0.455116
0.672263
0.0167958
0.52898
0.542366
0.753722
0.716536
0.100204
0.284075
0.60742
0.486736
0.247505
0.174265
0.168721
0.38419
0.850746
0.593794
0.654717
0.117807
0.912754
0.387
0.121021
0.546023
0.531359
0.573909
0.480576
0.258023
0.0287677
0.0391221
0.0146274
0.245801
0.465966
0.174835
0.76312
0.457147
0.00227751
0.162406
0.374547
0.711986
0.482843
0.288779
0.0899375
0.0551249
0.0529807
0.0258942
0.276645
0.610109
0.271665
0.107817
0.357515
0.0067186
0.257887
0.756817
0.747842
0.601352
0.651418
0.615542
0.399381
0.580528
0.000303577
0.414572
0.220484
0.20422
0.372099
0.036135
0.409186
0.0118711
0.361259
0.345343
0.0509735
0.639169
0.00193631
0.443475
0.565089
0.572218
0.136983
0.332439
0.139221
0.222681
0.138468
0.534187
0.0666596
0.00278866
0.0128562
0.586773
0.501862
0.388156
0.0720693
0.243148
0.341966
0.0590668
0.404763
0.58042
0.573727
0.591737
0.335179
0.653245
0.0511337
0.0132461
0.144983
0.261141
0.676896
0.000643984
0.476538
0.000614826
0.198166
0.476523
0.0142577
0.660814
0.0969058
0.537155
0.535448
0.183639
0.0765888
0.244121
0.177485
0.442591
0.498182
0.39138
0.0831599
0.271763
0.0114957
0.719541
0.37121
0.665181
0.393473
0.0400415
0.601885
0.298444
0.313761
0.66301
0.290144
0.0252118
0.202861
0.292777
0.00547978
0.352417
0.0491013
0.032147
0.638585
0.36406
0.515668
0.871121
0.591289
0.39184
0.560589
0.131094
0.873455
0.291308
0.211509
0.519342
0.290283
0.299521
0.777892
0.0405794
0.00684291
0.19776
0.381223
0.368458
0.315065
0.390879
0.247269
0.458549
0.67108
0.0491323
0.489341
0.389412
0.0116593
0.747481
0.743954
0.537396
0.647854
0.385583
0.000135067
0.232141
0.657699
0.295159
0.00108493
0.721872
0.113014
0.588751
0.173869
0.270916
0.592475
0.730051
0.497747
0.110743
0.238697
0.0389687
0.308747
0.164545
0.0921616
0.29006
0.478214
0.223488
0.742065
0.387177
0.107332
0.573391
0.373625
0.41442
0.418792
0.407138
0.0802341
0.179873
0.237924
0.704566
0.190858
0.0690386
0.649905
0.540863
0.175332
0.765155
0.12992
0.642488
0.32653
0.0129517
0.0414735
0.258281
0.283271
0.0261528
0.390031
0.176659
0.0609894
0.278799
0.532312
0.332133
0.665235
0.511729
0.0396281
0.0947341
0.0135335
0.000204624
1.45516e-05
0.57872
0.436092
0.000310997
0.313058
0.153989
0.352807
0.642292
0.160404
0.000390325
0.0422251
0.616267
0.442875
0.461378
0.460917
0.248005
0.78044
0.334406
0.371707
0.179678
0.0931012
0.261253
0.680124
0.269557
0.127172
0.350372
0.419118
0.450069
0.57234
0.0465143
0.226517
0.00111834
0.133428
0.0855717
0.569333
0.000108544
0.621835
0.000513243
0.137932
0.256028
0.325318
0.00806049
0.00940132
0.113055
0.572139
0.338753
0.324978
0.12669
0.0878412
0.548777
0.043779
0.0728549
0.525038
0.661309
0.0720428
0.000194261
0.00773347
0.0636143
0.291202
0.535937
0.108071
0.191912
0.475306
0.513053
0.624504
0.449026
0.0120298
0.616061
7.98496e-05
0.15976
0.0018345
0.251211
0.539175
0.250561
0.181606
0.640965
0.353734
0.0785779
0.71229
0.138494
0.325807
0.33626
0.291028
0.629857
0.217176
0.816575
0.726956
0.792205
0.0310137
0.78228
0.184927
0.111265
0.0949607
0.45252
0.281034
0.455192
0.530327
0.61186
0.0390074
0.339618
0.150139
0.00275138
0.31495
0.240706
0.36653
0.796259
0.0745419
0.387564
0.58634
0.520136
2.43126e-07
0.587062
0.442903
0.603568
0.623933
0.844277
0.792606
0.0502458
0.642908
0.199576
0.713912
0.129795
0.610572
0.00184163
0.00181992
0.482267
0.232626
0.0232281
0.607418
0.555802
0.306288
0.686731
0.15452
0.000753183
0.285692
0.0452811
0.120844
0.0526387
0.149121
0.3302
0.251471
0.539267
0.0898835
0.0999301
0.454716
0.570101
0.749979
0.475149
0.683699
0.0679835
0.109788
0.548366
0.372349
0.527871
0.516559
0.307422
0.000304143
0.106154
0.21811
0.00646477
0.348396
0.415511
0.0462801
0.0935597
0.382759
0.439218
0.339085
0.222633
0.219829
0.658346
0.403613
0.402203
0.126117
0.0244693
0.0803992
0.289528
0.383325
0.27713
0.508097
0.121249
0.297763
0.144051
0.451508
0.141284
0.00870362
0.756599
0.578099
0.00149015
0.447054
0.165437
0.336555
0.304062
0.550409
0.159436
0.0824786
0.0380143
0.558899
0.0111216
0.0679203
0.444215
0.196559
0.707838
0.274737
0.185986
0.176104
0.0177719
0.20171
0.0703069
0.476268
0.159113
0.0803936
0.664158
0.356116
0.359586
0.186661
0.505496
0.0717158
0.0636385
0.195474
0.264619
0.027041
0.454179
0.455896
0.296133
0.316723
0.244904
0.629715
0.33947
0.490006
0.41739
7.32012e-06
0.667197
0.248892
0.460259
0.0160601
0.0644241
0.109111
0.060109
0.404543
0.256486
0.453999
0.361026
0.28006
0.599576
0.109165
0.0777501
0.148335
0.0610376
0.212144
0.74429
0.731648
0.108137
0.0816616
0.505568
0.128554
0.00926626
0.698574
0.0785079
0.339676
0.0272079
0.0133052
0.178266
0.459359
0.0515761
0.258157
0.237716
0.826659
0.0436982
0.0444773
0.030561
0.0217009
0.707085
0.498331
0.345757
0.0289575
0.031548
0.0627914
0.832945
0.159221
0.281685
0.306738
0.314706
0.0111362
0.53842
0.0156072
0.229199
0.162113
0.646558
0.0708831
0.240028
0.564934
0.231689
0.438107
0.103113
0.00974515
0.648651
0.73105
0.0329999
0.0918291
0.0027172
0.543898
0.0464937
0.0135476
0.0296798
0.593872
0.616437
0.237305
0.0447172
0.155923
0.0216582
0.216971
0.471003
0.560783
0.0155315
0.0269811
0.362738
0.520406
0.331607
0.284988
0.135638
0.536295
0.277576
0.324034
0.13762
0.0922358
0.36746
0.272558
0.00263889
0.234013
0.395177
0.138338
0.505845
0.00385292
0.531794
0.294309
0.726224
0.257233
0.801017
0.563617
0.795547
0.195028
0.00278299
0.713797
0.372779
0.639929
0.0199487
0.112409
0.169276
0.356347
0.633023
0.00252937
0.247658
0.430473
0.760625
0.0256521
0.0217307
0.0692929
0.581433
0.00642323
0.011157
0.345114
0.000120463
0.00997195
0.559031
0.317122
0.042421
0.0124833
0.173794
0.00126711
0.0124638
0.289463
0.0684626
0.29195
0.370736
0.296907
0.178688
0.375341
0.000131671
0.111344
0.551118
0.699077
0.125145
0.288716
0.402819
0.547334
0.102776
0.28419
0.319043
0.15042
0.134668
0.07152
0.563435
0.314176
0.748579
0.653032
0.212807
0.0227445
0.445473
0.0414605
0.409277
0.00329235
0.213696
0.0359149
0.534154
0.228862
0.248909
0.0272282
0.0969068
0.450076
0.152023
0.0511972
0.363482
0.703315
0.0861175
0.375459
0.0179837
0.558155
0.723386
0.589557
0.23396
0.16682
0.00151316
0.187035
0.0275284
0.531558
0.267864
0.221534
0.0147066
0.363396
0.263193
0.050084
0.173794
0.513657
0.313385
0.156949
0.259637
0.625493
0.721372
0.218517
0.617045
0.0842084
0.552454
0.762088
0.0112451
0.158742
0.505214
0.0333287
0.515606
0.280339
0.162189
0.0279368
0.723138
0.286023
0.197273
0.284407
0.28346
0.369685
0.180583
0.962242
4.78297e-05
0.106843
0.406856
0.406153
0.132963
0.297133
0.654569
0.31839
0.248566
0.372341
0.366199
0.172913
0.451298
0.117203
0.0103598
0.673754
0.224387
0.0429969
0.132012
0.39631
0.338717
0.442575
0.213269
0.123731
0.43624
0.551469
0.00278321
0.634546
0.209395
0.793612
0.628425
0.27482
0.342854
0.0980354
0.611709
0.508727
0.423711
0.192889
0.194061
0.244538
0.0346306
0.521187
0.000750525
0.119954
0.0797196
0.434909
0.34551
0.000481095
0.0857199
0.444997
0.0125506
0.326001
0.480285
0.532019
0.640255
0.215272
0.125317
0.138197
0.236059
0.283837
0.438319
0.700069
0.887822
0.198763
0.0739605
0.571573
0.654586
0.61378
0.548052
0.418276
0.401587
0.223452
0.753016
0.122013
0.00661555
0.00118967
0.5242
0.000134762
0.208883
0.215385
0.32024
0.529867
0.502266
0.112181
0.0168379
0.397674
0.582496
0.516335
0.484962
0.0398496
0.588804
0.494344
0.0308561
0.108652
0.00921622
0.0866569
0.571138
0.144561
0.599465
0.00768644
0.516378
0.562428
0.018167
0.00132006
0.586234
0.283807
0.544715
0.0158154
0.457931
0.111931
0.000581398
0.0120647
0.172024
0.185892
0.000242964
0.184607
0.0172948
0.417735
0.0636642
0.358182
0.711013
0.279853
0.190338
0.612342
0.0847514
0.466467
0.790698
0.238465
0.0840803
0.671487
0.031347
0.322508
0.762656
0.319048
0.21609
0.00493428
0.038499
0.232692
0.659295
0.505925
0.00986941
0.563938
0.156972
0.183841
0.191429
0.0726499
0.0421041
0.0026615
0.773541
0.0268411
0.370607
0.00186475
0.0136763
0.142964
0.683264
0.0466087
0.323447
0.605287
0.372722
0.175714
0.349878
0.298973
0.623152
0.413978
0.112585
0.37516
0.339457
0.411963
0.0626231
0.318026
0.714334
0.728335
0.150115
0.863996
0.0233483
0.421643
0.496592
0.0255309
0.563075
0.341492
0.491411
0.281182
0.334497
0.0821363
0.0946981
0.555546
0.347959
0.163906
0.0475954
0.740334
0.192836
0.0970745
0.69821
3.33943e-05
0.0134046
0.357548
0.117277
0.382682
0.671324
0.14455
0.0109352
0.179851
0.618429
0.294564
0.0401462
0.388138
0.00133005
0.257624
0.435455
0.0100574
0.00306723
0.106555
0.0845708
0.513828
0.486031
0.195249
0.228865
0.00373546
0.592315
0.128543
0.000911637
0.389113
0.420292
0.0540696
0.71718
0.0973126
0.020148
0.477629
0.281273
0.395843
0.0958177
0.190442
0.170424
0.64976
0.00109581
0.000265642
0.574093
0.340988
0.388335
0.000713547
0.40538
0.289133
0.145913
0.283889
0.137302
0.545392
0.258775
0.66191
0.503808
0.267868
0.00204626
0.447966
0.167076
0.13571
0.634144
0.588689
0.466154
0.37325
0.379061
0.0208423
0.484214
0.402401
0.0388127
0.467851
0.678082
0.12222
0.824504
0.0935561
0.0871077
0.36591
0.402438
0.415967
0.00032343
0.575503
0.624912
0.508218
0.186078
0.348868
0.184408
0.187562
1.32685e-05
0.0280397
0.50961
0.0553697
0.884232
0.155292
0.132917
0.637935
0.576289
0.0170807
0.674682
0.786265
0.736243
0.0301328
0.133357
0.287761
0.737827
0.145898
0.000553627
0.0100386
0.295233
0.414473
0.0274495
0.332259
0.379957
0.0784092
0.205427
0.0851243
0.00078019
0.0327569
0.103405
0.656148
0.0459243
0.584324
0.101973
0.31464
0.296981
0.13209
0.425277
0.625218
0.0584031
0.362983
0.160673
0.0920372
0.0812195
0.526663
0.00176477
0.354064
0.346016
0.591469
4.10852e-05
0.647751
0.163337
0.0283759
0.814877
0.0106417
0.225466
0.851979
0.301872
0.00187328
0.477918
0.605648
0.363413
0.379007
0.800617
0.428461
0.142292
0.179401
0.570248
0.585205
0.00701737
0.402719
0.131284
0.529776
0.199482
0.298827
0.111457
0.672491
0.353117
0.130073
0.289726
0.849622
0.198765
0.546717
0.691466
0.139283
0.314838
0.262661
0.765267
0.282795
0.212715
0.267075
0.531321
0.490797
0.716547
0.0970068
0.00501362
0.141643
4.86551e-05
0.617114
0.117199
0.183001
0.600902
0.268288
0.489822
0.153258
0.278325
0.489375
0.490583
0.0788893
0.603154
0.807759
0.684078
0.699026
0.0573818
0.569771
0.427158
0.140997
0.126585
0.229706
0.520305
0.2924
0.280303
0.0154908
0.795057
0.210758
0.558382
0.339739
0.452138
0.757662
0.393158
0.243311
0.374912
0.127546
0.377334
0.0136823
0.0874906
0.20133
0.512609
0.524605
0.0990075
0.0222362
0.0188926
0.3423
0.0785282
0.622545
0.538428
0.142238
0.615016
0.110897
0.687738
0.0221016
0.037799
0.46468
0.470589
0.383412
0.406252
0.231051
0.400721
0.315636
0.333181
0.317972
0.145039
0.714091
0.481809
0.565378
0.52013
0.0116679
0.0201083
0.450699
0.819744
0.421065
0.48799
0.0526214
0.550213
0.369913
0.495188
0.546514
0.0660143
0.381987
0.111516
0.713041
0.731927
0.121486
0.00228307
0.332289
0.130986
0.0585885
0.606659
0.372105
0.120578
0.166068
0.00761428
0.101467
0.000918618
0.00367363
0.427934
0.5042
0.585732
0.0720029
0.655233
0.274
0.00853289
0.0139426
0.52181
0.220037
0.553629
0.0389468
0.00865939
0.532611
0.18427
0.126136
0.318811
0.000117781
0.257
0.242281
0.206876
0.645564
0.179164
0.179401
0.0132994
0.318356
0.219381
0.36248
0.053642
0.00822486
0.510692
0.387685
0.0991348
0.652012
0.0596692
0.409214
0.0318879
0.474217
0.171205
0.185489
0.399353
0.15881
0.465362
0.511365
0.0734984
0.171418
0.352538
0.0927492
0.535741
0.301577
0.180074
0.410107
0.655769
0.619949
0.295467
0.248432
0.742794
0.420138
0.26722
0.0206037
0.669124
0.0203005
0.758153
0.247417
0.293224
0.0798612
0.517308
0.313279
0.00141766
0.00180992
0.288454
0.179382
0.298055
0.23993
0.198965
0.45393
0.200088
0.393148
0.48282
0.0806765
0.171717
0.340553
0.373448
0.464979
0.365179
0.0146379
0.0338208
0.0958523
0.0396241
0.518612
0.564529
0.0308958
0.229635
0.0519926
0.30473
0.00148167
0.772652
0.299258
0.449547
0.47226
0.161928
0.391209
0.0747063
0.421852
0.256957
0.109511
0.484471
0.310594
0.0133506
0.305624
0.0444697
0.414069
0.181495
0.272765
0.00311409
0.362198
0.779299
0.165871
0.171582
0.0243313
0.517391
0.64179
0.0257883
0.610138
0.347593
0.475493
0.0121815
0.3807
0.0180834
0.204874
0.00617274
0.0364501
0.402325
0.607689
0.142569
0.651046
0.48078
0.222021
0.215884
0.0431331
0.541112
0.348001
0.691685
0.851494
0.266793
0.164654
0.0730129
0.48085
0.63626
0.819652
0.484686
0.158984
0.0129818
0.465357
0.132764
0.014374
0.460609
0.0112473
0.346112
0.578398
0.015332
0.594625
0.09385
0.594273
0.340864
0.424112
0.526131
0.00608537
0.719519
0.41228
0.373524
0.712056
0.00177541
0.171963
0.00409802
0.511633
0.316327
0.712689
0.416526
0.278264
0.0414499
0.0640422
0.000353627
0.0153518
0.548623
0.218944
0.824306
0.5071
0.0520946
0.536476
0.321024
0.532185
0.740352
0.394581
0.102738
0.363026
0.153003
0.618808
0.362079
0.44951
0.411452
0.049215
0.328421
0.336215
0.247115
0.277598
0.00364343
0.363705
0.210422
0.0921417
0.0505817
0.65337
0.00859413
0.50553
0.503737
0.0555527
0.268593
0.594004
0.610121
0.514533
0.0665125
0.0615524
0.0731384
0.345324
0.00324638
0.0319302
0.300977
0.167944
0.623438
0.543741
0.300358
0.00601396
0.000515111
0.352618
0.519338
0.257582
0.794965
0.0184367
0.24517
0.182884
0.750833
0.0149963
0.0208899
0.652757
0.713078
0.434493
0.2815
0.309258
0.00660871
0.237647
0.261149
0.518756
0.161949
0.298907
0.572601
0.154652
0.186189
0.643359
0.829983
0.0184958
0.275666
0.504066
0.290448
0.0478416
0.825299
0.053959
0.345791
0.250554
0.097739
0.36489
0.187198
0.326609
0.0269237
0.55851
0.578959
0.507779
0.0586216
0.273387
0.532835
0.31204
0.147117
0.617075
0.0682998
0.596661
0.517801
0.0882779
0.083759
0.431065
0.220238
0.0171987
0.656926
0.0757875
0.0584079
0.0991688
0.50636
0.230607
0.266208
0.194791
4.58511e-05
0.569632
0.31963
0.434103
0.0338762
0.623852
0.181376
0.148016
0.171114
0.00745973
0.352669
0.0311291
0.513567
0.308034
0.0349539
0.40335
0.415218
0.305975
0.522304
0.159607
0.125997
0.0547749
0.658911
0.105325
0.83992
0.0139103
0.388204
0.00907799
0.327477
0.214972
0.189094
0.413487
0.56862
0.0470366
0.0473149
0.310867
0.51178
0.0746104
0.276479
0.420533
0.016808
0.548943
0.0229645
0.243802
0.112909
0.0582071
0.347644
0.403379
0.388953
0.112023
0.592258
0.294994
0.297026
0.1547
0.598965
0.252502
0.00463977
0.218092
0.0325372
0.172529
0.352463
0.593613
0.54342
0.228558
0.121775
0.0755049
0.0609686
0.0252667
0.251823
0.557016
0.111224
0.178005
0.00780428
0.0595025
0.585064
0.462204
0.2221
0.000772907
0.375183
0.17582
0.158827
0.000461826
0.358165
0.0368555
0.615442
0.379594
0.483982
0.270118
0.582814
0.00923255
0.125169
0.137177
0.171934
0.558518
0.00245629
0.343575
0.505791
0.217741
0.168293
0.0994758
0.159507
0.287838
0.465008
0.103012
0.187651
0.0999795
0.0857045
0.511071
0.346829
0.508905
0.0916704
0.536226
0.000349011
0.709781
0.0367427
0.35544
0.179784
0.0883677
0.563296
0.00500433
0.241594
0.29922
0.37295
0.0362476
0.691998
0.650362
0.581434
0.00381789
0.655292
0.710301
0.527307
0.194364
0.705202
0.175459
0.659104
0.742954
0.147284
0.568838
0.419815
0.305984
0.576719
0.384083
0.29507
0.0945203
0.0418498
0.0701602
0.0142504
0.795532
0.149844
0.336607
0.00320131
0.0160855
0.00645231
0.236688
0.244927
0.35569
0.280337
0.808541
0.197882
0.261595
0.644366
0.611613
0.106082
0.370867
0.69468
0.332979
0.0427774
0.706227
0.000587433
0.0647534
0.0225328
0.46941
0.0962991
0.195978
0.199074
0.301531
0.316399
0.0178989
0.18075
0.671873
0.302126
0.419218
0.351325
0.221007
0.00672358
0.106417
0.120735
0.345005
0.369567
0.522206
0.372432
0.0384395
0.0206697
0.247193
0.0296949
0.0698808
0.229803
0.0279457
0.0563797
0.234858
0.335864
0.0101641
0.00119615
0.3219
0.0615286
0.0108853
0.0808583
0.514872
0.191906
0.84193
0.0530887
0.074046
0.138194
0.076981
0.421268
0.664032
0.383316
0.101305
0.214706
0.283833
0.17353
0.346867
0.665415
0.12295
0.0957282
0.176393
0.254426
0.438168
0.03462
0.084735
0.253612
0.162996
0.0308879
0.614081
4.14068e-05
0.436856
0.616344
0.699502
0.685468
0.0102695
0.323082
0.32817
0.80182
0.005182
0.293401
0.46515
0.240384
0.470122
0.517345
0.332813
0.00843071
0.0599006
0.301567
0.00508895
0.656656
0.678247
0.249581
0.758245
0.129085
0.165225
0.39909
0.271764
0.142311
0.626654
0.0307226
0.0138124
0.432462
0.0951789
0.175865
0.609654
0.376057
0.417306
0.697304
0.000837708
0.491741
0.52358
0.0826151
0.286889
0.00819893
0.766782
0.171688
0.26381
0.0926729
0.174222
0.294871
0.346716
0.117224
0.553192
0.0114942
0.619924
0.0934849
0.18982
0.311278
0.00850434
0.000113691
0.0145353
0.590748
0.0768223
0.355388
0.325764
0.291123
0.0721736
0.0157282
0.00631336
0.691413
0.539236
0.399435
0.198214
0.331143
0.4677
0.619466
0.226221
0.103015
0.167449
0.332773
0.330493
0.530821
0.074431
0.634997
0.335958
0.534258
0.313428
0.0333827
0.705294
0.644159
0.0341839
0.591625
0.672722
0.558464
0.761589
0.0585622
0.269154
0.0272788
0.405099
0.155168
0.600804
0.00367981
0.0999604
0.55399
0.00689797
0.414083
0.0925017
0.0947906
0.522078
0.111307
0.0348096
0.477728
0.347036
0.51331
0.00152275
0.600949
0.542342
0.0632012
0.184999
0.488392
0.361343
0.154485
0.154888
0.243776
0.63453
0.413147
0.294782
0.472914
0.54059
0.0104602
0.0260216
0.493256
0.0274102
0.00413863
0.268318
0.389253
0.0379317
0.507988
0.088073
0.0244854
0.215357
0.107175
0.106996
0.340928
0.267008
0.408441
0.0728196
0.447085
0.38322
0.425871
0.19604
0.497745
0.0624281
0.287153
0.314443
0.111716
0.73162
0.519272
0.71039
0.477775
0.369295
0.0332467
0.157865
0.486387
0.0696742
0.0771934
0.0231721
0.272354
0.00927617
0.570934
0.823644
0.355769
0.0549394
0.195281
0.135628
0.0622987
0.422403
0.20973
0.0522075
0.0158405
0.477862
0.000672674
0.463892
0.0528262
0.000131074
0.557009
0.00631471
0.0010759
0.495525
0.183676
0.163752
0.318961
0.658868
0.265108
0.562268
0.22135
0.775539
0.0149733
0.00774765
0.301493
0.789305
0.100384
0.747413
0.436616
0.00552542
0.566949
0.633628
0.0080306
0.010689
0.383061
0.0747786
0.268318
0.331936
0.040454
3.96727e-05
0.054707
0.0304226
0.397212
0.636552
0.241124
0.0219844
0.0203952
0.0406703
0.581512
0.707508
0.255644
0.182688
0.488413
0.587968
0.0564184
0.659371
0.0155942
0.258079
0.478036
0.227138
0.494422
0.693323
0.109836
0.115827
0.419602
0.446074
0.0726751
0.000141989
0.263389
0.161428
0.0224708
0.142304
0.248396
0.48048
0.325052
0.181052
0.0177659
0.322796
0.283409
0.392307
0.184021
0.251142
0.000600708
0.148514
0.0971213
0.133065
0.589514
0.64434
0.775488
0.569464
0.000340809
0.38282
0.592153
0.347624
0.247384
0.251149
0.0985513
0.0292839
0.150091
0.54466
0.0108062
0.469149
0.783727
0.450608
0.0183841
0.481624
0.578384
0.167978
0.0914917
0.331731
0.855863
0.316805
0.201162
0.225891
0.271732
0.681537
0.000179527
0.183496
0.0549547
0.133189
0.135728
0.66872
0.105528
0.136989
0.474885
0.251995
0.448638
0.00644893
0.474364
0.264083
0.318335
0.450834
0.0819855
0.150713
0.000906133
0.489507
0.0685415
0.171384
0.540825
0.236058
0.0126309
0.214485
0.311948
0.0118413
0.0324047
0.0123056
0.0148079
0.408409
0.00664796
0.512734
0.714749
0.795226
0.217748
0.0819343
0.439784
0.103912
0.388887
0.00237537
0.00242315
0.00323887
0.320159
0.805694
0.104193
0.132575
0.501651
0.641748
0.275029
0.238741
0.072057
0.709353
0.363909
0.0371532
0.00359215
0.0103289
0.11943
0.496288
0.332336
0.164374
0.282282
0.110443
0.112325
0.402059
0.2706
0.610961
9.26643e-06
0.472243
0.276814
0.216999
0.0886112
0.295949
0.107389
0.225492
0.520668
0.40377
0.000228459
0.753559
0.117375
0.0154154
0.327808
0.0251954
0.348321
0.556647
0.0251903
0.551781
0.626089
0.518945
0.00167023
0.376271
0.0514778
0.0255675
0.0522606
0.307156
0.0717978
0.66654
0.386074
0.261626
0.580271
0.57712
0.259992
0.0591196
0.17625
0.328328
0.377011
0.396068
0.527533
0.420696
0.283306
0.730288
0.391438
0.735393
0.234248
0.384563
0.29091
0.103122
0.261388
0.447892
0.211027
0.0100289
0.306249
0.84718
0.622373
0.602727
0.00208788
0.548723
0.00748785
0.000497439
0.44039
0.508875
0.336775
0.48241
0.319192
0.0130533
0.354354
0.337223
0.0159253
0.245509
0.000390918
0.0254083
0.382408
0.00379555
0.868043
0.160492
0.486621
0.45346
0.464989
0.40658
0.747983
0.700237
0.106792
0.480543
0.704027
0.352841
0.0123914
0.00745667
0.274367
0.867494
0.287829
0.365173
0.690698
0.213907
0.438903
6.76915e-05
0.37324
0.0272923
0.344681
0.386544
0.828918
0.436165
0.252308
0.0802026
0.321361
0.463877
0.520564
0.360724
0.0157862
0.00699928
0.24445
0.417228
0.0501396
0.02612
0.0162357
0.747557
0.0835535
0.198142
0.0855933
0.0109382
0.658555
0.445974
0.267392
0.000140367
0.167031
0.525448
0.37728
0.0252835
0.829404
0.25524
0.133564
0.383051
0.0679221
0.4069
0.235414
0.289106
0.298569
0.310641
0.0426676
0.0405127
0.00126822
0.17401
0.41895
0.000514594
0.505884
0.0157552
0.362331
0.263051
0.106539
0.403365
0.00377318
0.221142
0.378417
0.326765
0.0058663
0.427588
0.442737
0.288014
0.226837
0.000979654
0.267615
0.0213767
0.0132058
0.745633
0.0126888
0.220042
0.371161
0.164473
0.400155
0.621139
0.296526
0.000802799
0.663325
0.626105
0.0778826
0.000536641
0.39489
0.0615285
0.0139006
0.493371
0.412326
0.103535
0.00530815
0.0258579
0.488203
0.0432909
0.0779203
0.534838
0.546032
0.0380434
0.445837
0.441851
0.02472
0.520032
0.217347
0.288119
0.214776
0.539409
0.000760058
0.504869
0.507208
0.827029
0.507672
0.217694
0.470082
0.368604
0.0815099
0.0348717
0.819602
0.548828
0.0124174
0.324697
0.411409
0.268198
0.628311
0.547602
8.76765e-05
0.227397
0.00786682
0.000250275
0.0584291
0.00855762
0.612271
0.0984887
0.626405
0.732153
0.32254
0.268348
0.00251158
0.290968
0.23403
0.307461
0.463041
0.511138
0.748433
0.211044
0.152201
0.56182
0.176134
0.337211
0.253456
0.279328
0.374685
0.393641
0.591533
0.20394
0.259041
0.0229352
0.675671
0.305484
0.505159
0.0691707
0.166729
0.11122
0.0416593
0.0397214
0.237539
0.77053
0.359827
0.0106786
0.157713
0.0307613
0.587657
0.368875
0.658645
0.506043
0.130658
0.4365
0.453527
0.308193
0.780583
0.111658
0.0534742
0.0294507
0.000159814
0.674385
0.784071
0.0333069
0.471465
0.000327129
0.000132272
0.0105277
0.458528
0.294099
0.278522
0.052382
0.158165
0.0231494
0.777617
0.0646018
0.248938
0.293252
0.376511
0.510595
0.582521
0.6713
0.446818
0.347059
0.311774
0.757803
0.252216
0.0183517
0.196434
0.220882
0.289576
0.0309967
0.155013
0.0417233
0.262974
0.214568
0.0952329
0.60055
0.558826
0.455478
0.206671
0.48335
0.161529
0.000353982
0.544834
0.290977
0.135881
0.753983
0.536173
0.0704439
0.596286
0.0271536
0.108429
0.129317
0.0349324
0.0264819
0.203992
0.289967
0.00061604
0.308028
0.555667
0.0114428
0.00447728
3.13454e-05
0.0769621
0.155379
0.666369
0.622316
0.803508
0.00397322
0.244001
0.137983
0.205748
0.197034
0.895561
0.169851
0.0722607
0.53591
0.0942714
0.33992
0.141514
0.426112
0.401473
0.000629685
0.861499
0.0596799
0.0317814
0.0128569
0.126633
0.670604
0.554025
0.0183828
0.599883
0.164529
0.405444
0.0152691
0.0248648
0.123452
0.154078
0.0801271
0.437556
0.0673453
0.634102
0.129207
0.025696
0.425406
0.708353
0.255696
0.0173645
0.545038
0.647427
0.303511
0.0105189
0.0329757
0.448952
0.536425
0.723462
0.252772
0.187461
0.00514982
0.827967
0.303321
0.691704
0.718874
0.266866
0.634775
0.233036
0.451488
0.137522
0.311442
0.00406341
0.299394
0.206434
0.540362
0.741712
0.0473422
0.0735459
0.407519
0.397492
0.664073
0.641779
0.156713
0.00401784
0.284076
0.314229
3.3281e-05
0.666787
0.0772843
0.661006
0.52996
0.0684658
0.210996
0.694146
0.432153
0.460283
0.0140576
0.56402
0.585325
0.0904956
0.0201527
0.776471
0.288988
0.8712
0.362
0.699772
0.537802
0.0991611
0.315185
0.172497
0.339301
0.41899
0.456786
0.314646
0.615249
0.33903
0.460296
0.225066
0.290379
0.0452619
0.500875
0.687433
0.548683
0.305856
0.59573
0.390617
0.21037
0.44935
0.0430444
0.495176
0.319906
0.308661
0.090288
0.347263
0.856198
0.397824
0.0486465
0.440924
0.450452
0.24802
0.518334
0.491987
0.0158429
0.206516
0.191591
0.00220895
0.574672
0.00254245
0.0549086
0.0444009
0.443096
0.489034
0.420676
0.456511
0.413559
0.00197455
0.251958
0.0223114
0.467277
0.362646
0.400726
0.810166
0.0037907
0.0344514
0.0502393
0.375395
0.00840749
0.592183
0.00176338
0.423563
0.588006
0.213491
0.743097
0.330952
0.131618
0.462075
0.13288
0.0609518
0.452767
0.0281639
0.0135916
0.118317
0.22419
0.83257
0.00658925
0.348238
0.319841
0.607504
0.459867
0.252004
0.694007
0.206677
0.173732
0.224703
0.497187
0.198116
0.00441204
0.180393
0.22919
0.50137
0.0145711
0.503132
0.353772
0.0866919
0.00323269
0.630402
0.0116674
0.1354
0.65927
0.534959
0.625706
0.356895
0.268111
0.407258
0.345857
0.082439
0.140687
0.708232
0.214684
0.820025
0.299679
0.344349
0.730118
0.393307
0.887328
0.306837
0.225576
0.0843601
0.0264711
0.0717346
0.000540388
0.200749
0.482253
0.250695
0.0781564
0.376149
0.0613867
0.424485
0.559366
0.670305
0.694659
0.111381
0.5199
0.717476
0.00798431
0.427634
0.755939
0.194822
0.132815
0.0630113
0.361854
0.398407
0.734513
0.668822
0.00683107
0.571735
0.013077
0.212148
0.736808
0.293304
0.374963
0.180316
0.16048
0.0885757
0.492856
0.827025
0.00206075
0.313254
0.487129
0.578486
0.359742
0.0192717
0.035466
0.215145
0.174404
0.432182
0.471707
0.321864
0.133091
0.103851
0.421506
0.350716
0.239643
0.753169
0.0287138
0.0422274
0.327595
0.124717
0.700855
0.527729
0.382626
0.000341982
0.276354
0.0356801
0.418072
0.387259
0.0648545
0.0214394
0.18475
0.0101998
0.0378838
0.143865
0.129219
0.607225
0.0031672
0.815217
0.0644584
0.819104
0.0354682
0.349737
0.392738
2.13659e-06
0.0537631
0.349365
0.540902
0.0693512
0.0243612
0.152376
0.36952
0.107302
0.153579
0.341112
0.294825
0.127633
0.292411
0.160241
0.0166245
0.36599
0.546248
0.249334
0.242227
0.409487
0.0258736
0.254687
0.366572
0.386864
0.154804
0.762966
0.00437612
0.0280687
0.397403
0.331896
0.789459
0.0575867
0.288351
0.26746
0.365724
0.355604
0.000729148
0.281266
0.185122
0.588885
0.549286
0.255161
0.129517
0.463526
0.166683
0.0452999
0.153709
0.186844
0.117564
0.0287871
0.406741
0.450826
0.292391
0.476761
0.559522
0.621384
0.00148398
0.501919
0.190586
0.271361
0.111825
0.0559413
0.0569271
0.523679
0.000552904
0.0746361
0.266345
0.0772681
0.455249
0.0233467
0.0896901
0.104787
0.361064
0.564276
0.307913
0.343125
0.339076
0.494129
0.420545
0.463312
0.0133943
0.845152
0.478255
0.670034
0.0564661
0.106529
0.0495152
0.223184
0.0660928
0.160159
0.5495
0.129578
0.384027
0.449761
0.140828
0.541694
0.250896
0.644966
0.0264174
0.297294
0.00102185
0.661711
0.128441
0.74014
0.102446
0.28363
0.594313
0.243168
0.554411
0.48087
0.231323
0.309198
0.134597
0.360521
0.576011
0.239658
0.285572
0.00136753
0.209249
0.297422
0.00745444
0.736456
0.355245
0.556873
0.00439799
0.00348111
0.0013199
0.4284
0.503236
0.341449
0.354436
0.469528
0.141781
0.334488
0.596862
0.640495
0.702595
0.332986
0.531248
0.0937295
0.00024374
0.0979379
0.147627
0.346749
0.259999
0.906761
0.446589
0.708422
0.475521
0.445247
0.109629
0.176967
0.381168
0.461349
0.183189
0.0192645
0.314279
0.610333
0.744118
0.177236
0.00647827
0.584828
0.0776515
0.261073
0.400148
0.254002
0.381071
0.209097
0.776769
0.442021
0.262622
0.127161
0.0881892
0.0704572
0.25417
0.31286
0.477173
0.555639
0.000344732
0.0985124
0.412409
0.192738
0.186818
0.092903
0.28541
0.593798
0.00607072
0.207972
0.443537
0.00483066
0.780881
0.322037
0.258897
0.755324
0.106944
0.0956572
0.539047
0.0116187
0.696949
0.58131
0.318284
0.0411853
0.0100365
0.464055
0.145697
0.594047
0.622212
0.352277
0.171931
0.287844
0.224583
0.233091
0.725646
0.14186
0.25714
0.522666
0.279877
0.329534
0.335435
0.82201
0.448912
0.000668714
0.273767
0.164361
0.0933
0.411015
0.785242
0.707509
0.713947
0.482062
0.24475
0.0124869
0.172846
0.671834
0.576598
0.480244
0.223834
0.0575169
0.576237
0.2814
0.299966
0.000108772
0.0394119
0.215971
0.49226
0.151105
0.0200428
0.65499
0.395997
0.000378358
0.0855724
0.553316
0.601985
0.155145
0.115007
0.745123
0.466505
0.491611
0.44196
0.0533881
0.532558
0.117666
0.435082
0.261679
0.36129
0.345189
0.00888646
0.198666
0.542522
0.291996
0.0395997
0.221538
0.0376077
0.630985
0.453149
0.0659586
0.03778
0.0976285
0.652488
0.148263
0.662114
0.638311
0.276597
0.491011
0.0929341
0.308118
0.0529727
0.182568
0.756173
0.0979626
0.0133833
0.062761
0.523892
0.556558
0.488998
0.553005
0.00533466
0.233763
0.19397
0.315691
0.383095
0.495087
0.408015
0.345956
0.0686253
0.885597
0.00231837
0.0534703
0.194212
0.540442
0.71224
0.291674
0.269802
0.379296
0.00315584
0.0690802
0.00282879
0.739728
0.360241
0.0449191
0.266882
0.421466
0.00238512
0.165493
0.521392
0.193297
0.474717
0.257714
0.0437196
0.0856909
0.16986
0.423071
0.776946
0.0111867
0.410772
0.646163
0.167342
0.362229
0.647131
0.606513
0.591329
0.228142
0.324402
0.38328
0.0437681
0.635314
0.683906
0.509785
0.594994
0.293417
0.243567
0.589551
0.250396
0.329801
0.25873
0.830911
0.147056
0.000273238
0.544411
0.676195
0.214014
0.107073
0.00694385
0.396461
0.125753
0.0194344
0.00269972
0.0770264
0.012774
0.276178
0.325118
0.493439
0.137707
0.332645
0.440927
0.633032
0.315684
0.26831
0.144596
0.133129
0.270582
0.170349
0.225244
0.603558
0.0872191
0.36939
0.0136651
0.00932678
0.0972542
0.585899
0.00715957
0.100588
0.173928
0.393793
0.359405
0.396788
0.427858
0.180629
0.537891
0.0723749
0.543768
0.000833746
0.3729
0.00267062
0.300494
0.871039
0.0379019
0.556712
0.00287171
0.107202
0.644429
0.352272
0.0839809
0.753605
0.701984
0.41006
0.814351
0.820686
0.450111
0.105664
0.503288
0.652398
0.000508009
0.682491
0.337742
0.497788
0.0441511
0.620819
0.000131845
0.277934
0.336535
0.425794
0.0297946
0.658802
0.745698
0.208114
0.0027028
0.464126
0.0322541
0.684041
0.141189
0.374211
0.375842
0.117423
0.333848
0.217318
0.00319059
0.0416783
0.136231
0.565616
0.0490636
0.0780162
5.09807e-06
0.0581323
0.0927717
0.244051
0.281821
0.350053
0.0907806
0.227845
0.408116
0.347422
0.293485
0.0312762
0.0806847
0.00543645
0.141049
8.62587e-05
0.123504
0.235086
0.564268
0.000379026
0.44959
0.272821
0.637829
0.0599215
0.530503
1.17913e-05
0.0392064
0.685478
0.220199
0.0264073
0.242404
0.605636
0.46223
0.132334
0.357314
0.583844
0.134276
0.489871
0.391896
0.387972
0.113063
0.0077254
0.0450228
0.740242
0.306636
0.0231302
0.0937899
0.00222017
0.0466135
0.281911
0.456024
0.43466
0.254679
0.288714
0.502784
0.377889
0.198527
0.342819
0.564503
0.670161
0.202736
0.533629
0.0227606
0.344313
0.290232
0.233098
0.60645
0.00234513
0.58467
0.0803378
0.117338
0.0899814
0.382298
0.509403
0.471672
0.24118
0.0693241
0.250869
0.549913
0.0522937
0.247477
0.0919091
0.379498
0.638072
0.0711716
0.219874
0.365343
0.313219
0.0075071
0.340506
0.607427
0.379433
0.381554
0.219533
0.172969
0.490374
0.577633
0.431099
0.537494
0.107284
0.0587107
0.125092
0.260197
0.183566
0.220089
0.491464
0.0191974
0.408247
0.177491
0.0143275
0.331319
0.00542358
0.515104
0.609475
0.00112321
0.251352
0.014274
0.305776
0.567072
0.175638
0.578451
0.610132
0.677954
0.410265
0.343773
0.0118015
0.045266
0.362384
0.62794
0.14571
0.244489
0.312912
0.603429
0.0166149
0.0166653
0.031665
0.000145196
0.000987773
0.305363
0.531822
0.0196705
0.69083
0.288357
0.445337
0.318267
0.556677
0.00687603
0.806226
0.214012
0.000639889
0.00940755
0.666993
0.506443
0.420635
0.0572455
0.187884
0.434754
0.561232
0.748112
0.181435
0.110619
0.11733
0.769038
0.0195612
0.413133
0.442212
0.00605748
0.0472728
0.776376
0.145526
0.027864
0.13874
0.420667
0.331617
0.419511
0.0551111
0.174483
0.314529
0.670894
0.270258
0.300166
0.157247
0.0584142
0.565951
0.430972
0.408471
0.380277
0.123251
0.0427302
0.352233
0.733798
0.268775
0.00264706
0.0876989
0.335788
0.332474
0.0354019
0.0628554
0.428578
0.447491
0.324304
0.755918
0.395496
0.0505146
1.52217e-05
0.312344
0.0312965
0.000533135
0.0930064
0.507002
0.0253458
0.159257
0.331853
0.476158
0.843247
0.25438
0.231395
0.567492
0.199919
0.189293
0.0580126
0.15459
0.0021942
0.163815
0.136962
0.32642
0.407433
0.00902258
0.0372268
0.387626
0.378921
0.283304
0.0706788
0.349885
0.00128197
0.0265266
0.065943
0.154093
0.268436
0.385723
0.437154
0.649248
0.249605
0.373294
0.516959
0.266775
0.623679
0.0407802
0.209497
0.381361
0.746763
0.276354
0.049279
0.24097
0.220225
0.453922
0.77279
0.0339845
0.284632
0.281974
0.217053
0.311267
0.760553
0.664945
0.00560913
0.00183935
0.501087
0.245932
0.0843791
0.0922005
0.0327106
0.161118
0.243926
0.603953
0.29639
0.408636
0.411765
0.315772
0.645311
0.614453
0.294595
0.00128761
0.0914636
0.484362
0.180467
0.291241
0.253887
0.504734
0.0985378
0.266086
0.0156962
0.0771795
0.654181
0.364113
0.410948
0.250609
0.123527
0.00909542
0.364624
0.13453
0.204889
0.366517
0.137416
0.392105
0.0273308
0.577725
0.642584
0.487172
0.294991
0.00710254
0.00989243
0.0286218
0.326753
0.294237
0.210525
0.17583
0.431358
0.371251
0.0848771
0.658115
0.147152
0.0856303
0.295704
0.116332
0.323834
0.649676
0.701462
0.206388
0.0863602
0.133446
0.368985
0.00187336
0.19457
0.209028
0.187436
0.380526
0.255449
0.375683
0.0966303
0.190101
0.370468
0.671136
0.417827
0.11624
0.13791
0.289829
0.24186
0.239864
0.0184075
0.599257
0.161426
0.0556522
0.0952
0.0905962
0.0752523
0.359715
0.149201
0.263966
0.0631632
0.313627
0.0882502
0.104715
0.849985
0.46598
0.0487109
0.00328
0.359051
0.228779
0.560731
0.0907894
0.0590748
0.389992
0.496091
0.714954
0.0294684
0.523173
0.0512623
0.0929262
0.347076
0.172157
0.501188
0.224168
0.251143
0.47044
0.572662
0.212498
0.339899
0.702105
0.245064
0.0618139
0.0347132
0.663461
0.243971
0.102822
0.738922
0.770027
0.450567
0.0165905
3.10125e-05
0.18974
0.679577
0.731203
0.322058
0.417763
0.0116557
0.299788
0.72857
0.49047
0.224745
0.473598
0.741733
0.0202561
0.0351249
0.00253159
0.150296
0.0163581
0.336219
0.310599
0.117542
0.343089
0.0109895
0.51421
0.724369
0.311408
0.061538
0.113261
0.423891
0.416302
0.60592
0.437608
0.0164765
0.450375
0.104276
0.106196
0.468385
0.142819
0.209683
0.0014788
0.00305448
0.0049486
0.732098
0.150344
0.546808
0.440014
0.0462897
0.0670254
0.0923805
0.0865933
0.65804
0.467009
0.357502
0.320044
0.000869047
0.498805
0.650593
0.529251
0.440765
0.00885121
0.204449
0.321459
0.675761
0.689238
0.582029
0.132454
0.107123
0.606438
0.739651
0.339946
0.0857919
0.00656857
0.486126
0.127849
0.459023
0.610489
0.0677816
0.687919
0.190223
0.538123
0.286507
0.129703
0.220487
0.0823747
0.00173494
0.00625394
0.680704
0.210903
0.622727
0.391317
0.385528
0.594253
0.418095
0.136323
0.28111
0.328455
0.112863
0.111127
0.586201
0.430721
0.187448
0.0269587
0.353635
0.00414164
0.191597
0.013848
0.00865087
0.14024
0.0448062
0.103448
0.315042
0.321285
0.492122
0.657877
0.0267207
0.11071
0.0174132
0.461184
0.359669
0.115861
0.0443984
0.163299
0.0339363
0.00020471
0.53446
0.241399
0.0227728
0.479124
0.834756
0.0472131
0.274058
0.0513225
0.479204
0.783103
0.451754
0.0872082
0.582841
0.00877554
0.0145448
0.0654623
0.389381
0.796546
0.550184
0.161437
0.827667
0.188217
0.0479748
0.0543531
0.250286
0.483594
0.311907
0.0630629
0.00423338
0.473427
0.648788
0.342612
0.898101
0.103105
0.185726
0.00704751
0.539531
0.376432
0.19653
0.570243
0.0301519
0.167472
0.118468
0.435083
0.242967
0.167168
0.1318
0.319863
0.231282
0.326029
0.0229303
0.425283
0.0304855
0.162399
0.620499
0.339141
0.386505
0.0036193
0.543369
0.420646
0.373648
0.00496258
0.0507858
0.539649
0.0151851
0.576754
0.602377
0.437013
0.0107331
0.233694
0.139383
0.151218
0.436811
0.306902
0.3752
9.14773e-05
0.553192
0.14705
0.0238822
0.372136
0.067712
0.674674
0.366908
0.000424965
0.00732583
0.0882147
0.559144
0.228863
0.05843
0.469365
0.400761
0.0100736
0.0703957
0.615434
0.384271
6.77596e-06
0.773819
0.57204
0.090207
0.184328
0.118352
0.181498
0.0534056
0.224192
0.578017
0.172153
0.226934
0.637307
0.6757
0.632397
0.475882
0.0366924
0.753765
0.029922
0.000137341
0.779366
0.223032
0.00543692
0.189018
0.252224
0.12615
2.82675e-05
0.00123156
0.280575
0.237832
0.666335
0.342431
0.26226
0.500467
0.209677
0.384069
0.277416
0.023174
0.191305
0.3411
0.0371594
0.557722
0.000286172
0.230564
0.194714
0.530808
0.042113
0.135518
0.519389
0.278223
0.0417937
0.117027
0.051694
6.21961e-06
0.532794
0.430783
0.389166
0.115241
0.0447327
0.0202057
0.785609
0.257402
0.483093
0.0218632
0.290974
0.0218617
0.315571
0.322609
0.0830888
0.214644
0.000386878
0.0181586
0.0898756
0.237019
0.143905
0.286827
0.182729
0.364272
0.00822491
0.144659
0.0494949
0.404593
0.0884413
0.34523
0.263751
0.0752528
0.558978
0.0342536
0.256781
0.162157
0.140105
0.382166
0.0859917
0.0280435
0.0598448
0.0781406
0.229587
0.730805
0.399905
0.384653
0.168273
0.51803
0.566692
0.0275777
0.00225876
0.0837273
0.00400451
0.458193
0.0390905
0.367736
0.00128456
0.390266
0.477459
0.261982
0.551484
0.479218
0.289353
0.765889
0.232324
0.164766
0.293872
0.0406673
0.0310541
0.549153
0.307982
0.468472
0.185674
0.0396459
0.0109472
0.419353
0.0838167
0.363521
0.0678143
0.601648
0.300415
0.3708
0.0194058
0.173597
0.439821
0.0558994
0.405599
0.34007
0.542605
0.786045
0.335839
0.510986
0.383999
0.00864198
0.0237064
0.344602
0.626505
0.0131316
0.126087
0.174887
0.436027
0.148208
0.413391
0.341269
0.339991
0.515862
0.607567
0.455898
0.215674
0.598887
0.673785
0.443631
0.298532
0.314837
0.564809
0.600374
0.0462046
7.06422e-06
0.183028
0.669587
0.386334
0.412597
0.115111
0.00372889
0.273931
0.00540698
0.363552
0.351744
0.637915
0.305242
0.443567
0.273054
0.00438265
0.513364
0.323109
0.10796
0.289604
0.483658
0.137943
0.503304
0.72234
0.146015
0.00127254
0.462008
0.269453
0.439924
0.640215
0.718786
0.484202
0.216546
0.432768
0.0107897
0.310605
0.303567
7.57233e-05
0.676568
0.0272015
0.0111743
0.779979
0.0150026
0.0356459
0.0903315
0.112539
0.0968813
0.309586
0.00666166
0.841975
0.00013222
5.75181e-05
0.426322
0.158959
0.0689338
0.421123
0.139523
0.44171
0.146553
0.267578
0.602363
0.0452385
0.174517
0.0941036
0.363555
0.177355
0.437768
0.00834114
0.469993
0.553742
0.173518
0.140459
0.0159511
0.254954
0.0911592
0.394437
0.737096
0.735919
0.0894956
0.246748
0.00364156
0.270942
0.679472
0.186305
0.0490799
0.449903
0.401425
0.0658615
0.510663
0.245212
0.718622
0.282833
0.355264
0.618663
0.484507
0.468599
0.763932
0.332541
0.166925
0.431222
0.0678868
0.732373
0.00343729
0.749377
0.450833
0.241032
0.344432
0.428643
0.197501
0.0645935
0.238498
0.804826
0.449712
0.147439
0.291241
0.750672
0.748262
0.564972
0.831183
0.0015389
0.438095
0.122276
0.347051
0.0677333
0.641765
0.3479
0.425491
0.00120866
0.746778
0.594221
0.454737
0.236949
0.0675993
0.0999348
0.0705129
0.29918
0.383492
0.00966605
0.81062
0.67406
0.47825
0.0338946
0.0158389
0.0149213
0.0982671
0.01382
0.00585899
0.344168
0.680773
0.0818919
0.289023
0.00170338
0.0836192
0.00971781
0.0888418
0.752182
0.575662
0.040769
0.399042
0.465542
0.533641
0.41362
0.542014
0.688053
0.553903
0.647674
0.282919
0.118153
0.0014571
0.202759
0.636485
0.234743
5.59682e-05
0.401887
0.548031
0.64484
0.325042
0.535257
0.015394
0.320696
0.832605
0.0664239
0.375754
0.0282941
0.132319
0.112707
0.728149
0.0335874
0.0961511
0.00286771
0.29854
0.0470117
0.0471577
0.0174604
0.534118
0.279261
0.282824
0.0157747
0.109274
0.639599
0.372359
0.805474
0.382888
0.0229235
0.915899
0.223597
0.687142
0.155992
0.178784
0.597827
0.289611
0.000246786
0.0201206
0.534955
0.306798
0.325262
0.110174
0.0155864
0.0427416
0.514675
0.341351
0.398913
0.299694
0.36852
0.185101
0.00346923
0.379617
0.504491
0.00257508
0.00493773
0.123054
0.0944852
0.485576
0.200289
0.181126
0.571943
0.271038