0.0052721
0.0757922
0.384815
0.0241123
0.404559
0.5077
0.0810052
0.453954
0.15708
0.00341523
0.192885
0.301167
0.588948
0.312852
0.282495
0.513581
0.183447
0.663744
0.424709
0.37058
0.611249
0.00644562
0.349247
0.192541
0.00120042
0.228372
0.46262
0.530331
0.304262
0.475915
0.513902
0.506371
0.4383
0.159707
0.300364
0.154265
0.00586161
0.0121913
0.0258424
0.12299
0.47154
0.160402
0.522406
0.0737126
0.0715313
0.335835
0.0501885
0.536457
0.00559538
0.484286
0.482176
0.676595
0.709355
0.060786
0.081107
0.345865
0.523383
0.616053
0.689432
0.0647613
0.103675
0.00636242
0.574845
0.575957
0.543987
0.0528715
0.014398
0.034033
0.0215337
0.441962
0.354079
0.408519
0.248828
0.27698
0.561502
0.0191126
0.320492
0.096813
0.0459054
0.113028
0.425069
0.0819997
0.000164753
0.533153
0.075766
0.540922
0.761009
0.73085
0.550494
0.269278
0.0170112
0.450919
0.377892
0.334747
0.00556889
0.366239
0.388048
0.175271
0.0173426
0.847858
0.24977
0.756938
0.377986
0.0418109
0.000725548
0.0087439
0.585417
0.092251
0.143398
0.388597
0.0270659
0.00575862
0.00955591
0.0132059
0.0274381
0.493184
0.0756096
0.188544
0.375911
0.565069
0.0868524
0.224277
0.0180111
0.0150244
0.501852
0.348687
0.534057
0.0104813
0.656654
0.298919
0.266715
0.0893541
0.486881
0.128351
0.0764661
0.224365
0.221988
0.309688
0.406483
0.12377
0.734803
0.0734417
0.19967
0.537671
0.445344
0.648646
0.130006
0.729012
0.317529
0.103956
0.152793
0.248032
0.743546
0.0543292
0.117447
0.0729047
0.0650927
0.0519771
0.0512045
0.123309
0.469722
0.00134344
0.582592
0.400951
0.0701364
0.33143
0.525208
0.105423
0.154379
0.242862
0.218457
0.635124
0.382467
0.38847
0.339427
0.0940711
0.654323
0.236383
0.182765
0.232892
0.432424
0.381027
0.0289569
0.617897
0.328116
0.156164
0.52325
0.373714
0.135618
0.199823
0.754803
0.384866
0.46852
0.185946
0.578535
0.239498
0.432992
0.299644
0.216205
0.631348
0.419257
0.335937
0.121417
0.349006
0.00336159
0.0394452
0.146738
0.281686
0.265394
0.117052
0.316505
0.513027
0.457479
0.374469
0.0453188
0.572025
0.355627
0.129696
0.243941
0.041869
0.321125
0.0399563
0.0341377
0.533086
0.534406
0.111462
0.645033
0.414771
0.0863787
0.6624
0.0030768
0.000873283
0.390895
0.113286
0.214822
7.98731e-05
0.0372366
0.60838
0.0474204
0.125187
0.00314707
0.216591
0.407421
0.5014
0.154381
0.480241
0.220564
0.570462
0.00361243
0.486559
0.532453
0.00170385
0.233281
0.246511
0.416813
0.348745
0.327362
0.0608052
0.180766
0.224114
0.227423
0.0386979
0.633315
0.0944503
0.00457382
0.238991
0.54055
0.00148174
0.31703
0.439691
0.582225
0.347553
0.0546902
0.141154
0.191738
0.433384
0.0579138
0.778876
0.167364
0.334579
0.530323
0.129298
0.339729
7.39777e-05
0.392606
0.0395117
0.0539375
0.111286
0.222706
0.281336
0.000702953
0.040754
0.275937
0.0797719
0.0393437
0.292739
0.00200345
0.0124436
0.00613695
0.0883018
0.308092
0.538726
0.640747
0.539055
0.514995
0.248598
0.378387
0.0416275
0.0442275
0.350172
0.181767
0.000964627
0.0318244
0.528593
0.618933
0.261209
0.713056
0.324727
0.4386
0.0472489
0.220653
0.0540304
0.454091
0.450564
0.525427
0.215575
0.294039
0.538684
0.798638
0.387675
0.00147204
0.430351
0.567808
0.0109901
0.0881831
0.362819
0.128033
0.383706
0.0307198
0.501272
0.489701
0.636935
0.0898704
0.712961
0.0299058
0.476309
0.170065
0.302848
0.182245
0.0541639
0.340178
0.00269618
0.00759197
0.28065
0.619895
0.493679
0.448009
0.501715
0.114823
0.0113033
0.191582
0.212824
0.251365
0.277863
0.0949993
0.47906
0.517954
0.689686
0.044921
0.0066291
0.37567
0.0261543
0.0575081
0.0800269
0.00915861
0.530836
0.573947
0.395175
0.57297
0.42032
0.294258
0.388453
0.00223148
0.150157
0.463579
0.00324047
0.242971
0.0964681
0.293077
0.334755
0.000417292
0.0361722
0.150102
0.671984
0.600035
0.396956
0.118203
0.248485
0.0976653
0.225319
0.360216
0.0123803
0.352031
0.316672
0.44593
0.35223
0.00216585
0.139652
0.30074
0.269958
0.341317
0.0053614
0.386654
0.238402
0.0173574
0.250674
0.366362
0.671906
0.575222
0.484664
0.509548
0.451225
0.00427514
0.33657
0.0806573
0.265504
0.405393
0.485199
0.84656
0.393156
0.445541
0.379753
0.0466063
0.403934
0.69285
0.252893
0.531415
0.637747
0.263823
0.331635
0.00139479
0.355063
0.089344
0.522081
0.658343
0.401945
0.642526
0.00670941
0.0373173
0.111813
0.581848
0.359079
0.463551
0.42941
0.064847
0.634619
0.270681
0.474752
0.415457
0.551658
0.614737
0.366223
0.0783741
0.429903
0.244278
0.00821774
0.0737422
0.161737
0.589352
0.284884
0.378237
0.123886
0.169009
0.0316216
0.171404
0.396807
0.239414
0.37431
0.392803
0.282522
0.310629
0.124817
0.162469
0.752105
0.153942
0.597047
0.0464304
0.282174
0.665337
0.0224055
0.00851049
0.0784502
0.412099
0.000435203
0.598097
0.33126
0.0520952
0.363331
0.479078
0.0205309
0.305188
0.386346
0.23108
0.46843
0.297006
0.0589248
0.224209
0.333748
0.639733
0.0943334
0.199769
0.202497
0.0284232
0.0607226
0.394651
0.0291747
0.114624
0.124971
0.367267
0.419183
0.47801
0.153555
0.042174
0.0884191
0.00724553
0.384369
0.59647
0.000360348
0.351001
0.370334
0.371861
0.53618
0.186789
0.580275
0.00403849
0.317652
0.470398
0.324151
0.48374
0.201595
0.000187027
0.449653
0.376698
0.225901
0.275382
0.265263
0.00414449
0.0622309
0.218047
0.0424747
0.110042
0.0505506
0.458626
0.121488
0.250064
0.548387
0.461324
0.249527
0.00878537
0.0137839
0.000237204
0.115518
0.292325
0.599847
0.258613
0.272886
0.498881
0.303214
0.614807
0.574987
0.255189
0.258393
0.00768156
0.582258
0.401164
0.46415
0.306892
0.435228
0.313164
0.574708
0.0323826
0.284605
0.210031
0.594706
0.000696869
0.391733
0.145671
0.793589
0.160338
0.0327593
0.284764
0.270753
0.000482259
0.370266
0.257126
0.253882
0.373381
0.229876
0.186561
0.0102058
0.624138
0.352994
0.088948
0.00419844
0.00078476
0.0645085
0.875101
0.533152
0.0235955
0.268723
0.386062
0.195548
0.269908
0.355031
0.0216584
0.271598
0.498002
0.517254
0.598627
0.0143172
0.239172
0.680159
0.000423211
0.62716
0.26076
0.296898
0.252681
0.0186857
0.00164761
0.322584
0.117039
0.296045
0.415327
0.442747
0.0995757
0.530039
0.37335
0.515983
0.343148
0.456579
0.217428
0.512601
0.516292
0.109684
0.569836
0.025366
0.128785
0.333459
0.0795426
0.377613
0.0798956
0.692494
0.312964
0.635471
0.130434
0.310243
0.0182592
0.127702
0.00853685
0.0697501
0.044176
0.062195
0.299263
0.50092
0.00814765
0.156241
0.308544
0.00229386
0.0452609
0.0409887
0.123003
0.3269
0.742694
0.30691
0.651568
0.401891
0.268685
0.379309
0.749223
0.236994
0.268909
0.310509
0.811903
0.439523
0.560462
0.304397
0.133065
0.553111
0.520483
0.797832
0.320906
0.0626299
0.317323
0.152257
0.134001
0.221576
0.271835
0.441317
0.108323
0.377419
0.557119
0.052454
0.163908
0.605024
0.620215
0.731529
0.0950487
0.355338
0.125752
0.319661
0.48722
0.0160176
0.234502
0.383258
0.455328
0.220619
0.352897
0.575664
0.185754
0.259592
0.116617
0.232474
0.478852
0.0026246
0.467354
0.215577
0.00140297
0.404459
0.306211
0.359143
0.156095
0.0379904
0.0894969
0.396804
0.0192636
0.245001
0.236074
0.532076
0.00279001
0.469855
0.258454
0.258178
0.0473528
0.0608403
0.589838
0.163739
0.636416
0.30644
0.109388
0.00330621
0.275839
0.0371005
0.391594
0.0208945
0.0457032
0.32649
0.249229
0.0617326
0.166572
0.000144145
0.731651
0.275793
0.863118
0.00908694
0.133395
0.00364155
0.308025
0.587639
0.305107
0.601042
0.74098
0.239195
0.0585071
0.38098
0.0141697
0.060958
0.621149
0.233392
8.55403e-05
0.361255
0.284326
0.0154089
0.286863
0.53971
0.0771474
0.0664177
0.162769
0.426424
0.64732
0.150243
0.0136089
0.0120639
0.377086
0.668102
0.466022
0.523066
0.697951
0.286007
0.508571
0.569689
0.00895785
0.0011239
0.432038
0.105869
0.159612
0.0817565
0.0166798
0.374347
0.405956
0.694875
0.233173
0.571249
0.0115429
0.0182209
0.1396
0.31635
0.371926
0.187654
0.521295
0.803203
0.305778
0.135606
0.00381972
0.147418
0.259429
0.832912
0.67795
0.0305017
0.542631
0.603648
0.243476
0.402103
0.0212714
0.176299
0.275044
0.0469911
0.266458
0.363843
0.466634
0.10723
0.0278472
0.00435889
0.293444
0.100541
0.110228
0.325141
0.395883
0.000563311
0.188245
0.0869251
0.518916
0.261973
0.588697
0.0912572
0.120758
0.54092
0.309155
0.0455237
0.274781
0.337382
0.00649285
0.283497
0.603718
0.507733
0.00176395
0.0295931
0.431604
0.288095
0.00506006
0.122328
0.095522
0.000137291
0.0846704
0.398004
0.000943283
0.288973
0.180755
0.032589
0.526925
0.367148
0.0744662
0.578588
0.0495058
0.125934
0.454206
0.150383
0.477716
0.165751
0.295705
0.182115
0.152219
0.157431
0.44558
0.444719
0.00819094
0.0857047
0.0144715
0.0256359
0.519209
0.214954
0.640522
0.340993
0.00296443
0.194557
0.127799
0.649597
0.0440144
0.515997
0.332348
0.148145
0.572712
0.000212398
0.25043
0.170058
0.250058
0.00716683
0.682162
0.224661
0.14844
0.296758
0.224668
0.150487
0.639701
0.498069
0.510908
0.149305
0.631993
0.375671
0.00427412
0.00532917
0.211125
0.0467451
0.0529552
0.232082
0.19984
0.216566
0.0553592
0.522812
0.038304
0.438031
0.0179516
0.56695
0.30742
0.174806
0.012759
0.0447372
0.00527763
0.103207
0.150373
0.489899
0.400378
0.301532
0.360663
0.260943
0.00777876
0.352836
0.160265
0.317918
0.253508
0.19659
0.215824
0.102584
0.00501342
0.0688332
0.393664
0.645295
0.629083
0.331531
0.00393898
0.332018
0.0282242
0.00996177
0.414211
2.53328e-05
0.179336
8.50323e-05
0.373371
0.00673503
0.00408763
0.16825
0.611594
0.451977
0.59047
0.056082
0.331919
0.0954903
0.202088
0.0640079
0.285484
0.0807661
0.000954585
0.187587
0.194325
0.425969
0.557824
0.383893
0.183941
0.00349329
0.102707
0.280126
0.313556
0.275331
0.484047
0.0478617
0.1041
0.000755413
0.00102669
0.207075
0.695634
0.0846009
0.000196826
0.208538
0.514269
0.0357788
0.0678288
0.286771
0.000538449
0.160642
0.00303844
0.399819
0.00665305
0.516963
0.0432146
0.0409724
0.102864
0.16799
0.415248
0.0301486
0.519584
0.0453148
0.0220142
0.0346114
0.738441
0.204929
0.0426885
0.58219
0.442112
0.126594
0.00848315
0.652761
0.329708
0.247696
0.257306
0.468449
0.206999
0.0822368
0.0215939
0.21571
0.105117
0.00824631
0.397948
0.717034
0.0127404
0.0383222
0.0199165
0.487714
0.0394395
0.719344
0.582644
0.265452
0.0270551
0.132113
0.450726
0.0698354
0.721301
0.475823
0.00613815
0.016937
0.269569
0.0664265
0.0476014
0.0687369
0.421765
0.218866
0.232207
0.602941
0.0566956
0.00108303
0.00365025
0.2017
0.50813
0.461749
0.2857
0.368399
0.486818
0.0168687
0.0346866
0.405002
0.342222
0.307264
0.0183546
0.168019
0.269687
0.3172
0.350953
0.285663
0.153136
0.40741
0.00121804
0.0272036
0.785667
0.379536
0.320634
0.184657
0.404745
0.550944
0.113628
0.368782
0.132247
0.238021
0.237443
0.205414
0.593496
0.0671128
0.50424
0.00234988
0.0662068
0.494632
0.101439
0.301731
0.473546
0.321336
0.18587
0.301952
0.360666
0.293315
0.0725173
0.313054
0.139205
0.485395
0.135307
0.0463412
0.351727
0.424834
0.05172
0.0598211
0.137236
0.617967
0.569282
0.314195
0.278653
0.142206
0.28963
0.295339
0.282328
0.714909
0.0378744
0.575759
0.212884
0.568683
0.103355
0.0717464
0.14581
0.618823
0.0751036
0.508629
0.0984543
0.0946311
0.000889073
0.533138
0.286471
0.0365788
0.302094
0.546827
0.569382
0.152346
0.254677
0.607839
0.476584
0.551956
0.46581
0.284861
0.0181143
0.0241083
0.0553497
0.2591
0.0208164
0.0575772
0.0660569
0.0199683
0.372389
0.544182
0.0125017
0.0850465
0.475438
0.432303
0.137277
0.00410984
0.00293549
0.0733844
0.00129722
0.492615
0.717506
0.204344
0.510968
0.399309
0.401338
0.00849581
0.175
0.224023
0.403102
0.0303338
0.208258
0.0441739
0.120201
0.0739562
0.000246911
0.2666
0.783387
0.294183
0.00247032
0.453683
0.104491
0.0847769
0.146105
0.114887
0.0728365
0.642061
0.166275
0.247454
0.196511
0.391164
0.0702513
0.0220306
0.0366884
0.461176
0.148549
0.58762
0.642472
5.97204e-05
0.133901
0.39828
0.137851
0.843445
0.0229836
0.0875005
0.675906
0.103077
0.0004367
0.0296004
0.268049
0.570601
0.067636
0.121475
0.0787183
0.462947
0.573775
0.165985
0.482725
0.00841007
0.138338
0.610319
0.0200722
0.24635
0.0398954
0.150747
0.664392
0.0292886
0.624628
0.302699
0.0524627
0.117539
0.298904
0.00699858
0.111314
0.139443
0.0448038
0.032256
0.777579
0.330047
0.0346619
0.494697
0.395429
0.616819
0.0405091
0.102432
0.297633
0.449762
0.0347761
0.702711
0.374996
0.252023
0.0191629
0.269599
0.516173
0.309873
0.472992
0.476628
0.000785641
0.0936197
0.588585
0.415566
0.427205
0.503877
0.141923
0.00127175
0.434636
0.171166
0.106166
0.661453
0.426927
0.0014543
0.456695
0.298246
0.649977
0.186028
0.311479
0.123813
0.370519
0.173891
0.0136504
0.247835
0.43611
0.00944117
0.240892
0.545722
0.0272763
0.0151121
0.0842982
0.0221986
0.417794
0.404859
0.460059
0.171973
0.619066
0.413288
0.499154
0.336055
0.236665
0.360132
0.740968
0.446264
0.188604
0.792389
0.208482
0.0189904
0.360783
0.394614
0.35664
0.199148
0.216664
0.174393
0.393887
0.0256081
0.340904
0.273815
0.85754
0.045206
0.468654
0.166607
0.304766
0.0563827
0.518213
0.663849
0.00344354
0.0729987
0.525737
0.154627
0.48287
0.0124072
0.493088
0.0303631
0.335871
0.245275
0.0960078
0.0104756
0.151574
0.0458602
0.194539
0.221969
0.255075
0.179353
0.181474
0.547416
0.120791
0.0682649
0.005318
0.692428
0.0385503
0.646977
0.543742
0.426786
0.00111445
0.570637
0.0217752
0.23209
0.423525
0.0211277
0.193405
0.0873147
0.0281846
0.117351
0.0471344
0.620047
0.508362
0.248123
0.00119739
0.00665685
0.764789
0.0256504
0.20839
0.414296
0.142339
0.167559
0.000837167
0.540907
0.0981526
0.45221
0.0116029
0.0171185
0.00164284
0.135929
0.00131277
0.00135234
0.0138607
0.165225
0.047024
0.42972
0.360103
0.311475
0.185973
0.181021
0.121157
0.0902593
0.343247
0.164016
0.309332
0.14307
0.237787
0.0898536
0.710786
0.49577
0.127114
0.605328
0.176126
0.19521
0.410248
0.222065
0.516874
0.0435361
0.17348
0.377947
0.00474829
0.547226
0.0879648
0.362572
0.00620235
0.340476
0.297681
0.217671
0.29212
0.283701
0.159914
0.342848
0.0508647
0.703398
0.309024
0.00512422
0.378561
0.518842
0.30284
0.115816
0.479061
0.0121846
0.0127684
0.410523
0.451401
0.125474
0.0191855
0.490632
0.621867
0.141584
0.516648
0.221959
0.434169
0.295107
0.37807
0.239568
0.234486
0.844672
0.429946
0.140082
0.293248
0.0909758
0.431463
0.534606
0.294192
0.00661947
0.332288
0.505987
0.255576
0.398469
0.39834
0.388084
0.650707
0.0973112
0.0424186
0.166179
0.017191
0.526856
0.00139178
0.0544727
0.256798
0.430983
0.0320079
0.746167
0.00824032
0.713211
0.174208
0.350365
0.432472
0.0178273
0.268942
0.0834088
0.128887
0.0171425
0.350447
0.0153598
0.00109384
0.0197356
0.418293
0.220876
0.288406
0.0950321
0.038627
0.622446
0.161639
0.51838
0.175556
0.441451
0.472763
0.372051
0.0520085
0.0227268
0.14532
0.00893767
0.393438
0.0156562
0.483133
0.0270417
0.269922
0.0909348
0.230805
0.248308
0.18688
0.327402
0.0362035
0.0319333
0.565264
0.372392
0.114918
0.280891
0.284718
0.35679
0.230124
0.208534
0.628233
0.152749
0.210421
0.095682
0.30092
0.183139
0.00613966
0.232469
0.0342511
0.239899
0.399415
0.556485
0.340065
0.0790628
0.0919253
0.539166
0.417547
0.00781303
0.65442
0.131325
0.307985
0.559705
0.235836
0.200259
0.561203
0.712293
0.145615
0.346739
0.360529
0.198456
0.360283
0.251693
0.497069
0.225558
0.239502
0.234613
0.445624
0.12889
0.0567734
0.27838
0.546934
0.215704
0.36493
0.172817
0.62704
0.182114
0.425136
0.327609
0.00275838
0.415595
0.377482
0.46491
0.274173
0.0612005
0.853205
0.0350547
0.573544
0.416554
1.7921e-05
0.168128
0.296043
0.114487
0.657328
0.170579
0.591793
0.324754
0.437498
0.303134
0.128862
0.44106
0.84923
0.100672
0.255487
0.216181
0.406763
0.00265698
0.232388
0.0657345
0.468488
0.263742
0.335983
0.697147
0.597019
0.142456
0.424928
0.42427
0.507621
0.133532
0.420559
0.0806065
0.00330537
0.274361
0.471569
0.312294
0.262877
0.07561
0.255861
0.0606359
0.10626
0.464725
0.720827
0.0915403
0.612407
0.0996537
0.0502961
0.0514045
0.640339
0.168593
0.0319547
0.0202794
0.326565
0.340602
0.0145926
0.320799
0.532022
0.432375
0.222346
0.515135
0.0112146
0.516263
0.0672212
0.00109474
0.00202614
0.194567
0.319279
0.244104
0.162838
0.0142443
0.4337
0.459234
0.0996671
0.114134
0.740929
0.447927
0.336071
0.0427125
0.295646
0.561555
0.00416524
0.106982
0.71182
0.105662
0.353485
0.339057
0.358178
0.542221
0.510239
0.0469362
0.81537
0.334373
0.00836218
0.258579
0.564239
0.0189331
0.555795
0.000755281
0.00241454
0.279343
0.248536
0.435873
0.00560496
0.0625366
0.596932
0.0363776
0.340329
0.42194
0.306037
0.275771
0.275275
0.00308581
0.0366594
0.220249
0.264987
0.458838
0.791677
0.270063
0.0739949
0.00208388
0.516229
0.0074081
0.503248
0.643352
0.104925
0.834452
0.00690214
0.173919
0.0578077
0.00159987
0.0134114
0.307175
0.683712
0.170654
0.0196123
0.480761
0.181648
0.000404424
0.207684
0.172443
0.25948
0.488498
0.730641
0.324945
0.0233518
0.0461711
0.0275116
0.00143155
0.0373258
0.654228
0.541894
0.750479
0.473668
0.401967
0.351386
0.363738
0.179601
0.184957
0.548113
0.189533
0.254553
0.126581
0.0358289
0.068916
0.0561314
0.513002
0.447923
0.228035
0.28202
0.306985
0.000216122
0.0876708
0.248687
0.42167
0.369771
0.54078
0.476753
0.0209934
0.107014
0.549244
0.28095
0.551731
0.0207916
0.0129031
0.189049
0.521106
0.476045
0.00476729
0.0831346
0.607214
0.553891
0.309716
0.000658007
0.714819
0.139719
0.117775
0.00190889
0.00394098
0.494721
0.729693
0.0873877
0.148571
0.656011
0.416752
0.180538
0.00813881
0.240084
0.545804
0.56899
0.455742
0.166332
0.0210946
0.371991
0.0952825
0.459056
0.471457
0.520294
0.32099
0.671196
0.313921
0.298613
0.378221
0.396082
0.204142
0.624069
0.0076714
0.285276
0.40009
0.0022821
0.406777
0.0654574
0.363396
0.0169225
0.242382
0.0375457
0.281736
0.324289
0.00709449
0.394228
0.257624
0.158259
0.426046
0.0534607
0.33423
0.433187
0.0215121
0.621663
0.0820454
0.241967
0.507762
0.0803507
0.275209
0.291151
0.47469
0.196308
0.237262
0.413812
0.0950415
0.510505
0.587032
0.253419
0.0171266
0.553705
0.12907
0.333535
0.00833922
0.0129349
0.17962
0.309381
0.472725
0.474847
0.314759
0.524393
0.0206898
0.47581
0.240767
0.386737
0.406888
0.672476
0.300768
0.0551731
0.083967
0.320958
0.297498
0.76056
0.0552007
0.335112
0.166257
0.34162
0.00275586
0.0116142
0.232338
0.177381
0.20845
0.28229
0.642056
0.0379031
0.22575
0.0383093
0.507134
0.0728066
0.00727872
0.627566
0.522089
0.58849
0.32938
0.115758
0.237749
0.333478
0.0188833
0.360945
0.0537474
0.228786
0.281269
0.198892
0.447496
0.179441
0.41172
0.415643
0.0698503
0.253226
0.487798
0.345794
0.573789
0.0688761
0.842333
0.400046
0.588263
0.0951769
0.269255
0.317944
0.357175
0.333793
0.264794
0.4003
0.180181
0.582503
0.284771
0.117075
0.188575
0.396999
0.633831
0.304674
0.76865
0.64904
0.079563
0.438405
0.468388
0.0792556
0.106049
0.0112284
0.289157
0.217767
0.0564006
0.178659
0.491885
0.0392279
0.417807
0.5088
0.0887538
0.0253922
0.33164
0.261316
0.6164
0.209537
0.282404
0.073248
0.344185
0.266603
0.202814
0.28983
0.121387
0.510261
0.470389
0.00922244
0.325715
0.393127
0.000262305
0.532389
0.520229
0.436387
0.275683
0.205611
0.536985
0.550435
0.114801
0.0794299
0.320748
0.529568
0.2975
0.0540246
0.0937404
0.336268
0.417864
0.0950255
0.00291685
0.634298
0.346451
0.21463
0.694244
0.0483672
0.280144
0.266571
0.659482
0.390286
0.566985
0.0537607
0.047607
0.046047
0.0197632
0.515498
0.38408
0.328815
0.812913
0.0509784
0.476453
0.00584917
7.07049e-05
0.834553
0.307946
0.443403
0.499774
0.0176009
0.34307
0.558424
0.0972222
0.00736951
0.059228
6.92951e-05
0.408816
0.00685026
0.00783392
0.0991629
0.034439
0.271917
0.306568
0.0800144
0.1807
0.0483022
0.297791
0.0995279
0.476219
0.373128
0.196076
0.217575
0.23927
0.016506
0.127297
0.103055
0.00033257
0.202852
0.563552
0.0175209
0.0441602
0.391136
0.176139
0.00173796
0.216313
0.741059
0.381117
0.00170258
0.0219507
0.0296213
0.00363392
0.809126
0.117077
0.196814
0.0475993
0.340329
0.536881
0.0858119
0.122918
0.048215
0.439766
0.137546
0.145338
0.0319176
0.733082
0.0177066
0.032173
0.605588
0.243733
0.324046
0.292834
0.30369
0.00066961
0.625468
0.0151774
0.0376451
0.0469044
0.220238
0.630801
0.0129176
0.123505
0.374529
0.00199221
0.190115
0.0327468
0.0435292
0.000132722
0.618716
0.461067
0.175215
0.415705
0.286374
0.087598
0.719945
0.521625
0.00149935
0.016808
0.00157414
0.301573
0.103859
0.376157
0.338041
0.303458
0.057018
0.369835
0.163398
0.0522209
0.370704
0.353489
0.456124
0.134743
0.156886
0.31136
0.285576
0.482237
0.256255
0.155666
0.0848192
0.016923
0.0165371
0.595928
0.176831
0.271796
0.081294
0.429509
0.710125
0.010188
0.716524
0.38448
0.235505
0.0403581
0.282077
0.693518
0.00136358
0.143725
0.630178
0.3494
0.00154276
0.0890155
0.208318
0.578862
0.632568
0.326795
0.000420811
0.279837
0.354823
0.327715
0.35052
0.780008
0.0408056
0.331387
0.465762
0.144852
0.194948
0.667063
0.0260089
0.0759776
0.141158
0.013576
0.349492
0.202707
0.0700298
0.0816684
0.0864098
0.268376
0.662943
0.0704607
0.133558
0.511742
0.239851
0.237291
0.320451
0.464355
0.0889815
0.239531
0.323839
0.485115
0.0943704
0.720694
0.0134237
0.192199
0.167521
0.52538
0.00874661
0.228132
0.00898085
0.281989
0.291973
0.0633637
0.595023
0.0431963
0.00223511
0.556271
0.00317881
0.0455284
0.0060405
0.0922749
0.0440091
0.384181
0.0220069
0.374428
0.545868
0.0118501
0.0183358
0.320929
0.693794
0.246504
0.264322
0.0558684
0.499348
0.390762
0.00194705
0.0679048
0.0580273
0.0144443
0.603816
0.601781
0.342928
0.149214
0.699791
0.122467
0.135067
0.00084637
0.618804
0.0964274
0.00838252
0.372713
0.263137
0.297822
0.074512
0.0207231
0.00657087
0.226158
0.0017206
0.12438
0.269536
0.126161
0.796901
0.0805066
0.322853
0.320208
0.537211
0.186886
0.618472
0.543481
0.0532604
0.193026
0.00131371
0.0428808
0.265639
0.0175497
0.271196
0.287578
0.53744
0.164274
0.115107
0.326339
0.0979908
0.638499
0.28173
0.482592
0.18469
0.00914722
0.275701
0.0997891
0.131581
0.158716
0.409384
0.208088
0.067019
0.368371
0.0303446
0.256491
0.384709
0.0910662
0.0198131
0.118565
0.11989
0.481512
0.0156414
0.175135
0.0130098
0.047902
0.206487
0.0130278
0.209698
0.617109
0.113437
0.101051
0.445707
0.400081
0.00124278
0.365506
0.294146
0.397277
0.00107417
0.0679654
0.502002
0.319555
0.156083
0.123374
0.272296
0.0954372
0.000999637
0.39954
0.297864
0.0305409
0.437173
0.24489
0.243012
0.225513
0.467523
0.37736
0.217432
0.0118165
0.0499647
0.484684
0.0123178
0.00987691
0.178549
0.509656
0.46855
0.534475
0.346257
0.0411457
0.17869
0.237088
0.358041
0.145976
0.311177
0.0123175
0.345555
0.717812
0.453589
0.486561
0.392077
0.547908
0.344179
0.588792
0.435869
0.023495
0.112585
0.0044654
0.00312513
0.384649
0.389678
8.85683e-05
0.317302
0.0161721
0.349529
0.0429374
0.0039208
0.464308
0.228312
0.0925345
0.24001
0.450447
0.413919
0.796457
0.65188
0.615534
0.0126945
0.104648
0.652409
0.394511
0.462429
0.0045233
0.277265
0.511634
0.743028
0.147457
0.334536
0.0784254
0.000561147
0.288267
0.0679048
0.523968
0.589091
0.120589
0.278217
0.225123
0.00419275
0.258838
0.156731
0.000631061
0.688979
0.335583
0.396703
0.279275
0.650003
0.52044
0.137101
0.353647
0.767958
0.409953
0.870842
0.495371
0.561056
0.214692
0.0898493
0.0980963
0.136056
0.0327138
0.370462
0.397935
0.328568
0.247862
0.257741
0.351688
0.407269
0.371583
0.339447
0.000157944
0.599625
0.12804
0.401811
0.0288879
0.0260875
0.00620258
0.327871
0.437248
0.0155692
0.641995
0.00571103
0.179624
0.345993
0.345471
0.074961
0.198564
0.175167
0.0251866
0.000328543
0.0106912
0.499975
0.0552025
0.00163296
0.161006
0.402631
0.252358
0.17958
0.136704
0.0330928
0.191211
0.316719
0.435524
0.6474
0.174792
0.491409
0.0655024
0.06733
0.0229789
0.263836
0.32059
0.369894
0.181149
0.0268642
0.165029
0.000370929
0.0228469
0.323474
0.444085
0.388193
0.227788
0.219177
0.10889
0.308754
0.140565
0.576438
0.158676
0.327658
0.391266
0.493478
0.429732
0.0401576
0.380921
0.441525
0.617649
0.00130518
0.135738
0.673216
0.111081
0.0103336
0.71494
0.202124
0.00705368
0.226977
0.000430977
0.308251
0.467444
0.334926
0.295532
0.293521
0.301132
0.0387336
0.261968
0.337324
0.532129
0.604799
0.512882
0.396668
0.481469
0.461869
0.142226
0.27536
0.296009
0.00556514
0.210801
0.268646
0.69335
0.105923
0.00316064
0.227211
0.214242
0.548903
0.000125413
0.525245
0.616944
0.0833785
0.0347696
0.353634
0.410072
0.396161
0.348362
0.271
0.540593
0.0791208
0.363321
0.306219
0.116088
0.442657
0.653098
0.387623
0.261148
0.645669
0.0168827
0.525522
0.0374891
0.00369839
0.115895
0.2241
0.0151761
0.147925
7.3229e-05
0.418557
0.374471
0.342713
0.320453
0.355452
0.188513
0.126681
0.617989
0.484531
0.301805
0.151281
0.71024
0.137737
0.240497
0.0777076
0.48798
0.37003
0.373948
0.119096
0.344298
0.250318
0.310983
0.637285
0.448189
0.035446
0.0657893
0.521993
0.440485
0.198397
0.0900616
0.373838
0.000305202
0.0121522
0.537801
0.326087
0.17017
0.276882
0.0117034
0.306947
0.555904
0.000272016
0.852086
0.106399
0.521828
0.00365051
0.248935
0.0105538
0.758051
0.36954
0.453158
0.000946583
0.00438896
0.125908
0.435823
0.536178
0.293871
0.634708
0.208137
0.02932
0.399115
0.369438
0.231603
0.442558
0.577215
0.483478
0.376173
0.0645573
0.291275
0.310383
0.0236661
0.299291
0.328081
0.722635
0.67316
0.512659
6.93736e-05
0.256876
0.0187183
0.347117
0.3639
0.86211
0.299635
0.131024
0.498389
0.455114
0.540524
0.27983
0.577003
0.253105
0.196537
0.475351
0.114203
0.097446
0.323315
0.430707
0.00826406
0.33361
0.000113077
0.253139
0.239032
0.544975
0.80849
0.411527
0.737819
0.074894
0.4757
0.405976
0.383466
0.38503
0.324039
0.010565
0.297801
0.263711
0.286129
0.0910531
0.569817
0.180744
0.179153
0.0561185
0.0274115
0.617953
0.00416514
0.515638
0.275254
0.000227377
0.486996
0.512871
0.409728
0.000418319
0.0307071
0.188339
0.282975
0.227623
0.145481
0.622785
0.0252905
0.183702
0.175431
0.631535
0.803978
0.151712
0.261644
0.028265
0.418035
0.374969
0.00207287
0.458548
0.423794
0.664078
0.15644
0.45566
0.530098
0.482853
0.615352
0.00311883
0.276279
0.107182
0.133616
0.465918
0.283605
0.270067
0.507778
0.107395
0.413096
0.176544
0.121505
0.484836
0.476766
0.212727
0.0142193
0.62114
0.162225
0.156598
0.255525
0.186442
0.476091
0.0255799
0.639778
0.00588003
0.000623373
0.211783
0.297574
0.191442
0.0963584
0.0991971
0.314403
0.664367
0.0903042
0.250742
0.179836
0.376508
0.530226
0.286545
0.115144
0.0186156
0.263267
0.0234231
0.625874
0.173469
0.485564
0.89296
0.67897
0.390095
0.610195
0.542431
0.280615
0.500234
0.0660902
0.0100111
0.569172
0.033696
0.430196
0.523152
0.184931
0.402463
0.521544
0.0556877
0.383367
0.74881
0.264377
0.087635
0.340525
0.000408419
0.25936
0.109593
0.0282516
0.35219
0.307427
0.42219
0.290091
0.52108
0.577863
0.00611863
0.197794
0.790078
0.257656
0.226223
0.246889
0.350219
0.229625
0.737932
0.102851
0.0125041
0.0207222
0.568256
0.292727
0.457967
0.168764
0.198614
0.000284419
0.328236
0.620328
0.131115
0.536111
0.0131762
0.219478
0.0355961
0.34398
0.315725
0.487005
0.143025
0.422638
0.508652
0.00359014
0.337714
0.585973
0.802125
0.122573
0.288683
0.0497896
0.0243786
0.443952
0.322567
0.493591
0.356892
0.234952
0.0254721
0.144506
0.522177
0.399923
0.358363
0.542186
0.303734
0.187973
0.224033
0.3079
0.176925
0.00427326
0.0105101
0.834871
0.563831
0.0632705
0.465296
0.159681
0.12385
0.502343
0.0760797
0.168065
0.837519
0.353224
0.486645
0.147168
0.00916572
0.467438
0.450783
0.539625
0.493842
0.0625353
0.630368
0.253353
0.150276
0.713541
0.374671
0.0215585
0.487395
0.311906
0.397397
0.197544
0.0929483
0.356915
0.439672
0.480682
0.276285
0.20555
0.264571
0.381042
0.397317
0.0404363
0.609376
0.844341
0.375798
0.266939
0.533883
0.118593
0.5782
0.0639706
0.751814
0.408965
0.439305
0.186433
0.435192
0.00241771
0.632689
0.00139785
0.691498
0.0287301
0.319507
0.019365
0.107711
0.297871
0.474687
0.205594
0.042095
0.108191
0.00021753
0.276386
0.132987
0.0990132
2.08989e-05
0.00137634
0.394785
0.348171
0.0367554
0.237205
0.393949
0.603264
0.276518
0.0425779
0.699255
0.43498
0.253696
0.296375
0.123137
0.0677563
0.0821715
0.362763
0.166671
0.000210155
0.414362
0.0522918
0.00733914
0.0463817
0.302023
0.242581
0.108885
0.634202
0.0059871
0.238166
0.511974
0.502674
0.606168
0.0136629
0.166549
0.427628
0.0996994
0.360023
0.140241
0.46533
0.0585444
0.486194
0.383502
0.0166234
0.67043
0.0212476
0.124595
0.40955
0.340279
0.645508
0.209216
0.000346599
0.307764
0.0478316
0.0306304
0.16085
0.301123
0.70482
0.224492
0.557278
0.396332
0.484555
0.0189198
0.000562903
0.304769
0.0720565
0.637355
0.403495
0.741429
0.45984
0.638306
0.174665
0.341166
2.42441e-05
0.108408
0.498584
0.310813
0.16561
0.510945
0.135641
0.425181
0.255794
0.0956631
0.0650174
0.652264
0.747515
0.768696
0.203875
0.171729
0.340115
0.203883
0.356398
0.00876789
0.381191
0.210463
0.4724
0.00428058
0.578891
0.0325575
0.00193332
0.075729
0.119636
0.645761
0.566864
0.183542
0.0722613
0.133754
0.0721231
0.245756
0.231621
0.504051
0.105669
0.0943215
0.0341467
0.459336
0.839639
0.237246
0.339438
0.0688579
0.275182
0.0158686
0.0623477
0.306803
0.643178
0.134499
0.0293771
0.390367
0.270173
0.00278265
0.0207881
0.00334721
0.717882
0.213498
0.657847
0.0345112
0.0547868
0.00666109
0.0898919
0.530455
0.261856
0.0704695
0.0915829
0.0184459
0.333259
0.0956137
0.0325678
0.000976983
0.605079
0.018632
0.00538157
0.00734164
0.329442
0.291718
0.0373484
0.342101
0.234252
0.179622
0.321477
0.198731
0.0205769
0.574009
0.0113631
0.31257
0.174628
0.506602
0.0428651
0.116993
0.50907
0.343533
0.50101
0.0523692
0.274806
0.147246
0.295552
0.189475
0.303064
0.0397412
0.42755
0.174628
0.348745
0.367575
0.606311
0.039669
0.00208904
0.00463289
0.715156
0.406466
0.47435
0.079784
0.208359
0.437365
0.113226
0.444068
0.254583
0.00230345
0.418866
0.399363
0.0140638
0.257433
0.695563
0.243418
0.0396717
0.0369227
0.0185232
0.59563
0.326884
0.349319
0.508946
0.00809572
0.4767
0.366645
0.545118
0.361146
0.292063
0.433157
0.0192693
0.00338339
0.354586
0.610193
0.229026
0.0740841
0.0658737
0.0903925
0.447911
0.00497317
0.000127031
0.156536
0.185006
0.295899
0.076833
0.501117
0.498656
0.533647
0.344815
0.000660645
0.241778
0.0307281
0.39157
0.0593288
0.172511
0.781377
0.389141
0.468862
0.1945
0.24398
0.300242
0.553446
0.00279378
0.298882
0.0576638
0.57961
0.348745
0.420122
0.554579
0.48773
0.0969488
0.0309145
0.387411
0.543925
0.181847
0.307494
0.466777
0.283145
0.634756
0.290143
0.299292
0.0586122
0.665741
0.487721
0.0817608
0.37631
0.0545477
0.648393
0.0016505
0.0156108
0.00466043
0.208332
0.179453
0.00832069
0.185125
0.516626
0.58118
0.198644
0.549841
0.468128
0.272471
0.491656
0.0607013
0.777464
0.225847
0.44303
0.175508
0.299741
0.0205662
0.275315
0.336886
0.0518228
0.293647
0.131269
0.320601
0.082703
0.27371
0.494462
0.339739
0.387784
0.364454
0.00389613
0.126362
0.365701
0.0541286
0.352586
0.000762839
0.59682
0.281987
0.366977
0.304445
0.24018
0.264478
0.609646
0.0760987
0.00247997
0.164045
0.311036
0.0702553
0.119434
0.665621
0.715492
0.460811
0.313596
0.314883
0.624602
0.0670298
0.155005
0.0202617
0.445393
0.102804
0.261018
0.0223347
0.343208
0.0350876
0.0587627
0.252385
0.00513361
0.530539
0.300254
0.29563
0.491649
0.356095
0.0430749
0.279926
0.0753518
0.069541
0.0300573
0.0421051
0.247195
0.602763
0.362326
0.0108646
0.057847
0.491402
0.491828
0.127242
0.201729
0.160959
0.243223
0.000132097
9.60646e-05
0.199297
0.0456811
0.338467
0.0353138
0.75791
0.123275
0.591688
0.00812773
0.506176
0.528957
0.115011
0.686492
0.292577
0.252824
0.0635575
0.293582
0.635476
0.423906
0.194585
0.0606417
0.00430934
0.0730594
0.248196
0.438756
0.696693
0.505006
0.224833
0.0805265
0.340597
0.111048
0.445587
0.0195151
0.752192
0.70882
0.612342
0.634954
0.0392896
0.266046
0.262764
0.120434
0.377255
0.303949
0.523837
0.299254
0.268534
0.51603
0.00150549
0.148559
0.672904
0.522245
0.0550479
0.687958
0.195374
0.0103704
0.0897354
0.237222
0.021458
0.389151
0.0331217
0.580563
0.67089
0.0819183
0.651134
0.356218
0.117739
0.538609
0.116135
0.00789273
0.757439
0.251474
0.343021
0.0394257
0.304151
0.0983397
0.311912
5.77802e-06
0.161904
0.00402438
0.687959
0.539523
0.503878
0.10018
0.393694
0.0439016
0.347664
0.0638228
0.162062
0.24679
0.161833
0.473982
0.199057
0.0489194
0.0491021
0.265341
0.0107607
0.249827
0.155752
0.0862918
0.222106
0.00266512
0.118873
0.314943
0.453558
0.0809522
0.0533333
0.679074
0.34687
0.394092
0.220506
0.0603223
0.288296
0.310964
0.000151983
0.404291
0.137498
0.00340903
0.338991
0.0216587
0.491002
0.138857
0.514655
0.684644
0.582397
0.013156
0.234389
0.15693
0.622893
0.461306
0.36724
0.094564
0.0827091
0.102939
0.347924
0.76358
0.177448
0.00724089
0.267918
0.629829
0.451967
0.46784
0.332884
0.625774
0.13661
0.300372
0.446341
0.435103
0.0114627
0.602376
0.010981
0.578715
0.0299848
0.247936
0.310033
0.659308
0.120004
0.0503255
0.508394
0.351822
0.00403498
0.185106
0.0547239
0.0706406
0.23163
0.0988129
0.386105
0.00497384
0.0699777
0.42719
0.251006
0.240685
0.631565
0.430255
0.15621
0.0459283
0.301583
0.637812
0.00104273
0.449798
0.124356
0.248526
0.235222
0.517823
0.235185
0.175475
0.02107
0.00637572
0.395052
0.278182
0.0604545
0.233193
0.294891
0.352489
0.254375
0.00272469
0.137607
0.121823
0.0646146
0.149728
0.162418
0.739762
0.410327
0.438058
0.489037
0.676484
0.000557039
0.0806296
0.125763
0.245726
0.745846
0.231819
0.24435
0.538052
0.292437
0.00420978
0.826214
0.413791
0.270734
0.393901
0.229869
0.220464
0.216933
0.291761
0.385438
0.169044
0.740766
0.0108779
0.174521
0.00702128
0.422784
0.0584815
0.36212
0.0105008
0.0953644
0.127179
0.0753299
0.0489705
0.500753
0.214841
0.400814
0.67639
0.382889
0.123359
0.00315098
0.2229
0.257551
0.0290103
0.0080384
0.11935
0.204653
0.0100236
0.00797086
0.257891
0.183468
0.00131243
0.00209672
0.349826
0.392758
0.562898
0.0240213
0.02469
0.445599
0.0566072
0.506727
0.376814
0.146066
0.107712
0.24625
0.503054
0.0682086
0.420635
0.106858
0.567417
0.00520444
0.000243347
0.462522
0.00695854
0.374903
0.102776
0.275368
0.8249
0.253682
0.219395
0.0191511
0.207916
0.0113223
0.4771
0.125746
0.438203
0.000144208
0.00431038
0.207244
0.239885
0.450365
0.0639405
0.0142591
0.173564
0.617061
0.233019
0.128854
0.489037
0.23463
0.168104
0.0675265
0.0223744
0.21899
0.405183
0.619823
0.0392462
0.212128
0.299868
0.214344
0.125598
0.619753
0.444283
0.29725
0.347235
0.069529
0.0288734
0.122406
0.269823
0.444287
0.263307
0.0102878
0.539986
0.0378701
0.489092
0.36219
0.0412159
0.119387
0.285694
0.475885
0.223672
0.690778
0.0145872
0.361564
0.094369
0.489032
0.166643
0.0995969
0.136901
0.013239
0.469822
0.479448
0.248451
0.266307
0.177815
0.150905
0.0102912
0.342473
0.312351
0.172928
0.0600971
0.271301
0.2107
0.175351
0.276148
0.235204
0.267308
0.402964
0.271146
0.372786
0.255242
0.430018
0.236628
0.332144
0.00110911
0.000312747
0.544402
0.000713476
0.0487054
0.445009
0.0682043
0.180369
0.359325
0.181808
0.208571
0.00926891
0.0275957
0.568328
0.508727
0.257865
0.00324245
0.602961
0.0231829
0.00266042
0.21733
0.0589341
0.67135
0.234553
0.307805
0.0135533
0.626214
0.114829
0.345372
0.635877
0.0946933
4.41387e-05
0.315781
0.774511
0.492288
0.487221
0.379329
0.622226
0.114678
0.185687
0.183819
0.0003638
0.332703
0.275463
0.654924
0.575544
0.0335181
0.422538
0.396309
0.509482
0.0869274
0.275377
0.566552
0.454873
0.433394
0.109493
0.343936
0.00330204
0.326596
0.249802
0.0542334
0.367703
0.170944
0.0272749
0.498849
0.504378
0.641939
0.382949
0.535922
0.470344
0.038329
0.631557
0.346901
0.642188
0.652137
0.43019
0.281982
0.198312
0.32384
0.105048
0.00102788
0.425131
0.36359
0.012886
0.0397765
0.0122899
0.479112
0.227547
0.0751371
0.444119
0.535475
0.0753831
0.555436
0.376563
0.045603
0.644303
0.678343
0.57861
0.644857
0.283919
0.27977
0.200899
0.493783
0.0143915
0.016454
0.0956738
0.615685
0.3096
0.447499
0.194151
0.197934
0.0244291
0.496681
0.420539
0.412039
0.285082
0.26895
0.226053
0.0797334
0.688786
0.195009
0.0351764
0.00462977
0.464039
0.270682
0.724365
0.599425
0.419388
0.308971
0.601592
0.0733297
0.190129
0.133241
0.607959
0.00897623
0.0196395
0.339638
0.536186
0.304471
0.371069
0.211482
0.0647074
0.102744
0.405625
0.282632
0.160606
0.863459
0.35558
0.504656
0.0564137
0.0197686
0.25651
0.0434123
0.125859
0.0181221
0.485776
0.218486
0.232153
0.301562
0.390909
0.00296455
0.755842
0.243497
0.00848661
0.545001
0.152277
0.0056112
0.0590619
0.676205
0.278384
0.0504223
0.623197
0.46297
0.238716
0.165826
0.333886
0.255018
0.159955
0.208993
0.409351
0.268066
0.296274
0.505463
0.38043
0.187885
0.0132706
0.192961
0.205523
0.208883
0.30517
0.253921
0.346767
0.0328984
0.620346
0.546075
6.72798e-05
0.0897732
0.342768
0.604143
0.161669
0.0282236
0.320024
0.120959
0.35585
0.674405
0.390929
0.197848
0.131742
0.0736205
0.149355
0.246933
0.47927
0.608952
0.321855
0.247201
0.857988
0.225473
0.00561615
0.405106
0.491356
0.427956
0.323341
0.00969281
0.495653
0.263441
0.501872
0.194446
0.281367
0.0729183
0.0201037
0.209904
0.0991024
0.0702853
0.334445
0.113349
0.0128584
0.349071
0.0926517
0.0592365
0.118552
0.328523
0.774683
0.260157
0.0175318
0.00400747
0.169411
0.638392
0.520218
0.00489515
0.409411
0.340123
0.0355019
0.342897
0.134512
0.0316018
0.0199876
0.183783
0.737763
0.256281
0.143371
0.70149
0.119231
0.755729
0.544781
0.413917
0.00225894
0.0317203
0.0903014
0.385698
0.115988
0.00823153
0.137316
0.671244
0.74425
0.167728
0.253996
0.0398911
0.109368
0.0102753
0.181557
0.546639
0.414454
0.0428618
0.0203754
0.408429
0.169449
0.144847
0.265013
0.594432
0.318996
0.136825
0.0289266
0.353098
0.676831
0.184354
0.00139316
0.309295
0.383199
0.093088
0.421879
0.0489127
0.0743586
0.211114
0.354088
0.406605
0.12146
0.0605857
0.307216
0.301577
0.327177
0.230428
0.00125754
0.292318
0.676397
0.198497
0.181873
0.389432
0.346586
0.461002
0.230061
0.700799
0.0821079
0.00384497
0.487928
0.366721
0.41576
0.216742
0.010194
0.0933855
0.21979
0.188896
0.255972
0.00789647
0.219617
0.304816
0.555714
0.80206
0.477489
0.478913
0.517169
0.655649
0.443091
0.287519
0.0327422
0.190288
0.302333
0.45998
0.230896
0.312371
0.20519
0.672635
0.686126
0.697138
0.493289
0.320991
0.0253942
0.441857
0.450293
0.200504
0.201376
0.601058
0.289168
0.241452
0.146514
0.10558
0.00851492
0.366645
0.045827
0.00563139
0.3639
0.00250118
0.263756
0.0115866
0.414806
0.0252827
0.102969
0.134687
0.011359
0.337738
0.141971
0.00581818
0.417149
0.625032
0.22586
0.380585
0.535066
0.191504
0.000241752
0.563421
0.285149
0.0159235
0.377369
0.651277
0.162956
0.0481486
0.268153
0.00221511
0.250539
0.161992
0.000392992
0.320572
0.295027
0.0509032
0.376573
0.157268
0.0505223
0.264184
0.00472797
0.357417
0.150472
0.11917
0.772326
0.0554783
0.397911
0.429904
0.157409
0.505395
0.162991
0.466168
0.0328397
0.00020388
0.435873
0.356662
0.178506
0.514374
0.762951
0.0880361
0.279302
0.215803
0.44119
0.353718
0.1244
0.0882012
0.446217
0.0565504
0.509567
0.262394
0.269965
0.19768
0.490618
0.182466
0.1473
0.00218924
0.00122681
0.049353
0.105062
0.0346023
0.66495
0.300887
0.130523
0.00607415
0.714213
0.440783
0.0491887
0.460695
0.445379
0.0753713
0.201129
0.272286
0.103955
0.261966
0.603731
0.0807587
0.0043011
0.587437
0.263319
0.498711
0.431483
0.00253345
0.00338196
0.225103
0.0561023
0.0433428
0.482342
0.229458
0.533554
0.443155
0.565692
0.0338315
0.215613
0.338282
0.32141
0.427588
0.256352
0.00137478
0.093385
0.388446
0.702012
0.300569
0.179037
0.559194
0.339977
0.0747904
0.0632483
0.202296
0.323638
0.0109206
0.519014
0.392414
0.0785255
0.393696
0.0923523
0.014153
0.54409
0.591865
0.405621
0.692709
0.0511209
0.00508837
0.16041
0.182983
0.0269271
0.0019968
0.360532
0.309969
0.261034
0.0034095
0.417149
0.121743
0.434052
0.247873
0.0337939
0.0819926
0.277693
0.329092
0.0593399
0.250941
0.128174
0.412043
0.0671061
0.557811
0.273283
0.241812
0.264893
0.00108662
0.194753
0.0453141
0.235061
0.114348
0.465057
0.280276
0.000899461
0.162523
0.295061
0.322128
0.0239355
0.0860015
0.00245829
0.315838
0.289067
0.143685
0.218838
0.0671652
0.0030637
0.142573
0.0915431
0.0220466
0.423586
0.322505
0.0184307
0.472193
0.20724
0.347995
0.123486
0.100779
0.572943
0.0200466
0.310612
0.0103686
0.412082
0.535045
0.370313
0.433467
0.226805
0.00533894
0.0599411
0.000939527
0.0202532
0.205565
0.0447017
0.298908
0.230783
0.101831
0.275575
0.445941
0.115246
0.464805
0.66145
0.0138046
0.0183369
0.34339
0.315899
0.0401468
0.260319
0.130987
0.728826
0.195776
0.0788139
0.0327212
0.347406
0.129315
0.492209
0.480883
0.13264
0.469758
0.716533
0.309997
0.18971
0.29953
0.303461
0.364845
0.114675
0.300602
0.352819
0.003715
0.26084
0.588363
0.583067
0.000143692
0.204598
0.12806
0.764159
0.590567
0.37769
0.0368652
0.433604
0.205636
0.50098
0.000176789
0.299019
0.299662
0.831068
3.31676e-05
0.507106
0.352269
0.00950795
0.113129
0.267961
0.214622
0.209499
0.394803
0.485494
0.253655
0.586381
0.431065
0.00597439
0.0182113
0.404653
0.0302386
0.347002
0.0427148
0.0420465
0.338183
0.13817
0.0487207
0.467758
0.200913
0.016468
0.0124094
0.223252
0.0900496
0.278087
0.0127142
0.154759
0.202785
0.404001
0.528123
0.0027173
0.00108726
0.626787
0.0449462
0.113045
0.275377
0.545803
0.44939
0.545681
0.179052
0.0374821
0.305628
0.127094
0.00316198
9.50732e-05
0.0489991
0.383433
0.0784954
0.192369
0.299401
0.165974
0.590059
0.00512848
0.00103572
0.33127
0.519836
0.101092
0.522039
0.085391
0.000458949
0.509247
0.491777
0.417971
0.169458
0.312696
0.0105746
0.278605
0.058674
0.267801
0.27612
0.148684
0.573645
0.301682
0.385551
4.27263e-05
0.000455932
0.585302
0.00417659
0.393369
0.295519
0.0255237
0.21001
3.25725e-05
0.190738
0.0647918
0.292709
0.708844
0.499625
0.325006
0.674763
0.366326
0.480324
0.305148
0.360937
0.603371
0.138613
0.229723
0.288795
0.23148
0.176222
0.524909
0.677091
0.0237136
0.459633
0.00270407
0.0507716
0.706429
0.254747
0.0525839
0.477174
0.00146604
0.402994
0.502262
0.661901
0.136566
0.27459
0.137795
0.117181
0.0345098
0.176318
0.255498
0.281079
0.00668608
0.681909
0.42645
0.292509
0.364888
0.0338179
0.00132759
0.000164149
0.096013
0.0771254
0.0954422
0.0518974
0.00362488
0.583643
0.124392
0.131918
0.00868731
0.261259
0.0260981
0.447687
0.294447
0.531492
0.494952
0.651878
0.195464
0.243559
0.108876
0.494736
0.60964
0.524342
0.0733938
0.0258728
0.233436
0.0321583
0.060953
0.0261866
0.368023
0.189655
0.00215385
0.0157516
0.179653
0.355966
0.00705861
0.331549
0.65589
0.036828
0.193267
0.000850141
0.200787
0.340241
0.0601256
0.271315
0.32219
0.319073
0.133755
0.116009
0.309116
0.180899
0.164653
0.16098
0.0147928
0.304558
0.0630199
0.548673
0.142473
0.0813969
0.394627
0.201885
0.110419
0.00117505
0.0806579
0.649866
0.0562512
0.392568
0.0915643
0.400974
0.279921
0.295419
0.321436
0.0116225
0.544843
0.132558
0.467721
0.198044
0.546704
0.500428
0.386683
0.00409898
0.341629
0.49285
0.226366
0.0355653
0.131597
0.00188125
0.0210606
0.353307
0.0055359
0.424865
0.0431031
0.143326
0.677034
0.378829
0.703845
0.125035
0.138774
0.258074
0.0966678
0.184284
0.003137
0.32123
0.0998725
0.451073
0.00328923
0.00128624
0.494403
0.192841
0.0217227
0.52795
0.0269474
0.558179
0.538102
0.10194
0.114903
0.578544
0.0860849
0.421613
0.597079
0.468738
0.750792
0.208856
0.0307666
0.857197
0.361879
0.0617126
0.190609
0.00745364
0.524377
0.333348
0.00160095
0.00609603
0.350136
0.00582408
0.0447464
0.557359
0.762929
0.178543
0.707978
0.27735
0.149397
0.631364
0.160153
0.0527558
0.182386
0.4319
0.0175339
0.389039
0.208094
0.0863097
0.0680176
0.364965
0.428007
0.339736
0.0854486
0.140861
0.307938
0.575589
0.0344539
0.326027
0.485133
0.576743
0.262418
0.0523769
0.00336262
0.325117
0.191576
0.00176677
0.695898
0.22319
0.314296
0.0266557
0.0312689
0.0760601
0.209668
7.06367e-05
0.244711
0.000503978
0.342821
0.364934
0.086232
0.321738
0.422846
0.545268
0.000142007
0.281332
0.0277285
0.387
0.509801
0.0260486
0.227274
0.335227
0.39
0.465786
0.0748119
0.244283
0.363751
0.015028
0.241761
0.295652
0.0498098
0.393956
0.521853
0.358251
0.098564
0.690923
0.00174579
0.314167
0.35626
0.227298
0.00478909
0.254609
0.184305
0.137878
0.0856661
0.34729
0.1659
0.288673
0.0182025
0.482029
0.111959
0.222996
0.0359527
0.437774
0.0840055
0.012314
0.331317
0.292068
0.486582
0.30934
0.0312659
0.296803
0.00558312
0.507387
0.0281677
0.00991727
0.000602672
0.403186
0.116101
0.00993511
0.00468244
0.173237
0.093603
0.356057
0.01096
0.0908401
0.000591991
0.00127112
0.259609
0.469728
0.00267987
0.71223
0.557042
0.248344
0.0634541
0.0618322
0.290962
0.0240077
0.381221
0.0194854
0.435414
0.0253986
0.00294904
0.0733073
0.216331
0.4577
0.155185
0.253761
0.54617
0.431251
0.0980704
0.146755
0.505005
0.858167
0.00505569
0.50291
0.0848192
0.23368
0.360245
0.0293168
0.389119
0.0348131
0.422006
0.276151
0.0271408
0.370422
0.00196052
0.010093
0.0812408
0.173222
0.369366
0.410532
0.295444
0.0173016
0.0326267
0.478543
0.148549
0.476945
0.144453
0.0956677
0.0835151
0.0462655
0.436576
0.288839
0.0131152
0.648493
0.448048
0.00517781
0.5641
0.0228964
0.277624
0.596777
0.494847
0.265262
0.010995
0.4201
0.376958
0.145893
0.658095
0.239762
0.76487
0.205086
0.287815
0.637522
0.408283
0.118655
0.2794
0.215488
0.00801596
0.36216
0.0752788
0.683193
0.000695696
0.439508
0.172191
0.125366
0.0686984
0.434525
0.28171
0.0321503
0.366464
0.100477
0.0755969
0.332363
0.00532389
0.213876
0.000499864
0.70771
0.155207
0.352364
0.107224
0.542066
0.101139
0.418982
0.221
0.191917
0.523395
0.0665738
0.270947
0.747
0.151969
0.425365
0.316665
0.00796654
0.771532
0.35453
0.392512
0.0782464
0.0777567
0.328787
0.454231
0.513861
0.476859
0.318396
0.327677
0.0723954
0.379157
0.00220733
0.16304
0.0772164
0.360197
0.591816
0.0122052
0.0567813
0.00925206
0.614992
0.107603
0.421499
0.613753
0.396228
0.0815071
0.553062
0.0296161
0.0604647
0.720812
0.00509223
0.616715
0.00421308
0.355687
0.492536
0.18904
0.444767
0.0621379
0.0133825
0.0179676
0.185453
0.66164
0.512239
0.219479
0.393903
0.279193
0.218061
0.0316234
0.00446349
0.00128435
0.366925
0.000652384
0.0460125
0.225782
0.634928
0.694837
0.00154912
0.244716
0.108133
0.0168149
0.307962
0.630095
0.0143181
0.00010657
0.277054
0.00851415
0.135932
0.292584
0.274227
0.411482
0.550333
0.000147604
0.107172
0.78092
0.160423
0.223015
0.260638
0.342724
0.639943
0.628583
0.164502
0.157526
0.174622
0.00740162
0.0816244
0.271967
0.290117
0.366351
0.663838
0.205192
0.086297
0.274939
0.667581
0.220718
0.000619886
0.584592
0.171073
0.0976488
2.73981e-05
0.347152
0.0201315
0.00348493
0.581974
0.00169967
0.494451
0.282766
0.557211
0.523862
0.124969
0.0371319
0.0658954
0.490778
0.131663
0.271875
0.366877
0.180075
0.810855
0.02858
0.586026
0.273626
0.00241435
0.110321
0.0137463
0.285232
0.11935
0.694379
0.021679
0.396271
0.447242
0.691587
0.00611881
0.286914
0.24578
0.275257
0.772
0.0333051
0.315082
0.260603
0.035154
0.427061
0.563481
0.0665698
0.461541
0.436462
0.379835
0.0356016
0.283861
0.00989332
0.369089
0.16666
0.336934
0.515993
0.240925
0.0712853
0.49199
0.017904
0.0135134
0.028253
0.0809413
0.114718
0.0443497
0.00040431
0.00528563
0.0908291
0.153998
0.261025
0.013057
0.162863
0.526608
0.398476
0.244924
0.0498854
0.256122
0.638818
0.202089
0.496724
0.00076375
0.0852433
0.383716
0.301131
0.823896
0.168799
0.635644
0.141642
0.191788
0.215382
0.0911442
0.366896
0.370449
0.330578
0.515455
0.475456
0.383995
0.381276
0.56178
0.461361
0.616123
0.261876
0.358982
0.00451973
0.00546332
0.752464
0.160969
0.00533351
0.570461
0.112491
0.484591
0.029902
0.0200032
0.279388
0.13107
0.199354
0.184226
0.57735
0.526167
0.107792
0.075241
0.303509
0.179627
0.630009
0.209727
0.17761
0.321631
0.0148029
0.638561
0.43002
0.310666
0.000125735
0.397589
0.000297812
0.2717
0.273943
0.00535434
0.550109
0.226602
0.0470757
0.23177
0.0645199
0.666194
0.478392
0.155661
0.00999908
0.137566
0.139518
0.0241549
0.526126
0.58867
0.0441076
0.665621
0.0363402
0.0468391
0.694799
0.488743
0.352391
0.577498
0.288467
0.0718879
0.172046
0.108093
0.0133851
0.68179
0.154376
0.283723
0.000183013
0.261648
0.341035
0.0028994
0.31582
0.421474
0.040042
0.441836
0.293403
0.0994756
0.000445221
0.0884104
0.00646219
0.332772
0.445864
0.213452
0.0225887
0.295151
0.632422
0.535768
0.71078
0.28846
0.234744
0.354411
0.02796
0.575467
0.272037
0.581643
0.0949559
0.0992993
0.272193
0.473893
0.06627
0.017066
0.501262
0.157401
0.102455
0.114373
0.0449355
0.395024
0.292532
0.595008
0.579853
0.809862
0.478539
0.0572625
0.0112316
0.153933
0.552189
0.10375
0.287901
0.568115
0.120364
0.00145243
0.0823564
0.0239461
0.373972
0.735253
0.0683467
0.0591919
0.491232
0.469787
0.171215
0.436827
0.665702
0.30179
0.149726
0.497135
0.245175
0.000618202
0.0618224
0.170865
0.26323
0.219177
0.409339
0.709085
0.288519
0.0257255
0.0471402
0.335162
0.0146741
0.404198
0.184212
0.270111
0.436334
0.217336
0.633407
0.497921
0.0631166
0.582497
0.0256291
0.397276
0.0862367
0.009266
0.432826
0.0476647
0.833021
0.492516
0.268449
0.296062
0.202695
0.312944
0.352039
0.0335841
0.3591
0.0228788
0.0106396
0.563207
0.143273
0.011258
0.249846
0.251405
0.015867
0.0417078
0.231146
0.126941
0.309036
0.525268
0.0042065
0.254712
0.215633
0.260616
0.539985
0.215792
0.00105229
0.634341
0.0254046
0.413947
0.213646
0.645863
0.590755
0.409041
0.445464
0.586235
0.0413596
0.0176465
0.347183
0.349659
0.311806
0.691885
0.0173706
0.255687
0.653852
0.260346
0.173301
0.513011
0.107887
0.0414797
0.3254
0.106418
0.0788712
0.471307
0.599034
0.245248
0.306118
0.0212687
0.580626
0.101089
0.543334
0.294675
0.636822
0.446111
0.000120958
0.634571
0.272625
0.182411
0.309788
0.0592656
5.15939e-05
0.359719
0.000954265
0.00364216
0.0970716
0.0199433
0.168002
0.437565
0.137381
0.206826
0.105119
0.302378
0.377621
0.000615506
0.391082
0.00736091
0.622587
0.52004
0.138433
0.0532172
0.0717352
0.073406
0.00139057
0.353703
0.216589
0.162264
0.558758
0.164678
0.407592
0.0655591
0.0275565
0.470308
0.00103684
0.00392182
0.40008
0.552826
0.111212
0.0033289
0.563369
0.137761
0.208672
0.134002
0.0717514
0.177109
0.358401
0.253989
0.542097
6.73316e-05
0.281622
0.589188
0.637679
0.249227
0.116583
0.141034
0.321007
0.484727
0.279381
0.226123
0.369181
0.00233699
0.473501
0.303585
0.0269078
0.110523
0.615073
0.111509
0.0226688
0.621307
0.0891459
0.160977
0.0325195
0.374956
0.0341262
0.278591
0.519775
0.298645
0.244924
0.27722
0.372645
0.0120692
0.00665471
0.34888
0.388828
0.117537
0.0165217
0.165392
0.750194
0.0199987
0.781675
0.179822
0.673632
0.682093
0.215046
0.359805
0.0216143
0.197545
0.388209
0.408317
0.0176093
0.112658
0.00176157
0.583989
0.0700805
0.435057
0.237207
0.207234
0.432658
0.132089
0.0246636
0.228616
0.511546
0.298394
0.0345434
0.264064
0.492642
0.547606
0.523481
0.31674
0.384479
0.671811
0.259345
0.708928
0.0799815
0.627558
0.05659
0.00076727
0.310151
0.00494097
0.162117
0.406076
0.0088963
0.661734
0.270411
0.276424
0.0037518
0.375177
0.356769
0.387025
0.852803
0.208395
0.152218
0.0449987
0.601247
0.508792
0.405814
0.420378
0.177367
0.209609
0.591313
0.348059
0.0311321
0.016498
0.195741
0.0108197
0.366905
0.523259
0.465253
0.0237775
0.0290331
0.0773078
0.444055
0.170451
0.484734
0.0217124
0.431247
0.805743
0.105345
0.00182725
0.220621
0.0615033
0.571659
0.00255174
0.048572
0.208117
0.427572
0.574732
0.143759
0.455033
0.0131537
0.310555
0.0172695
0.471513
0.0895419
0.319602
0.0476498
0.419883
0.00933987
0.502516
0.326751
0.0655838
0.0206993
0.0100191
0.0419354
0.000617041
0.413597
0.312877
0.208804
0.144815
0.71631
0.0613282
0.274374
0.0729511
0.698228
0.105466
0.159676
0.596505
0.282122
0.411241
0.000846805
0.281363
0.50294
0.288226
0.688593
0.489351
0.0893017
0.00913781
8.66545e-05
0.256838
0.0156684
0.824152
0.326386
0.120259
0.280801
0.563074
0.0554295
0.43
0.00254409
0.0222919
0.0328359
0.110874
0.327654
0.00453884
0.25787
0.452879
0.0956047
0.647242
0.326196
0.128329
0.534227
0.108495
0.245296
0.0283272
0.122029
0.134073
0.208918
0.561842
0.25388
8.72549e-05
0.478961
0.00851905
0.0153634
0.0634462
0.0954542
0.353024
0.342307
0.0269726
0.554068
0.000439358
0.578895
0.775274
0.0912664
0.2992
0.034753
0.707491
0.576113
0.309661
0.222376
0.340295
0.124469
0.428489
0.755941
0.221837
0.0603878
0.498247
0.453714
0.066968
0.400978
0.323774
0.531116
0.246714
0.0759711
0.0428306
0.0637083
0.41047
0.508758
0.555028
0.535906
0.297952
0.0782325
0.415178
0.0286368
0.371291
0.719748
0.349891
0.650506
0.780558
0.350681
0.624228
0.25539
0.220251
0.231127
0.00109833
0.471195
0.168193
0.313898
0.293157
0.574248
0.651876
0.0137564
0.207781
0.232461
0.265142
0.356462
0.436091
0.241489
0.487491
0.24036
0.415171
0.282478
0.183563
0.000194565
0.668287
0.398132
0.296617
0.466852
0.614593
0.532087
0.250104
0.790602
0.0885653
0.0359316
0.792288
0.313562
0.812393
0.53963
0.5763
0.0697341
0.0705054
0.0639907
0.338262
0.367039
0.185665
0.454009
0.00497906
0.388218
0.163677
0.00300582
0.227406
0.68597
0.0163086
0.708177
0.0405314
0.0356283
0.0375461
0.189926
0.273906
0.475644
0.00854223
0.0681137
0.324255
0.0016908
0.000710111
0.436888
0.0620745
0.00105929
0.0515043
0.0508944
0.232788
0.0477205
0.378439
0.318553
0.457007
0.194202
0.357253
0.243631
0.00142508
0.364621
0.654575
0.526603
0.00840388
0.0158753
3.79581e-06
0.0220344
0.107184
0.350446
0.297474
0.445999
0.64232
0.123908
0.286165
0.526469
0.487131
0.357911
0.308454
0.0203559
0.00860729
0.178132
0.360043
0.138257
1.94782e-05
0.265361
0.000266183
0.365148
0.650593
0.521694
0.00257508
0.37788
0.670637
0.695861
0.367919
0.206435
0.559158
0.0968628
0.0670431
0.244668
0.421664
0.561029
0.203826
0.0159293
0.0684094
0.236704
0.428882
0.0693972
0.0562706
0.071417
0.626324
0.428883
0.408
0.300049
0.00341498
0.31195
0.116544
0.085533
0.828096
0.25938
0.213868
0.576472
0.315082
0.262741
0.840778
0.468289
0.400895
0.018625
0.199874
0.00600922
0.300128
0.146859
0.177561
0.0793153
0.119553
0.368557
0.72599
0.467936
0.517413
0.264372
0.191061
0.0644812
0.528688
0.183597
0.428124
0.418989
0.37928
0.079594
0.396876
0.153476
0.0898834
0.0247445
0.305482
0.0145577
0.320747
0.0210591
0.0357344
0.0964582
0.147086
0.00577584
0.57671
0.0102444
0.641073
0.0102099
0.0305137
0.376908
0.0161751
0.00489873
0.165391
0.383793
0.51442
0.0891629
0.702974
0.298044
0.0202135
0.458795
0.417247
0.513376
0.00307857
0.811934
0.0258318
0.435015
0.0324013
0.100879
0.0180661
0.000480555
0.411652
0.0434336
0.000676237
0.328803
0.282903
0.138424
0.705243
0.210456
0.222898
0.103228
0.49657
0.00264994
0.804254
0.440411
0.313257
0.461547
0.400554
0.233064
0.532736
0.330885
0.0582553
0.459701
0.0322777
0.0076136
0.513967
0.033166
0.165076
0.542793
0.472491
0.0496327
0.0129631
0.432172
0.410262
0.13581
0.34336
0.0759549
0.0770683
0.309558
0.0103503
0.409847
0.301172
0.25585
0.373366
0.145099
0.543759
0.670194
0.306743
0.175568
0.190662
0.328222
0.728771
0.4087
0.311933
0.279369
0.227125
0.048724
0.227882
0.336105
0.418205
0.267416
0.306034
0.0498948
0.33632
0.608223
0.000293057
0.255455
0.0922748
0.436728
0.358303
0.578759
0.422011
0.00275157
0.463459
0.740122
0.0170605
0.0239611
0.25086
0.0602751
0.356731
0.00775216
0.196546
0.0312875
0.0152485
0.274059
0.383592
0.584813
0.323225
0.589102
0.137558
0.102997
0.231146
0.203856
0.250048
0.0978372
0.199973
0.565717
0.471073
0.681685
0.722564
0.306665
0.253397
0.317143
0.462019
0.00977072
0.481614
0.0680986
0.450742
0.61745
0.686568
0.610795
0.260958
0.793157
0.132737
0.334206
0.42802
0.492355
0.481823
0.379939
0.361078
0.154302
0.00446393
0.13694
0.16824
0.345994
0.554504
0.511011
0.329983
0.105523
0.15767
0.339125
0.683253
0.125962
0.175242
0.00450815
0.044002
0.0145095
0.0105799
0.257379
0.676669
0.0626158
0.0531904
0.552944
0.000814229
0.512589
0.695201
0.471589
0.307246
0.400235
0.213259
0.102104
0.629725
0.00349573
0.561285
0.219298
0.373021
0.182225
0.00233875
0.338898
0.208182
0.424876
0.754792
0.0677587
0.476094
0.000337627
0.0706302
0.360946
0.566995
0.0230679
0.0450951
0.461958
0.377376
0.272245
0.253533
0.013049
0.338221
0.151428
0.680102
0.6651
0.297402
0.061992
0.118296
0.208026
0.151522
0.427103
0.592408
0.461644
0.47643
0.110114
0.357956
0.176462
0.00221005
0.0678818
0.139318
0.525221
0.00290335
0.615759
0.343259
0.651603
0.0856437
0.026114
0.715562
0.50584
0.150753
0.605742
0.236483
0.232205
0.0125157
0.329992
0.366022
0.568073
0.49557
0.0922302
0.102123
0.0660498
0.308819
0.228097
0.471811
0.299171
0.0129799
0.551288
0.421839
0.343257
0.719467
0.0427757
0.00238226
0.0259584
0.166556
0.00080343
0.296963
0.613462
0.48642
0.39552
0.235674
0.472924
0.381626
0.627721
0.614148
0.285731
0.338607
0.411009
0.15705
0.013276
0.276468
0.172257
0.284353
0.684193
0.00651276
0.00705943
0.0409124
0.386562
0.0841985
0.0777348
0.171787
0.311502
0.0574469
0.442138
0.0186971
0.666251
0.11836
0.00572472
0.164567
0.310048
0.36147
0.485186
0.0508082
0.240356
0.0445731
0.312046
0.0614924
0.0137086
0.278244
0.018574
0.409394
0.194675
0.323439
0.474692
0.642425
0.260638
0.0804833
0.000693131
0.346335
0.274593
0.4457
0.0695314
0.339767
0.532182
0.708983
0.492454
0.302917
0.325472
0.715264
0.156101
0.397281
0.343254
0.508764
0.373522
0.550309
0.0707635
0.644525
0.0297726
0.109271
0.025544
0.0995035
0.246083
0.515026
0.0600177
0.00848635
0.299163
0.00178462
0.0160734
0.0842904
0.403526
0.00180263
0.368363
0.0363261
0.634428
0.724274
0.368893
0.53671
0.706311
0.0199567
0.319606
0.0584854
0.00528153
0.000240379
0.302678
0.612139
0.0695733
0.224624
0.0301598
0.261418
0.00938003
0.24661
0.0261916
2.20652e-05
0.18019
0.534247
0.347302
0.547976
0.578948
0.14761
0.706569
0.410578
0.338973
0.490319
0.0294102
0.543308
0.688269
0.611317
0.0555072
0.0064419
0.38681
0.0354906
0.336096
0.304905
0.0898395
0.00222348
0.276288
0.0409371
0.631252
4.72856e-05
0.475152
0.0203996
0.349636
0.355151
0.250292
0.0629046
0.00470329
0.535751
0.128966
0.462813
0.152195
0.0299339
0.279477
0.529976
0.384538
0.00391836
0.491291
0.358756
0.24946
0.00164886
0.000320237
0.185068
0.048782
0.252363
0.225226
0.0411935
0.462034
0.333812
0.551918
0.412861
0.342288
0.639843
0.000629582
0.0859595
0.000904294
0.179794
0.345581
0.212577
0.513747
0.526408
0.40571
0.040379
0.353701
0.00433146
0.695662
0.356301
0.460269
0.674443
0.0289198
0.824039
0.360205
0.797857
0.32361
0.719678
0.167342
0.293241
0.042204
0.487129
0.161753
0.239164
0.084211
0.456759
0.223601
0.454619
0.0941132
0.0297503
0.227229
0.560383
0.021371
0.597174
0.0295627
0.0887341
0.721005
0.677513
0.000368776
0.69188
0.292291
0.517268
0.316826
0.528639
0.671071
0.231096
0.438364
0.12365
0.449368
0.300952
0.0954453
0.00497306
0.0849737
0.511963
0.408956
0.0689688
0.584807
0.617661
0.0215018
0.388595
0.396155
9.74351e-05
0.0122624
0.0532647
0.403576
0.138884
0.284432
0.181439
0.072002
0.214762
0.417865
0.0104395
0.144394
0.257091
0.343918
0.562418
0.345519
0.00431014
0.443764
0.604815
0.389168
0.388879
0.279984
0.0362812
0.0626635
0.177094
0.0709742
0.443395
0.157329
0.0904706
0.3486
0.419185
0.0690497
0.51497
0.505998
0.296166
0.381051
0.36396
0.383871
0.453519
0.0203966
0.0193802
0.275906
0.237838
0.548147
0.267684
0.395648
0.164824
0.613952
0.088223
0.468468
0.647949
0.29708
0.590435
0.50805
0.0175873
0.469339
0.232872
0.401799
0.1732
0.261708
0.0781717
0.00495877
0.500833
0.601198
0.00267429
0.0601804
0.311996
0.190593
0.24503
0.51967
0.656429
0.0894522
0.0812834
0.0649543
0.0742937
0.205599
0.0642203
0.209693
0.392791
0.223804
0.100106
0.262069
0.500473
0.0353469
0.282848
0.210798
0.450576
0.0800477
0.51924
0.518649
0.269732
0.527765
0.287139
0.226123
0.165895
0.559524
0.29477
0.000125332
0.737033
0.0679291
0.24956
0.0246391
0.286965
0.0128126
0.36573
0.139045
0.324355
0.289249
0.378529
0.0588883
0.537964
0.117635
0.0013921
0.392482
0.314149
0.0730161
0.360045
0.751313
0.0368555
0.169934
0.430599
0.170467
0.000402546
0.132378
0.0287925
0.199358
0.00194951
0.0928707
0.191316
0.578296
0.129723
0.248589
0.289869
0.683214
0.186151
0.446788
0.301353
0.284938
0.137264
0.324591
0.0153244
0.00355254
0.295149
0.301079
0.628937
0.205002
0.0731643
0.359434
0.468157
0.0107429
0.290936
0.00168921
0.332591
0.287561
0.220199
0.0909653
0.655192
0.17415
0.510416
0.637478
0.0223434
0.0896632
0.617762
0.390536
0.083759
0.00129605
0.251761
0.264598
0.0983888
0.00857075
0.22717
0.772791
0.521621
0.0617047
0.348243
0.0393716
0.136749
0.277264
0.324498
0.320511
0.00397048
0.00715195
0.231383
0.265388
0.0951466
0.545886
0.275447
0.640007
0.00667626
0.0857205
0.236221
0.150031
0.46649
0.167315
0.00499013
0.0115771
0.442502
0.428591
0.545653
0.00894055
0.156194
0.48537
0.235067
0.317948
0.687631
0.325379
0.73744
0.685282
0.078384
0.484734
0.187178
0.58696
0.231519
0.0874315
0.0200025
0.590728
0.20915
0.0130195
0.296085
0.593607
0.736769
0.109601
0.279341
0.276413
0.444558
0.207703
0.00395577
0.31669
0.00630165
0.216266
0.42798
0.67343
0.532229
0.0454097
0.288679
0.00208993
0.0271321
0.277868
0.483666
0.47153
0.184561
0.0164582
0.0119294
0.351835
0.0401615
0.00168856
0.490955
0.669678
0.0213003
0.292576
0.220594
0.537532
0.0108302
0.00798698
0.0640323
0.0343495
0.0514047
0.00229879
0.721783
0.155404
0.699516
0.342606
0.161775
0.0213412
0.428368
0.0085429
0.266215
0.300847
0.0240013
0.218485
0.450841
0.53537
0.195309
0.0643795
0.0139823
0.598184
0.0183646
0.236055
0.473667
0.0837726
0.0233959
0.179805
0.0324335
0.252804
0.506193
0.123864
0.292387
0.119378
0.00367621
0.55322
0.355664
0.332434
0.506455
0.30813
0.000166943
0.103987
0.447812
0.0413617
0.042911
0.258037
0.225156
0.394392
0.299561
0.134709
0.45458
0.318312
0.689863
0.0992861
0.591817
0.64603
0.146233
0.473808
0.47678
0.405135
0.610014
0.344768
0.0332077
0.352825
0.838416
0.0925431
0.265878
0.125569
0.129763
0.49735
0.0091311
0.796102
0.000211978
0.199156
0.432885
0.300109
0.181038
0.343835
0.206084
0.163546
0.00459016
0.356631
0.608631
0.0960383
0.22318
0.0604006
0.0685585
0.248497
0.137996
0.0841691
0.259935
0.419711
0.466994
0.155075
0.0123591
0.0671141
0.197036
0.585865
0.244898
0.576319
0.102063
0.700403
0.44976
0.019103
0.439022
0.427366
0.269985
0.0259443
0.0394204
0.0485828
0.222457
0.149468
0.00175144
0.541553
0.0146525
0.0188141
0.195056
0.0658114
0.520275
0.0144045
0.482398
0.268154
0.00949759
0.295868
0.104947
0.379181
0.436959
0.780267
0.0770151
0.399078
0.349403
0.181016
0.37285
0.359621
0.547109
0.406071
0.0490395
0.525832
0.339079
0.0964845
0.156357
0.76016
0.366147
0.302079
0.725136
0.296548
0.0150895
0.00240265
0.514242
0.00124567
0.258505
0.310842
0.0258648
0.0220283
0.183959
0.0664652
0.0290439
0.200854
0.099737
0.542694
0.327104
0.0497094
0.313837
0.479208
0.029843
0.122171
0.402372
0.28203
0.526989
0.430131
0.743072
0.325258
0.782612
0.495125
0.277946
0.377066
0.128351
0.40699
0.558376
0.0467346
0.545692
0.00891714
0.000728507
0.0133708
0.441081
0.0490591
0.000582895
0.0532237
0.0647303
0.222908
0.368195
0.362598
0.625548
0.321155
0.613574
0.478699
0.364282
0.0557815
0.373248
0.0806141
0.198313
0.654527
0.0276231
0.208605
0.636895
0.482037
0.290257
0.00398156
0.0320366
0.43744
0.718144
0.190898
0.00346205
0.434727
0.0013084
0.374406
0.196618
0.216141
0.255397
0.00778755
0.549575
0.428651
0.224277
0.00342722
0.0161499
0.148775
0.684169
0.00711502
0.0195569
0.547191
0.203916
0.302323
0.212445
0.311604
0.419146
0.28067
0.0799837
0.588696
0.45053
0.58774
0.123206
0.620428
0.70937
0.382162
0.262722
0.668128
0.0113215
0.183753
0.510232
0.17441
0.51955
0.63913
0.474049
0.515076
0.478698
0.392046
0.0757268
0.778535
0.154393
0.173385
0.0717213
0.659714
0.650156
0.0187801
0.629203
0.000340628
0.548937
0.503118
0.0900212
0.475358
0.0463716
0.11688
0.0346663
0.111263
0.412432
0.230657
0.0207434
0.450186
0.0637797
0.619051
0.138908
0.0359916
0.215854
0.582336
0.138994
0.340683
0.432213
0.151037
0.0462023
0.0996515
0.608669
0.296096
0.000585488
0.555407
0.190467
0.000811383
0.45052
0.730887
0.53529
0.499008
0.114693
0.755613
0.0497007
0.306162
0.123784
0.176477
0.00207403
0.0619585
0.511023
0.204576
0.586877
0.421516
0.289569
0.0765684
0.181268
0.0116611
0.377203
0.229368
0.258423
0.807215
0.577313
0.260284
0.419702
0.203666
0.289682
0.344007
0.126267
0.313223
0.159427
0.158008
0.23784
0.0168149
0.325595
0.0941797
0.0118876
0.258981
0.4369
0.0246803
0.751187
0.00333124
0.222187
0.333778
0.433938
0.098936
0.0638181
0.617962
0.564272
0.774753
0.315571
0.658317
0.587556
0.0468083
0.000144202
0.0590747
0.393496
0.0255371
0.816413
0.0219154
0.316698
0.301567
0.428776
0.0175199
0.676372
0.439902
0.730547
0.123306
0.0139446
0.0891002
0.620154
0.00895607
6.20515e-05
0.092453
0.0216311
0.447247
0.306634
0.290183
0.457364
0.102307
0.0171618
0.0198575
0.00410636
0.036974
0.201608
0.701993
0.0344193
0.544667
0.313319
0.242027
0.12627
0.00584241
0.203322
0.543416
0.00869417
0.351718
0.328077
0.559333
0.330937
0.129768
0.0244184
0.538279
0.257568
0.624646
0.000230669
0.646277
0.153835
0.0338808
0.652792
0.0150297
0.208678
0.616779
0.286369
0.0742238
0.449945
0.512032
0.528685
0.0525915
0.755279
0.514939
0.0879806
0.209792
0.241266
0.473803
0.43884
0.296326
0.164469
0.162998
0.239295
0.111903
0.115217
0.4158
0.311085
0.219359
0.326996
0.841454
0.384158
0.523193
0.51494
0.270758
0.561383
0.37829
0.724468
0.193901
0.190415
0.308866
0.467269
0.149893
0.277393
0.48716
0.00200442
0.579299
1.17024e-05
0.610751
0.252526
0.398558
0.31073
0.174707
0.3522
0.284329
0.461731
0.589328
0.68451
0.373398
0.27574
0.302603
0.737771
0.505569
0.01288
0.448549
0.518748
0.329618
0.139241
0.397574
0.356683
0.396748
0.0126748
0.00652178
0.430434
0.154255
0.420259
0.612013
0.347297
0.793103
0.0130728
0.407958
0.0216869
0.00943438
0.370766
0.000126914
0.0186644
0.462698
0.368585
0.228641
0.0275339
0.0754753
0.0102405
0.557268
0.0602286
0.436785
0.432257
0.079451
0.581649
0.0549535
0.571352
0.142227
0.00303337
0.218386
0.481401
0.329169
0.61871
0.149558
0.614017
0.0933857
0.573672
0.417686
0.0627043
0.451258
0.157941
0.68374
0.608006
0.216154
0.0198046
0.379884
0.473664
0.323491
0.218899
0.855556
0.55576
0.293844
0.311664
0.096095
0.0104905
0.567981
0.0426013
0.240882
0.424429
0.0631601
0.0141453
0.401337
0.203422
0.0514214
0.308553
0.115595
0.0857187
0.0289774
0.164998
0.0311397
0.00078283
0.00425005
0.143323
0.544639
0.688374
0.324141
0.646124
0.202343
0.00192609
0.107578
0.335633
0.0830055
0.448325
0.0871795
0.00472894
0.532077
0.0763241
0.392676
0.637799
0.000349992
0.0494642
0.0670298
0.0572364
0.419797
0.43214
0.00816105
0.044207
0.282083
0.0139513
0.488131
0.255663
0.0042868
0.510873
0.187401
0.14444
0.584015
0.00931478
0.253784
0.164367
0.364758
0.0875892
0.322609
0.163451
0.488437
0.620797
0.623579
0.128457
0.298327
0.536815
0.137081
0.187874
0.00368742
0.107155
0.520008
0.519166
0.728915
0.0117667
0.216645
0.611812
0.310117
0.334361
0.0487663
0.192036
0.283766
0.603248
0.349474
0.187959
0.189587
0.519536
0.0669901
0.0655032
0.0704111
0.108581
0.00649302
0.102001
0.124322
0.0442827
0.267974
0.091348
0.456366
0.673767
0.0465909
0.318311
0.0801315
0.345656
0.594251
0.37521
0.0114046
0.316111
0.0029194
0.223499
0.140411
0.182993
0.0942416
0.054295
0.00254115
0.16408
0.00805857
0.734201
0.585348
0.475797
0.587968
0.306679
0.480412
0.219117
0.550814
0.00967843
0.444362
0.357562
0.385253
0.011787
0.189095
0.0697073
0.509567
0.011127
0.400219
0.000953237
0.294198
0.678018
0.349072
0.0277066
0.0834218
0.483384
0.350044
0.428356
0.259672
0.449244
0.0238411
0.391213
0.424052
0.00101957
0.331234
0.0013237
0.101003
0.182085
0.0962993
0.102576
0.576528
0.265281
0.295113
0.225192
0.165222
0.389166
0.545062
0.762773
0.725065
0.00660122
0.0131833
0.250128
0.561657
0.164414
0.539004
0.513139
0.0204453
0.00555676
0.444852
0.154597
0.00105587
0.297933
0.0807245
0.169218
0.585525
0.0673833
0.0492311
0.323671
0.567465
0.0357674
0.240805
0.349103
0.0493168
0.521028
0.50009
0.0446718
0.228592
0.00628697
0.158474
0.0204211
0.560731
0.350152
0.451793
0.45493
0.137727
0.0103407
0.0950299
4.01509e-05
0.0699823
0.254691
0.185683
0.696769
0.61703
0.296576
0.482043
0.151268
0.51007
0.501466
0.548797
0.0118502
0.296579
0.246219
0.401329
0.108084
0.612948
0.378237
0.32501
0.495012
0.551647
0.45279
0.0392222
0.00282881
0.227781
0.391606
0.160359
0.321135
0.781552
0.00176259
0.439539
0.343266
0.190003
0.378801
0.680688
0.10622
0.836074
0.00226055
0.0489348
0.0105459
0.102626
0.0308957
0.0481387
0.133151
0.530398
0.389364
0.534444
0.134185
0.00997018
0.00191006
0.818946
0.523061
0.293126
0.337852
0.0445395
0.137354
0.237972
0.640273
0.0245628
0.428766
0.375979
0.610672
0.177946
0.0938377
0.143168
0.00846503
0.311626
0.275879
0.380735
0.424698
0.00476972
0.455318
0.326448
0.0714465
0.148362
0.753253
0.00184939
0.106138
0.290833
0.0444342
0.557653
0.650123
0.201877
0.472167
0.66384
0.317358
0.416514
0.00305043
0.0993675
0.155446
0.281491
0.185938
0.414938
0.308469
0.27211
0.0339123
0.501403
0.167982
0.240315
0.331046
0.58798
0.0864741
0.0394926
0.141208
0.393883
0.0755507
0.0245184
0.563371
0.0562463
0.0690834
0.0630888
0.0980334
0.038383
0.283133
0.296939
0.0031582
0.11743
0.370288
0.213656
0.0579698
0.135252
0.139446
0.0342998
0.769928
0.00167892
0.15408
0.168611
0.785917
0.0085948
0.235427
0.476466
0.253466
0.344145
0.447569
0.306812
0.0345304
0.306824
0.231648
0.116195
0.281942
0.352417
0.302442
0.00206855
0.198176
0.401664
0.0291091
0.099817
0.527423
0.173915
0.000745459
0.306525
0.240105
0.128933
0.0372989
0.37301
0.0405012
0.138819
0.101729
0.0786897
0.554004
0.143434
0.362714
0.179474
0.388977
0.327286
0.599646
0.314204
0.00350064
0.277626
0.355352
0.43057
0.110026
0.487967
0.116651
0.0153997
0.0607016
0.253699
0.252322
0.335608
0.444176
0.00419776
0.168303
0.0246922
0.177145
0.166691
0.0283668
0.259135
0.00341142
0.27528
0.272808
0.1835
0.435201
0.000148505
0.534809
0.278673
0.372986
0.00498923
0.423069
0.102362
0.330847
0.142036
0.406087
0.515016
0.667376
0.0190888
0.279352
0.0226441
0.00498723
0.617422
0.00977146
0.296269
0.0062428
0.144319
0.346904
0.0246562
0.283196
0.302254
0.222229
0.181342
0.178812
0.0253582
0.306079
0.699171
0.613679
0.337193
0.367101
0.589858
0.00138016
0.38414
0.172823
0.0636946
0.324369
0.393263
0.286828
0.0678137
0.136771
0.332715
0.0289655
0.321416
0.422722
0.319088
0.49725
0.627077
0.571904
0.236226
0.442452
0.00490176
0.27119
0.31984
0.652175
0.436824
0.704138
0.429794
0.700097
0.0444309
0.0306824
0.266283
0.084141
0.168468
0.245658
0.107369
0.00727593
0.714652
0.18027
0.589285
0.0236724
0.00614392
0.0136176
0.34152
0.0474057
0.71375
0.00671946
0.250489
0.100947
0.452587
0.680336
0.576113
0.12693
0.0818434
0.569026
0.115215
0.118848
0.832116
0.000772129
0.297339
0.00883105
0.437739
0.0105347
0.295503
0.543889
0.681126
0.467251
0.455287
0.0962943
0.494389
0.000622855
0.471177
0.337173
0.0226938
0.121624
0.0108052
0.0773755
0.282463
0.253377
0.136358
0.231772
0.0573771
0.282034
0.00360781
0.0185468
0.0302815
0.291392
0.294879
0.0549022
0.05077
0.0999588
0.00277153
0.010006
0.117764
0.0119188
0.0197005
0.113837
0.528114
0.262212
0.457719
0.236714
0.00475338
0.0283894
0.485424
0.155216
0.706378
0.661633
0.018798
0.402288
0.13737
0.577382
0.59235
0.54164
0.221963
0.0456114
0.443711
0.264737
0.683662
0.576406
0.0769803
0.172521
0.114018
0.253058
0.561522
2.14553e-05
0.322686
0.401811
0.621824
0.418032
0.00510263
0.400152
0.00783709
0.451215
0.250449
0.192901
0.81119
0.273272
0.322636
0.463123
0.316779
0.00927566
0.026381
0.338987
0.0217523
0.341164
0.548298
0.342385
0.501408
0.108495
0.0674933
0.531496
0.00640874
0.0872115
0.632925
0.204032
0.124334
0.670138
0.0144011
0.0733993
0.566504
0.213316
0.513195
0.0239048
0.00225172
0.409895
0.37149
0.155145
0.118458
0.0516807
0.643787
0.662999
0.227806
0.382334
0.0358582
0.222686
0.3071
0.487151
0.32273
0.0765773
0.345803
0.0714845
0.486328
0.293516
0.426168
0.335102
0.0827109
0.433373
0.0210698
0.0299129
0.398426
0.0732046
0.185556
0.118226
0.086508
0.405131
0.582786
0.385653
0.0902059
0.0852037
0.411975
0.334559
0.502199
0.049636
0.0390656
0.133791
0.272812
0.221088
0.16083
0.354659
0.363927
0.469934
0.314003
0.0173144
0.602705
0.247725
0.0243289
0.353781
0.479507
0.426355
0.590532
0.264252
0.302158
0.0197063
0.0792624
0.00856346
0.339832
0.000574375
0.0102041
0.34841
0.465447
0.280929
0.147671
0.285526
0.407302
0.00663227
0.146598
0.177748
0.183515
0.302819
0.0824096
0.54093
0.381401
0.0370569
0.0558293
0.444795
0.350698
0.100251
0.268858
0.0715562
0.60583
0.256046
0.0325805
0.435775
0.474784
0.0378551
0.206127
0.186643
0.139587
0.0678462
0.407693
0.0154113
0.46657
0.451355
0.0740218
0.00810934
0.505964
0.30331
0.266585
0.0246363
0.188371
0.105147
0.50279
0.335976
0.0813111
0.0800027
0.608517
0.341589
0.0118579
0.319087
0.395843
0.246334
0.708092
0.181619
0.18305
0.227143
0.631942
0.290864
0.376603
0.444232
0.016457
0.221058
0.0124941
0.270996
0.304762
0.564051
0.820501
0.527397
0.00403156
0.466775
0.232202
0.00194251
0.347681
0.0273596
0.357429
0.0263787
0.239562
0.000679595
0.19404
0.215868
1.21908e-05
0.430357
0.0531048
0.0695127
0.382099
0.559434
0.644828
0.0558824
0.760966
0.297556
0.712633
0.0201969
0.810664
0.0366957
0.00113263
0.394029
0.710746
0.00226401
0.636842
0.321664
0.00252091
0.41911
0.751622
0.144626
0.0568073
0.334229
0.249598
0.451526
0.288881
0.0426655
0.000110985
0.303688
0.00209287
0.65346
0.377005
0.0203309
0.00234728
0.0395955
0.00117893
0.508137
0.337935
0.107035
0.0553245
0.412791
0.491198
0.0559287
0.436442
0.00117394
0.405466
0.346236
0.0702477
0.315348
0.414924
0.0556927
0.26685
0.311947
0.450105
0.00892893
0.00254216
0.396928
0.0234716
0.408485
0.308682
0.4617
0.434776
0.187883
0.185721
0.350219
0.499779
0.0418796
0.332917
0.356583
0.630248
0.000246523
0.494866
0.00571361
0.222041
0.623483
0.3367
0.691424
0.213911
0.0586283
0.263747
0.663956
0.272558
0.0593242
0.417927
0.304602
0.0655432
0.00182794
0.45326
0.004008
0.33568
0.458653
0.707228
0.400924
0.349408
0.382506
0.175447
0.0613557
0.396185
0.429461
0.181499
0.617589
0.193437
0.291184
0.420806
0.0824985
0.247191
0.33803
0.00395257
0.542307
0.475078
0.0983578
0.0986824
0.54854
0.0525264
0.246388
0.0225741
0.170015
0.206011
0.335421
0.0459552
0.0668863
0.364612
0.00372093
0.364706
0.594917
0.0940607
0.324814
0.0698135
0.290183
0.0629545
0.0425895
0.00275477
0.00661186
0.018879
0.00111817
0.177553
0.000801579
0.45457
0.645551
0.122416
0.181989
0.0660939
0.0451246
0.505606
0.227368
0.000827209
0.000895418
0.0151593
0.00628156
0.496001
0.0513821
0.364163
0.12512
0.331352
0.4333
0.452805
0.532986
0.684317
0.0594533
0.0464523
0.00382199
0.032226
0.336131
0.340468
0.125883
0.01059
0.272577
0.0844408
0.0260383
0.315504
0.522436
0.529879
3.27973e-05
0.514248
0.241634
0.386652
0.00780059
0.287216
0.350322
0.309606
0.0627803
0.227336
0.278871
0.207301
0.281436
0.00796442
0.250325
0.0110039
0.358095
0.0311678
0.277863
0.254849
0.655382
0.0905226
0.0525082
0.589794
0.342397
0.0090799
0.0348733
0.0958515
0.0508533
0.311794
0.0727066
0.124279
0.302387
0.458931
0.0922939
0.206242
0.267996
0.135142
0.311855
0.154977
0.712844
0.444881
0.453067
0.531135
0.514093
0.058572
0.356711
0.587239
0.528914
0.029826
0.208724
0.189494
0.0565374
0.00850661
0.00889418
0.509454
0.491946
0.553428
0.201154
0.357438
0.00329997
0.00135949
0.418693
0.31555
0.523508
0.316946
0.0609575
0.0115589
0.421461
0.109509
0.00488442
0.341862
0.00186362
0.22728
0.273974
0.00220234
0.451323
0.135485
0.439421
0.0483578
0.125855
0.319269
0.248631
0.339987
0.435756
0.412592
0.272265
0.316595
0.0133586
0.0382174
0.0974871
0.68495
0.169818
0.555281
0.234448
0.239475
0.608362
0.000471106
0.743355
0.405203
0.168718
0.153997
0.86794
0.311026
0.141956
0.328155
0.0795996
0.53557
0.263267
0.0296276
0.0392545
0.0022141
0.320369
0.324873
0.0731929
0.242321
0.1441
0.331983
0.0251954
0.0600102
0.331982
0.0276008
0.172575
0.442964
0.320733
0.000291651
0.0343931
0.651244
0.541076
0.00874422
0.830604
0.649623
0.0133999
0.479775
0.0540746
0.31189
0.229482
0.0136217
0.0478576
0.0106378
0.16014
0.00991478
0.105724
0.0964738
0.212824
0.000779457
0.531681
0.0029521
0.0752433
0.127206
0.482595
0.357288
0.0181523
0.29006
0.209449
0.0389151
0.00553588
0.333983
0.229467
0.105796
0.0412807
0.00286346
0.283113
0.00435623
0.0236878
0.311951
0.0863246
0.313007
0.575595
0.15916
0.418014
0.0793459
0.324546
0.0313435
0.125563
0.557404
0.398343
0.00351752
0.411836
0.198197
0.0262935
0.323813
0.432079
0.00584349
0.0446823
0.0143526
0.514781
0.0666246
0.00200564
0.312684
0.480347
0.243929
0.360531
0.103026
0.119728
0.162898
0.157259
0.0187413
0.207404
0.136542
0.0280229
0.653456
0.316644
0.270198
0.515277
0.133237
0.256935
0.41476
0.134949
0.0145918
0.811267
0.315784
0.400111
0.294256
0.552624
0.437709
0.840134
0.230596
0.00422696
0.234644
0.00307382
0.000425981
0.296323
0.00103842
0.790608
0.625629
0.526703
0.79494
0.447554
0.112401
0.245668
0.155329
0.316475
0.00405825
0.32732
0.507152
0.787784
0.170913
0.153983
0.471921
0.222862
0.0624418
0.116122
0.206169
0.319925
0.139142
0.421325
0.200378
0.0478136
0.277958
0.637995
0.482892
0.353076
0.323352
0.162443
0.270139
0.34218
0.253245
0.497626
0.240477
0.392564
0.116483
0.0366627
0.180028
0.23058
0.105019
0.468951
0.309315
0.106748
0.61515
0.268557
0.0827251
0.641016
0.287078
0.0109256
0.353052
0.251669
0.624833
0.841737
0.0208135
0.480962
0.00291883
0.220227
0.305182
0.544866
0.300006
0.163219
0.00463901
0.366109
0.0280247
0.778069
0.102871
0.242011
0.348582
0.0523817
0.468407
0.614286
0.234557
0.507902
0.0954672
0.507755
0.676886
0.0335637
0.0047406
0.0361291
0.274061
0.515569
0.0382208
0.313704
0.00677667
0.18545
0.135602
0.309675
0.556145
0.615251
0.441227
0.493642
0.0949465
0.195623
0.0906297
0.840151
0.120902
0.304885
0.165996
0.48727
0.401399
0.322759
0.0157133
0.387948
0.423619
0.192141
0.271332
0.692944
0.0217222
7.05668e-06
0.170369
0.252698
0.0354399
0.021583
0.000332466
0.138926
0.0988589
0.549083
0.368478
0.729521
0.0308349
0.360515
0.278291
0.146252
0.135514
0.836756
0.436434
0.223956
0.38927
0.00396494
0.0867347
0.269832
0.438783
0.447637
0.0926086
0.779091
0.148513
0.043785
0.539599
0.270741
0.258693
0.525024
0.0186852
0.052655
0.0113389
0.0684466
0.00210139
0.249576
0.28513
0.394174
0.128461
0.225528
0.147725
0.673077
0.277766
0.04144
0.172398
0.474363
0.231482
0.0416225
0.538511
0.417442
0.157895
0.204776
0.0409217
0.591613
0.377158
0.508702
0.0176451
0.375293
0.0173035
0.480069
0.122716
0.688107
0.59999
0.0242349
0.581656
0.35945
0.00418737
0.186234
0.112076
0.033517
0.344067
0.0861528
0.0994904
0.613574
0.410319
0.302497
0.134141
0.179623
0.705707
0.702013
0.274355
0.320108
0.158488
0.105513
0.000144851
0.427944
0.23282
0.5234
0.192235
0.268373
0.286688
0.854829
0.449474
0.200959
0.00985504
0.557781
0.443394
0.0163615
0.233699
0.571316
0.628265
0.402401
0.279688
0.499676
0.299872
0.622866
0.3883
0.532082
0.280388
0.45308
0.709733
0.343392
0.541793
0.193322
0.624747
0.36006
0.0831832
0.366304
0.0443601
0.507894
0.353007
0.352053
0.244462
0.0185056
0.0395132
0.512419
0.33557
0.41911
0.352283
0.26426
0.0725019
0.0523083
0.431665
0.015305
0.00601167
0.553164
0.180595
0.431744
0.380377
0.314349
0.101801
0.0516354
0.00385212
0.00170635
0.628516
0.000916132
0.1709
0.265579
0.0365835
0.600868
0.885383
0.546231
0.545437
3.72676e-05
0.398683
0.141491
0.469512
0.325095
0.158503
0.53784
0.208385
0.0102203
0.210838
0.444954
0.337828
0.511986
0.304399
0.311907
0.224932
0.0186232
0.444028
0.0586907
0.0344203
0.655799
0.133405
0.116925
0.390607
0.0207241
0.0818972
0.12808
0.0254611
0.501397
0.0084622
0.106898
0.114098
0.405046
0.47744
0.229223
0.626044
0.00771046
0.352527
0.202752
0.228538
0.286906
0.368546
0.486397
0.558318
0.0221076
0.310694
0.648264
0.497044
0.462058
0.00154099
0.650662
0.0204879
0.48856
0.372825
0.401572
0.626139
0.161379
0.191736
0.254079
0.212193
0.0466005
0.411174
0.0458568
0.0333568
0.205721
0.0422171
0.0940041
0.260189
0.263833
0.775826
0.283057
0.0239675
0.0277539
0.326855
0.021302
0.264945
0.141449
0.160768
0.300677
0.461565
0.341964
0.143742
0.289078
0.246609
0.753985
0.588254
0.30076
0.571954
0.522971
0.0281015
0.40014
0.579076
0.0538582
0.312027
0.331947
0.443105
0.174332
0.161309
0.716053
0.037682
0.556933
0.236123
0.161427
0.528553
0.545531
0.465982
0.0100595
0.124351
0.192892
0.443108
0.653383
0.0345185
0.326149
0.203845
0.603306
0.41204
0.0294567
0.0678956
0.568522
0.00369207
0.351362
0.475078
0.340004
0.100988
0.00490901
0.704457
0.296065
0.373362
0.852491
0.0116191
0.0526988
0.0468375
0.133163
0.558377
0.277542
0.146342
0.00665763
0.198335
0.0279241
0.389206
0.0890269
0.0073283
0.0149407
0.334635
0.0416434
0.0398685
0.262062
0.196988
0.389254
0.300839
0.692962
0.0186151
0.731008
0.418007
0.365715
0.420302
0.000243271
0.144789
0.242791
0.676992
0.07846
0.226776
0.333635
0.50614
0.485375
0.346529
0.436025
0.499783
0.141609
0.484407
0.169664
0.0149632
0.539608
0.504181
0.117456
0.135931
0.282388
0.00714788
0.139287
0.128612
0.288965
0.145425
0.60124
0.102047
0.199417
0.427354
0.373719
0.815687
0.111162
0.344739
0.560814
0.253333
0.204663
0.0141692
0.152047
0.170708
0.271755
0.74966
0.282877
0.260803
0.527644
0.085221
0.307298
0.519262
0.509127
0.304773
0.00498875
0.362896
0.0904245
0.0311735
0.508911
0.856664
0.354772
0.00622084
0.700788
0.550903
0.347835
0.177083
0.0360646
0.0111633
0.528981
0.044848
0.226654
0.266889
0.0270185
0.259416
0.0252347
0.0166889
0.301752
0.299859
0.267462
0.30324
0.149205
0.0197972
0.503235
0.28807
0.0300556
0.0113034
0.513301
0.830018
0.701486
0.541268
0.570963
0.215258
0.367949
0.227257
0.0627486
0.529491
0.0223693
0.124796
0.468118
0.179733
0.0222943
0.353353
0.656148
0.0251747
0.229164
0.00261723
0.591287
0.126082
0.429598
0.10668
0.354721
0.630924
0.375735
0.366508
0.748708
0.124583
0.231598
0.0961057
0.0794663
0.750186
0.00270494
0.274644
4.38409e-05
0.351716
0.430265
0.000320123
0.878173
0.312687
0.662147
0.0242848
0.0130827
0.0560167
0.44035
0.286568
0.284227
0.298502
0.161914
0.406747
0.12875
0.623445
0.338405
0.692089
0.405118
0.542106
0.152283
6.3366e-05
0.172846
0.407167
0.039543
0.0272064
0.733183
0.393642
0.675732
0.259692
0.379565
0.197732
0.308049
0.145376
0.0227181
0.315265
0.34925
0.131015
0.405153
0.719882
0.152047
0.0109938
0.448887
0.33532
0.323848
0.596651
0.43865
0.402951
0.229456
0.497658
0.336264
0.270183
0.0239019
0.0482403
0.446849
0.0341903
0.25227
0.697231
0.150547
0.355924
0.00363367
0.108871
0.0661187
0.337067
0.225551
0.303014
0.805166
0.00166178
0.044258
0.508124
0.00330406
0.674424
0.215094
0.220433
0.370894
0.531874
0.253019
0.372493
0.00674339
0.703492
0.388322
0.118255
0.165847
0.22305
0.119583
0.106753
0.72125
0.655904
0.616484
0.252816
0.134638
0.388773
0.700679
0.619446
0.158968
0.599124
0.219984
0.576591
0.218419
0.0162081
0.679555
0.532827
0.00300087
0.102254
0.429389
0.0482271
0.384661
0.789802
0.497242
0.658962
0.509911
0.175723
0.0387604
0.198121
0.506998
0.684828
0.430568
0.571419
0.467382
0.0331101
0.213404
0.218324
0.00172632
0.280898
0.486195
0.285478
0.655672
0.00196762
0.0848809
0.445547
0.00145444
0.0612771
0.577907
0.493736
0.101631
0.0122249
0.538212
0.501999
0.421511
0.380266
0.221208
0.146413
0.0153065
0.0975704
0.378923
0.391977
0.112862
0.331609
0.608264
0.579916
0.516056
0.151598
0.10894
0.0119643
0.185881
0.0728299
0.411079
0.0364974
0.00194383
0.727015
0.307953
0.60401
0.694872
0.141561
0.17875
0.0846829
0.238919
0.318064
0.818796
0.646175
0.00704411
0.0689738
0.216268
0.360045
0.116772
0.645809
0.437071
0.00988026
0.265837
0.0616925
0.393586
0.0240317
0.469613
0.563279
0.137248
0.0475837
0.780634
0.000361273
0.122713
0.0364996
0.191624
0.634388
0.155201
0.550526
0.555083
0.00972465
0.484194
0.000553407
0.522524
0.114831
0.241894
0.448951
0.673245
0.000955806
0.0602133
0.384516
0.329665
0.394197
0.160951
0.0075321
0.304239
0.262582
0.374333
0.635395
0.00309703
0.541405
0.390031
0.288347
0.172626
0.73366
0.284416
0.142919
0.161272
0.0225497
0.032362
0.216468
0.537259
0.518573
0.127521
0.574666
0.653568
0.143561
0.588634
0.0351165
0.457205
0.0648587
0.521606
0.299968
0.00631789
0.52042
0.09938
0.120424
0.36909
0.0019048
0.702619
0.104519
0.285326
0.028789
0.166977
0.0117699
0.142915
0.397672
0.390937
0.337922
0.45008
0.370896
0.807762
0.373317
0.318421
0.116586
0.373133
0.00334762
0.355902
0.448783
0.383153
0.0268874
0.244299
0.000914678
0.0100044
0.672248
0.613108
0.281299
0.0460994
0.26971
0.555723
0.461386
0.617494
0.0821637
0.401566
0.0575963
0.123808
0.0550895
0.00118729
0.0178466
0.0319219
0.225887
0.508887
0.0742434
0.539697
0.00145887
0.0041887
0.655099
0.567661
0.00751918
0.604359
0.621817
0.359824
0.777132
0.663851
0.183357
0.338807
0.626858
0.617752
0.000301997
0.252381
0.21044
0.54641
0.122139
0.327283
0.261698
0.385597
0.311168
0.308122
0.0761363
0.60762
0.647538
0.430265
0.0133965
0.480723
0.175419
0.752518
0.406378
0.0884773
0.0736467
0.0520237
0.484999
0.585259
0.326921
0.0540117
0.402251
0.570698
0.0156299
0.0109048
0.0755863
0.468035
0.663337
0.453867
0.704361
0.214332
0.0782332
0.493996
0.290234
0.419703
0.160348
0.0598369
0.0809438
0.0297628
0.365322
0.000949485
0.0341216
0.304227
0.411096
0.0359189
0.036844
0.418729
0.597218
0.246194
0.358212
0.284111
0.011356
0.45896
0.297852
0.286575
0.358152
0.542687
0.393115
0.0228879
0.606119
0.608878
0.125097
0.682731
0.425671
0.304062
0.32761
0.00956728
0.0725785
0.654823
0.277427
0.137571
0.227903
0.00260681
0.478024
0.0427662
0.438992
0.434519
0.369679
0.0308066
0.458981
0.540004
0.0601739
0.205446
0.090357
0.377204
0.0575967
0.102102
0.377542
0.333154
0.447945
0.384188
0.463498
0.00332326
0.651998
0.0734594
0.160011
0.16757
0.570655
0.33669
0.433675
0.378054
0.163081
0.205098
0.21819
0.164993
0.315164
0.0561282
0.0657649
0.545818
0.485391
0.323185
0.343505
0.0590199
0.0203719
0.67871
0.386227
0.127322
0.292797
0.778994
0.0835934
0.314626
0.623197
0.207363
0.245517
0.206228
0.00420398
0.364341
0.360068
0.0997789
0.2518
0.232496
0.233394
0.368493
0.636891
0.000517928
0.224323
0.00108968
0.318834
0.332446
0.00239379
0.29859
0.150058
0.314618
0.472243
0.330167
0.324764
0.453681
0.0416691
0.193186
0.0524379
0.180642
0.0515634
0.0705691
0.107209
0.176096
0.299176
0.37253
0.819964
0.0488089
0.00145855
0.000594098
4.41838e-05
0.0029664
0.37939
0.549892
0.318843
0.127761
0.259993
0.223713
0.121183
0.424681
0.0103813
0.527287
0.145054
0.00222317
0.0248141
0.432147
0.476275
0.4517
0.0270974
0.276597
0.372153
0.470269
0.449653
0.459853
0.285799
0.238212
0.564744
0.05072
0.624298
0.544472
0.00141442
0.287214
0.411573
0.018356
0.0601064
0.12096
0.299691
0.188708
0.380149
0.026124
0.0715223
0.453156
0.100532
0.342665
0.298676
0.209707
0.0329671
0.438139
0.275954
0.0578363
0.053797
0.236907
0.408534
0.0738798
0.122906
0.445862
0.156678
0.199488
0.494387
0.529623
0.238243
0.157841
0.162038
0.302367
0.200115
0.287067
0.139848
0.0437613
5.41036e-05
0.091611
0.00423242
4.77657e-06
0.563641
0.122118
0.0158484
0.332717
0.0188357
0.315299
0.674721
0.384034
0.220795
0.462179
0.18674
0.324487
0.0702284
0.00904912
0.00445003
0.166142
0.251308
0.232118
0.0938403
0.294572
0.39981
0.577334
0.19143
0.00155521
0.206977
0.261019
0.0002995
0.234968
0.119474
0.301035
0.46179
0.275296
0.224797
0.612239
0.181674
0.501948
0.404698
0.0173381
0.319512
0.194002
0.152633
0.36954
0.268784
0.129307
0.0785429
0.0171397
0.434822
0.517762
0.536628
0.0477327
0.475322
0.061398
0.100116
0.256974
0.400561
0.121366
0.251837
0.424052
0.253313
0.368353
0.00217006
0.296772
0.0162882
0.0744578
0.0683935
0.367457
0.294778
0.393668
0.121456
0.189155
0.53013
0.515827
0.048965
0.000508626
0.180588
0.396742
0.220245
0.0304152
0.247089
0.522192
0.0729638
0.0187698
0.148248
0.244505
0.46923
0.433814
0.405058
0.0896935
0.0924872
0.00777345
0.162378
0.607004
0.495898
0.147111
0.445394
0.370363
0.475591
0.336165
0.584111
0.480817
0.301429
0.307339
0.285885
0.508617
0.28768
0.56795
0.338511
0.12527
0.203017
0.620188
0.0792433
0.782074
0.0393342
0.707808
0.169341
0.0520512
0.367797
0.684563
0.0469221
0.227037
0.0475212
0.492988
0.207897
0.416645
0.285383
0.213667
0.385215
0.314613
0.389107
0.22457
0.409406
0.300901
0.240808
0.565314
0.64098
0.282943
0.0363343
0.115199
0.181168
0.582461
0.193819
0.410766
0.292691
0.00397267
0.360027
0.0921036
0.0361193
0.144527
0.359891
0.27462
0.0169956
0.449142
0.420591
0.0372288
0.599968
0.335688
0.101728
0.000482131
0.16122
0.488768
0.443133
0.30017
0.0506993
0.469453
0.223053
0.382052
0.318314
0.439336
0.00669607
0.269609
0.771205
0.00327866
0.301876
0.00970448
0.120842
0.0744887
0.631494
0.127584
0.31692
0.126433
0.304873
0.168984
0.0623555
0.820089
0.104019
0.140161
0.637187
0.793699
0.055385
0.370638
0.00022505
0.387267
0.413125
0.594971
0.21235
0.329373
0.183095
0.125035
0.425177
0.600442
0.56885
0.594255
0.310618
0.0148948
0.0313234
0.00502797
0.332924
0.23697
0.302887
0.566972
0.568059
0.397746
0.00744166
0.515794
0.332629
0.0836127
0.277221
0.169864
0.0749211
0.494032
0.459566
0.749353
0.18726
0.194041
0.494371
0.0930713
0.354253
0.303751
0.142138
0.143933
0.225443
0.051877
0.543153
0.283618
0.653562
0.340466
0.00860717
0.415892
0.0622541
0.00592368
0.268736
0.136821
0.130164
0.0502591
0.00744011
0.453724
0.157786
0.373794
0.0132783
0.0208918
0.161498
0.259883
0.163829
0.567437
0.380652
0.149455
0.276368
0.646784
0.321013
0.0148762
0.0407161
0.194092
0.63139
0.0716815
0.0204482
0.634335
0.0114359
0.44547
0.0734805
0.564
0.236806
0.387557
0.0968829
0.175136
0.0704938
0.110511
0.393907
0.459824
0.469154
0.101646
0.69403
0.246203
0.255494
0.335197
0.640692
0.597908
0.0153351
0.177103
0.0262705
0.677407
0.0701823
0.221498
0.320016
0.518395
0.258063
0.12796
0.2506
0.171983
0.360106
0.319444
0.19309
0.11849
0.123483
0.485903
0.09423
0.0710892
0.0047556
0.409048
0.25402
0.325693
0.00372836
0.112896
0.0536316
0.000464136
0.73506
0.354572
0.018634
0.355607
0.417112
0.333576
0.0620512
0.0882939
0.428197
0.675562
0.213636
0.408194
0.566143
0.0696463
0.0118736
0.0345644
0.321709
0.567432
0.425772
0.0890028
0.658161
0.175043
0.131884
0.315123
0.471424
0.587076
0.306086
0.000730081
0.00626444
0.400178
0.0402469
0.131093
0.649731
0.105791
0.202859
0.38536
0.480206
0.051763
0.611956
0.348038
0.0262054
0.354127
0.00188377
0.179731
0.650819
0.15593
0.131903
0.333648
0.0780466
0.228502
0.179834
0.479292
0.0136398
0.03818
0.51842
0.246723
0.0763628
0.246316
0.663139
0.508035
0.357293
0.000287654
0.259271
0.786753
0.0522487
0.319476
0.777301
0.173916
0.00068841
0.451315
0.420946
0.317043
0.717303
0.141484
0.208217
0.0584918
0.611604
0.0157535
0.0397471
0.154468
0.00403327
0.434802
0.0414711
0.00920472
0.0197163
0.164155
0.263369
0.0734711
0.0273957
0.174726
0.565847
0.0124615
0.341744
0.37394
0.297481
0.00153995
0.436593
0.465979
0.40147
0.0811461
0.190199
0.0483903
0.0835486
0.0109414
0.374296
0.0612695
0.308622
0.584701
0.492863
0.71143
0.481087
0.0168545
0.457057
0.162761
0.286387
0.25459
0.178464
0.0212342
0.0761673
0.105678
0.620524
2.43935e-05
0.0402212
0.244605
0.325873
0.634511
0.232979
0.474731
0.259778
0.0119469
0.23728
0.021996
0.0282789
0.0692748
0.293035
0.0137025
0.335356
0.00205744
0.185902
0.482592
0.631584
0.0180816
0.0750421
0.859564
0.182249
0.0105942
0.0914116
0.230217
0.000326393
0.251134
0.787399
0.275343
0.00584083
0.153361
0.282316
0.848506
0.314658
0.450819
0.0849629
0.0172256
0.0296305
0.556605
0.163697
0.580019
0.442112
0.0159068
0.0605869
0.0675171
0.253461
0.334641
0.264673
0.102465
0.527232
0.0835096
0.123826
0.292362
0.0471554
0.257887
0.315941
0.6502
0.161185
0.558501
0.359511
0.155852
0.257481
0.148848
0.418139
0.378623
0.0767473
0.112695
0.265714
0.219198
0.0666245
0.0849723
0.57361
0.168404
0.341975
0.421127
0.019367
0.0516187
0.137808
0.102674
0.475076
0.0171249
0.394149
0.281805
0.053325
0.294665
0.0810423
0.465547
0.487661
0.108253
0.633788
0.0254238
0.219943
0.187102
0.316327
0.0460163
0.0339856
0.121416
0.427503
0.25837
0.118825
0.470105
0.556312
0.483953
0.0573181
0.000751892
0.568131
0.311518
0.420141
0.0521253
0.537614
0.169205
0.517299
0.446406
0.133108
0.389656
0.645545
0.266811
0.56437
0.375854
0.037211
0.0619265
0.329728
0.77942
0.00279919
0.30172
0.247286
0.0911999
0.0132345
0.0850593
0.0228251
0.167256
0.479553
0.739648
0.350083
0.293518
0.517426
0.48193
0.490639
0.615166
0.554695
0.368985
0.478762
0.11412
1.3265e-05
0.128795
0.11403
0.168024
0.253899
0.12915
0.213325
0.488123
0.00245954
0.205659
0.0809195
0.469666
0.0733766
0.177259
0.440664
0.0256787
0.47481
0.0575011
0.0303944
0.821596
0.252141
0.0461946
0.517114
0.601069
0.0618748
0.00877401
0.38981
0.456893
0.441367
0.39183
0.635742
0.571575
0.368285
0.267773
0.00350658
0.603523
0.0682907
0.00321185
0.3887
0.00207536
0.00507016
0.755391
0.0396675
0.334318
0.391041
0.00480564
0.0172402
0.624565
0.0497731
0.613349
0.00209915
0.250737
0.501105
0.384483
0.102329
0.420053
0.205632
0.576909
0.33607
0.210993
0.396059
0.118416
0.137777
0.00205216
0.573858
0.253561
0.626995
0.0308662
0.471251
0.0273106
0.0338835
0.00548757
0.444691
0.340419
0.0168214
0.497197
0.411396
0.47952
0.00388151
0.0173087
0.000740921
0.0872785
0.273114
0.32218
0.0137189
0.636561
0.323723
0.00601045
0.378125
0.104036
0.750242
0.185044
0.31143
0.669985
0.0350971
0.509925
0.730374
0.442939
0.177597
0.718515
0.0509327
0.272576
0.0135977
0.473304
0.240591
0.143383
0.424796
0.193052
0.0381836
0.0368933
0.40767
0.594755
0.223963
0.0609247
0.118521
0.367766
0.644749
0.427147
0.210675
0.00612023
0.528597
0.187002
0.145206
0.414795
0.390064
0.541119
0.364852
0.000143019
0.610981
0.532651
0.348277
0.316785
0.0767463
0.444241
0.277987
0.162511
0.369455
0.188944
0.512723
0.153108
0.611441
0.00293118
0.0150898
0.169391
0.0862691
0.366823
0.0049947
0.275695
0.800453
0.318789
0.0423717
0.211323
0.0114273
0.0609129
0.363406
0.577269
0.432527
0.38055
0.0220734
0.499104
0.652186
0.269629
0.492924
0.552324
0.358089
0.583603
0.11808
0.109607
0.000483548
0.284813
0.616042
0.0619279
0.000121821
0.380324
0.59199
0.375226
0.00326194
0.188423
0.00672516
0.305863
0.710005
0.293337
0.303886
0.00028814
0.616451
0.408353
0.720076
0.320895
0.0332782
0.0327235
0.619595
0.00518146
0.375041
0.0176233
0.233188
0.283112
0.304493
0.000329605
0.0158438
0.391787
0.123001
0.661121
0.529053
0.0621048
0.78377
0.58387
0.534566
0.182283
0.0328043
0.167179
0.0485714
0.00195958
0.111338
0.435409
0.183545
0.133615
0.326366
0.000977002
0.0281612
0.305255
0.490352
0.575039
0.180577
0.0285136
0.00478726
0.512037
0.0654404
0.327383
0.00381255
0.0002869
0.00058731
0.0174056
0.0607115
0.0206686
0.174927
0.394273
0.0143954