0.0690905
0.287139
0.449001
0.125137
0.0171534
0.512186
0.546103
0.400016
0.0157215
0.0579151
0.0763942
0.00196697
0.123696
0.0494665
0.137536
0.00112339
0.0737048
0.474137
3.42571e-05
0.0303822
0.566931
0.00675552
0.462705
0.247378
0.00748408
0.553148
0.123931
0.335335
0.0266733
0.0165421
0.107788
0.0979614
0.0917213
0.514788
0.0226353
0.403963
0.00138439
0.247696
0.00300714
0.00485853
0.14906
0.00320399
0.255725
0.0758024
0.534748
3.69618e-05
0.0180456
0.386651
0.0256134
0.264967
0.00628461
0.0136981
0.786296
0.140887
0.0583699
0.00676331
0.479555
0.493342
0.476708
0.340973
0.266842
0.304897
0.614039
0.436386
0.53498
0.279321
0.164762
0.500621
0.415763
0.726556
0.767187
0.43281
0.000284771
0.000350817
0.461935
0.0364439
0.14165
0.14
0.13351
0.00186019
0.0309346
0.253367
0.000276847
0.611852
0.0674667
0.744167
0.620516
0.58599
0.0500082
0.0332041
0.0031647
0.578065
0.124397
0.0737696
0.00628399
0.21197
0.285117
0.0257432
0.00360323
0.628897
0.3952
0.518526
0.102279
0.0014902
0.0147283
0.120839
0.454525
0.00569975
0.0210939
0.159645
0.00865508
0.0515828
0.702746
0.0617302
0.0128447
0.713158
0.0301759
0.0492946
0.358404
0.502406
0.00614844
0.391876
0.000136829
0.0570624
0.00324869
0.348278
0.237688
0.0111437
0.363949
0.127872
0.00273064
0.0402368
0.0202733
0.0228307
0.039047
0.486862
0.0131483
0.200491
0.656096
0.132918
0.336633
0.113216
0.163084
0.263598
0.000874453
0.599124
0.0209445
0.505862
0.404696
0.10142
0.431059
0.0635211
0.693091
0.65763
0.401668
0.24001
0.286874
0.00873506
0.565768
0.00219657
0.466933
0.0148727
0.597004
0.0987717
0.303727
0.107323
0.0499982
0.14014
0.307561
0.165127
0.00609704
0.63461
0.375013
0.00120012
0.0184393
0.000400664
0.304704
0.0749742
0.303036
0.310831
0.265603
0.00929189
0.0036899
0.447289
0.540604
1.0638e-05
0.353629
0.360732
0.0700012
0.349249
0.149586
0.00131537
0.400485
0.289826
0.225862
0.483261
2.19172e-05
0.00577444
0.318765
0.00469606
0.481151
0.537785
0.0131255
0.441312
0.00113521
0.00444601
0.0295166
0.138814
0.152474
0.0167707
0.478387
0.168258
0.404461
0.181765
0.298929
0.456346
0.565818
0.00576697
0.195434
0.379434
0.160107
0.538687
5.79463e-05
0.17662
0.435982
0.281132
0.736317
0.245135
0.0133582
0.809925
0.292574
0.0258058
0.0443244
0.121686
0.000887167
1.0175e-05
0.00292917
0.810385
0.194824
0.268808
0.000173054
0.0488031
0.379158
0.0655479
0.0141566
0.438338
0.0457833
0.327185
0.0143207
0.364991
0.414336
0.0113787
0.012602
0.358144
0.669444
0.538619
0.375683
0.136797
0.331389
0.327811
0.169517
0.0153469
0.611873
0.191603
0.0260381
0.191722
0.523428
5.1314e-05
0.184085
0.58554
0.477782
0.110494
0.000340499
0.154986
0.00995479
0.404788
0.0258633
0.676277
0.0452694
0.114196
0.221968
0.108707
0.32406
0.00071269
0.364609
0.000156939
0.0565357
0.338299
0.309407
0.0135368
0.000413058
0.00952738
0.0731878
0.194319
0.0214402
0.105611
0.0447447
0.0572688
0.00147325
0.0390806
0.00406842
0.357056
0.333072
0.553255
0.416905
0.351771
0.17082
0.326825
0.153679
0.543618
0.041719
0.000475555
0.178928
0.502339
0.305892
0.076794
0.78543
0.105121
0.0112768
0.194074
0.013004
0.141365
0.387637
0.646767
0.280451
0.0561989
0.343273
0.36726
0.04561
0.23751
0.00914954
0.0132348
0.151476
1.12354e-06
0.0459928
0.300788
0.00175631
0.00049329
0.285429
0.42117
0.277488
0.551534
0.120989
0.641304
0.315168
0.0509528
0.0336561
0.357885
0.000349057
0.265935
0.254913
0.00176808
0.0364413
0.196904
0.329658
0.428518
0.4219
0.564048
0.0247139
0.0392213
0.00188462
0.273489
0.00501737
0.262767
0.000616416
0.41048
0.389072
0.493654
0.290368
0.106558
0.288334
0.0602375
0.0533641
0.299146
0.0186984
0.550624
0.608324
0.855427
0.578951
0.215064
0.257228
0.267303
0.00196318
0.581845
0.326908
0.0727123
0.0918048
0.614777
0.284162
0.0464351
0.000873639
0.344828
0.275364
0.316746
0.10494
0.137442
0.385858
0.706935
0.596362
0.417078
0.00454538
0.317487
0.496726
0.189386
0.000185124
0.355589
0.000570516
0.0550515
0.00104219
0.525486
0.363835
0.338485
0.455892
0.15574
0.10612
0.00032118
0.332304
0.590672
0.279979
0.27785
0.0273138
0.308351
0.214438
0.0370082
0.39887
0.0975828
0.428559
0.563615
0.510855
0.228683
0.157022
0.293284
0.0220613
0.805522
0.089697
0.401884
0.646987
0.284953
0.0338219
0.470001
0.000761059
0.62078
0.0091115
0.0460336
0.298915
0.528139
0.642379
0.00484761
0.141747
0.052312
0.599726
0.325759
0.608511
0.468096
0.110334
0.471005
0.126949
0.053348
0.408544
0.74298
0.258272
0.388117
0.00690787
0.235849
0.101731
0.0116756
0.0066275
0.00594911
0.701665
0.000810108
0.572302
0.0619762
0.267034
0.145431
0.286754
0.605056
0.589787
0.417115
0.294701
0.0185255
0.219676
0.138776
0.187321
0.90956
0.27811
0.314987
0.0684522
0.0179803
0.453095
0.0465329
0.000101869
0.172594
0.087844
0.00465121
0.319952
0.0223582
0.0581361
0.230453
0.230679
0.0667886
0.0225304
0.332171
0.311085
0.420289
0.0786259
0.0100894
0.449454
0.0199722
0.481398
0.00681718
0.303272
0.00551585
0.0749034
0.0109024
0.318966
0.0361589
0.0648971
0.105572
0.429634
0.0427957
0.447026
0.0116718
0.387013
0.629501
0.0150259
0.466979
0.495431
0.00306836
0.323215
0.149378
0.346655
0.49668
0.274382
0.0491945
0.0014893
0.0949118
0.0758155
0.552489
0.276386
0.325534
0.0106452
0.410452
0.350299
0.30037
0.023675
0.0886652
0.0131892
0.576192
0.451945
0.0557909
0.331863
0.328804
0.0401196
0.29475
0.0276472
0.385551
0.192455
0.0854257
0.0125332
0.0017124
0.000719716
0.0177847
0.359089
0.634007
0.260474
0.397096
0.0386669
0.783036
0.462423
0.385562
0.425722
0.134498
0.00990662
0.142027
0.297025
0.38389
2.8767e-05
0.311082
0.317982
0.212407
0.00544577
0.361109
0.00996016
0.436641
0.011059
0.285919
0.286177
0.0413077
0.00559192
0.000160064
0.0910567
0.158574
0.00815212
0.344628
0.0771982
0.269432
0.0347494
0.467316
0.453217
0.00595225
0.25648
0.16662
0.206262
0.000937957
0.000594853
0.0526918
0.227789
0.213051
0.019575
0.00156866
0.301407
0.16842
0.00171735
9.05365e-05
0.0337116
0.513879
0.34007
0.0671908
0.373226
0.00576166
0.357594
0.688624
0.000464493
0.690327
0.0458767
0.00890559
0.297168
0.0609112
0.00010375
0.347002
0.164248
0.486838
0.325042
0.0856203
0.466527
0.45561
0.00352066
0.413094
0.384154
0.386027
0.539691
0.408043
0.565165
0.0314575
0.112124
0.278705
0.310561
0.474411
0.0331493
0.199214
0.00018428
0.475396
0.151135
0.756661
0.0206676
0.582903
0.060064
0.481097
0.00193401
0.162526
0.0106463
0.317289
0.0223343
0.430022
0.197842
0.414656
0.112791
0.122408
0.000176878
0.244747
0.0158177
0.51905
0.582897
0.00633319
0.502344
0.660654
0.383661
0.426483
0.687508
0.0331598
0.165739
0.0015903
0.895852
0.452058
0.20524
0.375555
0.0480632
0.717649
0.477842
0.798447
0.323575
0.222986
0.271944
0.299841
0.000757203
0.0010602
0.304103
0.389821
0.328814
0.0082693
0.198593
0.473755
0.0428073
0.0417801
0.781563
0.00148816
0.305395
0.607206
0.134802
1.01059e-05
0.532852
0.0951682
8.35991e-05
0.480539
0.124065
0.569812
0.0450936
0.464756
0.140537
0.539233
0.00120316
0.296654
0.000761918
0.00296235
0.343648
0.484756
0.0390015
0.788842
0.278618
0.25742
0.342739
0.032104
0.0166413
0.0159691
0.377235
0.723589
0.0949687
0.0236615
0.00280672
0.163249
0.310684
0.301927
0.0263845
0.0891041
0.45046
0.208288
0.357258
0.00431818
0.0268737
0.04507
0.018795
0.02502
0.360103
0.0303569
0.0661499
0.724943
0.313267
0.30633
0.309977
0.00136576
0.212072
0.489451
0.481635
0.00829077
0.191408
0.132511
0.552637
0.349878
0.0314377
0.0290627
0.737837
0.147053
0.0236854
0.0367074
0.0962799
0.53983
0.615606
0.128734
2.70915e-05
0.424331
0.0793944
0.00257007
0.214798
0.199755
0.151204
0.128049
0.0162388
0.325155
0.758287
0.26587
0.321055
0.0271819
0.755634
0.433543
0.30426
0.374119
0.399151
0.52009
0.667339
0.198148
0.0125635
0.000134551
0.671225
0.0310186
0.230058
0.361347
0.173799
0.158837
0.220636
0.24744
0.211648
0.425679
0.0233661
0.0597089
0.511487
0.00492627
0.216777
0.0231602
0.259687
0.647379
0.637433
0.567166
0.0199104
0.0973598
0.158701
0.224635
0.31386
0.00207723
0.372844
0.358818
0.403861
0.126657
0.222621
0.294641
0.460017
0.366035
0.137895
0.214848
0.101114
0.0565196
0.00289247
0.0159068
0.0106959
0.0112284
0.117435
0.277052
0.109697
0.00261581
0.0670106
0.011744
0.502417
0.204642
0.106316
0.1084
0.119344
0.310141
0.193618
0.032718
0.310613
0.0022944
0.0323999
0.312516
0.630071
0.178414
0.00177335
0.107732
0.573589
0.596606
0.0296303
0.273322
0.0217801
0.000328315
0.0789554
0.384255
0.000850287
0.139851
0.0153923
0.0871237
0.55379
0.471024
0.00474686
0.20914
0.591693
0.106581
0.0329649
0.686667
0.427611
0.493144
0.439679
0.213313
0.122951
0.283278
0.425274
0.10332
0.0534008
0.0369807
0.0196375
0.0303459
0.479118
0.323871
0.612178
0.155261
0.000377906
0.271012
0.346641
0.671287
0.00429212
0.279207
0.133758
0.00180848
0.189367
0.00363926
0.159103
0.154223
0.0408984
0.00334835
0.332288
0.0848347
0.000472048
0.0369515
0.504679
0.000152605
0.55642
0.443318
0.633377
0.167927
0.135811
0.535435
0.00154683
0.0983663
0.026473
0.207653
0.446917
0.363872
0.00713378
0.259998
0.138698
0.0525029
0.345977
0.0221118
0.291163
0.449175
0.446258
0.443624
0.0881336
0.0285163
0.0234866
0.346954
0.611549
0.00077698
0.0783067
0.00119836
0.477739
0.672203
0.00135129
0.0510266
0.304108
0.311404
0.190621
0.00228019
0.105089
0.040242
0.0108245
0.0117237
0.392708
0.307164
0.382551
0.10951
0.00143964
0.0229453
0.0369633
0.00104954
0.622467
0.00120636
0.222222
0.0015025
0.261351
0.0929628
0.0216761
0.0479368
0.1087
0.138676
0.779969
0.00605267
0.0344733
0.0154807
0.440721
0.00391331
0.511702
0.127096
0.00202905
0.394175
2.79653e-05
0.42227
0.469057
0.444092
0.192826
0.0109476
0.00415569
0.00463443
0.162572
0.174587
0.402737
0.000488202
0.245842
0.0388323
0.0985821
0.207591
0.678893
0.572925
7.33595e-05
0.0236498
0.725857
0.0100304
0.123206
0.00956602
0.00409729
0.206426
0.00207897
0.506631
0.0516534
0.127917
0.35995
0.00331298
0.340193
0.382785
0.0286699
0.217498
0.12306
0.00520281
0.000174842
0.0682969
0.738896
0.0324248
0.188431
0.469106
0.271055
0.34349
0.22238
0.54496
0.614948
0.03189
0.736205
0.590326
0.0653546
0.0523544
0.0587689
0.271808
0.00103317
0.105853
0.667092
0.906567
0.00760646
0.130499
0.00667207
0.166556
0.247058
0.639046
0.695683
0.122491
0.00318031
0.246821
0.382571
3.1072e-05
0.75765
0.434311
0.293336
0.106435
0.00461991
0.392616
0.217776
0.0576759
1.50028e-05
0.0126457
0.0649525
0.0260753
0.345711
0.000408357
0.013234
0.305416
0.409258
0.343493
0.0122964
0.322601
0.364324
0.00121827
0.00240932
0.429951
0.609596
0.00216562
0.220172
0.0329234
0.367791
0.158576
0.199193
0.482343
0.158418
0.101645
0.00259317
0.126876
0.582262
0.0042851
0.000125025
0.397125
0.075808
0.0485817
0.00637102
0.439822
0.0197375
0.0454386
0.438778
0.202654
0.347373
0.30373
0.264364
0.0158946
0.210323
0.0506401
0.342363
0.0836468
0.0852871
0.590821
0.00351426
0.0708356
0.124225
0.287235
0.0652513
1.35434e-05
0.0994117
0.134457
0.144714
0.279681
0.668705
0.32811
0.325545
0.0144654
0.257165
0.525441
0.492874
0.000829153
0.0787514
0.190318
8.57008e-05
0.153693
0.426127
0.391977
0.203973
0.411976
0.0142648
0.591956
0.0506946
0.406793
0.0114588
0.0116835
0.1823
0.0622478
0.504448
0.367052
0.0896184
0.0930987
0.000269976
0.0877064
0.0731404
0.714094
0.00561055
0.103256
0.669796
0.499292
0.20645
0.353347
0.408061
0.00214045
0.540931
0.0697513
0.00894609
0.0190976
0.00423222
0.102286
0.729208
0.0215527
0.664891
0.382876
0.00470534
0.0230471
0.283366
0.3126
0.266467
0.00296424
0.00598856
0.0150635
0.0200225
0.573541
0.606453
0.269321
0.401173
0.179313
0.0577341
0.00839347
0.491605
0.586676
0.00337651
0.196617
0.206835
0.0264034
0.0609399
0.331231
0.000223784
0.398256
0.801638
0.708749
0.0358118
0.468849
0.0678355
0.118721
0.0166162
0.00033681
0.317472
0.388281
0.0807737
0.149433
0.642637
0.181626
0.204201
0.217358
0.11911
0.423838
0.0521787
0.120726
0.285471
0.000467918
0.107508
0.00998724
0.0128805
0.290349
0.00726567
0.00844506
0.727116
0.278104
0.00392641
0.0136547
0.343174
0.316918
0.353614
1.9836e-05
0.20451
0.428691
0.360533
0.742744
0.734843
0.000310313
0.00953466
0.61169
0.319713
0.0514993
0.350483
0.011652
0.042374
0.272793
0.357408
0.000827465
0.0990509
0.502647
0.136374
0.327171
0.213791
0.291965
0.255609
0.000985382
0.29626
0.131239
0.0885318
0.000220932
0.172743
0.222409
0.0043303
0.126941
0.405188
0.173479
0.325501
0.137213
0.404789
0.00218696
0.0243621
0.17493
0.0103339
0.489428
0.00593394
0.234552
0.000502762
0.115569
0.0585056
0.502703
0.765875
0.651789
0.192519
0.000953456
0.61324
0.0729641
0.0115626
0.750285
0.525282
9.36828e-05
0.130324
0.125241
0.482685
0.114448
0.41589
0.324773
0.416564
0.0715449
0.170177
0.152965
0.635376
0.00546882
0.0311164
0.475944
0.290637
0.00368815
0.285198
0.0238839
0.206862
0.343252
0.505466
0.260333
0.233777
0.176504
0.351331
0.01283
0.200443
0.396605
0.415748
0.0268137
0.139001
0.919346
0.275056
0.163189
0.0485247
0.0387033
0.00731692
0.300147
0.234399
0.170254
0.368652
0.00788367
0.0798276
0.0984236
0.741035
0.0467645
0.541196
3.2221e-06
0.041523
0.0392023
0.195315
0.791262
0.00171471
0.576763
0.683413
0.0221234
0.00806132
0.00043532
0.0784393
0.238531
0.0279755
0.028496
0.101223
0.0042907
0.183686
0.00561514
0.46134
0.1284
0.285927
0.0347828
0.0726628
0.315225
0.371542
0.000194918
0.387184
0.507068
0.0233155
0.418189
0.170934
0.206689
0.126573
0.309765
0.00564663
0.305017
0.127901
0.0545399
0.329215
0.522163
0.325207
0.694949
0.00969475
0.466973
0.176733
0.50959
0.00384411
0.0897696
0.224405
0.600377
0.0147243
0.273863
0.24598
0.600582
0.011291
0.27958
0.0212941
0.239091
0.0209028
0.175674
0.00749849
0.277916
0.000359971
0.00552259
0.00346178
0.182911
0.0824149
0.202645
0.597667
3.39554e-06
0.0134902
0.0356801
0.165736
0.0330628
0.0413847
0.11456
0.0582093
0.288533
0.335989
0.547981
0.0348009
0.303107
0.000744587
0.446741
0.117218
0.132346
0.45997
0.0255108
0.419829
0.0366343
0.0838939
0.393009
0.19771
0.593298
0.50255
0.285761
0.00928363
0.0113514
0.0405546
0.00143726
0.139116
0.208726
0.315936
0.422526
0.495978
0.65212
0.461795
0.00147658
0.0315745
0.151297
0.204497
0.328992
0.31107
0.0935005
0.0292445
0.264809
0.0651124
0.189287
0.0830925
0.668435
0.618065
0.276995
0.661382
0.0304279
0.327181
0.034968
0.315562
0.145629
0.562106
0.807859
0.48251
0.0603026
0.30887
0.00703244
0.0496564
0.44075
0.103499
0.25421
0.00563316
0.613036
0.00497989
0.558747
0.445576
0.266977
0.826489
0.220469
0.404112
0.0016237
0.011774
0.0634183
0.022608
0.588475
0.150646
0.398275
0.0895783
0.321542
0.298666
0.800153
0.0331725
0.301916
0.00251365
0.00435911
0.0194847
0.687958
0.0772695
0.186055
0.0160719
0.0241776
0.00144527
0.272739
0.577374
0.12532
0.00600638
0.0244892
0.0409115
0.226026
0.0480706
0.195105
0.00484481
0.530402
0.398147
0.306131
0.0711496
0.00776543
0.00527738
0.0972185
0.210943
0.000394524
0.749736
0.266019
0.00326409
0.059354
0.244344
0.293578
0.141354
0.232216
0.0317107
0.0295756
0.353962
0.442897
0.371914
0.0197796
0.652664
0.0215174
0.0188804
0.0253122
0.0564987
0.163976
0.138684
0.397158
0.229173
0.253208
0.256184
0.00630124
0.00537341
0.600643
0.453201
0.16889
0.3485
0.0795465
0.333659
0.322785
0.368023
0.0198119
0.472704
0.240385
0.359987
0.336664
0.0875523
0.0979338
0.512952
0.405527
0.00154836
0.355751
0.371688
0.276361
0.00144193
0.38485
0.0134269
0.0634997
0.356863
0.169934
0.419269
0.434183
0.0281632
0.243146
0.120723
0.00504336
0.0595343
0.0496328
0.258829
0.00200282
0.00912128
0.491271
0.0112048
0.649364
0.163054
0.493519
0.20704
0.0116614
0.678952
0.000878394
0.426035
0.00857663
6.11111e-06
0.248736
0.0359857
0.283824
0.737716
0.00470695
0.45361
0.114979
0.677248
0.28807
0.0256786
0.105649
0.661773
0.00305156
0.53815
0.0277365
0.000932921
0.0322424
0.521667
0.132672
0.053473
0.182884
0.534346
0.309793
0.366566
0.0103884
0.585022
0.245037
0.343005
0.00855384
0.736321
0.0417426
0.00105427
0.304233
0.00209436
0.188674
0.193559
0.0687331
0.00882544
0.0118972
0.00496149
5.64294e-05
0.6749
0.0168573
0.0613311
0.0473122
0.00429169
0.0953282
0.768014
0.487577
0.0740808
0.000373445
0.49358
0.4264
0.303808
0.0742273
0.505075
0.000127089
0.0322771
0.358621
0.0248367
0.081069
0.169371
0.0126507
0.0578574
0.202608
0.316332
0.551306
0.287806
0.156949
0.10639
0.593379
0.284101
0.23147
0.541974
0.0915359
0.530522
0.0978749
0.296446
0.311855
0.00221451
0.000108951
0.525347
0.0004804
0.0432174
0.245647
0.292235
0.0996837
0.131782
0.0293869
0.496605
0.0644934
0.0219134
0.0158841
0.607791
0.317356
0.194781
0.00883556
0.00170219
0.355221
0.176606
0.401315
0.000508186
0.157241
0.398859
0.0699864
0.240491
0.54344
0.71112
0.34628
0.547685
0.0227734
0.00475627
0.452267
0.11363
0.00399146
0.65319
0.0879884
0.110807
0.00406189
0.0926583
0.00767591
0.633636
0.605999
0.0993689
0.792521
0.0208931
0.563605
0.0003813
0.000206159
0.0340867
0.0876721
0.427172
0.226008
0.0443281
0.47875
0.228874
3.28518e-05
0.236855
0.0354758
0.331473
0.398026
0.615739
0.726309
0.0471092
0.364345
0.0428853
0.000187714
0.000182031
0.77705
0.441679
0.635043
0.565475
0.777495
0.185141
0.314658
0.0931681
0.412065
0.385061
0.331701
0.0948124
0.0564279
0.116111
0.00229774
0.000771019
0.0782642
0.600869
0.00142813
0.563732
0.000737776
0.00116073
0.0803168
0.109552
0.42111
0.30411
0.445056
0.420171
0.115818
5.5269e-06
0.220353
0.166974
0.167789
0.299458
0.038879
0.206418
0.265557
0.404591
0.000196325
0.049558
0.49887
0.658918
0.000837372
0.164316
0.580415
0.0435012
0.00134452
0.0989537
0.313004
0.561715
0.283994
0.115667
0.000696294
0.505308
0.463339
0.116698
0.00514934
0.00615431
0.0906638
0.454259
0.526412
0.00032409
0.0051517
0.0281064
0.146651
0.624811
0.366768
0.607632
0.0674711
0.593984
2.58182e-05
0.29495
0.502586
0.0230593
0.473568
0.828108
0.001422
0.039451
0.355055
0.000443719
0.00728214
0.0831502
0.559186
0.340495
0.317251
0.00640933
0.136496
0.542757
0.0382709
0.564182
0.00247065
0.362483
0.214612
0.000213542
0.002496
0.640195
0.0032431
0.249782
0.352894
0.394854
0.690352
0.0583753
0.302116
0.0160102
0.62646
0.558027
0.238688
0.400194
0.0874059
0.315319
0.495568
0.00348838
0.000495514
0.594792
0.0783907
0.415338
0.0213159
0.000485287
0.00658734
0.043937
0.0884769
0.319947
0.577129
0.616984
0.228792
0.172275
0.000710814
0.525175
0.000327096
0.773048
0.00251321
0.00433348
0.093227
0.108798
0.310899
0.39754
0.225587
6.25107e-05
0.0283495
0.0180263
0.00942258
0.181246
0.0604915
0.733163
0.06431
0.205511
0.696913
0.0546495
0.00887896
0.0427995
0.197247
0.0308686
6.64187e-07
0.0728215
0.0101374
0.312399
0.0320321
0.00218776
0.0537237
0.00328632
0.0259068
0.531295
0.000534984
0.192262
0.168962
0.0389741
0.451689
0.191814
0.171648
0.258496
0.480996
0.378098
0.325196
0.280554
0.114801
0.261791
0.862411
0.340436
0.432715
0.344199
0.00679129
0.521069
0.0111388
0.195238
0.450189
0.171542
0.269617
0.497266
0.317504
0.000344205
0.32487
0.353125
0.796754
0.30497
0.872776
0.732718
0.0525741
0.313006
0.573224
0.0882937
0.366704
0.00427229
0.174764
0.172924
0.0380521
0.00262214
0.0603557
0.185371
0.0363247
0.615371
0.144015
0.00137088
0.610237
0.324921
0.236371
0.0115042
0.191731
0.104282
0.300903
0.0146252
0.762774
0.422567
0.686177
0.570722
0.0162627
0.16063
0.364238
0.104972
8.98495e-05
0.0552219
0.354427
0.065485
0.242346
0.358011
0.176474
0.490973
0.292093
0.00499331
0.0296588
0.672876
0.25321
0.0362873
0.240834
0.0718909
0.169884
0.00661172
0.00438391
0.729009
0.3218
0.172285
0.819257
0.308103
0.0917265
0.291625
0.267308
0.558586
0.0593035
0.00650754
0.125696
0.261887
0.418888
0.391439
0.00429479
0.347347
0.368118
0.00217403
0.387484
0.00731577
0.00141807
0.724588
0.606726
0.186214
0.519704
0.112903
0.115635
0.639923
0.21498
0.000356294
0.265627
0.000544712
0.126734
0.0255921
0.00637752
0.633787
0.0919821
2.57211e-06
0.212325
0.00207344
0.262444
1.32391e-07
0.346306
0.0109038
0.0204428
0.00421558
0.0506458
0.347824
0.398182
0.0497881
0.278923
0.0206107
0.00680132
0.000136193
0.51989
0.0258911
0.231327
0.00828374
0.0844559
0.00125388
0.0621996
0.307819
0.262785
0.0013866
0.0258844
0.035386
0.000897438
0.752059
0.0632395
0.23528
0.569192
0.00539431
0.390385
0.0378209
0.219013
0.479953
0.348727
0.261033
0.0157921
0.106335
0.427945
0.0128444
0.00260356
0.140689
0.102254
0.363536
0.244313
0.0754251
0.000751296
0.0322825
0.415457
0.199779
0.0240321
0.36993
0.0742626
0.146051
0.0140316
0.497186
0.00344018
0.0354953
0.124943
0.00606607
1.83964e-05
0.673804
0.00105277
0.00235383
0.458369
0.124071
0.0680023
0.542379
0.769242
0.00233012
0.0960237
0.000256078
0.0430096
0.211272
0.595309
0.408026
0.00375049
0.202329
0.378362
0.294626
0.158947
0.390716
8.25655e-08
0.326034
0.141218
0.290996
0.0104497
0.0114685
0.702679
0.0923851
0.299944
0.483646
0.00192499
0.259688
0.479202
0.147727
0.0463888
0.289247
0.747707
0.453775
0.28239
0.470797
0.417982
3.51648e-05
0.00581634
0.00234158
0.76339
0.0294906
0.123699
0.573825
0.56263
0.179166
0.104519
0.0372107
0.52532
0.187372
0.140617
0.0161352
0.345628
0.0458366
0.44986
0.332623
0.632425
0.362418
0.0173192
0.0108718
0.0268977
0.0318966
0.80992
0.00104104
0.0096674
0.0669095
0.139765
0.186326
0.295106
0.010625
0.00231351
0.295612
0.381967
0.140582
0.349345
8.46914e-05
0.411013
0.0025157
0.116614
0.247664
0.519887
0.105523
0.0310535
0.000237482
0.0825355
0.0191238
0.0368036
0.0313156
0.278802
0.000836134
0.0661786
0.330388
0.201702
0.225875
0.67771
0.149907
0.0599009
0.505842
0.271495
6.41984e-05
0.276582
0.0537675
0.467593
0.313611
0.00646531
0.0251106
0.401067
0.02261
0.000136055
0.464607
0.000826461
0.0911792
0.0207002
0.730718
0.687708
0.177583
0.0224206
0.782518
0.074533
0.032175
0.266956
0.345477
0.00598836
0.160414
0.731297
0.0422365
0.229668
0.107641
0.0284309
0.298369
0.000330716
0.497962
0.0274271
0.00381725
0.0810531
0.00131392
0.40974
0.122897
0.0236191
0.0825078
0.152888
0.0150658
0.0442643
0.614138
0.0227728
0.308033
0.000684794
0.00212614
0.377037
0.00180879
0.0172489
0.701613
0.481164
0.00621502
0.500302
0.0238356
0.139546
0.320712
0.157145
0.00617322
0.00448401
0.53611
0.147708
0.109937
0.288081
0.290344
0.327437
0.405897
0.32871
0.549586
0.000844961
0.00204309
0.00837956
0.169485
0.116244
0.338489
0.000410844
0.0212962
0.335193
0.00796108
0.133947
0.588983
0.172568
0.0016446
0.0847638
0.0831215
0.478141
0.0369128
0.00660799
0.0120877
0.707705
0.838664
0.0595879
0.179139
0.580542
0.00690557
0.0556354
0.471481
0.34149
0.116596
0.451263
0.476801
0.257406
0.0138503
0.343458
0.343051
0.514067
0.1808
0.248058
0.0760112
0.0216911
0.00751019
0.083255
0.162672
0.00159271
0.257333
0.352982
0.0471009
0.0260774
0.237303
0.0538007
0.0304661
0.00142488
0.386894
0.209357
0.000372166
0.000406482
0.00993353
0.00828493
0.532597
0.118271
0.677862
0.0531231
0.405016
0.052995
0.0088384
0.471788
7.9399e-05
0.0416545
0.312249
0.344819
0.553767
0.357791
0.164588
0.307231
0.303374
0.261259
0.477133
0.00228983
0.056673
0.0212301
0.00160336
0.195921
0.420793
8.97513e-05
0.00245157
0.235693
0.35276
0.127464
0.00239681
0.300109
0.00704459
0.00217642
0.134359
0.216053
0.0785855
0.554318
0.705224
0.701528
0.112683
0.036136
0.571023
0.270248
0.110628
0.327576
0.187667
0.46635
0.28689
0.407184
0.052056
0.0019249
0.00869722
0.453188
0.000502134
0.262687
0.444391
0.00323484
0.00844423
0.142703
0.570582
0.339227
0.00609758
0.00587944
0.393665
0.465317
0.234826
0.529428
0.819362
0.403678
0.106718
0.232835
0.55567
0.0205354
0.2934
0.743868
0.0687104
0.171563
0.0457366
0.126088
0.00702143
0.0662721
0.427764
0.00208037
0.263562
0.0230928
0.409535
0.682513
0.479122
0.17954
0.508874
6.16883e-05
0.531313
0.349145
0.0283792
0.171407
0.149786
0.000664385
0.0232778
0.446008
0.034907
0.45939
0.00288708
8.82772e-05
0.377805
0.0509592
0.0496975
0.572328
0.0103725
0.000669793
0.224569
0.208583
0.0776824
0.0228147
0.302518
0.537177
0.563082
0.0645244
0.21025
0.0755488
0.0259172
0.0130753
0.209632
0.0714727
0.199287
0.144034
0.0267329
0.0665668
1.09424e-05
0.0561937
0.0653433
0.0997302
0.0330032
0.340133
0.22572
0.337906
0.000173282
0.398223
0.336963
0.337053
0.00370009
0.63512
0.358249
0.532997
0.00615764
0.183739
0.361829
0.505129
0.0590509
0.526016
0.0590852
0.459621
0.363544
0.0386721
0.018617
0.122416
0.232318
0.0829228
0.717419
0.162645
0.000726212
0.541007
0.00640417
0.192285
0.53734
0.000315724
0.299642
0.333179
0.242061
0.0434205
0.311106
0.282465
0.0692216
0.398233
0.188435
0.453319
0.127141
0.784075
0.591645
0.000970599
0.0141935
0.0774884
0.595763
0.279439
0.0316029
0.337217
0.00753292
0.841644
0.0111466
0.0263971
0.323724
0.346957
0.277731
6.11848e-06
0.0791241
0.475506
0.276151
0.00153771
0.000383689
0.169878
0.156268
0.122513
0.244818
0.456016
0.0880054
0.000244202
0.598095
0.374455
0.158531
0.409475
0.148358
0.166853
0.0714424
0.000151841
0.335107
0.00736958
0.00731529
0.187413
0.585315
0.333891
0.736141
0.000149183
0.685962
0.117068
0.543692
0.673463
2.0288e-05
0.301769
0.378481
0.0215524
0.0062888
0.109039
0.271894
0.524144
0.00837903
0.0035197
0.000923942
0.332837
0.415546
0.349692
0.0805441
0.117678
0.471247
0.0198515
0.168709
0.00120166
0.0291728
0.0866022
0.536238
0.362514
0.298169
0.247931
0.00571638
0.000422244
8.78874e-05
0.405433
0.0152563
0.00897727
0.392981
0.00634349
0.21436
0.548835
0.0211697
0.440025
0.117918
0.479372
0.00311254
0.249828
0.0202646
0.287855
0.302067
0.437847
0.00154368
0.258965
0.0203793
0.221874
0.0763187
0.093528
0.587467
0.00867602
0.373918
0.427635
0.749235
0.00643742
0.20893
0.154195
0.228308
0.28967
0.048817
0.333507
0.0949295
0.197914
0.304751
0.243299
0.629658
0.466704
0.00545706
6.15011e-05
0.0106019
0.00899354
0.336182
0.00357454
0.560808
0.227286
0.0952184
0.10915
0.163841
0.332371
0.000341901
0.506237
0.201293
0.0809012
0.219249
0.0274005
0.52734
0.413036
0.158698
0.00116072
0.295352
0.000378552
0.0897531
0.295614
0.0921272
0.726555
0.697929
0.715647
0.0497078
0.629233
0.195953
0.370197
0.22186
0.262179
0.00616026
0.0307639
0.472252
0.0309629
0.247219
0.51149
0.0526503
3.7865e-05
0.254782
0.0960082
0.72353
0.00959232
0.00823518
0.00239845
0.00625475
0.691133
0.567671
0.17498
0.000887887
0.0195519
0.302514
0.0992619
0.2219
0.0906868
0.568356
0.177444
0.0296275
0.0128553
0.35436
0.464224
0.166469
0.288868
0.157891
2.23289e-06
0.357432
8.53596e-05
0.571245
0.159932
0.703483
0.303447
0.0236263
0.473225
0.197931
0.845094
0.0501386
0.248497
0.284521
0.0230487
0.174655
0.158391
0.0467851
0.354843
0.153736
0.518942
0.0480737
0.353634
0.114236
0.309526
0.0616319
0.213227
0.718482
0.00102194
0.436591
0.00201661
0.00891741
0.000870488
0.681882
0.432432
0.0021802
0.000889841
0.198161
0.115577
0.0392251
0.121313
0.117621
0.491256
0.127235
0.0785179
0.017218
0.236253
0.374183
0.374995
0.31464
0.00746917
0.00429283
0.653445
0.0122112
0.509134
0.343296
0.676755
0.689905
0.460022
0.291008
0.513613
0.486016
0.0730862
0.454357
0.106433
0.001053
0.647732
0.0598271
0.214765
0.603915
0.129054
0.423159
0.593471
0.0209414
0.50076
0.794258
0.0179741
0.0679047
0.246853
0.000254102
0.185333
0.282251
0.241639
0.315108
0.227008
0.240462
0.0585839
0.0574192
0.339018
0.000129038
0.054686
0.647285
0.0342805
0.639711
0.239039
0.558744
0.0646016
0.668963
0.22295
0.0255508
0.408626
0.305033
0.37564
0.220589
0.00538035
0.480026
0.000603403
0.0128646
0.506262
0.677352
0.329491
0.0522707
0.254275
0.0133285
0.00694381
0.46255
0.629193
0.000683642
0.498787
0.4872
0.000443212
0.0536947
0.49492
0.126571
0.00312796
0.210474
0.0324777
0.296246
0.354665
0.195631
0.508621
0.575304
0.341101
0.0428833
0.171918
0.399657
0.670242
0.304475
0.0571807
0.231749
0.0122634
0.342669
0.527513
0.00424336
0.00584708
0.00035326
0.482945
0.306661
0.0626926
0.60134
0.1179
0.108053
0.281919
0.00692428
0.321323
0.736978
0.327133
0.0306524
0.0476114
0.00408657
0.641426
0.176054
0.158774
0.158328
0.190267
0.57982
0.244583
0.000412143
0.25218
0.0745921
0.00286616
0.629111
0.0247927
0.700998
0.251169
0.624291
0.521217
0.223526
0.523264
0.0211823
9.79581e-07
0.235326
0.384976
4.3198e-05
0.0188687
0.758484
0.762977
0.610167
0.348282
0.0867953
0.433464
0.232374
0.0771139
0.604388
0.0523524
0.4298
0.102006
0.102615
0.0222414
0.302629
7.44155e-05
0.723347
0.000801378
0.312972
0.00019406
0.361515
8.15296e-06
0.360079
0.000110206
0.000177275
0.17881
0.00249718
0.517288
0.119879
0.213654
0.000178308
0.0097192
0.717363
0.340322
0.00600406
0.243259
0.661607
0.0792161
0.0530742
0.153346
0.5288
0.585158
0.0130266
0.476637
0.10955
0.0172279
0.00247392
0.320972
0.0146836
0.0222966
0.56721
0.0293069
0.017147
0.238068
0.558012
0.000148937
0.273596
0.524862
0.073572
0.710319
0.200913
0.728738
0.607971
0.000822257
0.210113
0.03016
0.0323377
0.598451
0.0786911
0.127615
0.000874107
0.349522
0.337925
0.000201426
0.214233
0.115197
0.052674
0.381784
0.364482
0.300256
0.82507
3.41906e-05
0.00559698
0.277805
6.99182e-06
0.0439366
0.00201289
0.542086
0.0090228
0.65821
0.519953
0.32421
0.00174743
0.0101301
0.188673
0.187714
0.00422149
0.243967
0.701731
0.257043
0.0424002
0.36236
0.214895
0.000734271
0.209095
0.437351
0.0103491
0.036556
0.3631
0.110139
0.26256
0.172409
0.216084
0.403762
0.530345
0.312682
0.341965
0.375566
0.333074
0.307615
0.259945
0.415859
0.0284686
0.0508469
0.425576
0.599471
0.000628407
0.267609
0.451147
0.00779165
0.0405009
0.0736378
0.537212
0.729898
0.671961
0.0818828
0.1654
0.016468
0.230439
0.00695723
0.324475
0.0290025
0.157438
0.196641
0.00610844
0.0105113
0.195415
0.202988
0.248324
0.138651
0.317193
0.0687666
0.301788
0.180175
0.554595
0.0503675
0.354625
0.0565733
0.00486762
0.0103255
0.0547674
0.466567
0.634322
0.419151
0.00384157
0.0786597
0.125991
0.147251
0.455103
0.142047
0.00942251
0.252869
0.270241
0.331556
0.21283
0.0526477
0.0199745
0.675802
0.159476
0.0076457
0.104975
0.245483
0.255898
0.00995785
0.658144
0.395846
0.154916
0.316153
0.000290613
0.0318071
0.381298
0.164334
0.00566205
0.038471
0.395423
0.528547
0.0897136
0.0827484
0.0275317
0.222387
0.00121246
0.000327231
0.089141
0.00218796
0.37592
0.555636
0.0847035
0.397285
0.098071
0.276961
0.312163
0.510009
0.0960125
0.0478854
0.0886007
0.591737
0.136038
0.487228
0.0816482
0.382637
0.278319
0.0827895
0.293779
0.0309482
0.0134721
0.0045217
0.287955
0.0024067
0.0102101
0.098876
0.042829
0.0374553
0.119727
0.272842
0.32757
0.127339
0.258347
0.274571
0.0145896
0.471799
0.056075
0.441304
0.00600195
0.0136361
0.205243
0.0090379
0.00281263
0.0506006
0.687213
0.0861463
0.0864158
0.017603
0.0680296
0.0155256
0.000239123
0.00308107
0.3139
0.0636937
0.000224396
0.000301246
0.587388
0.327712
0.55966
0.0366323
0.00407357
0.0744768
0.604403
0.575518
0.132064
0.0678635
0.515074
0.221591
0.0238189
0.273704
0.236657
0.260512
0.317533
0.00149013
0.268028
0.0375488
0.124734
0.387543
0.464292
0.28383
0.00601194
0.188849
0.00572071
0.525791
0.534572
0.127003
0.0895672
0.00949481
0.232251
0.249086
0.359152
0.320623
0.159038
0.345194
0.220302
0.00297079
0.606762
0.21203
0.293658
0.397772
0.0203061
1.8632e-06
0.175491
9.74025e-05
0.0818544
0.0516417
0.141289
0.745458
0.0246117
0.51885
0.344099
0.00435857
0.513646
0.0151613
0.3911
0.217652
0.510313
0.165806
0.81814
0.337838
0.0954996
0.545711
0.0280826
0.00103125
0.220714
0.384892
0.310155
0.505226
0.249596
0.263497
0.411688
0.00410752
0.0284307
0.153716
0.398614
0.314112
0.204563
0.0108816
0.673955
0.0130165
0.232741
0.117332
0.519621
0.0615207
0.485496
0.325352
0.000107116
0.0481082
0.163838
0.20664
0.00639572
0.51485
0.236304
0.183436
0.00444665
0.822567
0.242292
0.0544456
0.341068
0.0126715
0.50856
0.082971
0.128398
0.188365
0.0276582
0.120986
0.0063499
0.257279
0.287965
0.00865202
0.342275
4.56762e-05
0.301001
0.726182
0.00602843
0.0133281
0.312157
0.147625
0.00197829
0.261577
0.227034
0.710525
0.509556
0.0189413
0.00202188
0.3246
0.363801
0.000909323
0.222398
0.192238
0.0707819
0.00218332
8.43057e-05
0.00572317
0.0101961
0.493254
0.00478741
0.30841
0.00498208
0.508155
0.0223743
0.151767
0.17046
0.0040674
0.61922
0.094357
0.45063
0.21862
0.139723
0.627817
0.571168
0.00390588
0.19882
0.258441
0.210949
0.0113748
0.0962283
0.816833
0.868054
0.480168
0.0854202
0.296731
0.414097
0.282126
0.00723568
0.583958
0.556102
0.188284
0.409984
0.0337954
0.39551
0.12385
0.0614099
0.471384
0.24517
0.492477
0.346375
0.624313
0.116062
0.00138423
0.587791
0.685719
0.00545678
0.0846498
0.550067
0.101908
0.0674697
0.393775
0.038449
0.0960022
0.8736
0.0010976
0.666388
0.685332
0.533929
0.201264
0.230797
0.569769
0.0941024
0.0697488
0.0166708
0.770761
0.182001
0.0850608
0.297374
0.0835952
0.00160926
0.0748169
0.10455
0.376805
1.32886e-05
0.130801
0.0990975
0.0714658
0.323234
0.00543475
0.00122811
0.365765
0.000290938
0.0537315
0.244938
0.00761583
0.496464
4.78108e-05
0.0420464
0.244586
0.390175
0.00288315
0.138893
0.325948
0.298275
0.169061
0.00815066
4.31849e-05
0.323564
0.177233
0.0114172
0.507051
0.611233
0.540722
0.0693858
3.92407e-05
0.301179
0.184701
0.280358
0.0920211
0.345607
0.12616
0.00385496
0.303204
0.060863
0.31589
0.246972
0.762085
0.697825
0.786687
0.00926294
0.0765896
0.493959
0.529154
0.147121
0.0053122
0.0597798
0.397681
0.0386733
0.241668
0.697982
0.139074
0.190364
0.00824866
0.0347541
0.615249
0.304214
0.102386
0.329723
0.165503
0.00323538
0.579462
0.266956
0.00644799
0.655134
0.281915
0.515348
0.000173088
0.381437
0.0125799
0.365396
0.0401951
0.00367912
0.0456958
0.542669
0.00232535
0.175462
0.119608
0.0137472
0.32075
0.209045
0.637799
0.0389489
0.694405
0.417562
0.74828
0.188527
0.666172
0.189978
0.258597
0.0783133
0.301566
0.508707
5.84221e-05
0.721259
0.0556284
0.635314
0.0236148
0.0514479
0.168096
0.000301656
0.270594
0.0434158
0.410083
0.403295
0.00645269
0.0050528
0.252422
0.00110929
0.0010627
0.012699
0.390539
0.166134
0.327703
0.255626
0.0103781
0.612841
0.126022
0.793866
0.0769643
0.738684
0.00290476
0.288247
0.040004
0.416208
0.668982
0.00385586
0.122358
0.384172
0.0311463
0.0110769
0.110799
0.194441
0.311623
0.0322133
0.32815
0.196914
0.00618572
0.00854285
0.164576
0.182903
0.100304
0.142971
0.316247
0.0247458
0.761578
0.00899419
0.771523
0.000180681
0.043631
0.0444753
0.154015
0.285916
0.128862
0.365722
0.169274
0.557471
0.0656264
0.212543
0.228132
0.463055
0.62773
0.00117608
0.0996971
0.000149266
0.3575
0.149692
0.0114728
0.0790809
0.00146234
0.114654
0.0576789
0.461708
0.0682749
0.00369615
0.16192
0.164889
0.166268
0.0113686
0.620959
0.139906
0.0291926
0.195189
0.345063
0.024549
0.00978727
0.124413
0.282558
0.0778581
0.0353065
0.00209815
0.342527
0.208987
0.514265
0.0774671
0.0843454
0.670771
0.280784
0.0265591
0.423176
0.440456
0.0192342
0.515298
0.0109152
0.191688
0.000282588
0.110476
0.00106867
0.0034632
0.643631
0.000263079
0.0331875
0.252222
0.572192
0.289248
0.408764
0.617478
0.225466
0.0753693
0.0153979
0.0420021
0.0896836
0.0998685
0.616085
0.124474
0.174462
0.281148
0.258614
0.0491293
0.169722
0.343333
0.0185256
0.355826
0.00625709
0.00650638
0.0836023
0.278562
0.0921186
0.00116479
0.197908
0.631165
0.422359
0.225362
0.114954
0.411385
0.269058
0.278713
0.123491
0.0592257
0.705607
0.0030494
0.195926
0.0014415
0.424441
0.0365645
0.0135467
0.0789499
0.0199048
0.0330322
0.312459
0.383786
0.013665
0.39609
0.27509
0.0500969
0.023833
0.186674
0.0472392
0.229144
0.0621306
0.12219
0.00575826
0.165771
0.395903
0.554814
0.493696
0.179467
0.249567
0.12586
0.00567386
0.0257252
0.0491579
0.172241
0.000556514
0.303268
0.0735501
0.00169246
0.363217
0.238931
0.0848792
0.0603047
0.405774
0.193105
0.0139041
0.00794478
0.636898
0.097662
0.00677436
0.0447278
0.470853
0.00792744
0.0012923
0.669847
0.355787
0.447702
0.539597
0.0559182
0.0161837
0.0247208
0.192097
0.592044
0.187988
0.245281
6.24953e-05
0.259451
0.458425
0.620276
0.0108785
0.51554
0.504119
0.030182
0.0189516
0.0114897
0.00087066
0.242483
0.174879
0.663651
0.0606786
0.00106215
0.553221
0.420068
0.576756
0.32639
0.196471
0.0668329
0.16625
0.0807952
0.81548
0.385743
0.00179363
0.258045
0.301185
0.118023
0.197095
0.010707
0.167232
0.666292
0.786216
0.59366
0.0696758
0.554757
0.000181444
0.302667
0.0216617
0.117522
0.26991
0.652453
0.604284
0.218755
0.134318
0.00647813
0.00613691
0.00036252
0.319304
0.292898
0.108864
0.00856419
0.0131399
0.750926
0.0271775
0.0647234
0.00248529
0.311255
0.434838
0.601302
0.381412
0.0307315
0.505118
0.405079
0.677878
0.472898
0.201635
0.115491
0.437242
0.533317
0.297948
0.0786619
0.422921
0.747034
0.247803
0.30495
0.341447
0.41515
0.018389
0.370741
0.290784
0.114419
0.0277484
0.466988
0.467225
0.106158
0.547011
0.0167782
0.197236
0.00891631
0.133946
0.112925
0.924406
0.0567503
0.0128484
0.024159
0.799092
0.0336233
0.419131
0.0845965
0.127171
0.140069
0.268406
0.303982
0.296056
0.0533796
0.74593
0.0452868
0.0609657
0.523898
0.0129784
0.475449
0.000435063
0.757642
0.396949
0.247645
0.00838893
0.0430169
0.328693
0.0988351
0.0057267
0.0176769
0.476063
0.141057
0.195751
0.00160972
0.085159
0.0420761
0.0811073
0.124669
0.111336
0.139506
0.283527
0.0360067
0.188311
0.560808
0.433348
0.226122
0.490502
0.428087
0.214801
0.000809391
0.284788
0.0350353
0.000290569
0.0281344
0.309549
0.083758
0.00943042
0.000789853
0.739185
0.490467
0.0193883
0.0036684
0.0759499
0.2451
0.304941
0.241645
0.42496
0.198674
0.420752
0.00300135
0.000331485
0.245535
0.265469
0.000679483
0.580947
0.101731
0.51783
0.0550033
0.353316
0.77011
0.196125
0.0445935
0.256935
0.590139
0.0295519
0.0631788
0.000953414
0.483923
0.0503181
0.0574424
0.682832
0.111041
0.00261837
0.404351
0.323778
0.173343
0.49241
0.063702
0.664352
0.566079
0.154043
0.0140156
0.222809
0.0347403
0.00484161
0.586717
0.396085
0.239046
0.02675
0.381965
0.271703
0.307583
0.334171
0.00753635
0.602548
0.438916
0.549346
0.380098
0.192956
0.00814306
0.659818
0.333804
0.163315
0.00971951
0.471174
0.434456
0.00950455
0.284798
0.519358
0.00260505
0.197287
0.203101
0.64301
0.170618
0.0739294
0.490054
0.125324
0.896059
0.416943
0.496612
0.0143318
6.31037e-05
0.0292874
0.792764
0.167299
0.0949682
0.00102401
0.474585
0.515342
0.773142
0.0177857
0.0762984
6.35672e-05
3.16111e-06
0.0403421
0.54584
0.124025
0.195692
0.145711
0.460683
0.299539
0.0387009
0.463756
0.330622
0.43959
0.0129697
0.00487455
0.308493
0.588527
0.226791
0.0369246
0.142821
0.526504
0.00528806
0.302241
0.0209904
0.000145112
0.341105
0.320322
0.147595
0.0971511
0.285982
0.218264
0.00318836
0.0123962
0.124253
0.111847
0.211951
0.123405
7.08969e-06
0.16956
0.295945
0.314241
0.229757
0.032063
0.446047
0.72987
6.34307e-07
0.714444
0.0190729
0.451973
0.573603
9.15577e-05
0.356419
0.100528
0.240517
0.128478
0.0199516
0.30942
0.00117771
0.439267
0.509937
0.483575
0.599888
0.535508
0.842582
0.319181
0.372844
0.173543
0.0212596
0.293498
2.85377e-06
0.0440792
0.00245023
0.00719559
0.1099
0.550425
0.736486
0.275108
0.000602844
0.00015681
0.577551
0.139957
0.0336729
0.020107
0.234113
0.0150547
0.238778
0.492715
0.00057762
0.20571
0.0090286
0.0569078
0.00233598
0.4446
0.00411268
0.0468494
0.472769
0.489904
0.166807
0.0352918
0.181418
0.00699386
0.376274
0.620205
0.288373
0.294987
0.485842
0.0602224
0.541655
0.237437
0.0999054
0.00355083
0.0734833
0.158426
0.4768
0.772027
0.0349344
0.0467025
0.00232464
0.033875
0.017738
0.436332
0.680986
0.0719048
0.280127
0.0138681
0.425388
0.308226
0.026222
0.077724
0.102422
0.010341
0.20449
0.063725
0.0228895
0.680516
0.0981134
0.0132071
0.453471
0.209422
0.369073
0.0768391
0.0369745
0.083487
0.000430152
0.357176
0.162836
0.082768
0.165427
0.75953
0.115189
0.258405
0.0104658
0.259867
0.193853
0.000177317
0.307312
0.352752
0.718155
0.097536
0.114032
0.283095
0.217729
0.470236
0.0058003
0.709955
0.000651938
0.19666
0.0449016
0.255359
0.105689
0.270599
0.134554
0.0158122
0.111695
0.623403
0.209526
0.0870007
0.364206
0.0403793
0.379273
0.00516393
0.496492
0.402963
0.531823
0.692416
0.0526357
0.0124373
0.142303
0.197001
0.033681
0.423792
0.00187765
0.0847805
0.362574
0.0799037
0.0146617
0.5125
0.265224
0.42258
0.0717787
0.311006
0.00205069
0.207767
0.644318
6.70699e-05
0.00531988
0.0150384
0.00292769
0.11665
0.193157
0.576459
0.0096155
0.0122026
0.15437
0.655494
0.2663
0.0529331
6.55886e-05
0.19846
0.104819
0.847531
0.512304
0.00521379
0.159804
0.112122
0.207961
0.513809
0.42123
0.131986
0.669134
0.00707255
2.23482e-06
0.126182
0.445234
0.165903
0.056065
0.459476
0.473358
0.545062
0.000848677
0.0734672
0.027775
0.346843
0.172847
0.124997
0.0160408
0.301144
0.139285
0.0731515
0.29782
0.0624059
0.00197187
0.0720627
0.318069
0.034679
0.148293
0.313745
0.000741219
0.0385186
0.300536
0.150754
0.147993
0.00769474
0.145744
0.0183688
0.183718
0.321611
0.53116
0.000793699
0.00571397
0.0392165
0.567079
0.255587
0.237265
0.114169
0.00193077
4.53965e-07
0.411176
0.309073
0.0145733
0.190698
0.00117011
0.0886999
0.19004
0.560667
8.81556e-05
0.250986
0.299656
0.595805
0.037284
0.344002
0.0194955
0.00277332
0.479429
0.142756
0.0473275
0.0534289
0.00148494
0.0103464
0.00545476
0.0627645
0.402589
0.0030396
0.366465
0.148774
0.0777507
0.0026183
0.180982
0.00382725
0.0578115
0.534955
0.00534703
0.00467005
0.182675
0.231039
0.201508
0.100259
5.52067e-05
0.20145
0.000604046
0.00229824
0.160256
0.0374143
0.000869731
0.226866
0.170669
0.0315088
0.35218
0.354967
0.161242
0.455149
0.00267898
0.302128
0.0235793
0.0800912
0.00114545
0.192284
0.28848
0.0291826
0.426149
0.668758
3.3603e-06
0.0152345
0.311887
0.327071
0.0763737
0.380115
0.103514
0.102424
0.231291
0.74683
0.0264544
0.319181
0.547784
0.595036
1.41771e-07
0.278437
0.542862
0.025003
0.0474832
0.00917712
0.217323
0.304792
0.0491981
0.373378
0.167196
0.0524461
0.587408
0.00843481
0.159681
0.424183
0.0481856
0.256448
0.00342715
0.303452
0.238305
0.161063
0.00526175
0.430787
0.0563036
0.174922
0.00876021
0.490799
0.111507
0.282319
0.0103542
0.00670756
0.0854612
0.175033
0.351538
0.0346655
0.000594608
0.298786
0.0168152
0.677086
0.777582
0.37182
0.580634
0.414332
0.00517512
0.0109221
0.0170483
0.00718996
0.000195834
0.000180296
0.0830511
0.205812
0.0666412
0.294548
0.0229549
0.0184514
0.0104625
0.00734228
0.000101456
0.000117945
0.462218
0.496262
0.751819
0.333686
2.50595e-05
0.794292
0.0590359
0.155356
0.166495
0.000130653
1.90625e-05
0.00636471
0.0494701
0.0284149
0.847371
0.0278036
0.188671
0.118175
0.000148459
0.0233628
0.0020499
0.225054
0.0315196
0.300603
0.633986
0.00544856
0.056184
4.87271e-05
0.244003
0.420941
0.533833
0.658556
0.338009
0.0646042
0.658079
0.151246
0.28092
0.000842088
0.00550807
0.350434
0.197585
0.0235168
0.120138
0.0229874
0.00222932
0.0825338
0.583437
0.00293215
0.207599
0.00171168
0.030301
0.336134
0.592623
0.0317862
0.0309395
0.00255526
0.510014
0.324184
0.375677
0.30012
0.280039
0.0504019
0.140958
0.00684293
0.475374
0.0152287
0.118178
0.0368172
0.215257
0.156428
0.254644
0.433145
0.0161779
0.00162797
0.00575865
0.153083
0.131802
0.350654
0.277808
0.0143129
0.552138
0.000540882
0.0973954
0.214825
0.0529074
0.00808313
0.0449216
0.0391827
0.233768
0.214193
0.465196
0.0169569
0.0158983
0.0258193
0.0177427
0.562285
0.169416
0.303167
0.162291
0.384445
0.0491557
0.25382
0.0082068
0.000770774
0.129123
0.0261973
0.03584
0.054624
0.041942
0.0260784
0.342915
0.778419
0.00382428
0.441003
0.0030513
0.0473773
0.226567
0.244777
0.467501
0.293296
0.100739
0.00387362
0.0342618
0.312427
0.0968291
0.835165
0.290903
0.0662879
0.150789
0.285695
0.047058
0.405744
0.00435318
0.529558
0.123041
0.122975
0.000139969
0.00914581
0.372911
0.289475
0.000716465
0.0252723
0.0889489
0.528937
0.00041807
0.00258498
0.0718516
0.674484
0.42844
0.175248
0.058997
0.490454
0.65632
0.0296417
0.0016292
0.0914022
0.462464
0.158553
0.0247008
0.000329901
0.255734
0.341571
0.0260079
0.00796666
0.0800281
0.00669032
0.000606988
0.389747
0.185264
0.518028
0.0275319
0.132048
0.00213945
0.207931
0.158691
0.114044
0.480738
0.115446
0.73394
0.000782217
0.00236688
0.183565
0.308312
0.00732293
0.47422
0.311059
0.133094
0.118475
0.219984
0.411195
0.282915
0.0145278
0.235573
0.224466
0.6703
0.585548
0.599002
0.0114104
0.537724
0.136069
0.0723696
0.200564
2.47078e-05
0.504015
0.585189
0.0145135
0.0131191
0.40008
0.0170367
0.0981859
0.582401
0.588138
0.00766051
0.462167
0.125108
0.327323
0.00386372
0.00246155
0.453851
0.48829
0.340854
0.0262282
0.452175
0.168241
0.0370821
0.299205
0.222656
0.537276
0.426807
0.509254
0.368539
0.0238076
0.143045
0.323696
0.195901
0.114742
0.103715
0.0998786
0.181078
4.25788e-05
0.249321
0.761882
0.00290759
0.459741
0.299353
0.0778639
0.0196421
0.479852
0.101087
0.0967555
8.39855e-05
0.57394
0.00278464
0.465874
0.593885
0.0256691
0.0396248
0.408775
0.661035
0.00481861
0.533925
0.276165
0.3269
0.185118
0.0127164
0.206064
0.42935
0.0146161
0.533531
0.285279
0.484737
0.263835
0.229742
0.0180274
0.09757
0.0369719
0.497961
0.379792
0.563112
0.034203
0.502479
0.000147323
0.32923
0.305842
0.000271208
0.0376832
0.033774
0.00266979
0.0246488
0.0063411
0.148893
0.551576
0.453129
0.000749218
0.354037
0.0172223
0.0271412
0.303055
0.455288
0.164083
0.597605
0.318681
0.128493
0.29186
0.0151839
0.0101261
0.0952766
0.0338434
0.612835
0.303462
0.00513479
8.42227e-06
0.299659
0.0762696
0.00689434
0.160145
0.756198
0.342323
0.0351065
0.000288977
0.389107
0.00186876
0.00280403
0.0103298
0.781159
0.00125919
0.292416
0.530748
0.00538664
0.255513
0.166549
0.0127548
0.0228234
0.128759
0.076885
0.345542
0.134815
0.00323339
0.140934
0.244504
0.412872
0.178196
0.119777
0.0464921
0.294948
0.301045
0.481724
0.481191
0.481288
0.0597819
0.112393
0.00116696
0.0866974
0.603079
0.204557
0.464392
0.0162605
0.225741
0.184105
0.00807942
0.262478
0.00141868
0.000820905
0.280792
0.0246413
0.323523
0.191821
0.124828
0.217569
0.243172
0.693123
0.108029
0.47408
0.287223
0.0126017
0.0913877
0.0877878
0.322241
0.416235
2.37573e-05
0.256728
0.409646
0.00757075
0.158237
0.00955938
0.0193101
0.0836667
0.00900378
0.297424
0.0207872
0.0144979
0.489435
0.0230178
0.526034
0.0916142
0.207492
0.568856
0.318209
0.682913
0.173819
0.0547035
0.16583
0.472817
0.000366024
0.0954851
0.0037481
0.493801
0.00112589
0.916492
0.0201093
0.0245235
0.00715477
0.109858
0.245301
0.0886756
0.247257
0.00233373
0.00154058
0.320035
0.00290226
0.0696063
6.78406e-05
0.185216
0.259749
0.640107
0.048538
0.303257
0.175981
0.172024
0.0817693
0.0630308
0.313778
0.17984
0.00330524
0.234724
5.46233e-06
0.00373765
0.20686
0.0014923
0.685346
0.0433548
0.431562
0.120121
0.0405035
0.265819
0.00964716
0.125383
0.489859
0.00097077
0.390133
0.0194782
0.190591
0.00868132
0.207155
0.0129162
5.95366e-05
0.651177
0.00691223
0.207829
0.136946
0.0612694
0.161001
0.746264
0.183667
0.219441
0.0160976
0.398117
0.322699
0.0634659
0.110712
0.000339766
0.384263
0.101656
0.397961
0.315898
0.00178053
0.109137
0.518897
0.05164
0.00629226
0.586415
0.690853
0.510926
0.0320394
0.362057
0.128682
0.287688
0.130823
0.0370765
0.000868187
0.506806
0.162853
0.265927
0.0734587
0.000135741
0.198294
0.0207249
0.272055
0.167028
0.000190329
0.588597
0.0198568
0.00150279
0.055831
0.0870989
0.0662663
0.665205
0.00762883
0.0609979
0.539893
0.721222
0.00362332
0.537518
0.33796
0.00730924
0.356447
0.147418
6.28392e-05
0.439697
0.400181
0.102969
0.303301
0.0495296
0.0464673
0.00956017
0.380548
0.298658
0.334161
0.337334
0.00978884
0.0205812
0.347955
0.154947
0.317389
0.000698772
0.616195
0.317018
0.149512
1.37631e-05
0.0846516
0.356389
0.00557979
0.738787
0.00375148
0.109384
0.514438
0.0343415
0.507324
0.070926
0.269488
0.187942
0.386986
0.464857
0.120977
0.203719
0.182709
0.710913
0.00283509
0.102409
0.00886632
0.0608453
0.0795269
0.0104707
0.0270815
0.132089
0.610797
0.0126832
0.112956
0.0784044
0.356421
0.236913
0.381247
0.217975
0.0545662
0.741203
0.0696485
0.0790868
0.417081
0.312587
0.553024
0.413134
0.391188
0.0144316
0.398354
0.0180828
0.00511573
0.127261
0.042481
0.0883707
0.377844
0.0292762
0.563076
0.00376881
0.26934
0.466688
0.550081
0.00645845
0.003452
0.221654
0.0540717
0.0943689
0.000506183
0.187803
0.221093
0.298782
0.178134
0.000345545
0.106421
0.0545368
0.00019686
0.491103
0.149844
0.0323307
0.545229
0.0174319
0.574488
0.000175727
0.158648
0.471857
0.000269655
0.708187
0.356338
0.637478
0.0711387
0.340833
0.0252325
0.00100438
0.00503171
0.117944
0.436504
0.353415
0.837172
0.471544
0.307442
0.737741
0.115024
0.464547
0.0174406
0.412786
0.109803
0.00153598
0.800999
0.0713537
0.18069
0.32029
0.0799559
0.120584
0.0171208
0.00109803
0.216962
0.327944
0.0819477
0.137737
0.124724
0.840388
0.0691868
0.00826109
0.441744
0.0309809
0.326156
0.134237
0.516484
0.407962
0.184147
0.588045
0.38245
0.144467
0.00285979
0.0197366
0.000173215
0.668883
0.304924
0.0154236
0.16565
0.0710024
0.079065
0.133722
0.437995
0.495305
0.567532
0.491428
0.00674459
0.204193
0.00985087
0.144345
0.477982
0.337712
0.00907934
0.498048
0.296303
0.0421268
0.57608
0.241088
0.369649
0.638852
0.329857
0.370004
0.0666328
0.223878
0.0139921
0.674062
0.150942
0.000811386
0.001156
0.360383
0.341677
0.0166597
0.310266
0.860028
0.000756759
0.272173
0.00963271
0.0453608
0.00299106
0.0695497
0.290824
0.207938
0.320345
0.344093
0.408572
0.277837
0.0312287
0.473468
0.512294
0.0338631
0.142543
1.53299e-05
0.00233284
0.197403
0.276584
0.215264
0.0274753
0.207271
0.377112
0.293804
0.113815
0.502638
0.0345711
0.474153
0.0445368
0.0124969
0.101725
0.0502703
0.00567803
0.87727
0.159326
0.89754
0.609233
0.178252
0.0875786
0.425339
0.344833
0.147352
0.339878
0.192516
0.211628
0.00133877
0.0198593
0.191598
0.408977
0.663815
0.354573
0.00155629
0.236043
0.466174
0.443427
0.663287
0.663148
0.00460656
0.122494
0.151262
0.43466
0.00539466
0.0132504
0.155293
0.431072
0.251394
0.532786
0.692767
0.313494
0.00102572
0.0202786
0.834238
0.00339924
0.0216218
0.00111652
0.0525011
0.397394
0.00103826
0.488415
0.0470442
1.6554e-05
0.706385
0.0049223
0.307633
0.0316752
0.118018
0.190945
0.0255697
0.437973
0.163876
0.506844
0.683916
0.057678
0.154483
0.00805438
0.146154
0.40651
0.000291748
0.0379598
0.426759
0.430922
0.00422292
0.334966
0.140562
0.176261
0.0160101
0.109628
0.0208367
0.00853589
0.319755
0.00256992
0.00770749
0.000844369
0.129499
0.215966
0.304199
0.0735726
0.145057
0.177744
0.32203
0.119077
0.5653
0.791222
0.0035327
0.161954
0.0310953
0.00374996
0.00665436
0.0885948
0.481559
0.575846
0.790004
0.00164801
0.196604
0.118836
0.59848
0.336384
0.197145
0.173747
0.288949
0.113029
0.521217
0.000308849
0.270511
0.466655
0.0519208
0.320323
0.152166
0.704897
0.133381
0.812786
0.411611
0.324115
0.141757
0.00779815
0.242523
0.624513
0.135053
0.457478
0.31978
2.34439e-06
0.132944
0.0842082
0.000759754
0.486251
0.00717871
0.344106
0.0600691
0.0370924
0.414542
0.0311669
0.680874
0.443832
0.300861
0.404448
0.030851
0.470102
0.14632
0.4382
0.0445499
0.024026
0.352173
0.0101736
0.418205
0.645071
0.00765807
0.000576689
0.0463533
0.33292
0.0129785
0.0328946
0.0163007
0.000244909
0.0180581
0.112488
0.672187
0.0297994
0.000395253
0.564492
0.251847
8.37468e-06
0.0276672
0.304273
0.765787
0.0453351
0.320738
0.299235
0.0411844
0.383728
0.418984
0.538967
0.614595
0.360743
0.00136796
0.207541
0.112301
0.380021
0.813339
0.431944
8.39355e-06
0.393773
0.0208574
0.0992561
0.0896093
0.329421
0.00111384
0.0877826
0.0412304
0.379882
0.266542
0.110035
0.0824201
0.0408581
0.0055006
0.690738
0.235754
0.223564
0.109455
0.362136
0.0540809
0.281246
0.378368
0.5984
0.0831739
0.00228521
0.0715606
0.160473
0.32788
0.559851
0.263764
0.161171
0.650891
0.00204454
0.0660501
0.0130386
0.385932
0.496921
0.184782
0.000888502
0.0958249
0.000221178
0.573993
0.00948335
0.49573
0.494517
0.40614
0.155276
0.635432
0.151987
0.00301178
0.0822748
0.255936
0.078203
0.0290849
0.422003
0.243576
0.490826
0.277916
0.0186424
0.463067
0.104214
0.668027
0.0432185
0.549762
0.0299856
0.0349962
0.00701527
0.0768817
0.274023
0.741266
0.00103844
0.346286
0.00481283
0.466057
0.0327826
0.521801
0.0249518
0.167605
0.249122
0.0373678
0.234767
0.41004
0.289189
0.506722
0.298924
0.0463512
0.125218
0.0510359
0.632056
0.571362
0.210459
0.0445494
0.0571818
0.285085
0.52977
0.145354
0.0971579
0.0778767
0.0575561
0.0615777
0.00559733
0.239427
0.625529
0.460517
0.244968
0.484356
0.440142
0.00345796
0.0715026
0.385352
0.396874
0.00691699
0.375614
0.458142
0.272908
0.227708
0.142683
0.346272
0.158489
0.0583188
0.303457
0.630077
0.0236612
0.222419
0.113931
0.0108036
0.0202294
0.461868
0.58456
0.138269
0.140659
0.0381728
0.00551176
0.000725146
0.539639
0.0127511
0.537308
7.77065e-05
0.174899
0.0592498
0.2418
0.20855
0.684732
0.0503857
0.000152425
0.669616
0.000404094
0.318307
0.0337708
0.135283
0.152842
0.56712
0.688649
0.224731
0.151128
0.22491
0.00204338
0.0214251
0.0321607
0.453906
0.34775
0.120348
0.298157
0.785409
0.359431
0.00764141
0.00169665
0.0399567
0.259959
0.155528
0.649277
0.00990839
0.58473
0.334506
9.42451e-05
0.499405
0.62192
0.224425
0.243279
0.000585654
0.558876
0.158888
0.234078
0.0239332
0.640958
0.793726
0.125524
9.49734e-05
0.137135
0.00130955
0.303127
0.00181138
0.113208
0.174597
0.302422
0.00921485
0.384507
0.000237205
0.667138
0.563013
0.0109535
0.00476795
0.0184238
0.471271
0.503618
0.275533
0.450467
0.356207
0.100936
0.405997
0.0946662
0.00169817
0.046627
0.355832
0.167191
0.299405
0.500897
0.00183918
0.212894
0.0790628
0.0469725
0.274221
0.000752255
0.388783
0.54716
0.76543
0.541596
0.0166197
0.0139558
0.0499526
0.0270748
0.426853
0.0256458
0.372687
0.0833707
0.34747
0.106877
0.266639
0.0312364
0.367322
0.0741189
0.00953984
0.708347
0.00117188
0.064833
0.0812686
0.117381
0.428409
0.241553
0.623861
0.498373
0.473841
0.112813
0.00184778
0.333133
0.311726
0.0892544
0.352929
0.0667789
0.00757389
9.13755e-06
0.358736
0.074201
0.234623
0.720921
0.480083
0.493673
0.0544612
0.371489
0.444407
0.220141
0.56258
0.309915
0.747034
0.182678
0.558434
0.1639
0.326619
0.0235632
0.53595
0.0151773
0.208981
0.685284
0.000743376
0.331533
0.0193133
0.00447861
0.00729622
0.731898
0.345557
0.0555461
0.342875
0.151652
0.302078
0.673436
0.38238
0.0910544
0.222192
0.254437
0.631901
0.0135724
0.0228767
0.069942
0.169958
0.00224394
0.0969274
0.258638
0.0552147
0.331401
0.0132382
0.476543
0.320071
0.382174
0.0122504
0.478873
0.1355
0.313286
0.485493
0.223713
0.000660117
0.0618438
3.23209e-06
0.499731
0.346564
0.606923
0.106876
0.632611
0.406428
0.447294
0.0115542
0.444993
0.00252335
0.314508
0.40036
0.227079
0.197503
0.0320476
0.490676
0.287282
0.00116422
0.00301674
0.00095348
0.0899461
0.587358
0.0336309
0.292425
0.141242
0.490727
0.497716
0.298521
0.00116606
0.594582
0.102183
0.298219
0.212555
0.283355
0.643954
0.219244
0.00122118
0.00563447
0.239114
0.236775
0.148571
0.172731
0.227808
0.395013
0.717497
0.356693
0.224521
0.00137287
0.0228902
0.243729
0.157256
0.519978
0.0973539
0.316022
0.742992
0.0666383
0.152293
0.729221
0.00248512
0.488699
0.033676
0.492399
0.0201079
0.0419043
0.602814
0.457392
0.302513
0.151761
0.0196354
0.399164
0.116408
0.545038
0.693167
0.36938
0.499775
0.342155
0.0414583
0.443073
0.297789
0.244945
0.0650423
0.43459
0.525057
0.000159101
0.00158358
0.307087
0.00114183
0.275137
0.00216731
0.29501
0.111268
0.431778
0.000836299
0.58636
0.000560863
0.277016
0.00345183
0.00210277
0.0227194
0.00316944
0.277276
0.0617397
0.256117
0.0318111
0.494137
0.397217
0.249468
0.154042
0.0300863
0.536535
0.405434
0.00686263
0.448544
0.0480248
0.293727
3.33045e-05
0.0270342
0.10022
0.000237581
0.282784
0.0118556
0.00147921
0.483099
0.162089
0.022917
0.545515
0.243588
0.179015
0.131043
0.601944
0.00420214
0.297963
0.0759361
0.411429
0.222928
0.141622
0.345664
0.331392
0.343079
0.260641
0.598282
0.115333
0.0235565
0.0587829
0.125828
0.370088
0.188419
0.304249
0.201266
0.30352
0.513149
0.00388939
0.000142285
0.00428792
0.0711365
0.193065
0.0321946
0.201317
0.291402
0.103604
0.0126674
0.00666671
0.335889
0.0181307
0.146205
0.000107456
0.236616
0.00111099
0.225964
0.419685
0.417336
0.0364745
0.000362301
0.125456
0.425626
0.156713
0.0161105
0.380316
0.55162
0.504142
0.0670049
0.377667
0.768271
0.000132456
0.143763
0.197705
0.162546
0.427928
0.0752982
0.527787
2.99871e-05
0.199725
0.912335
0.0110466
0.142884
0.248075
0.136042
0.326017
0.0563666
0.162108
0.110655
0.275804
0.0165471
0.187578
0.433166
0.00202388
0.0629632
0.234545
0.00996089
0.526127
0.453639
0.31738
0.283315
0.0121845
0.444487
0.341331
0.600939
0.666837
0.0192071
0.462402
0.362236
0.457486
0.134329
0.337775
0.0789647
0.381383
0.461629
0.308396
0.361287
0.0110147
0.629556
0.129894
0.107052
0.432338
0.720321
0.46919
0.296002
0.318802
0.0262826
0.00865918
0.00128222
0.0254988
0.0737422
0.163704
0.410202
0.73612
0.00365932
0.0389676
0.15611
0.615447
0.580122
0.176671
0.0975803
0.0797747
0.0559072
0.00578831
0.235394
0.591267
0.000108888
0.182684
0.181598
0.000232232
0.0293494
0.482916
0.610906
0.0655302
0.546424
0.153969
0.110982
0.59646
0.00259816
0.0955924
0.000456328
0.384786
0.00197635
0.00447548
0.304634
0.301922
0.34919
0.420594
0.0025789
0.500594
0.00161905
0.175258
0.556297
0.49188
0.057922
0.277514
0.250595
0.55181
0.075736
0.313374
0.00274381
0.00751118
0.000673755
0.54429
0.202983
0.00352027
0.0650766
0.402666
0.331453
0.00178587
0.124322
0.897839
0.291364
0.510636
0.437608
0.534767
0.0755831
0.109495
0.0107793
0.000196163
0.447601
0.0117392
0.144261
0.000989745
0.278178
0.631504
0.144856
0.629373
0.531022
0.126236
0.407032
0.233059
0.303615
0.354853
0.0937516
0.326143
0.152028
0.0528262
0.0183169
0.0234612
0.0109091
0.522792
0.306532
0.623601
0.0388559
0.0016762
0.52203
0.258288
0.064818
0.159388
0.252249
0.0160148
0.393245
0.0471313
0.00175719
0.243384
0.0353454
0.00476614
0.483124
0.206037
0.0313578
0.0200131
0.541581
0.625731
0.341577
0.0779225
0.0918473
0.11827
0.214577
0.000524475
0.0829726
0.0159918
0.563507
0.0905696
0.122547
0.223212
0.13856
0.00308989
0.00539075
0.415704
0.128891
0.162361
0.513921
0.000349698
0.517164
0.0339527
8.82592e-06
0.447822
0.176769
0.433494
0.395726
0.0262919
8.4052e-06
0.177354
0.283325
0.273551
2.1691e-06
0.386887
0.138093
0.483221
0.497182
0.0751518
0.277783
0.462848
0.372045
0.0821033
0.0398275
0.14631
0.0110054
0.185083
0.0143604
0.424484
0.242745
0.646646
0.942893
0.507746
0.0816505
0.562822
0.266132
0.155769
0.361448
0.0564212
0.0453166
0.247554
0.120784
0.689975
0.290115
0.177421
0.548203
0.224244
0.328017
0.469762
0.0309105
0.0178375
0.21284
0.000695982
0.225032
0.00848396
0.274199
0.019063
0.299954
0.134579
0.00694184
0.606249
0.66081
0.41302
0.524463
0.456852
0.00271037
0.0948478
0.000213309
9.31187e-07
1.59869e-06
0.537773
0.150722
1.95865e-05
0.00912318
0.527674
0.104458
0.135217
0.0238147
1.35142e-05
0.00912232
0.484752
0.385919
0.495065
0.390051
0.226302
0.788873
0.266979
0.0999369
0.374074
0.0227798
0.105751
0.471781
0.171086
0.0592905
0.212699
0.324913
0.231557
0.549029
0.0195506
0.104825
0.00341339
0.0176231
0.0355416
0.547879
0.00120367
0.464258
0.0265187
0.0122365
0.165975
0.0112361
0.0791649
0.00151304
0.0771659
0.647303
0.179244
0.310828
0.0263153
0.0280318
0.441115
0.174005
0.0510723
0.092223
0.612164
0.0242711
0.000205667
0.00313095
0.0559065
4.76378e-05
0.0631016
0.0586877
0.000484665
0.545329
0.455103
0.412799
0.0752402
0.0004511
0.176935
0.000118306
0.099917
0.00411813
0.046945
0.382735
0.342932
0.304139
0.700856
0.34944
0.210492
0.54376
0.0245207
0.248311
0.0389952
0.163475
0.534003
0.379911
0.654886
0.442201
0.424813
0.0409253
0.517733
0.0272772
0.064253
0.123922
0.214154
0.257625
0.458706
0.358606
0.195666
0.267589
0.063246
0.130926
0.000273023
0.264081
0.0741787
0.0286697
0.328517
0.0022008
0.00379543
0.586578
0.553656
3.95789e-07
0.282652
0.447805
0.791834
0.507811
0.811603
0.772236
0.123395
0.0867065
0.145607
0.395329
0.517948
0.144994
0.0037343
0.00250418
0.332755
0.0311309
0.00058436
0.378848
0.395509
0.108378
0.446692
0.198044
8.2025e-05
0.138656
0.0601285
0.286806
0.000378506
0.00169172
0.0640511
0.129
0.282183
0.0281117
0.262267
0.1629
0.760675
0.659752
0.271265
0.517955
8.45164e-05
0.147283
0.320425
0.054213
0.595812
0.0340527
0.0717254
0.00930434
0.176057
1.61809e-05
0.000470235
0.170222
0.429528
0.0102416
0.143395
0.28953
0.110264
0.42926
0.266159
0.0090439
0.588611
0.463174
0.272638
0.0399948
0.0380459
0.0309775
0.213789
0.0590747
0.24649
0.639389
0.300046
0.542288
0.443809
0.418153
0.168486
0.0493275
0.587912
0.264879
0.0587758
0.447734
0.0157375
0.183688
0.339443
0.228761
0.419666
0.0455891
0.00363331
0.386702
0.000164045
0.0727693
0.382946
0.0891041
0.397058
0.518096
0.299035
0.0294924
0.000166441
0.102925
0.00257986
0.224792
0.103486
0.174576
0.717382
0.445171
0.131745
0.164523
0.490444
0.00223437
0.164895
0.162663
0.189148
0.0893446
0.574352
0.514319
0.359899
0.588434
0.0130541
0.00227555
0.251052
0.417545
0.124486
6.24319e-06
0.580611
0.20474
0.420299
0.0699319
0.010841
0.293758
0.0255368
0.309533
0.12962
0.126123
0.340678
0.0235636
0.558941
0.0332729
0.105692
0.00581711
0.00127127
0.210985
0.715242
0.45962
0.108385
0.087454
0.377266
0.601111
5.71498e-05
0.204982
0.0342178
0.00868952
0.00570696
0.00175661
0.003991
0.541564
0.0411748
0.000252473
0.050014
0.5185
0.142741
0.323462
0.0690589
0.219911
0.609811
0.252665
0.238284
0.0458515
0.186087
0.200511
0.469994
0.00202062
0.241003
0.189581
0.261431
0.0017182
0.540598
0.00121203
0.234211
0.103836
0.0623069
0.000401656
0.376691
0.69976
0.12718
0.359097
0.11052
0.0813266
0.0430866
0.728972
0.0031924
0.0246361
4.55104e-05
0.297189
0.0197456
0.0325787
0.0191219
0.565606
0.428941
0.144452
0.0107775
0.0193664
0.232058
0.496948
0.534256
0.62796
3.65711e-05
0.00181298
0.381775
0.608701
0.276194
0.0929919
0.385219
0.260366
0.176037
0.196191
0.210703
0.0219803
0.0274371
0.320918
0.0648963
0.0427547
0.425509
0.116035
0.160245
0.143175
0.142646
0.399151
0.412981
0.319482
0.406532
0.606087
0.408935
0.219903
0.00320006
0.173017
0.245185
0.552402
0.133449
0.00461228
0.0467521
0.224413
0.643392
0.217558
0.322499
0.0439215
0.448112
0.0230669
0.170156
0.0976705
0.385101
0.114905
0.0104446
0.0987873
0.0257031
0.244826
0.344114
0.152043
0.0642728
0.00970812
0.301407
0.00154798
0.00105338
0.3297
0.451556
0.311409
0.341933
0.27726
0.288515
0.382023
0.000106781
0.0247508
0.375256
0.506653
0.0109877
0.434683
0.43349
0.190851
0.163387
1.48018e-05
0.237204
0.218957
0.0155613
0.00237175
0.697284
0.0266578
0.468673
0.709718
0.288018
0.112279
0.650976
0.0260511
0.360065
0.0508659
0.140037
0.0767083
0.367652
0.0363306
0.025641
0.0830856
0.239426
0.418882
0.0776608
0.000765164
0.23606
0.334401
0.0747767
0.0973058
0.0252636
0.158932
0.807594
0.360858
0.00664172
0.211382
0.128093
0.0704389
0.0919054
0.0276941
0.528417
0.240643
0.0104177
0.21396
0.425835
0.000990151
0.0727955
0.543961
0.256545
0.295417
0.00231872
0.0875366
0.264632
0.0253109
0.86776
0.00660792
0.289625
0.722967
0.152807
0.332265
0.226794
0.0196523
0.125584
0.1262
0.0678376
0.107486
0.446367
0.439369
0.249037
0.384437
0.189184
0.134734
0.0660125
0.852932
1.54209e-05
0.000612578
0.541349
0.338725
0.0198407
0.298277
0.271106
0.328781
0.332203
0.566405
0.288959
0.506799
0.0367309
0.00157838
0.110384
0.659555
0.137982
0.00994887
0.0017683
0.136525
0.0524902
0.858745
0.0149727
0.0237935
0.268476
0.201724
0.00169943
0.492744
0.171761
0.525674
0.609505
0.2658
0.00237885
0.00092472
0.017778
0.271528
0.222363
0.211965
0.302843
0.336466
0.0452906
0.311479
0.00536204
0.002179
0.00159472
0.106481
0.382724
3.15848e-05
0.0456088
0.00991613
0.0141315
0.0754872
0.348483
0.044672
0.488016
0.606311
0.0534681
0.00297209
0.41
0.0695699
0.106314
0.386329
0.197776
0.0991466
0.0126819
0.396793
0.281626
0.0328163
0.658581
0.430927
0.533536
0.048654
0.410306
0.39037
0.00362907
0.00104713
0.290047
0.000211848
0.216019
0.197064
0.283955
0.619959
0.5275
0.190942
0.000277292
0.570553
0.461808
0.431097
0.279912
0.161026
0.317963
0.272839
0.0112381
0.0124524
0.00189158
0.303961
0.359489
0.366878
0.395435
0.389679
0.145695
0.454372
6.90587e-05
1.02806e-05
0.613657
0.0150168
0.133973
0.147912
0.10754
0.000825846
0.000679108
0.0233218
0.294484
0.00144423
4.17292e-05
0.377168
0.00767857
0.229755
0.123235
0.682479
0.492734
0.123035
0.474124
0.733374
0.509514
0.114674
0.455987
0.371524
0.189923
0.238086
0.0114138
0.296219
0.0468271
0.472541
0.0238798
0.0144874
0.00564932
0.142213
0.530212
0.178075
0.00399915
0.0651586
0.0174959
0.310189
0.539568
0.195363
0.04828
0.10051
0.786828
0.135814
0.353119
0.0679857
0.0488901
0.336066
0.771468
0.064768
0.00585291
0.370042
0.331339
0.392952
0.316767
0.0287146
0.888388
0.240833
0.0032682
0.484147
0.313203
0.187541
0.14481
0.200253
0.676526
0.344319
0.0365491
0.864114
0.00074172
0.046185
0.128596
0.0283361
0.412608
0.380978
0.594623
0.360813
0.455303
0.00425157
0.0153343
0.791307
0.381661
0.0523837
0.0307552
0.519078
0.0873857
0.588133
0.561858
0.000317304
0.00771577
0.283326
0.10995
0.369541
0.677213
0.340749
0.00188633
0.00831644
0.605433
0.300641
0.0671801
0.190939
0.0015927
0.491233
0.00824163
0.00719901
0.000275489
0.436225
0.08289
0.572474
0.324531
0.448409
0.170831
9.59154e-05
0.408488
0.0202906
0.0165677
0.313174
0.268777
0.0020142
0.593182
0.00823192
0.00147949
0.0436124
0.0281099
0.137437
0.0217998
0.109019
0.103736
0.407828
0.000610943
0.000198982
0.0750651
0.473611
0.322297
0.000185662
0.371048
0.00411287
0.404991
0.292324
0.293394
0.438377
0.0939685
0.207064
0.62123
0.00163322
8.96734e-05
0.199413
0.139811
0.250434
0.481972
0.445581
0.262894
0.109191
0.1441
0.00366044
0.46926
0.254207
0.0714564
0.13524
0.45166
0.198026
0.81539
0.00130234
0.0219113
0.177324
0.304782
0.26308
0.000395061
0.286347
0.661456
0.562893
0.0289377
0.18963
0.567792
0.1621
0.000273836
0.0162157
0.26518
0.204862
0.446418
0.0181272
0.0243256
0.378345
0.218405
0.0406423
0.0124102
0.704668
0.667714
0.000390489
0.0474109
0.191996
0.205862
0.0469533
0.000396949
0.00127013
0.286299
0.154705
0.000252218
0.0204174
0.328957
0.129404
0.411691
0.213282
0.00630994
0.00917392
0.241771
0.778469
0.298501
0.702396
0.333987
0.238367
0.139883
0.130596
0.421883
0.33787
0.0113449
0.189515
0.182356
0.00210716
0.265918
0.615205
0.00266169
0.32373
0.0260893
0.273824
6.84828e-05
0.667909
0.216454
0.220436
0.392758
0.0142302
0.283612
0.500426
0.000202263
0.00403654
0.466989
0.665225
0.450894
0.343558
0.439757
0.341255
0.145302
0.120876
0.103971
0.609555
0.00348477
0.373455
0.0316838
0.464354
0.0544223
0.519003
0.0805239
0.480955
0.140226
0.146897
0.512518
0.709016
0.330624
0.415196
0.480118
0.025869
0.529048
0.452528
0.606458
0.223552
0.101146
0.362382
0.609336
0.591156
0.014288
0.0685994
0.00272808
0.0644687
0.00177075
0.527135
0.0915437
0.0798428
0.098177
0.0051321
0.363895
0.0115061
0.136004
0.718569
0.550903
0.378894
0.307658
0.55038
0.247374
0.825317
0.000208591
0.255637
0.58339
0.105966
0.11488
0.490411
0.437212
0.00832306
0.212664
0.00370447
0.660404
0.129107
0.277215
0.279926
0.349326
0.795123
0.0481895
0.0869764
0.0686061
0.382021
0.310216
0.0137842
0.609333
0.0812299
0.268386
0.409578
0.0586477
0.00361755
0.000661669
0.524684
0.150463
0.416021
0.429842
0.276932
0.234881
0.0218476
0.332789
0.0806879
0.00699157
0.125686
0.59257
0.0826845
0.108009
0.244778
0.487553
0.307565
0.376704
0.152278
0.214247
0.435559
0.404423
0.409824
0.580501
0.118189
0.000539136
0.309395
0.766399
0.443754
0.00160916
0.132712
0.503416
0.0267379
0.252579
0.615891
0.0529939
0.0284956
0.307253
0.782202
0.525401
3.49815e-05
0.00322222
0.197106
0.097315
0.231229
0.546146
0.285911
0.00735331
0.0198273
0.0958952
0.281686
0.0649774
0.300972
0.344134
0.355424
0.333423
0.00286741
0.223332
0.27482
0.00560039
0.0235708
0.164862
0.483697
0.189052
0.0286279
0.0164581
0.352904
0.0754678
0.130247
0.25672
0.00186864
0.100153
0.512107
0.353752
0.533364
0.121357
0.253391
0.0119384
0.207712
0.0480672
0.621879
0.045219
0.0115541
0.569563
0.185525
0.0111194
0.362014
0.0296914
0.507357
0.0209091
0.400635
0.346114
0.397369
0.0297205
0.0404478
0.235603
0.0997946
0.190558
0.0574482
0.511888
0.0443435
0.150299
0.179949
0.35695
0.139736
0.750585
0.630478
0.0187293
0.127466
0.268263
0.337275
0.0750562
0.0152432
0.543312
0.00586267
0.642811
0.0193629
0.557589
0.195287
0.315334
0.0122327
0.0744374
0.0808051
0.1235
0.286493
0.37239
0.100144
0.000712873
0.0667631
0.0495438
0.331621
0.402269
0.252027
0.095984
0.11852
0.374152
0.0034343
0.421498
0.000675604
0.312794
0.124553
0.00261159
0.137106
0.103323
0.257496
0.00109539
0.00599054
0.153541
0.000291829
0.718219
0.514453
0.244583
0.43855
0.138676
0.268685
0.0250214
0.470095
0.203366
0.153544
0.504751
0.265011
0.116732
0.305784
0.00246477
0.0223424
0.0446171
0.323246
0.000236651
0.221509
0.711532
0.00915672
0.113888
0.123793
0.601527
0.554425
0.0982359
0.528523
0.308104
0.18225
0.0295964
0.047878
0.000191765
0.0088299
0.000609425
0.0380151
0.404866
0.590263
0.00671605
0.623629
0.410681
0.000833466
0.000336775
0.0163502
0.444441
0.312559
0.642211
0.562579
0.167923
0.168592
0.00400044
0.152896
0.465714
0.723031
0.442301
0.00372901
0.00624915
0.112924
0.208375
0.0225004
0.365311
0.0634892
0.0596059
0.473102
4.03852e-05
0.312622
0.074417
0.276691
0.266014
0.115869
0.524835
0.00470073
0.328216
0.551871
0.300569
0.0142545
0.00448659
0.0501684
0.00354552
0.717375
0.203399
0.668968
0.389634
0.181786
0.0242464
0.0339405
0.000519892
0.0970306
0.275109
0.165999
0.12086
0.688377
0.0114288
0.217876
0.0753344
0.239048
0.219642
0.331704
0.0495811
0.345039
0.404626
0.889006
0.277095
0.296165
0.0409038
0.208709
0.686894
0.587493
0.115565
0.0762036
0.00442081
0.415656
0.216751
0.0121111
0.000269209
0.67554
0.000341451
0.586528
0.0100339
0.043691
0.00213051
0.460813
0.404801
0.771903
0.00593992
0.0323355
0.100883
0.0976606
0.00938965
0.0156913
0.0176026
0.172369
0.292635
0.548065
0.227325
0.010851
0.000459906
0.250771
0.209513
0.161962
0.0133019
0.00431188
0.103426
0.356817
0.512211
0.25019
0.120149
0.715443
0.621194
0.454828
0.3761
0.141594
0.286965
0.375141
7.12364e-05
0.252191
0.0818058
0.240685
0.0803941
0.000334543
0.0338995
0.454848
0.756708
0.118593
0.131796
0.0222184
0.0827127
0.00129948
0.671138
0.298056
0.239608
0.560457
0.116362
0.0696219
0.143952
0.151804
0.00147961
0.258422
0.466398
0.204861
0.123568
0.442252
0.226978
0.26347
0.0751542
0.319819
0.215983
0.215779
0.203044
0.486219
0.0361593
0.122021
0.0987323
0.00401049
0.221181
0.0249808
0.00830797
0.0346608
0.436738
0.324243
0.338946
0.283557
0.000255191
0.457148
0.376229
0.129451
0.325256
0.0989922
0.0984235
0.113365
0.302535
0.00100889
0.53434
0.0690958
0.591326
0.297276
0.000409607
0.225659
0.0173329
0.501856
0.268738
0.397823
0.0935709
0.0036097
0.768911
0.365191
0.245799
0.00112381
0.00547066
0.0147862
0.197198
0.219331
0.122852
0.567797
0.560458
0.0101908
0.030168
0.0823942
0.653467
0.10919
0.262897
0.492728
0.00013343
0.0800978
0.147304
0.00146501
0.0276419
0.00132148
0.0547026
0.528706
0.388247
0.0559012
0.643924
0.137892
0.192087
0.00222739
0.236521
0.0981349
0.0046086
0.0382705
0.163489
0.020297
0.230017
0.706929
0.385043
0.3289
0.0738852
0.0154306
0.478376
0.0586231
0.127019
0.667359
0.0162698
0.0238512
0.00789357
0.0777808
0.623351
0.308646
0.010424
0.00220661
0.649479
0.0196692
0.364443
2.72302e-05
0.148056
0.015992
0.500701
0.307684
0.282028
0.215805
0.227236
0.0117925
0.109451
0.0745888
0.0731874
0.696583
0.274209
0.285023
0.394031
0.441761
0.410625
0.00423408
0.318442
0.284343
0.170701
0.0483438
0.103173
0.133127
0.362059
0.69492
0.550395
0.153969
0.0602513
0.32342
0.00106895
0.537434
0.0180677
0.371172
0.152329
0.142691
0.257283
0.0793703
0.309871
0.340355
0.216478
0.0244947
0.410227
0.185781
0.367988
5.95033e-05
0.397996
0.509817
0.165029
0.250146
0.619555
0.318767
0.150718
0.230809
0.00539774
0.361522
0.609105
0.338239
0.41942
0.316582
0.103716
0.243125
0.175723
0.00944189
0.0265818
0.810254
0.28854
0.33434
0.00286576
0.19023
0.123402
0.367232
0.31011
0.172527
0.359043
0.189186
0.0435037
0.0190941
0.512636
0.437986
0.303223
0.257729
0.540657
0.338934
0.0485687
0.670625
9.41911e-05
0.268175
0.00199242
0.442093
0.0148803
0.247785
0.669222
0.168968
0.234085
0.000204489
0.284128
0.0508278
0.147451
0.51731
0.00220788
0.387603
0.00584463
0.00645711
0.0224233
0.274691
0.0248009
0.605684
0.346391
0.00819969
0.0202046
0.155373
0.262743
0.00442518
0.426636
0.0420326
0.0392557
0.00199802
0.256808
0.0336215
4.62513e-05
0.301637
0.302982
0.189464
0.00690059
0.29916
0.089173
0.0441246
0.24134
0.164721
0.0361463
0.323362
0.33044
0.332713
0.145598
0.264364
0.285817
0.163093
0.0383359
0.027064
0.437978
0.236056
0.00246708
0.558362
0.370932
0.0886148
0.00161394
0.0674504
0.0755276
0.139442
0.0120733
0.0732023
0.00261371
0.112818
0.483818
0.594385
0.447348
0.0362097
0.0486205
0.0382518
0.811445
0.00105627
0.189812
0.18323
0.0127679
0.237044
0.522417
0.230488
0.0112394
0.105354
0.0373911
0.00860842
0.382155
0.447401
0.157217
0.58007
0.0191032
0.0911235
0.344576
0.299586
0.0198781
0.407282
0.165117
0.000293571
0.0264852
0.0625019
0.000241576
0.507802
0.318899
0.381647
0.239625
0.00171566
0.506075
0.212182
0.218397
0.50359
0.0241145
0.643003
0.550747
0.00680721
0.0161511
0.00982854
0.00330951
0.617662
0.319938
0.242481
0.00099056
0.545627
0.408389
0.330238
0.261092
4.47258e-05
1.13731e-05
0.0769454
0.327423
0.047833
0.136211
0.121635
0.406854
0.0148262
0.0151853
0.0184437
0.661899
0.50796
0.569366
0.44791
0.233716
0.178359
0.177754
0.12077
0.0463542
0.361482
0.211044
0.0355838
0.0173589
0.372851
0.306417
0.0840059
0.171668
0.0398468
0.0144094
0.627291
0.548591
0.00470519
0.0604471
0.692944
0.523679
0.41094
0.0935064
0.0335511
0.00175604
0.126115
0.00696596
0.375502
0.00326561
0.0267069
0.566055
8.11409e-05
0.111956
0.0843849
0.210114
0.643991
0.169616
0.0180835
0.242776
0.135242
0.288916
0.167255
0.656941
0.775226
0.0934357
0.00587811
0.122415
0.174955
0.00352767
0.0967244
0.336235
0.597471
0.116747
0.0440884
0.352306
0.32354
0.0410081
0.00038026
0.540003
0.00413189
0.0105797
0.0247793
0.0230059
0.000138948
0.244955
0.234721
0.161801
0.58691
0.264558
0.188696
0.0272874
0.00597293
0.273288
0.0689084
0.4673
0.0052235
0.195512
0.441061
0.35914
0.000682476
0.554481
0.312837
0.0153613
0.199125
0.462601
0.460788
0.0787458
0.0512934
0.00985355
0.0598547
0.470364
0.0246831
0.0116155
0.0199502
0.105165
0.30261
0.232217
0.859815
0.297778
0.027152
0.129373
0.0335478
0.000656305
0.143883
0.000926743
0.0141451
0.010903
0.609905
5.12076e-06
0.152324
0.0532695
0.00039185
0.0491468
0.0274186
0.00338017
0.615461
0.046712
0.0464327
0.265115
0.649071
0.0893184
0.319031
0.21533
0.640315
0.000188684
0.000735993
0.354046
0.33911
0.0629473
0.795788
0.0484506
0.0164729
0.504149
0.589112
0.000490023
0.000202783
0.147687
0.144173
0.348856
0.0442292
0.00446279
5.67827e-05
0.240849
0.000862901
0.445593
0.169751
0.636966
0.00266942
0.11792
0.00191509
0.377849
0.342345
0.300786
0.204996
0.622066
0.543372
0.0457575
0.478072
0.00100754
0.34375
0.279951
0.310547
0.0192296
0.106511
0.0336257
0.178901
0.288151
0.469851
0.227692
0.00053391
0.462294
0.0945152
0.113504
0.533033
0.172492
0.0595233
0.15973
0.0324857
0.000901375
0.00159075
0.0121662
0.416228
0.00405901
0.263211
7.95234e-05
0.048366
0.0834596
0.0582332
0.0384441
0.372247
0.411191
0.322806
1.18932e-08
0.266543
0.688997
0.665365
0.0016857
0.328867
0.274138
0.00982341
0.27327
0.295793
0.194214
0.0892354
0.529693
0.475399
3.82714e-06
0.252002
0.360629
0.0199566
0.00676028
0.152966
0.598324
0.312329
0.134314
0.223399
0.0661915
0.564613
0.000227646
0.151265
0.020004
0.000898515
0.523684
0.683632
0.0730625
0.297575
0.143834
0.0775713
0.0569215
0.0526527
0.0466628
0.0468144
0.306314
0.31498
0.336391
0.0133727
0.195476
0.451959
0.338687
0.0386968
0.652176
0.48054
0.000460043
0.0320307
0.302334
0.0109885
0.0255045
0.0186583
0.00275199
0.232814
0.000167695
0.626863
0.244559
0.501651
0.000668755
0.0126199
0.444339
0.0270472
0.0143632
4.75309e-05
0.00461151
0.00206257
0.438309
0.77039
0.0140995
0.0831568
0.456099
0.682879
0.541857
0.569286
0.0401828
0.576983
0.128441
0.02777
0.00834715
0.00149981
0.471292
0.17646
0.168492
0.00554101
0.285892
0.0277632
0.000126625
0.553852
0.455128
0.634872
2.05313e-08
0.232178
0.135333
0.0195334
0.00390937
0.0573831
0.216841
0.0281154
0.407128
0.255126
0.00136915
0.469454
0.0985055
0.0152449
0.21991
0.0298857
0.0631456
0.0677862
0.299041
0.158585
0.180694
0.51422
0.00077961
0.557527
0.135722
0.00959046
0.113401
0.208001
0.238462
0.591496
0.41038
0.26106
0.0710144
0.299673
0.227794
0.0715141
0.0955075
0.456439
0.422503
0.109171
0.446678
0.595018
0.25991
0.598182
0.0712426
0.643701
0.000850982
0.125391
0.373681
0.0927667
0.210762
0.582269
0.324638
0.000875581
0.223176
0.148277
0.508384
0.656116
0.000339388
0.362413
0.000793258
0.00164734
0.421924
0.574759
0.516406
0.351317
0.0881919
0.0340152
0.448757
0.0309858
0.0884868
0.374849
0.000139747
0.00884784
0.180838
0.00313602
0.801942
0.0197686
0.374658
0.00728256
0.360747
0.0312819
0.315724
0.347984
0.0755274
0.397453
0.542821
0.0944049
0.00140373
0.0797596
0.169848
0.756201
0.0387908
0.523289
0.261491
0.0409556
0.410367
0.000174222
0.265315
0.0337096
0.25749
0.0715232
0.682499
0.50281
0.0939525
0.0894845
0.00160922
0.046436
0.195886
0.323502
0.112643
0.00029569
0.26848
0.131354
0.0224637
0.304379
0.0846469
0.670825
0.0391364
0.0358467
0.238327
0.00301525
0.739666
0.384558
0.0284893
0.00391933
0.415941
0.601655
0.376708
0.0019047
0.112531
0.337878
0.0154695
0.467724
0.00980296
0.322795
0.00447765
0.30438
0.375119
0.320385
0.0892769
0.0033987
0.00162884
0.257531
0.138213
6.30287e-05
0.440498
0.0496653
0.0884638
0.146692
0.0926117
0.423709
0.0388251
0.296126
0.477157
0.300993
0.00978186
0.103878
0.0305539
0.0856263
0.3833
0.00806305
0.194901
0.0671582
0.0647826
0.455388
0.0159754
0.147286
0.702499
0.308866
0.567991
0.492513
0.190507
0.00184819
0.524843
0.174744
0.40122
0.00152241
0.00180824
0.288896
0.190539
0.0783052
0.437557
0.00988705
0.00526098
0.0160856
0.349649
0.0668197
0.0602271
0.0657913
0.464162
0.000627659
0.0118582
0.523208
0.0061754
0.0723798
0.444001
0.245892
0.478397
0.329948
0.00114397
0.0431803
0.323431
0.243664
0.198489
0.342764
0.254093
0.00245932
0.0794592
0.0613128
0.434398
0.517744
0.0426037
0.0423847
0.602554
0.471446
0.427586
0.450027
4.44843e-05
0.266537
0.00631969
0.00423424
0.128926
0.00302271
0.333207
0.0307426
0.447465
0.416023
0.427988
0.0555477
7.38212e-05
0.259864
0.0153678
0.412373
0.381119
0.30841
0.253454
0.384431
0.075675
0.653699
0.00353463
0.192979
0.26368
0.242624
0.293346
0.024141
0.562553
0.149768
0.193817
0.00660357
0.317338
0.218143
0.479575
0.289676
0.25963
0.0319462
0.0207293
0.0372897
0.197121
0.419074
0.391184
0.0151236
0.436016
0.0327639
0.362349
0.0701666
0.823391
0.000988557
0.203486
0.741595
0.0752325
0.265196
0.16997
0.0166835
0.00853778
0.00632601
2.64144e-05
0.574539
0.552696
0.00475194
0.764936
0.00175019
0.000172659
0.00127703
0.370515
0.516373
0.261813
0.0204241
0.315289
0.00942247
0.355349
0.148682
0.0131545
0.319812
0.0141337
0.508197
0.616728
0.285103
0.33097
0.0402249
0.624244
0.376603
0.10883
0.000158328
0.301936
0.0131786
0.207343
0.0851922
0.183663
0.0864058
0.00489464
0.00189408
0.0413321
0.356861
0.288641
0.32659
0.118334
0.303557
0.0650505
3.2389e-05
0.668931
0.271398
0.0722522
0.529383
0.423353
0.100839
0.436221
0.00211361
0.0641463
0.0352512
0.0448239
0.131551
0.0101966
0.00970766
2.28268e-05
0.236498
0.536009
0.0241743
0.202947
0.000414579
0.126839
0.124962
0.252477
0.593106
0.836747
0.00453036
0.261681
0.100411
0.0928522
0.262024
0.821856
0.325031
0.00223576
0.160624
0.0292024
0.658807
0.101889
0.405666
0.149154
0.000174908
0.816648
0.211261
0.113301
0.04676
0.304568
0.631185
0.451541
0.000104471
0.159879
0.250964
0.270123
0.0361395
0.213958
0.184185
0.0532661
0.0144567
0.566335
0.288393
0.57643
0.261964
0.000242917
0.00396058
0.480579
0.0267404
0.242952
0.128906
0.577848
0.271393
0.113708
0.265214
0.293831
0.256531
0.522007
0.0567742
0.0555048
0.0100767
0.666315
0.297926
0.581293
0.259553
0.408836
0.315879
0.103509
0.326122
0.308361
0.306244
0.00247383
0.438052
0.234957
0.0876893
0.495422
0.00157904
0.200689
0.337635
0.315176
0.68033
0.62635
0.0812663
0.000232986
0.320086
0.288047
0.000205786
0.694875
0.0171605
0.57922
0.495361
0.00565492
0.0714256
0.589101
0.311542
0.492016
1.73733e-05
0.503924
0.557316
0.068647
0.000428417
0.58542
0.149596
0.403394
0.30868
0.534517
0.409698
0.100618
0.660647
0.5953
0.15179
0.279324
0.350595
0.382268
0.135607
0.278521
0.273587
0.322392
0.298665
0.000824316
0.526581
0.11896
0.511416
0.203776
0.272445
0.120751
0.0302144
0.0329509
0.0207753
0.439771
0.589868
0.332661
0.106313
0.322735
0.0654372
0.302235
0.068363
0.704597
0.253586
0.592734
0.444968
0.363946
0.140211
0.027499
0.000633472
0.000615145
0.634889
6.00433e-05
0.112597
0.0206355
0.00924025
0.555272
0.343552
0.45029
0.325138
0.0208332
0.256066
0.0187952
0.0411339
0.215791
0.595492
0.740205
0.00180077
0.00177978
0.0208051
0.495073
0.00289649
0.370496
2.61318e-05
0.0348025
0.458033
0.0045377
0.563555
0.24081
0.433055
0.263084
0.283479
0.0757706
0.407207
0.0474228
0.00234299
0.39801
0.168547
0.834288
0.0143937
0.364777
0.449936
0.531011
0.480182
0.317772
0.456633
0.0193204
0.0573896
0.074845
0.708955
0.286938
0.00127244
0.464318
0.00160978
0.434653
0.00115199
0.181761
0.437555
0.0789571
0.0306122
0.783246
0.0116215
0.00739011
0.712397
0.48942
0.600465
0.0450772
0.327296
0.334017
0.306149
0.000464638
0.329866
0.626054
0.0177296
0.0147199
0.278804
0.316001
0.659539
0.0488161
0.791681
0.247908
0.205011
0.134827
0.138096
0.37414
6.0319e-05
0.278861
0.189262
0.01847
0.37475
0.616394
0.0239139
0.334687
0.461943
0.530645
0.429643
0.030658
0.299124
0.668986
0.00619581
0.331978
0.484532
0.326711
0.0719097
0.0107317
0.569773
0.381883
0.221827
0.529081
0.191413
0.255988
0.002598
0.285731
0.505853
0.0290965
0.150705
0.307405
0.134994
0.00325921
0.218858
0.62022
0.00164897
0.216733
0.65083
0.610286
0.0752666
0.233827
0.0305222
0.58447
0.128195
0.0854198
0.351251
0.629886
0.17863
0.220696
0.824207
0.210055
0.247027
0.62505
0.0956181
0.0112878
0.00229651
0.190124
0.000374594
0.0471291
0.174898
0.00550616
0.377089
0.0128866
0.0964866
0.022056
0.259243
0.0487121
0.362659
0.0841647
0.0203413
0.300776
0.0743335
0.31232
2.68801e-05
0.446347
0.0351349
0.839835
0.0175891
0.0181376
0.210431
9.12402e-05
0.0397289
0.21587
0.212497
0.0218722
0.0256279
0.153939
0.574032
1.13089e-05
0.0270381
0.309059
0.302651
0.0516668
0.22538
0.364827
0.00172536
0.262596
0.486988
0.0133638
0.00591598
0.629891
0.000671534
0.112078
0.251066
0.346491
0.302881
0.763264
0.162537
0.0741664
0.0995983
0.144581
0.483469
0.00554484
0.0071999
0.0683715
0.115481
0.531858
0.00418298
0.243517
0.00681825
0.654443
0.548671
0.222791
0.280253
0.481793
0.000174912
0.165084
0.334937
0.1045
0.120297
0.00178579
0.315487
0.0120521
0.0133444
0.591174
0.577921
0.513862
0.00164788
0.713754
0.0604383
0.0535307
0.00916007
0.304412
0.296713
0.290303
0.0185388
0.0389341
0.317969
0.0466777
0.559999
0.00718326
0.00789513
0.000463644
0.346076
0.316647
0.455542
0.30182
0.0132411
0.339173
0.0517705
0.216299
0.038203
0.647528
0.355298
0.663492
0.00210759
0.229827
0.0488231
0.428869
0.532867
0.00358818
0.252842
0.0399076
0.0346789
0.388334
0.0124184
0.338075
0.0412585
0.819598
0.036531
0.00875118
0.00632141
0.181185
0.244675
0.842019
0.0663531
0.538147
0.501676
0.0708843
0.640298
0.433686
0.108658
0.414978
0.216863
0.30112
0.0952458
0.0346678
0.196204
0.0178788
0.0568429
0.352531
0.00626344
0.862023
0.372601
0.261972
0.000366929
0.00307002
0.0994023
0.277414
0.450132
0.0113434
0.295659
0.484979
0.0226831
0.218123
0.567441
0.0995295
0.307549
0.273355
0.695441
0.0314354
0.010543
0.0672644
0.210963
0.343167
0.110491
0.254861
0.0514401
0.308916
0.419454
0.3401
0.304584
0.127484
0.148986
0.320325
0.0277624
0.0499634
0.0959287
0.364491
0.721557
0.30567
0.00640666
0.363687
0.479903
0.269676
0.375137
0.0193033
0.346675
0.298748
0.653107
0.197304
0.0192204
0.0833622
0.00143793
0.0115117
0.285357
0.179077
0.426352
0.479635
2.62336e-05
0.163232
0.169092
0.0673093
0.252091
0.402621
0.504849
0.635005
0.12615
0.293563
0.0240104
0.00251017
0.833832
0.144381
0.3987
0.513663
0.013181
0.320591
0.767228
0.00152938
0.434986
0.679653
0.191722
0.347295
0.00132465
0.159525
0.42303
0.123996
0.279655
0.3754
0.281343
0.228934
0.284214
0.533521
0.152585
0.0055272
0.289331
0.00770888
0.127112
0.0513738
0.491473
0.314501
0.0583897
0.000261252
0.27347
0.028816
0.0901212
0.428176
0.669574
0.00941959
0.533407
0.536134
0.442537
0.0039474
0.426906
0.55671
0.457033
0.192706
0.357129
0.00902138
0.542369
0.0376166
0.0606415
0.00180276
0.286912
0.0411671
0.63005
0.0110572
0.00757552
0.533546
0.354858
0.000136747
0.366941
0.425193
0.575163
0.0959692
0.128699
0.206548
0.444957
0.353987
0.418718
0.121087
0.359545
0.00134879
0.358854
0.0604169
0.0490103
0.210687
0.000941952
0.192865
0.346755
0.514606
0.0153458
0.022613
0.0168101
0.0210752
0.0306175
0.0633175
0.0504777
0.00333543
0.201347
0.237225
0.482867
0.796811
0.0107443
0.106664
0.0438054
0.320626
0.176937
0.249226
0.606948
0.00263149
0.229195
0.292253
0.698154
0.387259
0.557983
0.367631
0.00251805
0.242165
0.166512
0.193064
0.0178307
0.1926
0.114094
0.128409
0.0408151
0.848821
0.000683366
0.00449801
0.236277
0.24999
0.532613
0.309469
0.181289
0.388761
0.0488416
0.00531921
0.0091367
0.737847
0.44791
0.0216758
0.00230834
0.526631
0.0059812
0.0781495
0.375462
0.145446
0.0262267
0.305764
0.0322996
0.282898
0.497292
0.445487
0.489904
0.000938562
0.203324
0.518278
0.145996
0.343968
0.325968
0.307009
0.40413
0.000228551
0.076107
0.381464
0.00771918
0.609066
0.314849
0.298358
0.0256363
0.507536
0.0612183
0.453153
0.344809
0.389345
0.6301
0.25549
0.0646675
0.000378429
0.283103
0.273223
0.152214
0.16696
0.00263407
0.622063
0.115161
0.00382178
6.19356e-05
0.0156371
0.297419
0.309295
0.0534309
0.253302
0.189019
0.00141209
0.236363
0.555256
0.012171
0.427801
0.175304
0.192817
0.071469
0.0790597
0.0701481
0.346729
0.0353319
0.0131897
0.000302388
0.00109559
0.0543413
0.440812
0.000212181
0.000263313
0.144196
0.730377
0.612348
0.611865
0.0463344
0.38026
0.27865
0.00168236
0.585951
0.00588255
0.146868
5.17941e-05
0.107752
0.445415
0.281281
0.441129
2.09135e-06
0.497808
0.680411
0.0903069
0.00526592
0.12014
0.63378
0.3731
0.707046
0.821575
0.716568
0.0586609
0.425068
0.73791
0.00221997
0.0732833
0.048382
0.401492
0.454053
0.0241846
0.000139437
0.227343
0.0365915
0.488475
0.0474487
0.455611
0.761175
0.50304
0.136191
0.228758
0.0914715
0.527068
0.0803231
0.0992574
0.0887269
0.0672381
0.542005
0.0189676
0.000606409
0.00615195
0.200028
0.713663
0.0586358
0.33661
9.90784e-07
0.635336
0.496863
0.147465
0.0119661
0.12529
0.000415926
0.635293
0.5346
0.100259
0.524752
0.00836665
0.202541
0.0251128
0.0229951
0.000425005
0.273197
0.278316
0.323703
6.38877e-05
0.0129354
0.64982
0.472704
0.000546254
0.0203886
5.68074e-08
0.0149605
0.562271
0.186529
0.261798
0.111173
0.673212
0.423048
0.276969
0.455671
0.648108
0.0155099
0.168737
0.475566
0.453603
0.00737877
0.0140451
0.00107942
0.115268
0.234081
0.338322
0.120951
0.000508206
0.186418
0.317446
0.146905
0.341457
0.0357093
0.29404
0.356394
0.468859
0.0673088
0.0473592
0.34973
0.461003
0.391067
0.426164
0.316925
0.0886832
0.123233
0.366271
0.175416
0.000398275
0.430318
0.0862566
0.161668
0.274119
0.583454
0.428009
0.410079
0.165692
0.0800617
0.169194
0.131029
0.00888981
0.0841222
0.0599862
0.350573
0.475003
0.157835
0.0461298
0.404405
0.00462083
0.00777576
0.169846
0.640125
0.439801
0.467772
0.576615
0.0967287
0.586651
0.613222
0.0236114
0.401483
0.0228272
0.00170237
0.287535
0.574
0.0408939
0.534999
0.402201
0.0277364
0.566507
0.0132004
0.0321766
0.270403
0.000491351
0.121562
0.72147
0.00334996
0.396326
0.0291402
0.584465
0.358926
0.188047
0.376804
0.0209009
0.5538
0.253611
0.322073
0.215536
0.00666456
0.331036
0.727658
0.0264677
0.311252
0.256249
0.809137
0.129463
0.00266533
0.00413984
0.000171432
4.57786e-06
0.176988
0.346978
0.000175201
0.59567
0.139118
0.00538705
0.0203369
0.551854
0.0743211
0.738283
0.0708426
4.21905e-05
0.00209647
0.550745
0.351512
0.356251
0.0144376
0.00416051
0.0451964
0.486625
0.522602
0.0921107
0.364438
0.00824126
0.740242
0.00336541
0.208886
0.573147
0.0100871
0.0425468
0.643083
0.324227
0.00560882
0.00330888
0.584322
0.261536
0.242324
0.00244504
0.196439
0.0865886
0.696166
0.261305
0.233363
0.399315
0.0197545
0.219053
0.0239656
0.340383
0.391787
0.281832
0.00137598
0.224665
0.00967968
0.214253
0.0018159
0.0260863
0.247298
0.324767
0.0122654
0.010155
0.0486333
0.0884874
0.00220127
0.122985
0.127106
0.257005
0.000314529
0.284513
0.000807635
0.000137035
0.0181926
0.286737
0.0127961
0.49141
0.0690505
0.273553
0.467772
0.0925918
0.307217
0.390281
0.166327
0.358254
0.00581645
0.0713302
0.0737743
0.00608899
0.00468052
0.254982
0.135378
0.29442
0.00653528
0.180158
0.173791
0.10153
0.297571
0.223744
0.00695519
0.231518
0.00367577
0.0682767
0.402654
0.326192
0.314273
0.827205
0.0500475
0.327758
0.0492691
0.0917597
0.606277
0.205481
0.468769
0.363368
0.813611
0.29711
0.270892
0.433205
0.350709
0.597783
0.628325
0.0362673
0.0603135
0.568655
0.0704253
0.088094
0.52924
0.357155
3.00718e-05
0.00107206
0.699714
0.602517
0.0416588
0.307915
0.0106145
0.267379
0.00123404
0.564917
0.000299735
0.570008
0.350759
0.415897
0.624396
0.261368
0.353996
7.07318e-05
0.321177
0.000646187
0.296212
0.223053
0.0899786
0.597465
0.0602467
0.24059
0.0443383
0.00145313
0.789936
0.539568
0.366018
0.00748298
0.08923
0.00176099
0.472703
0.118869
0.0427415
0.593879
0.083441
0.719707
0.000152586
0.416648
0.728926
0.701803
0.00299596
0.0627282
0.00204085
0.0347623
0.00360308
0.0408582
0.305139
0.0213476
0.228477
0.414588
0.253392
0.65323
0.0119249
0.053269
0.182004
0.319195
0.110027
0.535455
0.385042
0.572493
0.272022
0.112912
0.372667
0.000354826
0.194034
0.0716103
0.379387
0.159911
0.0632111
0.00415165
0.519469
0.0379734
0.378307
0.360415
0.469391
0.00393823
0.298569
0.00877053
0.0434051
0.538958
0.00682778
0.0306919
0.148183
0.0442208
0.0518603
0.205015
0.0243936
0.333753
0.427539
0.0122969
0.0100251
0.424496
0.00508327
0.255384
0.662392
0.298836
0.0818695
0.00167895
0.635518
0.315078
0.00863154
0.0425267
0.150781
0.066987
0.324395
0.72976
0.085046
0.0112786
0.388739
0.47605
0.397722
0.00896397
0.132671
0.0775034
0.104991
0.11599
0.587788
0.229609
0.423084
0.133662
0.327717
0.0510258
0.0288958
0.478515
0.0328359
0.239888
0.591279
0.27132
0.134677
0.284667
0.00306442
0.171111
0.262885
0.767342
0.128785
0.0502202
0.0651744
0.281475
0.638642
0.00303972
0.353348
0.603775
0.493266
0.0600691
0.0060426
0.00212161
0.0199878
0.0717319
0.0209878
0.196892
0.00411384
0.288009
0.0290135
0.185084
0.644898
0.228136
0.167565
0.0377921
0.387164
0.450811
0.0341107
0.554475
0.0332669
0.303602
0.201072
0.122166
0.00520096
0.0876976
0.304089
0.000637071
0.0010812
0.0308416
0.661334
0.32853
0.233378
0.1316
0.139018
0.118597
0.0661846
0.0395006
0.462322
0.551679
0.402503
0.588254
0.000826829
0.593077
0.777336
0.257929
0.441114
0.0649443
0.184308
0.482194
0.511827
0.668004
0.142397
0.106294
0.229338
0.0788538
0.19679
0.00826057
0.118337
0.0120994
0.451158
0.273541
0.31602
0.532381
0.0213394
0.608934
0.0856256
0.587195
0.245854
0.0475174
0.123993
0.203025
0.201613
0.00198495
0.479237
0.220526
0.235143
0.310063
0.245794
0.610989
0.445078
0.00725477
0.713559
0.156201
0.0621345
0.00174752
0.670963
0.125848
0.024444
0.000471318
0.312621
0.0193118
0.0116318
0.0429529
0.148628
0.352286
0.0598909
0.0418867
0.149317
0.381902
0.365549
0.201054
0.00330094
0.179451
0.228293
0.056568
0.0314498
0.198008
0.136796
0.338847
0.0296325
0.000289726
0.604829
0.485685
0.0315786
0.00187446
0.754509
0.244271
0.151864
0.00780582
0.280258
0.661763
0.102922
0.209642
0.268206
0.107057
0.00132044
0.0434584
0.411202
0.72779
0.448256
0.00227391
0.119073
0.136403
4.6026e-05
0.177982
0.42169
0.584882
0.305113
0.000227518
0.164882
0.375056
0.193467
0.163674
0.413649
0.192956
0.166045
0.000218009
0.326643
0.286333
0.113996
0.359873
0.0275572
0.00722159
0.00263948
0.218951
0.0336794
0.245168
0.407166
0.236058
0.000198199
0.376615
4.67217e-05
0.594438
0.000489386
0.223553
0.530024
0.0179961
0.0609998
0.00252887
0.11388
0.53279
0.306523
0.000303819
0.245618
0.225134
0.0784607
0.152448
0.48826
0.00207099
0.00294793
0.0161626
0.564852
0.0447804
0.655951
0.283442
0.39042
4.34847e-07
0.607861
0.00981732
0.247223
0.759726
0.00417611
0.255429
0.348597
0.00142469
0.00625739
0.067411
0.405482
0.0401708
0.000160434
0.346969
0.396574
0.00260624
0.0215361
0.656097
0.0150766
6.10583e-05
0.224475
0.478663
0.329337
0.0255851
0.0195356
0.187572
0.0684103
0.0400923
0.536092
0.127379
0.190594
0.298752
0.274119
0.783721
0.549144
0.00903438
0.697316
0.000453805
1.06724e-06
0.583505
0.0659856
2.93234e-06
0.0540543
0.0819283
0.125696
8.63225e-06
4.68196e-05
0.00186444
0.226071
0.80381
0.0703473
0.554211
0.339096
0.0198904
0.0436434
0.000550999
0.00796024
0.072955
0.432368
0.0347251
0.283517
0.000538164
0.0747717
0.0359847
0.50512
0.0230274
0.0406324
0.760615
0.0600742
0.000393427
0.380059
0.226324
0.00217945
0.593515
0.323013
0.380016
0.120426
0.0399707
0.0430085
0.21826
0.617698
0.244654
0.0638785
0.311807
0.127317
0.0278542
0.0409692
0.00426632
0.056438
0.00270028
0.0198505
0.109686
0.0734939
0.323671
0.0268035
0.00475593
0.0838175
0.0108396
0.229072
0.241225
0.0866745
0.000721357
0.140331
0.382995
0.0976636
0.0655936
0.169946
0.00949379
0.290713
0.0359782
0.254622
0.348137
0.00217667
0.227159
0.25959
0.113613
0.251496
0.0952833
0.666841
0.100223
0.557121
0.94454
0.040814
0.213872
0.301354
0.0375727
0.169448
0.0150558
0.0207864
0.102436
0.152052
0.2814
0.389746
0.00198631
0.246327
0.583534
0.562612
0.45983
0.00116785
0.153514
0.366952
0.00158287
0.209537
0.493675
0.356266
0.0362163
0.019884
0.0429027
0.692597
0.0525602
0.43171
0.00499754
0.382967
0.0196716
0.391403
0.00875921
0.089174
0.410719
0.186624
0.0438827
0.615178
0.444211
0.281706
0.219711
0.548211
0.197393
0.0685786
0.00694032
0.180241
0.422945
0.0645695
0.271089
0.406505
0.160858
0.0497453
0.0378109
0.0684033
0.163541
0.455209
0.59319
0.56176
0.104163
0.354795
0.39279
0.40458
0.23974
0.139937
0.125228
0.305014
0.0572979
0.00295096
0.690875
0.197848
0.166219
0.361595
0.279126
0.000767455
0.0319087
7.55894e-06
0.103852
0.00411953
0.712583
0.0297926
0.482484
0.0540989
0.0197964
0.344023
0.217761
0.0896083
0.145186
0.690579
0.262533
0.387241
0.632712
0.402376
0.0011097
0.491565
0.320371
0.698792
0.393874
0.588913
0.371741
0.0661278
0.00202634
0.0327375
0.263034
0.0540676
0.086903
0.620898
0.00380517
0.00102584
0.324696
0.00471539
0.00322332
0.0689614
0.156112
0.212706
0.412372
0.0149657
0.177591
0.00230621
2.26647e-06
0.165669
0.430412
0.163457
0.333996
0.295868
0.166317
0.0354287
0.347022
0.583888
0.27321
0.109649
0.000812652
0.473772
0.131377
0.49494
0.0194798
0.405126
0.384377
0.00381544
0.230022
0.250652
0.39222
0.000111755
0.236409
0.550386
0.460097
0.179106
0.0246049
0.0199499
0.375711
0.0513294
0.00841679
0.00689568
0.585312
0.248463
0.0112551
0.661993
0.109741
0.502601
0.0266253
0.152088
0.110652
0.366803
0.400186
0.835541
0.0581421
0.0416988
0.412805
0.0371727
0.408685
0.00169905
0.684768
0.15839
0.310299
0.586413
0.138089
0.00298709
0.192869
0.325235
0.577722
0.0299411
0.00520455
0.236999
0.66255
0.832686
0.501018
0.134062
0.00253905
0.430786
0.221684
0.245106
0.031723
0.428983
0.0647348
0.313122
0.000214385
0.619211
0.303241
0.424638
0.266862
0.001756
0.0174613
0.0105836
0.497355
0.459958
0.000765659
0.770126
0.600198
0.374464
0.017125
0.0296066
0.0138738
0.087963
0.0056899
0.0165368
0.146464
0.620264
0.162236
0.00938205
0.00271229
0.183148
0.0209492
0.194748
0.851374
0.404795
0.0159863
0.317043
0.314516
0.673809
0.608257
0.0367412
0.418864
0.0940246
0.276876
0.0244157
0.264145
0.00229359
0.160827
0.518591
0.00318842
0.000143001
0.244936
0.0245138
0.0192075
0.272631
0.250747
0.0437069
0.261657
0.714775
0.0291363
0.273584
0.00213562
0.0152911
0.00661565
0.803746
0.0923481
0.040508
0.000179126
0.580383
0.0219408
7.81908e-06
0.000684218
0.772105
0.0618918
0.233773
0.000617443
0.0160599
0.348392
0.208651
0.704796
0.483275
0.00542287
0.586789
0.293052
0.548631
0.0308762
0.0375089
0.574626
0.0222623
0.217621
0.00522874
0.065602
0.0523991
0.209319
0.0776129
0.0154755
0.000495167
0.32154
0.261933
0.478284
0.431646
0.284045
0.0137351
0.00102611
0.0125318
0.11682
0.00806406
0.00350661
0.345472
0.00553384
0.47799
0.380327
0.000991696
0.481103
0.30225