0.0214275
0.00245979
0.66078
0.140251
0.171418
0.159983
0.628176
0.460872
0.108609
0.0213946
0.396692
0.0168929
0.508786
0.0559311
0.00796873
0.30697
0.229879
0.269385
0.406114
0.00202072
0.121764
0.0840967
0.654067
0.000706849
0.112969
0.4053
0.229109
0.59766
0.00430294
0.00701005
0.478324
0.420675
0.579947
0.25567
0.0909266
0.326335
0.195424
0.0997116
0.000669739
0.0845955
0.539339
0.0075698
0.293354
0.00646791
0.426813
0.000690394
0.0360779
0.0760781
0.0169622
0.234574
0.0807884
0.68999
0.44454
0.204578
0.144629
0.449966
0.460642
0.512327
0.682126
0.179398
0.000246734
0.313847
0.323631
0.400928
0.264436
0.165095
0.0213494
0.0905693
0.216392
0.159294
0.344258
0.394293
0.19247
0.0738624
0.335883
0.00439802
0.244664
0.0289058
0.0274849
0.342312
0.511926
0.2843
0.000258538
0.109803
0.0140933
0.313389
0.649302
0.824419
0.758096
0.0990463
0.0323302
0.579856
0.606883
0.113595
0.135293
0.0408602
0.0678895
0.055767
0.061107
0.172183
0.498957
0.67097
0.0230811
0.00339613
0.00166332
0.00472844
0.24648
0.0441056
0.24158
0.0472975
0.108998
0.0493705
0.155124
0.00363506
0.150697
0.447074
0.139576
0.110538
0.526934
0.462047
0.465273
0.0234463
0.00348742
0.0858712
0.531041
0.1284
0.582976
0.0829736
0.310961
0.32361
0.136264
0.0802609
0.0175763
0.00132982
0.123023
0.213834
0.0155382
0.00196633
0.575653
0.40622
0.262095
0.300014
0.299565
0.151741
0.183192
0.466649
0.206009
0.401559
0.60981
0.108718
0.378356
0.20704
0.394661
0.387373
0.689778
0.379167
0.028259
0.00869605
0.174744
0.0670771
0.558692
0.0269667
0.777819
0.30772
0.58825
0.25587
0.729616
0.421448
0.146278
0.250864
0.00641684
0.527187
0.158675
0.509904
0.000592301
8.55857e-05
0.105512
0.00177209
0.202598
0.300489
0.412671
0.205439
7.26474e-06
0.475337
0.474732
0.0175321
0.413519
0.336989
0.102125
0.550973
0.525179
0.592645
0.748833
0.285978
0.149439
0.466646
0.147422
0.352641
0.0640631
0.468785
0.509824
0.386862
0.169559
0.023109
0.00123658
0.00464271
0.478306
0.59679
0.000639933
0.0170434
0.430356
0.523653
0.428578
0.302246
0.585613
0.690305
0.0568309
0.000792862
0.77732
0.421973
0.0438066
0.118084
1.09278e-05
0.401836
0.566075
0.234891
0.80215
0.409138
0.109796
0.748686
0.263427
0.0128431
0.212812
0.278495
0.358102
3.57795e-05
0.030635
0.580511
0.23596
0.485359
3.23243e-05
0.157631
0.59897
0.213384
0.429966
0.405139
0.236679
0.514476
0.000857827
0.722835
0.120225
0.0168938
0.00104482
0.0139117
0.48351
0.660212
0.355023
0.432842
0.493251
0.0536607
0.506055
0.0465918
0.295407
0.166828
0.0422635
0.496967
0.440409
0.000533229
0.0404658
0.370981
0.33877
0.253339
0.00223947
0.0178112
0.522027
0.61544
0.126438
0.595025
0.245632
0.344512
0.079403
0.348201
0.0800089
0.0145126
0.26728
5.48351e-05
0.149427
0.186199
0.00247713
0.000394593
0.0106644
0.00223929
0.0122242
0.232435
0.00605893
0.391181
0.0024375
0.0554078
0.131308
0.023262
0.00156029
0.160296
0.176518
0.544053
0.118387
0.0580024
0.00419249
0.00288108
0.199645
0.448584
0.506849
1.77573e-05
0.0357677
0.567937
0.546718
0.221311
0.676413
0.0452484
0.0994203
0.108587
0.0383296
0.00592985
0.365956
0.575015
0.465438
0.293441
0.013739
0.734709
0.415959
0.0700607
0.00972123
0.0989033
0.476628
0.00047071
0.0280061
0.182341
0.00141037
0.245645
0.479952
0.0104682
0.582043
0.317696
0.359919
0.732025
0.552035
0.359948
0.348595
0.104715
0.0426427
0.0205594
0.238257
0.000685161
0.313506
0.0270243
0.328838
0.488659
0.412364
0.559446
0.489601
0.328884
0.00196277
0.280073
0.0968061
0.0447782
7.45726e-05
0.464197
0.39115
0.449153
0.552202
0.0376969
0.275643
8.23573e-05
0.130592
0.516607
0.0153201
0.366605
0.711779
0.534525
0.308188
0.0244476
0.0628888
0.268151
0.0213422
0.660769
0.451767
0.162569
0.000910392
0.195325
0.463468
0.322
0.000163661
0.174799
0.490937
0.372885
0.161408
0.0124944
0.047538
0.493999
0.382253
0.371129
0.264181
0.0940462
0.0220143
0.640076
0.357037
0.601706
0.00845825
0.296969
0.226523
0.18079
0.093719
0.240916
0.458089
0.0665952
0.285216
0.00042128
0.567319
0.512131
0.54933
0.014893
0.465037
0.408974
0.147433
0.589952
0.00912434
0.0464344
0.698635
0.617931
0.681007
0.0386148
0.381485
0.487801
0.0568089
0.623436
0.30983
0.12185
0.608538
0.602934
0.00600714
0.419454
0.0111598
0.555938
0.000821826
0.584084
0.385862
0.587635
0.489973
0.0181397
0.00576881
0.259449
0.293941
0.261806
0.44354
0.526479
0.00780434
0.430201
0.500475
0.621979
0.52281
0.565314
0.554653
0.0421588
0.0462462
0.569441
0.277199
0.107683
0.308633
0.0233798
0.438926
0.290443
0.412699
0.00159482
0.120237
0.410005
0.335824
0.0929397
0.387616
0.846327
0.378544
0.274864
0.111995
0.00414637
0.282671
0.71443
0.468953
0.658859
0.000684177
0.000946639
0.483974
0.124957
0.000131364
0.47602
0.667341
0.000647054
0.0291026
0.276127
0.367042
0.0229538
0.0702431
0.228026
0.439283
0.0455711
0.269462
0.710108
0.00678846
0.00943801
0.239685
0.000808872
0.551818
0.00983712
0.371576
0.00306144
0.00264267
0.0947712
0.419299
0.131894
0.286999
0.299335
0.462582
0.446426
0.525441
0.00156833
0.113968
0.0175608
0.0500548
0.312631
0.564144
0.0103391
0.684159
0.0290275
0.396449
0.481554
0.140209
0.374619
0.00501072
0.0163182
0.0341753
0.438768
0.630973
0.121841
0.0512545
0.651486
0.314432
0.000816845
0.062876
0.0553524
0.023388
0.195433
0.0666298
0.0516966
0.155825
0.448409
0.488692
0.176685
0.00845347
0.670412
0.310972
0.169523
0.00889191
1.6355e-05
0.00844294
0.00762218
0.282992
0.689471
0.0993659
0.306495
0.00491975
0.460696
0.408502
0.351814
0.449426
3.81891e-05
0.00350314
0.175083
0.410841
0.0634564
0.0569069
0.272756
0.0029814
0.317332
0.0415314
0.581937
0.501448
0.418061
0.0178309
0.122179
0.203276
0.104466
0.0782173
9.61015e-05
0.192935
0.153745
0.00380851
0.330009
0.186983
0.23118
0.000156151
0.264387
0.495768
0.0512932
0.322146
0.471683
0.362762
1.74858e-05
0.000772085
0.00302553
0.571654
0.145267
0.0038116
0.0177821
0.0301546
0.308
0.578144
0.140893
0.290434
0.480806
0.248283
0.161752
0.303398
0.027965
0.0757305
0.661786
0.000338135
0.433377
0.00113802
0.00788906
0.00120376
0.0592012
0.190852
0.373507
0.552377
0.50741
0.0659664
0.631176
0.169578
0.526602
0.0502032
0.568448
0.461315
0.434119
0.215998
0.406402
0.688832
3.43456e-05
0.0180105
0.245923
0.0718431
0.521713
0.396984
0.241634
0.000406996
0.122106
0.0177192
0.614803
0.0224356
0.449516
0.149938
0.565119
0.267468
0.26875
0.00151214
0.291429
6.60418e-07
0.325549
0.0128579
0.27469
0.00476363
0.217042
0.00161337
0.269795
0.00130029
0.307547
0.713282
0.0149376
0.608549
0.718624
0.509687
0.0858456
0.680934
0.0742992
0.00699715
1.98533e-05
0.821938
0.662412
0.53903
0.317538
0.0118216
0.464969
0.312112
0.549851
0.309132
0.0253972
0.436327
0.000410495
0.370008
0.00573476
0.276633
0.578721
0.00128259
0.279617
0.00911261
0.0269815
0.415896
0.879269
0.691185
0.140156
0.263805
0.647411
0.820896
0.100831
0.0611046
0.0691182
0.203059
0.123669
0.459897
0.219226
0.0162749
0.372302
0.224457
0.626815
0.313798
0.419616
0.1034
0.060088
0.514741
0.617704
0.168347
0.712865
0.222922
0.720985
0.661566
0.160521
0.00190425
0.0203381
0.330492
0.497555
0.134037
0.456961
0.00146439
0.363006
0.470847
0.00251324
0.0914122
0.00618237
0.35198
0.000724199
0.64919
0.00963029
0.00947789
0.0412802
0.00326503
0.19702
0.175492
0.171664
0.0475845
0.746107
0.0635317
0.119827
0.0333652
0.0119736
0.373985
0.4662
0.212501
0.299526
0.233061
0.00931264
0.320958
0.619263
0.206712
0.271361
0.526711
0.0784489
0.00566904
0.33721
0.298161
0.41755
0.610035
0.00587345
0.000555837
0.412532
0.00820234
0.00148575
0.0696502
0.113447
0.0346184
0.111172
0.0903317
0.284012
0.74072
0.312422
0.627123
0.0896407
0.699081
0.556682
0.399809
0.0974906
0.656632
0.591668
0.234225
0.330093
6.85605e-06
0.00052765
0.457849
0.000678834
0.499855
0.420732
0.0643821
0.491724
0.0128363
0.853541
0.295164
0.483072
0.225323
0.00256936
0.610704
0.33596
0.00419889
0.0501089
0.525525
0.660984
0.688838
0.372655
0.0342529
0.449866
0.00219632
0.547872
0.24634
0.000288372
0.604973
0.672541
0.232974
0.32622
0.0624271
0.382579
0.486876
0.374674
0.289865
0.335801
0.197564
0.00263501
6.55998e-05
0.115356
1.60717e-06
0.0114359
0.101053
0.674807
0.569789
0.0451454
0.0797453
0.158842
0.167063
0.105331
0.516342
0.0589482
0.203511
0.0880424
0.0194047
0.0449235
0.0107754
0.504961
0.216911
0.117057
0.297867
0.477436
0.00450514
0.0596795
0.389995
0.162919
0.0240151
0.325656
0.117791
5.77577e-06
0.296953
0.0725875
0.000665032
0.713338
0.136828
0.0421894
0.410976
0.1589
0.421191
0.418305
0.787687
0.0521992
0.0223154
0.737208
0.566834
0.329337
0.31179
0.317329
0.427894
0.199648
0.235713
0.166217
0.0111894
0.302908
0.0121624
0.195931
0.681745
0.370411
0.606119
0.123903
0.00145095
0.19095
0.242858
0.686613
0.105924
0.513184
0.339686
0.291133
0.498337
0.00408145
0.534852
0.227572
0.237137
0.0195206
0.721324
0.48567
0.389336
0.36922
0.0590202
3.00181e-05
0.538384
0.31432
0.645757
0.0206561
0.223336
0.229308
0.0550292
0.0564143
0.281806
0.156506
0.174183
0.27864
9.18002e-05
0.385622
0.0208559
0.467083
0.253418
0.396777
0.119406
0.266954
0.0133205
0.618454
0.0888695
0.132682
0.0930375
0.0429753
0.742846
0.114668
0.0665454
0.0161786
0.295999
0.497207
0.11928
0.000244167
0.412108
0.167829
0.00432937
0.253082
0.00454231
0.107482
0.0647853
0.0287648
0.175929
0.114794
0.616285
0.0257013
0.066417
0.00287728
0.300396
0.0200873
0.611102
0.0177755
0.57848
0.010983
0.263772
0.360972
0.00421484
0.101488
0.334505
0.425814
0.436821
0.137342
0.00645474
0.171762
0.402836
0.0101241
0.460175
0.292739
0.00650957
0.449266
0.352341
0.377409
0.502182
0.49577
0.643632
0.177948
0.0348604
0.477435
0.205958
0.407752
0.738631
0.101003
0.415895
0.0287032
0.00501645
0.513414
0.204885
0.355217
7.35348e-05
0.302699
0.608986
0.242974
0.0350149
0.199366
0.100326
0.00717311
0.0340464
0.485569
0.0609925
0.169307
0.273233
0.298986
0.225543
0.441802
0.371818
0.129271
0.203731
0.00197142
0.000566003
0.016216
0.709077
0.0556664
0.0639586
0.351998
0.471774
0.0620455
0.0109713
0.552303
0.7269
0.148733
0.881978
0.600748
0.53885
0.296473
0.053008
0.414482
0.037868
0.188424
0.617501
0.783801
0.0950587
0.0248079
0.0770041
0.447593
0.0362344
0.780924
0.429228
0.726814
0.0190846
0.315228
0.188948
0.00146884
0.622165
0.77096
0.0968243
0.300392
0.000701917
0.0227912
0.101414
0.00751997
0.289369
7.34783e-05
0.191608
0.718263
0.235732
0.0085758
0.0305041
0.0957832
0.033655
0.0159809
0.00495009
0.223936
0.415477
0.0207665
0.154092
0.0558169
0.0751274
0.0114012
0.276066
0.428395
0.15525
0.166743
0.642317
0.360659
0.00585137
0.165375
0.00047687
0.0537418
0.579967
0.514702
0.153631
0.434327
0.0018285
0.375701
0.0015902
0.00421734
0.00766202
0.378866
0.0629857
0.459741
0.488189
0.593173
0.0868206
0.145959
0.481363
0.348945
0.0601852
3.6919e-05
0.240269
0.608387
0.434318
0.257908
0.221416
0.0874771
0.0715122
0.0506461
0.356224
0.233184
0.251909
0.252321
0.19822
0.222617
0.276681
0.0323378
0.20829
0.332543
0.751829
0.318806
0.016012
0.0407299
0.185113
0.0221397
0.291467
0.50405
0.456779
0.177492
0.0125508
0.269328
0.246206
0.196202
0.201677
0.603982
0.0426821
0.337078
0.193078
0.43735
0.257463
0.675981
0.130403
0.530344
0.000397565
0.389157
0.485743
0.393722
0.776406
0.594943
0.0618857
0.105196
0.0269793
0.00181235
0.357056
0.212599
0.142115
0.00135103
0.00561699
0.196374
0.441922
0.00963075
0.244405
0.38809
0.000813138
0.101911
0.355087
0.269132
0.268146
0.000806518
0.100726
0.182665
0.0113779
0.535308
0.651239
0.327042
0.297986
0.268731
0.0366409
0.0488866
0.00166394
0.293294
0.267372
0.0295599
0.105086
0.282103
0.0378461
0.396058
0.000509061
0.676928
0.786926
0.140113
0.0291172
0.102433
0.0755287
0.513121
0.185032
0.000505602
0.0611989
0.436922
0.577439
0.0600606
0.684011
0.200593
0.158705
0.313263
0.164344
0.363643
0.0669921
0.37358
0.508627
0.000250088
0.0575639
0.0164303
0.00314705
0.767956
0.00760928
0.193966
0.794816
0.499984
0.00237042
0.0214389
0.186039
0.526532
0.323639
0.0286677
0.0722118
0.322373
0.187801
0.743221
0.759399
0.0393691
0.00179964
0.488726
0.448938
0.0388013
0.288899
0.139077
0.762309
0.0689047
0.414918
0.306874
0.247276
0.635558
0.248903
0.143893
0.544337
0.301182
0.404688
0.172129
0.320795
0.167975
0.234181
0.459875
0.362487
0.23714
0.0092534
0.0911712
0.442678
0.414416
0.140865
0.718628
0.468031
0.217205
0.00259251
0.474971
0.486728
0.118681
0.558885
0.230084
0.00095989
0.0097508
0.498714
0.257286
0.486893
0.130102
0.527731
0.00749536
0.107731
0.12121
0.00432105
0.42558
0.41947
8.99456e-06
0.107409
0.455474
0.380988
0.019426
0.473328
0.270543
0.313362
0.253261
0.0933658
0.321202
0.10479
0.00255649
0.0038945
0.796537
0.107638
4.71286e-05
0.114527
0.141429
0.00661921
0.379658
0.587906
0.373216
0.422895
0.402376
0.167565
0.00216754
0.426453
0.0740564
0.36445
0.451455
0.223589
0.720062
0.100582
0.0097508
0.402166
0.118621
0.0523495
0.438912
0.210167
0.675624
0.41214
0.148967
0.00196486
0.431685
0.870192
0.373611
0.479327
0.286491
0.266802
0.00105197
0.0502801
0.787622
0.0779883
0.349976
0.522226
0.00104562
0.13536
0.00110222
0.0288792
0.00738004
0.137597
0.00203809
0.573011
0.086276
0.496852
0.0115741
0.520174
0.470023
0.0955706
0.059606
0.13944
0.218904
0.331586
0.23581
0.0197755
0.525805
0.10634
0.0834921
0.631338
0.0446789
0.186492
0.837287
0.001069
0.299027
0.0536852
0.00199184
0.157179
0.439417
0.0567935
0.745569
0.00256548
0.523843
0.510473
0.291641
0.0641799
0.017394
0.319009
0.394272
0.0110936
0.685745
0.0165198
0.596955
6.55304e-05
0.508839
0.0026281
0.624286
0.0627794
0.288683
0.0345432
0.220129
0.0629437
0.0388557
0.000341331
0.000336938
0.0402504
0.0959812
0.208486
0.0454215
0.0832447
0.0196093
0.537688
0.20161
0.0003023
0.481925
0.00333185
0.0971505
0.00187199
0.532806
0.613868
0.541413
0.00175519
0.24962
0.221941
0.331956
0.144368
0.0165487
0.669272
0.0606054
0.42588
0.286125
0.0302886
0.619785
0.438112
0.221451
0.019486
0.529592
0.383309
0.00196953
0.156013
0.169272
0.104035
0.593613
0.413915
0.452642
0.644917
0.000641491
0.0068824
0.512666
0.0360424
0.460722
0.363371
0.53073
0.00164333
0.265649
0.125616
0.00566103
0.00740633
0.441534
0.460941
0.587164
0.236667
0.000296918
0.401502
0.0885308
0.0602394
0.26211
0.0408749
0.843606
0.491234
0.00502673
0.498356
0.00267792
0.226577
0.1248
0.00645296
0.296719
0.45159
0.282518
0.0117088
0.841749
0.351795
0.368075
0.845507
0.374528
0.227018
0.28302
0.00811043
0.54129
0.0717707
0.540011
0.242796
0.466731
0.0143633
0.466613
0.00183838
0.649927
0.54681
0.136295
0.389632
0.00429078
0.399596
0.507294
0.385732
0.0351965
0.0160362
0.0202829
0.00486768
0.108224
0.366819
0.510922
0.0776731
0.385854
0.027785
0.778979
0.109258
0.356733
0.00244714
0.527893
0.275848
0.0400515
0.400353
0.255674
0.0646763
0.246272
0.393289
0.051204
0.852875
0.107764
0.102592
0.313661
0.316685
0.220499
0.379177
0.0745624
0.213296
0.478374
0.678462
0.497156
0.208277
0.120378
0.366265
0.290796
0.300166
0.173059
0.472386
0.448918
0.266164
0.275401
0.00889136
0.666808
0.0151481
0.0244094
0.00241402
0.137629
0.0488995
0.289073
0.461902
0.0713127
0.505024
0.451377
0.184045
0.20602
0.683185
0.182843
0.453415
0.62691
0.0092904
0.292507
0.739173
0.290061
0.00267707
0.32612
0.0976935
0.0303196
0.0545129
0.757549
0.28628
0.0339211
0.829534
0.1771
0.542836
0.385423
0.0882338
0.536682
0.48783
0.00637971
0.332523
0.102649
0.699491
0.00885321
0.0506068
0.585165
0.0384433
0.696039
0.483729
0.451411
0.25683
0.029597
0.621619
0.0406514
0.423313
0.225532
0.00301306
0.213584
0.00144309
0.155798
0.606482
0.0206378
0.611164
0.270318
0.697522
0.238074
0.304738
0.224702
0.861002
0.0071915
0.0147312
0.00918082
0.00141897
0.15963
0.797129
0.308625
0.0133498
0.001369
0.602016
0.44547
0.336768
0.0406641
0.4316
0.0312513
0.592913
0.000776914
0.219797
0.314873
0.0507584
0.00304834
0.441797
0.507034
0.301512
0.165745
0.0476302
0.0501248
0.00825231
0.0563621
0.501201
0.0484069
0.40803
0.673922
0.0025224
0.0281671
0.912121
0.42998
0.346014
8.59859e-05
0.18859
0.0549299
0.0875307
0.1004
0.262707
0.311239
0.0276832
0.153661
0.160747
0.582382
0.165165
0.00223581
0.00392909
0.000310944
0.13293
0.246829
0.0151953
0.0718078
0.126622
0.600197
0.299626
0.215021
0.211588
0.0313546
0.543104
0.292854
0.0138635
0.662571
0.0343827
3.76031e-05
0.60673
4.51934e-06
0.308337
0.00462912
0.25823
0.359434
0.243771
0.234822
0.750991
0.502737
0.000433192
0.0055495
0.753261
0.275625
0.482357
0.000997541
0.0277961
0.241038
0.356984
0.135038
0.00428216
0.0284165
0.561216
0.115726
0.613534
0.404691
0.588238
0.320522
0.627945
0.0416745
0.0212932
0.33254
0.385472
0.241756
0.786405
0.0428302
0.292352
0.000991963
0.300751
0.0436698
0.657247
0.593019
0.173011
0.58868
0.175102
0.659251
0.0452419
0.000220342
0.152298
0.320766
0.643106
0.266754
0.0701838
0.411632
0.375315
0.0914726
0.312766
0.0405992
0.0417832
0.259731
0.630905
0.463216
0.027499
0.232967
0.100102
0.00122436
0.216758
0.355307
0.730895
0.716895
0.237191
0.245325
0.32564
0.256103
0.0212812
0.517729
0.674455
0.274087
0.345848
0.0258819
0.60575
0.26519
0.132548
0.452889
0.343711
0.000417784
0.568795
0.469349
0.00190094
0.313736
0.294372
0.785229
0.357673
0.360269
0.2607
0.388763
7.82833e-05
0.366606
0.363202
0.192367
0.300717
0.00756008
0.331076
0.347488
0.51935
0.020296
0.0470524
0.449633
0.852266
0.361141
0.300939
0.714881
0.0201549
0.0885841
3.00942e-05
0.0593351
0.093043
0.159422
0.243933
0.00239497
0.0530622
0.335904
0.0142787
0.105518
0.421206
0.368655
0.617815
0.822742
0.000599745
5.78048e-05
0.527486
0.131751
0.233357
0.312241
0.358005
0.201677
0.281789
0.0970728
0.312783
0.69594
0.266812
0.523153
0.827782
4.07433e-06
0.0392283
0.187755
0.308503
0.48911
0.0216169
0.370739
0.0952015
0.343716
0.0527993
1.5682e-06
0.594843
0.264228
0.590662
1.96862e-05
0.0948865
0.184562
0.206081
0.023798
0.500166
0.0206795
0.899836
0.0742847
0.587803
0.858812
0.000110013
0.0819537
0.124475
0.308965
0.190331
0.44884
0.383015
0.134518
0.441642
0.142255
0.148668
0.0179118
0.478563
0.0366206
0.0470236
0.193776
0.00758065
0.000272799
0.0106435
0.596263
0.529138
0.33942
0.556526
0.0430915
0.0932555
0.000347393
0.413566
0.42786
0.695005
0.00143507
0.0608296
0.293332
0.00474021
0.418763
0.426319
0.000489416
0.349052
0.0745474
0.277911
0.0197962
0.125461
0.325349
0.495934
0.127856
0.425925
0.544274
0.496883
0.244671
0.165514
0.18667
0.0260134
6.95703e-05
0.039249
0.0945601
0.152763
0.558084
0.00515982
0.548202
0.0152665
0.000608864
0.628372
0.00152001
0.40813
0.0298932
0.265317
0.116289
0.273854
0.0219763
0.368776
0.641329
0.510347
0.503781
0.346711
0.438661
0.040875
0.800166
0.433963
0.620302
0.367773
0.278399
0.712668
0.243781
0.454286
0.422467
0.305824
0.298173
0.606703
0.00998794
0.0212986
0.510702
0.566389
0.400008
0.00127844
0.390092
0.652163
0.688779
0.564508
0.0101042
0.00806815
0.324639
0.0017415
0.164801
1.03039e-06
0.00135351
0.155499
0.168945
0.167957
0.36519
0.274956
0.357045
0.000151758
0.475651
0.438531
0.361388
0.142177
0.254704
0.279267
0.476264
0.0064633
0.704989
0.152889
0.102186
0.606629
0.0362289
0.0315388
0.60211
0.271746
0.000532809
0.00296709
0.560175
0.0248311
0.0409608
0.278487
0.203575
0.646783
0.111267
0.0151178
0.177049
0.723884
0.230517
4.11147e-05
0.451477
0.000260844
0.316859
0.0104526
0.0101355
0.737119
0.535752
0.251228
0.602631
0.136066
0.289091
0.0347318
0.426749
0.301356
0.362112
0.00135406
0.133262
0.170277
0.269913
0.241094
0.182251
0.304651
0.451699
0.000764786
0.506653
0.0504972
0.00183639
0.79808
0.249878
0.46265
0.318108
0.0324296
0.215192
0.771538
0.342917
0.0220371
0.405092
0.0186792
0.574139
0.0132087
0.038654
0.660056
0.191041
0.0261787
0.436947
0.273209
0.117238
0.0712416
0.201821
0.00353365
0.236692
0.0328777
0.27065
0.286468
0.635254
0.0816374
0.390042
0.104189
0.0197763
0.221082
0.542297
0.479944
0.825523
0.159915
0.272727
8.66461e-05
0.0338578
0.117874
0.0409938
0.000107165
0.426074
0.0330438
0.0273571
0.331797
0.3739
0.332308
0.395424
0.000630045
0.60509
0.000260337
0.320096
0.127992
0.470793
0.0224694
4.55865e-06
0.00198261
0.648432
0.171791
0.0074948
0.355466
0.237814
0.610668
0.033886
0.424112
0.00990215
0.0468551
0.0798484
0.0388735
0.0229055
0.145187
0.183095
0.0136811
0.021166
0.636383
0.00164578
0.449319
0.22208
0.00482009
8.68644e-05
0.364526
0.0145919
1.08742e-05
0.354384
0.369003
0.0265113
0.469386
0.444412
0.00984934
0.143152
0.00467485
0.102623
0.205242
0.735043
0.213284
0.213348
0.43158
0.0541386
0.165044
0.0842112
0.390557
0.0239296
0.347743
0.0560086
0.134218
0.0137232
0.00576425
0.582899
0.128615
0.070594
0.319517
0.125625
0.0670115
0.530604
0.0291513
0.00694526
0.0490406
0.89242
0.229507
0.228057
0.790402
0.595114
0.138059
0.0271368
0.000238351
0.880097
0.0442792
0.227676
0.749671
0.0437954
0.120927
0.528698
0.321856
0.462225
0.485329
0.350601
0.000565761
0.553921
0.463915
0.435221
0.0343406
0.656692
0.330029
0.0142589
0.12431
0.00958513
0.177248
0.727325
0.152261
0.171908
0.000281703
0.293586
0.294949
0.168512
0.00208133
0.000232965
0.291246
0.500368
0.364957
0.117772
0.36153
0.660118
0.362253
0.0429691
0.293817
0.182156
0.518582
0.164527
0.000576068
0.0475451
0.00652529
0.0207822
0.0752924
0.210728
0.0110106
0.439344
0.346191
0.041676
0.0140751
0.540037
0.60093
0.0592845
0.471154
0.142617
0.00126325
0.504911
0.0306096
0.00666752
0.221734
0.225551
0.285806
0.00117778
0.00222999
0.0753095
0.167978
0.00821312
0.00702904
0.112662
0.750333
0.670996
0.00922368
0.0236461
0.750671
0.120259
0.0315883
0.038764
0.427331
0.0807482
0.415606
0.662911
0.0370151
0.403931
0.52525
0.202615
0.417095
0.0133811
0.243071
0.2141
0.0100231
0.248063
0.398437
0.184978
0.132046
0.521214
0.00178435
0.240335
0.127327
0.0644767
0.474716
0.000974513
0.628507
0.286328
0.216868
0.384224
0.0438077
0.0148262
0.766404
0.168346
0.00448776
0.542779
0.00511515
0.194181
0.286437
0.0993351
0.0147914
0.0052983
0.550503
0.341725
0.0237898
0.656541
0.0334273
0.397934
0.475643
0.627695
0.491514
0.00315478
2.80528e-05
0.296446
0.473814
0.0511555
0.272647
0.303057
0.000621132
0.000441672
0.0946869
0.0273208
0.789719
0.235709
0.0409351
0.0393108
0.0743589
0.680261
0.0157173
0.00479556
0.00877151
0.39731
0.73806
0.0486665
0.3808
0.291037
0.0263384
4.03741e-05
0.566899
0.447349
0.0233576
0.116619
0.297678
0.464027
0.31751
0.0805959
0.498322
0.671632
0.00255793
0.513668
0.0196422
0.170261
0.00762746
0.518486
0.0604249
0.0220402
0.315201
0.444304
0.00833587
0.00216058
0.0320758
0.086516
0.000328644
0.0468497
0.499509
0.0646935
0.0329889
3.32224e-05
0.0105221
0.516554
0.6932
0.265161
0.615719
0.257183
0.465876
0.342576
0.36507
0.271524
0.0582197
0.0130891
0.288285
0.201116
0.353009
0.33509
0.0264195
0.309352
0.0322029
0.176009
0.0728832
0.00836316
0.257668
0.0960976
0.00828498
0.135677
0.405968
0.00288567
0.329954
0.0897339
0.595072
0.438473
0.00784961
0.550701
0.546984
0.124837
0.00820628
0.465469
0.418146
0.859534
0.860754
0.522283
0.43847
0.00658176
0.540988
0.0703849
0.543434
0.282216
0.32334
0.18865
0.500598
0.318379
0.557781
0.225648
0.0491048
0.102327
0.000390101
0.59456
0.553263
0.0033735
0.0439695
0.0159641
0.110049
0.542053
0.00157603
0.0662802
0.263956
0.133184
0.242295
0.247794
0.719084
0.0428815
0.574204
0.429569
0.627584
0.540224
0.653665
0.464148
0.462163
0.318875
0.311783
0.0524467
0.000822058
0.421653
0.0290925
0.396931
0.468386
0.0106645
0.480161
0.488884
0.459412
0.302812
0.252676
0.000871219
0.607632
0.674083
0.269189
0.0573316
0.015012
0.000116605
0.0533374
0.443559
0.0226516
0.197705
0.0260883
0.248903
0.423355
0.443979
0.122624
0.311241
0.544458
0.000391304
0.0215395
0.284153
0.00847569
0.148914
0.00619295
0.401292
0.380635
0.00701763
0.190991
0.0339632
0.224409
0.00296111
0.002662
0.514119
0.617924
0.609331
0.0446432
0.0642628
0.0938178
0.0728507
0.0460516
0.633191
0.231504
0.549156
0.291809
0.220703
0.00103623
0.0122866
0.594911
0.739115
0.00065943
0.524318
0.673321
0.552808
0.066792
0.175179
0.651341
0.731149
0.00874366
0.375237
0.58442
0.200703
0.320721
0.116802
0.709837
0.11626
0.109532
0.00159573
0.618389
0.0877991
0.0605612
0.646876
0.300889
0.196586
0.298666
1.88417e-05
0.421159
0.524595
0.36984
0.0122536
0.00733474
0.444611
0.332892
0.303038
0.0827417
0.567842
0.670564
0.792771
0.570785
0.74886
0.0142838
0.0344535
0.461581
0.283109
0.00862722
0.824943
0.00047129
0.462985
0.0259627
0.0024127
0.536111
0.019287
0.0606847
6.30238e-06
0.533387
0.553471
0.0269762
0.231721
0.0374733
0.402408
0.611713
0.206786
0.437289
0.130244
0.0250893
0.301861
0.468706
0.11047
0.00952598
0.652618
0.328472
0.364045
0.0287794
0.00275094
0.423379
0.245673
0.00211308
0.517428
0.484961
0.659687
0.707085
0.0192024
0.20036
0.117933
0.162398
0.360626
0.0726756
0.62696
0.0555962
0.339411
0.193144
0.262998
0.346773
0.789041
0.0905199
2.1495e-05
0.00947593
0.197322
0.515125
0.397587
0.326045
0.55507
0.465865
0.495245
0.229007
0.453447
0.221994
0.261735
0.124089
0.513573
0.122972
0.279111
0.381157
0.000902113
0.000297607
0.557227
0.494867
0.172634
0.470025
0.00338557
0.430369
0.538495
0.000230836
0.57935
0.216631
0.374837
0.0889208
0.000155298
0.00394973
0.425519
0.221361
0.344661
0.00191241
0.0499046
0.125025
0.600864
0.510514
0.0961415
0.430377
0.0130934
0.50032
0.328933
0.179843
0.251685
0.38916
0.545072
0.339322
0.257752
0.00153707
0.449321
0.445731
0.066456
0.0380375
0.560009
0.598813
0.555836
0.638086
0.000604544
0.04763
0.035196
0.401005
0.00343844
0.754995
0.792738
0.0032938
0.400647
0.344306
0.602748
0.0134374
0.486328
0.00974184
0.00850009
0.357997
0.0112035
0.406
0.123431
0.71014
0.00325227
0.14178
0.00157386
0.310149
0.412228
0.104022
0.624629
0.568939
0.535574
0.441187
0.686379
0.422314
0.0829381
0.314538
0.700975
0.0104919
0.301195
0.132826
0.0222925
0.0372184
0.596884
0.203038
0.156497
0.0800592
0.0245188
0.753848
0.000590067
0.389343
0.00365385
0.0291164
0.581454
0.547431
0.58115
9.97854e-06
0.088469
0.324481
0.304101
0.350012
0.364335
0.694278
0.0485947
0.0437639
0.00333968
0.543095
0.598824
0.0119806
0.37854
0.0101613
0.0575264
0.454209
0.014042
0.587073
0.447527
0.696995
0.158763
0.149611
0.736376
0.297503
0.129874
0.0264513
0.80457
0.0887831
0.0326978
0.178445
0.353886
0.0789688
0.377233
0.00134573
0.304813
2.43708e-05
0.168543
0.783585
0.538356
0.213936
0.0151953
0.807132
0.000748664
0.0689332
0.00437281
0.0135191
0.446623
0.455648
0.690611
0.0301238
0.0297056
0.50401
0.115715
0.027531
0.161083
0.00632865
0.0146686
0.106875
0.314011
0.0508637
0.303469
0.527229
0.0373564
0.44957
0.18017
0.000857983
0.277649
0.410512
0.598147
0.0846224
0.280419
0.819456
0.287192
0.230681
0.320744
0.314622
0.00970713
0.0309235
0.121106
0.086185
0.616425
1.94384e-05
0.0827629
0.809073
0.345021
0.0490934
0.415984
0.0364378
0.470522
0.673776
0.0418461
0.24267
0.00444405
0.0234655
0.135855
0.336541
0.241535
0.00453614
0.449621
0.325223
0.462964
0.473205
0.446179
3.72782e-05
0.262828
0.844204
0.0718529
0.335282
0.409673
0.418036
0.211181
0.573449
0.0472393
0.0585553
0.1462
0.299695
0.518629
0.0635819
0.000494531
0.671858
0.00131525
0.0332705
0.669451
0.716256
0.0720737
0.0536862
0.16077
0.179255
0.204443
0.266281
0.568424
0.000318797
0.539774
0.217844
0.00372907
0.683209
0.489512
0.576406
0.289523
0.00981533
0.0164913
0.198561
0.527983
0.137082
0.877279
0.434
0.66283
0.00326839
0.0361239
0.0613475
0.58612
0.339774
0.09645
0.531085
0.025498
0.398711
0.669341
0.000317897
0.14504
0.307239
0.682783
0.474604
0.209565
0.127907
0.196986
0.340179
0.0451664
0.00369137
0.328168
0.521572
0.327518
0.569976
0.358644
0.0288265
0.0972359
0.497968
0.254944
0.293252
0.447977
0.203494
0.434907
0.0270777
0.365503
0.00114905
0.000288693
0.422383
0.0734563
0.287562
0.216412
0.224602
0.54789
0.109212
0.0241432
0.232049
0.0219725
0.0154894
0.414891
0.15964
0.00526384
0.4988
0.665759
0.577778
0.0699754
0.206333
0.379383
0.0184312
0.429774
0.360397
0.00945634
0.269094
0.105456
0.68424
0.0070702
0.565158
0.00296728
0.782056
0.028061
0.0345242
0.0915305
0.103559
0.0286478
0.434705
0.0848206
0.000772451
0.101888
0.000796515
0.53823
0.207239
0.0961802
9.86334e-05
0.0302911
0.721712
0.294099
0.0234665
0.302192
0.384731
0.451822
0.0510537
0.020384
0.296422
0.205769
0.272213
0.719032
0.321822
0.0442903
0.00150865
0.00815575
0.0206674
0.00105836
0.452932
0.0294331
0.0398044
0.302298
0.204825
0.311033
0.044476
0.499025
0.0255194
0.323291
0.851276
0.793643
0.273183
0.237179
0.492852
0.0474862
0.163796
0.404601
0.476347
0.0534358
0.0155245
0.318837
0.364633
0.0712894
0.13383
0.088583
0.0488767
0.465816
0.75629
0.647774
0.512483
0.000906127
0.118324
0.466134
0.00680627
0.134232
0.0103506
0.503248
0.416491
0.758515
0.164419
0.0537988
0.340684
0.00141155
0.376274
0.109513
0.671236
0.597259
0.467979
0.429085
0.324835
0.475299
0.368256
0.00115029
0.00127941
0.0464809
0.176222
0.386283
0.57911
0.0127951
0.0245369
0.00210967
0.00377766
0.0959541
0.453038
0.718439
0.346895
0.0719068
0.395956
0.307856
0.323007
0.545932
0.0136172
0.522494
0.00192
0.381985
0.0230044
0.241886
0.124945
0.00530719
0.0426923
0.23989
0.266514
0.642172
0.396983
0.0362065
0.00380787
0.00716563
0.113294
0.290457
0.697581
0.00114945
0.000132382
0.559275
0.52072
0.0765053
0.0424452
0.298761
0.391521
0.282135
0.172489
0.00836445
0.617472
0.4477
0.136607
0.00865461
0.377446
0.0353871
0.0300906
0.00915376
0.00234773
0.694706
0.042552
0.156743
0.00502716
0.344483
0.276518
0.282694
0.339822
0.102608
0.0635559
0.33263
0.152555
0.106267
0.228142
0.274166
0.00479926
0.446928
0.0134016
0.000440834
0.15653
0.420684
0.14571
0.0219234
0.307426
0.269178
0.0130929
0.176799
9.66079e-05
0.13908
0.0347233
0.341826
0.0687568
0.085097
0.488159
0.00737244
0.396192
0.592442
0.000579051
0.660521
0.129456
8.50467e-05
0.227989
9.68186e-05
0.4166
0.39755
9.30342e-05
0.360727
0.377324
0.24368
0.308786
0.912567
0.345844
0.0169505
0.027782
0.638487
0.481171
0.386268
0.277627
0.705659
0.156627
0.223689
0.516444
7.61222e-05
0.00860728
0.587521
0.365525
0.0151267
0.00654451
0.389396
0.00396611
0.0114209
0.148999
0.16059
0.156018
0.00704159
0.16017
0.536629
0.297049
0.446696
0.60972
0.320558
0.628204
0.00252937
0.227452
0.0692876
0.0064119
0.143409
0.727109
0.0191584
0.446309
0.00924812
0.266681
0.524967
0.00925692
0.00375407
0.209
0.332757
5.81119e-05
9.03532e-05
0.728119
0.0733481
0.605366
0.0138061
0.00253349
0.146758
0.0461809
0.096976
0.0626662
0.00198895
0.702687
0.413181
0.00339148
0.203251
0.506755
0.253743
0.215678
0.0227168
0.000441376
0.336534
0.574919
0.153826
0.439839
0.237558
0.398686
0.180785
0.180181
0.12113
0.122079
0.0013267
0.171763
0.466124
0.0599579
0.729276
0.212457
0.281907
0.120039
0.561125
0.443205
0.00728469
0.0843897
0.00938085
0.251547
0.115124
0.0963892
0.0038316
0.173421
0.209909
0.428593
0.30519
0.0197947
0.87437
0.101822
0.0576662
0.12422
0.00349177
0.513041
0.109729
0.559488
0.000492384
0.459486
0.539761
0.518341
0.0735542
0.0106222
0.00785628
0.00191773
0.000335004
0.647159
0.486133
0.261778
0.29573
0.369866
0.582539
0.32989
0.285366
0.109855
0.258278
0.227624
0.262547
0.0743573
0.000256301
0.750232
7.90949e-05
0.583352
0.395584
0.0708565
3.48048e-05
0.355811
0.0577143
0.00276871
0.0191671
0.412459
0.298145
0.113575
0.597337
0.151644
0.527967
0.119539
0.0285265
0.493556
0.107463
8.13575e-05
0.048668
0.437616
0.186479
0.224682
0.0326225
0.000572076
0.0338863
0.0196582
3.05369e-05
0.0610319
0.340539
0.00325003
0.0939379
0.307053
0.70148
0.316519
0.000187606
0.584685
0.112945
0.0254807
0.00166506
0.0318476
0.117819
0.513471
0.0860266
0.0185477
0.163551
0.234758
0.253855
0.48891
0.212567
0.352985
0.000393532
0.00497228
0.00117664
0.12858
0.450678
0.00165376
0.789762
0.392483
0.838169
0.0741973
0.459837
0.207575
0.000254962
0.682342
0.0267798
0.147155
0.248948
0.0704978
0.584592
0.567704
0.000125934
0.243244
0.131313
0.00523341
5.59739e-05
0.715259
0.0695603
0.662559
0.279812
0.0226124
0.294098
0.325306
0.561905
0.0356166
0.390778
0.226492
0.181784
0.584453
0.267425
0.140991
0.244697
0.0540616
0.548289
0.598738
0.041731
0.587799
0.593712
0.0173093
0.00165222
0.845794
0.628758
0.000663926
1.24845e-05
0.750699
0.0119466
0.0299009
0.360953
0.100116
0.00746319
0.646131
0.0289512
0.474218
0.896955
0.543736
0.212555
0.224303
0.532834
0.270555
0.382419
0.021106
0.567996
0.417688
0.0404084
0.472788
0.00477699
0.0125843
0.0210592
0.0373789
0.25233
6.71416e-06
0.623482
0.003
0.376034
0.222144
0.0318606
0.182108
0.193994
0.347875
0.0940749
0.350598
0.309334
0.69124
0.0883268
0.0229269
0.00535818
0.0682129
0.00123154
0.0866037
0.441867
0.333848
0.299255
0.000341864
0.000160135
0.491229
0.0139195
0.146652
0.363075
0.53678
0.263794
0.114604
0.0305225
0.148137
0.0280861
0.039727
0.000795884
0.373259
0.10485
0.0685256
0.62033
0.499041
0.218729
0.32059
0.683104
0.790909
0.837372
0.0240388
0.493054
0.193739
0.403249
0.505693
0.424727
0.217315
0.631514
0.239965
0.196445
0.553189
0.289503
0.486958
0.194789
0.535734
0.389592
0.426719
0.113447
0.703042
0.000103947
0.0982481
0.251453
0.259749
0.0615109
0.466838
0.0162975
0.439475
0.0188918
0.440319
0.340615
0.205967
0.0168093
0.00369822
0.251932
0.409462
0.000110648
0.00411049
0.24443
0.0879984
0.309156
0.101826
0.395713
0.158909
0.43342
0.120714
0.521871
0.251055
0.156954
0.442703
0.439176
0.0594314
0.287117
0.587398
0.00106044
0.514559
0.00480467
0.352582
0.346567
0.537432
0.416385
0.0919168
0.0516234
0.00844651
0.0749263
0.131266
0.0635615
0.247681
0.0670886
0.00429133
0.012706
0.0266921
0.180017
0.0727393
0.18979
0.194331
0.0652392
0.599043
0.259648
0.701991
0.287099
0.924303
0.00261033
0.0683516
0.0668252
0.640088
0.758603
0.00137382
0.474861
0.402027
0.265941
0.00271181
0.0960781
0.412753
0.301511
0.197602
0.278221
0.28399
0.157861
0.00468112
0.0636798
0.407373
0.402687
0.223661
0.21081
0.00350614
0.574421
0.205692
0.431095
0.0306035
0.13075
0.296382
0.292843
0.134478
0.451046
0.3376
0.139892
0.307756
0.227435
0.0794041
0.119976
0.057012
0.634915
0.00087032
0.00879692
0.00010226
0.0650037
0.293696
0.123802
0.112325
0.0120316
0.05905
0.11471
0.281126
0.255295
0.484699
0.0990721
0.297616
0.314999
0.0130759
0.189291
0.310254
0.190921
0.30596
0.497798
0.412342
0.00674757
0.242559
0.097235
0.0222048
0.00021945
0.0339045
0.329635
0.0423047
0.397705
0.162257
0.289539
0.593758
0.178276
0.556832
0.310953
0.131016
0.00601857
0.456989
0.0195503
0.00615156
0.00011697
0.0092131
0.116444
0.304644
0.809989
8.85329e-05
0.075201
7.68238e-05
0.203309
0.000861926
0.147967
0.44867
0.153353
0.228087
0.0535591
0.030331
0.000127988
0.312604
0.546767
0.301055
0.360511
0.0143165
0.156277
0.0973733
0.123903
0.363086
0.0298234
0.137842
0.101202
0.124143
0.473704
0.247334
0.569972
0.0474204
0.10921
0.132704
0.388184
0.285623
0.415889
0.258336
0.0778289
0.534125
0.661203
0.153857
0.302849
0.00523316
0.34028
0.34729
0.616465
0.299336
0.0069246
0.526226
0.589108
0.237681
0.434772
0.244444
0.00646023
0.361864
0.451781
0.0349857
0.674165
0.284093
0.00445767
0.0387825
0.171454
0.0247447
0.00142923
0.2728
0.201009
0.00879099
0.562116
0.375062
0.0153792
0.0267402
0.0138926
0.194751
0.0162325
0.0133846
0.00579394
0.0375186
0.00256706
0.00127655
0.0149366
0.210002
0.488559
0.00803076
0.152498
0.172449
0.159255
0.233496
0.854886
0.549025
0.0258527
0.320885
0.418538
0.0158871
0.00747283
0.7125
0.227583
0.605121
0.519044
0.0628423
0.000259741
0.564862
0.296543
0.369412
0.218534
0.227676
0.000265511
0.486074
0.91622
0.606616
0.226458
0.249793
0.690986
0.472781
0.0140491
0.00952235
9.85854e-05
0.115754
0.307222
0.713698
0.433992
0.0126471
0.316786
0.419119
0.354856
0.011254
0.692689
0.249221
0.366024
0.220512
0.592101
0.38012
0.000153415
0.37377
0.268233
0.00389655
0.24754
5.46908e-05
0.150248
0.659664
0.299056
0.491907
0.281647
0.703999
0.159311
0.173091
0.0992404
0.0745884
0.383244
0.299388
0.431078
0.259264
0.00840547
0.086229
0.00591284
0.00717015
0.415893
0.103422
0.0439813
0.136496
0.0910658
0.532885
0.000593789
0.169576
0.332289
0.341778
0.00361522
0.383753
0.343094
0.297447
0.331089
0.209102
0.745378
0.431712
0.373943
1.61837e-05
0.447831
0.600962
0.490946
0.116754
0.473251
0.545144
0.366823
0.112397
0.151366
0.0168971
0.209743
0.167121
0.179769
0.35437
0.0154807
0.118755
0.0273858
0.336155
0.612951
0.0650113
0.0358202
0.0451812
0.140858
0.190293
0.802117
0.0075403
0.0794254
0.000121962
0.753683
0.229832
0.133749
0.259062
0.0776667
0.054716
0.0357179
0.181821
0.323219
0.34431
0.581192
0.124317
0.344158
0.23963
0.388616
0.519863
0.000269448
0.692605
0.476353
0.632465
0.0749415
0.0122451
0.00145317
0.300304
0.442973
0.000352653
0.548512
0.451445
0.490899
0.00317026
0.0199132
0.236452
0.608605
0.222527
0.182726
0.0783882
0.433409
0.043063
0.451589
0.55962
0.546213
0.0947688
0.422779
0.260995
0.394606
0.402552
0.228283
5.30281e-05
0.000216668
0.113362
0.380023
0.707569
0.0011477
0.461638
0.43717
0.338518
0.339799
0.059647
0.151915
0.698034
0.735828
0.072239
0.599769
0.0079732
0.272861
0.473292
0.00397835
0.122449
0.0430114
0.143319
0.525665
1.18944e-05
0.149486
0.110385
0.452689
0.747545
0.00325926
0.332854
0.505176
0.730516
0.321763
0.29248
0.283497
0.524501
0.0647129
0.0224504
0.683589
0.00393804
0.0210438
0.620775
0.0748933
0.0811268
0.0261008
0.260613
0.618684
0.125281
0.340257
0.447042
0.515598
0.00126651
0.00013672
0.0990785
0.378896
0.325601
0.00301899
0.0490495
0.0531694
0.507784
0.106783
0.0475884
0.580534
0.535298
0.793102
0.299708
0.0156302
0.0119733
0.689424
0.513893
0.35967
0.000365821
0.33006
0.429339
0.00138861
0.0898809
0.027016
0.227017
0.482148
0.0934664
0.101708
0.0809094
0.00308504
0.564185
0.291014
0.525328
0.658683
0.642072
0.00881097
0.000237901
0.270266
0.394311
0.0768452
0.112891
0.0145256
0.354956
0.470526
0.243037
0.342878
0.0799696
0.388343
0.102612
0.00286542
0.0831841
0.168338
0.294584
0.194368
0.0166145
0.214874
0.172496
0.311306
0.269779
0.254634
0.451559
0.00954361
0.655417
0.5823
0.171817
0.0172163
0.304617
0.445384
0.0125567
0.363777
0.00280192
0.170034
0.286432
0.652075
0.0128537
0.208052
0.253544
0.321534
0.411949
0.0236986
0.155272
0.016677
0.0133503
0.0559198
0.0459525
0.00618377
0.216726
0.341587
0.295303
0.0169272
0.151272
0.455951
1.04487e-09
0.344353
0.0320834
0.0269599
0.0645962
0.0891883
0.0933537
0.210122
0.343518
0.0983138
0.0255675
0.0268373
0.168349
0.400576
0.724176
0.156372
0.540047
0.19157
0.662008
0.352204
0.128106
0.290009
0.401893
0.121599
0.00720912
0.281067
0.0965575
0.0369454
0.290632
0.235121
0.469436
0.309917
0.286886
0.014419
0.254539
0.370499
0.0176529
0.139395
0.866275
0.00712585
0.242356
0.485631
0.0498662
0.00321479
0.0175518
0.249402
0.0835374
0.758393
0.00507539
0.259064
0.154927
0.100306
0.00465093
0.0375979
0.465897
0.0727438
0.520093
0.132817
0.026196
0.0515572
0.784566
0.156327
0.476831
0.0285696
0.0007736
0.0561369
0.605348
0.549914
0.427596
0.765578
0.430107
0.22134
0.249923
0.241809
0.0804786
0.0329538
0.410533
0.070796
0.0833891
0.0915749
0.599101
0.0424414
0.000234211
0.473457
0.073382
0.0490993
0.695766
0.344168
0.00145466
0.502015
0.100559
0.0242838
0.106725
0.241211
0.0419399
0.0172303
0.238979
0.169591
0.000125823
0.0678492
0.00136511
0.0574346
0.0086521
0.670594
0.320363
0.198984
0.00304024
0.717811
0.413659
0.011014
0.0185918
0.433874
0.719657
0.669138
0.68329
0.705153
0.191888
0.521538
4.52634e-05
0.392581
0.0120775
0.470483
0.271392
0.00205222
0.170646
0.118836
0.097582
0.472533
0.0270785
0.54047
0.471604
0.323987
0.631936
0.608215
0.29822
0.107643
0.5185
0.303359
0.608778
0.67676
0.179119
0.213698
0.564853
0.354763
0.5389
0.331653
0.00426125
0.0371759
0.256576
0.032341
0.120551
0.538102
0.338498
0.415891
0.0555506
0.502459
0.114811
0.470352
0.35302
0.320654
0.302328
0.0737799
0.000410096
0.285726
0.0827562
0.157921
0.200956
0.00462444
0.0979894
0.410526
0.353384
0.437492
9.21068e-07
0.288702
0.00648558
0.788544
0.488172
0.0591296
0.542451
0.0369613
0.23715
0.281336
0.484786
0.820098
0.433125
0.0023332
7.74957e-07
0.0588481
0.293997
0.296604
0.00226632
0.516189
0.462252
0.390838
0.00013729
0.0588586
1.57375e-07
0.303653
0.136145
0.0744924
0.611127
0.0125443
0.444498
0.296088
0.0028303
0.130661
0.00458387
0.0219132
0.680287
0.0243115
0.417111
0.0356308
0.0159689
0.0158161
0.0395658
0.312373
0.368143
0.499909
0.42723
0.0018826
0.510775
0.297154
0.398323
0.00371615
0.136266
0.011323
0.207197
0.112933
0.507451
0.0542643
0.00521471
6.75021e-05
0.139384
0.108062
0.0527997
0.290475
0.00219454
0.141259
0.61727
0.372577
0.132471
0.223165
0.48447
0.595935
0.0266656
0.573024
0.0904274
0.437565
0.439967
0.0987308
0.216604
0.00281625
0.000356399
0.000381539
0.140123
0.0109792
0.49439
0.195684
0.0152125
0.344694
0.684472
0.0318903
0.37053
0.0552626
0.167617
0.325891
0.0033286
0.0438039
0.193834
0.249101
0.179916
0.00952018
0.131262
0.389606
0.349085
0.0020974
0.497511
0.201899
0.514733
0.113978
0.48242
0.0387752
0.344386
0.018526
0.545354
0.0812205
0.169883
0.253702
0.252513
0.0417633
8.84096e-06
0.501162
0.0520927
0.306778
0.498821
0.521841
2.06833e-06
0.039193
0.188778
0.262766
0.158649
0.200401
0.0350596
0.420367
0.50992
0.813717
0.123566
0.375301
0.368675
0.578047
1.15534e-06
0.119286
0.645306
0.0201344
0.569289
0.000607398
0.251885
0.579352
0.45874
0.613654
0.259398
0.28945
0.472932
0.205364
0.110303
0.475323
0.105138
0.506073
0.278588
0.00566736
0.445462
0.117841
0.00120882
0.169262
0.69344
0.246931
0.0610775
0.127224
0.251031
0.281062
0.283262
0.0722281
0.0339126
0.305478
0.34043
0.135885
0.00864717
0.0822015
0.00195603
0.451943
0.227856
0.294358
0.152662
0.755352
1.47671e-05
0.00745884
0.219136
0.000226681
0.000787739
0.00325745
0.0126278
0.510963
0.289364
0.164378
0.0296328
0.517438
0.675523
0.0318401
0.00756766
0.0472033
0.247807
0.404957
0.208468
0.084724
0.00291638
0.814857
0.304801
0.0575108
0.32562
0.145251
0.00602159
0.00953905
0.00635854
0.0037958
0.572616
0.122522
0.29676
0.412713
0.0358907
0.00207736
7.34836e-05
0.34552
0.0798041
0.461248
0.550176
0.224012
0.00966681
0.000712136
0.136914
0.122084
0.118937
0.703768
0.131954
0.571977
0.254347
0.427167
0.315547
0.0398875
0.0297998
0.591623
0.0451829
0.0119022
0.22409
4.56568e-05
0.000496079
0.77356
0.0914471
0.468648
0.606112
0.00224394
0.661811
0.732798
0.450085
0.00634772
0.19705
0.00304545
0.219779
0.281831
0.760432
0.105354
0.0394184
0.000319935
0.0123458
0.0642713
0.0824838
0.0538601
0.0608398
0.0992583
0.456259
0.309534
0.105844
0.510654
0.000610669
0.00201307
0.00149282
0.0402365
0.602841
0.104527
0.0350458
0.00121153
0.318115
0.0259849
0.00942448
0.0851962
0.43992
0.0208049
0.203223
0.0202388
0.118623
0.26421
0.449014
0.103828
0.23248
0.00617388
0.24065
0.572953
0.526409
0.302301
0.281744
0.0540069
0.122792
0.332779
0.0061581
0.0721869
4.23823e-06
0.00913376
0.0953197
0.450785
0.0181726
0.015606
0.251703
0.757568
0.232246
0.501355
0.00447858
0.120676
0.00168344
0.266082
0.325064
0.362507
0.227302
0.0693057
0.446717
0.272579
0.620012
0.782249
0.0415264
0.0289598
0.00164982
0.316777
0.0462888
0.120555
0.250638
0.0660819
0.320049
0.0923336
0.00875164
5.8998e-07
0.729883
0.069956
0.527364
0.326638
0.642028
0.413934
0.329069
0.0796085
0.38204
0.649355
0.0960422
0.469672
0.00092276
0.636321
0.762608
0.23693
0.00303533
0.372502
0.235697
0.033635
0.213392
0.00036467
0.0216022
0.0836713
0.336538
0.107242
0.222373
0.521465
0.00320131
0.302843
0.0803257
0.204453
0.00358633
0.51414
0.136489
0.403225
0.0424304
0.164831
0.576507
0.484481
0.90503
0.00190045
0.00223459
0.704547
0.114556
0.010736
0.0407804
0.0751378
0.240777
0.182207
0.0640244
0.0969662
0.5462
0.197786
0.00778374
0.515392
0.72866
0.658733
0.571891
0.0161693
0.67831
0.387575
0.0287856
0.0380642
0.0521944
0.467892
0.022617
0.0897358
0.101474
0.601219
0.113144
0.0540492
0.606865
0.823813
0.0237944
0.220369
0.511871
0.674191
0.308633
0.000213503
0.248992
0.724051
0.100061
0.0725188
0.512392
0.0373921
0.0680768
0.294302
0.525603
0.256222
0.2038
0.297355
0.124723
0.000562035
0.557971
0.609929
0.662442
0.352723
0.0759872
0.0617597
0.0733051
0.00518915
0.00363674
0.624245
0.000511947
0.574205
0.445668
0.0256873
0.155379
0.372862
0.383626
0.051298
0.0128318
0.286063
0.306196
0.651083
0.645491
0.115073
0.376441
0.280582
0.457061
0.0104589
0.0424262
0.175077
0.355169
0.565793
0.10516
0.443159
0.367243
0.0172678
0.117131
0.281062
0.649169
0.0402885
0.168613
0.174745
0.396608
0.0653441
0.400801
0.0872947
0.652529
0.283821
0.787269
0.00014958
0.412041
0.00715721
0.473723
0.0757894
0.0861807
0.0485236
0.00326719
0.21353
0.497288
0.338528
0.404155
0.261836
0.515503
0.00654948
0.00317094
0.0519122
0.338453
0.506597
0.649951
0.0558798
0.404779
0.180018
0.00130977
2.29824e-06
0.0204895
0.279646
0.66602
0.336087
0.00624376
6.38217e-05
0.178792
0.0276048
0.0420016
0.0520612
0.550844
0.294139
0.402846
0.00045889
0.0335733
0.00247925
0.00112727
0.231689
0.352466
0.0119492
0.36316
0.560945
0.0143683
0.270016
0.316418
0.395791
0.0055662
0.390227
0.0489522
0.36409
0.000845003
0.00164607
0.0637993
0.302522
0.767948
0.663428
0.0316353
0.129716
0.253972
0.248718
0.0821625
0.0784046
0.556249
0.136343
0.22232
0.148743
0.099447
0.838852
0.000487852
0.0812567
0.00828253
0.0952592
0.467109
0.00222326
0.240398
0.00032949
0.000398848
0.223468
0.0619007
0.326374
0.0698586
0.00254809
0.333649
0.292114
0.497433
0.00901554
0.316133
0.290396
0.261067
9.98154e-05
0.00538868
0.579646
0.620476
0.0175703
0.651972
0.290144
0.0167975
0.709918
0.0197474
0.0245378
0.337535
0.0205398
0.0967111
0.013542
0.459324
0.0551552
0.409708
0.349549
0.142067
0.549895
0.179289
0.338909
0.247783
0.0801543
0.0067945
0.332966
0.844718
0.000512882
0.237256
0.244776
0.118471
0.0102349
0.590162
0.00662662
0.142913
0.0956989
0.365869
0.703567
0.254796
0.055536
0.000295684
0.238132
0.0376903
0.0527555
0.00447532
0.000110234
0.200535
0.122281
0.428701
0.1799
0.0466424
0.255054
0.491529
0.00161497
0.144342
0.531713
0.186244
0.0127609
0.763734
0.0187469
0.0937085
0.0721198
0.0674258
0.495699
0.350574
0.261285
0.0652018
0.0332724
0.0783426
0.0732732
0.501242
0.152042
0.00200989
0.459498
0.22743
0.100016
0.00230416
0.129518
0.0317368
0.254923
0.621811
0.24545
0.305502
0.217956
0.81765
0.155723
0.254214
0.0922916
0.145501
0.0854843
0.43007
0.117586
0.00972781
0.38798
0.00457513
0.555122
0.184492
0.24203
0.0269503
0.000863609
0.376113
0.0848584
0.0559486
0.010028
0.621191
0.476872
0.641384
0.035466
0.0777212
0.000675039
0.415651
0.0671467
0.275925
0.00119976
0.36669
0.0401023
0.117724
0.0306019
0.481359
0.49294
0.000342683
0.320518
0.0100167
0.000745953
0.645839
6.47736e-05
0.0198845
0.111533
0.0017387
0.000494605
0.551503
0.0185653
0.0783731
0.450998
0.756779
0.00212861
0.433009
0.389225
0.0176118
0.224052
0.40926
0.085742
0.760485
0.388756
0.0948881
0.399047
0.00109388
0.102581
0.231582
0.10388
0.0192754
0.246895
0.459961
0.3859
0.00378085
0.306273
0.345391
0.0218988
0.00210439
0.19293
0.164521
0.477114
0.00115628
0.163191
0.730326
0.0698889
0.751803
0.00529235
0.021531
0.430774
0.0295633
0.466155
0.106063
0.265789
0.539576
0.120949
0.210523
0.000788322
0.0945815
0.303815
0.732599
0.0204513
0.654616
0.563753
0.00299265
0.087547
0.000319245
0.094675
0.263855
0.680963
0.0431602
0.733143
0.0788589
0.302272
0.35596
0.0362063
0.326672
0.0713984
0.583065
0.000478399
0.00886796
0.412984
0.123527
0.75943
0.363078
0.300061
0.189868
0.570988
0.0572287
0.0365617
0.269164
0.0891542
0.0061972
0.263724
0.546815
0.314528
0.394516
0.120056
0.286843
0.275364
0.0128485
0.132592
0.0411548
0.0120507
0.261427
0.01291
0.0172565
0.439177
0.153701
0.346821
0.0163714
0.0289657
0.249249
0.189866
0.169369
0.0832201
0.0893661
0.621716
0.400683
0.359309
0.0328162
0.0825635
0.330404
2.19689e-05
0.824159
0.226912
0.621388
0.0932012
0.530066
0.000502891
0.0197861
0.0031259
0.220139
0.55395
0.497435
0.451994
0.618611
0.735649
0.492686
0.300034
0.606814
0.00611321
0.117017
0.088339
0.00149304
0.674661
0.00427486
0.113238
0.305881
0.189765
0.546871
0.171936
3.50021e-06
0.0154225
0.509105
0.613601
0.372256
0.363236
0.521731
0.0765021
0.235714
0.387158
0.00475372
0.790392
0.125901
0.19208
0.024274
0.0550271
0.340977
0.59805
0.208324
0.000252757
0.154677
0.000964171
0.290401
0.667215
0.015085
0.419181
0.227926
0.128176
0.07042
0.0299497
0.243756
0.635409
0.0280731
0.0031882
0.289793
0.0566831
0.056296
0.354426
0.366543
0.00201956
0.673022
0.442228
0.00976035
0.548926
0.630126
0.143138
0.818871
0.37708
0.146851
0.0407232
0.225212
0.242412
0.299377
0.134158
0.00142534
0.0114892
0.0356919
0.0326103
0.142365
0.651526
0.610704
0.00406101
0.512193
0.00636012
0.177129
0.00498011
0.0611332
0.243027
0.670255
0.0188665
0.49503
0.403885
0.376288
0.631358
0.637081
0.281774
0.221906
0.458647
0.234467
0.0437666
0.00806793
0.204908
0.0526887
0.00949122
0.0698385
0.0679183
0.633686
0.0508075
0.728787
0.04754
0.337729
0.254109
0.00212655
0.27464
0.00523437
0.198766
0.856444
0.32241
0.921704
0.230879
0.0837905
0.286238
0.540331
0.0459594
0.831685
0.0140896
0.643678
0.0724439
0.00944939
0.000441205
0.180291
0.200203
0.761827
0.292897
0.000105753
0.729899
0.0863512
0.539006
0.181851
0.603279
0.0294015
0.0117899
0.093095
0.345502
0.030434
0.128223
0.352246
0.259398
0.362873
0.485615
0.623636
0.0879249
0.00323011
0.0548923
0.671126
0.00391983
0.00322157
0.000112609
0.439152
0.186315
0.271022
0.50995
0.517784
0.000110973
0.828504
0.0468151
0.358123
0.0050347
0.0493317
0.17582
0.144276
0.576215
0.00481709
0.226903
0.695413
0.103147
0.13118
0.00286429
0.593551
0.203044
0.013287
0.0642053
0.669348
0.220396
0.00967824
0.197183
0.11496
0.0193819
0.142589
0.190147
0.0141767
0.104175
0.327651
0.0247059
0.00241546
0.0114209
0.471601
0.530243
0.339893
0.00429655
0.311865
0.0211557
0.450764
0.277529
0.672374
0.751559
0.0893433
0.603018
0.666826
0.0153017
0.208883
0.140546
0.0572378
0.73322
0.526681
0.0606274
0.0176598
0.657116
0.74291
0.214796
0.149454
0.00515488
0.29339
0.14979
0.504162
0.587602
0.510919
0.512756
0.329195
0.00699877
0.0189729
0.531167
0.64347
0.196539
0.0581499
0.184108
0.210358
0.000993619
0.520713
0.395933
0.0499328
0.0581952
0.568423
0.000237789
0.362502
0.0173342
0.00368063
0.449769
0.0181752
0.180407
0.602764
0.0505303
0.358472
0.296564
0.550041
0.0269363
0.0263063
0.69831
0.31607
0.571591
0.299944
0.497161
0.0357618
0.000462479
0.0424181
0.00639934
0.180076
0.208589
0.000269255
0.298628
0.0186403
0.549002
0.260879
0.0364212
0.042143
0.0697595
0.0492231
0.604334
0.521136
0.196776
0.00124401
0.454858
0.530687
0.375158
0.0272403
0.016493
0.767339
0.0946611
0.375543
0.42569
0.0548281
0.568475
0.284864
0.510064
0.268739
0.0292024
0.00148769
0.211635
0.570527
0.324382
0.84859
0.359949
0.00853158
0.388618
0.00683034
0.0373028
0.0166455
0.684358
0.0765314
0.337818
0.374773
0.0151582
0.417542
0.0856876
0.452326
0.0852441
0.0785066
0.652216
0.17848
0.0025498
0.00173793
0.230131
0.11519
0.143412
0.560301
0.635276
0.205871
0.0217822
0.00944308
0.150637
0.0812692
0.459514
0.215692
0.69103
0.559574
0.000937832
0.283101
0.09349
0.401654
0.00658048
0.272674
0.0108538
0.37857
0.000911863
0.572097
0.374588
0.104616
0.582913
0.573942
0.238827
0.310679
0.0214949
0.0011484
0.0157856
0.368194
0.0222489
0.00814174
0.679837
0.783872
0.431647
0.445868
0.00590422
0.860163
0.100858
0.473088
0.15399
0.432078
0.184395
0.00630819
0.305712
0.0525364
0.298307
0.509099
0.000875006
0.628003
0.288962
0.0561478
0.256719
0.257868
0.0228984
0.0369749
0.309771
0.122163
0.000203976
0.34152
0.735274
0.366792
0.366827
0.237941
0.13496
0.337907
0.047502
0.383848
0.268871
0.124737
0.0385564
0.240776
0.514074
0.112116
0.345974
0.294946
0.0753216
0.363498
0.263456
0.234936
0.483623
0.302678
0.411977
0.751739
0.267211
0.0151581
0.0972001
0.289016
0.332207
0.0538185
0.0880016
0.36683
0.00293911
0.843431
0.394606
0.0786743
0.26601
0.45646
0.00138963
0.312896
0.182134
0.00797907
0.221174
0.0203807
0.00462767
0.558345
0.369014
0.0113636
0.0377757
0.0240471
0.0549468
0.00389535
0.652445
0.442086
0.309565
0.00154768
0.0526709
0.0496808
0.00631863
0.101542
0.264531
0.00812647
0.150942
0.442585
0.00874927
0.00697546
0.194269
0.186099
0.243527
0.32993
0.736882
0.0844031
0.428061
0.294624
0.00296593
0.00702458
0.0177094
0.360142
0.410629
0.00986064
0.0418919
0.585057
0.183121
0.25995
0.000974677
0.0195297
0.0395417
0.187786
0.0386031
0.0329634
0.465723
0.337502
0.28646
0.127162
0.643802
0.197638
0.5742
0.0626726
0.537386
0.128621
1.5446e-06
0.435802
0.677243
0.68271
0.0674954
1.63273e-05
0.0445857
0.000604825
0.137639
0.0186878
0.247312
0.324071
0.393968
0.0316035
0.227379
0.0109914
0.626251
0.702405
0.29907
5.70325e-05
0.399184
0.338427
0.461964
0.103334
0.173627
0.234245
0.241359
0.289047
0.0432583
0.0428086
0.114751
0.542035
0.304828
0.0843591
0.345311
0.18908
0.0446024
0.0140331
0.255938
0.625915
0.0238406
0.47023
0.166617
0.570979
0.249767
0.129048
0.0145235
0.292978
0.0164569
0.0230957
0.183151
0.208987
0.214385
0.535805
0.131036
0.400079
0.0351145
0.0574194
0.141308
0.00371293
0.34789
0.334824
2.89446e-05
0.191276
0.456398
0.652625
0.161523
0.463198
0.785008
0.623766
0.0616773
0.00112655
0.782855
0.114107
0.381356
0.429941
0.000453294
0.000795284
0.000617437
0.560475
0.00134626
0.00168134
0.393214
0.583835
0.147668
0.323966
0.457559
0.309831
0.0341376
0.581987
0.653615
0.328234
0.453055
0.621471
0.0614706
0.249793
0.00272976
0.368568
0.622536
0.0284161
0.454203
0.0224518
0.206196
0.000279716
0.173903
0.0960628
0.33713
0.12109
0.195119
7.22067e-05
0.014189
0.0384037
0.125794
0.0717308
0.307465
0.0590132
0.295078
0.375111
0.00285311
0.0244856
0.333377
0.0449301
0.0451498
0.294258
0.000765242
0.411041
0.294993
0.0369413
0.219917
0.122197
0.294853
0.00653999
0.621212
0.124353
0.0438908
0.709631
0.0529794
0.0909777
0.44465
4.21879e-05
0.574478
0.210541
0.69918
0.000935082
0.751547
0.435631
0.676214
0.114539
0.519381
0.455296
0.453587
0.0309842
0.28398
0.214184
0.443321
0.25562
0.000640522
0.000817309
0.43642
0.011702
0.495026
0.759092
0.0656661
0.300342
0.261241
0.621911
0.195539
0.571649
0.226913
0.714285
0.0166441
0.24909
0.000515723
0.460153
0.614721
0.225329
0.0465593
0.320576
0.450305
0.183417
0.0747209
0.650072
0.0204741
0.714422
0.6465
0.398037
0.447123
0.0114431
0.0887752
0.347681
0.223217
0.355081
0.0236409
0.651842
0.821992
0.00469355
0.173345
0.658464
0.497123
0.269553
0.038062
0.168993
0.0337075
0.000397809
0.546971
0.628301
0.135534
0.302165
0.315492
0.56532
0.0116959
0.268037
0.0492903
0.492205
0.382507
0.431718
0.204857
0.458443
0.36347
0.0564754
0.162709
0.311064
0.0529811
0.500053
0.0216423
0.0240582
0.00040142
0.315085
0.0380737
0.197862
0.113957
0.192258
0.00919261
0.464957
0.00139078
0.389978
0.00160373
0.0490107
0.0422974
0.284551
0.0440992
0.000120712
0.338892
0.11252
0.187187
0.0819189
0.0494885
0.00536898
0.147371
0.533138
0.027146
0.084545
0.298572
0.011733
0.457673
5.68135e-05
0.100553
0.377557
3.14753e-06
0.445828
0.0420588
0.0170754
0.561623
0.006095
0.41391
0.210105
0.0954792
0.239846
0.0382277
0.516169
0.00574134
0.109988
0.152141
0.0923194
0.256528
0.1198
0.298724
0.498948
0.188273
0.104526
0.712261
0.00437418
0.00815014
0.281603
0.0161311
0.19532
0.556046
0.43465
0.0468725
0.0871291
0.604356
0.346035
0.093873
0.393469
0.0888789
0.00370661
0.000419669
0.0891663
0.0912247
0.00224914
0.0043818
0.423717
0.0471148
0.0229613
0.213597
0.255665
0.196559
0.000786579
0.185415
0.108508
0.00567788
0.641621
0.409523
0.000653123
0.150099
0.000375081
0.298054
0.169709
0.295419
0.0982057
0.000193613
0.69044
0.753405
0.00586804
0.0969482
0.114143
0.284752
0.0946114
0.554864
0.626815
0.115491
0.515573
0.799925
0.104518
0.018816
0.352583
0.261481
0.413655
0.0348473
0.441462
0.306541
0.0646034
0.000312983
0.385747
0.568523
0.0971592
0.110291
0.1432
0.0715284
0.853784
0.509636
0.210329
0.563305
0.00212337
0.581331
0.513756
0.845121
0.450138
0.083892
0.359672
0.199625
0.543098
0.160825
0.336964
0.360982
0.0622602
0.809127
0.0978686
0.306693
0.186292
0.839549
0.482452
0.172987
0.493082
0.496879
0.544937
0.453062
0.190853
0.0112765
0.00850311
0.0218018
0.279332
0.644856
0.645268
0.252223
0.322606
0.107306
0.264242
0.12489
0.807396
0.391268
0.420762
0.0744945
0.00300314
0.0178538
0.0308712
0.329259
0.394334
0.0492676
0.302273
0.0307712
0.028993
0.240286
0.650605
0.729206
0.292486
0.496611
0.560632
0.215297
0.377559
0.0428604
0.06699
0.00622263
0.214333
0.318927
0.0286409
0.353688
0.265167
0.506493
0.472109
0.0377986
0.416131
0.033866
0.257578
0.601953
0.376583
0.218402
0.411705
0.294286
0.428895
0.0109852
0.00597575
0.0173867
0.274937
0.000151421
0.492124
0.100836
0.011586
0.307433
0.0836634
0.138495
0.0366401
0.564456
0.687954
0.302836
0.595131
0.245658
0.558041
5.80478e-05
0.0116499
0.106193
0.000598389
0.650324
0.0175109
0.521411
0.123779
0.0244809
0.0761394
0.029189
0.598295
0.184915
0.15204
0.532015
0.0109298
0.0165532
0.0340074
0.0170855
0.574926
0.312735
0.294145
0.0259859
0.300629
0.0318753
0.0556701
0.241267
0.503932
0.00671384
0.0143341
0.643944
0.194149
0.0445628
0.578011
0.305609
0.0033812
0.0401709
0.0128456
0.0196333
0.065317
0.02496
0.273203
0.76245
0.474479
0.606035
0.00450572
0.7845
0.205336
0.506907
0.0154557
0.201862
0.000624595
0.0376479
0.000255496
0.0288396
0.504277
0.56082
0.0146309
0.00146271
0.462928
0.204069
0.0014794
0.00790208
0.349837
0.34385
0.319689
0.642881
0.000687865
0.539647
0.00637234
0.293434
0.411777
0.607356
0.500025
0.448329
0.0174764
0.0349983
0.040018
0.117087
0.0390861
0.00468558
0.703756
0.488183
0.564756
0.366263
0.00215404
0.576888
0.662383
0.477348
0.00864347
0.0535111
0.000563512
0.124983
0.30772
0.00877382
0.2824
0.30987
0.299862
0.722356
0.356048
0.0272704
0.715549
0.381169
0.396914
0.287964
0.382965
0.00929461
0.0505912
0.123024
0.694326
0.044283
0.066877
0.656889
0.11131
0.326773
0.856869
0.136512
0.384142
0.110551
0.0102943
0.00275471
0.0158633
0.152419
0.0165897
0.152397
0.539205
0.716062
0.721224
0.564271
0.0642172
0.778772
0.255714
0.086516
0.0206827
0.0124824
9.64916e-05
0.00272891
0.531637
0.508914
0.0160042
0.362329
0.520742
0.248822
0.474794
0.46003
3.46135e-05
0.0178999
0.285962
0.436701
0.64713
0.458424
0.294779
0.579923
0.132357
0.578066
0.0186388
0.0835241
0.0176695
0.446712
0.42028
0.0240755
0.396397
0.32825
0.490053
0.456497
0.000374711
0.0741608
0.166579
0.324428
0.0320038
0.562403
0.000360493
0.527795
0.0356046
0.186962
0.130203
0.116981
0.0411607
0.023202
0.447024
0.395712
0.623778
0.108022
0.0021586
0.0261897
0.274765
0.000966095
0.0188477
0.0445832
0.403391
0.0286906
3.25144e-05
0.00441228
0.0172974
0.000553721
0.537948
0.142204
0.000941618
0.414965
0.592296
0.274398
0.079795
0.379938
0.609733
1.00021e-05
0.344256
0.00508034
0.12449
0.244568
0.194502
0.154584
0.539787
0.420405
0.0664179
0.619783
0.133637
0.104499
0.493547
0.199006
0.439936
0.505717
0.792744
0.486888
0.490381
0.00900941
0.67283
0.0206435
0.0137285
0.355853
0.387974
0.0437449
0.222348
0.0520336
0.163846
0.268665
0.365539
0.00334325
0.0033118
0.559847
0.0843272
0.325151
0.496064
0.365663
0.0195267
0.645131
0.183978
0.000282057
0.589414
0.594336
0.523279
0.418308
0.735694
0.774271
0.0895897
0.119089
0.14522
0.480087
0.1103
0.511112
0.00172884
0.00177414
0.427911
0.218405
1.81222e-05
0.536506
0.486684
0.456904
0.518291
0.0926388
5.60122e-05
0.0624669
0.0529722
0.0237035
0.000604009
0.108668
0.0727855
0.257883
0.551215
0.337442
0.00770314
6.2101e-05
0.523876
0.647786
0.595954
0.404405
7.85291e-05
0.233862
0.643044
0.123211
0.508072
0.121175
0.202015
0.122206
0.121849
3.43203e-05
0.447285
0.115576
0.0779399
0.240907
0.120452
0.480175
0.528941
0.0383107
0.267469
0.366764
0.18699
0.145706
0.14729
0.128218
0.0779794
0.000194798
0.446536
0.447313
0.337569
0.603224
0.00143879
0.163606
0.0990073
0.486853
0.0441712
9.30557e-08
0.72512
0.333928
0.253747
0.488734
0.390185
0.412153
0.0416286
0.685513
0.198173
0.495572
0.317729
0.779723
0.00323602
0.285128
0.427194
0.217421
0.53313
0.449761
0.0804113
0.159486
0.10483
0.16006
1.7538e-05
0.0422122
0.429275
0.185104
0.483998
0.277935
0.102315
0.0887802
0.609611
0.0656738
0.00149932
0.07569
0.426408
0.019283
0.139851
0.434692
0.380387
0.651998
0.000817155
0.0625725
0.00661974
0.267222
0.156867
8.22173e-07
0.942791
0.210959
0.110231
0.00406365
0.048714
0.274854
0.344252
0.38682
0.0398409
0.0990436
0.229965
0.00295339
0.499393
0.00889365
0.0550002
0.596087
0.131598
0.268188
0.805385
0.687025
0.2449
0.225121
0.294236
0.144467
0.003888
0.191108
0.414917
0.27241
0.0362455
0.000691463
0.0471196
0.557108
0.0587907
0.000219954
0.0163622
0.573288
0.0272248
0.516342
0.00955086
0.000228246
0.767859
0.716467
0.0138117
0.00411745
0.000467865
1.28617e-05
0.561802
0.116781
0.595877
0.121044
0.0595172
0.0648044
0.726139
0.00211745
0.160387
0.0268773
0.442348
5.69881e-06
0.00405699
0.317774
0.472438
0.511025
0.0229778
0.378572
0.553935
0.505633
0.338441
0.0497292
0.175979
0.727008
0.0773396
0.0103657
0.000779166
0.7711
0.110103
0.22617
0.00155865
0.117011
0.0191257
0.425308
0.201153
0.733473
0.0028435
0.0296646
0.19959
0.145956
0.182205
0.284976
0.0440966
0.388403
0.0690337
0.173144
0.320612
0.0255771
0.00690115
0.576611
0.206969
0.0363596
0.486844
0.38121
0.5641
0.0506575
0.308331
0.36432
0.575664
0.330396
0.837284
0.692907
0.838153
0.434546
1.28476e-06
0.082738
0.135003
0.45617
0.258031
0.522197
0.122227
0.362511
0.464543
0.26891
0.159813
0.500685
0.729348
0.0214876
0.0120242
0.118203
0.374654
0.00203892
0.00616522
0.235605
0.00311979
0.41232
0.334825
0.226761
0.411429
0.0108914
0.000473298
0.00308221
0.0630416
0.0774116
0.134939
0.224787
0.420196
0.409272
0.093806
0.733009
0.000746518
0.0116033
0.315531
0.779101
0.0865833
0.285678
0.516362
0.382778
0.089831
0.000997034
0.141838
0.333912
0.0790121
0.0326149
0.211548
0.258603
0.47372
0.265358
0.268514
0.0371205
0.30402
0.0904514
0.118831
0.358727
0.141426
0.106313
0.410238
0.522132
0.392419
0.0385346
0.0427753
0.426157
0.0256427
0.00527876
0.381659
0.472763
0.209382
0.531036
0.0181555
0.475738
0.848232
0.394239
0.406453
0.221846
0.0923507
0.0527972
0.132674
0.349383
0.765325
0.150149
0.00053011
0.312329
0.12076
0.0613347
0.279771
0.521091
0.0728196
0.02916
0.532517
0.0557059
0.329965
0.0121201
0.58604
0.338656
0.639151
0.595225
0.297772
0.0923829
0.588383
0.00299052
0.430053
0.246993
0.523669
0.0132842
0.202841
0.212368
0.269992
0.110659
0.0436568
0.587025
0.0499973
0.915171
0.000320824
0.0164175
0.604847
0.0481634
0.111582
0.0594515
0.436949
0.267537
0.39874
0.478003
0.0143682
0.388794
0.101849
0.315713
0.120951
0.680417
0.508315
0.0297982
0.331214
0.632268
0.173123
0.23439
0.0703951
0.289284
0.576358
0.240118
7.34196e-07
0.603179
0.0668843
0.590708
0.620666
0.00384455
0.424491
0.490232
0.0117593
0.74525
0.344945
0.202444
0.00342729
0.132917
0.0586442
0.286413
0.0119682
0.287042
0.0209845
0.0451418
0.610447
0.000274626
0.564947
0.0262113
0.128542
0.339464
0.0469494
0.00951824
0.301223
0.0594729
0.143593
0.0353942
0.0265354
0.179737
0.313056
0.141833
0.628629
0.376061
0.0651485
0.524514
0.582738
0.103303
0.287554
0.379133
0.0906737
0.0103293
0.44287
0.192284
0.00187932
0.00326943
0.518686
7.04774e-05
0.0249821
0.0598377
0.573272
0.253429
0.265663
0.0774006
0.0133401
0.345375
0.755717
0.088342
0.165454
0.200339
0.314748
0.466807
0.000132317
0.246412
0.370844
0.124909
0.584466
0.32518
0.694099
0.000642783
0.419206
0.566077
0.362279
0.0176403
0.360116
0.46802
0.46182
0.00682506
0.186271
0.104534
0.000327396
0.462337
0.409924
0.130989
0.000847762
0.352851
0.0613915
0.518034
0.212727
0.477591
0.742693
0.468993
0.0371255
0.586672
0.0673753
0.316278
0.458267
0.398469
0.0553625
0.596603
0.0993236
0.228196
0.463439
0.485501
0.0245339
0.0251218
0.0379117
0.0267443
0.586817
0.066009
0.00892513
0.138398
0.0297384
0.171426
0.0118676
0.218617
0.17731
0.204261
0.611237
0.000438664
0.306208
0.0891317
0.00808214
0.481997
0.702025
0.108289
0.0274051
0.750984
0.329534
0.0877633
0.403037
0.32706
0.65001
0.42214
0.00372345
0.425427
0.382049
0.489104
0.486718
0.360462
0.672389
0.515119
0.0299564
0.814699
0.0111492
0.234275
0.737084
0.311226
0.0433299
0.627719
0.335
0.723109
0.467598
0.351612
0.0158598
0.609673
0.230755
0.0431313
0.147789
0.566594
0.178383
0.0581477
0.413827
0.0646861
0.0950053
0.300903
0.295583
0.213389
0.499576
0.0438158
0.0010307
0.0099551
0.43755
0.259489
0.185865
0.213196
0.0159725
0.133878
0.66682
0.211911
0.36566
0.293182
0.143101
0.630375
0.212732
0.0016715
0.0144122
0.139817
0.50197
0.039828
0.00728342
0.44423
0.624906
0.00207942
0.701208
0.329527
0.153344
0.0162178
0.136208
0.256956
0.0390207
0.789619
0.0894189
0.454553
0.0313521
0.0262242
0.158957
0.26455
0.495376
0.0121028
0.178332
0.00677165
0.154018
0.0562153
0.0440572
0.155947
0.154181
0.190465
0.73237
0.23289
0.100949
0.00543621
0.265819
0.470073
0.519381
0.614673
0.228525
0.0110894
0.412236
0.00578328
0.550288
0.0822361
0.00144572
0.146979
0.281559
0.120927
0.716207
0.194627
0.678806
0.358786
0.0782434
0.0793398
1.79391e-07
0.390504
0.615489
0.430173
0.0280922
0.0527769
0.423087
0.316114
0.00222906
0.0611746
0.33198
0.000306759
0.839341
0.0084544
0.465728
0.359897
0.204681
0.0930206
0.305962
0.768104
0.704779
0.000644526
0.535685
0.0862401
0.118437
0.00987616
0.000215476
0.00025855
0.100476
0.213101
0.357781
0.00889923
0.0329909
0.19902
0.0908031
0.323619
0.0314184
0.161864
0.00119272
0.453195
0.212257
0.667238
0.361833
0.254855
0.268362
0.0228185
0.390588
0.461352
0.0161526
0.786924
0.399127
0.353996
0.282866
0.243542
0.00497771
0.342187
0.357048
0.486156
8.11823e-05
0.658811
0.0227901
0.184909
0.675079
0.00536308
0.00453082
0.477007
0.00218058
0.113683
0.206114
0.539653
0.100522
0.625501
0.710368
0.43805
0.255745
0.170626
0.386282
0.405344
0.00130665
0.68777
0.212104
0.48883
0.271951
0.0722619
0.455913
0.426165
0.279497
0.0532463
0.542911
0.711365
0.0433032
0.425284
0.667001
0.00897962
0.314795
0.317512
0.572354
0.608826
0.217247
0.382095
0.559078
0.506085
0.113275
0.198242
0.00364803
0.520212
0.00545587
0.481204
0.1054
0.337121
0.513392
0.000360613
0.104673
0.124322
0.0201043
0.49247
0.616495
0.113064
0.207138
0.454642
0.544395
0.566284
0.103085
0.0544503
0.798378
0.0585017
0.174714
0.0712251
0.412064
0.270652
0.0107255
0.00328796
0.450266
0.277842
0.478143
0.226395
0.526187
0.701713
0.358522
0.210729
0.351917
0.0307261
0.0868768
0.0055697
0.583447
0.0549949
0.658619
0.514284
0.0237095
0.00731161
0.0316402
0.437288
0.259713
0.528409
0.571114
0.00599986
0.0697504
0.218682
0.496018
0.00987627
0.00770845
0.377162
0.350622
0.412094
0.425051
0.287963
0.191079
0.132832
0.313438
0.323846
0.156644
0.0610659
0.441457
0.591125
0.269461
0.0136869
0.000155843
0.201219
0.596932
0.379318
0.000641251
0.682694
0.488798
0.0483252
0.369499
0.538251
0.281521
0.13927
0.242928
0.701604
0.570005
0.000228245
0.294382
0.417182
0.0543747
0.0838523
0.610667
0.21365
0.188813
0.142696
0.32022
0.0257155
0.000667796
0.236066
0.059086
0.628533
0.27024
0.317864
0.607361
0.0301239
0.00132823
0.0564927
0.560781
0.275012
0.55149
0.0339387
0.0320871
0.382113
0.375318
0.704093
0.679204
0.0295414
0.314469
0.209203
0.504365
0.24097
0.0337912
0.0998278
0.275684
0.295712
0.219801
0.329611
0.00738213
0.0091165
0.31984
0.0750834
0.0679546
0.412309
0.165449
0.363521
0.0118019
0.293579
0.0124577
0.0245185
0.00452569
0.00758047
0.321802
0.679363
0.0700475
0.267892
0.646804
0.0322226
0.419803
0.0868085
0.193342
0.181192
0.558449
0.699057
0.204973
0.323195
0.814501
0.445253
0.547252
0.00136935
0.528922
0.00248737
0.157585
0.466697
0.0249145
0.0491207
0.711373
0.0790074
0.00358629
0.0007311
0.0877169
0.614424
0.219788
0.195996
0.000266708
0.476726
0.0985262
0.624532
0.49818
0.353864
0.112333
0.306439
0.0923333
0.0369976
0.527152
0.0464671
0.0100363
0.0128422
0.668012
0.06345
0.349441
0.136812
0.000123976
0.00861838
0.0078221
3.83534e-07
0.519747
0.431509
0.36545
0.229689
0.175524
0.201281
0.00302937
0.484856
0.307404
0.0977224
0.615942
0.258057
0.0105352
0.0801944
0.1132
0.319165
0.127962
0.295256
0.00409857
0.280688
0.370387
0.0175069
0.332646
0.0624854
0.253495
0.20475
0.15154
0.660367
0.415445
0.326317
0.0185701
0.302135
0.00543787
0.0113922
0.000367886
0.211121
0.465638
0.517271
0.0261553
0.731558
0.340578
0.000226751
0.00148566
0.00215275
0.600686
0.16976
0.854611
0.740554
0.0218503
0.348823
0.00777354
0.119815
0.525053
0.588237
0.421349
0.0143126
0.138105
0.268997
0.276082
0.110175
0.431215
0.0262452
0.569337
0.298663
0.132541
0.314085
0.274785
0.496747
0.182821
0.378438
0.713769
0.00129059
0.366207
0.228915
0.586128
0.0194832
0.250283
0.378587
0.000134425
0.230404
0.413053
0.560344
0.41102
0.0910823
0.0459694
0.245238
0.00642271
0.000103636
0.165915
0.222096
0.481712
0.257297
0.065209
0.314877
0.302822
0.204641
0.888671
0.454709
0.0838189
0.208459
0.134597
0.633377
0.401971
0.523477
0.220571
0.635612
0.57787
0.254643
0.372322
0.121238
0.0040572
0.173945
0.01736
0.609723
0.177616
0.339737
0.00244503
0.448991
0.00159445
0.129085
0.140324
0.514802
0.111177
0.411991
0.0993991
0.0273826
0.036733
0.170077
0.0024632
0.0529876
0.0346783
0.457768
0.584201
0.647875
0.268411
0.013766
6.83573e-05
0.4394
0.470954
0.000966167
0.0346048
0.0036188
0.359774
0.0215801
0.39857
0.00852228
0.00762923
0.431018
0.806121
0.284082
0.121242
0.58266
0.0642563
0.247037
0.0365075
0.305865
0.172592
0.0429877
0.380153
0.00327362
0.278465
0.335764
0.476334
0.103372
0.0484292
0.43754
0.267444
0.349508
0.661659
0.279761
0.324159
0.225159
0.448005
0.321453
0.0650622
0.196124
0.144616
0.632643
0.564622
0.506017
0.0805995
0.502383
0.254562
0.373829
0.085171
0.537556
0.0210679
0.549761
0.193484
0.00116697
0.0292737
0.0405713
0.0306352
0.0108905
0.0949201
0.0487575
0.248355
0.190059
0.511428
0.292441
0.324639
0.0174428
0.00031665
0.64742
0.397588
0.299906
0.00587687
0.608682
0.00722457
0.181266
0.0223346
0.000333776
0.161871
0.00136488
0.638668
0.123336
0.28655
0.0439046
0.488929
0.0517056
0.316894
0.0414608
0.0371139
0.624786
0.140146
0.00531364
0.714079
0.190924
0.0936489
0.00521682
0.226271
0.294923
0.00746689
0.271401
0.28353
0.347725
0.0236641
0.0930774
0.40859
0.0106976
0.547165
0.415963
0.00534088
0.202026
0.144337
0.0570394
0.213316
0.0849943
0.0596607
0.456176
0.486872
0.197558
0.612248
0.166751
0.1749
0.187247
0.6851
0.189119
0.0929031
0.13933
0.0307203
0.19837
0.327186
0.709801
0.438185
0.11844
0.293393
0.0321343
0.313009
0.033094
0.010447
0.533138
0.0273614
0.685678
0.00914248
0.00043698
0.72996
0.319002
0.469675
0.000431444
0.535305
0.59115
0.262329
0.0115569
0.548002
0.0306561
0.244205
0.33229
0.375434
0.147412
0.325043
0.0026701
0.237466
0.16532
0.0606674
0.72115
0.0423348
0.365404
0.289647
0.0603536
0.0146791
0.143437
0.172803
0.445641
0.481139
0.00254582
0.108563
0.142791
0.00186995
0.0744986
0.228757
0.559515
0.622921
0.673592
0.145719
0.708543
0.508708
0.349841
0.0717116
0.153419
0.31418
0.0259382
0.417535
0.182036
0.169616
0.000964736
0.717566
0.0398092
0.464576
0.128337
0.495705
0.35287
0.0292795
0.109014
0.499188
0.0126572
0.680508
0.409268
0.53255
0.269431
0.436643
0.367055
0.218638
0.336589
0.0395561
0.132722
3.47442e-05
0.0213576
0.082612
0.50127
0.114608
0.553318
2.27564e-05
0.0292558
0.0916679
0.121142
0.246785
0.144368
0.59681
0.616155
0.0488861
0.402274
0.664416
0.64306
0.300513
0.0771985
0.591994
0.610297
0.177413
0.806536
0.000108953
0.228118
0.0123349
0.479301
0.0102548
0.155861
0.392802
0.168331
0.389795
0.344931
0.158721
0.137532
0.137455
0.0826296
0.525133
0.426269
0.00478128
0.00658457
0.327379
0.0414309
0.0172492
0.37235
0.347349
0.00574438
0.17445
0.104858
0.108508
0.163915
0.345066
0.00700975
0.0125484
0.255224
0.146745
0.0144365
0.000189208
0.254043
0.125576
0.0493096
0.000911809
0.224172
0.23929
0.0857584
0.0405379
0.00170715
0.00472387
0.128007
0.486997
0.508605
0.188224
0.265452
0.0154638
0.0161802
0.712937
0.636568
0.419416
0.0155219
0.0822389
0.114763
0.160122
0.522168
0.367034
0.510662
0.000640011
0.394474
0.000201354
0.488973
0.190976
0.330574
0.377639
0.756263
0.716064
0.0144543
0.0402938
0.391478
0.766165
0.2369
0.031657
0.345968
0.301452
0.252169
0.344967
0.358266
0.0118894
0.208879
0.0118625
0.0021265
0.249648
0.544426
0.280509
0.581916
0.0785295
0.148694
0.780978
0.0709209
0.270597
0.548784
0.00295212
0.000603948
0.0120199
0.0122101
0.0243812
0.256301
0.134577
0.109969
0.510483
0.0171915
0.478118
0.429336
0.0634876
0.330149
0.115002
0.760155
0.105054
0.00167076
0.349245
0.00438779
0.13233
0.036147
0.118965
0.195479
0.0138177
0.211795
0.276811
0.528377
0.414286
0.188375
0.0760061
0.16847
0.390808
0.0170114
0.619593
0.230216
0.0674029
0.20688
0.0570832
0.000455251
0.450619
0.0264401
0.34572
0.301246
0.530658
0.310401
0.0826098
0.150938
0.330634
0.0510153
0.279958
0.0282118
0.468778
0.601909
0.334184
0.380255
0.283083
0.00131664
0.234051
0.237658
0.636614
0.00460657
0.576422
0.20447
0.238028
0.731266
0.049615
0.0135521
0.0805663
0.0849349
0.189077
0.425909
0.000558847
0.035897
0.638881
0.33552
0.00342192
0.155264
0.0494194
0.430127
0.0491472
0.0227268
0.231928
0.308018
0.454959
0.0445277
0.677313
0.216676
0.00633753
0.00367566
0.534775
0.735881
0.684658
0.00684861
0.323581
0.700137
0.0140356
0.450695
0.503545
0.609428
0.00997869
0.00457662
0.714264
0.00369044
0.00869305
0.349765
0.337735
0.228619
0.45306
0.0426569
0.288753
0.416926
0.00233463
0.040433
0.3483
0.00587584
0.257631
0.145496
0.2141
0.0106509
0.279801
0.0762067
0.447504
0.124206
0.329395
0.172878
0.00225923
0.580835
0.363494
0.738977
0.110785
0.0695011
0.214669
0.0231774
0.506254
0.065268
0.423117
0.0642832
0.384003
0.185666
0.576015
0.76067
0.458094
0.0199622
0.0714436
0.00495792
0.0697381
0.0555884
0.000385558
0.206047
0.0637536
0.183257
0.010161
0.0536467
0.00676992
0.000838457
0.321392
4.02881e-05
0.04481
0.266191
0.378588
0.618925
0.11203
0.797148
0.0355624
0.64478
0.190637
0.618982
0.00273451
0.000917805
0.517118
0.383871
0.0453688
0.597214
0.409419
0.00271732
0.56823
0.653073
0.253939
0.00283413
0.334453
0.0165099
0.279029
0.0085608
0.0320993
0.00258895
3.22474e-06
0.0502474
0.445749
0.495714
0.0948264
0.0668428
0.00206304
0.00520018
0.683996
0.544626
0.0698984
0.058251
0.616142
0.214072
0.247684
0.451291
0.00297147
0.0624009
0.444544
0.106948
0.0424361
0.510875
0.425876
0.00326959
0.406847
0.30407
5.27979e-05
0.0152828
0.141454
0.194603
0.00126574
0.502785
0.0679359
0.294841
0.112331
0.01087
0.452563
0.28479
0.0084982
0.531026
0.00160396
0.229844
0.00169537
0.0940882
0.0300955
0.0314803
0.257825
0.344566
0.740198
0.505034
0.0514827
0.344306
0.529311
0.333352
0.000768102
0.403671
0.107516
0.00113139
0.0697226
0.0790238
0.284967
0.510468
0.58057
0.295071
0.220277
0.171215
0.308712
0.0365955
0.11832
0.315307
0.64359
0.353107
0.331262
0.211096
0.00992817
0.500832
0.0441405
0.359504
0.0191337
0.00967862
0.0528258
0.723475
0.0479586
0.141141
0.296848
0.164677
0.0116548
0.26368
0.259277
0.279204
0.575449
0.192842
0.317161
0.216405
0.144723
0.543139
0.101761
0.354161
0.57559
0.14835
0.0100272
0.400098
0.380591
0.153782
0.0235424
1.99222e-05
0.0872131
0.105046
0.000983507
0.345116
0.516056
0.715026
0.000307237
0.00657158
0.0716135
0.0231554
0.281922
0.000918987
0.0208738
0.00778515
0.0463427
0.467579
0.00420701
0.0205072
0.418027
0.64469
0.561502
0.45544
0.617099
0.394359
0.0825146
0.134182
0.152883
0.00115067
0.018927
0.508161
0.54666
0.0345512
0.291376
0.345103
2.64885e-05
0.168241
0.0156066
0.563906
4.73165e-05
0.527275
0.12493
0.0388922
0.113047
0.0371395
0.0895034
0.00270887
0.552084
0.479347
4.88697e-08
0.698757
3.55428e-05
0.00268211
0.220965
0.0062907
0.0450586
0.408445
0.296089
0.518156
0.384745
0.380851
0.00283633
0.282951
0.148232
0.0933768
0.0181185
0.0407938
0.00240673
0.680198
0.28207
0.225808
0.238974
0.188139
0.145377
0.00577664
0.371749
0.652962
0.111247
0.296351
0.252735
0.492862
0.408158
0.097607
0.285645
0.859803
0.0766307
0.289873
0.210812
0.21914
0.305607
0.100719
0.0205135
0.0639407
0.368248
0.518381
0.510951
0.498464
0.163687
0.332851
0.000398179
0.000613291
0.0218954
0.527575
0.224535
0.533596
0.00430933
0.0168878
0.148171
0.383353
0.0264546
0.0668831
0.000960237
0.391092
0.0894828
2.50044e-05
0.776264
0.153159
0.352408
0.00875292
0.153943
0.350237
0.25857
0.759614
0.473332
0.60722
0.595636
0.247661
0.000506985
0.000665259
0.0650185
0.817225
0.386423
0.409444
0.403586
0.0896757
0.743571
1.11024e-05
0.435049
0.000193353
0.13233
0.612571
0.76566
0.113715
0.0322327
0.0262821
0.0131284
0.568744
0.626877
0.151065
0.0712836
0.00567093
0.0877132
0.115135
0.0329879
0.174748
0.000819858
0.668754
0.0492042
0.281337
0.0150182
0.000922053
0.52621
0.123812
0.00145266
0.000801281
0.058137
0.622137
0.131166
0.0337163
0.0343449
0.602916
0.079744
0.423671
0.00275878
0.871996
0.312113
0.416197
0.185374
0.0306507
0.150393
0.0861859
0.101817
0.153905
0.307905
0.0226706
0.372231
0.0040038
0.284222
0.0651265
0.34681
0.612722
0.222665
0.163058
0.195089
0.114137
0.00043857
0.279195
0.0417689
0.0929295
0.0159826
0.00844166
0.243744
0.0316512
0.0239943
0.747545
0.000556378
0.0266834
0.398853
0.304276
0.71967
0.729643
0.301231
0.00214304
0.446206
0.0453558
0.0484087
0.00713007
0.111509
0.0399315
0.0449308
0.112125
0.258387
0.0176671
0.000368949
0.0323023
0.326741
0.281417
0.0245567
0.0132425
0.617689
0.345234
0.000721998
0.484464
0.145208
0.219446
0.532494
0.193842
0.116924
0.395543
4.62157e-06
0.560746
0.586502
0.752147
0.448111
0.114227
0.0217014
0.0242716
0.0766346
0.00511443
0.611454
0.44689
0.00684597
0.0539807
0.232947
0.359296
0.503368
0.330573
0.0179401
0.0408662
0.0034326
0.000717796
0.242451
0.00586444
0.514539
0.433908
0.657534
0.531126
0.00953287
0.369691
0.0247002
0.145958
0.0413683
0.223245
0.0508038
0.391952
0.570251
0.0824903
0.0286437
0.409885
0.000783678
0.223567
0.514319
0.545449
0.394322
0.332641
0.582462
0.524293
0.0936811
0.325088
0.561133
0.000533625
0.230502
0.196032
0.104755
0.240732
0.3466
0.576471
0.134554
0.516517
0.31225
0.504763
0.160492
0.185177
0.367931
0.145518
0.232519
0.00698873
0.0646753
0.636341
0.633996
0.0576985
0.0716247
0.000520413
0.000372258
0.552337
0.0249169
0.875437
0.744777
0.00133149
0.485844
0.00353147
0.0156918
0.108209
0.226949
0.233984
0.069506
0.0841559
0.0348669
0.298512
0.578057
0.00514121
0.0057444
0.171973
0.258059
0.543619
0.354721
0.251015
0.0636049
0.330623
0.300571
0.124712
0.164656
0.0046848
0.250235
0.0560824
0.8665
0.00541783
0.0367462
0.0246239
0.387292
0.264985
0.00438354
0.502779
0.574533
0.394773
0.441704
0.14433
0.00295587
0.0157416
0.355663
0.0773264
0.0896141
0.451231
0.424783
0.0510383
0.719628
0.00257066
0.117015
0.13121
0.0383967
0.000869541
0.340782
0.478384
0.00022475
0.195858
0.340372
0.00489021
0.0171212
0.00625183
0.0376877
0.0085479
0.0833522
0.611105
0.713038
8.79925e-06
0.154931
0.419792
0.14161
0.0163708
0.851163
0.284186
0.296005
0.562912
0.139683
0.523942
0.0121191
0.475212
0.748277
4.01217e-06
0.854524
0.00201553
0.306713
0.266967
0.0141947
0.569119
0.660352
0.0233058
0.282075
0.0183369
0.159181
0.00110098
0.295243
0.188623
0.246663
0.010941
0.32761
0.0458644
0.599142
0.124833
0.464135
0.00833006
0.482872
0.318226
0.0668727
0.662979
0.612232
0.227721
0.0013398
0.0762559
0.256741
0.695068
0.711144
0.39911
0.119276
0.00178457
0.405829
0.00519132
0.62497
0.678931
0.574897
0.635133
0.288966
0.194596
0.22
0.0923291
0.00265528
0.180727
0.0893488
0.00645803
0.820719
0.18556
0.149145
0.597737
0.345214
0.572083
0.515091
0.472621
0.108535
0.485532
0.215976
0.000318048
0.596598
0.0693448
0.496906
0.694231
0.0665387
0.426534
0.619444
0.34495
0.0773101
0.00095996
0.469867
0.583747
0.0232006
0.0206759
0.548746
0.084387
0.769033
0.454827
0.561807
0.273861
0.293594
0.297391
0.05378
0.590043
0.401488
0.576535
0.13337
0.62579
0.413277
0.554085
0.0178652
0.329684
0.0130859
0.618298
0.265456
0.255142
0.0254226
0.517054
0.0297214
0.0568752
0.16408
0.375658
0.32902
0.431661
0.3332
0.0302893
0.196966
0.0536094
0.454275
0.0885694
0.55509
0.399742
0.302829
0.667654
0.542513
0.000262963
0.450386
4.02309e-07
0.0124681
0.608029
0.00524991
0.0698512
0.00545096
0.302115
0.603355
0.404058
0.643954
0.0868468
0.0517086
0.096677
0.0055913
0.266337
0.303335
0.751281
0.680375
0.287926
0.014992
0.171272
0.308126
0.172593
0.358591
0.197577
0.0734059
0.377717
0.103347
0.342556
0.10839
0.285556
0.318263
0.136202
0.309204
0.145189
0.0482674
0.00610543
0.0203535
0.2191
0.441976
0.0234557
0.30182
0.307375
0.487172
0.547197
0.53581
0.628476
0.055831
0.12683
0.319922
0.559728
0.103376
0.16674
0.343626
0.694231
0.306591
0.30186
0.567447
0.1268
0.011677
0.0833004
0.791083
0.0371171
0.443459
0.469446
0.171432
0.564982
0.152379
0.0877128
0.378817
0.480024
0.000844761
0.1733
0.789181
0.132913
0.216573
0.158982
0.169601
0.486605
0.00482089
0.65808
0.285129
0.348342
0.19965
0.801659
0.120144
0.12589
0.0907864
0.205365
0.402661
0.143237
0.225227
0.213271
0.358819
0.273725
0.59325
0.804414
0.17673
0.307139
0.241896
0.00396037
0.539073
0.749986
0.0756502
0.232842
0.364798
0.636317
0.398168
0.661112
0.605782
0.159776
0.425218
0.00878511
0.132761
0.495257
0.358549
0.290404
0.143295
0.316766
0.176431
0.0913349
0.591649
0.0130371
0.0810005
0.480325
0.608086
0.191314
0.00351162
0.119982
0.246317
0.0146399
0.167521
0.502726
0.455688
0.28005
0.0798542
0.355854
0.0263412
0.40616
0.274491
0.00333444
0.0202948
0.119202
0.0689734
0.024019
0.447438
0.559136
0.0129157
0.129191
0.00348834
0.446267
0.000805845
0.0213552
0.196452
0.0456024
8.67422e-05
0.0421506
0.0706958
0.0102173
0.47453
0.0413757
0.931566
0.00948904
0.697263
0.00217019
0.461174
0.355244
1.29743e-05
0.0357945
0.333285
0.403892
0.00365035
0.00621286
0.264288
0.274872
0.330774
0.487704
0.470403
0.253423
0.0996578
0.352278
0.0341018
0.0373535
0.110552
0.0439334
0.243031
0.331395
0.445757
0.0177933
0.00403139
0.26444
0.506965
0.268618
0.718475
0.230738
0.249865
0.713832
0.345346
0.69789
0.118666
0.0469162
0.425866
0.344828
0.211902
0.01342
0.274517
0.503914
0.70687
0.425595
0.0642251
0.00166199
0.654819
0.430996
0.00377364
0.231409
0.0068453
0.000980834
0.0456295
0.404958
0.478275
0.00222903
0.625015
0.208309
0.490291
0.00640839
0.699005
0.818482
0.325673
0.381721
0.257016
0.105995
0.472674
3.50999e-06
0.0160929
0.458862
0.336549
0.0237366
0.071537
0.0161704
0.0189268
0.390533
0.325701
0.182182
0.0410315
0.434497
0.538845
0.11625
0.420313
0.0747351
0.621574
0.279324
0.526319
0.219698
0.78235
0.0124304
0.240431
0.0635016
0.0775524
0.195287
0.37138
0.0715422
0.456422
0.144536
0.262054
0.320969
0.430647
0.308006
0.105508
0.0326282
0.171252
0.353918
0.725951
0.00330596
0.209264
0.486091
0.342156
0.595916
0.787493
0.0799036
0.437558
0.301708
0.0761089
0.353254
0.0657942
0.00841498
0.00445737
0.0218436
0.308723
0.000626953
0.739335
0.19579
0.459813
0.00154185
0.000261428
0.0022178
0.415775
0.25217
0.00290643
0.471289
0.585353
0.472307
0.362847
0.525743
0.174931
0.468728
0.43139
0.567433
0.01089
0.24482
0.255413
0.0742197
0.493446
0.39211
0.713306
0.532235
0.169043
0.477101
0.419368
0.148122
0.318556
0.00161338
0.45938
0.0626414
0.0746432
0.291226
0.560456
0.54388
0.0690071
0.00405569
0.258967
0.0439059
0.068667
0.0742191
0.254914
0.27562
0.301869
0.568031
0.331218
0.0171481
0.0140124
0.123352
0.371555
0.195331
0.44965
0.469173
0.220352
0.0756595
0.184938
0.121942
0.45756
0.0739055
0.0189165
0.012938
0.441031
0.0212689
0.0438974
0.21976
0.00138808
0.546754
0.193762
0.364371
0.665617
0.488427
0.00449743
0.492991
0.0660932
0.659726
0.411315
0.24552
0.231567
0.310518
0.0134431
0.404198
0.448908
0.553145
0.302414
0.289386
0.314785
0.0328436
0.345153
0.418153
0.0935515
0.318175
0.224629
0.0907934
0.0592144
0.330327
0.509043
0.502995
0.00259261
0.180065
0.0609465
0.049194
0.410816
0.485081
0.0641348
0.265683
0.596038
0.0249022
0.10532
0.0214633
0.455027
0.687146
0.339099
0.0572424
0.760017
0.677522
0.482012
0.0138827
0.000250113
0.0354645
0.134332
0.214167
0.247404
0.0646243
0.458443
0.318697
0.00374268
0.257808
0.528867
0.401583
0.0392127
0.140511
0.630655
0.357419
0.667604
0.333887
0.0794671
0.594382
0.00675909
0.409114
0.0667189
0.430031
0.311319
0.00139659
0.580414
0.133409
0.156364
0.0185703
0.0281827
0.0116673
0.0295505
0.0280466
0.0820751
0.0142845
0.153685
0.416069
0.00937898
0.722991
0.626261
0.134241
0.473831
0.00337018
0.137876
0.37737
0.500737
0.701847
0.0441162
0.294028
0.0451319
0.650654
0.275087
0.65915
0.28168
0.00646582
0.0202643
0.00524332
0.22442
0.324723
0.193852
0.163022
0.103055
0.00471939
0.748094
0.0106835
0.000517484
0.187056
0.127821
0.388267
0.0767142
0.183616
0.558615
0.0685558
0.371545
0.121767
0.391119
0.667023
0.140122
0.183881
0.515886
8.84556e-05
0.00553793
0.370027
0.137999
0.0446841
0.273362
0.152576
0.000998112
0.0382698
0.792551
0.65439
0.00693454
0.479797
0.371804
0.291962
0.216559
0.601622
0.568816
0.679248
0.000173646
0.106527
0.0287399
0.328063
0.394537
0.328304
0.323635
0.10518
0.473126
0.297814
0.412803
0.188422
0.369623
0.518928
0.855774
0.00792531
0.00249307
0.234128
0.219326
0.227405
0.265547
0.00795986
0.411584
0.24909
0.376081
0.0106874
0.337039
0.272543
0.498617
0.00612117
0.778387
0.522043
0.167877
0.192577
0.253718
0.329703
0.0697353
0.000662773
0.12022
0.0943419
0.172537
0.392867
0.630897
0.0747481
0.0039345
0.115644
0.00449457
0.0335973
0.511831
0.43115
0.131362
0.299719
0.210293
0.679959
0.531683
0.499987
0.0577313
0.522599
0.00281392
0.288162
0.000188467
0.395829
0.00483188
0.0279961
0.553866
0.216612
0.526392
1.18891e-06
0.177908
0.212064
0.427261
0.0122343
0.313274
0.678759
0.165676
0.843847
0.449627
0.668401
0.01844
0.144809
0.466773
0.000773543
0.199034
0.284268
0.355111
0.036488
0.0285564
0.196807
0.0558033
0.0197751
0.151384
0.0482459
0.365102
0.811836
0.303959
0.135327
0.334489
0.0946388
0.655129
0.0606543
0.461379
0.47076
0.153158
0.107459
0.216837
0.137966
0.0416743
0.0158634
0.646017
0.0158677
0.088756
0.00427739
0.090382
0.777175
0.180231
0.194738
0.0218216
0.313923
0.0757284
0.618131
0.307745
0.512345
0.00121423
0.121676
0.00228919
0.0905361
0.000901536
0.275504
0.334183
0.0544235
0.197716
0.130264
0.0833509
0.544699
0.00999882
0.472917
0.00117441
0.0143494
0.308513
0.340015
0.00239978
0.430144
0.302489
0.485038
0.171248
0.460828
0.533811
0.0527195
0.638637
0.134244
0.182845
0.324479
0.000363881
0.0865917
0.779193
0.0134193
0.130129
0.225107
0.00154569
0.61309
0.225432
0.558359
0.355798
0.194575
0.105214
0.396728
0.0870539
0.493975
0.0236827
0.325571
0.655336
0.0250418
0.402613
0.168172
0.401123
0.126859
0.343919
0.291108
0.00290067
0.465436
0.0804867
0.0710864
0.72343
0.19966
0.437097
0.18043
0.0574907
0.307502
0.33221
0.491561
0.347456
0.0635494
0.115551
0.615805
0.487224
0.0331786
0.307272
0.0580896
0.00198507
8.53533e-05
0.268864
0.732187
0.0834768
0.278552
0.016762
0.00200853
0.515364
0.361573
0.00548317
0.508151
0.356324
0.0231567
0.0180382
0.0770268
0.197072
0.284262
0.645275
0.000284651
0.409236
0.613499
0.00113126
0.280454
0.0163987
0.101775
0.699097
0.00060645
0.291721
1.73711e-05
0.28225
0.51334
0.0543536
0.493335
0.0161545
0.401946
0.52595
0.093137
0.298301
0.336869
0.0179813
0.486511
0.10259
0.218234
0.236487
0.719225
0.0600926
0.00102948
0.0452227
0.00032165
0.00155318
0.0957342
0.630789
0.0587275
0.697723
0.0320292
0.394592
0.307878
0.532949
0.0132471
0.480643
0.055324
0.00306781
0.00283707
0.176121
0.513001
0.130475
0.27916
0.408869
0.0975762
0.837172
0.195693
0.252085
0.0216514
0.0155184
0.559881
0.0705746
0.256411
0.311717
0.00238742
0.100551
0.400123
0.294562
0.263287
0.218197
0.279162
0.276605
0.619419
0.00252852
0.203805
0.401825
0.413616
0.106988
0.267438
0.0240536
0.00638085
0.135791
0.00621987
0.23148
0.358601
0.00187538
0.0356127
0.110764
0.412648
0.219863
0.000212643
0.0010841
0.552037
0.349989
0.0127305
0.0521813
0.0131415
0.0428876
0.166477
0.720449
0.172268
0.0823132
0.0084909
0.292457
0.0152732
0.000746333
0.460466
0.381956
0.00678287
0.297529
0.357034
0.462926
0.667294
0.337806
0.0954985
0.571792
0.261525
0.050921
0.00183233
0.0846084
0.0998404
0.00797201
0.000349263
0.21982
0.0694749
0.0002858
0.630926
0.320481
0.24771
0.361888
0.205059
0.221186
0.0130249
0.00319398
0.0208805
0.0900034
0.0561607
0.295194
0.162525
0.756407
0.258778
0.485877
0.0553178
0.341936
0.559452
0.0079106
0.315055
0.316202
0.712648
0.124983
0.273557
0.167277
0.113981
0.613732
0.745909
0.00191082
0.602377
0.217157
0.0801655
0.0252056
0.634309
0.378617
0.217194
0.29422
0.416544
0.330604
0.00310267
0.00168798
0.324704
0.0191233
1.88444e-05
0.732779
0.00160721
0.378393
0.388558
0.0449657
0.395351
0.652967
0.478278
0.000709989
0.18927
0.0115009
0.00109589
0.0262238
0.229545
0.221396
0.00201463
0.0796729
0.0186392
0.139406
0.593831
0.0975231
0.0631844
0.000393316
0.156704
0.00428049
0.267518
0.236226
0.616508
0.0295127
0.434186
0.121215
0.307344
0.0278777
0.457745
0.581963
6.54013e-06
0.000698788
0.174793
0.000386909
0.0112304
0.37331
0.300249
0.0989151
0.286783
0.507914
0.00478045
0.616975
0.0143987
0.584055
0.0695434
0.284886
0.0300494
0.600398
0.647897
0.387654
0.225402
0.260053
0.412805
0.0666065
0.000714796
0.0442681
0.371599
0.190928
0.194058
0.00239728
0.0562148
0.0591473
0.211157
0.615089
0.271437
0.122473
0.0383161
0.0117003
0.278149
0.299471
0.0555418
0.00936723
0.157845
0.0107918
0.420992
0.0353877
0.2709
0.416328
0.223573
0.000102808
0.00987219
0.0625112
0.0450105
0.199708
0.713169
0.55966
0.0754157
0.00171475
0.572181
0.0893389
0.488706
0.297557
0.109572
0.384734
0.487129
0.374216
0.329124
0.217311
0.255406
0.172925
0.603824
0.1461
0.189298
0.103781
0.165968
0.135791
0.566934
0.638414
0.317826
0.0706999
0.0818153
0.224549
0.0173988
0.0359869
0.00108474
0.0358273
0.769221
0.632343
0.472764
0.0157038
0.000100863
0.0144938
0.594742
0.849971
0.547459
0.0254387
1.7757e-05
0.173341
0.229946
0.0361603
0.328117
0.780936
0.631447
0.0371363
0.00915677
0.00123603
0.453518
0.00266482
0.0333891
0.554209
0.0281495
0.271038
2.74834e-05
0.399153
0.306956
0.086652
3.79003e-05
0.0085533
0.227953
0.171628
0.068412
0.49004
0.157594
0.346734
0.0397675
0.0232678
0.00586173
0.13871
0.00296274
0.11628
0.148769
0.0620778
0.718615
0.177675
0.504847
0.629135
0.00751621
0.369159
0.122117
0.0241808
0.552352
0.0219673
0.195874
0.396774
0.0198342
0.369621
0.774458
0.435275
0.122673
0.0315156
0.460661
0.496575
0.703377
0.377157
0.581463
0.0381181
0.15737
0.57164
0.709592
0.309913
0.0774131
7.69067e-05
0.378009
0.0727927
0.395842
0.352271
0.251401
0.312743
0.376854
0.818732
0.0771871
0.294864
0.265985
0.0232703
0.292961
1.17272e-06
0.618632
0.118862
0.536897
0.527104
0.141699
0.591945
0.277628
0.428817
0.36612
0.142353
0.0727147
0.000266002
0.695673
0.860642
0.278801
0.321463
0.345993
0.385816
0.163344
5.40126e-05
0.00485652
0.159614
0.0315477
0.35733
0.126082
0.314785
0.328194
0.379413
0.0131212
0.0215171
0.00255217
0.34597
0.575769
0.260699
0.0731506
0.017533
0.134973
0.0294676
0.439502
0.317035
0.0801441
0.00569168
0.788194
0.0376327
0.543537
0.00186073
0.220442
0.728111
0.496991
0.208048
0.661389
0.00726045
0.017244
0.0425743
0.334121
0.769069
0.484271
0.000813645
0.0457387
0.387138
9.69581e-07
0.278377
0.296362
0.671149
0.323238
0.0226777
0.0105952
0.0738789
0.330878
0.376709
0.765895
0.257335
0.0447968
0.26347
0.43718
0.0123323
0.20603
0.441014
0.00972989
0.0118898
0.18696
0.357027
0.111438
0.25602
0.0564693
0.389522
0.000726151
0.024273
0.00573279
0.554077
0.0135983
0.016497
0.734831
0.00216619
0.0161601
9.52339e-06
0.60556
0.0336068
0.135263
0.00204472
0.285952
0.0618498
0.29879
0.0033096
0.520866
9.8969e-05
0.011276
0.0022025
0.286922
0.485576
0.46453
0.102551
0.155059
0.00818197
0.592709
0.0156037
0.00398333
0.32567
0.0104102
0.592884
0.324715
8.05836e-05
3.35003e-06
0.34018
0.12639
0.00427574
0.261977
0.257347
0.414236
0.0140998
0.0246658
0.889826
0.120501
7.15769e-05
0.641939
0.128772
0.0379433
0.0247468
0.408702
0.0153423
0.000490282
0.375945
0.422916
0.150215
0.385526
0.727777
0.609563
0.368102
0.451898
0.0395383
0.790981
0.00471098
0.0075925
0.688616
0.17941
2.72517e-05
0.00735978
0.424952
0.623311
3.4279e-05
0.26608
0.110544
0.237584
0.640661
0.00868729
0.0491744
0.376803
0.0924452
0.205353
0.000877551
0.0268413
0.0156934
0.0323897
0.00647422
0.422424
0.00211962
0.296119
0.0364046
0.526403
2.40966e-05
0.00149449
0.487765
0.361011
0.0318431
0.611777
0.395939
0.00298136
0.675593
0.410959
0.252848
0.206527
0.535647
0.000348083
0.484474
0.240623
0.192542
0.36149
0.0897488
0.0646219
0.00526393
0.133112
0.0377521
0.266565
0.10346
0.122652
0.125208
0.0782794
0.549771
0.000101373
0.303797
0.453595
0.0573487
0.000798744
0.000775243
0.140378
0.000109098
0.187451
0.511787
0.00188493
0.31711
0.215215
0.367672
0.177328
0.000142017
0.191313
0.00164301
0.110463
0.0620403
0.166144
0.0806675
0.282554
0.438243
0.350803
0.0335038
0.444491
0.836934
0.121586
0.0392089
0.0501564
0.000419705
0.11764
0.0602192
0.38621
5.34163e-06
0.467875
0.360544
0.621614
0.0165154
0.591309
0.388734
0.584014
0.317648
0.00875999
0.331639
0.439394
0.00170821
0.56148
0.537798
0.0193264
0.0575569
0.151885
0.44127
0.316391
0.110151
0.0205136
0.019231
0.883722
0.0188969
0.446415
0.030554
0.411802
0.298616
0.175285
0.00267987
0.00219711
0.53821
0.480721
0.478778
0.619653
0.30049
0.126154
0.0141853
0.49182
0.218293
0.01093
0.0561111
0.171074
0.401562
0.0699998
0.233731
0.186368
0.491429
0.347729
0.321918
0.513447
0.00189331
0.556427
0.620467
0.361601
0.260763
0.146094
0.235414
0.53652
0.030395
0.0019291
0.259656
0.434174
0.489287
0.130023
0.00165712
0.189856
0.41318
0.00658821
0.371964
0.0136354
0.584708
0.00589759
0.546934
0.0855634
0.00555163
0.462637
0.493911
0.0592003
0.0668129
0.275705
0.292197
0.63633
0.422717
0.761982
0.0511487
0.318946
0.524205
0.360218
0.234622
0.679907
0.474438
0.274741
0.0333372
0.0153933
0.54642
0.11803
0.0351692
0.259599
0.036508
0.00967818
0.666323
0.0251172
0.109756
0.0848588
0.0318533
0.0718328
0.794007
0.229486
0.738923
0.0100005
0.00215208
0.501353
0.0368688
0.255242
0.564863
0.0227621
0.510394
0.221741
0.535051
0.584337
0.169492
0.200825
0.0470037
0.452555
0.150195
0.429847
0.299851
0.347562
0.37283
0.22505
0.328757
0.0198937
0.051407
0.119256
0.285523
0.339638
0.583616
0.0258731
0.263496
0.00120404
0.495882
0.244639
0.371771
0.024084
0.392004
0.505184
0.114532
0.809794
0.203752
0.505733
0.00206975
0.058475
0.666715
0.404198
0.484271
0.789283
0.437297
0.00259841
0.487318
0.0208872
0.606792
0.0164751
0.626958
0.446089
0.278172
0.168143
0.33538
0.0169825
0.525769
0.191359
0.650243
0.254859
0.0186567
0.149344
0.767093
0.72823
0.640117
0.0979039
0.112855
0.252255
0.235948
0.185113
0.275205
0.600095
0.365764
0.492544
0.00260306
0.563439
0.478207
0.432258
0.154898
0.03804
0.16
0.424483
0.336786
0.369553
0.448603
0.376024
0.439839
0.29051
0.00582775
0.192506
0.00267698
0.156754
0.477136
0.0679706
0.100637
0.681887
0.232559
0.0145696
0.0449806
0.0142183
0.149163
0.0180669
0.53701
0.347965
0.0227078
0.249523
0.407385
0.385272
0.563286
0.140879
0.669098
0.0629591
0.305081
0.360076
0.101644
0.00226685
0.631675
0.506768
0.321337
0.000124318
0.377237
0.0866412
0.00418493
0.199222
0.459715
0.0404832
0.173525
0.7348
0.0300491
0.086644
0.0128716
0.0916913
0.573423
0.759193
0.00641807
0.179737
0.0115927
0.269403
0.108493
0.0855309
0.217088
0.646435
0.00922409
0.0182756
0.0077881
0.0251826
0.362005
0.438114
0.60943
0.316058
0.00217855
0.825142
0.277245
0.416197
0.031884
0.125604
0.472297
0.357193
0.228321
5.7364e-05
0.331874
0.520104
0.369686
0.0774271
0.0330834
0.104776
0.0627652
0.386447
0.570863
0.386885
0.191493
0.0575292
0.454724
0.45111
0.0674585
0.0444297
0.00159995
0.162278
0.0135648
0.370582
0.123662
0.0669136
0.328259
0.0145388