0.211521
0.301801
0.206113
0.114442
0.472276
0.00937036
0.251338
0.399482
0.573918
0.0111668
0.0422404
9.8992e-05
0.0150977
0.0192327
0.000310122
0.00412773
0.00451218
0.247153
0.0106975
0.000570485
0.0475466
0.266491
0.23702
0.0046989
0.0169977
0.305723
0.0979747
0.0707795
0.0140358
0.0421837
0.0737193
0.0103206
0.0445956
0.0454855
0.00119982
0.367789
0.0330165
0.2576
0.00177071
9.02006e-07
0.288871
6.30737e-05
0.356414
0.0119941
0.0289688
0.00169435
0.513782
0.0170888
0.294765
0.249029
0.000189111
0.0683635
0.321363
0.2274
0.0238754
0.00074299
0.324048
0.135942
0.0122695
0.194647
0.00792594
0.0538427
0.392526
0.502617
0.47841
0.00229078
0.0211488
0.0372784
0.336024
0.466674
0.119552
0.171542
1.67451e-05
0.00796713
0.482004
0.00714168
0.150062
0.387997
0.0345536
0.00116965
8.696e-05
0.190686
0.000191442
0.357507
0.0184474
0.256026
0.192152
0.492882
0.00460345
0.00591718
0.0174566
0.0227995
0.0385428
0.00152575
0.0135945
0.594924
0.311206
0.453037
0.180638
0.582973
0.182227
0.303571
0.00212401
0.385433
0.000158166
0.000843993
0.143655
0.00496184
0.088035
0.0188724
0.0935013
0.0369102
0.124245
0.00513434
0.00641414
0.686172
0.0128389
0.31856
0.481918
0.166095
0.0180786
0.688691
0.000318089
0.000286805
0.00579787
0.0890414
0.00433
0.603909
0.171652
0.155617
0.0435268
0.0254243
0.0251382
0.000312775
0.0483142
0.0494315
0.0371573
0.0974714
0.0636455
0.105484
0.407705
0.000145747
0.0948798
0.0325519
0.00364595
0.622123
0.0386666
0.270541
0.00194934
0.0855159
0.452142
0.0211653
0.189601
0.331424
0.0238432
0.00232303
0.0243783
0.000372347
0.296866
0.0177513
0.314727
0.00052023
0.418808
0.417369
0.3575
0.55363
0.00143112
0.0349626
0.135361
0.133163
0.00125566
0.221656
0.0289518
0.00186883
0.000372644
1.35357e-05
0.0295371
0.0162516
0.0164314
0.00564639
0.416683
0.0112245
1.16043e-05
0.517214
0.113604
1.91482e-05
0.234058
0.0789355
0.556001
0.342573
0.0499992
0.0358318
0.134527
0.30834
0.125578
0.3484
0.00172842
0.0350816
0.331476
0.00712773
0.0024379
0.457904
0.00202319
0.329251
0.0335833
0.0439783
0.335853
0.000119124
0.0503148
0.0018733
0.179939
0.607288
0.00411881
0.241174
0.544555
0.0831635
0.355729
0.00967171
0.200112
0.14606
0.268992
0.222674
1.88753e-06
0.531901
0.284365
0.161771
0.612828
0.305233
0.186226
0.365809
0.00100788
0.0257995
0.184038
0.152676
0.000734673
0.000471549
0.00207442
0.53667
0.180996
0.0047628
2.43029e-06
0.0887778
0.142502
0.0083842
0.203377
0.442848
0.0167934
0.285513
0.000489094
0.205914
0.00104207
0.0155938
8.83515e-06
0.0229827
0.500646
0.551117
0.272301
0.0562914
0.312215
0.299462
0.253173
0.0295095
0.0890634
0.216031
0.0749756
0.191291
0.568891
0.000470488
0.0077266
0.385373
0.0341184
0.329953
0.00972324
0.239581
0.0019603
0.52858
0.00150202
0.0517726
0.252422
0.341792
0.141076
0.0244829
0.023058
0.000425137
0.113128
1.74933e-05
0.00370206
0.0541171
0.151211
0.00554076
0.000110174
5.76668e-05
0.164427
0.282203
0.0324654
0.234461
1.49742e-05
0.031484
0.259969
0.000828207
0.00268255
0.349866
0.0565392
0.0945724
0.183081
0.0374315
0.242782
0.00375235
0.288368
0.263559
0.113191
0.00947863
0.113468
0.632621
0.151047
0.0097751
0.463277
0.266303
3.53747e-05
1.71574e-05
0.163762
0.214225
0.139125
0.447089
0.271233
0.00334058
0.472328
0.00437303
0.0220734
0.151745
0.0321936
0.0223708
0.248683
0.0155163
0.064354
0.00746782
0.26601
0.00558202
0.128203
0.23142
0.34761
0.535695
0.0994587
0.314696
0.311202
0.00751351
0.00330125
0.452286
0.000497136
0.241338
0.00488817
0.00262001
0.16722
0.000106627
0.359118
0.388276
0.0702242
0.053818
0.00145557
0.0045047
4.52272e-05
0.0079866
0.000138757
0.401014
0.00230527
0.43335
0.0637903
0.607923
0.153921
0.0285056
0.281147
0.0176424
0.00260074
0.152325
0.0060292
0.0870116
0.479382
0.339359
0.428935
0.0244174
0.0943106
0.0113975
0.00274862
0.491249
0.0781346
0.478344
0.0623128
0.0390728
0.079165
0.0462879
0.000665855
3.27032e-05
0.670287
0.309998
0.163877
0.346225
0.300989
0.692033
0.209445
0.174855
0.00729451
0.186111
0.117985
0.0151862
0.00943291
0.388694
0.00163143
0.0520069
0.00772227
0.00421722
0.182253
0.584247
0.355176
0.146078
0.014432
1.37568e-05
0.0673472
0.35893
0.0269653
0.140142
0.0352379
0.270796
0.0919602
0.132826
0.0401031
0.0128452
0.691622
0.701964
0.521809
0.102088
0.0535438
0.00907033
0.308455
0.348867
0.489305
0.114508
0.02829
0.26947
0.0260106
0.178154
0.000857437
0.156322
0.00014102
0.0134523
0.0339374
0.177809
0.0193372
0.063354
0.0385091
0.297049
0.293847
0.270153
0.298067
0.538255
0.00466801
0.00530611
0.0703974
0.217576
0.230066
0.758256
0.116358
0.303719
0.0132426
0.401768
0.340895
0.000561818
0.0254356
0.286858
0.344538
0.00360072
0.0631704
0.00686775
0.0180377
0.244295
0.292692
0.251694
0.5021
0.375646
0.0802274
0.166706
0.312563
0.010445
0.000870862
0.250223
0.0165996
0.284957
0.000194315
9.61216e-05
0.358405
0.117054
0.000163906
0.0432667
0.0708967
0.00264299
0.00945962
0.00161913
0.000933254
0.276287
0.0175684
0.114326
0.185766
0.0382008
0.00190245
0.107803
0.00132324
0.000107264
0.154912
0.00188618
0.177611
0.000416288
0.000120322
0.00422662
0.000337589
0.0882432
0.0010647
0.150713
0.00084867
0.151925
0.11078
0.252052
0.00700133
0.0942744
0.1228
0.0668001
0.0523557
0.0329792
0.541745
0.00713017
0.362401
0.232334
0.011303
0.345971
0.184936
0.00110076
0.00457043
0.221434
0.312925
0.229951
0.211219
0.369849
0.181698
0.300985
0.258366
0.00516374
5.70353e-06
0.00994068
0.0222739
0.473742
0.0149528
0.0244469
0.0452143
0.176029
0.00785959
0.00644027
0.000405107
0.0927893
0.422355
0.000391015
0.372635
1.34785e-05
0.000341292
0.0707027
0.0196855
0.138218
0.0127556
0.00392786
0.00364987
0.435845
0.106812
0.0895869
0.0447882
0.0402201
0.0267132
0.621607
0.0927948
0.464264
0.00125753
0.316311
0.00175175
0.0654015
0.000873877
0.342719
0.0230738
0.36122
0.00162896
0.319823
0.13525
0.038401
0.000388627
1.59011e-06
0.0722464
0.113686
0.000422148
0.210025
0.0311069
0.0258394
0.0109163
0.206814
0.156407
0.0728367
0.154222
0.0104228
0.139115
0.000259587
4.96647e-06
0.00861673
0.493291
0.617462
0.519087
1.29384e-05
0.252118
0.0693502
0.00165332
0.00096408
0.000655299
0.238269
0.124032
0.0602202
0.359908
0.00611052
0.00514911
0.341508
0.000348801
0.464773
0.0126356
0.000717036
0.017959
0.0874749
0.0123677
0.470996
0.25614
0.0939364
0.00751271
0.0838331
0.19466
0.0201762
0.00176845
0.524331
0.150819
0.0508029
0.356273
0.591876
0.34989
0.00853966
0.0391397
0.134709
0.119423
0.119358
0.0711153
0.0637011
0.217235
0.12382
0.00344706
0.375769
6.60806e-05
0.437723
0.0204345
0.146064
0.00689263
0.00286483
4.96958e-05
0.328427
0.000689693
0.418073
0.320001
0.0943988
0.0170619
0.0216376
0.135359
0.101871
0.000609861
0.48619
0.678615
0.0316196
0.364493
0.526259
0.0199099
0.317028
0.731088
0.0832493
0.261626
1.74639e-05
0.355479
0.0661708
0.00231815
0.284215
4.49161e-05
0.345407
0.190675
0.667875
0.10374
0.00366333
0.0562842
0.00693206
0.000577994
0.560357
0.105123
0.0242681
0.0192805
0.00744629
0.0014187
0.0584152
0.00189962
0.0203107
0.0493106
0.196235
0.126483
0.00189237
0.161199
3.63972e-06
0.383264
0.0109863
0.00152991
0.0670938
0.0040613
0.262273
0.0742947
0.426069
0.163214
0.0229319
0.0331888
0.000985937
0.000543288
0.00616958
0.0458939
0.3907
0.00100682
0.432643
0.53292
0.0298412
0.173051
0.0786255
0.0216122
0.0390735
0.25848
0.552523
0.346494
0.0549848
0.00116683
0.323036
0.287345
0.110991
0.131563
0.00198066
0.32111
0.0049919
0.588888
0.000265784
0.00322689
0.117242
0.000545142
0.209822
0.0143718
0.00488953
0.00468378
0.0323165
0.00430399
0.00276697
0.011229
0.0351279
0.555842
0.379581
0.0149109
0.00431195
0.00152173
0.00157244
0.244879
0.109301
0.00152285
0.221943
0.44696
0.260276
0.0557957
0.0087233
0.018832
0.445754
0.0343364
0.0161827
3.7049e-05
0.323705
0.000469789
0.00113627
0.0832773
0.533826
0.0249051
0.0928957
0.347461
0.396937
0.558665
0.000284814
0.00341503
0.195124
0.783256
0.11878
0.303615
0.007072
0.575292
0.0185203
0.553948
0.326599
0.000591446
6.07731e-06
0.0543577
0.000454721
0.391253
0.220682
0.34043
0.0312194
0.0299667
0.635177
0.0504334
0.243764
0.120224
0.0109361
0.291162
0.00385852
0.00306184
0.179491
0.289406
0.48721
0.491402
0.307562
0.00309057
0.0175754
0.00372431
0.533687
0.254365
0.0114693
0.191327
0.453001
0.310269
0.115656
0.0165907
0.07777
0.313483
0.0362545
0.152642
0.0632904
0.156652
1.61304e-05
0.00264206
0.0658556
0.00109132
0.000141044
0.0396616
0.394541
0.253386
0.0176841
0.0299481
0.00064031
0.171256
0.0802674
0.00669416
0.0391356
0.0888069
0.434453
0.223248
0.216688
0.0047173
0.0001168
0.00182261
0.404695
0.100059
0.500423
0.0265763
0.00215274
0.390033
0.0760594
0.00154475
0.00839893
0.273171
1.01021e-06
0.280919
0.000125444
0.0670451
0.0011013
0.00458158
0.216109
0.221382
0.475647
0.00761002
0.181197
0.122575
0.215648
0.00159892
0.298536
0.3032
0.46639
0.516077
0.0788721
0.0146927
0.307877
0.286719
0.47381
0.00244837
0.0803756
0.2768
0.302013
0.598875
0.115406
0.15141
0.410059
0.0555878
0.000564276
0.247943
0.191136
0.00113984
0.031227
0.00010939
0.0186192
0.0842896
0.0271454
0.312138
0.273264
0.0166864
0.00203373
0.620046
0.00653232
0.0766331
0.0269576
0.536481
1.42345e-05
0.00557334
0.0815716
0.140382
0.077356
0.329611
0.0882339
0.065771
0.0458117
0.104435
0.000928523
0.467365
0.293278
0.000271412
0.147387
0.00516938
0.0085775
0.256571
0.0133219
0.00411205
0.243049
0.430257
0.234012
0.0358728
0.328163
0.00507914
0.00523548
0.490001
0.0484387
0.275934
0.000208815
0.424067
0.383246
0.0337823
0.000542836
0.391077
0.302921
0.0594594
2.36313e-05
0.0394915
0.136304
0.0190772
0.309989
0.247729
0.223384
0.669353
0.00132479
0.00208649
0.0233456
0.0132618
0.00282323
0.240339
0.000122661
0.31227
0.000385892
0.381394
0.0025499
0.0229689
0.00504185
0.0588128
0.0320795
0.531798
0.00125032
0.000374355
0.0125283
0.0644065
0.00165737
0.0405192
0.0928644
0.00548525
0.0495505
9.90243e-05
0.486887
0.31654
0.0276596
0.128347
0.0259037
0.744653
5.35064e-05
7.11535e-05
0.0994015
0.0863414
0.00368522
0.00963905
0.00649381
0.000193473
0.0950458
0.375609
0.564905
0.000312352
0.000121805
0.673339
0.00060953
0.315448
0.147108
0.0148057
0.0331929
0.11758
0.27343
0.0107652
0.255757
0.113121
0.181697
0.0403469
0.0155967
0.0604013
0.00103351
0.193776
0.0050572
0.0259009
0.0109441
0.474413
0.693418
0.568306
0.0815715
0.450982
0.177108
0.0193283
0.31171
0.0822973
0.00113138
0.243069
0.0386849
0.00151797
0.0235659
0.0236946
0.240679
0.00284017
0.0120446
0.163517
0.661177
0.00246029
8.83993e-05
0.000450272
0.00585904
0.0571257
0.378672
0.436569
0.00962156
0.00160357
0.303037
0.786728
0.000567168
0.537637
0.215808
0.00579956
0.00746302
0.0004927
0.0187545
0.07228
0.000123906
0.00262288
0.000571207
0.195714
0.0518516
0.6017
0.000252103
0.00656352
0.0614321
0.0534661
0.0364723
0.00974094
0.0554152
0.0151826
0.00223177
0.0272678
0.0388426
0.138013
0.052645
0.209865
0.00787691
0.0967239
0.235532
0.593086
0.128664
0.0143431
0.00196014
0.000126227
0.00067324
0.518695
0.0341438
7.36315e-05
0.123034
0.00495894
0.328884
0.00128452
0.150962
0.016705
0.108266
0.00208479
0.0172602
0.551678
0.0989204
0.112393
0.00527381
0.0437486
0.0179316
0.234734
0.00197796
0.0258289
0.393036
0.00664401
0.301262
0.0556275
0.012633
0.269691
0.00188973
0.0410864
0.155197
0.537477
0.300806
0.114342
0.00620566
0.244213
0.0191611
0.0101709
0.29262
0.224569
0.00182242
0.0112454
0.0186188
7.3204e-06
0.0854065
0.365343
0.112176
0.214142
0.126862
0.004919
0.230242
0.327581
0.00647334
0.150955
0.0695986
0.108238
0.195999
0.101404
0.293081
0.243834
0.17552
0.00105922
0.0208843
0.00684579
0.424677
0.00173065
0.554962
0.490975
0.649859
0.430191
0.370207
0.32322
0.00506862
0.359416
0.709535
0.0276701
0.0477062
0.00460222
0.0364681
0.0670378
0.0525676
0.0343889
0.590886
9.29032e-05
0.0549915
0.473093
0.233708
0.321398
0.00472968
0.0598126
0.0591166
0.0255005
0.0286358
0.290931
0.456358
0.0149718
0.0605567
0.00185256
0.000100977
0.0139112
0.156561
0.020319
0.412644
0.0160038
0.18623
0.00309382
0.211146
0.000242747
0.702432
0.408471
0.204172
0.00211367
0.409076
0.0891392
0.250608
0.000890377
0.00555905
0.14527
0.194445
0.0262348
0.00181087
0.483578
0.0812388
0.17012
0.218676
0.420899
0.342198
0.0134698
0.128656
0.467173
0.000387927
0.157021
9.07555e-05
0.00741286
0.0274844
0.00279357
0.000179013
0.582695
0.31234
0.00254702
0.340014
0.0271193
0.380766
0.464037
0.000745307
0.168124
0.0799669
0.298584
0.538372
0.65922
0.000830033
0.0183959
0.48574
0.0114525
0.0681846
0.00361323
0.00272934
0.287041
0.0260816
0.1612
2.28962e-06
0.0278558
0.264034
0.0288032
0.286852
0.00749005
0.296516
0.32361
0.0270977
0.425055
0.0196715
0.146058
0.00016434
0.108131
0.284347
0.314174
0.582532
0.380051
0.0869316
0.0444151
0.397458
0.324624
0.001318
0.000382351
0.00106801
0.0620549
0.223045
0.0443418
0.0692813
0.00139168
0.00365965
0.209768
0.0115555
0.670453
0.485134
0.113774
0.00731078
0.0920848
0.284495
0.000173458
0.110697
0.203413
5.50846e-05
0.154354
0.5066
0.378172
0.00763209
0.257232
0.26706
0.259705
0.0452249
0.136329
0.0724689
0.367671
1.99652e-05
4.31215e-05
0.548521
0.000357688
1.66303e-06
0.0826883
0.0575571
0.369163
0.283526
0.310034
0.448284
0.0207949
0.234766
0.361614
0.000343463
0.11382
0.181828
0.108713
0.150448
0.00150694
0.49886
0.290846
0.0618819
0.185966
0.00331473
0.000179291
0.158545
0.0455321
0.00473787
0.512107
0.064435
0.0393174
0.238671
0.669698
0.0143768
0.0084014
7.67918e-05
0.0401843
0.00651943
0.00909424
0.44874
0.000253176
0.199425
0.494716
0.000479834
0.0019679
2.04651e-05
0.0141781
0.00577423
0.0219407
0.00124053
0.0276296
0.0201359
0.00627485
0.0108186
0.107983
0.00645125
0.00111533
0.202669
0.0673559
0.242301
0.302113
0.0148622
0.287746
0.298154
0.00790724
0.0697109
0.455282
0.514654
0.203751
0.0339304
0.000513674
0.00545819
0.275251
0.00074973
0.283394
0.130231
0.0143455
0.135242
0.000291443
0.152092
0.409881
0.485891
0.00695045
0.0358798
0.67694
0.120709
0.311621
0.0804306
0.0115321
0.151027
0.000368479
0.141303
0.0510993
0.251393
0.0614518
0.0635982
0.0249301
0.701298
0.00194638
0.0930153
0.00590017
0.0510216
0.381728
0.000354363
0.0966128
4.97798e-05
0.0518282
0.0933489
0.173492
0.0192074
0.208044
0.396179
0.00845234
0.0863544
0.00345873
0.48886
0.115185
0.129674
5.74301e-05
0.169165
0.0750521
0.0277709
0.051995
0.00116284
0.539013
0.120556
0.287181
0.0530337
0.144391
0.453707
0.0739228
0.000666981
0.00324195
0.00188827
0.0588885
0.02689
0.134681
0.130514
0.01121
0.57062
0.285578
0.255854
0.425117
0.00185274
0.0723442
0.185869
0.0121175
0.111461
0.202849
0.200158
0.0351566
0.0632579
0.0313759
0.000152547
0.0135217
0.482153
0.0554202
0.218493
0.348847
9.57216e-06
0.548189
0.00148168
0.0324543
0.129533
0.334271
0.142855
0.282448
0.00526693
0.0452979
0.000839561
0.0193773
0.140789
0.0116405
0.0895889
0.0279379
0.325988
0.000446965
0.728754
0.372429
0.332721
0.471782
0.374002
0.136415
0.000254005
0.0120977
0.00827179
5.98027e-05
0.555772
0.0128552
0.239947
0.00178113
0.0160406
0.182788
0.627028
0.00745353
0.0342732
0.0528243
0.00196001
0.0114163
0.410685
0.0316113
0.21465
0.0834145
9.44052e-05
0.11101
0.0022821
0.0230564
0.185861
0.0546898
0.0833117
0.0746637
0.596764
0.0334202
0.429035
0.00035912
0.0372874
0.471698
0.0477926
0.0102567
0.268919
0.000107578
0.0145231
0.701055
0.176246
0.359956
0.0298079
0.000105973
0.0362552
0.000338587
0.0505307
0.041215
0.206906
0.00315652
0.0538415
0.164193
0.208966
0.273224
0.00713133
0.0325633
0.0827073
0.126714
0.0723149
0.200931
0.0561197
0.0114557
0.0439085
0.515931
0.000610196
0.00630776
0.00171453
0.00547511
0.482624
0.431266
0.320932
0.187452
0.144898
0.197381
0.0457572
0.638204
0.0363415
0.604127
0.0676107
0.493446
0.451014
0.249779
0.015377
0.446101
0.235408
0.000604698
0.0162293
0.104761
0.169284
6.92587e-06
0.315454
0.0023154
0.271023
0.232792
0.0209392
0.0275269
0.300372
0.498642
0.608026
0.00616611
0.333004
0.000257259
0.00476403
0.162532
0.00500243
0.0580203
0.461241
0.00178955
0.364356
0.457063
0.0666704
0.00818734
0.0358879
0.47124
0.140549
0.505182
0.082577
1.82284e-06
0.0368985
0.019911
0.162586
0.0632113
0.0036822
0.652782
0.00384085
0.316554
0.0509575
0.00338547
0.48781
0.136146
0.0034647
0.533985
0.0543974
0.000374659
0.0827011
0.196731
0.00170772
0.303526
0.0271566
0.336505
0.0490681
0.169483
0.0078533
0.578771
0.118843
0.0287515
0.000227483
0.0965859
0.0132866
0.0226124
0.0556367
0.0121663
0.518265
7.80883e-08
0.0992915
0.162667
0.0167188
0.0371874
0.00059805
0.186479
0.00331011
0.294467
0.115643
0.553209
0.033442
0.0509135
0.54557
0.201302
0.00819082
0.630151
0.200271
0.19885
0.328722
0.527846
0.000340239
0.104468
0.476058
0.228602
0.341777
0.00241331
7.98833e-05
0.000353677
0.0401509
0.319018
0.256651
0.00560515
0.292805
0.158148
0.258652
0.269975
0.230409
0.701199
0.0725219
0.177051
0.00582382
0.000724538
0.0115621
0.00199832
0.000191456
0.270598
0.000764053
0.0285045
0.208024
0.0032076
0.219474
0.0175977
0.000549431
0.352269
0.000385534
0.00120137
0.00162004
0.256722
0.010732
0.322947
8.71104e-05
0.0253696
0.295971
0.236532
0.00437338
0.00138613
0.0283595
0.0424709
0.00107394
0.0387084
0.661163
0.455052
0.255118
0.51935
0.0608964
0.0270723
0.00919422
0.0147531
0.000175786
0.497461
0.490015
0.00776962
0.150305
0.0284966
0.00143698
0.108924
0.577022
0.0872926
0.62336
0.029902
0.296494
0.000176793
0.00211066
0.0138376
0.000685761
0.123664
0.0737111
0.0246063
0.203255
0.147626
0.00019854
0.000200345
0.0120218
0.0167949
0.102192
0.408242
0.377901
0.0168605
0.178957
0.0166224
0.000171362
0.0116332
0.0215925
0.460123
0.613367
0.529415
0.361914
0.223097
0.391591
0.103672
0.00370278
0.563529
0.0050707
0.000394639
0.486916
0.112074
0.0355682
0.000124212
0.301727
0.445057
0.000911822
0.425746
0.00247963
3.48826e-05
0.28233
0.0853935
0.332002
0.150732
0.155545
0.462122
0.415289
9.36528e-06
0.00455408
0.448725
0.480284
0.207888
0.00100928
0.055236
0.00937384
0.314549
0.000734828
0.154815
0.361209
0.177298
0.000110213
0.190096
0.332397
0.00581809
9.53629e-05
0.000324599
0.331843
0.0739046
0.543673
0.197383
2.6255e-06
0.341676
0.448725
0.00362759
0.00173024
0.0299668
0.0543663
0.574551
0.216617
0.00140891
3.48238e-05
0.000524172
0.00661228
0.495004
0.308903
0.519196
0.0658771
0.0439853
0.000884013
0.00472729
0.301553
0.0104683
0.399827
0.720882
0.000576589
0.424191
0.426992
0.00205474
0.175713
0.0318884
0.188157
0.0155747
0.00998868
0.278135
0.000123453
0.558027
0.0279073
0.190502
3.1346e-05
0.0024973
0.000462349
4.39431e-05
0.000469333
0.210979
0.0014586
0.39768
0.427738
0.0403367
0.355334
0.0067609
0.394793
2.40787e-05
0.314852
0.535497
0.238122
0.0792571
0.674465
0.0352816
0.0416117
0.00361172
0.110581
0.0353315
0.359108
0.305072
0.000623747
6.55465e-05
0.000623042
0.000238092
0.491342
0.169481
0.15498
0.21474
0.371909
0.00441379
0.000737773
0.0381551
0.000170488
0.663788
0.000841408
0.0489008
0.197258
0.0160956
0.309214
0.537039
0.00722605
0.00278695
0.00446911
0.0162376
0.00635011
0.298248
0.291573
0.483008
0.00657964
0.0529002
0.568821
0.391001
0.0125742
0.00789534
0.0613709
0.00212001
5.73093e-06
0.00487859
6.23582e-05
0.00215395
0.104504
0.000503866
0.191055
0.00234732
0.00552879
0.70523
0.00536432
0.467893
0.082621
0.0456922
0.0371269
0.0203915
0.00191853
0.248317
0.0109869
0.385571
0.0697066
0.206125
0.323635
0.244388
0.695609
0.0930114
0.618011
0.0553508
0.0430086
0.397389
0.110911
0.00149968
0.312615
0.193326
0.328455
0.55421
0.0572771
0.0277902
0.365215
0.363729
0.237824
0.0242215
0.650972
0.510559
0.385453
0.303203
0.418531
0.106056
0.0921252
0.0305341
0.0676716
0.00301267
0.023618
0.00150033
0.0217447
0.0466818
0.269755
0.559433
0.209132
0.0142052
0.415
0.00800635
0.070893
0.000512001
0.47285
0.00101357
0.11298
0.0667861
0.433346
0.0511089
0.11467
0.0699237
0.0104095
0.00175774
0.425878
0.422144
0.000347328
0.0239571
0.314057
0.422157
0.00120309
0.180974
0.0107968
0.48829
0.000622686
0.0122188
0.0794208
0.125362
0.0239178
0.128037
0.00791649
0.00471839
0.402107
0.000160693
0.052193
0.515987
0.310888
5.8958e-05
0.35561
0.0477066
0.0997364
0.135811
0.370729
0.26724
0.100064
0.000797152
0.0397462
0.0631502
0.23062
0.1895
0.00921716
0.114171
0.306471
0.00104854
0.0275129
0.039044
0.0100143
0.407693
0.318498
0.319671
0.0894851
0.325941
0.0647917
0.499188
0.30139
0.000164221
0.218793
0.000127431
0.0149443
0.0359654
0.000357772
0.153589
0.00458203
4.54478e-05
0.245826
0.00624048
0.00285023
3.35589e-06
0.0971805
0.000160508
0.00356202
0.00728451
0.000676848
0.123115
0.276725
0.0124225
0.0256256
0.149346
0.000817467
0.00345999
0.261736
0.0701586
0.191174
0.562807
0.295038
6.17597e-05
0.0047613
0.748514
0.000377741
1.73379e-06
0.118159
0.205107
0.0106894
0.713479
0.287541
0.328109
0.70627
0.000235173
0.376173
0.000332845
0.401229
0.11125
0.228052
0.305027
0.0131646
0.0148624
0.349055
0.00521503
0.0056668
0.00049735
0.0728979
0.174667
0.0256923
0.00534746
1.7913e-05
0.0150639
0.279492
0.0576174
0.167951
0.0247221
0.154987
0.00375121
0.0376475
0.0662113
0.0200085
0.00592253
0.2365
0.000539688
0.000103838
0.149609
0.00214238
0.000517711
0.207665
0.00108238
0.0661005
0.48579
0.428855
0.000396223
0.00719098
0.0064246
0.147509
0.216323
0.432932
0.371023
0.0259438
0.508226
0.217894
0.12975
0.0163091
0.0294286
0.000609842
0.26392
0.0150758
0.507623
0.000379177
0.00175518
0.0920197
0.0118035
0.0338111
0.369945
0.0255311
0.00126631
0.0982518
0.0100718
0.0213442
0.0281931
0.591706
0.16863
0.163903
0.435561
0.51166
1.00891e-05
0.391986
0.0231629
0.702533
0.00798386
0.12549
0.0714011
0.404646
0.00114719
0.0894245
0.0160777
0.151622
0.0185517
0.00450897
0.000600689
0.060573
0.128785
0.244564
0.0408657
0.389691
0.170642
0.0078604
0.618625
6.61869e-05
0.00741997
0.637018
0.00111492
0.0118985
0.000164667
0.0159955
0.339282
0.152714
4.80136e-05
0.000173348
0.183346
0.43202
0.384792
0.0710572
0.000168251
0.202505
0.000828854
0.102155
0.179998
0.356235
0.202549
0.00146432
0.00430112
0.084744
0.00200343
0.0369477
0.0046743
0.134217
1.49271e-05
0.00877821
0.0206791
0.0249914
0.00211201
0.450613
0.0860994
0.0647402
0.452066
0.000106274
0.000158229
0.0676859
4.49337e-05
0.0224916
0.320021
0.0275877
0.13773
0.00476614
0.00306897
0.00581165
0.0632831
0.00114036
0.191637
0.343487
0.536453
0.335422
0.122618
0.00376601
0.113241
0.0752205
0.0101174
0.301493
0.369202
0.0520072
0.347946
0.607112
0.0751814
0.171216
0.200209
0.000156923
0.381447
9.69168e-06
0.0563927
0.106043
0.285006
0.165957
0.00230647
0.471978
0.0270186
8.3286e-05
0.0213291
0.0886184
0.0115499
0.036295
0.476293
0.0103902
0.378112
1.75891e-05
0.000630094
0.392751
0.659989
0.36085
0.353998
0.123186
0.134658
0.00698102
0.0452402
0.22865
0.299953
0.0533969
0.000634629
0.000503997
0.260888
4.23035e-05
0.023822
0.413846
0.0232124
0.0561843
0.279119
0.00645516
0.0692507
0.00108438
3.59485e-05
1.60475e-05
0.0286715
0.00833055
0.364556
0.000175879
0.0214822
0.0851592
0.302205
0.444856
0.465186
0.059633
0.00108876
0.0149878
0.0753686
0.0760242
0.220466
0.0508542
0.0109063
0.433545
0.251541
0.201903
0.00274772
0.611304
0.362878
0.000815363
0.373493
0.124319
0.000903764
0.0731255
0.0580532
0.138473
0.275641
0.125221
0.115035
0.732141
0.000743398
0.603588
0.0812902
0.0725454
0.00822487
0.0817381
0.000327006
0.0191342
0.0116642
0.0396629
0.00215562
0.0140227
0.217327
0.296871
0.013754
0.0147753
0.0129673
0.383379
0.00284333
0.0560391
0.00401621
0.0093896
0.0439141
0.000396922
0.256581
0.0520318
0.372511
0.00830143
6.02322e-05
0.266347
0.0148148
0.0581281
0.120474
0.413012
0.305427
0.022538
0.15122
0.350144
0.0297213
0.318576
0.103972
0.0106149
0.119601
0.0314253
0.00949368
0.0572265
0.0605648
9.86742e-06
0.000517166
0.0836695
0.523261
0.284518
0.0204969
0.0284897
0.00701952
0.0113474
0.000882049
0.299101
0.0182965
0.693596
0.549156
0.437041
0.00104306
0.00137861
0.169753
0.0527062
0.226575
0.0882756
0.367142
0.501939
0.175929
0.298212
0.0170644
0.000305155
0.00398188
0.47194
8.74734e-06
0.336769
0.271886
0.00223821
0.00856587
0.0150032
0.0267634
0.0888469
0.436551
0.012094
0.0159153
0.319923
0.510239
0.261465
0.450252
0.0626145
0.0175544
0.0597878
0.576611
0.0431826
0.376104
0.164288
0.00116107
0.0441379
0.115523
0.0222379
0.016357
0.0372026
0.144503
0.00039156
0.187231
0.00688304
0.0901397
0.592758
0.658908
0.0139332
0.0823701
0.158828
0.509689
0.0533487
0.371916
0.00203787
0.136326
5.39294e-05
0.00440356
0.260563
8.54813e-05
0.411367
0.00256572
0.000987417
0.359304
0.00390586
0.00808004
0.354277
0.00921543
8.53271e-05
0.0330484
0.000763412
0.000399911
0.0189451
0.00262682
0.0839153
0.45755
0.011534
0.202855
0.00475183
0.321789
0.00128771
0.0752567
0.0181958
0.331185
0.421386
0.21186
0.524728
1.74559e-06
0.00598529
0.0153985
0.00178622
0.000326008
0.443856
0.30187
0.00387989
0.000148891
0.00325745
0.204582
0.0976172
0.0207098
0.0947726
0.252675
0.0325318
0.00792988
0.0347772
0.46614
0.015087
0.0450596
0.153351
0.523596
0.329436
0.0197201
0.0161847
0.0407926
0.042331
0.0216296
0.141051
0.181271
0.123773
0.253201
0.190859
0.024455
0.129589
0.0143954
8.72313e-09
0.465302
0.174592
0.126692
0.0451541
0.0604489
0.0641288
0.13384
0.156188
0.0122509
0.373529
0.388558
0.461331
0.23516
0.0093195
0.00148235
0.000938753
0.493149
0.0709872
0.0914397
0.609019
0.000408834
0.826324
3.34162e-05
0.000324694
0.0930159
0.304649
0.0437047
5.7249e-06
0.137863
0.118114
0.0146968
0.0271505
3.07407e-05
0.0157432
0.0515479
0.324062
0.0235363
0.234993
0.00713287
0.000107282
0.186544
0.253359
0.389167
0.271051
0.0795604
0.0232252
0.111444
0.000393389
0.151098
0.244838
0.000621875
0.0399729
0.0060571
0.150453
0.811596
0.0023907
0.443464
0.0633421
0.203638
0.0523141
0.000491365
0.0838567
0.00718776
0.00841322
0.0220209
0.0868222
0.0483939
0.2994
0.000510595
0.00396261
0.0373481
0.00512282
0.34447
0.0237745
0.0213142
0.0702402
0.48448
0.000225747
0.432508
0.0156239
0.0914153
0.000451527
0.22898
0.417204
0.188957
0.727635
0.00489513
5.82455e-06
0.000323525
0.333782
0.00317918
0.181104
0.117861
0.00101381
0.0277511
0.170671
7.39011e-05
0.640841
0.188334
0.304914
0.0528434
0.0708284
0.0135593
0.630555
0.019492
0.212067
0.00202512
0.000226365
0.164541
0.47556
0.293728
0.00751459
0.388088
0.223771
0.286177
0.0542746
0.334859
0.0684985
0.428668
0.391731
0.345965
0.0247908
0.000965775
0.512236
0.128336
0.00262041
0.0205737
0.03289
0.0921784
0.533804
0.000157453
1.97718e-05
0.093583
0.00496332
0.0487894
0.0473868
0.759631
0.482334
0.00651522
0.00235516
0.000455186
0.0542308
0.000146499
0.320144
0.0171329
0.00220884
0.0341012
0.0250008
0.145752
0.103147
0.0321849
0.0050504
0.0111623
6.86645e-06
0.384697
0.363106
0.187241
0.527599
0.184096
0.111429
0.0866521
0.447664
0.0581771
0.223832
0.0017842
0.248777
0.00123671
0.372283
0.137983
6.75038e-06
0.278723
0.572796
0.295153
0.0067649
0.00151473
0.0434882
0.483744
0.000106235
0.0278534
0.000586541
5.1673e-05
0.103297
0.0395248
0.0107751
0.00244535
0.111946
0.265449
0.015453
0.0578414
0.261281
0.21868
0.280784
0.32797
0.00712932
0.0337327
0.0679384
0.0161872
0.00183507
0.00633099
0.000574156
0.47513
0.000608327
0.366381
0.105041
0.377307
0.223912
0.495035
0.424199
0.470149
0.00519482
0.00800773
0.0314071
0.093712
0.00131135
0.074746
0.315667
0.407061
0.189567
0.302436
0.362715
0.000640401
0.0172496
0.302204
0.0792065
0.0886773
0.000170133
0.0594684
0.00705055
0.0130663
0.000422295
0.00176586
1.41588e-05
0.511955
0.446669
0.00135755
0.00101751
0.010368
0.40825
0.223054
0.158135
0.166419
0.368753
0.0555732
0.164114
0.0497559
0.397448
0.0952313
0.0468239
0.129829
0.0426698
0.000108
0.018234
0.0507336
0.249095
0.045455
0.402602
0.505073
0.0284864
0.0220255
0.116553
0.276272
0.367363
0.0387755
0.00347001
0.00248997
0.510764
0.00554303
0.0434146
0.391993
0.240372
0.0168601
0.296219
0.000754814
0.775144
0.339412
0.000750236
6.79027e-05
0.0707416
0.0105879
0.0864251
0.371094
0.236221
0.110359
0.586967
0.000890574
9.65032e-05
0.0098791
0.102356
0.000101358
2.57309e-06
0.302375
0.00376781
0.197224
0.0164387
0.388007
0.00793957
0.366997
0.0752992
0.0577962
0.00290996
0.297691
0.405119
0.29095
0.00032572
0.0634817
0.00210795
0.0488269
0.448117
0.0490121
0.674073
0.101769
0.240706
0.00298082
0.000546693
0.00328418
0.51431
0.00160494
0.37301
0.091582
1.66887e-05
0.017009
0.708555
0.51361
1.84996e-05
0.00707513
9.80953e-05
0.464776
0.0312121
0.467757
0.336424
0.101405
0.36267
0.00692591
0.217537
0.449254
0.33656
0.00138936
0.00121289
0.119718
0.00194193
0.659971
0.382843
0.00265667
0.000709809
0.123784
0.371003
0.00252174
0.000202561
0.104725
0.106614
0.000858568
0.343708
9.5524e-05
0.33806
0.586325
0.268814
0.00594018
0.00249778
0.00473248
0.142739
0.152743
0.0646835
0.0607522
0.0321622
0.596646
0.508295
0.000773436
0.0779091
0.00230451
0.000736276
0.383697
0.00153155
0.384947
0.055486
0.348889
0.226378
0.0167907
0.0734112
0.00121902
9.27842e-06
0.314654
0.0990005
2.62438e-05
0.450573
0.0171653
0.0513567
0.249011
0.00355075
0.106672
0.0309139
0.044983
0.285728
0.174986
0.0172754
0.38298
0.110635
0.51555
0.0206924
0.400014
0.00346472
0.691509
7.1832e-05
0.00237625
0.000299957
0.169576
7.20919e-06
0.357199
0.000765431
0.191269
0.479151
0.00154119
0.0278002
0.0117598
0.0238145
0.000426579
0.0389111
0.513234
0.0206489
0.000357814
0.0231117
0.295199
0.208795
2.97909e-05
0.0430918
0.122374
0.00265703
0.0251405
0.0822306
0.0016453
0.303592
0.00090315
0.0462628
0.00056997
6.88055e-05
0.443972
0.327521
0.00308612
0.285496
0.313451
0.000186037
0.211205
0.0955557
0.0884117
0.187067
0.415202
0.704099
0.31868
0.0255865
0.428714
0.436597
0.0141004
0.079782
0.000570685
0.0503731
0.278419
0.00626599
0.0205558
0.00121274
0.506783
0.0725608
0.00271452
0.450234
0.249564
0.498541
0.373971
0.0230197
3.93501e-05
0.407965
0.00193312
0.00734307
0.000842045
0.563381
0.345511
0.554955
0.0767666
0.0497193
0.0574338
0.450154
0.412256
0.11142
0.0165786
0.120298
0.106705
0.0135101
0.103913
0.552049
0.000255801
6.70086e-05
0.194924
0.00508443
0.0139182
0.402533
0.0135441
0.0577605
0.0702453
0.0140281
0.165902
0.573417
0.351324
0.415971
0.148183
0.440905
0.195809
0.000125795
0.000710563
0.0323329
0.266409
0.0181102
0.191531
0.417466
0.0335538
0.0441333
0.48996
0.00186755
0.000892095
0.219577
0.381588
0.579669
0.535938
0.000864014
0.00484288
0.360673
0.0695037
0.00122546
0.311442
0.00718146
0.00482863
0.10941
0.0505776
0.0127699
0.0861047
0.000432164
0.00289882
0.48392
0.121037
0.000393511
0.0528789
0.242308
0.00956132
0.0210326
0.269169
0.0212502
0.0114386
0.00519297
4.32405e-05
0.221654
0.428676
0.177769
0.000114484
0.00387738
0.0618934
0.62907
0.0533568
0.394654
0.0999406
0.0154882
0.23651
0.0488651
0.247975
0.0136072
0.000964249
0.731583
0.015275
0.000197638
0.000253365
0.304509
0.235041
1.27497e-05
0.0274253
0.544799
0.45736
0.0785647
0.000165047
0.0662354
0.162343
0.000136998
0.00561657
0.151803
0.183883
0.0923593
0.354748
0.04461
0.0210947
0.444766
0.00322304
4.29845e-05
0.0904898
0.000846869
0.00980654
0.240047
0.00106293
0.239393
0.0207985
0.352177
0.194195
0.00498505
0.324974
0.0882228
0.0356792
0.273545
0.0445266
0.025711
0.458462
0.0482919
0.248945
0.0296666
0.0384302
0.000751587
0.00444064
0.0200313
0.476898
0.453823
0.000139636
0.028985
0.00389169
0.00107462
0.0476419
0.0788254
0.0211771
0.10226
0.0282974
0.0635252
0.0310068
0.196278
0.00136986
0.377152
0.0160392
0.000305312
0.000350549
0.0974685
0.000120307
0.047323
0.264114
0.000569647
0.0234715
0.0546928
0.266619
0.284648
0.000783038
0.00486532
0.177156
0.0017209
2.80967e-06
0.00402172
0.283619
0.0538429
0.41876
0.0127269
0.00268457
0.0157276
0.375126
0.0841606
0.111217
0.0196502
0.633143
0.0282824
0.0425605
0.00321953
0.00529639
0.0178161
0.00713705
0.0165534
0.000852522
0.158037
0.0401093
0.0816784
0.371813
0.0522818
0.00341328
0.441336
0.0835534
0.0920515
0.0948959
0.161478
0.0524097
0.289866
0.011027
0.304665
0.325332
0.28812
0.0772464
0.00307284
0.211917
0.00286792
0.823873
0.0193775
0.269215
0.136592
0.189101
0.000337221
0.375662
0.000152744
0.00868025
0.169782
0.030502
0.456232
0.000302768
0.320155
0.247727
0.00140954
0.403129
0.000531375
0.396927
0.000154002
0.773462
0.0354043
0.588532
1.16943e-05
0.120345
0.00423732
0.00222442
0.00130898
0.23663
0.312037
0.468815
0.458541
0.0248035
0.657658
0.0869203
0.000149957
0.47185
0.0211232
0.00281162
0.15353
0.31167
0.0233995
0.609447
0.0127744
0.445804
0.0111041
0.145708
0.00238792
0.138701
0.142507
0.0294253
0.532365
0.00631362
0.0811279
0.0206166
0.536563
0.571292
0.00614494
0.00310789
0.352646
0.029508
0.17128
0.0530076
0.00284618
0.463683
0.0942503
0.492133
0.00543827
0.00476549
0.0702279
0.00607216
8.06364e-05
0.00428601
0.0324481
0.00940493
3.32787e-05
0.260818
0.575104
0.0699738
0.00261932
0.112056
0.202142
0.00018334
0.00217814
0.0108366
0.15772
0.351528
0.0101328
0.00498119
0.185404
0.00552004
0.000810514
0.0127586
0.0290456
0.0100186
0.000758224
0.000943439
0.00015131
0.000181248
0.311176
0.546907
0.582747
0.362044
0.307886
0.0415227
0.0368236
0.00102992
0.000188275
0.728583
0.00590265
0.290598
0.277225
0.36574
0.544088
0.236999
0.000164855
0.282219
0.297995
0.000281824
5.03659e-05
0.143068
0.269898
0.369294
0.358219
4.03368e-05
0.00562426
0.303096
0.443777
0.0291472
0.209301
0.319899
0.275331
0.334569
0.000194042
0.0137728
0.0116927
0.0251073
0.437801
0.370218
0.462254
0.345208
0.249351
0.043636
0.00162588
0.600795
0.207849
0.020764
0.0014968
0.757845
0.00947409
0.000440466
0.530453
0.00175586
0.00689068
0.0273877
0.167365
0.341322
0.692359
0.322987
0.439662
0.274315
0.19454
0.00740846
0.467754
0.000247832
0.281593
0.242346
0.0798938
0.291739
0.0290094
0.000658913
0.000430989
0.00010076
0.199068
1.51825e-05
0.374051
0.348472
0.365003
0.000732529
0.0162175
0.0933772
0.341184
2.8065e-05
0.0675287
0.400459
0.0003849
0.0661972
0.000374479
0.000123072
0.227756
0.012614
0.0130994
0.0291159
0.648004
0.34479
0.000101942
1.33451e-05
1.1621e-07
0.254568
0.0126537
0.297489
0.0509866
0.623664
0.03706
0.0231631
2.44213e-05
3.6996e-05
0.166088
0.103155
0.000330954
0.37908
0.000185515
0.00829719
0.0825928
0.148478
0.451887
0.394282
0.44528
0.552705
0.77369
0.0180044
0.0803441
0.0258643
0.190957
0.193833
0.000835921
2.0336e-05
0.18783
0.126671
0.308528
0.0329796
0.328821
0.0958028
0.00014726
0.0161469
0.239547
0.125881
2.48693e-05
0.0845539
0.000553381
0.0010017
0.484865
0.476448
0.412646
0.473483
0.0210836
0.34897
2.66644e-05
0.181233
0.0569303
0.0475098
0.065134
0.00458347
0.00100315
0.481794
7.46246e-05
0.00631484
0.231529
0.481446
0.451615
0.00130165
0.418317
0.0017927
0.142046
0.00355464
0.59752
0.00424192
0.52397
0.00117996
0.041623
0.00280363
0.149979
0.405154
7.176e-05
0.334645
1.57278e-05
0.31404
0.246817
0.0173295
0.134589
0.0591506
0.198588
0.00450702
0.14078
0.143092
0.00443751
0.0273548
0.390916
0.00162618
8.94448e-05
0.00402139
0.154726
0.355967
0.130792
0.00265658
0.0149132
0.295672
0.10383
0.61906
0.143704
0.510975
0.000537779
0.270149
0.0602854
0.0798804
0.420632
0.000999221
0.308927
0.0182893
0.218253
0.122395
0.298392
0.0177244
0.280323
0.0114112
0.583725
0.564988
0.000111344
0.00254926
0.172336
0.037301
0.0766958
0.0186491
0.00233133
2.15172e-05
0.361914
0.0988125
0.0899044
0.000214486
0.0024657
0.265697
0.0568461
0.0172517
0.0181683
0.0745944
0.438988
0.311075
0.0018629
0.0253699
0.0433623
0.095603
0.772778
0.0540822
0.0117852
1.72492e-05
0.0206392
0.0983747
0.00560456
0.00324457
0.000668611
0.00556217
0.29339
0.268311
0.00455634
0.0156553
0.0419641
0.0810132
0.165702
0.0158217
0.205825
0.00127041
0.00812412
0.0819404
0.273963
0.0802285
0.00497199
0.176094
0.00844154
0.0287863
0.0037671
0.00198233
0.00219672
0.00236004
0.284652
0.282608
0.0264733
0.395917
0.593666
0.231116
0.185319
0.286374
0.00709006
0.528635
0.00242895
0.297286
1.82102e-05
0.0252793
0.000304022
0.00040896
0.367902
5.09768e-05
0.162652
0.0195296
0.597012
0.00102212
0.0275431
0.0651607
0.0224496
0.0151444
0.0698204
0.000856698
0.00131592
0.380509
0.376555
0.00919129
0.375329
0.00242994
0.0721735
0.186978
0.0105631
0.0163516
6.31117e-05
5.57759e-05
0.226732
0.301951
0.000824639
0.028626
0.411829
0.0268932
0.157654
0.0261806
0.251345
0.105963
0.498404
0.0425834
0.0127813
0.235197
0.0617703
0.0262114
0.681386
0.31559
0.0104643
0.00284207
0.244157
0.063742
0.117698
0.418202
0.102317
0.516869
0.143764
0.0462175
0.0212291
0.338695
0.00288754
0.0179353
0.0007527
0.138743
0.00374683
0.545156
0.0144735
0.0600568
0.528953
0.0455939
0.11147
0.00777678
0.602835
0.00582423
0.0469863
0.137355
0.177198
0.0829019
0.154989
0.00351694
6.28775e-05
0.294381
0.000633595
0.0999384
0.201574
0.000371648
0.00092699
0.0312947
0.211223
0.0102268
0.0236663
0.000327982
0.237797
0.1853
0.000295033
0.188415
0.521745
0.0281118
0.0173775
0.355842
0.180376
0.38184
0.45479
0.000643179
0.00166152
0.0209135
0.113832
0.101697
0.366913
0.0278248
0.00050023
0.00536629
0.436908
0.280972
0.0109612
0.382191
0.164424
0.169641
0.000893198
0.0252735
0.000194955
0.0126381
0.210361
0.683132
0.00946243
0.00377136
0.19401
0.105027
0.111758
0.00527037
0.198084
0.202802
0.019197
0.517938
0.432131
0.435648
0.00101613
0.000765107
0.000452232
0.00223308
0.0115544
0.000117178
0.0194
0.598484
0.0522293
0.407206
0.010878
0.741435
0.000237373
0.133761
0.126371
0.0369735
0.462856
0.299845
0.328331
0.0349599
0.00963522
0.00952803
0.00259742
0.000423139
0.341574
0.233046
0.158372
0.00321554
0.0370136
0.142141
0.000174015
0.0276711
0.0233909
0.0767731
0.0203553
0.228139
0.103841
0.153605
0.492474
0.331275
0.591161
0.172558
0.0131844
0.00238872
0.585886
0.598237
0.104616
0.00413049
0.412764
0.413713
0.104565
0.0275639
0.000814208
0.157327
0.12074
0.35713
0.0617334
0.0995323
0.0124835
0.366838
0.0302743
0.0546573
0.299793
0.000404181
0.00625771
0.00105881
0.160145
0.000896893
0.324796
0.168319
0.366526
0.0034193
0.527461
0.0564967
0.30091
0.205685
0.246098
0.000934599
0.161244
0.000206183
0.356238
0.0014145
0.393437
0.0122241
0.111541
0.258055
0.00308353
0.270603
0.000540079
0.620614
0.473482
0.0147514
0.0447034
0.410874
0.0608097
0.105429
0.00361731
0.0163921
0.499213
0.0889801
0.374212
0.00141524
0.0640519
0.211375
0.614978
0.0975717
0.0662668
0.0543953
0.029634
0.000615078
0.0637985
0.29044
0.277766
5.16637e-05
0.010534
0.147781
0.00765047
0.017653
0.0362105
0.000300909
1.87079e-05
0.00096511
0.00149654
0.0996182
0.00584752
0.216575
0.556663
0.0731878
0.232568
0.000879195
0.103605
0.122966
0.362645
0.0120463
0.313288
0.000184173
0.245924
0.357752
0.000260548
0.00148978
0.060178
0.123808
0.433
0.000749593
0.436609
0.0779224
0.0243918
0.539138
0.139718
0.0438555
0.000412548
0.0104826
0.0476164
0.00480658
0.0345488
0.3679
0.00196543
0.219023
0.263712
0.103342
0.00148237
0.641988
0.473974
0.368182
0.0404329
0.0758089
0.532799
0.372003
0.350281
0.00140977
0.232416
0.00454767
0.00060759
0.336214
0.0981925
0.0839003
0.0227755
0.022931
0.0349272
0.428761
0.0915854
0.00159559
0.533737
0.832784
0.413415
0.352775
0.0308235
0.000282791
0.67768
0.0209099
0.0287784
0.000122863
0.0421338
0.21569
0.00341069
0.036101
0.00218784
0.0516936
0.00354015
0.00111502
0.309483
0.0564088
0.0196012
0.670636
0.444027
0.412736
0.336076
0.219821
0.00131191
9.07385e-05
0.0687777
0.275236
0.0759192
0.292665
0.000155724
0.30581
0.214155
0.0192865
0.0115232
0.00238337
0.0118198
6.92854e-05
0.0122364
0.00924646
0.344926
0.303587
0.0025188
0.00653922
0.0093413
0.000583915
0.178392
0.278872
0.0066526
0.0104359
0.00107681
0.0996172
0.461639
0.00254539
0.0112829
0.421346
0.609176
0.00190932
0.00068552
0.138457
0.0133544
0.283785
0.119932
0.10593
0.12001
0.0448414
0.126848
0.00986849
0.0724418
0.0784843
0.0661762
0.132633
0.126079
0.000188174
0.00339194
0.0869046
0.240238
0.121749
0.0907417
0.538448
0.210607
3.81993e-07
0.0552576
0.478385
0.01599
0.434959
0.00279754
0.292614
0.000390148
0.00500272
0.00111415
0.0109545
0.00231429
0.00232109
0.110341
0.686434
0.3281
0.345387
0.0969892
0.36037
0.0252287
0.373797
0.333666
0.315555
0.00208918
2.10718e-05
0.00372418
0.000854019
0.0514082
0.0463295
0.495402
0.217256
0.328248
0.0001063
0.00138922
0.00118253
0.00313518
0.0031891
0.121964
0.237274
5.00379e-05
0.0107388
0.127909
5.01308e-05
0.0436297
0.0110084
0.0423053
0.0154099
0.357188
0.00102407
0.0591354
0.0196118
0.0403664
0.00183968
0.00256685
0.169686
0.00540438
0.19857
0.087661
0.014873
0.0043421
0.399091
0.320902
0.117475
0.0288428
0.000193929
0.00138962
0.0184764
0.0572518
0.191844
0.120666
0.00483578
0.0157689
0.0671535
0.291251
0.00050403
0.0285412
0.48232
0.292541
0.0167671
0.00216228
0.045117
0.304
0.000388717
0.32366
0.422216
0.0029056
0.00164491
0.000200051
0.00371706
0.13941
0.000949552
0.0891591
0.089073
0.00807291
0.0234232
0.119799
0.0159933
0.000312647
2.39077e-05
0.0113353
0.0566451
0.000818327
0.0139447
0.483269
0.0230437
0.00406081
0.000908172
0.580279
0.232616
2.56277e-06
0.0390691
0.404258
0.0808204
0.0223971
0.0301184
0.540939
0.107764
0.319753
0.00693364
0.452529
1.06987e-05
0.0196595
0.0852249
0.0716063
0.229961
0.453071
0.00268521
0.000572018
0.0123673
0.592679
0.00466901
0.000795971
0.320274
0.00832506
0.279355
0.00535852
0.33185
0.0357
0.358052
0.213418
0.0264835
0.044087
0.0458456
0.403659
0.136983
0.297233
8.41499e-05
0.00297648
0.217666
0.00130063
0.00360039
0.251429
0.5337
0.309243
0.0627637
0.489506
0.00711408
0.339248
0.300249
0.000271007
0.0033679
0.000850065
0.00310659
0.0036928
0.106168
0.0614587
0.678086
0.0369714
0.0915098
0.276717
0.3902
0.0386757
0.000113691
0.585356
0.334686
0.321173
0.210305
0.0100682
0.0477115
0.0268082
0.0628008
0.224528
0.0450397
0.196299
0.117365
0.00191226
3.70872e-06
0.0328615
0.0454026
0.135539
0.000143816
0.355222
0.365547
0.110784
0.0484918
0.31657
0.00103649
0.426902
0.140717
0.0105438
0.000459632
8.74255e-05
0.0327809
0.205036
0.00159677
0.140068
0.00478964
0.00659062
0.345409
0.000114032
0.0926515
0.0715959
0.00183962
0.0100388
0.00700061
0.00254568
0.014875
0.00174361
0.00676586
0.00993589
0.0217453
0.291257
0.305263
0.000367709
0.00955192
0.0092478
0.0303882
0.237955
0.757583
0.0577333
0.0145191
1.41259e-05
0.152536
0.11988
0.0231941
0.245099
0.00157606
0.256313
0.281055
0.128187
1.42047e-05
0.123555
0.0152058
0.020644
0.0432252
0.00996627
0.060642
0.0118166
0.0900405
0.00196267
3.21099e-05
0.00575808
0.000149133
0.000237408
0.0443669
0.0100205
0.0561808
0.029652
0.225609
0.000696678
0.0125282
0.0007205
0.40482
0.238822
0.000258832
0.16846
0.0242049
0.00439405
0.0801351
0.417616
0.000815925
0.00141802
0.000232175
0.102116
0.000805315
0.00158235
0.2297
0.000973829
0.000127022
0.205459
0.00266129
0.349886
0.303511
0.29631
0.591249
0.344082
0.120305
0.109312
0.211753
0.0363
0.000470244
0.0985452
0.0181332
0.0525132
0.290204
0.0920812
8.41202e-08
0.451004
0.187
0.0450971
0.104384
0.39704
0.0131654
0.0144878
0.130253
0.727265
0.00196268
0.41247
0.256675
0.7338
0.000324082
0.0937808
0.138375
0.0410817
0.109675
0.000367259
0.0043852
0.658097
0.0762108
0.311856
0.0528427
0.0336753
0.641958
0.0209935
0.00947953
0.235772
0.00171229
0.401718
0.171048
0.00967062
0.290336
0.160581
2.10519e-05
0.195567
0.00612914
0.00603791
0.000112796
0.0464472
0.304052
0.000928082
0.0645864
5.15462e-06
0.00151204
0.0707723
0.405058
0.0514971
0.000108527
0.645618
0.000124878
0.13674
0.400134
0.128022
0.51317
0.456597
0.000876081
0.0248926
0.000332874
0.00333538
0.000887527
0.000247072
0.0737788
0.0627074
0.0895108
0.440595
0.129712
0.0294319
0.00540629
0.148762
0.000245723
0.000234036
0.148943
0.6731
0.338357
0.480989
7.46191e-05
0.467967
0.0164113
0.00042458
0.0731162
0.000652546
0.00126911
7.15434e-05
0.0073634
0.0322589
0.26904
0.0201975
0.247645
0.00571309
0.000450294
0.00258887
0.000234868
0.00232262
0.073149
0.330014
0.26018
0.0107252
0.00233042
0.017232
0.0276291
0.0741458
0.0901854
0.644264
0.273807
0.00120509
0.720615
0.315832
0.0605111
7.89143e-06
0.000146542
0.159497
0.316789
0.35021
9.03209e-06
0.00807296
0.000140405
0.0166725
0.445745
0.000977236
0.040081
0.00142127
0.0288217
0.0220019
0.359595
0.0503667
0.0152102
0.214427
0.318693
0.474875
0.149408
0.291936
0.0423375
0.00100279
0.155493
0.000287005
0.304572
0.000507181
0.00592152
0.0315959
0.0348869
0.0557784
0.364586
0.162272
0.00644098
0.00377727
0.00147204
0.00126426
0.206823
0.0285732
0.0138447
0.00371253
0.427116
0.000561163
0.000857595
0.0156495
0.323606
0.00452256
0.0247246
0.00028464
0.0231157
0.320576
0.461118
0.0134091
0.000382161
0.00450706
0.217343
0.492526
0.141625
0.188253
0.187208
0.066902
0.154151
0.0546365
0.00331556
3.27572e-05
0.000143366
0.2816
0.619053
0.00219469
0.00156697
0.0403877
0.104086
0.31835
0.635804
0.353825
0.015869
0.256982
0.0563891
0.000673226
0.405952
0.0357718
0.0587229
0.00727471
0.186139
0.273871
0.675896
0.346616
0.0944488
0.0788701
0.00102483
0.162508
0.336992
0.0293159
0.0111686
0.0210204
0.250973
0.353696
1.39766e-05
3.51527e-05
0.0686794
0.0238951
6.4541e-05
0.0192564
0.0296923
0.0299587
0.00276322
0.000198327
0.0721966
0.036943
0.0946488
0.00411715
0.0815928
0.516374
0.550071
0.0368469
0.00509169
0.00197603
0.0161999
0.0588272
0.0136317
0.00066398
0.165883
0.475654
0.00266993
0.000966645
0.375858
0.0510165
1.6762e-05
0.577765
0.0885941
0.353754
7.57582e-05
0.54867
0.0138566
0.0396287
0.062159
0.00351464
0.288008
0.0203321
0.0117987
4.53807e-06
0.000909944
0.239301
0.00508842
2.51375e-05
0.388424
0.363701
0.0382846
0.245932
0.0102368
0.0365576
0.0176546
0.00405632
0.0213106
0.361936
0.415516
0.286629
0.434342
0.00345412
0.527112
0.237112
0.00877209
0.225156
8.84241e-05
0.488907
0.153215
0.00028759
0.000393073
0.384463
0.000937577
0.0017278
0.446431
0.251741
0.0272802
0.300365
0.155989
0.0246986
0.00501396
0.000487723
0.14279
0.313738
0.46122
0.325676
0.161908
0.0246427
0.172736
0.39528
0.266323
0.406624
0.121262
0.0763996
0.356666
0.00750171
0.0263658
0.332677
0.113909
0.21074
0.0175328
0.0768795
0.0160678
0.00132192
0.0889746
0.231039
0.000313755
0.0753381
0.0594413
0.00395342
0.00756926
0.238738
0.136063
0.00667957
0.00428622
0.435222
0.00169717
0.38621
0.141099
0.015725
0.00155245
0.210607
0.546198
0.00036559
0.188961
0.13778
0.119139
0.220699
0.00326599
0.0401814
0.402516
0.00105009
0.0547472
0.0774553
0.38648
0.00232139
0.0886158
0.0214773
0.0552564
0.27137
0.0477161
0.0263706
0.173499
1.95311e-06
0.354471
0.000172085
0.359037
0.0894544
0.173769
0.0317731
0.127166
0.311947
0.00107024
0.00244999
0.0609355
0.14719
0.154338
0.0172964
0.424495
0.00306124
0.361973
0.016115
0.480821
0.0159452
0.175701
0.0114868
0.040797
0.279146
0.0117019
3.40732e-05
0.00378935
0.125062
0.206521
0.1075
0.00372378
1.77185e-06
0.0749086
0.0370688
0.0043812
0.0419605
0.497064
0.0883757
0.00220171
0.00381538
0.00760613
0.00419252
0.0148214
0.00778573
0.184384
0.00160765
0.0914584
0.449279
0.000133532
0.245324
0.0240152
0.00118738
0.00694146
0.0100222
0.297403
0.544716
0.0022504
0.00289672
0.0657594
0.0052848
0.299868
0.114992
0.109032
0.329872
0.473719
0.0337078
0.218063
0.274262
0.358114
0.00871304
0.240879
0.0247883
2.39526e-05
0.332039
0.00224393
0.343456
0.465269
0.285638
0.306799
0.00246428
0.00777554
0.000582613
0.000143004
0.00531576
0.390888
0.266128
0.203443
0.000210529
0.110141
0.0550634
0.428869
1.13494e-05
0.214154
0.0648135
0.197519
0.00282803
0.00258657
0.285774
0.501283
0.00381756
0.311848
0.0866785
0.00590751
0.345839
0.00187701
0.000199056
0.0639877
0.315581
0.291993
0.0572826
0.036047
0.254365
0.181684
0.441491
0.121037
0.0374806
0.424124
0.0651759
0.430814
0.243415
0.060654
0.0543264
0.277921
7.94377e-05
0.206839
0.0985975
0.0043903
0.00221211
0.606179
0.00021563
0.0228907
0.00131949
0.113861
0.101956
0.0266135
0.482985
8.74203e-05
0.00182413
0.034557
0.00475595
0.301125
9.85914e-06
0.11111
0.0094649
0.511735
0.0137273
0.0375855
0.156474
0.143048
0.0532603
0.00513287
0.055021
0.257156
0.780515
0.540389
1.03163e-05
0.196804
0.0302184
0.270623
0.167954
0.111228
0.287975
0.0577471
0.160575
0.000816042
0.000375193
0.275437
0.237936
0.00151134
0.200561
0.0322283
0.00286439
0.223524
0.00195664
0.0143466
0.000888826
0.027994
0.00197676
1.15719e-05
0.314964
0.224374
0.000249469
0.794731
0.051102
0.366064
0.00449844
0.446135
0.000905108
0.0463832
0.451704
0.00111519
0.601124
0.00316095
0.10489
0.471114
0.000736031
0.418708
0.015287
0.00357826
0.00282785
0.137808
0.487922
0.0920565
0.000418572
0.101279
0.00891489
0.0310448
0.0162257
0.00130347
2.22414e-05
0.102096
0.00490663
0.226584
0.494622
0.000711049
0.00472163
8.03943e-05
0.0471064
0.125882
9.01361e-05
0.285818
0.0296447
0.0025502
0.0172592
0.00234762
5.25726e-05
0.00841947
0.0125268
0.00304611
0.563197
0.0572635
0.00198096
0.454606
0.245301
0.00419333
0.29794
0.316408
5.51846e-05
0.268221
0.231812
0.0101647
0.33728
0.0115221
0.00694533
0.187782
0.296042
0.0428837
0.326948
0.359881
0.00263962
0.192676
0.125046
0.0151191
0.0376476
0.383555
0.224357
0.000788294
0.281701
3.68766e-05
0.304795
0.12116
0.0224391
0.496995
3.50232e-05
0.0462021
0.471506
0.0104052
0.0895124
0.4147
0.171346
0.28682
0.0248019
0.0899393
0.0381906
0.0969429
0.264922
0.702485
0.0774268
0.135658
0.0769964
0.0108573
0.0197799
0.211456
0.000509971
0.0282653
0.32506
0.0734756
0.191626
0.286574
0.701171
0.172154
0.183464
0.471093
0.0280969
0.506336
0.00370908
0.123618
0.277877
0.0665822
0.374877
0.00158627
0.336727
0.000526664
0.00976659
0.384844
0.0116015
0.53626
0.048173
0.144057
0.00836539
0.114738
0.227117
0.000210665
0.00879215
0.535609
0.0193995
0.000226372
4.30741e-05
0.000316634
0.173419
0.294719
0.00140448
0.0329856
0.318253
0.00394502
0.123605
0.0130486
0.0108671
0.0117032
0.000303138
0.402174
0.0228311
0.211097
0.565067
0.0165001
0.556144
0.000252716
0.00393854
0.0686687
0.000457939
0.135143
0.231083
0.279045
0.357627
0.0059208
0.000568059
0.00101558
0.000454813
0.199604
0.535377
0.20881
0.55331
0.154108
0.0102305
0.135093
0.261241
0.00107646
0.0853694
0.433914
0.125392
0.000426742
0.260022
0.000102438
0.0813993
0.287499
0.429355
0.0761985
0.0360902
2.78396e-05
0.00245574
0.2179
0.10355
0.215185
0.0323677
0.571903
0.453387
0.00832736
0.174723
0.000798007
0.53973
0.014772
0.315678
0.0453342
0.00048914
0.372863
0.177533
0.52704
0.0011753
0.0793538
0.000533908
0.0956558
0.502057
0.00581291
0.279457
0.0386646
0.0668477
0.186045
0.371032
0.444564
0.733887
0.000788843
0.0553181
0.359783
0.000208944
0.0347601
0.499224
0.012475
0.15739
0.793764
0.179044
6.342e-05
0.248041
0.0265643
0.143969
0.0682595
0.00112613
0.157602
0.035348
0.418626
0.0134877
0.600077
0.407575
6.88024e-06
0.000400623
0.477371
0.0673106
0.00799132
0.178878
0.447769
0.00204341
0.0230784
0.00199245
0.000126054
0.291875
0.00152748
0.245844
0.263868
0.0573659
0.309269
0.233255
0.284323
0.00127801
0.530534
0.495769
1.09e-05
0.233707
0.000125369
0.0700726
0.0508766
0.0608714
0.303503
0.00239812
0.225912
0.485027
0.085326
0.0077472
0.474368
0.040606
0.0153627
0.00573015
0.00207237
0.16534
0.00991041
0.00198788
0.498661
0.0836972
0.865876
0.182874
0.424335
0.0392591
0.00384382
0.416989
0.052666
0.108475
0.308204
0.00923548
0.016877
0.00428193
0.0149126
0.422435
0.596811
0.534244
0.0080506
0.416369
0.570643
0.229162
0.0412163
0.413385
0.000297127
0.0351413
0.214157
0.401251
0.000249078
0.00398214
0.348125
0.256092
0.0875358
0.183271
0.068555
0.108812
0.000254478
0.000117109
0.248663
0.0173561
0.0103896
0.000507395
0.000512053
0.0854619
0.000191548
0.721839
0.016693
1.02098e-06
0.297895
0.0641289
0.20814
0.621516
0.0036219
0.50117
0.0461582
0.7305
0.0165777
0.0344499
0.406126
0.0238855
0.194069
0.0103696
0.0873108
0.317213
0.000656807
0.0482389
0.227962
0.131891
0.0710397
0.00248221
0.0954472
0.0214724
0.187643
0.00774714
0.0104716
0.0152557
0.369733
0.000284977
0.283566
0.00430757
0.0646787
0.261078
0.00079334
0.00435192
0.158036
0.001219
0.0618251
0.267052
0.61838
0.748821
0.0190593
0.231132
0.00552161
0.0768455
0.00171624
0.353818
0.0729415
0.600924
0.757733
0.0881159
0.0320061
0.153805
0.402885
0.506883
0.27811
0.0198273
0.0174421
0.117479
0.343283
0.093064
0.261396
0.336687
0.437641
0.0183904
0.0396468
0.60769
0.0976542
0.426252
0.2583
0.0212728
0.000380319
0.00334709
0.284095
0.0632249
0.00648591
0.00869655
0.0372456
2.31566e-05
0.275232
0.00438149
3.81904e-06
0.46832
0.283113
0.0694016
0.216263
0.0127494
0.24969
0.167787
0.709488
0.54862
0.0187625
0.0896314
0.00332499
0.058876
0.315232
0.273924
0.00119286
0.01794
0.00697135
0.00212624
0.299952
0.0623424
0.00117521
0.136153
0.196083
0.0174069
0.201259
0.00110189
0.0514438
0.000236459
0.0391659
0.072423
0.243852
0.0491672
0.00429029
0.151238
0.0262668
0.0394984
0.0122093
0.0190773
0.06853
0.349421
0.405172
0.00463746
0.00341425
0.143941
0.315125
0.315517
0.00294878
0.0308355
0.00378603
0.108244
0.257822
0.406219
0.171058
0.38615
8.63228e-05
0.437913
0.000574648
0.0102169
0.0426883
0.556125
0.0199237
0.0936107
0.00100556
0.000994792
0.449048
0.00894328
0.00221228
0.0239795
0.0955881
0.210938
0.297977
0.0106504
0.000763581
0.197262
0.330681
3.00445e-05
0.116496
0.0982113
0.510036
0.012411
0.00140294
0.12692
0.276951
0.110024
9.89171e-05
0.330185
0.0407523
4.16883e-05
2.26635e-05
0.0143328
0.060192
0.0296291
0.648876
0.0125832
0.0329237
4.47856e-05
0.39295
0.00635428
0.0646715
0.654413
0.133566
0.000169885
0.284285
0.022719
0.000275937
0.103744
0.0306552
0.218186
0.319706
0.0210931
0.291124
0.0592723
0.411642
0.36575
0.264693
0.390524
0.455072
0.0228915
0.487082
0.187814
0.107698
0.140766
0.0459879
0.0419344
0.463795
9.84834e-05
0.557123
0.00723154
0.012797
0.191132
0.396798
0.230944
0.0431388
0.528946
0.0432699
0.0341029
0.455842
0.290292
0.174544
0.346926
0.705418
0.0567022
0.322298
0.24125
0.32474
0.0954917
0.0614738
0.00447796
0.00285152
0.385383
0.0639009
0.043448
0.110822
0.0971135
0.000157929
0.000333613
0.00891259
0.601103
0.0220434
0.329596
0.365745
0.377466
0.000592938
0.00220076
0.154498
0.322687
0.0226178
0.0476465
0.0160991
0.0842927
0.305124
0.399353
0.0349841
0.346324
0.0260222
0.0981929
0.371539
0.191818
0.0103045
0.245117
0.00494552
0.0604841
0.247392
0.0977531
0.00940468
0.00370636
0.0115617
0.00286316
0.0348676
0.0867816
0.0896313
0.0103061
0.000399938
0.0365192
0.00774322
0.0124384
0.0305177
0.277171
0.0703665
2.80033e-05
0.157332
0.0107602
0.327114
0.00318322
0.0357708
0.0273801
0.226639
0.582421
0.0584298
0.0445831
0.293404
0.00698766
0.000505946
0.0165615
0.0603784
0.272107
0.391404
0.0248774
0.538178
0.0146442
0.000905344
0.000115954
0.0800865
0.00253217
0.17482
0.00114744
0.291231
0.199346
0.0909906
1.83698e-05
0.711145
0.308892
0.148864
0.482852
0.0043423
0.0113575
0.531396
0.0012416
0.0592649
0.427292
0.369331
0.43274
0.000574136
0.293723
0.0830985
0.00307838
0.000131855
0.0239975
0.185262
0.323461
0.022952
0.00574622
0.105105
0.39646
0.0223485
0.0769247
0.000941977
0.0351163
0.400458
0.732106
0.0133364
0.3116
0.0168385
0.00701384
0.0707929
0.496326
7.03648e-05
0.000285112
0.163889
0.352256
0.103158
0.0889281
0.0158138
0.0588673
0.0164742
0.0328642
0.0661232
0.00607687
0.626956
0.104167
0.227881
0.0192494
0.0161453
0.00739749
0.29516
0.00228127
0.000258888
0.111662
0.475382
0.300145
0.454073
0.0787534
0.293673
0.00330024
0.0623788
0.098928
0.0183135
0.56431
0.000991193
0.00298424
0.0037196
0.162438
0.481492
0.0582632
0.114833
0.0118935
0.3105
0.150258
0.247232
0.00913002
0.13355
0.0135841
0.0288055
0.0173891
0.00035595
0.00727341
0.417675
0.242659
0.00156831
0.558115
0.418835
0.139305
0.00355143
0.464462
0.526154
0.00872589
0.508456
0.249546
0.0849411
0.305267
0.435907
0.00238023
0.00288505
0.0877437
0.0362918
0.0368453
0.246769
0.702723
0.00817413
0.038472
0.00243373
0.0110287
0.11188
0.638914
0.0279886
0.0208455
0.000528669
0.0918855
0.000644037
0.132576
0.588949
0.0738198
0.0343724
0.224445
0.54908
0.000250837
0.00980892
0.0559156
0.0770417
0.000597348
0.0739665
0.024533
0.0370767
0.0775174
0.0288289
0.0542443
0.00116533
0.171405
0.000190051
0.105881
0.00133182
0.100476
0.478407
0.0298739
0.0160552
0.188186
4.37054e-06
0.0940778
0.242051
0.500081
9.72379e-05
0.690694
0.435465
0.0627321
6.09422e-05
0.0617892
0.000241234
0.0115285
0.13345
0.0394521
0.0131903
0.000447848
0.2713
0.17175
0.000843397
0.0228585
0.0828174
0.0371474
0.247713
0.00697735
0.273825
0.631778
0.300096
0.36724
0.405398
0.00118736
0.502877
0.0440535
0.00584703
0.0120762
0.0407523
0.322071
0.370965
0.00440986
0.117169
0.0103705
0.0261981
0.0221646
0.0760914
0.435391
0.459658
0.297002
0.18842
0.107317
0.00689125
0.000103926
0.132885
0.0709474
0.160216
0.00427827
0.190219
0.503157
0.00423016
0.152604
0.0532112
0.00452341
0.0205039
0.165053
0.195667
0.186928
9.91662e-05
0.31712
0.083721
0.256925
0.000865194
0.0182546
0.356965
0.0924602
0.175767
0.245603
0.415037
0.0144716
0.142724
0.298457
0.0235084
0.283961
0.32618
0.0144275
0.235799
0.14914
0.000222941
0.0864409
0.311491
0.00774579
0.00054542
0.0288034
0.0335924
0.0119326
0.316958
0.000229535
0.388781
0.00146129
0.19451
0.00599317
0.0252214
0.0623695
0.00880609
0.00350357
0.000304122
0.129269
0.0652428
0.0832208
0.374679
0.00302688
0.000909712
0.0140694
0.162356
0.00683248
0.0827009
0.606426
0.00334646
0.418998
3.79414e-05
0.0559721
0.356184
7.67158e-05
0.00179762
0.0346042
1.64553e-05
0.379284
0.00196658
0.13039
0.322695
0.0404589
0.150544
0.00930642
0.349734
0.00143547
0.0162962
0.0592414
0.311385
0.00864016
0.570627
0.194418
0.193724
0.00272468
0.00710626
0.267165
0.0096127
0.222838
0.00730883
0.0764825
0.00568234
0.0176482
0.469073
0.0497821
0.0421756
0.146741
0.031465
0.129167
0.00213479
0.048451
0.00408437
0.0933767
0.28621
0.112056
0.00577067
4.77255e-05
0.0754766
0.0181656
0.00230059
0.599008
4.54048e-05
0.0251634
0.000129259
0.767958
0.0789131
0.247425
0.000785935
0.000769934
0.00217051
0.411504
0.0100911
0.262615
0.29142
0.0891418
0.0415327
0.000435426
0.0541875
0.639677
0.00055354
0.00684845
0.0994383
0.00824557
0.306254
0.0358098
0.639689
0.287456
0.0758276
0.21819
0.0112827
0.00399647
0.0722108
0.00267267
0.270968
0.166572
0.04155
0.104987
0.302149
0.0273474
0.0282177
0.313983
0.00014605
0.034607
0.121667
0.013293
0.16842
0.5219
0.045395
0.565198
0.000162478
0.310189
0.107743
0.472809
0.643998
0.000701559
0.452189
0.240361
0.439228
0.276604
0.00236557
0.0177485
0.538512
0.738139
0.0132599
0.0930017
0.0211773
0.373306
0.120196
0.203005
0.123963
0.0122894
0.0934622
0.362552
0.11057
0.0456583
0.0507862
0.00051677
0.00306086
0.0209131
0.314194
0.428861
0.3796
0.0688941
0.18412
0.00139201
0.173693
0.542366
0.0376095
0.0302541
0.0360776
0.0414243
0.0193449
0.0730932
0.293059
0.0638957
0.123579
0.224501
0.00094111
0.00742007
0.0220653
0.591918
0.323806
0.59396
0.172207
0.0324949
0.295999
0.0268259
0.19845
1.0118e-05
0.433223
0.0475786
0.00538143
0.00338582
0.257795
0.541541
0.262707
0.0038636
0.486251
0.00153499
0.105336
0.193588
0.398572
0.0212219
0.0227812
0.0626945
0.0480886
0.00951713
0.0370461
0.0298816
0.00103499
7.49587e-05
0.609899
0.169623
0.000839885
0.0144092
0.0330376
0.0190493
0.0130676
0.0407099
0.476852
0.292933
0.444397
0.532994
0.142763
0.00108659
0.0134708
0.0568494
0.00223427
0.324741
0.0013115
0.376506
0.00568049
0.0382639
0.0859964
0.240875
0.172418
0.389729
0.352408
0.102563
0.142983
0.0614504
0.0631533
0.0673517
0.185618
0.040239
0.341371
0.0108681
0.0293986
0.000658946
0.197427
0.138602
0.161302
0.0119163
0.00709136
0.10801
0.14439
0.000205116
0.159129
3.79389e-05
0.0266388
0.000835211
0.112911
0.0049817
0.0033314
0.0362156
0.119462
0.409908
0.202146
0.0217623
0.00211074
0.273832
0.0791428
0.29349
0.102668
0.095854
0.00374545
0.0181212
1.41059e-05
1.7755e-05
0.267342
0.0760325
0.000385597
0.000109047
0.388176
0.430407
0.000953897
0.00180801
0.0516684
0.310647
0.128445
0.0956488
1.92306e-05
0.065678
0.00385922
0.000752199
0.164382
0.229447
0.103129
0.406819
0.00782488
5.78208e-05
0.269266
0.306929
0.113361
9.35064e-07
0.0293878
0.457597
0.320169
0.048042
0.00482131
0.477306
0.443226
0.18815
0.00262041
0.119112
0.136199
0.0287977
0.428467
0.0624304
0.112173
0.319174
0.116388
0.432132
0.158308
0.218108
0.363726
0.392055
0.304075
0.302657
0.0473194
0.00653141
0.321432
0.509205
0.244645
0.033243
0.088413
0.511339
0.597583
0.185892
0.404674
0.044
0.0200685
0.102781
0.00145673
0.00609228
3.32542e-05
0.0605967
0.00371234
6.12867e-05
0.391828
0.0243077
0.437974
0.377653
0.218238
0.00233091
0.163771
0.00100326
0.0310726
0.00899589
3.38558e-06
1.19649e-07
0.172257
0.176866
9.0721e-06
0.0690672
0.326031
0.113773
0.321512
0.0152634
3.29205e-05
0.00104317
0.549018
0.191713
0.203495
0.0207058
0.00497176
0.333975
0.00361874
0.0332118
0.444758
0.0641198
0.293833
0.485739
0.18144
0.0013147
0.0480945
0.285118
0.0973583
0.234779
7.80502e-05
0.38408
0.0258369
0.0206909
0.0316035
0.612689
0.00210748
0.359714
0.0014832
0.0432485
0.0510962
0.284073
0.0119462
0.00926758
0.00201048
0.104196
0.0369218
0.0299415
0.00597
0.00091209
0.224489
0.239692
0.0388774
0.264959
0.392703
0.465964
9.52704e-06
0.0029024
0.00393604
0.000433056
0.244327
0.0247027
0.00152242
0.093575
0.00693012
0.250339
0.108449
0.000222855
0.459449
0.000555101
0.161653
0.00226767
0.0100183
0.302123
0.0294169
0.0294542
0.47697
0.519647
0.00148444
0.479333
0.023067
0.00842852
0.303055
0.186817
0.106245
0.42083
0.256604
0.466885
0.154636
0.00663713
0.337033
0.00068979
0.0055107
0.0355432
0.12347
0.0258501
0.476897
0.191073
0.0843382
0.0186991
0.0524796
0.00271501
0.000291924
0.100037
0.0801188
0.277163
0.0263857
0.00828718
0.00180271
0.559317
0.36588
0.00170336
0.316068
0.450904
0.558105
0.140065
0.21282
0.103833
0.0251447
0.42768
0.00373497
0.164185
0.0382562
0.0307157
0.00284991
0.000303245
0.557927
0.600061
4.66577e-05
0.14235
0.305333
0.0951529
0.390318
0.257117
0.0076192
0.014469
0.021418
0.270299
0.00294008
0.0205089
0.283079
0.0321928
0.128573
0.0919456
0.00760657
0.00554555
0.097804
0.118072
0.692962
0.370842
1.84508e-05
0.00202639
0.552686
0.542875
0.358268
0.545467
0.14535
0.00121654
0.0309118
0.000242947
0.000215812
0.116921
0.348602
0.000367582
0.353218
0.428584
0.128542
0.00049834
0.0234111
0.000232004
0.274517
0.327019
0.154376
0.0940016
0.0294944
0.0100424
0.0386722
0.196843
0.000376165
0.0128286
0.247273
0.248218
0.00111519
0.329647
0.0461344
0.000409668
0.532652
0.350623
0.0115915
0.0674398
0.000239058
0.0185392
0.0611793
0.0154312
0.179559
0.0455506
0.00185965
0.202773
0.000298027
0.0190252
0.00190133
0.00449981
0.260418
0.346729
0.00417737
0.346752
0.0419006
0.441154
0.000127298
0.0290208
0.152267
0.00879247
0.00537385
0.307739
0.0790404
0.021618
0.221505
0.0412337
0.0117345
0.0168207
0.057235
0.0264646
0.0021603
0.195971
0.176596
0.0373405
0.000101536
0.00767078
0.460954
0.0448606
0.0020956
1.28189e-05
0.330093
0.213648
0.258505
0.0552583
0.00510103
0.296586
0.476445
0.00602797
0.136026
0.267317
0.262604
0.00428716
0.141754
0.208855
0.197414
0.00284435
0.000209493
0.000174448
0.39697
0.680848
0.063547
0.0829659
0.17167
0.0568103
0.000405827
0.61917
0.151267
0.314242
0.0342216
0.371069
2.1871e-06
0.268727
0.00127294
3.94427e-05
0.279133
0.629816
0.0174821
0.443326
0.00550765
0.21853
0.360398
0.0349068
0.0365838
0.000526962
0.00533411
0.000819712
0.624813
0.00246237
0.0425314
0.230848
0.339158
0.105503
0.0968922
0.175851
0.019169
0.0136191
0.0600487
2.81577e-05
0.357538
0.302805
0.369678
0.288507
0.00268625
0.068342
0.00314939
0.257704
0.000154383
0.0878241
0.000143951
0.0600436
0.00462582
0.214187
0.0115496
0.645588
0.24368
0.0787063
0.0305479
0.168473
0.212923
0.0645495
0.00895508
0.435444
0.000323604
0.000229177
0.241763
0.0956414
0.0928814
0.0991347
0.0664593
0.0197736
0.0779449
0.293294
0.22525
0.72199
0.0090196
0.275551
0.0400084
0.000114777
0.271521
0.284831
0.53435
0.0575964
0.237057
0.146861
0.12212
0.0239533
0.136519
0.533103
0.216345
0.00538305
0.00220326
0.0101794
0.112214
0.221745
0.0234054
0.0197846
0.0143964
0.00088149
0.538829
0.290476
0.154061
0.573528
0.0339455
0.00363394
0.00314535
0.398235
0.620755
0.00211665
0.0630728
0.0176347
0.000136927
0.00556481
0.0183397
0.329962
0.0435206
0.0885448
0.00196039
0.0164857
0.000495028
0.28608
0.00865992
0.0590273
0.424112
0.131508
0.312789
0.235223
0.03638
0.000322949
0.181658
0.474601
0.00376052
0.0969859
0.363418
0.00898345
0.0357471
3.86712e-05
0.218231
0.0355626
0.171933
0.00621927
0.550695
0.00825914
0.497871
0.258911
0.442722
0.00241339
0.269909
0.0367182
0.259478
0.000735114
0.00383226
0.00320953
0.406144
0.0151692
0.380922
0.000519811
0.0176528
0.278077
0.00552461
0.0317952
0.5804
0.462919
0.00954239
0.00807232
0.0343629
0.338899
0.343053
0.598901
0.000344141
0.0281291
0.153173
0.108488
0.00493315
0.0120942
0.256952
0.073993
0.00300978
0.238882
0.262229
0.00494195
0.141441
0.298853
0.313558
0.043022
0.00856299
0.00786191
0.227799
0.360514
0.146214
0.00205906
0.387069
0.415191
0.075411
0.116748
0.112596
0.0186923
0.0165458
0.384203
0.180014
0.0368592
0.382781
0.00689673
0.322053
0.538041
0.302285
0.421831
0.000182832
0.561495
9.26348e-05
0.00168124
0.441221
0.0665579
0.00973797
0.0523789
0.379019
0.274305
0.203312
0.157454
0.0320077
0.0138769
0.301899
0.00582043
0.198004
0.250906
0.0233686
0.0221406
0.00289982
0.318374
0.0278094
0.269927
0.0508932
0.312402
0.159186
0.536406
0.00021857
0.382672
0.0241839
0.231083
0.247391
0.1232
0.0168891
0.102464
0.303699
0.417111
0.289607
0.363755
0.00135756
0.10971
0.0417944
0.178677
0.00180739
0.0773556
0.00285538
0.261735
0.0214822
3.80242e-05
0.0227534
0.00034816
0.309343
0.296659
0.142998
0.0086719
0.0921085
0.445654
0.458152
0.000533712
0.218684
0.0361176
0.0234915
0.395712
0.0153742
0.00223398
0.00582192
0.240904
0.632339
0.370138
0.0772572
0.268809
0.203662
0.000199882
0.400675
0.180989
0.00206347
0.000637293
0.0423144
0.000146243
0.00527853
0.186395
0.0592595
0.00689134
0.169904
0.163316
4.75551e-06
0.306301
0.341292
0.0145529
0.301462
0.287188
0.501937
0.238638
0.0100459
0.312253
0.00122185
0.0036343
0.0532807
0.373191
0.222768
0.42953
0.00580917
0.00738782
0.0205422
0.00103754
0.165157
0.0376601
0.197122
0.00636036
0.285002
0.0349454
0.000885138
0.16703
0.143563
0.00307739
0.000135662
0.165383
0.00664857
0.27318
0.00100824
0.104063
0.0384753
0.0817236
0.0424388
0.445741
0.153707
0.134849
0.161691
0.37953
0.117008
0.445187
0.0030608
0.0274258
0.440245
0.546246
0.016777
0.0239565
0.165355
0.184682
0.397095
0.0617495
0.0443321
0.0513238
0.00161184
0.0919773
0.188028
0.253797
0.0173423
0.149869
0.140869
0.00905798
0.0822781
0.0245782
0.00465746
0.0993336
0.50321
0.0159137
0.147088
0.0365928
0.309235
0.122839
0.0427208
0.232264
0.459213
0.141629
0.0156189
0.270761
0.279664
0.0385933
0.012914
0.277763
0.438597
0.262266
0.0506978
0.407784
0.00187698
0.00558189
0.0909927
0.0790635
0.0220502
0.123839
0.571265
0.263479
0.0643362
0.0718742
0.00934487
0.366605
0.329874
0.00715921
0.00929614
0.275744
0.0505872
0.0030012
0.502696
0.000111611
0.00300872
0.0361804
0.0528075
0.410472
0.483859
0.00229094
0.00108814
0.314036
0.534836
8.72923e-05
0.000749684
0.137901
0.000349945
0.351851
0.0678287
0.0258438
0.00176956
0.0811967
0.0692195
0.236713
0.296409
0.107408
0.000328292
0.00133567
0.376693
0.570822
0.0136544
0.631471
0.0814944
0.000839922
0.322704
0.00141507
0.00317031
0.0031265
0.00614678
0.251052
0.0799298
0.28103
0.0720223
0.0496733
0.00401298
3.85328e-05
0.544607
0.197906
0.0116826
0.00176982
0.127114
0.000312238
0.277629
0.00110764
0.0262935
0.193514
0.0271264
0.068981
0.0610875
0.0438699
0.00276511
0.307353
0.00143228
0.120028
0.237528
0.190501
0.204127
0.133779
0.00746046
0.00646808
0.150082
0.515512
0.00179207
0.0439015
0.0567831
0.00354811
0.279636
0.27669
0.073834
0.173401
0.103425
0.432609
0.000158721
0.763818
0.205484
0.474021
0.000229447
0.120749
0.0103065
0.00371031
0.00051144
0.0116841
0.107505
0.00750121
0.564381
0.0627162
0.00329927
0.184305
0.393374
0.0475043
0.010642
0.367472
0.486871
0.000658473
0.278702
0.185367
0.0185172
0.000224762
8.14857e-05
0.0150262
0.201381
0.33989
0.000239811
0.0120034
0.0554863
0.364596
0.158016
0.0621234
0.0033872
0.194609
0.000447537
0.111101
0.00278327
0.172242
0.172677
0.0103486
0.170037
0.0439854
0.0866264
0.465216
0.302611
0.0553829
0.107767
0.0138287
0.235025
0.160613
0.00204905
0.0856217
0.0914951
0.00267083
0.0096402
0.414756
0.020524
0.188467
0.539541
0.255696
0.0358229
0.675241
0.000202321
0.013518
0.272747
0.0870532
0.224766
0.521028
0.0379672
0.201135
0.444
0.0819536
0.0952285
0.346463
0.00128348
0.385951
0.269116
0.584362
0.0118764
0.138878
0.0871104
0.457405
0.298741
0.338937
0.457348
0.46575
0.12237
0.327805
0.242217
0.317906
0.237263
0.0500123
0.407302
0.17935
0.000948573
0.353032
0.00351544
0.553374
0.0425334
0.189737
0.00304117
0.102594
0.00120856
0.151351
0.250496
0.00061123
0.000282859
0.00313726
0.459164
0.00745086
0.339386
0.0855928
0.609693
0.337299
0.184589
0.115048
0.459775
0.530297
0.0209907
0.126884
0.362327
0.0108958
0.0485847
0.0922372
0.521748
0.136287
0.00715169
0.0137831
0.109212
0.356329
0.0442404
0.349394
0.0499408
0.535276
0.0148845
0.0200972
0.0930266
0.000177561
0.307568
0.00410125
0.336674
0.00220764
0.414277
0.197364
0.110001
0.0066585
0.195177
0.318975
0.0956113
0.651053
0.284305
0.064578
0.285578
0.02163
0.510834
0.0026999
0.11398
0.173219
0.00135664
0.00931777
0.00321357
0.00475323
0.413025
0.00229609
0.419964
0.258982
0.254636
0.196101
0.462557
0.202278
0.538748
0.000398343
0.060672
0.592158
0.433151
0.19928
4.07659e-05
0.315826
0.446782
0.0972606
0.000544484
0.45497
0.186725
0.00236015
0.47505
0.375763
0.599117
1.66191e-05
0.0409402
0.183965
0.0267951
0.239332
0.161609
0.286404
0.0125892
0.206879
0.205484
0.00421921
0.204724
0.201039
0.0154063
0.0406997
0.157245
0.0112026
0.368924
0.291023
0.229273
0.00254543
0.215593
0.0586541
0.072451
0.305291
0.166156
0.686668
0.00277984
0.0398429
0.146334
0.00442149
0.398602
0.147969
0.00873713
0.39965
0.0981383
0.124474
0.0360842
0.388289
0.0219401
0.268882
0.334639
8.46571e-05
0.68751
0.371672
0.234023
0.348584
0.0274189
0.238599
0.00136989
0.137382
0.0214556
0.0221515
0.00258487
0.17169
0.32633
0.0111466
0.0604482
0.00438281
0.154094
0.0186939
0.0602383
0.0151092
0.00726288
0.112321
0.329533
0.144428
0.217989
0.0466377
0.575956
0.389668
0.0424202
0.0010263
0.330367
0.488069
0.173255
0.0148272
0.0216816
0.000695945
0.0923282
0.514659
0.00395123
0.0146016
0.226374
0.34982
0.156581
0.0562361
3.93658e-05
0.376962
0.00026485
0.516343
0.514468
0.000746275
0.0054987
0.208797
0.44984
0.0518559
0.073517
0.00510663
0.0829877
0.00431998
0.0632311
0.00332872
0.485657
0.242916
0.000278332
0.00276824
0.00932148
7.45764e-05
0.558477
0.353022
0.270929
0.542136
0.217146
0.0190929
0.0147192
0.37609
0.00228042
0.0459755
0.331002
0.487481
0.018084
0.111609
0.000280324
0.170513
0.00241697
0.191528
4.66628e-05
0.00145143
0.529406
0.108611
0.247065
0.235619
0.404648
0.562155
0.00397663
0.462306
0.0731698
0.00172469
0.149662
0.0367804
0.0147544
0.00906029
0.00114268
0.0959537
0.409578
0.538822
1.12361e-06
0.708097
0.34591
2.81417e-05
0.00625014
0.000910089
0.318507
0.00164602
0.340863
0.622555
0.109423
0.0866176
0.189655
0.020641
0.236606
0.5007
0.487195
0.0123544
0.00627447
0.063431
0.198511
0.00325211
0.470781
0.0134989
0.15309
0.0881088
0.000291985
0.0017833
0.144109
0.0801825
0.107722
0.127533
0.330361
0.115798
0.116022
0.574731
0.214662
0.000838648
0.00175357
0.00361457
0.000384917
0.160278
0.00652838
0.0959537
0.103134
0.00479895
0.060335
0.167475
5.94051e-05
0.00903658
0.0636906
0.0738879
0.0937868
0.0937684
0.0952005
0.429976
0.297107
0.0750298
0.157558
0.106474
0.0664886
0.00246462
0.0125497
0.208576
0.295082
0.472026
0.112327
0.00501505
0.406353
0.0148202
0.357014
0.00236518
0.000113038
0.267138
0.38378
0.0054053
0.000471551
0.398265
0.00318098
0.628272
0.00843811
0.0360371
0.00103037
0.607076
0.0116396
0.244261
0.0236682
0.0258571
0.0317047
0.408433
0.0215526
0.00113527
0.119835
0.537765
0.270345
0.145391
9.60462e-05
0.00407652
4.39705e-05
0.708723
0.294236
0.300492
0.00704683
0.113839
0.295238
0.299093
0.752182
0.00255675
0.0191602
0.324354
0.738262
0.00785016
0.0214927
0.0169517
0.00615091
0.121145
0.00146768
0.407006
0.155085
0.253836
0.308159
0.00476766
0.144657
0.378875
0.326455
0.0219304
0.0189292
0.0073983
0.196183
0.0100662
0.456117
0.00670865
0.0567396
0.167836
0.0211522
0.337578
0.0111686
0.542922
0.00271131
0.0541734
0.222434
0.177886
0.0180812
0.167277
0.232896
0.114165
0.00836695
0.15301
0.00629296
0.172163
0.540293
0.0718484
0.00358729
0.433445
0.0446921
0.000150797
0.0602902
0.66336
0.00050624
0.00222107
0.213141
0.0022355
0.112456
0.158207
0.00580802
0.430998
0.351252
0.0758309
0.00564458
0.105209
0.0487362
0.0885473
0.407292
0.0179234
0.323771
0.000535959
0.205067
0.010508
0.000113477
0.0297614
0.0207207
0.173201
0.222206
0.279566
0.000169183
0.00322445
0.0363308
0.0133431
0.391524
0.000933165
0.00496925
0.000814557
0.0244597
0.0726607
0.0998413
0.451234
0.525984
0.0105082
0.00132696
0.342781
0.198831
0.00101322
0.246951
0.0311187
0.000133354
0.618751
0.131648
0.0708235
0.0286087
0.0211334
0.0562015
0.0940769
0.0668329
0.000304532
0.0482703
0.121687
0.00171513
0.000806001
0.0469945
0.192292
0.00101306
0.329655
0.0533089
0.0504194
0.259384
0.26131
0.0801906
0.0216608
0.00678636
0.264074
0.00051266
0.332368
0.00240478
0.545384
0.0675333
0.0242113
0.00152412
0.000641585
0.259054
0.641986
0.0697353
0.000789384
0.305527
0.00416914
0.0136551
0.0127859
0.0677487
0.00929782
0.226779
0.0218917
0.0464805
0.00605772
0.0620059
8.40303e-05
3.75826e-05
0.205706
0.244926
0.518645
0.0302345
0.335273
0.00661555
0.0324496
0.022039
0.00425115
0.281282
0.137207
0.0701447
0.00232567
0.0238818
0.00283338
0.0185275
0.678121
0.616777
0.235698
0.00180835
0.0506775
0.185591
0.131565
0.0591583
0.12319
0.510773
0.0494091
0.108588
0.0700252
0.406254
0.0324503
0.0960803
0.00566585
0.0917216
0.275488
0.207233
0.00306186
0.212587
0.620593
0.0455091
0.0670236
0.512541
0.399238
0.754698
0.280474
0.000783536
0.283608
0.0664187
0.00756643
0.160054
0.327501
0.000920944
0.00427008
1.97186e-05
0.0122986
0.0342191
0.543043
0.0457977
0.309423
0.000446778
9.69419e-07
9.96734e-05
0.0701802
0.255558
0.0885477
0.0199656
0.376464
0.525849
0.191878
0.457185
0.609915
0.273481
0.25897
0.272278
0.0469231
0.000448352
0.419571
0.000543391
0.177967
0.00271812
0.404732
0.173184
0.0316124
0.622389
0.0181981
0.0460099
0.0032846
0.000180762
0.0431164
0.232744
0.00278352
0.0061833
0.445213
0.00010302
0.0172596
2.19991e-05
0.495822
0.000476064
0.349378
0.309529
0.155835
0.000195157
0.0253228
0.00234308
0.0631145
0.0078969
0.00236716
0.0164564
0.000589708
0.0682158
0.00123609
7.61836e-05
0.00205991
0.248245
0.0334393
0.00110746
0.00949714
0.0142369
0.071516
0.0259094
0.00376854
3.53505e-05
0.0124459
0.0163704
0.273211
0.181686
0.0428529
0.0271719
3.44183e-05
0.422046
0.031855
0.409759
0.146666
0.000281203
0.0275622
0.312259
0.0305426
0.00514054
0.197942
0.000757003
0.157175
0.00148759
0.368525
0.00189055
0.269698
0.192075
0.201454
0.0788966
0.0022792
0.00054587
0.306331
0.597534
0.00149378
0.00352054
0.428009
2.84464e-06
0.0133958
0.0829988
0.279332
0.00201748
0.0632001
0.0640649
0.000149321
0.355545
0.352253
0.00416716
0.185989
0.00474329
0.0476898
0.233478
0.0223808
0.0659548
0.195168
0.142984
0.000326083
0.237039
0.000716096
0.00131401
0.546006
0.0932661
0.0420009
0.044933
0.0211047
0.399365
0.424375
0.230123
0.220696
0.0317212
0.433254
0.0580598
3.78643e-05
0.00914657
0.00928098
0.000283216
0.133025
0.223693
0.351689
0.00067769
0.489414
0.0718788
0.167979
0.52484
8.02203e-05
0.000415727
0.019975
0.0201851
0.18799
0.157576
0.24897
0.0612339
0.0857201
0.0460682
2.96674e-05
0.629741
0.264675
0.0728453
0.282204
0.1243
0.358074
0.00231147
0.0452327
0.067848
0.0104572
0.0952938
0.0482566
0.509012
0.000792424
0.417276
0.0543216
0.0263579
0.291428
0.0138938
0.377055
0.6368
0.16529
0.0107198
0.295834
0.306325
0.152432
0.0169307
6.37989e-05
0.00758286
0.060319
0.300679
0.145617
0.0124328
0.0076492
0.552206
0.00394282
0.00967368
0.199912
0.0971105
0.228042
0.010733
0.0154298
0.335561
0.00879218
0.199956
0.074018
0.487642
0.121838
0.035897
0.000109619
5.52688e-06
0.301064
0.312911
0.0848046
0.176817
0.400716
0.000392615
0.180143
0.257182
0.0817985
0.00119072
0.00165978
0.104886
6.95999e-05
0.00075489
0.0433701
0.000238694
0.00103009
0.130583
0.0307723
0.029539
0.262423
0.0630433
0.0122708
0.0250783
0.000518892
0.0232524
0.00772408
0.0625589
0.000600841
0.470194
0.53366
0.0664362
0.054572
0.0204333
0.000233314
0.00287402
0.454527
0.314383
0.456597
0.00201049
0.0255496
1.68475e-05
0.0228263
0.0818337
0.00129517
0.0295347
0.0121005
0.308594
0.0069758
0.326235
0.654351
0.0113159
0.307169
0.0054373
0.00710232
0.088208
0.102034
1.44862e-05
0.0373326
0.0220416
0.116784
9.81059e-06
0.0266624
0.00278079
6.78846e-05
0.232114
0.00321907
0.00174079
0.0617043
0.225553
0.00140142
0.221674
0.717646
0.000627471
0.337437
0.00035307
0.412925
0.0908239
0.000191818
0.0105708
0.131989
0.0471576
0.446559
0.0385853
0.00682105
0.0110592
0.657709
0.000158302
0.00326995
0.0624351
0.123345
0.0338191
0.00330219
0.0510064
0.000150467
0.0385017
0.000758429
0.0350602
0.416287
0.110167
0.00755999
0.00678442
0.000271458
0.0155171
0.0618404
0.0373043
0.0338722
0.157181
0.326537
0.0366916
0.115402
0.000721439
0.212618
0.321923
0.155167
0.00353365
0.00256309
0.348004
0.00126729
0.23085
0.415516
0.0202447
0.00378005
0.00938695
0.648755
0.0299799
0.0108232
0.00253097
0.00886033
0.281813
0.000928112
0.000270531
0.0265567
0.000175882
0.489328
0.541221
0.0160961
0.000393746
0.00719533
0.0350306
0.091557
0.555465
0.0476695
0.209431
0.00472479
2.1014e-05
0.0263912
0.18499
0.139317
0.000160256
0.0668021
0.0414519
0.0989658
0.250283
0.176557
0.01973
0.0134849
0.670576
0.24016
0.000552395
0.408478
0.0196577
0.0586876
0.201677
0.00712511
0.619326
0.610807
0.064292
0.163624
0.0760986
0.164353
0.000195677
0.0327643
0.0314644
0.015424
4.04004e-05
0.148139
0.260201
0.0938118
0.043371
0.0249492
0.0121055
0.0315068
0.00338047
0.183374
0.454052
0.307722
0.0850361
0.41978
0.0599506
0.00212433
8.46679e-05
0.35729
0.691042
0.243316
3.75775e-05
0.0753536
0.044891
0.0116507
0.0182599
0.000971352
0.00017048
0.0997631
0.000435325
0.74429
0.193856
0.533698
1.31505e-06
5.43365e-05
0.133847
0.187858
0.261966
0.0947335
0.0667226
0.00123813
0.245791
0.250055
0.191139
0.141061
0.576592
0.152712
0.0889375
0.114315
0.00850384
0.572935
0.14575
0.0547524
0.0227862
0.328159
0.301074
0.334934
0.50913
0.00156483
0.363233
0.0347772
5.47459e-05
0.093823
0.0967861
0.458556
7.39673e-07
0.203318
0.0376117
0.139707
0.0239375
0.131636
0.0778786
0.00986656
0.28236
0.283006
1.39363e-05
0.0500097
0.00174409
0.00481907
0.496828
0.0553034
0.00880249
0.164707
0.0506239
0.0124133
0.294118
0.287517
0.000264534
0.0649655
0.14196
0.178816
0.00500443
0.118465
0.00934803
0.272137
0.316921
0.00655511
0.103712
0.472051
0.00801168
0.00209096
0.344108
0.479942
0.0691229
0.0663024
0.185795
0.378508
0.154952
0.228257
0.0482341
0.486736
0.000322641
0.471496
0.00944405
0.0312342
0.00171116
0.0994575
0.00862396
0.0534817
0.0662775
0.255075
0.173926
0.349977
3.34868e-06
0.563646
6.27348e-05
0.00191529
0.0102707
0.249076
0.353198
0.385516
0.223145
0.0135326
0.00274154
0.333801
0.0318545
0.299113
0.0022564
0.410475
0.013926
0.000276371
0.499482
0.00137264
0.014689
3.4304e-05
0.257927
0.0545009
0.48432
0.454523
0.122553
0.319638
0.0400151
0.0485193
0.00163638
0.000476742
0.0553624
0.481487
0.000469552
0.485304
0.0801438
0.0130398
0.0370664
0.000152517
0.0136706
0.00132351
0.0258561
0.00146851
0.31513
0.287377
0.34144
0.234881
0.00788083
0.256193
0.0868636
0.0395788
0.0343276
0.00127231
0.232695
0.0526529
0.142759
0.285263
0.0320519
0.34188
0.0126819
0.000895419
0.0224785
0.0838475
0.307856
0.365773
0.00166388
0.00291023
0.335894
0.504768
0.437477
0.000746004
0.197479
0.0935571
0.0421939
0.642715
0.0233331
0.0164407
0.315982
0.00691549
0.327147
0.132077
0.0236151
0.139117
0.0119801
0.0190308
0.723148
0.0128158
0.25579
0.00179941
0.0334309
0.000615857
0.00828471
0.164994
0.0206815
0.0332796
0.128191
0.332386
0.131327
0.00434084
0.0666035
0.208911
0.000815785
0.0277443
0.32472
0.00221915
0.00572208
0.558648
0.00106561
0.290258
0.599203
0.000988585
0.421888
0.235438
0.340774
0.00953714
0.166145
0.158261
0.322433
0.00507859
0.000724464
0.00109672
0.230077
0.00830209
0.234241
0.0709154
0.00307625
0.00317814
0.0527334
0.00159443
0.0194857
0.0686051
0.143216
0.00117177
0.00194532
0.418448
0.0942734
0.386697
0.0672716
0.120666
0.359563
0.00587887
0.00102063
0.237474
0.753215
0.337243
0.219369
0.061627
0.0235428
0.000422006
0.0183827
0.000478415
0.642447
0.297399
0.0034861
0.000995221
0.475499
0.101012
0.185638
0.249581
2.3736e-05
0.010385
0.0862395
0.00013245
0.296119
0.0581594
0.226153
0.0119642
0.462252
0.685964
0.308751
0.00180421
0.000393213
0.0396308
0.000228034
0.00496442
0.588488
0.193365
0.591454
0.0249261
0.0738009
0.604039
0.000267513
0.0077791
0.409506
0.286218
0.316026
0.00570363
0.233058
0.10988
0.302623
0.0865686
0.15992
0.0857275
0.3412
0.0212688
0.382752
0.00748457
8.20789e-05
0.125646
0.0262552
0.480845
0.143288
0.283292
0.272154
0.280025
0.332063
0.629141
0.124834
0.00127359
0.0105225
0.486395
0.0907423
0.000208715
0.00856148
0.00534537
0.0031072
0.0105242
8.20513e-05
0.574061
0.18041
0.000446535
0.31288
0.000282876
5.33134e-06
0.0012384
0.324931
0.0450681
0.0194965
0.0153386
0.00677537
0.0710212
0.0249895
0.00452817
0.280329
0.445589
3.32686e-05
0.44677
0.0105128
0.268297
0.133269
0.251998
0.587078
0.249411
0.166763
0.000946831
0.21715
0.262621
0.176153
0.000841469
0.258707
0.0224699
0.00173724
0.00666145
0.00221253
0.0899287
0.341956
0.3838
0.0274695
0.00491123
0.0237035
2.54252e-06
0.357325
0.301703
0.0860647
0.582408
0.613298
0.140045
0.476431
0.00789766
0.305164
0.0130014
0.0252396
0.00347166
0.0792632
0.0161205
0.000143673
0.000451666
0.445443
0.0272786
0.000147173
0.0208614
0.560359
0.00462362
0.0119926
0.611668
0.880351
0.000216462
0.528238
0.000683194
0.510373
0.344423
0.609784
0.0644121
0.00651426
0.239691
0.0094196
0.462812
0.0970092
0.0171993
0.399106
0.00274027
0.7425
0.0720568
0.0350009
0.00660174
0.117484
0.343775
0.00752538
0.000224848
0.0613305
0.00596575
0.032483
0.00229118
0.2533
0.00584943
0.131834
0.587952
0.172124
0.00138282
0.44271
0.00386692
0.0655121
0.38677
0.355427
0.170748
0.0196621
0.218571
0.107357
0.00134186
0.000675998
0.0430053
0.000910389
0.275286
0.224639
0.360052
0.0216013
0.019153
0.391648
0.327161
0.649744
0.0662283
0.577552
0.194326
0.103223
0.00994726
0.0107399
0.00070934
0.00582174
0.325149
0.102355
0.00329564
0.512039
0.0137868
5.93873e-08
0.00187982
0.236016
0.139048
0.0555135
0.133547
8.23345e-05
0.0452776
0.4187
0.00347079
0.257401
0.487228
0.221375
0.360381
0.564678
0.0505329
0.145262
0.0351222
0.519957
5.62161e-06
0.353616
0.208928
0.363947
0.0044745
0.00715783
0.264141
0.635976
0.456909
0.0717559
0.334364
0.295342
0.326143
0.175156
0.278232
0.313415
0.304948
0.0604469
0.493649
0.379736
0.134209
0.00539348
0.0222249
6.70629e-05
0.162032
0.0173186
0.0465856
0.424632
0.257744
0.0651752
0.527604
0.115945
0.00875585
0.0263207
0.337143
0.228333
0.445936
0.360426
0.0474075
0.318512
0.00865055
0.110207
0.206355
0.0276455
0.244071
0.239555
0.00307766
0.0371892
1.95164e-05
0.00884639
0.489048
0.00182758
0.00347908
0.0071737
0.345192
0.123961
0.0800786
0.523311
0.217443
0.0282303
0.123806
0.00527282
0.0686845
0.477687
0.519472
0.475704
0.00100891
0.00784798
0.0146629
0.352051
4.90383e-05
0.0377732
1.09119e-05
0.00712054
0.20813
0.531126
0.113221
0.08018
0.125851
0.7794
0.252522
0.00840082
0.0931012
0.0250835
0.00517043
0.0267983
0.0123084
0.542392
0.0186302
0.402805
0.260541
0.175679
0.138797
0.299733
0.443901
0.0774267
0.462937
0.276358
0.0825946
0.110801
0.000769123
0.101682
0.000354967
0.177977
0.000244355
0.0344461
0.41108
0.14615
0.00346904
0.475397
0.00839923
0.000755653
0.322716
0.167787
0.125577
0.0220642
0.0542058
0.000813297
0.305498
3.09582e-05
0.0426203
0.235948
0.00578364
0.000309812
0.112195
0.124059
0.447944
0.000319303
0.453522
0.0172763
0.288499
0.103273
0.00133193
0.0415577
5.17708e-06
0.0946843
0.286886
0.0127878
0.00326319
0.0544543
0.0100869
0.117136
0.128329
0.490436
0.684429
0.0132015
0.329085
0.0844931
0.00142074
0.423464
0.0712545
0.00299718
0.00149206
0.000307929
0.0921705
0.150639
0.194845
0.0717774
0.239786
0.111711
0.0468261
0.0556789
0.392194
0.0306896
0.288712
0.0253328
0.16237
0.197954
0.000833766
0.530894
8.19355e-05
0.0592085
0.403448
0.428903
0.504261
0.00238462
0.0302187
0.634009
0.0470537
0.0701379
0.399343
0.600388
0.0457889
0.0119756
0.402932
0.0120537
0.296209
0.338459
0.00153089
0.0064388
0.00855932
0.127523
0.00145456
0.040168
0.130401
0.00697603
0.133024
0.00675596
0.0818578
0.0142235
0.272752
0.216957
0.0852005
2.85925e-05
0.000974237
0.12597
0.00468711
0.5208
0.0027362
0.446568
0.000895421
0.313976
0.00611197
0.304065
0.0337595
1.87624e-05
0.145429
0.652546
0.421154
0.0334144
0.0686997
0.283793
0.265122
0.021391
0.0203121
0.602516
0.296793
0.184243
0.0847115
0.0468187
0.0727805
0.11566
0.375795
0.0102332
0.264526
0.451779
0.000134438
0.199423
0.255198
0.181735
0.216775
0.100198
0.295436
0.0255176
0.193386
0.48611
0.256372
0.300469
8.43989e-05
0.118034
0.235952
0.142402
0.00179976
0.219546
0.00261148
0.392505
0.494506
0.0665025
0.0315645
0.20872
0.00158668
0.00052445
0.295695
0.201275
0.0841215
0.285173
0.0661322
0.0153531
0.00243981
0.149594
0.687344
0.183937
0.0701069
0.151131
0.283224
0.182735
0.00140169
0.142823
0.0172332
0.420028
0.00129949
0.127027
0.0782346
0.00956692
0.148777
0.01758
0.077541
0.62305
0.255821
0.337537
0.106622
0.441136
0.478256
0.163728
0.333192
0.304289
0.0146823
0.528742
0.201412
0.463608
0.0191484
0.124558
0.0463274
0.0805626
0.226026
0.00556299
0.601718
0.296211
9.16103e-05
0.450175
0.284913
0.089761
0.192718
0.299963
0.0263387
0.0170677
1.67427e-05
0.151073
0.0135008
0.329021
0.0119718
0.330693
0.683974
0.128504
0.0273266
0.0458783
0.0137321
0.317962
0.0110982
0.432582
0.175395
0.0288036
0.262118
0.000723751
0.134814
0.173708
0.0519083
0.780832
0.118125
0.579711
0.000179028
0.0002883
0.0135067
0.311367
0.157303
0.00444459
0.140577
0.409462
0.0368893
0.0504072
0.541385
0.438204
0.216458
0.1109
0.467562
0.0236419
0.0101682
0.00177174
0.538341
0.0212464
0.0381498
0.62458
0.0672676
0.0231476
0.201146
0.103058
0.0202806
0.436623
0.0357985
0.181812
0.237649
0.236391
0.0725546
0.0616205
0.217577
0.0132529
0.012157
0.542995
0.0709384
0.0429809
0.327358
0.00247206
0.300074
0.0120073
0.570506
0.190224
0.000440459
0.212067
0.0219732
0.0170783
0.000211259
0.116255
0.171666
0.0653892
0.000149994
0.174605
0.204942
0.00109544
0.105902
0.247497
0.000732735
0.382585
0.00130434
0.0396742
0.0121062
0.0211113
0.0360776
0.018953
0.162487
0.523054
0.0642854
0.0418611
0.0461909
0.0697717
0.103233
0.245361
0.2182
0.341002
0.0122602
0.00195905
0.302686
0.55575
0.407045
0.204218
0.00511609
0.252446
0.0142632
0.0115198
0.534778
0.492168
0.0318484
0.00204372
0.416639
0.0296352
0.362101
0.305804
0.433225
0.00842078
0.00306589
0.265192
0.00111464
0.458046
0.483828
0.000150136
0.202355
0.0242766
0.325018
0.392466
0.132112
0.222862
0.321429
0.052626
0.370469
0.0505021
0.421773
0.000997887
0.0103181
0.000106911
0.00247405
0.00768328
0.330124
0.00291052
0.0163603
0.545724
0.174651
1.08688e-05
0.12991
0.534599
0.430957
0.0401133
0.335399
0.431197
0.302677
0.668934
0.648272
0.011619
0.580619
0.000436622
0.397955
0.191484
0.077557
0.0160656
0.00129286
0.46531
0.302505
0.417631
0.00132821
0.0799671
0.00207436
0.0018536
0.0118355
0.0451903
0.00346295
0.126453
0.18172
0.000152203
0.367853
0.595441
0.114269
0.452751
0.00619775
0.0360425
0.5384
0.0142492
0.702186
0.0139088
0.071137
0.00085144
0.525563
0.324937
0.39771
0.0503394
0.00162865
0.0739476
0.216453
0.17078
0.212997
0.582601
0.507264
0.00338068
0.0709704
0.220116
9.58209e-05
9.12336e-06
0.238985
0.0745828
0.0733993
0.0259137
0.0482755
0.408459
0.00209805
0.0123718
0.0978993
0.0968286
0.168764
0.0487981
0.0731516
0.0128884
1.07918e-05
0.00307634
0.0944521
0.349146
0.03924
0.213873
0.000926015
0.0079988
0.0707967
0.507244
0.415189
0.0253037
0.416422
0.579173
0.10866
0.00018376
0.0882662
0.313544
0.153776
4.60624e-05
0.266242
0.118565
1.81886e-05
0.180613
0.300365
0.00194099
0.0018633
0.685451
0.00134075
0.446692
0.335124
0.441136
0.206598
0.0271736
0.186686
0.000121081
0.296529
0.213955
0.0784594
0.118261
0.0193871
0.232062
0.0602655
0.000220271
7.48973e-05
0.0053214
0.00292807
0.128551
0.00417801
0.0944537
0.0302499
0.124666
0.00635405
0.405878
0.058115
0.267802
0.304197
0.0393141
0.19329
0.00208354
9.93105e-05
0.0549534
0.0186304
0.00575446
0.000874575
0.00173875
0.113097
0.312646
0.000306226
0.000138714
0.00341139
0.360794
0.311605
0.425305
0.32763
0.00610511
0.13696
0.000243171
0.146019
0.00123898
0.25351
0.00338425
0.00954534
0.311934
0.00504228
0.593694
7.44228e-07
0.00668005
0.503298
0.340999
0.0256123
0.00119025
0.583831
0.17889
0.233524
0.0566142
0.288051
0.0200479
0.373273
0.139343
1.01469e-05
0.008451
0.19538
0.0321086
0.108907
0.0240649
0.00417092
0.287594
0.00156522
0.120754
0.0489823
0.036795
0.311129
0.267431
0.258052
0.393401
0.169112
0.0643456
0.275796
0.0179045
0.00917431
0.0594459
0.2628
0.0305489
5.23845e-05
0.0765745
0.112843
0.839339
0.189985
0.123785
9.04295e-07
0.1958
0.483765
0.240429
0.00500993
0.0097709
0.0592652
0.14674
0.0718175
0.0331643
0.288541
0.102407
0.108708
0.00713599
0.00122168
0.000154821
0.187485
0.00392147
0.039332
3.91799e-06
0.00422056
0.508433
0.0489702
3.71853e-05
0.343026
1.70409e-05
0.0110655
0.678709
0.040554
0.00593212
0.131305
0.667095
0.0436472
0.17811
0.0419727
0.311305
0.0330927
0.173514
0.159772
0.0442353
0.0250599
2.48061e-05
0.0523838
0.0785474
0.0120899
0.180185
0.0326648
0.150207
0.0545209
0.156908
0.0257782
0.0914675
0.00956369
0.106445
0.446298
0.339054
0.292699
0.189287
0.144016
0.0464347
0.130423
0.107659
0.111157
0.319691
0.176663
0.300381
0.163508
0.000658695
0.394102
0.00480339
0.00104219
0.00607526
0.492049
0.210338
0.0884849
0.371599
0.000157205
0.0624132
0.0478428
0.00116439
0.108729
0.137223
0.217345
0.0154021
0.21667
0.0194122
0.0184544
0.00111614
0.000941138
0.0679055
0.703396
0.274696
0.307093
0.431564
0.0459302
0.186113
0.124666
0.00188657
0.460375
0.00868216
0.0273503
0.243993
0.00554619
0.142842
0.0235464
0.038177
0.00653086
0.308875
0.0750443
0.00217067
0.261231
5.14052e-05
0.0160326
0.540366
0.311217
0.0456274
0.000159732
0.658981
0.440582
0.00302612
0.189121
0.0440456
0.420572
0.0114228
0.0349602
0.121726
0.000108119
0.262232
0.391449
0.0131265
0.436816
0.155495
0.625347
0.00855631
0.0715928
0.0226737
1.67503e-07
0.00110416
0.0422586
0.268268
0.000124095
0.0799379
0.00221594
0.0629131
0.02804
0.496995
0.00132731
0.0254383
0.0104001
0.000631758
0.000775222
0.34211
0.318754
0.0260421
0.0139048
0.00857288
0.0240733
0.392087
0.0766246
0.00326972
0.0749375
0.110584
0.580296
6.42616e-05
0.333956
0.28414
0.00141749
0.470099
0.382749
0.0384041
0.301129
3.56183e-06
0.128622
0.00686986
0.469507
0.0351036
0.0267138
0.0061114
0.292555
0.00116339
0.000119849
0.280754
0.301582
0.453761
0.000622606
0.0605348
0.0637075
0.00714703
0.0334277
0.0025445
0.130209
0.366865
0.000969711
0.000469541
0.381265
0.324892
0.00170565
0.00608322
5.12076e-05
0.0011426
0.117642
0.634561
0.0249952
0.0892393
8.56277e-05
2.93471e-05
0.00253427
0.00022203
0.000434086
0.319206
0.0609721
0.117257
0.0525797
0.00863815
0.30894
0.419365
0.353963
0.0609157
0.00849875
0.26778
0.1347
0.0306056
0.0215188
0.317979
4.03759e-06
0.0125831
0.318218
9.54616e-05
0.00701449
0.160534
0.00432155
0.176213
0.265181
0.444883
0.237741
0.00459333
0.00626219
0.00977308
0.00301903
0.0262482
0.00668152
0.52529
0.203931
0.0183015
0.00299691
0.146116
0.310296
0.454307
0.328915
0.16284
0.531791
0.326509
0.304543
0.287103
0.162224
0.340412
0.154673
0.00852678
0.0319906
0.030746
0.018007
0.000937271
0.707496
0.02837
0.00694422
0.00748954
0.0944639
0.00663959
0.00126425
0.00211448
0.00227707
0.193262
2.36419e-05
0.581184
0.000148585
0.189621
0.64505
0.284223
0.0823732
0.237976
0.202242
6.75802e-05
0.00404583
0.00275662
0.12065
0.0193157
1.31074e-05
0.145939
0.0221339
0.0167903
0.000983651
0.0010389
0.415063
0.313503
0.406841
0.00211532
0.289975
0.0131383
0.0392692
0.435484
0.0181803
0.146078
0.243778
0.219691
0.000469581
0.0476304
0.122854
0.615113
0.00406352
0.00102619
0.00258481
0.0355729
0.00361646
0.175582
0.00554906
0.00179635
0.334277
0.25549
0.0715866
0.518359
0.0123059
0.037714
0.0194841
0.0762278
0.00112948
0.278053
0.268426
0.645765
0.0167209
0.00845574
0.638861
0.00142413
0.00682099
0.123328
0.000417276
0.0342
0.041167
0.000209634
0.0195056
0.130123
0.395966
0.550527
0.421022
0.00733943
0.0368257
0.000247745
0.147389
0.0209394
0.000123548
0.0171792
0.423088
0.0306274
0.429474
0.00941842
0.105662
0.104886
0.156904
1.93618e-05
0.0031434
0.0445581
0.214999
0.000146909
0.099432
0.0957034
0.00219852
0.00090701
0.0355934
0.683938
0.128394
0.289492
0.235279
0.0154401
0.00106162
0.172562
0.396252
0.192138
0.301008
0.247823
0.259543
0.0857958
0.499483
0.0850288
0.00982416
0.231067
0.302292
0.383712
0.350183
0.00962527
0.074816
0.00635899
0.0379964
0.0242035
0.00100601
0.0236089
0.491573
0.502713
0.00787374
0.152802
0.000105241
0.0139809
0.28789
0.136063
0.209074
0.00840553
0.00073809
0.00305091
0.19757
0.0109871
0.286988
0.417387
0.414987
0.00321708
0.0489669
0.0200765
0.0121302
0.0045109
0.000241442
0.0968724
0.152668
0.111123
0.000651316
0.00309182
0.0230722
0.443755
5.02939e-05
0.0283732
0.155816
0.360314
0.00811831
0.0678949
0.0262041
0.0624764
0.0254387
0.019344
0.000270602
4.68558e-05
0.288306
6.06852e-05
0.00109816
0.34116
0.58945
0.00406367
0.538948
0.160847
0.0121681
0.00120646
0.371132
0.109373
0.134811
0.00467773
0.234363
0.603119
0.0418452
0.585588
0.507917
0.4985
0.0397008
0.109064
0.512306
0.256171
0.256997
0.544421
0.552278
0.0849517
0.053571
0.00341535
0.476528
0.125825
0.304356
0.00243917
0.616864
0.000169879
0.0593597
0.140513
0.105096
0.381779
0.0153658
0.291982
0.145924
0.195938
0.00694567
0.0239468
0.0301165
0.00200921
0.17975
0.356167
0.229009
0.236389
0.19365
0.375682
0.41534
0.00465186
0.596211
0.557908
0.00929093
0.000157937
0.525297
0.0515142
0.0349357
0.00577324
0.00331269
0.0112426
0.000334175
0.00169856
0.0512794
0.00662921
0.00299906
0.00762498
0.2246
0.0121404
0.276266
0.182136
0.000593899
0.0478309
0.0725992
0.595595
0.011357
0.347744
0.271832
0.0625589
0.00465201
0.0168129
0.0801266
0.421748
0.0193163
0.00346747
0.200077
0.0152215
0.16604
0.00879026
0.259003
0.62679
0.339476
0.189069
0.0727145
0.00458759
0.0709679
0.0215356
0.321423
0.338638
0.372383
4.81838e-05
0.0936108
0.170762
7.63623e-06
0.0826406
0.00679981
0.578315
0.00986527
0.000340976
0.0268959
0.00710053
0.565807
0.569265
0.172553
0.0100271
0.0216226
0.0370741
0.122297
0.185056
0.334376
0.0227664
4.87246e-05
0.254004
0.0301486
0.00119826
0.00586805
0.0209784
0.0536761
0.0209978
0.0004661
0.0535006
0.00161952
0.181906
0.0436093
0.0323303
0.635391
0.000211246
0.0534779
0.000563899
0.287639
0.250178
0.301128
0.0143267
0.151308
0.317056
0.0291164
0.388672
0.0632431
2.13243e-05
0.00185913
0.00221219
0.265794
0.000356561
0.292368
0.00781803
0.0752086
8.66502e-06
0.327487
0.151977
6.72421e-05
0.40829
0.0186646
0.371027
0.144241
0.00136544
0.00021081
0.00082186
0.0425819
0.263751
0.0239677
0.249008
0.0648816
0.00558084
0.00672747
0.444289
0.00957467
0.000293924
0.157913
0.28112
0.181301
0.000253456
0.0959158
0.000869657
0.0261092
0.000222181
0.219421
0.0604789
0.101713
0.233086
0.471313
0.757683
0.474016
0.263049
0.279662
6.71435e-05
6.07149e-05
0.598412
0.00735527
5.49943e-05
0.124911
0.0119826
0.0107412
6.60457e-07
0.000449959
0.145127
0.128965
0.683467
0.000268144
0.0800648
0.0993715
0.0157448
0.100759
4.17887e-06
0.184294
0.283819
0.28159
0.00129155
0.235802
0.00117987
0.292765
0.292855
0.0169685
0.012678
0.00944798
0.366119
0.150347
0.0180712
0.125409
0.100695
6.62414e-05
0.643862
0.455303
0.402201
0.00155971
0.00871743
0.004794
0.317934
0.196287
0.0119165
2.24384e-05
0.315901
0.144476
0.0352923
0.00382216
0.00377269
0.00728761
0.000135848
0.00519316
0.121223
0.357788
0.42345
0.000740548
0.22564
0.0156962
0.00109113
0.0564324
0.000685794
0.0685246
3.53089e-06
0.392367
0.325026
0.0211886
0.306757
0.0331619
0.000144618
0.189682
0.0117927
0.678507
0.00123397
0.230431
0.143546
0.253756
0.0347712
0.0096154
0.169714
0.676
0.13829
0.499235
0.361232
0.016727
0.00201772
0.0130151
0.00224043
0.29031
0.00196745
0.350649
0.000972226
0.0186482
0.517751
0.428344
0.019867
0.212863
0.0105041
0.787085
0.302026
0.00165238
0.00839168
0.000881055
0.000162581
0.300619
0.488744
0.0183851
0.0211925
3.33316e-06
0.487131
0.441287
0.194332
0.159907
0.0092056
0.317419
0.000654583
0.429244
0.0208188
0.154334
0.333751
0.0199168
0.000347092
0.237684
0.486452
0.0773382
0.251436
0.0639365
0.439921
0.0356035
0.337246
0.0472928
0.0168756
0.120398
0.0014763
0.545992
0.268974
0.0166764
0.446094
0.0901831
0.0370508
0.264758
0.484206
0.306197
0.00472284
0.379731
0.0545574
0.0330542
0.401837
0.00207516
0.0239768
0.00132422
0.0172536
0.000628191
0.13526
0.0900323
0.00905188
0.323949
0.0028688
8.96949e-05
0.0376107
0.00557498
0.17791
0.0287162
0.248161
0.0016189
0.55331
0.00735846
0.00375782
0.324556
0.0842413
0.00930483
0.00101429
0.00818611
0.026664
0.215027
0.275835
0.359555
0.00353046
0.21612
0.407073
0.178829
0.312165
0.0965405
0.171439
0.320668
0.000503358
0.00596863
0.0171778
0.294759
0.000493071
0.612699
0.00287543
0.000163252
0.347139
0.0176316
0.0647685
0.0438896
0.242184
0.19483
0.539934
0.007732
0.119489
0.00312604
1.18713e-06
0.305536
0.0764597
0.297135
0.272616
3.95095e-05
0.670614
0.025728
0.169816
0.180061
0.124986
0.286834
6.01569e-05
0.561907
0.00562599
0.0770113
0.0157104
0.370012
0.051927
0.282438
0.170871
0.0104427
0.0274518
0.038194
0.141354
0.0422665
0.157771
0.306037
0.036848
7.5276e-05
0.307682
0.036581
0.0103159
0.0570013
0.0152515
0.20479
0.00480159
0.107993
0.21511
0.458609
0.00352457
0.110051
0.0185653
0.313935
0.589998
0.674228
0.0288897
0.0220791
0.628939
0.216258
0.294449
0.000595146
0.478365
0.213252
0.062768
0.265212
0.0181139
0.0124096
0.169504
0.322235
0.491884
0.00126192
0.00362899
0.13555
0.268914
0.64553
0.439125
0.0196595
0.00116715
0.00738632
0.192259
0.00166926
0.00713998
0.0483648
0.162051
0.0163614
0.00015334
0.467278
0.0475308
0.103954
0.0889492
0.000394831
0.0878742
0.000142547
0.0608428
0.0656715
0.00356375
0.440408
0.431531
0.448472
0.00935031
0.0411839
0.00588507
0.000524344
0.0144139
0.00438162
0.124371
0.621571
0.225568
0.293282
0.000475638
0.0814003
0.0171769
0.0013618
0.536607
0.354696
0.102674
0.165229
0.0154731
0.625367
0.683851
0.0974971
0.361977
0.00771879
0.530769
0.0357809
0.381138
0.0060875
0.171932
0.484346
0.0348124
0.000602573
0.0158587
0.00152603
0.00509666
0.000179692
0.22465
0.00172541
0.182875
0.482009
0.00292423
0.0975706
0.00924425
0.499604
0.00755225
0.44114
0.119115
0.0365543
0.000423276
0.118817
0.0257065
9.66561e-05
0.0559229
0.625117
0.139085
0.00256783
0.00678467
0.529467
0.452688
0.126268
0.334775
0.239187
0.0055775
0.273277
0.0779376
0.617361
0.000844849
0.000176673
0.323063
0.00735278
0.0435242
0.00189808
0.0384497
0.00895261
0.0500631
0.12226
0.0193619
0.0516487
0.605653
0.18186
0.404615
0.0533091
0.107814
0.0778954
0.000433661
0.0262814
0.436732
0.00752404
0.250852
0.0308467
0.0930351
0.257535
0.418918
0.000558054
0.0818163
0.0401594