0.603247
0.325615
0.355169
0.0191666
0.353315
0.00835378
0.373365
0.156467
0.408239
0.0436018
0.117302
2.75647e-07
0.334293
0.000338097
0.000202951
0.0336888
0.227305
0.011829
0.21319
0.00135793
0.000252443
0.0532928
0.370841
4.67576e-05
0.00129569
0.290344
0.00964854
0.204231
0.000164726
0.00459442
0.00530604
0.136307
0.0312239
0.57774
0.000797933
0.400764
0.00269472
0.243143
0.000140553
7.97215e-05
0.0761545
0.00021213
0.0664928
0.00385175
0.00339066
0.000516427
0.252202
0.0137696
0.209507
0.269655
0.00179805
0.639072
0.615448
0.638305
0.241755
0.00669595
0.0381503
0.393646
0.355093
0.369815
0.00717319
0.210056
0.0925433
0.269081
0.279478
0.00222465
0.00924691
0.00310874
0.363933
0.0322532
0.054034
0.0183476
0.00539049
0.0448606
0.490361
0.00228819
0.417586
0.38905
0.55151
0.0653181
0.00591093
0.0807709
0.000453785
0.0777064
0.00164381
0.0657222
0.0475907
0.486681
0.277025
0.000135363
0.013775
0.173072
0.394897
0.000167831
0.0169318
0.588785
0.272639
0.486379
0.131735
0.210698
0.1141
0.0153111
1.51983e-05
0.403991
0.00170883
0.00977917
0.361962
0.00445988
0.476039
2.3844e-05
0.0347811
0.304814
0.164392
0.00583657
0.201445
0.603749
0.0187521
0.24524
0.469751
0.00751972
0.300299
0.558169
0.0625706
7.65556e-05
0.0106941
0.0170159
0.079151
0.715993
0.542866
0.15725
0.0124629
0.00893089
0.210789
1.69701e-06
0.180889
0.0233551
0.000569916
0.136766
0.00557278
0.185772
0.351909
0.03266
0.00303176
0.393458
0.0512809
0.0252423
0.0117374
0.397533
0.143321
0.0160792
0.0943271
0.000588136
0.15424
0.261162
0.0830707
0.0166502
0.0147179
6.49979e-05
0.283918
0.00528767
0.479479
0.000205312
0.631116
0.114006
0.640516
0.179666
0.0456187
0.0190732
0.0953982
0.267928
0.000829478
0.495665
0.00856089
0.070613
8.86936e-05
3.75183e-06
0.253195
0.00227918
0.249947
0.0154106
0.338426
0.23637
6.69778e-07
0.395463
0.152835
0.000421657
0.326651
0.0906213
0.552283
0.417618
0.63192
0.132639
0.271856
0.0552696
0.0642538
0.364708
0.0474312
0.441648
0.0936842
0.0770635
0.5194
0.415978
0.0122086
0.165671
0.0798897
0.346578
0.195919
0.06797
0.0175055
0.000943317
0.108652
0.35734
0.371774
0.00308738
0.204576
0.394087
0.0852726
0.00139333
0.364087
0.393649
0.170505
0.291825
6.24954e-08
0.489055
0.153726
0.0222578
0.504994
0.329368
0.681052
0.132244
0.207028
0.0585137
0.595267
0.0762905
0.00485818
0.0031125
0.000817471
0.670297
0.671348
0.362177
2.69828e-05
0.250743
0.591565
0.018432
0.19426
0.254332
0.0939151
0.495242
1.19305e-05
0.277028
0.255202
0.481768
1.248e-05
0.00356788
0.444696
0.563568
0.09727
0.080245
0.0564578
0.102494
0.0223734
0.195367
0.62814
0.256766
0.0157698
0.26562
0.159352
0.0001277
0.000241686
0.199571
0.0511307
0.62804
0.000892518
0.424977
0.1236
0.0881261
0.0205979
0.00776255
0.232386
0.528471
0.0264208
0.315921
0.00175113
0.00171369
0.0222796
5.77794e-07
0.00211131
0.148884
0.0241496
7.75709e-05
0.0057912
0.000174636
0.159516
0.0992769
0.507083
0.266154
3.63129e-05
0.10157
0.202091
0.000282761
0.0005996
0.163504
0.482463
0.118642
0.0754765
0.129248
0.0252262
0.00442155
0.063391
0.359544
0.241786
0.0328913
0.0802956
0.430241
0.0359343
0.0305622
0.322369
0.296209
0.00141559
0.000248417
0.53268
0.307564
0.306149
0.379683
0.156282
0.28786
0.239393
0.0563609
0.0162908
0.312255
0.275216
0.00362385
0.223038
0.000883537
0.128194
0.000357381
0.156696
0.302064
0.270998
0.127036
0.278824
0.293679
0.0499618
0.20043
0.310086
0.424324
0.000623901
0.236751
0.0117387
0.013527
0.000217972
0.0159099
0.0549371
0.000236597
0.277095
0.408912
0.327414
0.0607563
0.00608713
0.114819
8.47274e-07
0.294314
0.00150844
0.532471
0.000243445
0.29613
0.337066
0.355618
0.45825
0.252666
0.286771
0.00118582
9.8132e-05
0.186143
0.00137804
0.0163839
0.465489
0.291488
0.542064
0.00388953
0.063596
0.00540004
0.0168079
0.317491
0.232685
0.407087
0.0620386
0.0294879
0.110987
0.520656
0.00181749
0.000160439
0.33658
0.552506
0.106244
0.189813
0.0225611
0.715834
0.108822
0.00886684
0.00605481
0.126133
0.0806764
0.0604024
0.284376
0.352506
0.000963881
0.181533
0.0978674
0.0175218
0.019609
0.366813
0.521085
0.0964859
0.0693232
8.04429e-06
0.23412
0.0289719
0.103191
0.116592
0.0070012
0.199274
0.301155
0.101707
0.0142475
0.00132215
0.229872
0.0883739
0.309749
0.0166955
0.225203
0.348225
0.635634
0.241338
0.423748
0.0645407
0.0152645
0.275017
0.472631
0.164875
0.00503136
0.0369615
3.2806e-05
0.00773881
0.19563
0.0414684
0.196147
0.125574
0.00148624
0.273884
0.264834
0.0760874
0.043533
0.425406
0.00108893
0.00103953
0.327683
0.315017
0.136086
0.554558
0.12497
0.289025
0.254369
0.305053
0.769894
0.000245964
0.0335501
0.38474
0.347431
0.126965
0.110182
0.005995
0.24862
0.193968
0.0137591
0.192681
0.131498
0.402685
0.0492062
0.0271742
0.118604
0.0114825
0.000704456
0.467219
0.403217
0.219091
2.81255e-07
6.72206e-06
0.129735
0.22483
0.00481156
0.239663
0.114909
0.0971199
0.0195908
0.000733606
0.0129719
0.0104269
0.0136514
0.242453
0.194769
0.183056
0.402946
0.100248
2.29367e-05
1.32484e-05
0.0267329
1.18191e-05
0.29126
0.000585145
0.00506693
0.00801838
2.43053e-05
0.14262
0.0349285
0.00769895
0.0236738
0.0298095
0.162974
0.318578
0.541441
0.0061658
0.0205541
0.00609319
0.0334188
0.239193
0.139988
0.0408489
0.237033
0.0566637
0.0050902
0.571673
0.0212257
0.0519936
0.000432732
0.0841785
0.354873
0.0656189
0.334231
0.309311
0.0292224
0.284097
0.125374
0.00109753
0.000676069
0.013867
0.0172795
0.350745
0.00354548
0.585006
0.380284
0.355853
0.0294216
0.103745
2.82723e-05
0.00338067
0.463773
2.77798e-05
0.736997
2.41352e-07
0.0010924
0.075272
0.00336016
0.0204505
0.0119111
0.241893
0.00186015
0.308525
0.259484
0.0620232
0.0203223
0.0113366
0.321428
0.559569
0.00710103
0.35659
0.0338604
0.318238
0.000268694
0.00778727
0.000984959
0.432055
0.073156
0.255377
0.00597281
0.301527
0.481215
0.00526619
0.00715229
2.69459e-07
0.00139576
0.00541585
0.00106567
0.135599
0.0365881
0.00592493
0.000982357
0.0138451
0.442267
0.652899
0.0117774
0.518913
0.139917
7.92442e-06
0.000169638
0.000185225
0.266205
0.355863
0.544917
6.36186e-08
0.272571
0.0190525
0.0424394
0.00563195
0.00651439
0.370638
0.0140289
0.00911331
0.169952
0.0555007
0.000135181
0.235591
0.0195413
0.49823
0.00265592
3.14016e-06
0.000370155
0.0480393
0.0274499
0.482712
0.166923
0.373195
0.0454789
0.398817
0.0899842
0.00767718
0.0586987
0.620578
0.290701
0.276834
0.546885
0.423546
0.535023
0.0117874
0.0101513
0.437656
0.0193515
0.0133334
0.022893
0.0124102
0.139656
0.532661
0.280908
0.446841
7.47449e-05
0.112951
0.0239834
0.0761058
0.00177776
0.0834141
1.04412e-05
0.175121
0.00159035
0.365675
0.619242
0.164002
0.000487268
0.0326834
0.300362
0.205275
4.30191e-05
0.713663
0.567606
0.000436067
0.249756
0.56461
0.00436106
0.0692027
0.673427
0.269959
0.107263
2.47563e-05
0.165024
0.284426
0.00139432
0.0645414
0.000193755
0.418118
0.0228649
0.453736
0.0986513
0.00198995
0.0362909
0.0247372
0.00602732
0.349359
0.306732
0.00642026
0.0362266
0.3
7.56645e-05
0.0108699
7.29362e-05
0.140254
0.00467325
0.305518
0.0705329
0.000833943
0.648751
9.58219e-05
0.0191121
0.00491418
0.01262
0.00181367
0.000259647
0.159823
0.0989202
0.504921
0.0688954
0.0216992
0.00621614
0.0463115
0.0132261
0.0400245
0.41784
0.25794
0.0960037
0.0722709
0.409311
0.383351
0.0566059
0.11194
0.00256581
0.0130561
0.306145
0.389778
0.245116
0.303941
0.00624063
0.161382
0.0158976
0.0248821
0.007236
0.00118852
0.0661309
0.0275026
0.365951
1.13637e-05
0.0186177
0.0520242
1.85574e-06
0.0532202
0.00128672
0.0791639
0.00248969
0.10001
0.00168067
0.00830028
0.0243754
0.287161
0.0711676
0.492286
0.147523
0.106972
0.00148149
8.25681e-05
0.0757097
0.257515
0.276683
0.0543644
0.556563
0.0894131
0.0238694
0.00446039
0.16093
0.383824
0.145364
0.0345854
0.00126122
0.181506
5.67229e-05
0.00548264
0.00308097
0.431025
0.00659993
0.209641
0.42936
0.053126
0.634862
0.000224756
0.075684
0.0729548
0.798465
0.0826074
0.403969
0.154313
0.351965
0.00530856
0.494058
0.2671
5.22551e-06
2.82751e-05
0.0736432
0.000279602
0.350337
0.0442951
0.398913
0.0653448
0.0213306
0.33762
0.00199776
0.241005
0.0348544
0.00795997
0.31352
0.0335624
0.00170845
0.152134
0.592861
0.207954
0.374802
0.216445
0.00274204
0.129851
0.00187254
0.61987
0.0862997
5.1368e-05
0.403824
0.76448
0.140021
0.0413558
0.000621964
0.00638176
0.30428
0.00128746
0.0404666
0.101303
0.476378
9.00657e-06
0.000109184
0.0631752
0.000234856
4.85473e-05
0.148301
0.46964
0.0429604
0.079653
0.104708
0.000173795
0.0896233
0.00431038
0.216825
0.0239797
0.00768794
0.503908
0.272435
0.290878
0.000700049
0.00311231
2.85091e-05
0.492158
0.226651
0.470559
0.240772
0.00258506
0.467001
0.0388619
0.000973641
0.0458943
0.58918
1.21876e-05
0.0218405
5.05383e-05
0.415853
0.136146
0.000189404
0.0300414
0.267268
0.29861
0.22497
0.0895332
0.530506
0.0258244
0.000672747
0.417319
0.34867
0.511092
0.482059
0.0217715
0.000110631
0.328921
0.0793587
0.186472
0.0233748
0.266773
0.600497
0.300657
0.520469
0.0461663
0.296422
0.0612999
0.0265095
0.0648446
0.24984
0.0291667
0.00950501
0.0242395
0.0060934
0.185042
0.348781
0.46443
0.426658
0.145974
0.0524478
0.0132313
0.599647
0.0541603
0.243831
0.275468
0.468117
1.56889e-07
0.000259269
0.172336
0.411207
0.353723
0.121232
0.0263342
0.294337
0.0134641
0.0136848
0.000859845
0.620496
0.414357
9.48871e-06
0.0454992
0.00247115
0.187619
0.0316395
0.322619
6.4052e-05
0.261294
0.0347549
0.146017
0.00440845
0.0511317
0.00185787
0.0345208
0.237912
0.0744359
0.492159
6.13106e-06
0.259617
0.538453
0.0145087
0.000891847
0.530884
0.0544885
0.118765
0.000717403
0.00323956
0.510095
0.0375472
0.364027
0.0751076
0.300212
0.194987
0.00022184
0.008799
0.000458606
0.00472905
0.000349331
0.600325
0.0312744
0.154194
0.000226545
0.0676374
0.138476
0.308915
0.000121925
0.207053
0.00688444
0.232452
4.80586e-05
1.08135e-05
0.185884
0.253755
0.000185412
0.00321611
0.322524
0.0695961
0.427982
0.0474605
0.411982
0.513234
0.351706
0.262869
0.296579
0.544204
0.00059153
0.00359917
0.041475
0.234468
0.00175763
0.0168239
0.0109889
0.0179713
0.378188
0.0964081
0.459106
0.000234532
0.00251627
0.604248
0.007701
0.308125
0.00934758
0.300679
0.0187786
0.0918699
0.169547
0.0377084
0.34468
0.137025
0.24501
0.561034
0.05856
0.174244
0.00286497
0.0876444
0.00256671
0.292944
0.103442
0.440032
0.850794
0.388095
0.20869
0.0535002
0.155232
0.0271932
0.312611
0.115122
0.232123
0.645117
0.0495299
0.0854955
0.042809
0.0776758
0.0413399
0.00204635
0.0303732
0.359532
0.378393
0.000658233
0.00300494
0.0960598
0.227439
0.437951
0.275968
0.539445
0.223208
0.00642997
0.0662093
0.467121
2.5892e-05
0.256591
0.0352743
0.000114149
0.0278725
0.000172126
0.00588873
0.325532
0.000144315
0.053761
3.26345e-05
0.215862
0.402877
0.558142
0.000577815
0.0112191
0.00370405
0.0458162
0.0116827
0.0191621
0.0480143
0.132128
0.00232038
0.00154658
0.028643
0.615456
0.0754065
0.202796
0.145402
0.283166
0.248216
0.451066
0.143279
0.000723783
0.155847
0.000220893
0.00544785
0.328011
0.0445686
0.00970064
0.0797256
0.00466846
0.313151
9.12469e-05
0.00309246
0.000555714
0.00568368
0.00116023
0.0309085
0.414962
0.301705
0.00642954
0.0280404
0.276115
0.301416
0.392946
0.0013469
0.345409
0.214481
0.084507
0.351085
0.00375819
0.000518258
0.255529
0.0195286
0.0018846
0.291462
0.251685
0.0618754
0.042058
0.00624532
0.337575
0.00017272
9.45891e-05
0.122738
0.142895
0.0541122
0.0135493
0.286496
0.00312967
0.00245603
0.489191
0.0705676
0.333764
0.223984
0.100961
0.00902429
0.17122
0.0382018
0.0324289
0.478737
0.122338
0.00382999
0.470247
0.417619
0.0743004
0.502648
0.0196318
0.105336
0.0168148
0.391212
0.308787
0.220147
0.703437
0.399795
0.279899
0.235152
0.0429127
0.208329
0.30525
0.637702
0.223548
0.00125284
0.0641332
0.307594
0.0934911
0.571475
0.457575
0.255902
0.000979144
0.308882
0.359601
0.240642
0.0371868
0.0691031
0.0276144
0.126787
0.0203477
0.163538
0.128968
0.312603
0.00117112
0.00570565
0.00102221
0.00173531
0.000913874
0.164813
0.311389
0.126432
0.00420782
0.128129
0.000778402
0.351675
0.0494652
0.3984
0.570055
0.028687
0.0044792
0.548394
0.0758136
0.303866
0.0490797
4.23386e-06
0.320648
0.0875705
0.342856
0.222166
0.601399
0.127097
0.311828
0.272741
0.215336
0.417904
0.0106838
0.21868
0.582379
0.00175464
0.359772
1.44774e-06
0.0319466
0.0133827
0.0690315
0.0670425
0.572297
0.295467
0.168165
0.29122
0.301459
0.339789
0.446565
0.125227
0.358466
0.249158
0.00298744
0.4279
0.619973
0.000868892
0.00205831
0.255952
0.386625
0.354178
0.00630451
0.000348025
0.0256633
4.49657e-05
0.479968
4.06936e-06
0.0406323
0.0663299
0.305383
0.309708
0.273824
0.0969197
0.224131
0.00699417
0.172651
0.338836
0.134253
0.0646353
0.114071
0.0306786
0.322778
0.617348
0.41882
0.0945727
0.0146017
0.0691229
0.00332345
0.00444097
9.35501e-06
0.080645
0.260055
0.235995
0.106871
0.000819975
0.0167144
0.000933755
0.10961
0.00221386
0.429379
0.116542
0.342348
0.00796944
0.015074
0.254225
1.13057e-07
0.00375228
0.12766
0.00164766
0.073479
0.179646
0.181545
0.000559382
0.25389
0.30675
0.162974
0.0305223
0.0463518
0.239077
0.075698
7.76783e-06
1.0218e-06
0.110043
0.0132943
1.82303e-07
0.462244
0.137807
0.031383
0.377123
0.310823
0.374711
0.00232146
0.0567076
0.296728
1.68037e-05
0.382989
0.0599903
0.0274062
0.532235
0.0213694
0.633187
0.136887
0.0913184
0.0334215
0.178874
7.99431e-05
0.125719
0.187793
0.00473945
0.0790129
0.0929976
0.00301527
0.0846059
0.359515
0.291652
0.0239682
0.0165718
0.0233813
0.000311485
0.0236556
0.188545
0.000381402
0.121929
0.402288
2.50725e-06
0.170424
9.45777e-07
0.000164749
0.000461273
0.234781
0.0012587
0.00476184
0.0633492
0.0527558
0.00417748
0.421841
0.0320693
3.80341e-06
0.17773
0.00469138
0.339261
0.354642
0.00286621
0.00292169
0.0909182
0.0807847
0.0277892
0.355092
0.139361
0.228023
0.312793
8.71524e-06
0.166956
0.396196
1.13163e-05
0.33541
0.244091
0.0866183
0.254295
2.17119e-05
0.0196192
0.119119
0.277638
0.0908915
0.0329433
0.643523
0.399703
0.272612
0.0616138
0.000783948
0.0250369
0.000699804
0.348617
0.00570707
0.3537
0.255427
0.166163
0.289172
0.54673
0.27641
0.300022
0.0126119
0.000403476
0.292744
0.00059852
0.120326
0.0338464
0.0298554
0.088433
0.361295
0.00719466
0.00235397
0.338069
0.00155748
0.00236913
0.000761083
0.349495
0.3453
0.116343
1.00217e-06
0.0499104
0.0409275
0.453522
0.0124879
0.00899553
0.367954
0.301283
0.0220796
0.0153968
0.0967887
0.218311
0.079251
0.000486619
0.01881
0.029124
0.0857332
0.0144434
0.318993
0.0585391
0.000413881
0.484679
0.576714
0.10568
0.074802
0.000489314
0.38804
0.0735339
0.00163552
0.206784
0.158623
0.293404
0.0190065
0.0103362
0.00395899
0.00111475
0.308535
0.0346728
0.233513
0.497657
0.335966
1.73773e-06
0.309598
6.82022e-06
0.000828074
0.235563
0.0998332
0.489348
0.273517
0.000949097
0.253696
3.24858e-05
0.0637484
0.0838487
0.000530489
0.00680881
0.35445
0.121944
0.000755563
0.449819
0.0397344
0.704485
0.308407
0.116701
0.235937
0.00928363
0.124554
0.238365
0.000191713
0.138272
0.00571596
0.0495905
0.00381215
0.0418935
0.270531
0.432066
0.0393375
0.11574
0.448161
0.0287313
0.0151979
0.339426
0.0179337
0.00837114
0.00424364
0.00072031
0.353605
0.00305512
0.0107199
0.25989
0.00498452
0.0267413
0.322788
0.77039
0.00337711
0.48271
0.00113326
0.0692488
0.292019
0.263348
0.0979096
0.159751
0.000338846
0.000654628
0.215901
0.103545
0.314168
0.0184331
0.0034281
0.0359545
0.011999
0.241489
0.0149576
0.0613082
0.0023093
0.0760955
0.302377
0.227261
0.0512495
0.0013086
0.0424984
0.0226162
0.0469566
0.0286064
0.167972
0.100901
0.0104485
0.214987
0.212784
0.439384
0.000508276
8.05848e-05
0.00249975
0.178028
0.321947
0.0539986
0.117314
0.514274
0.286443
0.401628
0.146807
0.148224
0.419183
0.101158
0.517729
0.44462
0.474544
0.011508
0.388548
0.490992
0.00024126
0.275882
0.187737
0.0013507
0.00373007
0.281904
0.167564
0.258385
0.418131
0.131242
0.00882177
0.0796498
0.49717
0.181517
0.273752
0.0311905
0.0197024
0.386396
0.530317
9.44243e-05
0.00347775
0.571183
0.0141559
0.446704
0.204949
0.0819509
0.0115317
0.0011283
0.493452
0.323742
0.0626651
0.0904165
0.000153019
0.00993884
0.00220067
0.082147
0.0231995
0.00160971
0.814552
0.0197857
0.49018
0.05376
0.00184109
0.640094
0.232638
0.000504142
0.180614
0.00808126
0.000433287
0.197121
0.637722
0.0010105
0.0168747
0.000157158
0.0874343
0.471705
0.295172
0.000319264
0.117574
0.0467898
0.482975
3.41427e-07
0.0526579
0.00356044
0.0441589
0.00357029
0.413407
0.349607
0.000387285
0.248533
0.136174
0.0288655
0.0178457
0.00175776
0.212722
0.304619
0.00919001
0.222625
0.428565
0.0146152
0.39968
0.265326
0.191198
0.0143612
0.374702
0.127562
0.000362454
0.382259
0.393132
0.019249
0.0354402
0.337503
0.164668
0.53892
0.00570836
0.000672558
0.00012025
0.00912967
0.0494252
0.416848
0.00814251
0.30182
0.373098
0.472932
0.0462648
0.130495
0.639493
0.103848
0.0599545
0.30428
2.97328e-06
0.17097
0.0253828
1.7317e-06
0.426669
2.3e-06
0.214207
0.0226613
0.0780873
0.186639
0.000933216
0.236732
0.693477
0.000301619
0.000111337
2.26842e-05
0.496038
0.00126542
0.314877
0.000270916
0.00366461
0.123533
0.247359
0.065684
0.0104793
0.000287161
0.498551
0.000121845
0.00870038
0.591095
0.257797
0.080779
0.414004
0.0675512
0.0239918
0.00447018
0.0822969
0.00406065
0.274443
0.179175
0.162579
0.511092
0.0680794
0.00238015
0.569194
0.463174
0.579198
0.460109
0.456199
0.494795
0.0056648
0.00299504
0.0373647
0.0385101
0.0448354
0.125712
0.153574
0.373953
0.148716
0.000496934
0.00271406
0.00221458
0.00178384
0.000467179
0.401661
0.329141
0.0466173
0.207764
0.0652522
0.00283352
0.005957
0.000611603
0.321911
0.542153
0.19691
0.375884
0.16307
0.428573
0.227069
0.00414749
0.39962
0.127604
0.0341838
0.0984627
0.32324
0.0278881
0.0352564
0.0410366
0.179374
0.000104379
0.306628
0.0696819
0.00293025
0.22735
0.248036
0.495001
0.379705
0.485738
0.345474
0.0506681
1.03114e-05
0.22367
0.195402
0.384633
0.0319555
0.00338395
0.0132993
0.000568051
0.0887865
0.000231154
0.00933466
0.460148
0.308984
0.0108411
0.10724
0.274616
0.000143486
0.00186911
6.32846e-05
0.409137
0.00477388
0.729947
0.306645
2.83354e-07
0.136764
0.296434
0.252789
0.00778787
0.209017
0.198592
0.340639
0.389212
0.00237903
8.7529e-06
0.0194067
0.00117053
0.13024
0.069399
0.141389
0.0997398
0.145946
0.0429865
0.000836383
0.225543
0.00231714
0.0408151
0.684283
6.85757e-05
0.300869
0.317243
8.82588e-05
0.328097
0.0111754
0.0755656
0.00599778
0.525153
0.273909
0.000103976
0.6573
0.0563482
0.58823
2.90515e-07
0.208899
0.296474
0.001182
0.0573553
0.631867
0.000281069
0.613628
0.417757
0.0225858
0.224916
0.00238004
0.0712467
0.00384849
0.0617413
0.312091
0.322559
0.0120812
0.795504
0.279531
0.19807
0.018862
0.111484
0.0043792
0.150188
0.0201499
0.000153591
0.000433058
0.00180666
0.00281639
0.576508
0.488791
0.560796
0.012536
0.368941
0.00571324
0.000180691
0.00685784
0.00391613
0.628099
2.48053e-07
0.020374
0.227691
0.00193491
0.283912
0.0715226
0.00325185
0.0647598
0.183551
0.032222
0.0171604
0.189159
0.114382
0.592086
0.0241804
0.581303
0.26714
0.30359
0.0146136
0.0446099
0.0273712
0.00836498
2.18738e-06
0.0363188
0.00343208
0.00281801
0.0375236
0.000454323
0.422486
0.151243
0.0460454
0.408397
0.029489
0.146816
0.0544756
0.0464039
0.0455388
0.198046
0.000386805
0.360381
0.530652
0.380216
0.206949
0.663969
0.324866
0.101926
0.173767
0.662223
0.432508
0.000822863
0.50771
0.114092
0.0605426
0.00815491
0.0472236
0.519727
0.465972
0.22428
0.00814374
0.00474375
0.117846
0.0901916
0.405684
0.0194747
0.790492
0.108524
0.432573
0.013854
0.0159495
0.0162596
0.0225305
0.455308
0.118726
0.00958322
0.0193488
0.0132537
0.0113167
0.298044
0.0979376
0.498173
0.0726027
0.00182389
0.138314
0.19802
0.14266
8.42823e-05
0.34842
5.65926e-06
0.578595
0.266688
0.144605
0.00101834
0.232177
0.0123464
0.00053767
0.193659
0.253645
0.174771
0.00035484
0.0105118
0.279166
0.0768564
0.000147063
0.483376
0.0221431
0.180483
0.0142392
0.320065
0.484008
0.196038
0.502627
0.0036911
0.29529
0.00166462
0.408001
0.000348107
0.15519
0.330373
0.299786
0.0309601
0.308142
0.30186
0.1431
0.112912
0.207973
0.051278
0.41112
2.18088e-06
0.195306
0.303317
0.350289
0.0137524
0.000946965
0.404797
0.355878
0.000131976
0.18499
0.0238355
0.270151
0.563714
0.277683
0.329796
0.158419
0.381953
0.639563
0.239167
0.216607
0.00045607
0.25847
0.000977042
0.0430621
0.421106
0.00042181
0.433059
0.110151
0.00691508
0.125436
0.151899
0.029274
0.0016242
0.0144447
0.061568
0.227274
0.304565
0.00853606
0.0796796
0.533178
0.564948
0.00135041
0.105183
0.00731743
0.100695
0.0381883
0.0285049
0.0158547
0.533402
0.376823
2.86625e-06
9.4348e-05
0.407042
0.00193567
1.74521e-05
0.0116487
0.124326
0.0347358
0.380482
0.272125
0.12293
0.256789
4.95885e-05
0.274729
0.000204598
0.43467
0.33732
0.143909
0.288151
9.8666e-05
0.00101176
0.274665
0.321512
0.00350657
0.162429
0.317615
0.159621
0.0131386
0.0427153
0.000760507
0.00719639
0.125553
0.0856519
0.0947277
0.00140175
0.0418048
0.0246208
0.457818
0.427117
0.0498151
0.121544
0.0684864
0.00310183
0.00011463
0.00972655
0.272514
4.66796e-05
0.0099959
0.0338143
0.0432126
0.413484
0.052551
0.0029838
0.0290801
0.00550887
0.473023
0.141869
0.370157
0.412808
0.0231924
0.432842
0.17055
0.094246
0.292918
0.00032309
0.0102691
0.184032
0.00252599
0.0313665
0.0636305
7.47617e-06
0.010103
0.267515
0.00075888
0.142887
0.00437804
0.000655497
0.0652969
0.000352493
0.00251909
0.00900918
0.691309
0.0447914
0.304936
0.0290663
0.378275
0.0018215
0.133127
0.00020296
0.477966
0.00212482
0.533123
0.64013
0.238995
0.0027817
0.134661
0.0549671
0.037047
0.433019
0.140066
0.000333305
0.0067568
0.321802
0.353692
0.00186493
0.419846
0.164219
3.13145e-05
0.39354
0.000210011
0.00537486
0.67911
4.25846e-05
0.00112898
2.12515e-07
0.0117658
0.42349
0.700457
4.02245e-07
1.32807e-05
0.019916
0.243991
0.308014
0.0285334
0.0425644
0.020646
0.00766414
0.0638144
0.00640433
0.0254644
0.307711
0.155479
0.000633873
0.00228521
0.00218404
0.378776
0.0299643
0.0936327
1.44013e-06
0.00225678
0.00991025
0.00811668
0.000101447
0.466601
0.0829074
0.177334
0.349696
0.00239565
1.46728e-05
0.422083
0.000890133
0.0381661
0.41243
0.0260394
0.228032
0.000826209
0.0048199
0.131655
0.00616659
0.00139118
0.0980474
0.426282
0.601046
0.341038
0.0346519
0.000847986
0.20778
0.000863321
0.231114
0.225203
0.162265
0.0652438
0.488541
0.342689
0.00286312
0.347023
0.664308
0.164274
0.381918
5.22636e-06
0.0463992
0.343228
0.453326
0.180195
0.0346288
0.0627055
0.0280383
0.00024798
0.283797
0.0977963
0.00192786
0.00474982
0.385379
0.0621193
0.528982
0.000261906
0.0101095
0.0946712
0.326947
0.365204
0.0998089
0.0745141
6.06104e-05
0.410698
0.147576
0.252771
0.309462
0.471528
1.25323e-05
0.00301853
0.0477763
0.0137324
0.00109258
0.295641
0.285879
0.567248
0.0387181
0.00805898
0.610008
0.00884633
2.42846e-07
0.045393
0.35444
0.05236
0.0631954
0.00294951
0.00764423
0.0073712
0.147282
0.138904
0.22597
0.00113542
0.00119213
0.0170449
0.0567978
0.155397
0.362584
0.00902968
0.00526041
0.197139
0.182693
0.140875
0.0263238
0.558489
0.450064
2.36589e-05
0.382503
0.0603435
0.000286824
0.0218527
0.0060296
0.293378
0.308178
0.243106
0.242821
0.503499
2.44322e-05
0.610354
0.0762027
0.126029
0.00203462
0.185986
0.000183937
0.00326705
0.239376
0.38744
0.00113102
0.000824162
0.0499963
0.00749766
0.00209989
0.0204916
0.413389
0.195289
0.00129902
0.130579
0.0315093
0.29805
0.00385222
0.0467079
0.556658
0.290039
0.286001
0.00445775
0.0397521
0.474547
0.287398
0.229982
0.681399
0.2576
0.0121434
0.0171995
0.0960536
0.268339
0.00987365
0.0123933
0.00758806
0.00203884
0.242103
0.0805315
0.0158984
0.053496
0.469695
8.38228e-05
0.0192009
0.107645
0.563647
0.144993
0.316633
0.243593
0.0550362
0.224901
3.15641e-06
0.0272443
0.416271
0.439246
0.547397
0.0430355
0.0863728
0.000221281
0.52792
0.0114163
0.251974
0.233197
0.236434
0.155964
0.606764
0.0268747
0.23301
0.00735836
0.0374643
0.64075
4.85923e-07
0.339801
0.408184
0.000990195
0.00117013
0.000261524
0.0303805
0.145723
0.729972
0.00424258
0.00545064
0.214621
0.492397
0.4538
0.695559
0.0672232
0.29312
0.0643683
0.621899
0.479102
0.105506
0.224476
0.0750644
0.0313762
0.17392
0.2757
0.0212637
0.0691018
0.226572
0.026203
0.0735607
8.24176e-05
0.0238152
0.138365
0.508386
0.546528
0.351963
0.104231
0.306218
0.0107356
0.42475
0.0013849
0.252103
4.24721e-06
0.00141323
0.550945
3.3513e-05
0.152463
0.0892
0.0380991
0.153777
0.00063979
0.120753
0.503244
0.146193
3.56788e-05
0.105983
0.303569
6.11525e-05
0.021604
0.0129263
0.549569
0.499276
0.000585345
0.210203
0.00285136
0.321354
0.000121168
0.00136788
0.177333
0.0143508
0.47449
0.110612
0.220004
0.00063962
0.0715957
0.0641435
0.227042
0.00572834
0.314203
0.01312
0.00205876
0.00367552
0.018359
0.0530808
0.0627869
0.00636932
0.236381
0.1998
0.0217486
0.0400987
0.00812289
0.281931
0.327594
0.00134556
0.125234
0.709199
0.0658731
0.0103329
0.0209799
0.392959
0.303928
0.214637
0.236518
0.233975
0.114178
0.232966
0.64342
0.0158857
0.329654
0.00597929
2.20133e-09
0.472186
0.27286
0.343256
0.00148539
0.00287576
0.00634302
0.447515
0.314892
0.0100675
0.27001
0.310274
0.22895
0.0823739
0.473346
0.0033075
0.219435
0.0326056
0.0469801
0.207652
0.832292
0.000206462
0.645175
0.007336
0.00261456
0.382216
0.0140526
0.0381629
9.22827e-06
0.09809
0.384948
0.000339907
0.0104446
0.0024976
0.0243965
0.0643324
0.298317
0.0085248
0.120217
0.00282781
0.0167593
0.267161
0.0484844
0.262981
0.136872
0.021348
0.00184421
0.0190988
2.43668e-05
0.0624025
0.0194737
5.23698e-05
0.254919
0.00668216
0.16934
0.459299
0.00153535
0.0827787
0.0141234
0.384846
0.446507
0.00115946
0.467016
0.00288156
0.00109653
0.0267445
0.210774
0.420233
0.260833
0.158022
0.00121158
0.0272498
0.058554
0.236907
0.0253657
0.00173915
0.0198302
0.525226
0.0164897
0.233688
0.0766225
0.0180191
4.96014e-05
0.0991615
0.275711
0.618849
0.251694
0.0367885
5.42429e-05
5.02209e-05
0.506473
0.149163
0.0545942
0.293294
0.00503415
0.0192387
0.503414
6.75524e-06
0.613967
0.621153
0.384392
0.0360202
0.198401
0.0106323
0.62804
0.194217
0.0539297
0.00991954
0.0208705
0.313182
0.277255
0.339521
0.0254957
0.0668952
0.0741258
0.139153
0.09665
0.126553
0.0063391
0.448447
0.415403
0.475634
0.00540524
0.000717907
0.329894
0.196823
0.00448143
0.00811368
0.0701142
0.0378467
0.592369
0.00405039
6.02077e-05
0.162665
0.0124522
0.0111369
0.0278235
0.525796
0.197349
0.00315587
0.00272426
0.0970604
0.0481301
0.00355121
0.0288017
0.0209238
0.00213986
0.307744
0.0925627
0.0359176
0.0290098
0.090555
0.104487
0.00808544
0.000173277
0.120139
0.303393
0.0708007
0.406566
0.146986
0.18025
0.194561
0.318398
0.0200277
0.013574
0.0278104
0.488466
0.00198133
0.16987
0.0428033
0.00233095
0.541028
0.3425
0.303512
0.0319642
0.127903
0.306264
0.328684
7.71104e-06
0.369658
9.47121e-06
0.00127168
0.0475289
0.0141936
0.0239773
0.047189
0.00796592
0.0682639
0.242732
0.0594055
0.063154
0.170467
0.183426
0.396756
0.000620704
0.00710807
0.231413
0.000215148
0.250156
0.0331882
0.0309822
0.396356
0.00153096
0.527543
0.085766
0.00868532
0.0806379
0.340225
0.430442
0.0734914
0.00429178
0.0109926
0.197772
0.0862669
0.000129259
0.0314136
0.13996
0.302454
0.244171
0.0766664
0.151247
0.000241487
0.000137728
0.354775
0.0776229
0.0279914
0.00010473
0.349353
0.000272948
0.00734647
0.037323
5.61078e-05
0.00240214
0.457649
0.497369
0.00987872
0.000466062
0.252723
0.226887
0.249548
0.00617228
0.0894321
0.299382
0.14749
0.20993
0.120756
0.100851
0.0128174
0.00635844
0.2285
0.0078331
0.000575647
0.00107289
0.0802769
0.228636
0.00161608
0.322557
0.283611
0.0142396
0.00349644
0.54734
0.0127608
0.276174
0.0214382
0.25488
5.08949e-05
0.445616
0.00152515
0.00133357
0.0554772
0.27697
0.0315211
0.443412
0.00019947
0.737278
0.281142
4.37264e-05
9.46366e-05
0.00957122
0.0388725
0.00167688
0.352784
0.538142
0.0466774
0.418355
0.426019
0.00210057
0.0372787
0.393357
3.95598e-06
0.000325334
0.447963
0.0054909
0.0252697
0.0277489
0.0473494
0.00460212
0.24182
0.0126099
0.307552
0.00389801
0.0154153
0.144333
0.10346
3.21492e-05
0.443491
0.0146252
0.0981921
0.570435
0.393946
0.339024
0.115414
0.135324
0.000779356
0.296414
0.00461985
0.401279
0.000151279
0.589803
0.434714
3.55858e-05
0.0991398
0.410109
0.772965
5.47953e-05
0.165395
3.07418e-05
0.192401
0.0635178
0.112277
0.377556
0.129618
0.50196
3.92152e-05
0.442634
0.00639025
0.11365
0.360312
0.00550729
0.0741341
6.8957e-05
0.589642
0.273465
0.000101774
0.003243
0.00520593
0.558944
0.178801
0.00460349
0.12079
0.0184892
0.355699
0.119647
8.53855e-05
0.301874
0.176865
0.380918
0.0516052
0.0774356
0.0799768
0.0280914
0.438974
0.0147515
0.128576
0.0253019
0.23241
0.448342
0.000201371
0.00916066
0.00019659
0.00103145
0.183487
0.182669
0.371305
0.00491724
0.283304
0.335599
0.358362
0.00810451
0.00704877
9.53876e-05
0.0152296
0.477775
0.000413982
0.364057
0.100176
0.168733
0.0169421
0.000809242
0.041155
0.00152524
0.0067682
0.187224
0.336218
0.000535139
0.0728835
0.101767
0.505665
0.0232914
0.191575
0.00276093
0.416893
0.019565
0.000553772
2.94643e-05
0.188434
0.000137748
0.418097
0.00780961
0.527705
0.436829
0.0122327
0.00317436
0.000155787
0.0784395
0.00918366
0.102006
0.19011
0.0411241
2.65435e-06
0.0218864
0.285025
0.65609
0.0159203
0.316644
0.0506768
0.0125711
0.143834
0.258617
0.120626
0.2803
0.000169281
0.00995399
0.000738633
0.00163058
0.32729
0.17939
0.066025
0.0534851
0.197841
0.00225471
0.0322289
0.0123529
0.015594
0.213207
0.66692
0.581764
0.174345
0.0121221
0.466099
0.423251
0.0498225
0.00276615
0.0178718
0.0113647
0.30181
0.21432
0.58332
0.00102713
0.406683
0.0705555
0.00995434
0.25649
0.440918
0.125441
0.151422
0.0121543
0.000364324
0.0707507
0.00108758
0.207396
0.000193622
0.40662
0.38197
0.480221
0.122064
0.392045
0.0022361
0.306742
0.396324
0.0380169
0.314137
0.00729603
0.535981
0.376191
0.461003
0.414604
0.0131715
0.00142877
0.00421424
0.000128623
0.00389411
0.228066
0.254071
0.0110879
0.282665
0.00349281
0.167932
0.583556
0.392419
0.249628
0.195937
0.379131
0.0651575
0.0467672
0.0471573
0.430873
0.53543
0.27932
0.00403484
0.327385
0.00996077
0.00853402
0.354097
0.00246057
6.0275e-05
0.0823269
0.431953
0.311593
0.482622
0.116774
0.000820828
0.107663
0.0253953
0.0236074
0.443377
0.293079
0.00266529
0.0323986
0.188589
0.00129376
0.141778
0.162035
0.0696872
0.275172
0.149232
0.0519857
0.076
0.127454
0.00303908
0.0167339
0.110366
0.0206547
0.00203258
0.00171207
0.00067306
0.609298
0.279273
0.115743
6.41876e-05
0.0185155
0.304408
0.667502
0.175911
0.355161
0.102917
0.00549474
0.283679
0.000512204
0.412095
0.264134
0.0664664
0.63602
0.00351651
0.000140164
0.000361132
0.381991
0.386975
2.84222e-06
0.101425
0.587386
0.095814
0.0690724
2.34894e-06
0.00792038
0.151778
0.000347672
0.000628989
0.257873
0.213313
0.0308742
0.320166
0.0128803
0.00184422
0.420511
0.0101505
5.32917e-07
0.254222
4.63584e-05
0.0648951
0.0820965
0.000826505
0.209505
0.245308
0.272385
0.560284
0.168068
0.0665603
0.0158193
0.0645153
0.351069
0.0361202
0.00114902
0.186115
0.0357649
0.313677
0.0129478
0.0560437
4.61509e-07
0.0056743
0.369671
0.303128
0.609216
4.04725e-08
0.034129
0.000341668
0.112119
0.476935
0.0176875
0.325359
0.0074141
0.00131464
0.0933686
0.0223681
0.469781
0.00820809
0.139751
0.173784
0.000337068
0.0825313
0.395813
0.000101344
0.0538067
0.295506
9.90426e-05
0.0625132
0.254296
0.169536
0.369896
0.00558089
0.0127183
0.237541
0.0745851
4.44056e-09
9.77622e-05
0.476052
0.00389145
0.36873
0.00225391
0.0332364
0.00152585
0.349117
0.303574
0.0179132
0.00134904
0.454178
0.0706173
0.00725227
0.0227637
0.00259828
0.00125296
0.0309462
0.0991468
0.000449351
0.29059
0.3706
0.00206553
0.369124
0.0109014
0.0739301
0.0364662
0.00893277
0.0454836
0.373389
0.0588615
0.0196812
0.506618
0.416349
0.0985256
0.272994
0.223698
0.29209
0.0582841
0.00332539
0.000322447
0.61099
0.0187158
0.0671527
0.00132366
0.485553
9.38818e-05
0.373299
0.051148
0.242491
0.581638
0.000304679
0.125722
2.84544e-05
0.216799
0.253468
0.000195818
0.317516
0.00087665
0.362883
2.20042e-05
0.400041
0.141981
0.330341
0.00147022
0.150325
0.00124355
0.00702615
0.000114616
0.416178
0.235752
0.411972
0.466062
0.339098
0.0898643
0.163542
0.0127762
0.338889
0.369568
0.389875
0.00562366
0.411934
0.187288
0.514969
0.00295014
0.331002
0.071333
0.0308037
0.0050984
0.160545
0.169325
0.152022
0.587671
0.00455019
0.164286
0.00728358
0.369495
0.470985
0.318956
0.000680981
0.10261
0.0252857
0.300696
0.00165516
0.0319842
0.710635
0.150238
0.345492
0.0291904
0.000440404
0.571211
0.162901
0.000118334
0.0320585
0.334198
0.00127027
0.00409431
0.00649318
0.38118
0.0604547
0.000555468
0.0751185
0.347958
0.0189468
0.000270782
0.00129087
0.0445722
0.0264963
0.290569
0.00230347
0.0969741
0.000151732
0.0029704
0.30931
0.489318
0.00423221
0.00119978
0.00388247
6.88179e-06
0.00051808
0.461349
0.362416
0.214569
0.0798628
0.539035
0.0872737
0.156372
0.000403864
7.89472e-05
0.239973
1.65992e-05
0.111489
0.154549
0.149108
0.406315
0.250461
0.000170836
0.00617424
0.066548
0.000141735
8.29879e-07
0.550646
0.340751
0.500282
0.29469
6.75163e-07
0.338306
0.403517
0.539797
0.00497437
0.63372
0.0615183
0.0175918
0.0472875
0.000604423
0.000907364
0.00794053
0.000317715
0.489321
0.0125405
0.128566
0.0603146
0.265728
0.351263
0.00480108
0.293013
0.09491
0.00424409
0.000191029
0.562453
0.00518385
0.00442239
0.112519
0.14263
0.0630297
0.0856461
0.475721
0.637231
0.326208
0.299164
0.267602
0.45473
0.533125
0.00382641
0.345061
0.000335053
0.370355
0.0902909
0.0287798
0.157613
0.00199279
0.00108972
0.131731
0.0014191
0.114518
3.74252e-05
0.674011
0.183789
0.369221
0.0818062
0.0161264
0.0103113
0.617995
0.00490066
0.364914
0.338084
0.031776
0.023704
0.0109324
0.00132805
0.13941
0.00296013
0.0310477
0.370614
0.255724
0.438409
0.00520218
8.40699e-05
7.20798e-09
0.188625
0.000324348
0.338974
0.110782
0.519075
0.0460069
0.0459329
0.000527758
0.000441473
0.0704286
0.0636297
0.0075934
0.440824
1.78478e-06
0.000822312
0.188908
0.343532
0.431217
0.463385
0.100275
0.643797
0.426898
0.290148
0.0162854
0.0584313
0.181781
0.0114403
0.0199292
0.00744817
0.233214
0.0120033
0.0319259
0.0164702
0.365009
0.217953
0.000133946
0.386782
0.0447012
0.474183
1.7647e-06
0.0435446
0.00022935
3.73165e-07
0.683248
0.429904
0.464433
0.166264
0.00707466
0.13204
5.3336e-05
0.0707494
0.00357317
0.0903184
0.0723111
0.0258784
0.152779
0.417544
4.72119e-05
0.0120317
0.0338499
0.329925
0.312824
0.101161
0.515594
0.0131182
0.530727
0.0073218
0.29578
0.000478364
0.281459
0.230516
0.187478
0.0259747
0.034414
0.096564
0.000160245
0.103172
7.84128e-05
0.322274
0.0586774
0.419869
0.024743
0.0509011
0.52673
0.00953617
0.181552
0.0557541
0.0544413
0.0269991
0.313458
0.000409158
0.0394347
0.0137544
0.489515
0.196838
0.367865
0.000973435
0.134176
0.366078
0.532567
0.397254
0.342064
0.360312
0.00122981
0.00455571
0.453374
0.433346
0.0944926
0.000458375
0.00823256
0.0562835
0.289365
0.480563
0.121975
0.0171201
0.0320049
0.00619846
0.494111
0.0807084
0.0180332
4.54247e-06
0.694339
0.317103
0.22698
0.046639
0.00635525
1.24351e-05
0.396838
0.191352
0.0502919
0.0003593
0.0868499
0.139599
0.0312611
0.00720438
0.0138107
0.694772
0.364375
0.107397
0.0172782
0.0802864
0.265926
0.183133
0.747644
0.00615719
0.000811857
3.18328e-06
0.0192768
0.0572307
0.00270989
0.257127
0.00043614
0.0129403
0.116635
0.139477
0.0227276
0.214894
0.186862
0.053754
0.085999
0.0439235
0.161824
0.0444946
0.00157009
0.00292234
0.111078
0.20781
0.00052043
0.35457
0.00935668
0.00224436
0.00859482
0.00470786
0.0462865
0.0777191
0.437261
0.439172
0.0279379
0.388674
0.274556
0.224071
0.052898
0.0630015
0.0542843
0.292748
0.000485399
0.0123583
0.000105218
0.421054
0.00848283
0.00247522
0.542135
7.97294e-06
0.0874646
0.00481933
0.3899
0.00136789
0.0543913
0.144937
0.00833341
0.00321761
0.00682908
0.00260579
6.16448e-05
0.385845
0.485729
0.0629592
0.151354
0.00841102
0.0302347
0.400794
0.00489168
0.0277754
1.25476e-06
0.0107049
0.302434
0.284522
0.305793
0.311513
0.119247
0.00484059
0.00906688
0.0178526
0.396441
0.489157
0.136139
0.418288
0.393413
0.178436
0.267105
0.0019923
0.3875
0.664718
0.0399305
0.0761388
0.38343
0.210586
0.543253
0.332844
0.0100928
0.361303
0.041818
0.00854809
0.0004178
0.311668
0.0473914
0.0159982
0.0127895
0.0464591
0.000408089
0.299989
0.179416
0.12114
0.540794
0.0565735
0.207895
0.0424814
0.273661
0.316794
0.012765
0.0040235
0.0588109
0.0022782
0.0516311
0.00587007
0.000324434
0.44824
0.00127368
0.00802497
0.0682465
0.0371252
0.221899
0.0240981
0.601558
0.00685554
0.00181582
0.0085475
0.210718
0.418853
1.07219e-05
0.295101
0.175417
0.272503
0.00566907
0.352847
0.232788
0.536503
0.640321
0.00347566
0.00158969
0.207995
0.0114286
0.420311
0.0615476
0.00972314
0.00148607
0.00778427
0.593447
0.0773102
0.0741623
0.465432
0.321743
0.326877
9.36963e-06
0.269918
0.00457849
0.0402519
0.00178048
0.466924
0.0276946
0.00365347
0.0541872
0.249154
0.153938
0.00890011
0.0929697
0.128355
0.00923117
0.689972
0.58702
0.139439
0.00178736
0.00667215
0.076059
1.89814e-05
0.171701
1.50615e-06
0.134802
0.290638
0.0376448
0.241023
0.00049782
0.559971
0.00234295
0.298875
0.0107834
0.0407215
0.411784
0.184991
0.436568
0.492339
6.29502e-05
0.0004358
0.000161232
0.000148926
0.312957
0.0476291
0.355354
0.00575243
0.115491
0.182472
5.99622e-06
0.458776
0.0734301
0.00338149
0.00472726
0.229598
0.0316221
0.191213
0.430047
0.433146
0.174873
0.0494877
0.0376715
0.000109843
0.364995
0.616371
0.473609
0.0451909
0.320977
0.343392
0.0415527
0.0261222
0.000889948
0.00123565
0.151102
0.342389
0.0583927
0.333899
0.0059941
0.152237
0.031289
0.177791
0.0630796
0.000220846
0.000453627
0.00173863
0.0681994
0.159273
0.0738863
0.031553
0.301889
0.000633571
0.203684
0.0273595
0.035678
0.0778031
0.190335
0.00995141
0.0424717
0.0710773
0.344579
0.0382631
0.0545695
0.00228775
0.184445
0.00231346
0.00523321
0.342132
5.66705e-05
0.55702
0.19238
0.280326
0.0225131
0.560142
0.0391568
0.289176
0.0456153
0.0152924
0.313068
0.0279521
0.37446
1.12516e-06
0.2762
0.16999
0.593153
0.082344
0.0792946
0.0162725
0.153901
0.083047
0.0758353
0.502601
0.343417
0.0028873
0.166431
0.0263507
0.0102376
0.519546
0.291496
8.3073e-06
3.96514e-05
0.0753545
0.199504
0.0116974
1.61592e-05
0.488648
0.120049
0.0463677
0.0292723
1.56565e-05
0.105789
0.366083
0.300646
0.000301595
0.196644
8.13569e-05
0.015309
0.602088
0.0166894
1.26453e-05
0.013293
0.427059
0.462575
1.21292e-05
0.261073
0.00570905
0.0842288
0.366275
0.0262229
0.0545986
0.12649
0.230487
0.0236591
0.0243405
0.329245
0.286875
0.000714677
0.120677
0.31926
0.00159621
3.96908e-05
0.658712
0.0310825
0.0499695
0.0308852
0.298176
0.354075
0.435915
0.270843
0.00154073
0.0611037
0.000838057
0.000667251
0.11135
0.590703
0.316055
0.00694913
0.00115656
0.0394922
0.172815
0.143149
0.000241589
0.328901
0.627714
0.838321
0.163234
0.00798105
0.0207157
0.581118
0.226411
0.134146
0.000343379
0.19839
0.0670165
0.000185267
0.0468273
0.000118874
0.0480973
0.000474582
8.4086e-05
0.0994179
0.00465947
0.00167583
0.370101
0.215133
0.0762974
0.274982
0.466591
0.00986046
5.92157e-05
0.205827
0.298951
0.677921
0.10721
0.0599208
0.254923
0.385547
0.0328984
0.00570322
0.0234652
0.0768708
0.00682678
0.00165669
0.00664781
0.0876241
0.289021
0.0107413
0.00236689
0.504301
0.049416
0.154311
0.206025
0.0344965
0.00393016
0.026144
0.0513675
0.315614
0.0839774
0.0291915
0.279489
0.754329
0.000653216
0.0607896
0.0252669
0.0618329
0.130689
0.41776
0.0366621
0.0604717
0.010194
0.0350398
0.223144
0.011715
0.203893
0.0337035
0.0138574
0.0675675
0.0166479
0.00184875
0.489061
0.349952
0.0230855
0.00192059
0.565848
0.316582
2.17614e-08
0.0834961
0.295077
0.00161068
0.121483
0.0179133
0.545807
0.00126172
0.00478248
0.000354014
0.0496459
0.00110959
0.100862
0.148238
0.724509
0.314122
0.208031
0.19545
0.659188
0.0554096
0.272649
0.347315
0.466935
0.107242
0.0004698
2.08197e-05
0.0243396
0.00202894
0.0053685
0.0442769
0.690572
0.51674
0.000573512
0.0197164
0.00171663
0.0263514
1.87073e-05
0.138841
0.82022
0.00106927
0.0115629
0.447347
0.00253399
0.366211
0.00297648
0.00328173
0.00414486
0.319356
0.0150649
0.0766494
0.264167
0.159366
0.000924571
0.000138752
0.374474
0.0173935
0.228599
0.000335641
0.00757015
0.00183166
0.433412
0.431501
0.385666
0.000357142
3.48887e-05
0.00109735
0.245272
0.0529922
0.0759199
0.128632
0.131459
0.0139007
0.262006
0.370786
9.54818e-05
0.00153543
0.379326
0.223776
0.0403688
0.325347
0.0209009
0.266465
5.75496e-05
0.0770777
0.299593
0.0148222
0.0629811
0.0234279
0.000435426
0.340822
0.335353
0.00295985
0.0172326
0.0056542
0.0179344
0.240624
0.0132209
0.00508979
0.000206207
0.0157441
0.00621912
0.0429465
0.00727002
0.630123
0.0719347
0.225249
0.000137386
0.176193
0.0692253
1.79503e-06
0.0105244
0.106692
0.096273
0.298599
0.322456
0.316865
0.0724061
0.434778
6.27804e-06
0.388696
1.96279e-05
0.422422
0.0616478
0.0213826
0.16931
0.611382
0.0015983
0.0263416
0.00788831
0.327503
0.117098
0.00409226
0.383902
0.526546
0.100736
0.00104384
0.309648
0.290648
0.113945
0.17922
0.026333
0.0190951
0.0774448
0.513658
0.212616
0.212181
0.000488799
0.00530894
0.0214914
0.0374958
0.00888238
0.295659
0.548122
0.515942
0.103833
0.331178
0.00258978
0.28439
0.484413
0.018294
0.00951101
0.392799
0.02034
0.00215978
0.187491
0.00469495
0.488627
0.0310812
0.0354555
0.369171
0.495403
0.0589203
2.18362e-06
0.473057
0.537358
0.180713
0.0711563
0.0069116
0.291879
0.0623622
0.00872092
0.153337
0.30457
0.475158
0.178392
0.00252113
6.58382e-08
0.538327
0.258861
0.339125
0.0755498
0.0299135
0.451653
0.525458
0.202223
0.11893
0.000587149
0.106669
0.323479
0.0847768
0.318758
4.8316e-05
0.0105038
0.0529325
0.000254249
0.204503
0.00517762
0.0203672
0.306513
0.00051774
0.34607
0.0215612
0.00581171
0.187213
0.0292727
0.00273375
0.0154652
0.0554932
0.000314419
0.11961
0.170673
0.0390661
0.141152
0.000165151
0.0166806
0.281156
0.00120557
0.0549328
0.269459
0.0229672
0.0141481
4.02895e-05
0.0137043
0.245271
0.186826
0.0710575
5.26276e-06
0.176596
0.0136268
0.0565453
0.000441389
0.257615
0.495869
0.176649
0.0549423
0.0125307
0.0822639
0.0352451
0.0144815
0.00150932
0.00619787
9.84103e-05
2.37732e-05
4.686e-05
0.0382475
0.168713
0.333336
0.00340143
0.104395
0.0509044
0.217666
0.000112845
0.465054
0.0905164
0.0742233
0.0532151
0.46111
0.00152812
0.142518
0.451874
8.84656e-05
6.57195e-05
0.0100801
0.125518
0.00596711
1.33063e-05
0.261638
0.190703
0.00769054
0.14588
0.000134506
0.0549314
0.253628
0.0592181
0.529128
0.155994
0.0949779
0.268677
0.213142
0.0509716
2.25617e-05
0.391126
0.0465393
0.403586
0.181819
0.638187
4.09012e-07
0.195748
0.369724
0.0264055
0.649303
0.352673
4.23451e-06
0.257085
0.259922
0.667436
0.0381914
0.0740412
0.108473
0.320481
0.00123342
0.180126
0.39521
0.0895914
0.311913
1.88557e-07
4.36194e-05
0.701986
0.338677
0.210381
0.319366
0.263042
0.382964
0.00468025
0.221327
0.396243
0.0115354
0.189207
0.0667339
0.000627161
0.38347
0.338303
0.00318602
0.0466759
0.0496337
0.00781469
0.000430773
0.00324844
0.219031
0.0729091
0.0132296
0.00111741
4.66233e-06
0.282198
0.232766
0.0240747
0.000295071
0.362162
8.38314e-06
0.0551847
0.383122
0.00550595
0.188324
0.275507
1.5751e-05
0.0323125
4.52964e-05
0.000227281
0.00232773
0.00320095
0.487716
0.0208071
0.107934
0.247066
0.357513
0.139222
0.051007
0.288961
0.000145723
0.0138785
0.684853
0.51045
0.0656014
0.3535
0.000778816
0.502724
0.300818
0.00153788
0.0084972
0.0280456
8.10077e-05
2.5256e-06
7.17369e-05
0.00152113
0.358837
0.0235982
0.0728249
0.000897064
0.0128543
0.0859891
4.40889e-05
0.0242529
0.0687421
0.200183
0.400455
0.0024578
0.00484235
0.298373
0.0456332
0.00298781
0.0117144
0.656021
0.00729405
0.0267985
0.496217
0.207348
0.0205389
0.00167913
0.0365569
0.0326925
0.341489
0.333624
0.00524111
0.00755457
6.29663e-08
0.325331
0.362961
0.00157229
0.407607
0.0713632
0.0141463
0.209274
0.297545
0.104303
0.421609
0.109793
0.809685
0.668505
0.364982
0.329232
0.0244539
0.000167457
0.151113
0.00487888
0.302568
1.77724e-05
0.000513189
0.169278
0.494438
0.381724
0.0677043
0.0509066
0.00317732
0.00754259
0.00281916
0.0038257
0.266117
0.0219863
0.146063
0.119822
0.300283
0.23497
0.00363381
0.248817
0.041819
0.209228
0.000631896
0.000802761
0.00378479
0.513976
0.441571
0.0154898
0.00673893
3.94043e-05
0.205714
0.189672
0.0689999
0.265289
0.287749
0.0134375
0.0286882
0.131264
0.00188409
0.00101561
4.12554e-05
0.29281
0.463183
0.0702967
4.61188e-05
0.074529
0.0995461
0.12105
0.451702
0.407709
0.0102973
0.724794
2.72175e-06
0.16721
0.213457
0.131142
0.0216568
0.00139755
0.0630952
0.475087
0.616816
0.133056
0.0444585
0.038582
4.63897e-07
0.308192
0.0927121
0.193034
0.0223305
0.00705875
0.562325
0.151305
3.23714e-05
9.26005e-06
0.198502
0.0258268
0.00455339
0.00616572
0.308395
0.324098
0.0384544
0.00562244
0.323027
0.187442
0.293786
0.387227
0.018174
0.333229
0.2365
0.00947457
0.00546827
0.358835
0.00909482
0.0363048
0.0126407
0.00409766
0.380249
0.148935
0.000140335
0.00649984
0.343259
0.350638
6.50711e-06
0.224582
0.536156
0.100285
1.17777e-05
0.319654
0.00125019
0.223169
0.366688
0.0135761
0.269325
0.0138604
0.418451
6.63746e-05
0.293459
0.567837
0.000826158
9.29534e-05
0.275208
0.374262
0.0227245
0.222488
0.00102068
0.0312855
0.00517248
0.0398123
0.000775248
0.298806
0.393821
0.229117
0.433007
0.0482401
0.566462
0.495654
0.166077
0.112231
0.000132381
0.139611
0.23479
0.000326334
0.00184602
0.542219
0.0404413
0.056394
0.316038
0.189602
0.00178309
0.126651
0.156375
0.0009726
0.106249
4.1072e-06
0.00529129
0.167614
0.313281
0.324083
0.338953
0.0238809
0.171583
0.144467
0.0684203
0.0806312
0.0687504
0.0155312
0.424856
0.000197463
0.00156504
0.660693
0.0462492
0.029338
0.0148877
0.0931234
0.00017213
0.00826764
0.0525672
0.486259
0.00337475
0.13415
0.0339485
9.83112e-05
0.0232482
0.323443
0.223912
0.000901016
0.15173
0.454818
0.000473725
0.328948
0.0178255
0.050894
0.000228764
0.087762
0.420569
0.00200113
0.15768
0.301607
0.039346
0.145155
0.000440502
0.349471
0.0117478
0.00237013
0.000496104
0.367275
0.385323
0.385445
0.35557
0.0013451
0.028398
0.15901
0.46789
0.00583317
0.0183329
0.000259626
0.366316
9.84709e-05
0.204974
0.0646013
0.14004
0.312799
0.0601897
0.337271
0.0193781
0.250854
0.00552256
0.00626758
0.0174985
0.00198022
0.283291
0.0125436
0.0857243
0.0132643
0.235721
0.0751644
0.0794481
0.0251217
0.0220427
0.0592305
0.000334375
7.81909e-07
0.00193447
0.064705
0.502711
0.174132
0.00269532
3.08068e-06
0.00157747
0.390852
0.00132655
0.0356926
0.491353
0.140048
0.0865927
0.000179006
0.000375655
0.0374952
0.179079
0.00212819
0.0435225
0.002885
0.250932
0.506972
1.98253e-06
0.13382
0.639175
0.000443689
0.029965
0.00973975
0.0949475
0.520521
0.00103859
0.0319773
0.0435782
0.0408606
0.360622
0.0170907
0.0173773
0.0284938
0.479193
0.388258
0.226195
0.461277
0.0676682
0.122353
0.0376929
0.00135145
8.02002e-07
0.0950674
0.000276614
0.367699
0.296305
0.205011
0.135339
0.00150442
0.00356287
0.001811
2.51391e-06
6.71658e-05
0.285898
0.0278387
0.166001
7.8055e-07
0.156769
0.170304
0.363418
9.55328e-08
0.0969594
0.274209
0.176684
7.73965e-05
3.72895e-05
0.31772
0.297995
0.00111388
0.314721
0.0806852
0.00565963
0.0847237
0.0144975
9.50598e-06
0.424949
0.0748494
0.453229
0.168351
0.573224
0.33346
0.193168
0.167344
0.1557
0.521079
0.576457
0.0569675
0.465658
0.0341371
0.434168
0.0235485
0.51431
0.000261464
0.000323353
0.196865
0.0182143
0.00594374
0.615001
7.5793e-05
0.355664
0.0736795
0.0122583
0.0718545
0.277275
0.136866
1.34371e-05
0.104282
0.151963
0.0646397
0.0956252
0.00146131
0.102856
0.0155544
0.538717
0.337461
0.146899
0.00234501
0.0864292
0.000255263
0.00135846
0.00355874
0.0258845
0.342904
0.387735
0.00200283
0.133973
0.000473987
0.0600014
0.214782
0.153772
0.0696007
0.149756
0.114729
6.08256e-05
0.0115642
0.152414
0.441309
0.00070224
0.469397
0.0287882
0.000486958
0.622346
0.100901
0.0134053
0.115201
0.374101
0.0154115
0.00168914
0.299625
0.413144
0.00413194
0.542612
0.0206684
0.316844
0.0097413
0.624834
0.037814
0.543122
0.0639931
0.00930796
0.437551
0.00148901
0.154849
0.439175
0.000249387
0.108296
0.31707
0.15484
0.0251554
0.0345543
0.476101
0.00686471
0.00018726
0.00198258
0.000934149
0.205323
0.0113519
0.00339668
0.000359377
0.0441825
0.0113425
0.293964
0.600728
0.0674758
0.00240038
0.000265791
0.314031
0.0260423
0.00011869
0.175842
0.00330797
0.0199073
0.108417
0.000389615
5.19686e-05
0.00147809
0.0391968
0.473254
0.50512
0.0068285
0.0722558
0.644709
0.131528
1.87847e-05
0.182809
0.145859
0.00535088
0.387637
0.308793
0.00121843
0.270525
0.00414714
0.0998628
0.381227
0.186743
0.189171
0.272053
0.156316
0.0184173
0.0235616
0.00261891
0.000329904
0.0138431
0.569562
0.196333
0.0277806
0.286607
0.00117802
0.247131
0.384556
0.135959
0.106448
0.00105985
0.00260223
0.43899
0.000402649
0.0372757
0.76378
0.146958
0.0824958
0.0235279
0.00861887
0.147684
0.602052
0.461211
0.104214
0.225071
0.0202696
0.0282634
0.00430168
0.279798
0.48948
0.203656
0.0122092
0.749973
0.267671
0.541378
0.0924714
0.43837
0.30979
0.0119833
0.290854
0.446962
0.511587
0.00739705
0.0179797
0.102151
0.267675
0.45122
0.0132929
0.150874
0.272256
0.319244
0.212755
0.0332963
0.781259
0.298858
0.413957
0.00184394
0.579867
0.264068
0.000948271
0.00249898
0.102523
0.309883
0.000353877
0.00255761
1.70851e-05
0.32678
0.00393561
0.00119816
0.126492
0.123296
0.287952
0.0667031
0.00536765
0.000578539
0.0160233
0.00175171
0.659684
0.334644
0.0512931
0.393922
0.148004
0.450993
0.000568856
0.0678844
0.0720991
1.42613e-06
0.590178
0.087736
0.214953
0.554745
0.344017
3.52381e-05
0.00117947
2.12152e-05
0.0449109
0.503788
0.280856
0.51761
0.118177
0.00328325
0.56715
0.407028
0.0681786
0.0220655
0.120806
0.0249381
0.00067219
0.209455
0.000114606
0.469232
0.185606
0.134395
0.31006
0.25731
1.60732e-06
0.0148409
0.270352
0.0651787
0.249958
0.0785185
0.261958
0.395156
0.000663622
0.0895459
6.22128e-05
0.7645
0.0268944
0.368654
0.0997187
0.000216108
0.0850909
0.128706
0.231226
0.00384292
0.0750012
0.0073402
0.0718824
0.250635
0.0635727
0.444021
0.0616152
0.103353
0.00501621
0.032732
0.637905
0.482922
0.000686234
0.275076
0.102515
0.0853419
0.0388659
0.49092
0.0228385
0.0381449
0.609016
0.0154454
1.13192e-05
0.48149
0.350503
0.0146129
0.49367
0.0297556
0.240083
0.00307595
0.326702
0.0628953
0.355716
0.208449
6.65786e-08
0.000908465
0.329504
0.0518108
0.145933
0.106763
0.101884
0.248681
0.310815
0.00848191
0.0222626
0.200484
0.00445109
0.00336002
0.42454
0.00504291
0.0972736
0.68588
0.0553218
0.0191262
0.476608
0.117794
0.00146299
0.292846
0.00919048
0.32575
0.00210927
0.605354
0.00289735
0.000121812
0.247832
0.211489
0.0306677
0.00268112
0.721483
0.0521211
0.0583016
0.123984
0.0004399
0.214967
0.000361034
0.0296265
0.462386
0.00184373
0.678156
0.0108805
0.433807
0.243544
0.000223227
0.050056
0.0488637
0.00337861
0.531909
2.02459e-05
0.174919
0.000169749
0.185755
0.213933
0.709433
0.115478
0.000290303
0.634099
0.307853
0.00528463
0.0260698
0.549955
0.000131818
0.013583
0.0350709
0.265498
0.000413182
0.221013
0.34074
0.0842223
0.0295748
0.454032
0.537921
0.178588
0.00111205
0.000137467
0.520047
0.0850848
0.000918552
0.000155139
0.0255248
0.0156589
0.00071361
0.660534
0.21517
2.68631e-06
0.567018
0.0104463
0.130441
0.352593
0.141771
0.274073
0.0513644
0.33679
0.0159495
0.00132798
0.156745
0.483764
0.454519
0.000760559
0.0118343
0.316337
0.00111316
0.403776
0.488361
0.470086
0.0213809
0.000872635
0.160401
0.00131879
0.0615239
0.149347
0.000900244
0.0215578
0.0680506
0.000442118
0.301488
0.00156386
0.189246
0.338118
0.171795
0.257309
0.0646081
0.000717321
0.175327
0.0660706
0.545826
0.58317
0.272878
0.166886
0.17407
0.0554174
0.0345905
0.462635
0.00114528
0.46187
0.73304
0.0352113
0.0491809
0.627086
0.77543
0.25561
0.353969
0.114945
0.0221019
0.538413
0.486364
0.344771
0.623815
0.197378
0.10353
0.00367008
0.252147
0.287601
0.528922
0.532644
0.367876
0.00239756
1.13205e-05
0.0203914
0.13317
0.250337
0.00431942
0.00385953
0.371938
3.39434e-06
0.406309
0.00671543
2.97726e-05
0.421045
0.694551
0.442947
0.356003
0.0189845
0.363606
0.335353
0.0459063
0.677029
0.0123312
0.037908
0.0200121
0.0241268
0.0479616
0.0856513
0.00382824
0.00832664
0.000691701
0.00670729
0.00113057
0.0316503
0.000286935
0.234208
1.73636e-05
0.34882
0.0331512
0.012561
0.00799398
7.24749e-05
0.0672102
0.226442
0.367051
0.00604233
0.0581223
0.0850331
0.00860236
0.308568
0.00191001
0.0121262
0.00807955
0.383961
0.210773
0.153999
0.00465819
0.199627
0.493659
0.0330225
0.00247636
0.0239841
0.000340266
0.0675907
0.284861
0.315939
0.551819
0.466128
3.97579e-06
0.355255
6.25155e-05
0.182497
0.000192747
0.520935
0.0122608
0.0147874
0.0463363
0.000465084
0.219948
0.0220462
0.0170728
0.0170658
0.0296716
0.29114
0.0642113
0.00199899
3.72696e-06
0.000876523
0.397615
0.0249274
0.00880105
0.00933017
0.366969
0.0147625
0.00712003
0.700513
0.290623
0.0362974
0.00271209
0.503915
0.0488492
2.32014e-07
5.22805e-05
0.0057646
0.153199
0.0103732
0.59262
0.246127
0.0325512
0.000247254
0.382835
0.093781
0.0106004
0.610086
0.025709
6.52015e-06
0.604253
0.00171329
0.000152658
0.0263727
0.0681436
0.0849427
0.450558
0.348031
0.462914
0.250877
0.0516553
0.297856
0.566401
0.131466
0.446525
0.0291212
0.337147
0.193213
0.297515
0.261646
0.064578
0.00233735
0.468821
0.000203846
0.301363
0.254405
0.0108389
0.107323
0.199886
0.0759565
0.0183481
0.634446
0.0313996
0.0089536
0.39018
0.626987
0.0279939
0.230699
0.715249
0.119156
0.0363928
0.0628345
0.583898
0.00348914
0.00922853
0.0565504
0.231462
0.535364
0.335536
0.0165443
0.289251
0.64623
0.0009742
0.0157252
0.101768
0.460343
0.24086
0.0870397
0.549889
0.12949
0.0377959
0.000213681
0.0706703
0.319512
0.0859431
0.176711
0.223945
0.00245119
0.383333
0.00559906
0.00943402
0.350675
0.00607794
0.0184035
0.237369
0.271745
0.00464991
0.166063
0.0092746
0.323535
0.454205
0.0138125
0.00265905
0.193631
0.00732081
0.00113921
0.150389
0.0285786
0.409909
0.000797723
3.33244e-06
0.120246
0.00999492
0.00371391
0.135218
0.0744271
0.432281
0.0101887
0.324679
0.0198897
0.180937
0.202759
0.00129847
0.211412
0.245645
0.354117
0.0190962
0.063692
0.253018
0.288206
4.72709e-05
0.292312
0.150291
0.289631
0.25003
0.00232344
0.476591
0.307892
0.000378335
7.7604e-05
0.387951
0.00851724
0.375205
0.00121368
0.265665
0.379478
0.48709
0.00421526
0.517959
0.093346
0.344083
0.683372
0.315938
0.234734
0.0680131
0.000655358
0.724561
0.366642
0.248595
0.770225
0.00510632
0.213141
0.0799437
0.317857
0.00192583
0.155783
0.314265
0.435407
0.437263
0.00308378
0.21977
0.370042
0.380102
0.0220146
2.44347e-05
0.30269
0.374248
0.548949
0.0317349
0.313237
0.466028
0.0103006
0.0681774
0.70141
4.44188e-06
0.000206507
0.0650644
0.688409
0.000411474
0.464496
0.0434436
0.0384188
0.307566
0.103698
0.413758
0.0001806
0.489549
0.460626
0.534636
0.00688611
0.0268696
0.0116366
0.445502
5.21694e-05
0.00020388
0.0245299
0.36245
0.236821
0.596145
0.00653037
0.164019
9.71222e-05
0.00989338
0.0768028
0.0101604
0.361565
0.0341526
0.000796306
0.310861
0.509964
0.219809
0.150297
0.0589117
0.00286536
0.145014
0.647191
0.227427
0.220313
0.00844936
0.00601395
0.321032
0.0152949
0.000117056
0.00582511
0.431615
0.250072
0.000505865
0.577638
0.484305
0.426475
0.273408
0.541067
0.364715
0.421565
0.409009
0.274476
0.0307953
0.0626767
0.162947
0.00168074
0.0524593
0.184291
0.00205715
0.143161
0.029997
0.363834
0.199458
0.091155
6.4796e-06
0.054207
0.21926
0.50366
0.380585
0.200237
2.90958e-05
0.351531
0.0483227
0.141759
0.466665
0.0793904
0.450709
0.366369
0.365511
3.68966e-05
0.0127459
0.14785
0.359424
0.000197533
0.238987
0.0104566
0.0310531
0.224779
0.396897
0.0253179
0.000377609
0.00505298
2.54982e-05
0.479818
0.114316
0.0553697
0.161425
0.00193343
0.00286943
0.31669
1.145e-05
0.486813
0.00507262
0.583545
3.612e-05
0.714931
0.601369
0.010903
0.00250005
0.339414
0.0062629
0.299234
0.0906333
0.0280249
0.10333
0.0655027
0.0908486
0.00617079
0.0891496
0.209798
0.289319
0.185923
0.480998
9.6961e-06
0.0377519
0.474408
0.660247
0.398683
0.525035
0.000111631
0.507829
0.102133
0.0160838
0.0020817
0.0077448
0.17265
0.039588
0.000450547
0.04156
0.260218
0.00130903
0.150347
0.429923
0.291662
0.644609
0.155186
0.178549
0.120817
0.00184691
0.00929451
0.220377
0.578934
0.431639
0.00721139
0.344415
0.395498
8.15491e-05
0.0361581
0.251735
0.0115834
0.0452115
0.202089
0.0740796
0.0107947
1.13462e-05
0.138567
0.0685983
0.550723
0.0112662
0.247506
0.0689111
0.12936
0.0251296
0.0932006
0.407193
0.0296048
0.0178749
0.24852
0.192425
0.00420032
0.17508
0.0128837
0.0999644
0.0706097
0.00375838
0.183433
0.286226
0.000937609
0.119686
0.0636564
0.192894
0.0712119
0.0156652
0.000567148
0.0506046
0.000166476
0.694714
0.312945
0.00031198
0.0312435
0.00111352
0.000179931
0.000778852
0.0286628
0.403117
0.304642
0.13132
0.00115916
0.000291611
0.386853
0.255912
0.000209608
0.303648
0.480965
0.013328
0.166814
4.78689e-06
0.0784445
0.337508
0.00106593
0.0792424
0.227255
0.000338247
0.31793
0.000485988
0.35193
0.523174
0.00911204
0.551486
0.422428
0.407982
0.00384738
0.0451584
0.0854771
0.194952
0.0323914
0.376989
0.30633
0.116713
0.000208869
0.003036
0.165706
0.00297465
0.220932
0.14462
0.31498
0.00130927
0.00961671
0.481464
0.017555
0.489142
0.0665967
0.0071993
0.0344381
0.0273594
0.0616162
0.00192929
0.218693
0.288406
0.194263
0.00959086
8.89985e-07
0.274086
0.0123159
0.000347562
0.358366
0.00344538
0.133896
5.13554e-06
0.128166
0.262508
0.147894
0.0945611
0.0233649
0.000103709
0.520484
0.00140007
0.024036
0.00527994
0.0100468
0.00786342
4.52781e-05
0.0202947
0.196071
0.00141047
9.90699e-06
0.0676058
0.284985
0.32432
0.438202
0.56346
0.289671
0.0786065
0.346271
0.00812018
0.0155561
0.288566
7.07777e-05
0.164097
0.289289
0.186648
0.15019
0.203592
0.00407295
0.535761
0.213672
0.0477742
0.0119589
0.0484315
0.0262398
0.668586
0.638945
0.183799
0.478719
5.11017e-06
0.317613
0.510215
0.74999
0.772098
0.247303
0.205913
0.353809
0.0739608
0.300208
0.311278
0.0137931
0.439788
0.613474
0.00127635
0.0551008
0.171605
0.251418
0.368474
0.325315
0.457856
0.00415239
0.0580125
0.363457
0.0500585
0.00928
0.0334017
0.103883
0.157868
0.0431058
0.148208
0.264394
0.33566
0.30024
0.402681
0.13104
0.124081
0.0776297
0.510822
0.0654797
0.00301635
0.0351828
0.0463868
0.442567
0.390128
0.0612378
0.304692
0.342826
0.000533737
0.306038
0.0290789
0.439435
0.220314
0.521498
0.0167876
0.00369167
0.317324
0.249416
0.162357
5.81323e-07
0.327394
0.279127
0.000636884
0.10988
0.0813649
0.541558
0.389754
0.00239287
0.514828
0.0205322
0.0084784
0.526168
0.0403103
0.00614144
0.254925
0.0322073
0.00341722
0.213247
0.00141696
0.00137415
0.300163
0.000390735
0.640451
0.222083
8.44914e-05
0.0141618
0.00951566
0.0325053
0.0174152
0.510344
0.124148
0.0684201
0.597896
0.53265
0.0993859
0.000640678
0.0740475
0.49913
8.6259e-06
0.325725
0.0170164
0.435708
0.0584356
0.0145791
0.00462059
0.310482
0.00986573
0.26394
0.0383431
0.129622
0.154645
0.000259359
0.00835973
0.0635741
0.277418
0.0174582
0.140817
0.0290426
0.000221818
0.00101799
0.0155003
0.518763
0.0750371
0.00426788
0.0011589
0.562789
0.317273
0.000644723
0.547908
0.0296594
0.0562857
0.000379928
0.0332898
0.0056146
0.00404649
0.00410777
0.628165
0.54029
0.0185929
0.0625593
0.0107592
0.683424
0.0483317
0.329611
0.0132287
0.262487
4.12315e-06
0.00617511
2.631e-07
8.71772e-08
0.379165
0.454162
0.000538942
0.0013535
0.337436
0.178023
0.000133347
8.2993e-05
0.491617
0.286867
0.377264
0.473659
5.96783e-05
0.0110261
0.000118705
0.000538455
0.465785
0.0468336
0.276833
0.232856
0.000965366
0.0155841
0.178887
0.0751459
0.109188
8.59557e-05
0.0154963
0.473351
0.266949
0.030674
0.000177985
0.428936
0.4067
0.321269
0.0460034
0.0443702
0.280748
0.00554255
0.344723
0.0560532
0.0390217
0.408687
0.389339
0.0521173
0.0137246
0.0987704
0.295526
0.106039
0.354287
0.155099
0.461932
0.00161887
0.262344
0.618164
0.331716
0.486555
0.0312902
0.625417
0.182052
0.573489
0.307404
0.0864711
0.172854
0.388951
7.31634e-05
0.00582638
0.000113866
0.475734
0.0309647
0.00280849
0.300368
0.0695759
0.277215
0.485851
0.325306
0.238323
0.0971751
0.0221128
0.00752478
0.00535637
8.45816e-06
5.08463e-05
0.173365
0.129319
0.000336166
0.00728615
0.458601
0.409859
0.334509
0.0602631
0.00217829
1.77056e-06
0.623543
0.440239
0.181747
0.0314907
0.215791
0.583486
0.0220262
0.0605451
0.251966
0.0521456
0.059392
0.255845
0.274278
0.000854259
0.0609865
0.0332721
0.114262
0.0178167
6.8696e-06
0.511056
0.263733
0.173459
0.108141
0.640866
0.0371339
0.109366
0.216039
0.106307
0.105412
0.287146
0.145631
0.00265269
0.0772256
0.0111316
0.264179
0.000472062
0.000807186
0.0241041
0.325165
0.02585
0.275055
0.241682
0.214408
0.0820799
9.54001e-05
0.0296105
0.00270539
1.33775e-06
0.0357919
0.0292345
3.7266e-05
0.298905
0.0249869
0.0356519
0.0189215
0.00788968
0.356931
0.00232837
0.212816
0.0061435
0.266817
0.0638759
0.343187
0.00148849
0.686411
0.382673
0.00114274
0.526784
0.0173317
0.000398242
0.411384
0.00952584
0.00472972
0.32469
0.703539
0.40515
0.392066
0.0268742
0.597038
0.00013159
1.17768e-05
0.215932
0.395651
0.0011995
0.0561877
0.26444
0.0407688
0.00348762
0.00875474
0.00205404
0.00724365
0.0132269
0.193103
0.244374
0.00186451
0.213743
1.13864e-05
0.550502
0.193636
0.0794505
0.319281
0.345362
0.456208
0.326742
0.0525911
0.531566
0.0236109
0.281009
0.0828247
0.303635
0.00542234
0.00116202
0.116257
0.00371676
0.42528
0.220699
0.000553267
0.0399358
0.0203148
0.383311
0.540056
0.161017
0.0570329
0.428807
0.141559
0.121096
0.00762474
0.0224105
0.00137148
0.0226041
0.0796718
0.331927
0.0498997
0.00022251
0.141348
0.774903
0.750257
0.0741674
6.16106e-06
0.121882
0.727356
0.564853
0.135573
0.533792
0.0459031
0.00418319
0.62383
2.10556e-06
0.0148362
0.233924
0.27534
0.0820785
0.102671
0.244369
0.0105266
0.000569679
0.513457
0.00986518
0.182026
0.00659007
0.145966
0.140314
0.114864
2.80764e-05
0.510241
0.0148931
0.244505
0.019065
0.30101
0.227076
0.0147189
0.367156
0.00794434
0.000214715
0.450655
0.0809374
0.0507391
0.445328
0.000619936
0.0151559
0.0148707
0.0429521
0.271716
0.0976714
0.021544
0.389824
1.3429e-05
0.00878712
0.000140582
0.212618
0.26249
0.398015
0.00453293
0.15768
0.00535907
0.27351
1.37506e-05
0.00958168
0.101215
0.248357
0.127043
0.303534
0.0615256
0.00500492
0.0142618
0.090971
0.00538663
0.0120126
0.0705663
0.00114987
0.000209296
0.253212
0.00680297
0.444454
4.40568e-06
0.00255467
0.252404
0.0773921
0.246995
0.000800685
0.453206
0.52737
0.262655
0.454728
0.0101785
0.156169
0.579677
0.158548
0.0839301
0.150764
0.013819
3.79929e-05
0.322528
0.547797
0.0327699
0.0188988
0.0131336
0.0487287
0.481929
0.599583
0.151973
0.253269
0.441298
0.0036844
0.00204949
0.291813
0.17466
0.229796
0.00104578
0.307599
0.00191471
0.473605
6.94846e-05
1.42816e-08
0.300462
0.0843958
0.001042
0.508728
0.000248868
0.0650795
0.475519
0.216524
0.0054306
6.87324e-06
0.00270582
1.11257e-05
0.602395
0.0435941
0.00937136
0.6053
0.132232
0.234354
0.518255
0.501189
0.142368
0.00716656
0.0387722
7.75857e-07
0.195058
0.433177
0.249161
0.0527596
0.00649075
0.216876
0.549236
0.447116
0.000322241
0.0804017
0.0225998
0.0894022
0.0324011
0.192282
0.000344792
0.618429
0.0849502
0.213185
0.00086869
0.160327
0.0617035
0.000858716
0.00215017
0.365391
4.59072e-05
0.00147296
0.679043
0.0817746
0.207262
0.00378766
0.00350374
0.189145
0.388058
0.244058
0.205181
0.255225
0.0108163
0.550417
0.276669
2.77794e-05
0.015194
0.356234
0.459106
0.214522
0.501083
0.0107351
0.224286
0.368001
0.0748273
0.42038
0.47519
0.161115
0.00116316
0.0242425
0.0204763
0.128399
0.0174507
0.203368
0.00428569
0.229639
0.30302
0.152975
0.0206912
0.33659
0.339452
0.00353184
6.15217e-05
0.30911
0.47007
0.00198965
0.0132546
0.0113544
2.08034e-05
0.223808
0.0616087
0.14197
0.432977
0.295733
0.0142779
0.0351129
0.000841762
0.313412
0.000215773
0.106928
0.417284
0.00975768
0.326492
0.0375594
0.0358953
0.00086432
0.399697
0.242166
0.0742165
0.32957
0.539635
0.0894591
0.250615
2.53705e-06
0.330762
0.0500337
0.0503681
0.000272878
0.286737
0.346726
0.124311
0.132025
0.377322
0.0161579
0.252698
0.0332762
0.0024439
0.0905774
0.011981
0.0220103
0.266589
0.440684
0.312363
0.000268973
0.00640992
0.0686651
0.00441965
0.0207983
0.700132
0.218776
0.0554225
0.212015
0.317807
0.656076
0.488927
0.53076
0.0211727
0.000841284
0.332147
0.00208592
0.0301203
0.00643836
0.291109
0.0145063
0.00312163
0.0994798
0.0510435
0.000667989
0.32561
0.211726
0.278569
0.110024
0.34801
0.00556311
0.253348
0.0172657
0.0654011
0.128708
0.597799
0.0702542
0.10771
0.143482
0.377947
0.00126035
0.259259
0.258752
0.0306169
0.00452885
0.229834
0.0026624
0.248517
0.37418
0.264764
0.149002
0.00130973
0.105445
0.000144576
0.000306577
0.451118
0.000989097
0.00781913
0.0347834
0.649822
0.0275485
0.0949365
0.0147277
0.00492691
0.00317298
0.399408
0.0005453
0.280973
0.50058
0.245658
0.399339
0.00661894
0.0116162
0.448986
0.143863
0.285601
0.0782572
0.541381
0.0804554
3.51472e-06
0.00854731
0.0640827
0.628704
0.0377291
0.0885312
0.291189
0.346461
0.0353373
0.482407
0.33101
0.132495
0.000280572
0.140135
0.00598454
0.324025
0.0136989
0.1924
0.00969465
0.106132
0.371496
0.000172165
0.354958
0.000282161
0.0467541
0.0681899
0.149106
0.00208995
0.535075
0.378742
0.277833
0.000214719
0.106699
0.00463092
0.0951945
0.336158
0.0245995
0.293939
0.000624599
0.00210432
0.521624
0.254581
0.00336921
0.433479
0.115144
4.73771e-05
0.445339
0.198223
0.0015973
0.00318223
0.38473
6.48784e-05
0.00846277
0.30764
0.290274
0.00103305
0.369056
0.555874
0.00597593
0.0325569
0.240856
0.0142805
0.108624
0.0496447
0.339737
0.0406571
0.00709289
0.15354
0.0985746
0.000193426
0.00523319
0.0130186
0.0650088
0.0492207
0.384531
0.244527
0.269811
0.0448844
0.00707158
0.19922
0.454045
0.000283781
0.259932
0.0109765
0.0011163
0.133581
0.189022
0.014407
0.000425072
0.079685
0.0270694
0.238869
0.000448376
0.365537
0.00568783
0.0256011
0.0174327
0.298647
0.0105686
0.0960031
0.0121588
0.193702
0.0650518
0.610018
0.0042759
0.296426
0.633927
0.24215
0.00322179
0.136353
0.329151
0.0709015
0.442112
0.430631
0.00430511
0.0466171
0.00728788
0.0805194
0.0700066
0.154618
0.0137956
0.0221693
0.537252
0.000448976
0.0483065
0.070803
0.0246316
0.0554625
0.433973
0.0331449
0.0765126
0.00401357
0.261823
0.238285
0.0345299
0.212678
0.623753
0.372584
1.45278e-05
0.258266
0.0382253
0.0490027
0.0112301
0.413263
0.15021
0.00194439
0.53971
0.385892
0.000825269
0.416279
0.573803
0.287683
0.0189375
0.305064
0.554576
0.423748
0.255439
0.305509
0.00709425
0.387781
0.0598251
0.0100794
0.0590338
0.378306
0.354687
0.000308414
0.15317
0.000194679
0.105342
0.237066
0.000608954
0.175297
0.0723855
0.000124891
0.000124245
0.0459938
0.318787
0.105971
0.00317466
0.0035092
0.000578468
0.19965
0.293533
0.0370971
0.152747
0.121016
0.0167417
0.246542
0.453369
0.000459367
0.000432181
0.0763387
0.489267
0.0584105
0.019795
0.815685
0.404339
1.41986e-05
0.176579
0.126076
0.282132
0.0010583
0.00110282
0.595403
0.100224
0.300273
0.0297248
0.0647864
0.0192967
0.018279
0.40625
0.245877
0.527304
0.0125039
0.0519791
6.28143e-05
0.31053
0.0218482
0.0317754
0.186025
0.191636
0.194878
0.38191
0.00347972
0.0497908
0.0658537
0.303247
0.00731487
0.125188
0.185975
0.0218979
0.0242172
0.126824
0.0210192
0.0915542
0.401994
0.0152476
0.265796
0.0107273
0.0711622
0.0573116
0.294353
0.675249
0.204705
0.188697
0.0284009
4.35648e-05
0.615269
0.421609
0.463202
1.09018e-05
0.202282
0.000745811
0.293907
0.0184778
0.0171679
0.303689
0.000318224
0.705356
0.430728
0.182716
0.370816
0.0376495
0.0647927
0.383532
0.121604
0.438738
0.000131937
0.0165368
0.205018
0.0221504
6.84289e-05
0.0013101
0.000112036
0.155894
0.254292
0.0234008
0.00588253
0.0314172
0.152672
0.00999842
0.0568277
0.00106366
0.360317
0.00553346
0.314888
0.0105905
0.0511989
0.0554522
0.469075
0.247369
0.38374
0.109786
0.41439
0.552902
0.213586
0.374682
0.0799986
0.29839
0.49571
0.00309702
0.12603
0.0601398
0.122855
0.061664
0.433996
0.00359778
0.0038958
0.464372
0.344494
0.00590374
0.686501
1.31105e-07
0.293532
0.200075
0.0162147
0.365887
0.494768
0.100837
0.0662783
0.372731
0.0166476
0.410198
0.320032
0.0277837
0.180058
0.317446
0.507387
0.240046
0.280875
0.287698
0.229254
0.303588
0.250219
0.476728
0.704351
0.00312309
0.15779
0.278866
0.326797
0.0644977
0.0557454
0.435618
0.301861
0.0119458
0.310931
0.0234507
0.484625
0.00973101
0.133828
0.00283847
0.153382
0.0801465
0.216727
0.0459489
0.0318169
0.010523
4.89308e-05
0.0342839
0.000571203
0.232069
0.0324716
0.458998
0.0871789
0.564147
0.0831546
0.534356
0.414153
0.0171907
0.410493
0.194151
0.00379463
0.176931
0.307313
0.421917
0.0207189
0.00578319
0.000251478
0.332382
0.124648
0.330998
0.368401
0.024148
0.292577
0.0020143
0.0304148
0.440427
0.00100436
0.239857
0.00852212
0.534593
0.00201975
0.358658
0.499696
0.0125857
0.20574
0.20841
0.035151
0.00954375
0.39873
0.298798
0.0146332
0.225588
0.0607094
0.346976
0.000342407
0.148547
0.0617931
0.0029359
0.0125037
0.208722
0.372426
0.357455
0.00520049
0.441541
0.112232
0.290195
0.223516
0.325641
0.56713
0.235838
6.44433e-05
0.302875
0.411876
0.25238
0.165924
1.61775e-05
0.358267
0.342735
0.112342
0.185526
0.485976
0.358787
0.000191611
0.196054
0.476399
0.462429
1.21953e-05
0.297508
0.600184
0.000202566
0.290569
0.373019
0.108905
0.00190296
0.079794
0.248955
0.0382986
0.0765662
0.0122597
0.0181343
0.365694
0.515918
0.239553
0.28094
0.302789
0.759297
0.00681819
0.0702369
0.610912
0.0416376
0.115988
0.0648458
0.155266
0.0918589
0.0656835
0.269508
0.0301991
0.299265
0.0477758
0.0571289
0.649892
0.181208
0.00417439
0.239743
0.325384
0.0812941
0.0345484
0.0209581
0.000989992
0.643485
0.205421
0.496164
0.02583
0.0206224
0.141973
7.81529e-05
0.0202115
0.000603681
0.00311289
7.64305e-05
0.273691
0.262234
0.048736
0.0100717
0.00330719
0.530953
0.0589577
0.0405407
0.197772
0.00171264
0.00322143
0.0806365
0.306538
0.0912726
0.0173688
0.323295
0.482328
0.239145
0.000251087
0.370885
0.528337
0.0319145
0.332919
0.00161655
5.6439e-05
0.449195
0.0806444
0.00306216
0.0301989
0.145148
0.154481
0.0198446
0.179043
3.8637e-08
0.398751
0.00211418
0.344789
0.373421
0.277023
0.270379
0.334757
0.475586
0.304964
0.0517377
0.00151169
0.0455377
0.00648583
0.381957
0.00698397
0.477316
0.00401259
0.000940591
0.00832115
0.00299703
1.50505e-06
0.289434
0.0636632
0.45176
0.370433
0.108673
0.318251
0.00612188
0.149245
0.0182261
0.0092604
0.33397
0.237266
0.00449054
0.211662
0.000411542
0.00675955
0.00233854
0.14137
5.00509e-05
0.24378
0.5801
0.008804
0.0558429
0.0439441
0.106039
0.569618
0.0313108
0.444651
0.00769735
3.31654e-05
0.115344
0.0279828
0.021118
0.000575893
0.0715459
0.0527838
0.45085
0.353863
0.00250595
0.382479
0.0159849
1.26787e-07
2.48177e-05
6.68102e-05
0.430926
0.159663
0.216788
0.469197
0.475776
0.114778
0.105666
0.00770309
0.156302
0.258797
0.352869
0.00115763
0.20179
0.13654
0.362372
0.00110705
0.330706
0.148907
0.487565
0.0553936
0.0160039
0.159891
0.133151
0.363232
0.0552325
0.603386
0.367183
0.283418
0.384567
0.203169
0.401316
0.000584912
0.0222953
0.30662
1.08887e-05
0.318187
0.263701
0.479377
0.178204
0.00120468
0.100228
0.174452
0.00141329
0.00258958
0.54669
0.277675
0.17547
0.0733401
0.0207066
0.130311
0.16944
0.00226341
0.647605
0.0968954
0.0700953
0.000154878
0.0386459
0.414488
0.0397985
0.385155
0.118816
0.278692
0.190961
0.000163499
0.152233
0.00317295
0.000585286
0.124202
0.0917722
0.0558671
0.00515536
0.311082
0.0142541
0.399233
0.000304707
0.0913503
0.000113506
0.301273
0.432819
0.395211
0.00932372
0.00402762
0.188917
0.356672
0.079104
0.00725389
0.0607704
0.575723
0.493976
0.0895041
0.0111297
0.00803747
4.02416e-06
0.744092
0.241341
0.286896
0.00681903
0.218819
0.00556565
0.187208
0.503386
0.0208598
0.0315116
0.324032
0.7429
0.00139658
0.0170378
0.0601899
0.00010206
0.487054
6.57669e-05
0.364724
0.335466
0.296907
0.223613
7.49971e-05
0.270315
0.379038
0.567809
0.279517
0.487832
0.00790621
0.245644
0.385789
0.162208
0.00268799
0.535553
0.186012
0.373596
0.0211875
0.00832968
0.589713
0.00631901
0.0934126
0.352484
0.075758
0.0550249
0.563542
0.0303772
0.188612
0.00473327
0.466499
0.00352839
0.41287
0.34051
0.188756
0.000210091
0.25957
0.0523201
1.80394e-05
0.0111869
0.404745
0.00194283
0.0214753
0.00631347
0.383788
0.0808574
0.0615839
0.230546
0.131787
0.302059
0.320839
0.0107913
0.101871
0.104534
0.312639
0.0790958
0.614474
0.680602
0.00057761
0.199706
0.44821
0.000379987
0.00194463
0.00408221
0.15631
0.542229
0.375345
1.68966e-06
0.0478014
0.00520324
0.0128129
0.180903
0.327882
0.00249417
0.0010031
0.144674
0.00116991
0.000938579
0.541932
0.219346
0.09517
0.0170868
0.0427541
0.314142
0.000314725
0.557421
0.0612122
1.85761e-05
0.51537
0.271806
0.0208593
0.0347126
0.00479093
0.043645
0.332748
0.0463761
0.290082
0.00462427
0.0865581
0.29026
0.000187872
0.415661
0.0319563
0.153964
0.315676
0.0238024
0.0423653
0.00822252
0.262015
0.0416312
0.00227908
0.218592
0.306505
4.08562e-05
0.511334
0.0015348
0.0966659
0.275544
0.354069
0.00143837
0.000119206
0.383194
0.2522
0.264151
0.0232662
0.17101
0.0734124
0.00022634
0.228509
0.240638
0.00583128
0.00490297
0.150462
0.056025
0.118487
0.423517
0.000464896
0.105561
0.327365
0.000494624
0.473462
0.0593392
0.648035
0.140058
0.0163119
0.0276601
0.00133973
0.127507
0.141098
0.158533
7.91235e-06
0.549312
0.0105418
0.00374878
0.578114
0.162049
0.157521
0.0150515
0.0140714
0.136966
0.25701
0.435979
0.0206234
0.401826
0.364349
0.205995
0.115646
0.340444
0.0279236
0.337989
0.000341132
0.0843508
0.0628211
0.144225
0.0615267
0.0809001
0.486069
0.0121571
0.511737
0.633051
0.629118
0.503307
0.0759794
0.0225524
0.46098
0.512494
0.248191
0.267817
0.241923
4.96858e-06
0.00360439
2.8382e-06
0.0707012
0.00552585
0.640002
0.00932235
0.199776
1.45231e-05
3.98687e-05
0.000188978
0.00150925
0.401849
0.607034
0.568498
0.104787
0.537761
0.407178
0.106597
0.516693
0.235522
0.0184024
0.632499
0.384493
2.14003e-06
0.283318
0.00088454
0.171368
0.00216143
0.0822281
0.119962
0.000803578
0.202076
0.00834366
0.276709
0.0919595
0.0442543
0.385919
0.337868
0.00493323
0.197469
0.0617739
0.000544042
0.00521284
4.25607e-05
0.0741249
0.000208832
0.0259223
0.0840593
0.417245
0.0483094
0.23374
0.0453244
0.223945
0.000267861
0.0116078
0.0639372
7.0285e-05
0.00486334
0.00436914
0.00460357
0.00168517
0.00763982
0.117456
0.000448478
0.281459
0.0433258
0.144297
7.3282e-05
0.0873681
5.61387e-05
0.000715528
0.00194654
0.541518
0.114711
0.25148
0.00148732
8.20902e-08
0.620457
0.169262
0.246609
0.00483062
0.000121467
0.00115493
0.305866
0.293128
0.0510716
0.173748
9.31916e-07
0.409057
0.000187021
0.462463
0.0893075
0.0675483
0.0915607
0.469064
0.0393728
0.00115814
0.000489344
0.305072
0.511892
0.00382948
0.000726792
0.283253
0.000464914
0.33555
0.02034
0.30484
0.231514
0.234993
0.0573076
9.52131e-05
0.034484
0.235904
0.285842
0.532912
0.298726
0.0838684
0.642714
0.000531879
0.236307
0.321625
0.00405844
2.61717e-05
0.0484331
0.135449
0.000564977
0.235544
0.220778
0.0057913
0.553735
0.257681
0.2685
0.603165
0.117542
0.139788
0.0368212
0.653885
0.0503153
5.63984e-07
0.255622
0.0411841
0.000433358
0.277365
0.00565365
0.066161
0.00666629
0.261205
0.217227
0.0621186
0.326413
0.00469121
0.0467692
0.18298
0.0550501
0.418194
0.142206
0.0245191
0.095977
0.290639
0.280287
8.7705e-05
0.545608
0.295452
0.455954
0.334512
0.0159365
0.329746
0.00037311
0.143417
0.066289
0.0306644
0.358759
0.0306471
0.553892
0.168201
0.243561
0.427511
0.102842
0.00354395
0.199535
0.329841
0.475732
0.202259
0.376275
0.490932
0.0262543
0.18499
0.000996018
1.22668e-06
0.000932857
0.304248
0.299102
0.112879
0.413122
0.218499
0.626652
0.11325
0.000214666
0.0191122
0.0540051
0.0811307
0.0586533
0.194808
0.314471
0.0131055
0.187826
0.147374
0.182643
0.333879
0.0822357
2.62229e-05
0.00451024
0.541145
0.45473
0.00750099
0.27544
0.375703
1.33874e-05
0.421711
0.0713754
0.144661
2.46415e-05
0.00198561
0.112875
0.00172206
1.47248e-05
0.0134809
0.018812
0.203186
0.218204
0.144668
0.286347
0.0517843
0.0186689
6.16631e-05
0.0110532
3.36012e-05
0.0685756
0.0590193
0.0879606
6.50242e-05
0.22297
0.404055
0.0420706
0.0188577
0.0395765
0.0104609
0.00382743
0.468502
0.0429094
0.204538
0.00347758
0.00351332
0.000162796
0.0957997
0.192113
0.0122617
0.222957
0.00361202
0.147045
0.11434
0.287573
0.361791
0.0140162
0.215726
0.00960131
0.00321562
0.0651316
0.00495015
2.42684e-06
0.317966
0.0222545
0.452903
8.21766e-06
0.000330635
0.00127461
0.000124203
0.2574
0.000241084
0.0174602
0.137177
0.423123
0.155872
0.298157
0.391498
1.18925e-06
0.373472
0.0562318
0.126291
0.49789
0.000257339
0.194358
0.628432
0.0393457
0.129186
0.346792
0.000296983
0.00149878
0.447114
0.0259087
0.00580184
0.0858167
0.164526
0.08887
0.000654988
0.00289378
8.3314e-05
0.0111367
4.72334e-05
0.308049
0.34045
0.550157
0.00137983
0.0103461
7.56793e-06
0.033895
0.117624
0.0136525
0.318048
0.00713624
0.348188
0.234544
0.115919
0.000223767
0.0902987
0.267062
0.080805
0.000115494
0.000446828
0.491303
0.000551706
0.629688
0.0159614
0.0450481
0.00355312
0.00552691
0.286899
0.000973869
0.0271884
0.00032791
0.0701389
0.271385
1.41761e-05
0.00949207
0.00125035
0.000150427
0.187371
0.437243
0.00877868
0.00168524
0.0202195
0.252218
0.00468584
0.510258
0.245903
0.0287723
0.117053
0.000169411
0.407174
0.108646
0.363435
2.79159e-05
0.0189315
0.0519367
0.690977
0.266559
0.0713275
0.297436
0.0701204
0.504254
0.158195
0.00499668
0.296656
0.663024
0.000473672
0.0334249
0.00806502
0.498862
0.322203
0.362234
0.0326538
6.93645e-06
0.612937
0.116884
0.274425
0.0049183
0.00461733
1.96078e-05
0.169661
0.015554
0.333222
0.00361167
0.0143278
0.00805055
0.301545
0.13153
0.110111
0.33576
0.300923
0.0939378
0.106653
0.214452
0.222759
0.00515575
0.396059
0.458739
0.27833
0.0120542
0.0591171
0.41005
0.0611936
0.138075
0.00042396
0.00112374
0.05519
0.000331619
0.286724
0.150819
0.177266
9.26347e-08
9.61507e-07
0.0674773
0.0380391
0.253822
0.244241
0.00396596
0.00522922
0.0867967
0.0286533
0.513702
0.000287833
0.523885
0.0925407
0.00272649
0.0442686
0.32832
0.620761
0.129974
0.0679351
0.133253
0.044453
0.12587
0.0920831
0.37521
0.00114313
0.296926
0.0560667
5.53685e-06
0.12858
0.231089
0.394326
2.71198e-08
0.328625
0.0600397
0.0262394
0.0130031
0.0098223
0.00758942
0.000345681
0.302305
0.151234
1.38948e-06
0.175063
0.00112866
0.0116247
0.180691
0.0026188
0.000202079
0.507994
0.250254
0.00128433
0.273503
0.377518
0.00216794
0.0644591
0.025005
0.246725
0.00334014
0.222271
0.0059183
0.710058
0.21774
9.81951e-05
0.0459109
0.102275
0.0878722
0.000808802
0.242198
0.440947
0.00203766
0.515375
0.213042
0.301654
0.0808631
0.0216563
0.0363518
0.577687
0.00990829
0.365736
0.115172
0.0409031
0.113645
0.107583
0.00155685
0.0990273
0.0115689
0.544614
0.269241
0.197471
0.000137135
0.496467
0.00103909
0.000584216
0.00186408
0.0385333
0.28825
0.383747
0.203552
0.0912303
0.00973154
0.0540052
0.191333
0.0682181
0.061088
0.0580127
0.000278713
0.000179734
0.639295
0.00919445
0.00168415
1.48616e-05
0.614388
0.00427713
0.200488
0.367062
0.19444
0.333633
0.475484
0.00109524
0.018172
1.02621e-05
0.00819414
0.188645
0.0130871
0.254088
0.266762
0.454112
0.276456
0.000304574
0.00425363
1.16602e-05
0.024661
0.020555
0.0593548
0.0188608
0.34312
0.0583029
0.000483664
0.669482
0.378431
0.476048
0.294272
0.000225736
0.0660339
0.356568
0.177605
0.00585757
0.183648
0.176575
0.0207299
0.0051107
0.0413431
0.107136
0.420158
0.208007
5.89392e-06
0.00841257
0.053755
0.28718
0.0245002
0.0114593
0.248425
0.270909
0.0832879
0.74368
0.00370593
0.148782
0.22833
0.130418
0.0943021
0.0467405
0.0089608
0.324663
0.306899
0.000154772
0.71593
0.015703
0.218667
0.0588973
0.0886639
0.00412832
0.0050238
0.00807199
0.300267
0.000639566
0.110809
0.232188
0.322003
0.308346
0.0657259
0.622442
1.28651e-05
0.0396425
0.313768
0.00287829
0.00017928
0.184329
3.61918e-05
0.202713
0.399441
0.0570599
0.184847
0.271845
0.0943472
0.118321
0.287498
0.0359788
0.00166078
0.141503
2.86267e-05
0.000604956
0.231495
0.00170016
0.127938
0.0351326
0.000504954
0.00785608
0.280388
0.00548654
0.00285722
0.0696995
0.261601
0.0163794
2.89603e-05
0.342048
0.0164656
0.0424073
0.379944
0.156633
0.215075
0.0035772
5.44275e-05
0.523368
0.454223
0.519233
0.10098
0.07611
0.336912
0.000416637
0.410624
0.000478313
0.294726
0.367126
0.00177669
0.00031026
0.424993
0.0155722
0.117076
0.0388719
0.000315376
0.00100947
0.350067
5.92435e-05
0.0134648
0.464675
0.234788
0.539347
0.261874
0.481681
0.22173
0.00337703
0.0120029
0.379923
0.0269328
0.0150065
0.413376
0.340455
0.431724
0.0535439
0.543448
0.478555
4.29051e-06
0.0160366
0.0446176
0.309693
0.242546
0.0134991
0.247021
0.475238
0.288864
0.286389
0.0270904
0.0103828
0.14762
0.0193644
0.303737
0.129935
0.00801134
0.545142
0.030841
0.721268
0.0336222
0.433563
0.01436
0.0488911
0.674383
0.478638
0.105978
0.00084678
0.000472764
0.145126
0.544135
0.0246492
0.0195177
0.00766666
0.000669959
0.0289056
0.00165945
0.282363
0.310403
0.00229588
0.413925
0.00442715
0.000503341
0.00252584
0.000512716
0.520493
0.000119768
0.0174561
0.00299831
0.204372
0.382129
0.000760927
0.202705
0.205511
0.0183649
0.397102
0.133819
0.574632
0.658
0.417971
0.469541
0.0901481
0.122373
6.00966e-06
0.11815
0.245825
0.534918
0.0439763
0.0230379
0.0470552
0.00350217
0.438798
0.00221544
0.51305
0.127567
0.283582
0.263772
0.31246
0.0589172
0.000647823
0.51125
0.165309
0.016535
0.3714
0.484487
0.461068
0.346216
0.080943
0.241193
0.00172301
0.00662658
9.93779e-05
0.524882
0.00196251
0.00103538
0.305392
0.330874
0.000265302
5.23083e-05
0.154813
0.626043
3.54021e-05
0.0142911
0.359547
0.692059
1.09171e-06
0.376656
0.00646774
0.169158
0.0807339
0.534864
0.177918
0.189364
0.143887
0.00235186
0.26404
4.33415e-05
0.0193621
0.55345
6.19855e-05
0.653617
0.000267923
0.231854
0.321815
0.11361
0.465169
0.397596
0.000150002
0.00578529
0.421797
0.124089
0.000165467
0.383985
0.0301806
0.307421
0.232839
0.0726706
0.000615138
0.447305
2.50329e-05
0.461686
0.585016
0.288287
0.194269
0.0953286
0.0934465
0.108164
0.247985
0.00943154
0.1739
0.408283
0.147316
0.244042
0.2046
0.0073243
0.304817
0.331191
0.161208
0.185228
0.491585
0.613066
0.135226
0.0551911
0.439984
7.79611e-05
0.0340571
0.00127242
0.150445
0.0340835
0.000453497
0.542468
0.169979
0.00012606
0.440411
0.451633
0.123205
0.0911431
0.341021
0.00152241
0.0795386
0.572017
0.0443124
0.106521
0.193388
0.358454
0.0640551
0.5258
0.123748
0.104639
0.010541
0.219244
3.92063e-07
0.310413
0.0996111
0.41444
0.0241493
0.194802
0.079097
0.310362
0.402519
0.360079
0.150044
0.220757
0.266752
0.309497
0.311525
0.310543
0.232696
0.0488781
0.0820748
0.429614
0.0816019
0.00634356
0.299063
0.0289461
0.1951
0.0130448
0.624292
0.42573
0.592441
0.391387
0.0855125
0.156322
0.053478
0.388015
0.570861
0.133488
0.167244
0.276649
0.142681
0.00451146
0.0607956
0.19366
0.31301
0.0546558
0.144927
0.213286
0.00081884
0.0172546
5.40785e-07
0.00875831
0.536031
0.00574309
0.00055352
0.00103852
0.44787
0.523178
0.612006
0.556412
0.33955
0.293085
0.05124
0.149215
0.0206244
0.427028
0.344018
0.801504
0.0772308
0.000626769
0.0074214
0.0428273
0.00138196
0.269253
0.00209385
0.000150188
0.304936
0.351824
0.237722
0.0522983
0.327204
0.508437
0.297107
0.0625133
0.203422
0.09135
0.00183983
0.00121618
0.0384169
0.385025
0.00538825
0.468317
0.346282
0.096081
0.228
0.168458
0.537192
0.00628974
0.383899
0.311368
0.0261889
0.0161872
0.0107775
0.284597
0.0316037
0.0932765
0.00363933
0.120654
0.245039
0.01638
0.00551682
0.328836
0.161598
0.111063
0.025385
0.0902358
0.138894
0.0160958
0.354551
0.077314
0.253899
3.2258e-06
0.0176328
0.487074
0.00120187
3.22426e-05
0.334188
0.271557
0.583227
6.97881e-05
0.588774
0.444179
0.215804
0.444341
0.0160588
0.131186
0.000191554
0.0348577
0.19339
0.20473
0.358596
0.516003
0.155507
0.062603
0.734225
0.513273
0.370827
0.000667041
0.393525
0.218867
0.00128245
0.438975
0.00866619
0.334209
0.000231736
0.00124761
0.0865967
0.0834365
0.4971
0.117796
0.263715
0.00258468
0.430014
0.218338
0.795788
0.280813
0.266264
0.000358669
0.223033
0.0611305
0.000296675
0.433607
0.0119384
0.525745
0.170721
0.0462301
0.354928
0.120732
0.192751
0.4964
0.081103
0.0147882
0.0711134
0.573604
0.0599548
0.131379
0.157754
0.0225857
0.00667115
0.385034
0.00810161
0.0163139
0.0126181
0.137097
0.000255553
0.004808
0.480203
0.298175
0.285019
0.0505267
0.0862157
0.00080524
0.142275
0.189071
0.00283453
9.03073e-06
0.000566463
0.00157713
0.000348564
0.42431
0.086449
0.332348
0.00320387
0.304139
0.00100215
0.225552
0.0872601
8.50949e-06
0.0632454
0.0876436
0.284235
0.532866
0.317468
0.481919
0.0380858
0.112473
0.447638
0.281619
0.221022
0.428016
0.00750002
0.0149833
0.0227674
0.231834
0.305577
0.000705298
0.377988
0.331865
0.000599286
0.130667
0.35505
0.371917
0.160604
0.550423
0.0374258
0.261648
0.282107
0.0358725
0.132305
0.156068
0.00778498
0.000483474
0.240082
0.136854
0.07853
0.0488764
0.0938227
0.267354
0.41971
0.111401
0.0117273
0.547358
0.106567
0.000163111
0.470592
0.113656
0.0382308
0.0795794
0.199964
0.0211131
4.14901e-06
0.0491774
0.0730028
0.0520284
0.190699
0.576899
0.0927865
0.157094
0.103116
0.355873
0.0055651
0.215552
0.000486838
0.440611
0.414541
0.177386
0.01267
0.00477736
0.226512
0.420461
0.436271
0.485461
0.024612
0.0410598
0.0611758
0.345577
0.627453
0.314587
0.125334
0.485069
0.00542546
0.603465
0.194072
0.520893
0.0106227
0.00250818
0.19131
0.0009012
0.507139
0.510423
2.83512e-06
0.3276
0.0668178
0.549448
0.0139244
0.511978
0.0568634
0.00145592
0.0149525
0.355883
0.382609
0.612742
0.00105859
0.0432218
0.40469
0.0390964
0.0498413
0.300305
0.00100236
0.0865361
0.0012538
0.471263
0.0551599
0.0170842
0.0132922
0.0414928
0.0855044
0.0506298
0.0200287
0.75529
0.301108
0.372555
0.000464192
0.000549445
0.0625493
0.060328
0.123788
0.0005863
0.192792
0.312348
0.193908
0.0133658
0.0336864
0.6092
0.0714233
0.0201364
0.148037
0.303992
0.29342
0.125591
0.537715
0.0164273
0.00628983
0.41363
0.0359604
0.00492795
0.1963
0.149266
0.0167991
0.476674
0.0118331
0.347088
0.170676
0.133354
0.238446
0.239063
0.249206
0.409703
0.000494759
0.255408
0.00334474
0.00261412
0.288065
0.340793
0.15833
0.146131
0.548975
0.27709
1.95226e-06
0.0828921
0.0023999
0.340575
0.0578192
0.305989
0.374925
0.123597
0.0142332
0.442259
0.119516
0.0801999
0.0272661
0.233336
0.0035898
0.438969
0.0349871
0.0159236
0.0107053
0.0381314
0.150249
0.000321767
0.0586949
0.2455
0.48163
0.00149149
0.00297152
0.17701
0.393396
0.102817
0.193341
0.0296386
0.316732
0.00188959
0.338212
0.328977
0.233265
0.0838159
2.01149e-05
0.294526
0.0250016
0.0340264
0.0311443
0.397691
0.00839609
0.00194393
0.236572
0.00456144
0.277411
0.24214
0.348292
0.0154035
0.345539
0.541091
0.0133515
0.363885
0.310326
2.46583e-06
0.472518
0.386814
0.236236
0.07372
0.271074
0.224255
0.106681
0.227568
0.013399
0.476502
0.456551
0.0363652
6.5031e-05
0.000295586
0.00229737
0.223282
0.0225129
0.000842338
0.00757429
0.159803
0.0250805
4.26251e-05
0.216244
0.228055
0.462551
0.416117
0.45848
0.129699
0.019884
0.488369
0.422435
0.27085
0.528909
0.000109804
0.504261
0.023728
0.0106696
0.259847
0.303019
0.235393
0.384178
0.138061
0.000105169
0.600602
0.0270307
0.0146091
0.000580599
0.217662
0.0420506
0.292102
0.307805
4.99073e-05
0.0767822
0.68294
0.0246329
0.22786
0.00569743
0.105192
0.104993
0.0300989
0.49196
0.0327238
0.261766
9.74861e-06
0.0218436
0.13187
0.378328
0.408654
0.00105775
0.270881
0.273453
0.0200611
0.175397
0.385284
0.146147
0.00839204
0.0234733
0.690336
0.000137423
2.63237e-06
0.194937
0.277793
0.0290321
0.0278038
0.287682
0.315469
0.00900652
0.11937
0.240158
0.0871578
0.0235941
0.0123889
0.284325
0.358402
2.70749e-05
0.00116625
0.000880315
0.0341147
0.00300713
0.396177
0.00648123
0.00284652
0.241764
0.430072
0.239007
0.0552128
0.230645
0.456405
0.302633
1.89771e-05
0.134725
0.246809
0.238823
1.14383e-05
0.285124
0.244565
0.000215996
0.148765
0.0415769
0.197928
0.00276517
0.381144
0.087042
0.424567
0.455631
0.363687
0.0176861
0.520896
0.000516378
0.00320926
0.0683538
0.683228
0.0988422
0.228916
0.275
0.204976
0.0124394
0.00248937
7.33633e-05
0.132149
7.56522e-05
0.0213957
4.26092e-05
0.152362
0.025085
0.0473739
0.006504
0.246824
0.0363466
0.258622
0.0305483
0.0547964
0.0361993
0.374482
0.0071406
0.0189154
0.00993905
0.0418351
0.0140145
0.0261785
0.0278931
0.387583
0.0441381
2.18646e-05
0.00290178
0.372401
0.571475
0.450108
0.0407848
0.000905159
0.497842
0.000394867
0.0927278
1.94128e-05
0.201903
0.00168149
0.00115333
0.330293
0.0421827
0.457483
8.3453e-09
0.00268465
0.360227
0.148041
0.017587
0.000887978
0.434804
0.209503
0.721742
0.423449
0.202069
0.242157
0.0751925
0.154315
4.36981e-05
0.00428737
0.239858
0.0224589
0.00331569
0.00859734
0.262422
0.0223972
6.32756e-06
0.0283675
0.283272
0.068282
0.308846
0.391993
0.0416849
0.424894
0.0224196
0.593641
0.357125
0.0214105
0.00586679
0.506594
0.425473
0.41009
0.000325206
0.0397297
0.00200911
0.672973
0.267695
0.0358618
0.000431817
0.0946961
0.559904
0.246969
0.283326
6.99678e-05
0.106511
0.365905
0.4852
0.134248
0.10395
0.13348
0.00945813
0.00189198
6.2118e-05
0.000160689
0.386033
0.205117
0.0203622
0.00110384
0.00265742
0.18463
0.515514
5.23813e-06
0.76756
0.000406133
0.134465
0.428452
0.0675378
0.00112986
0.0919331
0.463982
0.00102499
0.230956
0.0113995
0.442886
0.0709936
0.70073
0.0347584
0.0105396
0.0598506
5.5889e-05
0.299238
0.355713
0.000101935
0.00130918
0.0186876
0.278751
0.591811
0.422025
0.459838
0.104662
0.0751086
0.304656
0.110466
0.0810032
0.0181797
0.348298
0.19388
0.0433549
0.00738994
0.141377
0.000611727
0.271949
0.0469434
0.127662
0.628034
0.0251776
0.306033
0.00554331
0.00356072
0.00649447
0.32416
0.111381
0.231052
0.615853
0.000968357
0.359575
0.132121
0.0124569
0.182138
0.209945
0.386622
0.494909
0.355101
0.00354705
0.0148228
6.01155e-06
0.000546971
0.532697
0.526337
0.426849
0.291217
0.054536
0.00194844
0.021134
0.211795
6.5251e-05
0.218071
0.00893473
0.0688917
0.342729
0.00176978
0.0876288
0.121796
0.380055
0.00852215
0.127058
0.367013
0.189302
0.212738
0.00188306
0.218266
0.235039
0.287265
0.167619
3.00269e-06
0.463839
0.038778
0.00177682
0.33627
0.0260456
0.335008
0.286214
0.00667179
0.00395398
0.000431791
0.119749
0.083773
0.00203236
0.400412
0.167925
0.607608
0.00120141
0.15561
0.169262
3.37388e-06
0.000131573
0.231718
0.481576
0.0060176
0.0477357
7.58793e-05
0.013031
0.0148701
0.588853
0.0209901
0.0365482
0.000160833
0.00165888
0.0344161
0.458439
0.27009
0.0237266
0.00816874
0.017187
0.413114
0.423257
0.019795
0.385513
0.00381299
0.122377
0.23513
0.28351
0.315484
0.0225138
0.0374377
0.615901
0.205435
0.222465
0.0120107
0.0102261
0.0707342
0.304926
0.413489
0.0273785
0.050939
0.00211066
0.218332
0.00190332
0.0204779
0.18463
0.187743
0.774728
3.25475e-05
0.215643
0.249882
0.0181041
0.0402178
0.129894
0.141669
0.0298997
0.00050568
0.00029597
0.475037
0.361811
0.00123837
0.00867434
3.82303e-06
0.00219369
0.0671704
0.536912
0.0183962
0.000818498
0.0535143
0.0151499
0.00403921
0.000251991
0.00604728
0.31721
0.163177
0.0740361
0.0610892
0.154814
0.0515606
0.219204
0.403646
0.0189936
0.00205942
0.434459
0.225854
0.059172
0.00888377
0.291527
7.2116e-08
0.0111361
0.338913
0.00014645
0.364863
0.288872
0.00524853
0.205156
0.0205336
0.156486
0.223569
5.45497e-05
0.0155154
0.00850975
0.000361491
0.0594133
0.469554
0.466104
0.0112598
0.485061
0.0107075
0.153527
0.085037
0.384881
0.196784
0.10338
0.174126
0.0613195
0.0742319
0.319756
0.513354
0.142366
0.451355
0.0673296
0.176055
0.00432802
0.0485471
2.81727e-06
0.742828
0.0335639
0.245626
0.122555
0.139867
0.00068212
0.0880042
0.000509088
0.0187233
0.296443
1.19862e-07
0.589269
4.60665e-08
0.10033
0.0625799
0.229489
0.14685
0.459094
0.533244
0.00018288
0.0298328
0.00170564
0.294435
0.314187
0.0555716
0.415566
0.0164901
0.60768
0.00177155
0.0494896
0.377631
0.104122
0.379488
4.83179e-05
0.197831
0.0177942
0.2096
0.60462
0.0991022
0.0141897
0.513243
0.0462116
0.0280741
0.000903926
0.0666636
0.372098
5.16394e-05
0.000103458
0.048568
0.00029377
0.000112072
0.339505
0.227457
0.000458844
0.58103
0.0726699
0.021002
0.155099
0.311007
0.500704
0.0133608
0.481853
8.8271e-05
0.297826
0.297415
0.365271
1.76935e-05
0.318559
0.336116
0.0899717
0.012857
0.0478449
0.0312321
0.0060176
0.226169
1.092e-05
0.000449528
0.0485676
0.406666
0.306222
0.415361
0.00538134
0.452903
5.64829e-07
0.0530068
0.00109588
0.000375059
0.00476363
0.100677
0.0625422
0.158123
0.000710556
0.167462
0.0594244
0.00827742
2.30481e-07
0.0085445
0.0180435
0.0529319
0.0283297
0.582721
0.334411
0.0307837
0.010376
0.012208
0.29357
0.392939
0.0010109
0.0292092
0.336589
0.0157568
0.156555
0.317393
0.16252
0.0985222
0.391282
0.327542
0.142956
0.475096
0.392585
0.00233134
0.052181
0.0630141
0.392742
0.495443
0.047152
0.257129
0.473976
0.00126698
0.0461431
0.000118242
0.105969
0.377509
0.108281
0.350074
0.00022446
0.000121977
0.000418255
0.419964
0.326283
0.179534
0.000250199
0.000103843
0.174236
0.199323
0.013903
0.297093
0.199541
0.055963
0.00339049
0.216931
0.102244
0.0603752
0.000286127
2.06742e-05
0.378434
0.079361
0.325684
3.85748e-05
0.231052
0.0454316
0.256566
9.5539e-07
0.0516359
0.080857
0.335426
0.0101243
0.56831
0.305258
0.473481
0.0826905
0.00705067
2.26922e-05
0.00807195
0.298053
0.0272551
0.00375556
0.486627
0.3313
0.000320407
0.260644
0.402011
0.000419794
0.128157
0.749198
0.422664
0.243701
0.000408308
0.130192
0.213257
0.142484
0.431201
0.476697
0.278968
0.467385
0.288
0.324634
0.245887
0.215644
0.47893
0.235109
0.00803831
0.0397324
0.0390682
0.153165
0.0690485
0.00561084
0.000139096
0.0535568
0.0224911
0.0869027
0.494032
0.0108321
0.187107
0.222653
0.220096
0.454844
0.104497
0.0900623
0.103872
0.0960211
0.000342205
0.318322
0.197533
0.0885595
0.0762958
0.0261785
0.0856146
0.332064
0.130287
0.576315
0.256298
0.0832737
9.42572e-07
0.266967
0.401855
0.0490451
0.0389522
0.000129928
0.141291
0.0453398
0.000599604
0.00284036
0.0106849
0.00142378
0.0694333
0.106391
0.00985152
0.0474488
0.183945
0.00085125
0.00538398
0.0225514
0.199791
0.0861005
0.0645595
0.437984
0.0108985
0.024144
0.186346
0.291853
0.0381634
0.00423565
0.000362929
0.366683
0.0286549
0.0916205
0.0238375
0.547129
0.657462
0.526628
0.0615367
0.00893228
0.0080626
0.0521503
0.0166561
0.0582785
0.541761
0.317111
4.47398e-06
0.19038
0.213068
2.06905e-07
0.212903
0.0067241
0.511003
0.492084
0.000111833
0.00400744
0.00383725
0.342256
0.0997512
0.278692
0.00254713
0.0157206
0.292163
0.179255
0.154811
0.153954
0.00179752
3.27782e-05
0.00760993
0.240588
0.0429601
0.00501055
0.00259393
0.000448064
0.12672
8.31125e-08
0.145657
0.00184601
0.312461
0.00578391
0.00334406
0.670749
2.24222e-06
0.00632884
0.000125496
0.120535
0.0168987
0.0527077
0.0288413
0.0617371
0.213637
0.0187263
0.496491
0.0157194
5.0126e-06
0.00580046
0.000289624
0.0474822
0.0060948
0.332468
0.0053313
0.158324
0.0051998
0.308992
0.0230116
0.0183571
0.786772
0.0124431
0.805607
0.0941386
0.00160317
6.20738e-05
0.269819
0.00188824
0.236763
0.00138935
0.00867094
0.453272
0.00608383
0.104581
0.453938
0.00621267
0.00036682
0.223553
0.31688
0.215425
0.022332
0.00294832
1.85215e-05
0.0103791
0.00269277
0.62037
0.262279
0.309255
0.527087
0.361786
0.533652
0.323497
0.305134
0.176592
2.07726e-05
0.00388065
0.489494
0.00348794
0.000150833
0.0818764
0.010778
0.395774
3.74645e-06
0.0804013
0.037186
0.0344804
0.410772
3.51983e-06
0.037181
0.0796174
0.0931047
0.155894
1.01792e-06
0.0671401
0.14276
0.00470672
9.00196e-05
0.348451
0.0289466
0.279776
0.203073
0.256964
1.79084e-06
0.00107718
0.229054
0.46145
0.0236165
0.0566042
0.121208
0.00263968
0.107626
0.407101
0.464549
0.23387
0.446855
0.000737612
0.373062
0.091848
0.281735
0.0127972
0.278344
0.350347
0.000383834
0.00209783
4.09574e-05
0.129619
0.0029786
0.015715
0.302952
0.5251
0.532239
4.56938e-05
0.293507
0.275966
0.0501322
0.00725289
0.000608056
0.233536
6.00587e-08
0.0540692
0.522311
0.00544265
0.451707
0.0103445
0.0149914
0.0270262
0.0139643
0.512531
0.000218713
0.324418
0.00373857
0.0157308
0.00915696
0.00012497
0.171693
0.604193
0.0179963
0.212217
0.638497
0.0816917
0.0312321
0.0157525
0.00012987
0.256535
0.00118953
0.197397
0.00140331
0.0117938
0.397433
0.326132
0.0209275
0.0312328
0.00692456
0.729077
0.0110572
0.00138219
0.272861
0.111946
0.000225939
0.304092
0.336365
0.0056229
0.000222426
0.000379256
0.515623
0.299788
0.775627
0.00305917
0.0212517
0.662138
0.000291297
0.612484
0.0560757
0.021808
0.104053
0.0074154
4.55176e-05
0.0450525
0.315841
0.00466701
0.169578
0.433437
0.377473
0.0239945
0.142079
0.262189
0.0327453
0.117346
4.62711e-05
0.484911
0.368575
0.0329901
0.412386
0.00442196
0.047538
0.0605716
0.0122865
0.0304548
5.70737e-05
0.121529
0.372583
0.00155042
0.0408587
0.333587
0.0390963
0.0210455
0.0474706
0.0395651
0.0539282
0.00511696
0.0114071
0.127136
0.00386029
0.0112171
0.027252
0.00126874
0.0258629
0.000361025
0.629151
0.000557762
0.478731
0.0656923
0.18269
0.263347
0.0211302
0.146539
0.000199564
0.0144034
0.0979211
0.568025
0.406858
0.248673
0.0108718
0.21843
0.246037
0.0576982
0.293371
0.387119
0.427107
0.0593432
9.96141e-07
0.00598812
0.327787
0.137442
0.00140555
0.656201
0.0288541
0.000254651
0.447569
0.0564118
0.483121
0.0378087
0.300906
0.530786
0.63125
0.057233
0.553828
0.00236493
2.92405e-05
0.146564
0.265202
0.0304804
0.120892
0.0124374
0.751543
0.0330582
0.31363
0.33236
0.00188188
0.301798
2.24264e-05
0.435071
6.75521e-05
0.456509
0.251834
0.175972
0.0496689
0.233506
0.399326
0.00295504
0.0546066
0.0117977
0.0406757
0.537411
0.273095
0.308933
0.0697362
0.000415989
0.24836
0.0257461
0.0116829
0.0333986
0.0558991
0.27624
0.000546456
0.141923
0.43455
0.37847
6.43526e-05
0.0310453
0.168151
0.530874
0.608818
0.448148
0.309013
0.108708
0.321554
0.00462235
0.673585
0.00260107
0.32632
0.321679
0.0224257
0.0745948
0.000476357
0.000147089
0.647621
0.36687
0.166049
0.0012243
0.0474338
0.160069
0.14395
0.15144
0.136097
0.00282504
0.00137298
0.00342333
0.0344728
0.00499208
0.00705553
0.434597
0.121256
0.43248
6.56048e-05
0.171666
0.44991
0.0117113
0.33282
1.21958e-05
0.00467265
0.00336177
0.0176136
0.00289534
0.160011
0.726212
0.544661
0.222423
0.00509244
0.301605
0.00576371
0.00176294
0.466343
0.175872
0.250621
0.512133
0.107843
0.284672
0.12829
0.202002
0.294277
0.0211155
0.407478
0.140462
0.0113381
0.153828
0.305414
0.33511
0.317966
0.0259825
0.312783
0.0230751
0.468708
0.0396176
0.751326
0.00176171
0.576337
0.351821
0.0185901
0.0132595
0.0313496
0.000198092
0.0156105
0.193443
0.175217
0.0262806
0.215188
0.0348955
0.00016376
0.0195948
0.0411305
0.287649
0.264299
0.242201
0.486097
0.196001
0.0921708
0.121663
0.00389166
0.00785736
0.0302254
0.533758
0.00147533
0.000135641
0.00410241
0.606362
0.296983
0.519575
0.248496
0.353225
0.00024117
0.728195
0.377855
0.0810466
0.0021748
2.649e-05
0.308841
0.00983561
0.113036
4.28961e-05
0.0773632
0.378707
0.155153
0.183475
0.00503738
0.0160116
0.517087
0.497893
0.326722
0.49218
0.223924
0.0426882
0.00438706
0.00682903
0.0930946
0.00262069
0.357139
0.534266
0.405595
0.645925
0.461013
0.251852
0.20612
0.0390432