0.423429
0.311618
0.293724
0.0224054
0.0929325
0.000428777
0.325011
0.331959
0.484534
0.00672821
0.0210385
0.000332141
0.0308981
0.0125451
0.00917973
0.0179993
0.0172119
0.018684
0.00244478
0.000194738
0.00431548
0.0807394
0.170502
0.0154181
0.0046654
0.524374
0.0492564
0.0205554
0.0064189
0.00137804
0.00292918
0.0328387
0.0175
0.10688
0.00374915
0.375652
0.00179155
0.3219
0.0151535
5.30303e-05
0.0102797
6.34552e-06
0.0321588
0.000182327
0.00109007
0.00381099
0.212292
0.0581557
0.213878
0.444342
0.00132497
0.171928
0.415869
0.325539
0.191874
0.0036427
0.0568564
0.380245
0.131558
0.500181
0.000640754
0.11532
0.247691
0.671001
0.0332613
0.00413901
0.00487161
0.322159
0.30614
0.0947985
0.239096
0.0148701
0.000252876
0.122637
0.426674
0.0161795
0.221831
0.456689
0.18276
0.0532714
0.00637
0.00967861
2.69024e-05
0.266985
0.00705877
0.0592865
0.550904
0.477129
0.0101105
0.0276117
0.00134848
0.303223
0.00885894
3.89723e-05
0.114906
0.43586
0.0310427
0.0270673
0.0451084
0.403553
0.142742
0.0379528
5.38937e-05
0.300801
1.631e-05
0.00116199
0.538668
6.89497e-05
0.457951
0.000266513
0.202179
0.0484397
0.299542
0.0044355
0.0071969
0.714544
0.000631162
0.12295
0.481003
0.0144987
0.405475
0.61512
0.00100256
0.000741217
0.0174067
0.214185
0.0214904
0.423724
0.554571
0.296112
0.00521637
0.0128858
0.259842
0.00243186
0.0912091
0.0489701
0.0185154
0.110794
0.0524326
0.306961
0.229444
0.000337834
0.00018701
0.134537
0.0033843
0.0185947
0.000193223
0.354838
0.0366996
0.243923
0.26016
0.00966053
0.0189169
0.171879
0.00523997
0.0332035
0.0148076
0.000880035
0.31326
0.000431315
0.149441
0.00014518
0.27917
0.114829
0.390546
0.109787
0.00204141
0.0733432
0.327835
0.0850293
0.0111691
0.559293
0.0872044
0.00186932
0.0416773
0.000438733
0.707713
0.0191225
0.0349695
0.000217719
0.0805639
0.0190071
1.50899e-05
0.357602
0.361333
9.04732e-06
0.0620977
0.0705702
0.772871
0.164523
0.578748
0.0902513
0.137842
0.10261
0.0676112
0.607947
0.00309312
0.403668
0.0218943
0.0371501
0.0116642
0.188732
0.0101986
0.372167
0.0191215
0.20711
0.0572549
0.0173238
0.00296732
0.0112388
0.253315
0.357499
0.045383
0.0326708
0.398882
0.0814561
0.210427
0.0628934
0.53016
0.485218
0.227477
0.276539
1.50215e-05
0.512262
0.18266
0.245635
0.51895
0.279792
0.673199
0.571283
0.0670367
0.00594008
0.516443
0.0333963
0.0006005
8.0191e-06
0.00428194
0.722871
0.584185
0.141315
9.77295e-05
0.040019
0.482139
0.0278268
0.039612
0.423379
0.112287
0.632705
0.000925732
0.374834
0.209092
0.0476585
0.000219773
0.0427576
0.426623
0.396285
0.041851
0.00320627
0.21925
0.145808
0.128791
0.225829
0.12101
0.255019
0.0138255
0.374589
0.239747
0.000187671
0.00144139
0.450012
0.110296
0.743323
0.000593271
0.298305
0.0090597
0.375246
0.00464089
0.0579578
0.277754
0.514441
0.307972
0.10589
7.8737e-05
0.000883167
0.235067
0.000109016
0.0286826
0.294
0.179526
0.174413
0.000240578
0.000326908
0.00211357
0.297176
0.095065
0.0834992
3.73224e-07
0.000653787
0.0405166
1.72566e-06
1.29023e-05
0.00223292
0.1825
0.543575
0.0997799
0.0115583
0.330523
0.0129258
0.292837
0.373709
0.138094
4.04955e-05
0.00277049
0.182029
0.0576676
0.00286563
0.254831
0.179277
0.00201158
0.00168058
0.495046
0.313802
0.164419
0.23537
0.289284
0.194079
0.299417
0.0231261
0.0872128
0.00363611
0.0544949
0.0935441
0.085544
0.00217888
0.000981525
0.0410367
0.00158821
0.00147705
0.0865201
0.166378
0.0489538
0.0396474
0.317471
0.331932
0.268923
0.293932
0.00481928
0.0141863
0.00303308
0.281502
0.0364967
0.00172184
0.0189755
0.000814113
0.0538426
0.287195
0.413215
0.0211314
0.00846507
0.0032607
0.000118476
0.0290724
7.03248e-06
0.217749
0.0284759
0.0726519
0.134759
0.828623
0.361583
0.0188327
0.119612
0.0057344
0.0178289
0.0983286
0.00229603
0.0844389
0.481185
0.307591
0.534545
0.000218241
0.00212756
0.142104
4.62275e-05
0.273684
0.385464
0.118431
0.0470175
0.0823189
0.0239836
0.0417647
0.000333674
0.0169141
0.273152
0.508763
0.0741726
0.00422911
0.141941
0.680664
0.0176507
0.231935
0.00758012
0.0101238
0.0516803
0.0501483
0.0670269
0.513969
8.39127e-05
0.234256
0.00205194
0.0223288
0.276482
0.148968
0.555786
0.0158411
0.082769
0.000284435
0.161694
0.0638101
0.400076
0.345557
0.0184095
0.133735
0.263947
0.161421
0.127989
0.0162787
0.0740238
0.479707
0.258356
0.0145479
0.308799
0.0549227
0.531648
0.139745
0.457355
0.0418501
0.37773
0.529776
0.527068
0.0726549
0.00195863
0.115336
0.0050794
0.0837805
0.0350842
0.0483364
0.00117435
0.000245947
0.0411487
0.0119806
0.638363
0.174342
0.0215987
0.52602
0.0441346
0.000199167
0.35344
0.3025
0.0736526
0.67959
0.350868
0.00427314
0.0408688
0.456898
0.478761
0.000564258
0.0435176
0.380706
0.494445
0.00179477
0.562969
0.00363971
0.185423
0.111954
0.310721
0.0835204
0.398928
0.236761
0.196205
0.0295711
0.407321
2.73946e-05
0.014271
0.433225
0.416732
0.530256
0.000321044
0.000499356
0.139159
0.00619451
0.0180646
0.0352512
0.128852
0.000305629
0.0046108
0.00709868
0.00115167
0.112614
0.0318771
0.000745373
0.184061
0.0108541
0.011213
0.0555013
0.00289948
5.26848e-07
0.0127646
0.003035
0.353764
0.000195257
0.00011501
5.57116e-05
7.81818e-05
0.0123606
0.0157369
0.0508643
0.000431912
0.260449
0.292296
0.146981
0.391861
0.00221932
0.0173195
0.0302444
0.00560292
0.123848
0.361246
0.000178158
0.102741
0.0180617
0.0953834
0.544586
0.300347
0.000741782
9.8548e-05
0.00205839
0.192694
0.423246
0.313762
0.160912
0.0652629
0.264625
0.0116868
0.000718248
3.27714e-06
0.0104254
0.0209495
0.0165124
0.00726134
0.0975408
0.453772
0.251748
0.00966361
0.100688
0.000243005
0.00444468
0.101292
0.000112407
0.498764
2.07997e-06
2.00113e-05
0.0644165
0.000205726
0.0644508
0.0593702
0.0261752
0.0388772
0.254241
0.604469
0.261287
0.00138185
0.00872711
0.0195986
0.740598
0.00498819
0.173138
0.0494275
0.465834
0.000843444
0.47151
0.00542118
0.290737
0.00909608
0.257122
0.0001007
0.134613
0.204052
0.00114487
0.0127377
0.000123234
0.000379674
0.244761
0.000286496
0.130184
0.0238632
0.00134558
0.000662307
0.149521
0.689433
0.311561
0.108191
0.071894
0.0384735
0.000113112
5.48916e-06
5.85853e-06
0.598538
0.344225
0.650399
0.000105347
0.0101761
0.0800428
0.011578
8.46796e-05
0.0100974
0.229033
0.00423633
0.00430828
0.258952
0.0208685
0.000392899
0.640354
0.00402391
0.475697
0.003641
0.000720552
0.297462
0.197065
0.0954923
0.522081
0.603523
0.462083
0.00665465
0.158912
0.0692165
0.00215208
0.00691866
0.711196
0.0481107
0.263185
0.330296
0.362941
0.120481
0.000556457
0.0964819
0.343399
0.148691
0.17265
0.0223379
0.238522
0.533181
0.502099
0.313796
0.252727
6.96254e-05
0.240655
0.0269651
0.272872
0.00819273
0.00632794
7.20868e-05
0.314535
0.00121728
0.381585
0.592272
0.0365665
0.238136
0.00116187
0.193951
0.151304
2.149e-07
0.666501
0.466681
3.16961e-05
0.43068
0.602136
0.0181758
0.313584
0.448363
0.114993
0.302456
1.97224e-08
0.367593
0.382748
0.00185458
0.111551
0.00113365
0.125809
0.00618146
0.550018
0.0253471
0.0027145
0.0176957
0.0197339
0.00465463
0.367932
0.272466
0.00300393
0.00635048
0.013944
0.000265122
0.245711
7.24299e-05
0.0315352
0.00832307
0.236444
0.231148
0.00688507
0.397648
2.13195e-05
0.0222417
0.000599118
0.0100705
0.00359653
0.00157789
0.542681
0.0727202
0.528886
0.0732663
0.112335
0.023801
0.0187243
0.00229127
0.00596917
0.15379
0.171222
0.00635611
0.360393
0.468463
0.301934
0.140875
0.00441654
0.000478244
0.133742
0.110069
0.380623
0.181274
0.327635
0.000963985
0.310923
0.0930736
0.122236
0.0126837
0.00317458
0.59861
0.00568667
0.486467
1.26651e-06
0.0218471
0.261388
0.0103319
0.00238649
0.061314
0.00409931
0.00797291
0.0563316
0.000219975
0.027451
0.0159209
0.00114735
0.371403
0.0634348
0.000671534
0.0264808
0.00707726
0.00176115
0.0707414
0.174373
0.0645004
0.128263
0.648568
0.256422
0.00291423
0.0870243
0.0023826
0.51594
0.0239886
2.9928e-06
5.65994e-05
0.00961146
0.00179059
0.00109243
0.00789334
0.111778
0.00925254
0.0328009
0.446961
0.273574
0.177815
0.00179957
0.00927156
0.0121301
0.753008
0.00888579
0.39298
0.0571249
0.566736
0.0568534
0.0982431
0.0304677
5.78407e-05
6.30512e-05
0.228301
0.000818144
0.438998
0.0608476
0.262264
0.0175975
0.0217589
0.402971
0.227234
0.5039
0.11653
0.0118772
0.414229
0.00529678
0.0120678
0.424253
0.735195
0.570635
0.336024
0.0622529
0.000151177
0.0565257
0.000821681
0.678946
0.164926
1.36209e-05
0.232412
0.496379
0.30699
0.373859
0.00087931
0.06675
0.522501
0.00750904
0.364711
0.266569
0.439454
3.16535e-06
0.00023088
0.00384702
0.000226178
0.000926958
0.0875914
0.250668
0.0918182
0.0117441
0.205457
0.000217779
0.0811826
0.282833
0.0254369
0.0418554
0.000271605
0.63129
0.183667
0.00331194
0.000406251
0.000161271
0.000760488
0.00348463
0.0258642
0.377661
0.000343511
0.00366238
0.387443
0.0587321
6.05495e-05
0.00502938
0.534022
3.73667e-06
0.310085
0.0147167
0.12473
0.0374204
0.000354315
0.284285
0.674808
0.284689
0.0387584
0.048432
0.268015
0.0127365
0.00603965
0.370954
0.246367
0.499897
0.483876
0.0192184
0.000121396
0.186922
0.188009
0.217164
0.059424
0.118641
0.578302
0.171419
0.615569
0.272246
0.560946
0.000806886
0.000354847
0.00355836
0.0810957
0.0293159
0.00344026
0.008895
0.00203619
0.00307271
0.315222
0.198449
0.687162
0.0319262
0.00555472
0.000280578
0.469453
0.0217062
0.0114913
0.128128
0.0278968
0.000106285
0.00169888
0.128116
0.483939
0.0860725
0.51138
0.00505581
0.00299318
0.00139447
0.00156256
0.00989597
0.673289
0.282932
7.60725e-05
0.322908
0.155535
0.0880349
0.0704582
0.0533286
0.0341004
0.298688
0.105041
0.233376
0.00462634
0.217826
0.000296545
0.00510947
0.373538
0.00142583
0.581145
0.00297419
0.0343052
0.576541
0.232711
0.00183118
0.307461
0.0110555
0.128258
4.84059e-05
0.0209877
0.123319
0.00850492
0.0271859
0.0116564
0.326078
0.19574
0.0075443
0.00241039
0.0630872
0.0525675
0.00208451
0.632385
0.000247512
0.137339
1.83807e-05
0.0366448
0.0684529
0.0239745
0.0983468
0.212923
0.0672923
0.199137
5.98555e-05
0.000234464
0.25713
0.291262
0.000340689
0.0769785
0.0067762
0.000655355
0.159879
0.00014837
0.247349
0.415431
0.120335
0.196534
0.023911
0.771684
1.55515e-05
0.000252034
0.108076
0.262461
0.0213951
0.0112423
0.00165086
0.000351846
0.464662
0.318963
0.11917
1.15939e-06
0.0133003
0.272089
0.00120222
0.549954
0.0136065
0.000561921
0.000342886
0.000909769
0.117368
0.00792981
0.137331
0.00536955
0.0696838
0.351349
0.28634
0.141975
0.00100683
0.00177809
0.00037964
0.116129
0.0752916
0.744458
0.724731
0.367358
0.0677585
0.411124
0.079784
0.00887925
0.183568
0.408447
0.0160808
0.672515
0.0974743
0.04267
0.00762692
0.0252091
0.11773
0.000652911
0.0168858
0.199667
0.302568
0.000115056
0.000114663
0.00257943
0.0017839
0.340261
0.341538
0.309045
0.0743507
0.00166868
0.205839
0.405074
0.000289811
0.231245
0.346146
0.0429067
0.00582933
0.000189248
0.00070041
0.469047
1.15737e-05
0.0005707
1.59776e-05
0.364997
0.189681
0.156738
4.69995e-05
0.000139859
0.00325641
0.00104917
0.00275171
0.0564718
0.0133191
0.288659
0.00552139
0.0238799
0.00895503
0.151909
0.000940474
0.100809
0.0592767
0.00826835
0.0398028
0.522888
0.260486
0.00832721
0.012937
0.00038179
0.0151277
0.394676
0.0190535
0.000598945
0.017328
0.0111406
0.0864781
0.0108408
0.00141149
0.0064077
0.00293844
0.00795433
0.0108021
0.323474
0.346116
0.0904436
0.000177681
0.261457
0.10774
0.352162
0.00764472
0.0770717
0.176049
0.0474809
0.238248
0.0506677
0.000138078
0.0229131
0.000402674
0.041736
0.408324
0.0447262
0.215897
0.44418
0.0167791
0.374479
0.000120573
0.0181398
0.273514
0.166305
0.000897063
0.000225413
0.157292
5.02505e-05
0.00155941
0.427177
0.300872
0.381716
0.288769
0.0304808
0.0076405
0.225295
0.034602
0.0166509
0.166775
0.0276219
0.159784
0.487572
0.336037
0.108536
0.0409175
0.00176025
0.0155653
0.0259044
0.255058
0.0136048
0.0814453
0.713597
0.166032
0.569658
0.125682
0.180159
0.0683101
0.271736
0.566011
0.00399426
0.0150111
0.00982508
0.0233174
0.149946
0.270294
0.168459
0.506721
0.000771185
0.134574
0.0538537
0.270734
0.225598
0.00123611
0.00322747
0.279102
0.000365799
0.0226678
0.00508816
0.372533
0.000326631
0.000248055
0.02145
5.16389e-05
0.00315083
0.162413
0.00986942
0.141003
0.0204947
0.0381601
0.000266353
0.285075
0.000366411
0.529502
0.712443
0.0685298
0.00571292
0.471956
0.132746
0.178556
1.63106e-05
7.95919e-05
0.0831574
0.0599151
0.190985
0.00441698
0.543665
0.152093
0.0541088
0.196097
0.394438
0.260192
0.000145942
0.184027
0.644261
0.0017103
0.400298
0.000212045
0.193411
0.0687541
0.00255385
0.000132369
0.636365
0.0282979
0.000275729
0.148998
0.28886
0.441261
0.498155
0.000467323
0.344576
0.0560965
0.00850936
0.413863
0.572979
0.000582639
0.0112857
0.580622
0.134328
0.238417
0.0137271
0.000119704
0.296779
0.00200975
0.182815
1.82569e-05
0.0248264
0.430293
0.252438
0.0231481
0.2718
0.147638
0.145752
0.0231566
0.309692
0.274072
0.287696
0.00211996
0.0315504
0.0201281
0.422196
0.651511
0.56209
0.349599
0.194131
0.185656
0.0511056
0.00630258
0.000211963
0.0171431
0.0267096
0.443709
0.202733
0.0530244
0.00134806
0.000168588
0.443413
0.0880099
0.443677
0.256098
0.242626
0.000108138
0.0195062
0.091891
7.92747e-05
0.0855708
0.514033
0.00010274
0.0161205
0.318044
0.0441737
0.0240428
0.361925
0.0150607
0.25242
0.298071
0.0350666
0.24754
0.00743416
9.26878e-05
7.5878e-05
0.281049
0.00130156
4.44969e-05
0.509408
0.00423878
0.0213984
0.57831
0.403114
0.316236
0.00124233
0.016817
0.336078
4.58385e-06
0.18402
0.156047
0.492256
0.292309
0.0206696
0.648405
0.511643
0.0952806
0.223143
0.0743905
1.3225e-05
0.243863
0.0659914
0.00193135
0.0475673
0.0048546
0.0707319
0.0306602
0.75941
0.146484
0.0852448
6.17141e-05
0.0877521
0.000376786
0.269662
0.0870436
0.000957953
0.478535
0.433752
0.00294073
0.00173213
1.66657e-05
0.0113212
0.107284
0.0168113
0.00055752
0.00370583
0.000683198
0.141529
0.0117485
0.225521
0.00368398
0.003785
0.394143
0.218363
0.395871
0.0729921
0.000126357
0.0821558
0.116812
0.000112197
0.0497857
0.350639
0.13329
0.0167653
0.108311
0.000790922
0.0336167
0.539862
0.02667
0.348951
0.00204452
0.000439147
0.591368
0.000444534
0.022094
0.379192
0.200392
0.0241818
0.000615828
0.57509
0.0131329
0.538236
0.00325022
0.00708544
0.403583
0.00143401
0.269218
0.140006
0.107207
0.0662212
0.0461729
0.0558867
0.664897
0.000335168
0.177976
0.00448597
0.00105705
0.0416022
0.00429206
0.0642752
0.000202425
0.0168361
0.00553572
0.0854455
0.0126466
0.284041
0.10481
0.000780303
0.162627
0.00285465
0.0987096
0.0404802
0.0412092
9.5276e-05
0.0095803
0.00688851
0.0974935
0.000943188
0.00101378
0.528908
0.0710159
0.00516095
0.0249337
0.496346
0.276803
0.235398
0.0243513
0.000281195
0.00602141
0.175232
6.66918e-05
0.0905931
0.275224
0.000171492
0.663181
0.490092
0.0910606
0.319893
0.000300763
0.278282
0.0600243
0.000112739
0.120782
0.0134563
0.112891
0.055495
0.337653
0.0129606
0.000602325
0.190401
0.0784106
0.15257
0.581599
0.23206
1.88051e-05
0.458467
0.0025809
0.00060936
0.0887352
0.0558231
0.621409
0.498853
0.0207463
0.331334
5.21008e-06
0.059667
0.469106
0.00412144
0.28616
0.0813155
0.00710819
0.000265432
0.438663
0.37457
0.724804
0.11571
0.00486746
0.115141
0.000484407
0.376236
0.0197764
0.000311777
0.121483
0.0258773
0.204685
0.00613126
0.115998
0.119667
0.550858
0.0239707
0.124394
0.0110639
0.00453999
0.019545
0.371018
0.014465
0.0551723
0.000664312
0.00552408
0.393666
0.000142003
0.0159395
0.270679
0.0202549
0.0266011
0.126975
0.657974
0.0501384
0.433228
0.00111274
0.0279271
0.538623
0.275915
0.127053
0.0881612
3.71548e-05
0.00192898
0.25054
0.0263451
0.399291
0.00240689
0.00669438
0.00744904
0.00178233
0.310848
0.0610965
0.362751
0.00641012
0.192838
0.270813
0.272878
0.0445411
0.00165444
0.0920306
0.0548438
0.0404115
0.00231553
0.176895
0.165549
0.0111722
0.4129
0.433871
0.055693
2.94115e-05
0.0109637
0.00586738
0.0947885
0.152657
0.555859
0.0837985
0.437361
0.12377
0.271333
0.302852
0.00922211
0.582602
0.0805158
0.42732
0.408183
0.00447356
0.00308102
0.494741
0.250132
0.0016015
0.039319
0.289495
0.00984352
0.000103113
0.127842
0.240996
0.222328
0.319719
0.00210696
0.015038
0.299951
0.5368
0.0275724
0.171517
0.482512
0.000587874
0.310479
0.490788
0.0120814
0.00132844
0.377401
0.00592501
0.487149
0.578347
0.153962
0.0279745
0.00844774
0.715073
0.138088
0.56209
0.0578423
2.18399e-06
0.0357494
0.0143717
0.0111257
0.0401771
0.00054894
0.738743
0.311734
0.38159
0.131507
0.00546635
0.619641
0.527708
0.00506218
0.258268
0.266795
0.0302486
0.076595
0.598063
0.000757306
0.00172747
0.00149406
0.392399
0.11858
0.211339
0.00945816
0.178042
0.0145275
0.334841
0.000160636
0.192237
0.0269303
0.000893495
0.00516291
0.130993
0.508608
6.01736e-07
0.00342088
0.00379636
0.0902342
0.0451677
0.000208693
0.263014
0.00145571
0.00474226
0.0376241
0.531763
0.000833557
0.233241
0.400828
0.00215187
0.000389981
0.269953
0.175199
0.100973
0.0608563
0.504453
0.00412524
0.0460333
0.549504
0.360298
0.148182
0.0548771
0.000437923
0.000126998
0.00505247
0.0715526
0.471217
0.00081346
0.0922826
0.176565
0.265727
0.146732
0.0510976
0.189257
0.0525464
0.304644
0.302406
0.0964785
0.107744
0.000169611
0.0103149
0.463598
0.00192295
0.0393575
0.0130215
0.00572587
0.0848477
0.0656627
0.000885576
0.4457
0.000840433
0.00158554
0.0158272
0.0848964
0.0524588
0.408277
7.25414e-05
0.000178699
0.331857
0.363507
0.0123842
0.000876444
0.00164912
0.132555
1.21848e-05
0.00116579
0.667238
0.0686879
0.432048
0.0799489
0.000928459
0.00188805
0.0438088
0.0166822
0.00456575
0.353085
0.0125834
0.00110533
0.13752
0.293723
1.89566e-05
0.431077
0.310436
0.153945
0.47467
0.0550445
0.489956
4.97941e-05
0.000581646
0.00405848
0.000501076
0.0424
0.00554362
0.0016777
0.411379
0.169996
0.000301319
0.00126282
9.09827e-05
0.00823747
0.000898697
0.746522
0.0314028
0.0998071
0.306152
0.00249674
0.00026723
0.00292161
0.0206621
0.18262
0.182076
0.0530729
0.368454
0.266113
0.103358
0.314783
0.0476068
0.232935
0.0367992
0.0164616
0.203018
0.00265984
0.0128582
0.00625915
0.202067
0.313774
0.000216429
0.203134
0.0268495
0.000639054
0.0684072
0.080891
0.169371
0.0350048
0.272088
0.291513
0.15444
0.000614337
0.193253
0.134937
0.300593
0.139238
0.00233004
0.0306291
0.00126975
0.0559665
0.000374448
0.00822567
0.377232
0.266611
0.00117456
0.190888
0.115569
0.0165797
0.000194698
0.000693551
0.297882
0.0201365
0.716867
0.334514
0.00102514
0.115669
0.222868
0.170183
0.0115787
0.0268421
0.0582994
0.444236
0.409692
0.00821628
3.97911e-06
0.000835545
0.00816644
0.043177
0.333664
0.425242
0.27196
0.0144484
0.00225205
0.00984454
0.0404462
0.00202091
0.0792278
0.266601
4.8499e-05
0.326494
0.153254
4.46475e-05
0.238581
0.0172683
0.0187465
0.0521605
0.0889066
0.228168
0.00126214
0.357727
0.000793879
0.627954
0.000100042
0.00925824
0.00157165
8.94331e-05
0.000195702
0.474576
0.00900449
0.528165
0.543552
0.0883788
0.157009
0.000680231
0.0618533
0.000267073
0.528327
0.362243
0.29506
0.2697
0.644597
0.0172805
0.000383755
0.115996
0.00263561
0.233443
0.359035
0.0467597
0.00030304
0.000170284
0.00277896
0.000273048
0.593435
0.601299
0.385189
0.562215
0.485334
0.0232128
0.0183001
0.170483
0.000817153
0.664798
0.000147437
0.00130926
0.0440225
0.218435
0.119152
0.429592
0.00494409
0.0209239
0.24478
0.00138066
9.10327e-05
0.301415
0.765906
0.51617
0.00876747
0.203786
0.119793
0.175466
0.0842735
0.000752532
0.124046
0.0109262
0.000153236
0.0849328
6.08799e-05
0.00363805
0.0109344
0.0125897
0.110183
0.141337
0.00418219
0.601655
0.000437039
0.343658
0.235338
0.0161768
0.322546
0.0565862
0.000454088
0.110326
0.118261
0.573977
0.212476
0.501622
0.342703
0.0555756
0.566785
0.434058
0.540536
0.00143808
0.0822557
0.224047
0.122772
0.018578
0.333216
0.0276795
0.46648
0.500824
0.00266633
0.0081101
0.0151316
0.19052
0.491286
0.0117018
0.662222
0.191445
0.0497352
0.0247111
0.194978
0.00123958
0.143669
0.262255
0.0087693
0.00107068
0.0484586
0.00401368
0.021671
0.0601097
0.204778
0.674018
0.239503
0.000176587
0.284425
0.00878125
0.26922
1.17296e-05
0.131643
0.0467672
0.46469
0.00251571
0.632083
0.00289077
0.0185029
0.295689
0.0506098
0.0477156
0.203529
0.181973
2.9857e-05
0.00133909
0.248238
0.537289
0.00125784
0.417663
0.286854
0.202893
0.0305634
0.0619336
0.0514559
0.299987
0.420756
0.0250177
0.0304896
0.00477632
0.193761
0.00292962
0.0500813
0.441124
0.182028
0.00341398
0.330123
0.296378
0.105553
0.0674495
0.487297
0.254679
0.319716
0.000687123
0.276656
0.0759057
0.521335
0.0260168
0.000319426
0.382502
0.466645
7.85876e-05
0.0285746
0.122539
0.00762329
0.546944
0.3208
0.174099
0.394122
0.579031
0.449459
0.452067
0.333631
1.214e-05
0.0095052
0.000515147
0.0188504
0.0262122
0.000886255
0.0666414
0.0041851
0.0269872
0.461554
0.110909
0.00623525
3.18521e-07
0.00844389
0.0014363
0.00320123
0.00598601
0.00541634
0.119916
0.165988
0.341685
0.0092603
0.038985
0.000129617
0.00457815
0.158898
0.150911
0.00750852
0.0820457
0.181101
3.83053e-05
0.023151
0.422049
0.0171503
6.40298e-06
0.0102074
0.533462
0.00258513
0.0781235
0.13439
0.423221
0.455685
0.000858012
0.628736
0.000363779
0.0402688
0.223567
0.207982
0.0248963
0.00257679
0.00937524
0.514926
0.0868773
7.75275e-05
0.118198
0.247983
0.12536
0.0243327
0.00540158
0.000160235
0.011697
0.00923532
0.0121763
0.205999
0.0151001
0.0356148
0.10153
0.396139
0.283882
8.46942e-05
0.0209591
0.150925
0.00143332
1.42044e-06
0.115417
0.230699
0.00158415
0.314937
0.0142078
0.00168117
0.604341
0.0496129
9.16061e-05
0.149436
0.000130111
0.16197
0.146516
0.290189
0.239984
0.128773
0.190494
0.476466
0.259719
0.260536
0.000264228
0.000864759
0.102377
0.00987553
0.041336
0.0444166
0.0049558
0.0150507
0.0744015
0.2651
0.487502
0.0191557
0.00392992
0.0149129
0.0845453
0.000119731
0.297323
0.635849
0.152306
0.230058
0.346397
0.336213
3.39361e-05
0.0273944
0.0379936
0.41867
0.000187221
0.442759
0.153061
0.290563
0.00624633
0.00908293
0.00941482
0.15183
0.0665301
0.00169744
2.89975e-05
0.22232
0.0538121
0.41847
0.104423
0.39564
0.145249
0.0528644
0.254417
0.000518365
0.0529406
0.337162
0.000904798
0.00415808
0.00700805
0.00204802
0.239643
0.642107
0.000695545
5.61293e-05
0.296009
0.177984
0.381284
0.323652
3.51721e-05
0.00628162
0.0191973
0.000618972
0.124196
0.319024
0.0204219
0.000300657
0.079181
0.00071135
0.00792118
0.0742116
0.00583868
0.0376397
8.37054e-07
0.00318124
0.0799786
0.0642715
0.00149136
0.241152
0.100145
0.288164
0.328288
0.00218157
0.000153624
0.0689545
0.000155501
0.204481
0.0922469
0.179329
0.0792441
0.00427796
3.81385e-05
0.032581
0.00119677
0.000439883
0.229541
0.398865
0.525788
0.5616
0.0761403
0.0345584
0.17709
0.000826166
0.00800404
0.182551
0.37988
0.0477994
0.530173
0.34345
0.0653421
0.307968
0.172379
0.00108782
0.0558242
5.20137e-07
0.0950565
0.452074
0.358414
0.306683
0.0332824
0.380588
0.0329059
5.83307e-05
0.0171227
0.371073
0.000230531
0.000425408
0.313415
0.00158033
0.754804
0.00236382
0.0011133
0.0680849
0.386357
0.308644
0.0329041
0.476757
0.00199698
0.305857
0.242115
0.0252523
0.183275
0.0372908
0.00304499
0.000903396
0.0540943
0.0425163
0.0370271
0.309007
0.301146
0.216764
0.0225914
0.018678
0.181725
0.00105211
0.000260124
0.000357531
0.0471668
0.00765787
0.366952
0.0010266
0.0249334
0.0225635
0.00121292
0.0133147
0.499174
0.0259786
6.54753e-05
0.0283999
0.00388721
0.145946
0.484806
0.0226869
0.022009
0.184817
0.128714
0.28618
0.0819513
0.437879
0.237465
0.00134965
0.0504599
0.0298701
0.00229715
0.024859
0.283226
0.172453
0.0320231
0.453149
0.0256211
0.526884
1.0245e-05
0.474765
0.0497662
0.125372
0.000154475
0.182943
0.0166084
0.000102
0.0050877
0.330502
0.00253698
0.000800393
0.00145738
0.158089
0.00864687
0.000667116
0.517157
0.0118462
0.00134811
0.00643331
0.00461615
0.106353
0.00255537
0.000567488
0.0690024
0.0272465
0.373996
0.0129534
0.000131682
0.33479
0.380959
0.0468953
0.3853
0.432076
0.0293651
0.242521
0.378537
0.01586
0.000183024
0.288255
0.303176
0.00175991
0.0295249
0.0107795
6.85764e-05
0.0276031
0.325585
6.03137e-08
0.000213711
0.0426738
0.57324
0.236977
0.0249107
0.279417
0.073111
0.0201575
0.00129629
0.0726858
0.0991635
0.0584552
0.702277
0.550808
0.00537285
4.39421e-07
0.187285
0.09832
0.370139
0.150853
0.254275
0.313553
0.348363
0.112353
0.135116
0.012973
7.55931e-05
0.454628
5.50103e-05
0.186871
0.46626
0.000305041
0.00167063
0.0416581
0.0896447
0.321117
0.594662
0.00381031
0.000314753
0.0992532
0.103309
0.147317
0.486428
0.0383127
0.0452478
0.345373
0.650609
0.153033
0.170151
0.238867
0.00261212
0.0418117
0.288671
0.444793
0.000799194
0.0907123
0.139906
0.00154804
0.183249
0.00532372
0.368177
0.184375
0.137741
0.0370813
0.290476
0.0398891
0.236356
0.049775
0.607393
0.00451197
0.0109734
2.29472e-07
0.00211813
0.270504
0.000913662
0.293692
0.00732914
0.00109396
0.425802
0.00206052
0.0200986
0.471791
0.334896
1.48838e-07
0.134681
0.00181568
0.00271729
0.000442456
0.00258825
0.0532761
0.409998
0.0262244
0.058595
0.0199637
0.00234406
0.00383537
0.0108159
0.324923
0.458024
0.376365
0.00345457
0.0116809
2.02523e-06
0.0101099
0.000271842
0.102531
0.000955325
0.205353
0.240214
0.0310722
9.84288e-05
2.60328e-05
0.0554101
0.270849
0.00180912
0.518703
0.207416
0.213492
0.0245633
0.242032
0.239659
0.130244
0.0767883
0.128577
0.618368
0.27314
0.144987
0.00127282
0.038669
0.0130479
0.0321245
0.042179
0.10459
0.00506117
0.251457
0.579617
0.0263251
0.467616
0.101086
1.04151e-07
0.650928
0.246224
0.182624
0.124707
0.0162698
0.0590877
0.194531
0.423052
0.00495616
0.255182
0.585841
0.556319
0.451166
0.0160789
0.0170797
0.00526817
0.079407
0.0700346
0.136486
0.538212
0.0016168
0.559876
0.000897041
0.00118564
0.17304
0.182291
0.132142
2.65999e-05
0.266791
0.413846
0.197866
0.000606873
0.000101036
0.00894805
0.0394966
0.031866
0.0842198
0.400665
0.00895194
0.00106256
0.0987871
0.130583
0.0355501
0.392202
0.00301252
0.00218439
0.0174936
9.32118e-07
0.032155
0.247378
0.000272184
0.243478
0.0121761
0.164629
0.728036
4.53958e-05
0.32411
0.108565
0.0832769
0.214139
0.00018142
0.394732
0.0123272
0.00251135
0.0077652
0.206246
0.138058
0.0953886
0.00350708
0.00188095
4.94272e-05
0.0203275
0.403213
0.00442231
0.00828688
0.00690655
0.512897
0.00148794
0.473045
0.0342923
0.00191814
6.14133e-05
0.0880257
0.20381
0.534238
0.0651024
0.00117082
3.6294e-05
2.33049e-05
0.363686
0.00469946
0.0166057
0.144489
0.00303777
0.00798145
0.456418
8.55605e-05
0.744645
0.344924
0.0142943
0.000279311
0.0090297
0.0153526
0.331868
0.0534851
0.102803
0.00276264
0.0136489
0.0171935
0.189336
0.244024
0.0105858
0.229768
0.29934
0.0268152
0.388502
0.241986
0.0118195
0.386882
0.57535
0.312388
0.0182453
0.00304077
0.354146
0.289908
0.000226844
0.0220857
0.179785
0.191233
0.510357
0.000181454
7.53667e-06
0.0790583
0.0127418
0.00122889
0.0226359
0.745657
0.586949
0.00123119
0.000197814
0.122624
0.101657
0.00620593
0.0608389
0.077272
0.100163
0.336069
0.0343544
0.0155264
0.0667115
0.137838
0.00435919
6.7645e-05
0.000115302
0.170218
0.0196811
0.0946021
0.0283917
0.0140379
0.317714
0.252664
0.273335
0.190509
0.0485567
0.00236097
0.558959
0.000204219
0.121127
0.201429
1.52429e-05
0.31422
0.400697
0.16989
0.000233554
0.0547413
0.469165
0.599834
0.000600897
0.0233174
0.00126479
3.31756e-05
0.13112
0.121916
0.0552912
0.0485859
0.0187059
0.303293
0.0473617
0.252221
0.0130336
0.277789
0.06761
0.469069
0.000396571
0.00806446
0.0377474
0.000632093
0.00364736
0.0206388
0.012103
0.556743
1.3519e-05
0.575424
0.0079363
0.0254919
0.150808
0.167625
0.318545
0.361864
0.254385
0.000126071
0.073382
0.325404
0.0187668
0.27107
0.0762196
0.0345396
0.152433
0.0545742
0.208878
6.78409e-05
0.00161448
0.289637
0.0370429
0.00545924
0.00165485
0.425859
0.000135152
0.358092
0.00151036
0.00604911
0.000204901
0.273889
0.530325
0.00160779
0.000115615
0.0644045
0.403277
0.267372
0.0159355
0.326642
0.24244
0.44631
0.0546633
0.0136668
0.348524
0.13407
0.0696507
0.225049
0.00399645
0.00200772
0.00922347
0.0163187
0.689349
0.278699
0.293647
0.497871
0.0328446
0.0092218
0.148587
0.262712
0.608459
0.0275418
0.0101257
0.000298755
0.40872
0.00173278
0.0116797
0.145596
0.0705159
0.0049405
0.63946
0.00188224
0.690501
0.763015
0.00145106
0.00352785
0.0599498
0.000401986
0.0773478
0.192206
0.490747
0.0568552
0.464301
0.0056915
0.000559233
0.0326207
0.21352
9.15408e-08
8.39985e-06
0.385426
0.000276724
0.459309
0.151707
0.139211
0.00642108
0.272799
0.270789
0.00421862
0.00108272
0.0604731
0.579556
0.103959
0.00324832
0.670392
0.00288064
0.00017751
0.440936
0.190528
0.547252
0.125906
0.306993
0.0182338
9.00419e-05
0.117397
0.490426
1.97516e-05
0.470909
0.534077
9.56306e-07
0.104149
0.603793
0.380848
0.00114795
0.105411
0.000685861
0.330413
0.0547515
0.150287
0.372031
0.44163
0.284666
4.67193e-05
0.0241892
0.00690973
0.0048894
0.00767837
0.00260405
0.161675
0.000823944
0.481136
0.292284
0.00103031
0.00137722
0.0507765
0.584647
0.185437
9.77279e-05
0.144323
0.00056054
0.026015
0.0249149
0.00149918
0.259795
0.367983
0.0748823
0.0198565
0.253733
0.00908146
0.114309
0.26264
0.161879
0.459336
0.00165046
0.186418
0.196959
0.000379442
0.017949
3.10136e-05
0.00213365
0.153022
0.00610852
0.310774
0.141913
0.0331254
0.3088
0.146257
0.0305395
0.000634664
9.26094e-06
0.00918733
0.625607
8.19846e-05
0.562409
0.00243232
0.152818
0.291656
0.0219893
0.259197
0.289074
0.0143036
0.0403847
0.237518
0.0151628
0.00350272
0.00492285
0.488751
0.00332065
0.421352
0.000425041
0.334622
0.000369445
0.076102
1.26213e-05
0.0555624
6.34253e-05
0.544234
0.0229775
0.34335
0.368232
0.00102843
0.0126642
0.0339775
0.25395
0.000391453
0.00715046
0.338437
0.0617281
0.0155131
0.0199268
0.372073
0.299306
0.000117885
0.374363
0.302882
0.0382558
0.148151
0.0141407
0.0106819
0.0572261
0.0018473
0.00809838
0.000616448
0.000102517
0.68831
0.421542
0.00522508
0.00396
0.251425
0.000219616
0.27096
0.463096
0.00154064
0.601075
0.320331
0.310804
0.332681
0.0212408
0.160887
0.0799505
0.00561357
0.00522468
0.00240912
0.00438028
0.0212573
0.184689
0.365053
0.00101321
0.0345583
0.00165163
0.00612355
0.146648
0.0749826
0.0171495
0.0758045
0.000405677
0.000756602
0.134585
0.0019598
0.00189399
0.00331982
0.607034
0.32724
0.626165
0.250474
0.483114
0.0626194
0.347
0.500618
0.00310505
0.0271298
0.0651328
0.101462
0.118024
0.0793627
0.165922
0.000213109
1.89124e-05
0.00198749
0.0389797
0.000231841
0.190067
0.27686
0.000200584
0.0203779
0.00131722
0.0111646
0.465688
0.280569
0.301372
0.40876
0.0383609
0.149445
0.00261677
0.0219003
0.031383
0.374432
0.0336841
0.0224876
0.366484
0.000166971
0.0486349
0.298143
0.00126938
2.7428e-05
0.290166
0.0108919
0.120407
0.495055
0.00566388
0.00440474
0.287079
0.0971452
0.00290463
0.474705
0.0814119
0.00328821
0.294609
0.0706635
0.00136157
0.0695411
0.0471225
0.0415184
0.0510773
0.0273352
0.0224436
0.00627692
0.263734
0.0197692
0.168823
0.0804368
0.168689
0.00623736
0.000715226
5.8107e-05
0.131917
0.257239
0.0171637
0.00186433
0.302808
0.00662032
0.664443
0.269947
0.538453
0.00306195
0.00535632
0.125857
0.000873841
0.193987
0.0409054
0.00580286
0.809875
0.0177648
0.00025544
0.0241497
0.256944
0.328417
0.000339761
0.0208857
0.470346
0.602639
0.49564
9.4862e-05
0.0033883
0.27168
0.00476162
0.007374
0.256233
0.305199
0.00365549
0.232985
0.0352661
0.00786029
0.558346
0.0103669
0.000574667
0.00633475
0.000154266
0.0631048
0.0167229
0.000529931
0.225389
0.136627
0.283253
0.392485
0.0206274
0.0659686
0.00294408
0.0459288
0.260503
0.159094
0.0495435
0.116059
0.00590838
0.0099587
0.108257
0.0523695
9.54259e-05
0.00303323
0.0664393
0.341931
0.775704
6.41243e-05
0.00209605
0.0105639
0.0179823
0.428188
0.125808
0.309287
0.0714472
0.0100514
0.272096
0.0291483
0.456264
0.000758822
0.55353
0.20478
0.000567556
0.00135422
0.185077
0.000904146
0.0720347
0.514727
0.000118705
0.0261356
0.0399787
0.2266
0.298147
0.000495348
0.000560346
0.205691
0.0634443
8.37092e-06
0.0019333
0.236484
0.105977
0.444131
0.0322851
0.00103704
0.0273751
0.242581
0.306093
0.272171
0.0347135
0.398806
0.368927
0.0967127
0.0109582
0.11423
0.066457
0.193369
0.00121708
0.000176627
0.00174144
0.150617
0.00735883
0.174656
0.0473972
0.0159088
0.28516
0.00343169
0.0896967
0.363252
0.0151961
0.090427
0.104066
0.277475
0.202924
0.251864
0.0522852
0.38482
0.0424594
0.0345933
0.0013203
0.386567
5.49654e-05
0.376523
0.000842147
0.508055
0.000130685
0.415695
0.000673339
0.0734789
0.284555
0.0440539
0.589112
0.000739597
0.484675
0.0157255
0.00578167
0.264843
0.000104501
0.355312
0.000466934
0.497177
0.206543
0.268319
0.0108443
0.0380284
0.00426938
4.40494e-05
0.025879
0.531443
0.225894
0.448668
0.351604
0.163528
0.350952
0.449441
0.000944689
0.368361
0.0367707
0.114854
0.247612
0.0986295
0.0173286
0.394394
0.00104921
0.482365
0.223579
0.0292906
0.00138146
0.260296
0.455704
0.000119648
0.63275
0.118587
0.361615
0.00495586
0.680515
0.849181
0.0761112
0.000540658
0.115685
0.0427242
0.324987
0.00232979
0.000811009
0.662847
0.285315
0.415464
0.274905
0.000403752
0.184817
0.00614806
0.00214515
0.094169
0.293744
0.00316288
8.54327e-05
0.291688
0.347273
0.0777319
0.000582947
0.00283828
0.292912
0.0252399
0.00556479
0.121424
0.191229
0.488331
0.0488494
8.2934e-06
0.0302577
0.0480377
0.000852844
0.0136264
0.0289946
0.0626455
0.000172365
2.18892e-05
0.00216057
0.00028058
0.555099
0.486756
0.33286
0.0411561
0.428205
0.0332001
0.064559
0.00567432
0.001736
0.222057
0.00323702
0.0915577
0.129787
0.0565975
0.522191
0.202924
0.00163509
0.28535
0.518776
0.000296129
5.56686e-06
0.344677
0.341006
0.241904
0.301168
4.6313e-05
0.257336
0.324173
0.178737
0.0116391
0.511544
0.0615565
0.465755
0.0108114
0.00230903
0.00284566
0.0710627
0.110245
0.349601
0.146291
0.0809902
0.172107
0.292475
0.000894631
0.000998097
0.557923
0.261082
0.0391047
1.86895e-05
0.41693
0.0341349
0.0118177
0.387192
0.0059454
0.00713374
0.205107
0.440264
0.329755
0.657483
0.457876
0.627674
0.641655
0.512379
0.00669198
0.417393
0.00221887
0.464443
0.324412
0.310883
0.070332
0.0246559
0.0173927
0.00859743
3.88508e-05
0.351254
0.000110069
0.510442
0.120275
0.321721
0.0235098
0.00195354
0.0212096
0.523657
9.98075e-05
0.0554567
0.476204
0.0352898
0.241486
0.000335605
0.00106921
0.0733681
0.000103598
0.0040577
0.123264
0.233331
0.519367
0.00274877
0.00040577
6.7161e-07
0.109862
0.134133
0.0929544
0.0286502
0.352893
0.36629
0.0574929
3.06745e-05
2.32615e-05
0.0723659
0.00578115
0.00112496
0.513028
0.000718133
0.00164855
0.0842469
0.22387
0.268535
0.427176
0.160856
0.563649
0.663281
0.0301862
0.00102647
0.0491682
0.0891916
0.515219
0.00201963
0.00186013
0.182987
0.000357948
0.0276561
0.199143
0.0817824
0.0790745
0.000137602
0.182629
0.352035
0.0277524
5.97154e-07
0.0353612
0.000132922
0.0275053
0.638721
0.303059
0.133412
0.162063
0.0412724
0.0541696
2.12427e-05
0.324166
0.00363048
0.0103638
0.0498814
0.000985446
0.0324059
0.503856
0.000313513
0.127644
0.00552743
0.273197
0.182214
0.0861479
0.459207
0.000336383
0.398488
0.0272796
0.44522
0.0120007
0.037466
0.0173191
0.0194716
0.00340753
0.300043
0.484513
2.15484e-06
0.0846518
4.78152e-05
0.719433
0.07196
0.0146716
0.000746429
0.0545013
0.381836
0.0198546
0.147905
0.0410408
0.00028359
0.00939899
0.346336
0.000164087
0.00286304
0.00108592
0.167226
0.203685
0.405549
0.0170065
0.0196898
0.629001
0.305989
0.0717969
0.0988158
0.301666
4.15228e-05
0.304917
0.180267
0.295072
0.206785
0.0156674
0.280107
0.176606
0.0887962
0.11385
0.0183672
0.00638132
0.0252758
0.00418388
0.166864
0.215315
6.57236e-05
0.00372665
0.201983
0.506265
0.160616
0.0287753
0.0326262
0.00026141
0.279071
0.0240665
0.460157
0.000215524
0.0461246
0.280187
0.000508634
0.000898366
0.282451
0.538961
0.310218
0.137592
0.000496364
0.0058712
0.248216
0.141448
0.590886
0.00464472
0.00158775
0.00096481
0.0035452
0.19135
0.0134387
0.022336
0.00108198
0.000513714
0.0263567
0.0894648
0.000580048
0.002876
0.130008
0.0492492
0.0573372
0.000299791
0.243866
0.00175471
0.00700115
0.146575
0.207475
0.0806637
8.56155e-05
0.153862
0.00912022
0.00133318
1.25771e-06
0.00013521
0.0968705
0.00327029
0.517035
0.230801
0.0239581
0.3329
0.304771
0.369844
0.333854
0.0729821
0.00766022
0.0359049
0.00155427
0.0276596
2.52151e-05
0.421925
0.000331478
0.0327378
0.335421
7.52436e-08
0.0351622
0.0360948
0.239316
0.0014246
0.412657
0.0217997
0.0820831
0.00164851
0.000320598
0.003866
2.7369e-05
0.574393
0.364921
0.0303343
0.0144865
0.00793251
0.0311976
0.440065
0.148298
0.264369
0.00200113
0.00262537
0.270215
0.0783698
0.0353567
0.044882
0.41807
0.00126261
0.0957623
0.199691
0.276411
0.136907
0.134494
0.558909
0.0128074
0.159383
0.105448
0.0024448
0.723683
0.151767
0.0279899
0.0717556
0.385691
0.125034
0.494771
0.339094
0.065142
0.44961
0.297115
0.274857
0.00252221
0.237932
0.0185232
0.00964864
2.43046e-05
0.287886
0.0465592
0.602424
0.0418773
0.0290455
0.740003
0.021809
0.00307102
0.159847
0.413039
0.241909
0.102446
0.164087
0.0143769
0.00882191
0.00156854
0.000101109
6.81949e-05
0.148443
0.000940409
0.00264519
0.0690652
0.0981256
0.128919
0.0762794
0.188492
0.0980948
0.00786236
4.047e-05
0.517067
0.398335
3.12419e-06
0.107839
0.281581
0.0457075
0.000257989
0.190141
0.210154
0.538593
0.453633
0.0993612
0.0198265
0.00101236
0.241507
0.214677
0.443476
0.148272
9.09656e-05
0.00162003
0.577743
0.525229
0.0191619
0.278766
0.513856
0.323525
0.00860076
0.142084
0.000753275
0.00829939
0.00331985
0.496931
0.00973467
0.000869587
0.00780875
0.465788
0.180405
0.0135254
0.399794
0.0284951
0.206737
0.322474
0.495802
0.0235679
5.06237e-06
0.00577532
0.00778225
0.00101948
0.172532
0.0001354
0.0126963
0.44088
0.0749812
0.442507
0.0998139
0.595721
4.92198e-05
0.00705588
0.00433238
0.263214
0.563989
0.305826
0.271569
0.0092669
0.046764
0.0157827
0.000207972
8.47742e-06
0.287967
0.282147
0.110655
0.0169539
0.00994943
0.444947
0.00630279
0.0413813
0.00393965
0.270147
0.00889334
0.330391
0.233429
0.0217896
0.389683
0.442801
0.31924
0.035599
0.0161918
0.00256948
0.0795285
0.576672
0.0385002
0.0156942
0.0523548
0.112548
0.0556711
0.029225
0.0200663
0.0231101
0.0125486
0.135992
0.0715144
0.131192
3.09782e-05
0.4307
0.0396218
0.261041
0.33991
0.00321982
0.0101597
0.000411041
0.529157
0.00208855
0.45781
0.01036
0.310431
0.000157915
0.19246
0.023364
0.340284
0.0935372
0.475904
0.00747853
0.0658862
0.00153045
0.0792599
0.00035889
0.149628
0.00857077
0.0322342
0.0305369
0.0104368
0.458807
0.00446045
0.821075
0.281422
0.21123
0.0484396
0.430792
0.0912183
0.147142
0.0414762
0.00398131
0.286419
0.0218216
0.368212
0.0501403
0.160807
0.101232
0.619799
0.155299
0.0043745
0.0251663
0.00354796
0.00660781
0.142994
0.405966
0.0630901
0.000467032
0.0287835
0.0800853
0.0291402
0.0288973
0.0652049
4.1982e-05
0.000185539
0.00513248
0.00014337
0.0135215
0.00240104
0.0940934
0.322587
0.276112
0.0157941
0.000603826
0.00868615
0.244118
0.254418
0.0984252
0.335114
0.000142654
0.203316
0.377546
0.000118282
0.00249234
0.257116
0.157036
0.410435
5.95027e-05
0.164847
0.0643904
0.122912
0.568293
0.00889179
0.00510164
0.092993
0.582086
0.207921
0.023468
0.339594
0.0453664
0.00359337
0.0240509
0.627859
0.00276927
0.000299507
0.674929
0.176227
0.0145869
0.0260418
0.23819
0.0303065
0.379648
0.072734
0.00393986
0.00592933
1.79355e-05
5.08471e-06
0.223991
0.127657
0.0648794
0.290976
0.00130318
0.0192108
0.138312
0.102887
0.000203068
0.594098
0.66037
0.535156
0.121488
0.00514915
0.000208796
0.637138
0.0628975
0.319115
0.00184802
0.00348396
0.0371672
0.036845
0.165622
0.00169157
0.0192357
0.00986433
0.00617947
0.326857
0.00470463
0.016125
0.293142
0.296993
0.392152
0.26241
0.412865
0.000113413
0.000400201
0.198365
0.182662
0.70323
0.0898257
0.00745044
0.0564021
0.507835
0.182715
0.0178902
0.000661448
0.00243315
0.000896242
0.0345958
0.000235257
0.00705074
0.205902
0.0225085
0.00441641
0.209589
0.00294537
0.22798
0.219201
0.274513
0.10046
0.00459366
0.0591063
0.452101
0.0182807
4.76898e-05
0.525719
0.461304
0.0248801
0.0584507
0.285852
0.0187905
0.31522
0.360644
0.175799
0.00661066
0.000747075
0.0417083
0.00292228
0.0347693
0.0555786
0.0908157
0.128209
0.329136
0.00135882
0.000209296
0.163713
0.136326
0.128106
0.233577
0.534576
0.712388
6.3427e-06
0.0485327
0.00101686
0.00483306
0.424721
0.00968186
0.426123
0.000604094
0.00857701
0.00248124
0.013516
1.42216e-06
0.00143697
0.27391
0.568297
0.503856
0.371256
0.0466728
0.60442
0.113918
0.115548
0.0233403
0.191667
0.279561
8.37582e-05
6.5776e-06
0.00290599
0.0714165
0.00863005
0.187371
0.679411
0.299464
0.000494205
0.000851428
0.00927191
0.00796646
0.0249043
0.145661
0.342699
0.00407258
9.41182e-05
0.310057
3.41907e-05
0.094479
0.0600973
0.00651672
0.000215701
0.341727
0.00242471
0.0214435
0.174639
0.294097
0.0139947
0.000801613
0.230686
0.000293459
0.337903
0.00416856
0.000257462
0.00462934
0.324116
0.2705
0.221342
0.0026436
9.20044e-05
0.00542487
0.170575
0.0745462
0.0871245
0.365582
0.0303188
0.00437141
0.0193327
0.093358
9.25412e-05
0.00408855
0.258621
0.0791538
6.84642e-05
0.0087976
0.0158808
0.301056
3.48796e-05
0.18349
0.284668
0.00465964
0.000435542
0.001406
0.0176855
0.816364
0.00988547
0.00818006
0.332245
0.0788825
0.0101452
0.200515
0.122647
0.0108857
0.00027587
0.0149173
0.00080223
9.38941e-05
0.00288696
0.384511
0.187229
0.020013
0.000158499
0.608274
0.0164874
9.19822e-05
0.0328849
0.439715
0.175045
0.0620399
0.123866
0.329912
0.252867
0.467031
0.000228506
0.138401
9.54433e-06
0.183178
0.000656946
0.0582337
0.068405
0.634796
0.00531389
0.0360867
0.200405
0.400474
0.0633392
0.000222871
0.425184
0.116858
0.254296
0.000312517
0.088012
0.163513
0.0434199
0.232657
0.00034118
0.00159921
0.166322
0.384062
0.0166599
0.0101411
7.22043e-05
0.00501953
0.0114333
0.0126737
0.025241
0.332932
0.558694
0.0713805
0.205042
0.195765
0.12442
0.0323315
0.467348
0.0028623
0.0101367
0.00196472
0.00265532
0.0645905
0.0857177
0.140861
0.548959
0.126214
0.0113719
0.318531
0.548662
0.00113855
5.99919e-06
0.388329
0.544702
0.66025
0.0608166
0.0784146
0.109809
0.00177662
0.00581705
0.111946
0.299409
0.322235
0.163591
7.14237e-05
5.78484e-06
0.361035
0.0466972
0.00582647
0.0107818
0.318461
0.381231
0.404887
0.130103
0.0157547
0.000211893
0.110395
0.28206
0.00206942
0.0308843
3.02821e-05
0.0137134
0.291495
0.000186613
0.151416
0.000265337
0.0126953
0.0504953
0.0074113
0.0143086
0.450145
1.29256e-05
0.234144
0.269857
0.00687152
0.00221656
0.0046086
0.00248323
0.000664954
0.0457197
0.130812
0.340456
0.000261649
0.0736451
0.0143712
0.16594
0.0144013
0.734188
0.064306
0.0277133
0.000596677
0.0958235
0.160036
0.00054861
0.340121
0.00246967
0.013215
0.138162
0.41487
3.8999e-05
0.0347008
0.0396119
0.352084
0.00130987
0.010185
0.0163817
0.0655365
0.195718
0.0151501
0.000137874
0.0152416
0.000120829
0.00040796
0.027525
0.198795
0.240773
0.00243668
0.302074
0.00452996
0.292676
5.46305e-06
0.464319
0.246445
0.00283817
0.135392
0.0245026
0.00327483
0.0183619
0.445004
0.0160256
0.00199566
0.000318435
0.266067
0.170371
4.45745e-05
0.128698
0.0639747
0.00036645
0.567381
6.86305e-05
0.00946254
0.270477
0.00875822
0.498934
0.207689
0.0842526
0.06317
0.279485
0.151363
2.35707e-05
0.0493774
0.0168902
0.294884
0.0331943
0.476982
2.70242e-06
0.33131
0.300215
0.0641404
0.383073
0.0396857
0.0443351
0.179798
0.227715
0.51566
0.00241126
0.0978672
0.305384
0.602046
1.42001e-05
0.263933
0.0145286
0.00277334
0.151928
0.00124197
0.0132837
0.751103
0.0500903
0.540564
0.399088
0.290739
0.501013
0.00246363
0.251095
0.507697
0.00118169
0.441486
0.266149
0.00498792
0.443191
0.343972
0.000523972
0.324974
0.0459368
0.214881
0.000235166
0.0662661
0.147036
0.0110187
0.0129152
3.54399e-06
0.00222826
0.208482
0.306879
0.00211671
3.84542e-06
0.12151
0.00143074
0.141639
0.0687975
0.00783008
0.50578
0.469775
0.000577136
0.0311932
0.000972864
0.00100233
6.30162e-05
7.11159e-05
0.188721
0.13415
0.0355217
0.0500721
0.288075
0.25407
0.0547203
0.00337466
0.000601501
0.000138328
0.591731
0.36913
0.282813
0.408289
4.28606e-06
0.325552
0.22632
0.0186123
0.0118917
0.000383477
0.000575415
0.000837055
0.0381928
0.0682442
0.400536
0.0131011
0.134042
0.00407947
0.00242486
0.000301322
0.000148762
0.00111946
0.025886
0.049932
0.395783
0.00446891
0.00171419
0.00016485
0.0796442
0.0100572
0.00361376
0.548903
0.00971149
0.0161133
0.530245
0.194013
0.311501
0.00105023
2.54532e-05
0.141054
0.317357
0.376446
8.39221e-07
0.00605057
6.91058e-05
0.408577
0.315976
0.00181355
0.437836
0.00294784
0.0241933
0.0433236
0.0335522
0.000509493
0.0139259
0.468929
0.506834
0.704617
0.320475
0.416695
0.0133323
2.63767e-05
0.524191
0.00103007
0.0312945
0.00174089
0.0572627
0.00286816
0.31634
0.219623
0.563752
0.224913
0.00122006
0.000270988
8.37224e-06
0.0188087
0.27188
0.0863493
0.069703
0.0124622
0.0883056
7.02244e-05
0.022019
0.261672
0.0818394
0.0212046
0.0196802
0.00630312
0.0189954
0.498788
0.53181
0.00264763
0.0012433
0.0284255
0.0131032
0.170781
0.0228659
0.253314
0.0202612
0.10351
0.466259
0.027298
1.09795e-05
0.000398404
8.15704e-05
0.388888
0.697383
0.342884
0.0102811
0.000789448
0.0544407
0.669916
0.0215386
0.18061
0.00434939
0.450458
0.0667993
0.00987103
0.0752097
0.00654078
0.139051
0.00613769
0.397225
0.347698
0.408366
0.149912
0.0716806
0.299161
0.00055145
0.540204
0.0227845
0.34254
0.0147791
0.00251202
0.235782
0.411835
6.40829e-06
1.41671e-05
0.286334
0.36749
0.000105578
0.0470281
0.0364917
0.401555
0.118103
0.0010043
0.262991
0.14666
0.307614
0.0921758
0.00263662
0.532237
0.3098
0.0437658
0.00145602
0.0708382
0.0145478
0.0243694
0.00583586
0.000199045
0.111226
0.086051
0.00347127
2.66759e-05
0.445605
0.286612
0.000241279
0.251346
0.429304
0.314878
0.000981147
0.188528
0.000192084
0.117664
0.113936
0.00264968
0.389945
0.00773733
0.246495
0.000269787
0.000150705
0.544363
0.00696341
0.000504544
0.317857
0.0339989
0.00710067
0.00966051
0.019039
0.0213132
0.0178686
0.00796147
0.00153596
0.465996
0.272761
0.702446
0.507125
0.00216941
0.658541
0.552385
0.311468
0.428742
0.000160452
0.0724939
0.305928
3.24927e-05
5.99284e-06
0.622254
0.00160848
0.00589326
0.443626
0.354564
0.000547944
0.0587002
0.114026
0.0107107
0.013838
0.00648384
0.0560977
0.233411
0.184234
0.403646
0.441356
0.00016932
0.0147095
0.357763
0.0231734
0.040488
0.152824
0.126409
0.312715
0.000538751
0.00325255
0.16241
0.0266436
0.0504918
0.0356477
0.389238
0.0109071
4.99497e-05
0.040632
0.205861
0.000913763
0.139108
0.0477027
0.00320943
0.00308924
0.288412
0.135305
0.00493077
0.00249989
0.19301
0.0592572
0.363766
0.226766
0.0448138
0.00164154
0.420102
0.227278
0.000741897
0.281075
0.0426869
0.0997469
0.0124057
0.00377319
0.340704
0.174769
0.0554566
0.00142375
0.304535
0.389054
0.0263209
0.551019
0.00535115
0.144207
0.245135
0.376308
0.00368806
0.248676
1.021e-05
0.421739
0.000258917
0.18641
0.0106643
0.0304952
0.163245
0.00951372
0.284296
0.0127728
0.00862747
0.0434652
0.0851512
0.0196748
0.0259897
0.0889536
0.00110893
0.013848
0.282081
0.137819
0.0211905
0.41248
0.00359953
0.0159352
0.144925
0.0432047
2.42002e-06
0.00441087
0.439894
0.517616
0.154053
0.000181123
3.16726e-06
0.0399591
0.147981
0.000105018
0.000896878
0.478798
0.307551
0.0183691
3.32982e-06
5.07362e-05
0.00104427
0.46044
0.00603331
0.0379191
0.000738583
0.0897073
0.451334
0.000226781
0.286117
0.146215
0.00181139
0.00813018
0.00545272
0.00731197
0.296898
0.00241588
0.0283431
0.151291
0.040753
0.50027
0.00519092
0.0778776
0.184462
0.381707
0.318005
0.0262345
0.557414
0.457154
0.00427751
0.00331026
0.00162838
4.03814e-05
0.352014
0.00368548
0.364594
0.340889
0.224683
0.180809
0.00288637
0.0150631
0.000844521
2.0573e-07
0.0236714
0.259817
0.0326284
0.255084
7.63066e-05
0.294978
0.0149988
0.469041
2.0974e-05
0.237711
0.173655
0.0661986
0.0296326
0.000463583
0.306583
0.221849
0.0010159
0.311714
0.00716217
0.0443694
0.540784
0.000701812
0.00119371
0.0983169
0.00600793
0.543152
0.108241
0.0819901
0.00401071
0.0692438
0.398864
0.0284714
0.376074
0.33707
0.572882
0.380541
0.0336165
0.106529
0.194523
0.411399
2.60604e-05
0.00444231
0.0848495
0.0106565
5.40403e-05
0.734416
4.37374e-05
0.0728407
0.00676141
0.188022
0.130866
0.035885
0.115342
4.79835e-05
0.000251013
0.209974
0.00255475
0.000428288
8.68993e-05
0.0338356
0.0385328
0.559368
0.0137807
0.00149649
0.309325
0.0661884
0.00136302
0.00389259
0.00117526
0.264235
0.434109
0.639847
4.62659e-05
0.0614684
0.0795966
0.0550572
0.141378
0.139975
0.0431596
0.479024
0.395326
0.00269262
0.00312367
0.13486
0.316441
0.00437634
0.455216
0.0103659
0.00323516
0.570011
0.165352
0.0177278
0.00371045
0.0481889
0.000853786
0.000382747
0.185029
0.199313
0.0849571
0.798361
0.088406
0.0883136
0.00118108
0.237123
0.0250081
0.255318
0.0235812
0.000359219
0.284276
0.000206358
0.15149
0.590072
0.000384264
0.151401
0.0495293
0.0646861
0.0078515
0.0443469
0.372038
0.0287444
0.00316671
0.285618
0.00208104
0.0125187
0.00146124
0.00252632
0.000223029
0.0831601
0.00429593
0.0269835
0.290303
0.00182868
0.0027066
0.000130985
0.362448
0.156557
0.00198113
0.441164
0.00442941
0.000791247
0.00144384
0.00168625
1.11869e-06
0.0173184
0.00238041
0.0999592
0.165157
0.178766
0.00542322
0.575144
0.155694
0.000242105
0.307808
0.226986
0.000136345
0.320892
0.0858319
0.0540341
0.100166
0.0171023
0.0423127
0.167963
0.019367
0.196848
0.171202
0.38711
0.0301339
0.000727704
0.25047
0.000532473
0.28212
0.361218
0.426012
0.145817
0.357125
2.06942e-05
0.0287059
0.47823
0.00762676
0.0317278
2.79402e-05
0.0419148
0.393361
0.000139338
0.337445
0.560054
0.0180519
0.323047
0.0245996
0.0665855
0.0191005
0.47042
0.363462
0.699531
0.00844168
0.189876
0.0426066
0.000469913
0.0222619
0.456803
0.00404449
0.00535234
0.559422
0.376174
0.449762
0.145032
0.559897
0.0504223
0.00749114
0.545829
0.010126
0.54512
0.00419725
0.325699
0.333399
0.0359794
0.552438
0.00431113
0.420698
0.00423067
0.129782
0.306653
0.110364
0.387984
0.00273099
0.000799562
0.000483045
0.495598
0.339185
0.00250572
0.0195347
0.347597
0.241398
0.000503072
0.000181791
0.000275358
0.197666
0.293006
2.05682e-05
0.0838881
0.082976
0.00729924
0.23199
0.000737308
0.00200398
0.146837
0.00115962
0.380748
0.290991
0.261637
0.200808
0.25782
0.53635
6.02756e-07
0.0335339
0.349194
0.00486592
0.577177
0.295542
0.220377
0.544902
0.0798689
0.000751917
0.0028633
0.00797844
0.148702
0.457027
0.361513
0.433855
0.230017
0.022392
0.604055
0.383456
0.0547699
0.00516485
0.336459
0.0008414
0.000551319
0.163338
1.41735e-05
0.226072
0.352229
0.0657579
0.299443
0.0352211
1.4281e-06
8.64933e-06
0.124071
0.119194
0.277772
0.305852
0.28469
0.748349
0.00695869
0.262022
0.00024796
0.551696
0.000401728
0.412503
0.063413
0.000705055
0.0353664
0.105551
0.213336
0.00248304
0.279032
8.21171e-05
0.0343068
0.0687513
0.00362041
0.437765
0.13706
0.030526
0.252985
0.339887
0.316234
0.526139
0.0217656
0.205692
0.041295
5.11999e-05
0.00155575
0.517273
0.00381975
0.00688138
0.415911
0.296372
0.000122314
0.275081
0.274302
0.00899984
0.119327
0.000823355
0.0984217
0.00535602
0.169292
0.00337697
0.176583
0.192648
0.000107741
1.09746e-05
0.397896
0.116918
0.0212529
0.0319842
0.0484466
0.00958672
0.0886606
0.0319661
0.000391722
0.00337041
0.00598015
0.207212
0.482871
0.113056
0.120751
0.254346
0.027718
0.00601671
0.132342
0.0352601
0.000198661
0.288229
0.000208476
0.0490749
0.00699144
0.147173
0.00638513
0.160986
0.399608
0.334828
0.307164
0.0210632
0.545199
0.000794278
0.0186322
0.0130799
0.00842706
0.0962732
0.0453702
0.0837294
0.55796
0.0137491
0.844952
0.111665
0.560984
0.241941
0.00571393
0.418561
0.0153606
0.092986
0.450762
0.160147
0.0198513
0.114753
0.167315
0.0304244
0.606336
0.0591513
0.00102316
0.13534
0.453011
0.015565
0.181831
0.506688
0.00523722
7.5707e-05
0.0498482
0.287442
2.25459e-05
0.00228167
0.258556
0.241106
0.0698676
0.191486
0.511003
0.0668874
0.00182392
5.82661e-05
0.412429
0.0209763
0.0676473
0.0106456
0.00497929
0.00163617
0.00466686
0.275572
0.0046022
2.63262e-06
0.392318
0.0120972
0.218282
0.507761
0.0180978
0.0236007
0.0661916
0.310035
0.0694869
0.0168036
0.33825
0.288075
0.293311
7.42066e-06
0.155675
0.00656771
0.000130743
0.305816
0.0721461
0.462193
0.000925082
0.00834013
0.391453
0.0782479
0.283688
0.0483119
0.0110658
0.0375331
0.351517
9.52441e-05
0.0212771
0.000103638
0.305719
0.475898
0.0523
0.122138
0.0750717
0.00119172
0.0931977
0.496458
0.418068
0.704401
0.00223684
0.136735
0.112421
0.000229325
0.00348178
0.29495
0.232129
0.627589
0.723126
0.0884892
0.32631
0.149766
0.624763
0.147627
0.324644
0.0121637
0.0304802
0.395696
0.480119
0.343182
0.48313
0.38431
0.0483527
0.000585273
0.118462
0.383544
0.173096
0.600096
0.193565
0.0617474
0.000146723
0.00439046
0.390637
0.291545
0.000885535
0.00114701
0.257001
6.45666e-08
0.0332752
0.00457872
7.82657e-05
0.0676648
0.681885
0.0710939
0.295955
0.00212896
0.301631
0.219128
0.230969
0.260132
0.00190016
0.0861911
0.000737527
0.120693
0.291397
0.305304
0.00123685
0.0035083
0.0321068
0.000557726
0.0937228
0.0265968
0.00861954
0.0629449
0.00707854
0.0553036
0.0123557
0.0010442
0.168768
1.31411e-05
0.000589642
0.344238
0.388766
0.000632791
0.000672641
0.256548
0.00157682
0.0184216
0.000116941
0.00749766
0.0356302
0.198616
0.0897816
0.0687272
8.40181e-05
0.351668
0.387477
0.127174
0.0928797
0.0469041
0.025521
0.327373
0.162925
0.0885806
0.45577
0.0669561
4.40178e-05
0.487715
2.09147e-07
0.140615
1.00943e-05
0.365005
0.0175004
0.0485448
0.036335
0.0420994
0.317061
0.00111888
0.0130618
0.00660543
0.0186361
0.352786
0.19552
0.00531289
0.00377734
0.00475451
0.0284398
0.0235594
0.0457997
0.0320976
0.387841
0.00414238
0.0128649
0.409428
0.356706
0.312284
5.54437e-05
0.66805
0.0977607
6.36147e-05
0.000713135
0.00461989
0.0178472
0.0104582
0.498859
0.0110279
0.0106015
6.53521e-05
0.532747
0.159348
0.00824873
0.408012
0.0107256
6.82119e-07
0.542882
0.0106189
0.00138528
0.017933
0.0341582
0.14349
0.292582
0.386971
0.20095
0.0535589
0.0127716
0.112307
0.329522
0.41689
0.445855
0.182263
0.239139
0.0885002
0.00642506
0.28444
0.0443132
0.00254632
0.368173
0.000693487
0.350302
0.0359229
0.0182619
0.00588294
0.231944
0.0484205
0.00249876
0.31213
0.268626
0.0153447
0.377159
0.318884
0.363128
0.317733
0.451186
0.211224
0.0282939
0.306723
0.149115
0.147605
0.0127943
0.00550022
0.230758
0.36649
0.161079
0.0674186
0.00651145
0.118251
9.87562e-05
0.000339354
0.00234229
0.652106
0.0220199
0.171993
0.130222
0.420593
0.00306137
0.0263382
0.00930198
0.147251
0.0209502
0.00558155
0.0519458
0.296145
0.295453
0.0715081
0.351489
0.352058
0.00275838
0.0365637
0.356945
0.00425061
0.000564327
0.107758
0.145599
0.191192
0.216516
0.15895
2.29148e-05
0.040627
0.00388657
0.00233408
0.00982029
0.0307618
0.18269
0.28418
4.57753e-06
0.00466827
0.0140039
0.000143396
0.406716
0.0176904
0.254651
0.000703322
0.244743
0.000754942
0.0801589
0.00578761
0.012675
0.028831
0.349628
0.395772
0.00194656
0.00114678
0.306348
0.0207629
0.000174726
0.560251
0.634514
0.263737
0.0668324
0.00104783
0.612127
0.0959336
0.0638063
6.71904e-05
0.265068
2.66179e-05
0.0573063
0.00964303
0.00385277
0.332978
0.126918
1.19912e-05
0.31213
0.101127
0.435155
0.618439
0.216387
0.0792395
0.45608
0.000629984
0.106257
0.247285
0.42011
0.608262
0.000139976
0.0144154
0.00717031
0.00362293
0.000825374
0.043125
0.0315046
0.305499
0.0595325
0.190409
0.0289907
0.378428
0.273811
0.289141
0.0354393
0.291748
0.323677
0.642541
0.0130961
0.229502
0.049164
0.000199636
0.145688
0.797319
0.000198893
0.00666775
0.274481
0.569769
0.300548
0.00292897
0.0217861
0.000452249
0.000783517
0.0485555
0.155924
0.000214512
0.472823
0.0344204
0.0812324
0.0034183
0.088967
0.000138256
0.389206
9.76535e-06
0.0108765
0.00175564
0.0514538
0.269038
0.432559
0.00236045
0.459391
0.00580508
0.257046
0.0105128
0.000655295
0.246398
0.00143191
0.0203029
0.031998
0.200019
0.491118
0.252753
0.10488
0.0338243
0.435497
0.389724
0.0113804
0.0158969
0.0299085
0.0299318
0.0543773
0.0149665
0.00336889
5.35959e-05
0.659244
0.012587
6.73362e-05
0.645532
0.334944
0.182201
0.0243732
0.567955
0.563082
0.0895858
0.712616
0.401294
0.027496
0.172555
0.161464
0.0130156
0.0766922
0.000381798
0.028228
0.0370628
0.0457819
0.655475
0.00810239
0.00297628
0.000546176
0.0459704
0.294839
0.549583
0.215398
0.281853
0.000138562
0.486292
0.018001
0.138629
0.528423
0.0928028
0.433569
0.449819
0.417144
6.87676e-06
0.00281381
0.115988
0.294857
3.99801e-05
0.30126
0.0565023
0.0185231
0.093092
0.0338455
0.0257349
0.0456469
0.0176899
0.000185283
0.0978883
0.00279805
0.0660478
0.178425
0.030401
0.00356725
0.419572
3.66834e-07
0.438486
0.046939
0.416396
0.000515971
0.768129
0.632877
0.25307
0.000530702
0.268573
0.000589781
0.00565861
0.0856161
0.213204
0.0016813
0.00148048
0.312006
0.455017
0.00194738
0.00274126
0.010175
0.224545
0.286226
0.0442019
0.276619
0.0444132
0.793137
0.259284
0.413341
0.000990449
0.32992
0.00595723
0.00218845
0.000977474
0.0172078
0.410577
0.465775
0.000962374
0.303225
0.143598
0.00328238
0.432327
0.325038
0.672808
0.430588
0.236183
0.253318
0.303254
9.65606e-06
0.00171143
0.26322
0.308271
0.350549
0.0132304
0.267318
0.610055
0.0852955
0.198206
0.0435347
0.0232865
0.00472589
0.0601084
0.00352721
0.149521
2.48671e-05
0.0802031
0.365868
0.329221
0.0768951
0.124054
0.368335
0.0607378
0.0010195
0.149108
0.366556
0.00708282
0.31158
0.553703
0.0727798
0.00256312
0.305649
0.00080477
0.00369144
0.329435
0.000136821
0.0358689
0.0648391
0.0110376
0.00708332
0.00665743
0.319863
0.0879608
0.0244504
0.000245575
0.249965
1.52533e-06
0.29334
0.0177826
0.0003203
0.00959286
0.00376314
0.00160773
9.48125e-05
0.00768471
0.201956
0.313962
0.0457603
3.44101e-05
0.00258994
0.0240222
0.156123
0.000383812
0.00597812
0.404675
0.0158908
0.388076
0.000201886
0.0022946
0.0775638
0.000348077
0.0286158
0.401403
0.000108873
0.205717
0.000576036
0.213176
0.426204
0.0016592
0.492432
0.203597
0.0390889
6.98997e-05
0.279651
0.275884
0.432618
0.286112
0.451973
0.199957
0.420735
6.13803e-05
0.00428401
0.235902
0.0026997
0.0175337
0.00388696
0.148726
0.000907532
0.0245218
0.341856
0.108618
0.0665469
0.332068
0.0146289
0.0466103
0.000256941
0.270633
0.0241059
0.0016792
0.060544
0.22699
0.00212211
0.000162399
0.157729
0.00864973
0.00107482
0.493441
5.10997e-05
0.187273
0.00108077
0.309256
0.24925
0.0243285
0.0882316
0.000419295
2.2727e-05
0.678106
0.00137089
0.0279387
0.0104441
0.0462912
0.00188915
0.00166448
0.00442484
0.551054
5.34718e-05
0.00606312
0.385515
0.000609375
0.362451
0.0239729
0.781389
0.199536
0.302384
0.65236
0.00173013
0.00360603
0.316936
0.00760123
0.186887
0.0214979
0.017966
0.15213
0.0358423
1.36601e-05
0.0146418
0.489437
0.000761053
0.00589874
0.368508
0.116341
0.334623
0.509241
0.302855
0.535311
9.28881e-05
0.410307
0.00909952
0.536302
0.569248
0.00105185
0.23483
0.0765517
0.0379373
0.0260703
0.000724184
0.0294784
0.645411
0.435356
0.0129461
0.133234
0.131887
0.573367
0.0610468
0.505974
0.08404
0.240217
0.23574
0.260616
0.0135971
0.000275083
0.00702856
0.011422
0.00171464
0.162621
0.143486
0.754792
0.11685
0.0531502
0.381968
0.00447521
0.11257
0.283468
0.274833
0.0128748
0.00248632
0.0682728
0.0030561
0.0374635
0.44737
0.00760244
0.0304069
0.00697564
0.00239866
0.104635
0.15958
0.529843
0.246089
0.452054
0.00981516
0.00850366
0.330999
0.0522194
0.0444624
0.000537259
0.332249
0.0390461
0.000174597
0.0383823
0.2533
0.0690616
0.543111
0.00126216
0.50531
0.00134486
0.335437
0.0585423
0.406848
0.000671319
0.303534
0.330211
0.00670786
0.00294362
0.118569
0.00139166
0.0196642
0.000583239
0.682874
0.0690447
0.00163598
0.00068246
0.0116521
0.0429406
0.00660447
0.39851
0.120185
0.300678
0.479571
0.339256
0.201018
0.000417094
0.00583686
0.49501
0.00990274
0.136345
0.000341843
0.325358
0.0378809
0.00755121
0.083676
0.226703
0.0149143
0.266896
0.303279
0.32592
0.0976128
0.0395802
0.0707722
0.00531401
0.302129
0.0082415
0.247909
5.37774e-05
6.57457e-05
0.000366693
0.324989
0.421114
0.0945845
0.03051
0.00628644
0.431837
0.202233
0.0103847
0.0919071
0.000402407
0.000231687
3.69302e-06
0.353386
3.47701e-05
0.0419055
0.0348527
0.0631965
0.270127
0.0676965
0.0650315
0.01527
0.167003
0.272182
0.369849
0.00646335
0.0533342
0.000561016
0.0166204
0.000541991
9.60619e-05
0.126274
0.377364
0.00102489
0.00017491
0.173239
0.027034
0.00135713
0.00480882
0.283487
0.0212479
0.389902
0.274839
6.10665e-05
0.0118715
0.0055591
0.00029602
0.610521
0.0126992
0.43196
0.446403
0.0278774
0.000149395
0.340599
0.0682253
0.124269
1.15154e-07
0.0100784
0.0905176
0.091366
0.00224318
0.000658337
0.262601
0.463127
0.0422231
0.00744843
0.000686032
0.0537365
0.00461681
0.46938
0.00643462
0.196461
0.523149
0.0285022
0.0672829
0.217615
0.0095453
0.510886
0.234629
0.334916
0.390554
0.376969
3.96757e-05
0.00840203
0.308836
0.129346
0.627862
0.0434094
0.579638
0.578765
0.739772
0.243612
0.00233874
0.0999468
0.314992
0.000391047
0.00549506
0.000126438
0.305441
0.00102776
0.000198926
0.298639
0.127573
0.150622
0.575465
0.139162
0.209835
0.19847
0.00233706
0.151675
0.000127269
1.79525e-05
9.16597e-07
0.233805
0.311695
8.48128e-05
0.000638722
0.0707575
0.0366158
0.290901
0.0183814
0.000102185
0.0336742
0.379061
0.10408
0.407256
0.00220889
0.00191519
0.632767
0.19345
0.0454604
0.64571
0.00332121
0.49287
0.332342
0.0481933
0.00401836
0.0116077
0.0164498
0.0184585
0.30744
0.000406473
0.602447
0.0102763
0.140549
0.0980031
0.844924
7.36934e-05
0.511575
0.00759102
0.0283255
0.00787638
0.302304
0.04424
3.79772e-05
0.0466407
0.375571
0.166543
0.241532
0.00145259
0.00681398
0.00620081
0.0182975
0.0342986
0.135146
0.687235
0.0914343
4.33609e-05
6.60762e-05
0.00529956
0.00707431
0.0511688
0.00996577
0.00172279
0.283918
0.0234505
0.322634
0.0621207
0.00143211
0.586798
0.00017451
0.0291089
0.00225691
0.0043679
0.32595
0.288187
0.00167594
0.530655
0.545631
0.0831904
0.503773
0.00317959
0.00292257
0.290187
0.0091371
0.0140387
0.20061
0.513631
0.423238
0.209451
0.0541482
0.372309
0.00442879
0.00810331
0.266022
0.219762
0.0237935
0.0887305
0.43264
0.397599
0.155439
0.0136201
0.00298119
0.00107158
0.014439
0.0368649
0.0927034
0.00200195
0.233443
0.000126648
0.510372
0.200849
4.22348e-05
0.706705
0.385216
0.342058
0.223519
0.0542721
0.347168
0.188011
0.489389
0.00213961
0.407257
0.2535
0.00215874
0.00407089
0.000268534
0.497183
0.146322
0.000358219
0.296174
0.108166
0.0542392
0.420447
0.258804
0.00129727
0.080545
0.000710173
0.409955
0.0100062
0.00138109
0.296715
0.16161
0.163746
0.0602329
5.42542e-05
0.00833948
0.378555
0.508423
0.694349
0.410783
0.0005976
0.0316495
0.585129
0.622236
0.542842
0.261211
0.0224621
0.00158512
0.245101
0.00222178
0.00214389
0.220425
0.580123
0.0124162
0.039448
0.254845
0.462284
0.0253663
0.288364
0.000784417
0.662099
0.0847382
0.0123873
0.00802207
0.00329705
0.000315632
0.0494354
0.00938595
0.005678
0.0346233
0.292553
0.00211046
0.00191717
0.0986226
0.0144744
5.30384e-05
0.318282
0.0984487
0.00463136
0.275784
0.00145784
0.00343325
0.00465176
0.0196895
0.336454
0.30219
0.00244438
0.212781
0.000567384
0.0158157
0.00124019
0.00697579
0.343396
0.354232
0.00801603
0.322913
0.00989396
0.309943
0.000324685
0.0386851
0.0040986
0.00565111
0.0335167
0.0286224
0.234929
0.0501596
0.167818
0.0210162
0.00298318
0.21
0.0255565
0.0014755
0.0377055
0.379457
0.261282
0.424851
0.00440741
0.0122339
0.0950225
0.542408
0.0628156
0.000220526
0.332352
0.20404
0.00516178
0.515732
0.00586243
0.170444
0.283786
0.0565627
0.00192915
0.27738
0.216293
0.00592914
0.00970516
0.484382
0.0023289
0.0199131
0.00104545
0.000153411
0.557504
0.611724
0.0664989
0.0515118
0.278406
0.00668162
8.76211e-06
0.229397
0.0127264
0.227815
0.00842705
0.0706274
0.00037814
0.378137
0.00127908
0.000113419
0.0690465
0.141043
0.00093312
0.583316
0.000286918
0.212457
0.145239
0.0380084
0.0151919
6.99527e-05
0.00306405
6.46723e-05
0.375299
0.00935893
0.00226798
0.318077
0.0474721
0.00661083
0.367421
0.564565
0.159615
0.0472184
0.00883424
0.000105419
0.245387
0.490859
0.493335
0.508208
0.0369741
0.00662117
0.0632298
0.433651
0.000649571
0.0249259
0.000506428
0.4732
0.0322889
0.00240486
0.0013629
0.653757
0.375236
0.0151704
0.00122862
0.130816
0.00961828
0.0414652
0.0185905
0.21815
7.75376e-05
0.000137421
0.534965
0.0468227
0.199044
0.00479892
0.0348268
0.0466653
0.335174
0.226758
0.0975439
0.334314
0.0248145
0.276325
0.248446
0.000526827
0.206043
0.294626
0.551666
0.177692
0.529958
0.246382
0.096446
0.240718
0.077882
0.437641
0.355051
0.20553
0.00110638
0.117362
0.0170599
0.396
0.00253024
0.158023
0.0181369
0.10208
0.516748
0.0925777
0.0538692
0.530567
0.201727
0.000919273
0.000103557
0.424659
0.208887
0.00546941
0.00227812
0.0857668
1.55923e-05
0.0231435
0.25787
0.124619
0.127919
0.13213
0.000514949
0.00766715
0.00067055
0.0631177
0.000660005
0.0579488
0.372915
0.0241969
0.0151349
0.565668
0.00451925
7.30082e-05
0.15857
0.495604
0.00650733
0.144923
0.554364
0.0645874
0.210255
0.000364803
0.211737
0.235569
0.0327795
0.00022412
0.63944
0.084146
0.429379
0.252715
0.537159
0.00549123
0.617154
0.0604676
0.0244443
0.02203
0.00272278
0.0205234
0.434271
0.0285649
0.479384
9.49716e-06
0.0174872
0.271118
0.00649453
0.00055558
0.731927
0.189959
0.0139443
0.284804
0.0350713
0.772363
0.289802
0.0778898
0.00197296
0.245907
0.0870938
0.000851835
0.00470306
0.0147706
0.591655
0.583715
0.00173717
0.154879
0.0574846
0.00106659
0.068154
0.668964
0.301205
0.0052498
0.0974647
0.00628697
0.512086
0.00982248
0.218014
0.000182002
0.449255
0.316979
0.203416
0.217252
0.0921891
0.0038184
0.196148
0.418053
0.403698
0.0694195
0.568863
0.0019107
0.00827683
0.0844161
0.238868
0.0831725
0.000116564
0.46006
7.17912e-06
0.0259815
0.620299
0.012301
0.0131881
0.261536
0.617759
0.42492
0.280494
0.0110562
0.00282322
0.0143971
0.0934753
0.00482234
0.0235856
0.533316
0.0720809
0.324357
0.00426373
0.00785861
0.435976
0.425013
0.281881
0.158487
0.380358
0.517017
7.68328e-06
0.028361
0.0583736
0.551311
0.480497
0.039271
0.00173923
0.443992
0.219365
0.209197
0.0590716
0.0375364
0.00170722
0.00209332
0.00208835
0.324266
0.00449947
0.162775
0.0227213
0.54281
0.0555106
1.32583e-05
0.0377709
0.000761022
0.0827928
0.094823
0.0570507
0.0437089
0.196269
0.216796
0.515108
0.00346569
0.339617
0.00910452
0.0676738
0.435901
0.0583002
0.00581579
0.000142001
0.249604
0.410795
0.525135
0.0267237
0.49865
0.0202043
0.0077168
0.387482
0.143853
4.59394e-05
2.84279e-05
0.253967
0.000263543
1.73919e-05
0.319962
0.0554612
0.0847169
0.435769
0.384364
5.41882e-05
0.171105
0.33838
0.0890979
0.0178462
0.201956
0.303732
0.281307
0.0447398
0.0284503
0.00052602
0.00418105
0.140932
0.000929254
0.272993
0.0553348
0.124005
0.0995905
0.253692
7.98827e-05
0.00844367
0.105051
0.313602
0.00226279
0.129303
0.0545477
7.31082e-06
0.0260461
0.0472978
0.00748971
0.000187027
0.0133177
0.0261354
0.2006
0.00113266
0.568963
0.0137489
0.012769
0.00513612
0.338597
0.0298055
0.0372799
0.013151
0.0959235
0.0203272
0.444311
0.000531376
0.0366976
0.689066
0.34453
0.0146525
0.0428214
0.016209
0.00709638
0.26034
0.35906
0.000128072
0.341573
0.0049997
0.00836148
0.0419452
0.420306
0.0206994
0.0811008
0.338895
0.00484826
0.00229367
0.0155055
0.00108912
0.0581579
0.0883911
0.00428782
0.19185
0.0593041
0.302363
0.321787
0.00148845
0.0222125
0.60081
0.266127
0.0167463
0.154562
0.229486
0.225242
0.00772043
0.543394
0.488775
0.00211257
0.242655
0.304704
0.00066898
0.0474286
0.203868
0.025379
0.17616
0.336979
0.46715
0.491973
0.0296625
0.00367173
0.000780114
0.45922
0.116911
0.0166804
0.0050099
0.522026
0.484403
0.00488987
0.0717197
3.24323e-05
0.0099943
0.092155
0.158731
0.314288
0.183285
0.00131018
0.0139823
0.177303
0.301656
0.00271502
0.000235413
0.305798
0.000180996
0.127009
0.406502
0.0217323
0.000734357
0.379554
0.224905
0.0871877
0.402028
0.00140461
0.0057178
0.000523446
0.353205
0.0434615
0.0059713
0.792714
0.143149
5.11536e-08
0.157112
0.00353884
0.0826454
0.00436302
0.000713939
0.458965
0.00190318
0.156198
0.0980904
0.115695
0.00671701
3.93614e-05
0.717024
0.0421612
0.262897
0.00298598
0.00991309
0.000365499
0.315686
0.0610331
0.235401
0.195215
0.0844915
0.181733
0.285347
0.00163357
0.00260042
0.32971
0.00143186
0.391269
0.184066
0.158504
0.125861
0.454586
0.0322359
0.00916262
0.317581
0.496891
0.0136669
0.378858
0.153044
0.0909183
0.560272
0.0298985
0.150246
0.343179
0.36506
0.20143
7.93326e-06
0.412229
0.301584
0.0209656
0.0054728
0.0145899
0.0642016
0.00218921
0.00106065
0.00131788
0.126461
0.00010177
0.588981
0.227813
0.0433886
0.225543
0.022315
0.00323743
0.0735353
0.552804
0.377094
1.39643e-06
0.26819
0.00539308
0.0394508
0.000882831
7.12897e-05
0.000377857
0.0493841
0.0120286
0.0101648
0.0758229
0.192326
0.158703
0.0945094
0.00616297
0.00184522
0.2299
0.00732651
0.522894
0.00420644
0.00654003
0.00960444
0.0927704
0.0341413
0.0551946
0.0128953
0.495255
0.611679
0.00352748
0.126892
0.00893893
0.236351
0.360933
0.00887594
0.241715
0.100579
0.0137383
0.00600816
0.436253
0.0670973
0.140082
0.382231
0.279922
0.014454
0.590087
0.00169852
0.166113
0.300958
0.0448429
0.0301969
0.526013
0.388958
0.0875847
0.365229
0.0356195
0.362222
0.529129
0.00578251
0.448472
0.00486516
0.569728
0.0490578
0.00331887
0.0288299
0.514779
0.31586
0.023036
0.299464
0.628987
0.0333755
0.302326
0.0437338
0.0775231
0.054216
0.00536974
0.49568
0.102839
0.00177026
0.0853681
0.205869
0.345627
0.0364949
0.076716
0.000607323
0.0106565
0.00555483
0.354392
0.0883314
0.00256146
0.00731344
0.00271839
0.0311745
7.49172e-05
0.069216
0.122479
0.291796
0.148538
0.499471
0.438437
0.629518
0.300016
0.00296696
0.117246
0.289424
0.00975585
0.0878046
0.00227379
0.421292
0.0265582
0.0557474
0.000131528
0.381138
0.178942
0.0886446
0.441713
0.00544146
0.468103
0.00820332
0.0122346
0.442997
1.01268e-05
0.10876
0.000676711
0.482314
0.0299198
0.411128
0.477047
0.0915054
0.00869772
0.00599971
0.144154
0.285464
0.372194
0.0203009
0.0245165
0.161652
0.137107
0.53308
0.000159485
0.0271108
0.561844
0.104937
0.0197688
0.0110853
0.0180201
0.0250853
0.110759
0.0290724
0.0408483
0.259936
0.25538
0.138075
0.378964
0.382024
0.000667884
0.0068295
0.141965
0.301057
0.0499805
0.00163414
0.313689
0.2649
0.193644
0.0169773
0.284366
0.161821
6.36926e-05
0.161298
0.677422
0.441919
4.1493e-05
0.0348155
0.150287
0.249919
0.42745
0.124266
0.310541
0.00682427
0.124513
0.0989976
0.0658294
0.0572282
0.303982
0.0257298
0.0439173
0.533514
0.0582372
0.203296
0.290628
0.499523
0.000373273
0.104762
0.389442
0.086885
0.0633292
0.00303078
0.391849
0.126642
0.0254806
0.363625
0.00385405
0.0785246
0.0198068
0.00612492
0.128179
0.0226262
0.298128
0.0109439
0.00778449
0.000427894
0.00393675
0.172518
0.000334602
0.583976
0.537987
0.439971
0.333308
0.00168057
0.246585
7.90552e-05
0.0543694
0.0213937
0.189348
0.0045779
0.00079303
0.274736
0.146695
0.125502
0.00331495
0.386728
0.013799
0.124758
0.122303
0.00437118
0.253386
0.310003
0.131374
0.0256785
0.00114103
0.0937229
0.0371391
0.0557242
4.15549e-05
0.665226
0.725745
0.277239
0.0527176
0.0382021
0.000203235
0.29777
0.0815575
0.0026327
0.0151578
0.141025
0.555561
0.170437
0.0116465
0.000101274
0.110517
0.0472298
0.50325
0.290997
0.0170492
0.00214946
0.0430231
0.136161
0.111441
0.107811
0.000314264
0.0275842
0.011029
0.247889
0.00402446
0.583791
0.161645
0.00490847
0.000332735
0.00165503
2.30513e-05
0.302019
0.100971
0.181525
0.0161541
0.102605
0.338831
0.0100679
0.102155
0.0152663
0.00438009
0.540314
0.00798801
0.0247946
0.296626
0.000482153
0.0114088
0.000546712
0.17563
7.08485e-05
0.0596636
0.37044
0.00879518
0.00160314
0.00272915
0.558648
0.369508
0.044128
0.435716
0.0804749
0.000599263
0.358385
0.135619
0.000167926
0.151665
0.000938437
0.00414708
0.131341
0.530302
4.29226e-05
0.320274
0.0456857
3.59004e-05
0.00156476
2.22583e-06
0.441966
0.0422162
0.404414
0.465018
0.391983
0.0151152
0.0208821
0.00322044
0.0247377
0.494293
0.469225
0.00165081
0.00884387
0.331719
0.023363
0.000221241
0.514504
0.143622
0.311658
0.322935
0.000236089
0.00318063
0.00541171
0.326504
0.0098064
0.328366
0.324351
0.0271712
0.188639
0.389716
0.0439478
0.011408
0.00436263
0.0518405
3.32974e-06
0.127992
0.0257299
0.404871
0.0897153
1.64157e-05
0.00374367
0.00378674
6.67581e-05
0.000319411
0.198872
0.410052
0.227902
0.0943063
0.120593
0.150638
0.0267897
0.00824468
0.553879
0.335897
0.0213799
0.0166977
0.000406162
0.471393
0.0674747
0.616461
0.412504
0.0820139
0.410144
0.000607743
0.311536
0.000116788
6.89601e-05
0.0774109
0.227366
0.0202785
0.000527531
0.341217
3.26361e-06
0.325651
0.0998898
0.0526131
4.16564e-05
0.632648
0.132413
0.124767
0.163203
0.000596487
0.345539
0.609203
0.0215488
2.92195e-05
0.303076
0.438374
0.342123
0.0852536
0.000615291
0.00310277
2.31505e-05
0.677892
0.0602626
0.300413
0.0144577
0.198488
0.102871
0.18946
0.559804
0.00485734
0.0554373
0.252724
0.747716
0.00145411
0.116386
0.115601
0.0677155
0.43566
0.00678482
0.322345
0.354545
0.300761
0.186664
2.71268e-05
0.138897
0.551836
0.320675
0.0233107
0.0256501
0.0371171
0.0640571
0.0139355
0.584599
0.071598
0.130285
0.0574357
0.0120918
0.00538585
0.00887935
0.749422
0.00538957
0.0913647
0.195445
0.079798
0.0291673
0.479117
0.50981
0.338723
0.0209805
0.0578152
0.0415846
0.447816
0.291941
0.0256955
0.0249641
0.131072
0.0779955
2.27035e-06
0.298466
0.774469
0.00155579
0.0180118
0.122545
0.0105218
0.0262574
0.039057
0.00147059
0.161772
0.21612
0.0457342
0.00277646
0.257716
0.0624144
0.0298916
0.0457874
0.0734334
0.799901
1.9514e-05
0.422314
0.00527768
0.0019875
0.0325817
0.0444291
0.000471217
0.210225
0.0628916
6.36909e-07
0.0617396
0.021541
1.17308e-05
0.151537
0.165153
0.000581609
0.00167781
0.0475415
0.370832
0.00370186
0.677256
0.379215
0.00845169
0.00790243
0.00360423
0.0624994
0.00436165
0.350383
0.0338377
4.24099e-05
0.556387
0.358434
0.0140745
0.0682835
0.0106766
0.0462967
0.199789
0.300664
0.0016817
0.0028704
0.0185416
0.0271585
4.78574e-05
0.242648
0.114537
0.00495275
0.0349882
0.0579608
0.066627
0.00263776
0.0243377
0.318499
0.000772869
0.00269518
0.0127311
0.00224299
0.288606
0.0678255
0.569482
0.184635
0.0808137
0.00166276
0.000112158
0.0628639
0.390409
0.0587426
0.00141485
0.393322
0.00191841
0.0451616
0.0113
0.0898653
0.00814545
0.49484
0.26089
0.0737692
0.0577072
0.11056
1.21537e-06
0.0414186
0.0218609
0.00210874
0.337231
0.0422817
0.368264
0.280911
0.00601168
0.0407531
0.00147479
0.472956
0.0152696
0.337919
0.00170488
0.0343837
0.0306537
0.00132828
0.135253
0.146795
0.0662773
0.00169374
0.123415
0.0500053
0.273817
0.0809931
0.310663
0.497367
0.0613896
0.193563
0.0881461
0.262106
0.0210158
0.243313
0.00423621
0.503581
0.157721
0.341308
0.00337357
0.298561
0.590639
0.227268
0.493718
0.0749152
0.865141
0.849986
0.0132072
0.000620465
0.362695
0.446252
0.108919
0.106893
0.0394426
0.000345475
0.00300734
2.59768e-05
0.0116044
0.000780482
0.585285
0.140903
0.548693
0.000316063
0.000156926
1.09894e-05
0.00218019
0.0609793
0.428315
0.145895
0.209973
0.549204
0.19846
0.134805
0.519665
0.133839
0.00099763
0.557377
0.250364
0.0109267
0.356182
0.000333527
0.0490534
0.000561757
0.154784
0.000977804
0.0514084
0.359232
0.250238
0.00850682
0.00210999
3.48227e-05
0.0633986
0.271752
0.0452917
0.000730511
0.0514139
4.46604e-06
2.10184e-05
0.000155909
0.0650959
0.000649363
0.101254
0.067937
0.416716
0.00278424
0.0480125
0.0532457
0.238684
0.00428075
1.28877e-06
0.0162293
0.000416472
0.0595834
9.3836e-05
0.000225635
0.0500035
0.299627
0.0110504
0.0151303
0.370215
0.00279523
0.310277
0.0252365
0.0599246
0.000970698
0.00691367
0.00309944
0.408106
0.0346511
0.0080858
0.000684112
0.000623972
0.475143
0.023691
0.288224
0.0258754
0.00278237
0.000320887
0.261025
0.119277
0.0179066
0.0271028
0.0343529
0.118945
0.000199171
0.0827855
0.00067398
0.162132
0.142615
0.413362
0.0671066
0.00616406
0.00165155
0.0187847
0.608849
0.0430728
0.0252969
0.235217
4.69255e-05
0.146958
0.340096
0.365964
0.0153893
0.00231768
0.000326338
0.00209097
0.286535
0.134282
0.0150542
0.308781
0.000728882
0.00259867
0.788006
0.0169358
0.00593644
0.32151
0.0290028
0.000659002
0.0615762
0.00420628
0.00298605
0.246867
0.103889
0.0451728
0.371917
0.0100814
0.646455
0.551528
0.307061
0.0228874
0.0194588
0.574992
0.439715
0.000147946
0.0368121
0.069397
0.000918157
0.0481324
0.0105729
0.312728
0.0026155
0.416872
0.0255898
0.140941
0.620766
6.37606e-05
0.000334164
0.0643446
0.325035
0.333729
0.303212
0.214331
0.157757
0.0899038
0.0309385
1.51369e-07
0.769513
0.242811
0.362241
0.0239904
0.0169845
0.257424
0.00331777
0.00378146
0.00975904
0.0506886
0.259601
0.143978
0.239868
0.0709407
0.575973
0.0796052
0.392056
0.28618
0.0172472
0.473136
0.127581
0.00547745
0.0966166
0.649099
0.0433007
0.158711
0.0421352
8.36561e-05
0.00192109
0.166854
0.049436
0.311562
0.234767
0.0368001
0.669558
0.00031524
0.0243903
0.344358
0.00360244
0.104509
0.0637341
0.327906
0.694669
0.00156542
0.549436
0.0104189
0.158656
0.220564
0.00364791
0.000102752
0.00337244
0.325266
0.200612
0.0589047
0.0242047
0.566266
0.000436964
0.28085
0.39443
0.0064038
5.43435e-05
0.0001154
0.0336049
0.000230317
0.000740325
0.0295778
0.00101849
0.000264053
0.303381
0.185457
0.00177472
0.0473272
0.0117287
0.0472093
0.00163633
0.0243208
0.0962235
0.0435824
0.320591
0.00076794
0.327215
0.200266
0.307601
0.00271966
0.248725
0.00678689
6.28858e-05
0.367726
0.369612
0.247118
0.00480666
0.00689663
2.04685e-05
0.00213658
0.469207
0.000425048
0.0726325
0.000182638
0.277289
0.0837586
0.6004
0.407262
0.0108063
0.0357086
0.000607477
3.7277e-05
0.0307696
0.0209257
2.82756e-05
0.0178363
0.00680563
0.364667
6.27483e-08
0.0595112
6.9117e-06
1.73888e-06
0.0351139
0.000626952
0.00426315
0.303525
0.235347
0.000583607
0.308296
0.284609
0.0155957
0.599295
0.0212877
0.491804
0.477383
0.000240502
0.253514
0.604898
0.00158997
0.470141
0.0353123
0.00436774
0.0114845
0.721008
0.0910327
0.0006401
0.00174542
0.0565015
0.0329745
0.0417164
0.00181281
0.000120617
0.00622062
3.10402e-06
0.217112
0.170663
0.521913
0.000858234
0.00563251
0.000158732
0.00537996
0.124641
0.00110137
0.187424
0.0712105
0.518231
0.0461053
0.354849
2.98565e-06
0.0324187
0.205447
0.134554
0.00579588
0.00170178
0.0882622
0.00104912
0.258201
0.042567
0.0627155
0.00791877
0.12642
0.284245
0.000356841
0.0371025
0.000798188
0.179165
0.065554
0.0426711
0.00696069
0.00254387
0.000369482
0.360596
0.858015
0.011896
1.15208e-05
0.117275
0.152724
0.000489994
0.476862
0.110167
0.208083
0.0569924
1.95285e-06
0.0312301
0.228641
0.203278
0.00104738
0.275187
0.000147366
0.256372
0.0287966
0.302874
0.0113904
0.231786
0.502822
0.182572
0.000667329
0.0184825
0.124279
0.0342878
0.00261621
0.00457087
0.64869
0.310597
0.00783253
0.20285
0.0335296
0.530368
1.86314e-05
0.158888
0.0017808
0.000411935
0.00116401
0.0300598
0.114606
0.115374
0.00313608
0.000719292
0.0964906
0.0244925
0.00986617
0.00634333
0.0751774
0.222363
0.237257
0.0246921
0.0392045
0.0107049
0.000326746
0.168364
0.513786
0.326589
0.000488609
0.180705
0.369418
0.00113855
0.00203654
0.000773643
0.000120921
0.00373167
0.000453446
0.132097
0.190807
0.357315
4.30993e-06
6.67799e-05
0.0127743
0.306101
0.111907
0.0236366
0.0103037
0.00023756
0.255581
0.402115
0.154687
0.299725
0.118546
0.335534
0.433829
0.06244
0.00733133
0.752176
0.138617
0.00661078
0.0264036
0.157992
0.00809182
0.0158801
0.444778
0.000113228
0.102623
0.00543998
0.00101834
0.313486
0.00242201
0.49423
1.50536e-08
0.317587
0.152865
0.0661817
0.00537729
0.254519
0.0350392
0.0136458
0.0982431
0.38203
9.69657e-07
0.182218
0.000573411
0.00194028
0.012001
2.71744e-05
0.0782152
0.333079
0.136774
0.000367165
0.0695787
0.202095
0.00291923
0.0114884
0.0875962
0.307562
0.0835137
0.339466
0.00724069
0.427058
0.32681
6.13812e-06
0.385164
0.430314
0.0196152
0.0192049
0.470664
0.466304
0.00351735
0.33228
0.279772
0.178739
0.0779217
0.00297777
0.242636
0.686319
0.00123443
0.369276
0.0473111
0.00210266
0.0203503
0.134727
0.0255342
0.0033889
0.30425
0.461351
0.42327
0.394739
6.05363e-06
0.383848
0.000204522
0.000457337
0.042108
0.278181
0.382503
0.29652
0.292157
0.0477465
0.0646066
0.240768
0.0307512
0.00312609
0.00246029
0.502665
0.0406472
0.000325021
0.532394
0.00157546
0.145127
0.00048382
0.558225
0.00465968
0.441439
0.575641
0.0101393
0.0206364
0.480359
0.00313541
0.0116379
3.50533e-05
0.0173756
0.347941
0.00553788
0.120272
0.363667
0.0288802
0.182646
0.00146272
0.0068069
0.00117421
0.00662868
0.00364051
0.416457
0.0264085
0.483785
0.353079
0.081272
0.162223
0.430168
0.578919
0.0133972
7.9812e-06
0.0122902
0.107505
0.0289859
0.222673
7.72496e-05
0.37367
0.00111196
0.0793768
0.00430905
0.0213598
0.357775
0.0462348
0.00286318
0.0137628
0.0037502
0.470306
0.0658656
0.00192504
0.713129
0.164433
0.00624033
0.293626
0.100578
0.0518626
0.00409881
0.172208
0.176561
0.106047
0.0128468
0.0158879
0.383159
0.000115939
0.569012
0.00159602
0.344223
0.300138
0.00681188
0.0186329
0.000334548
0.0302103
0.00140742
0.00113423
0.244073
0.0498893
0.288463
0.00534617
0.234859
0.606798
4.37326e-05
0.0359922
0.0757528
0.00186176
0.0023632
0.109403
4.85363e-05
0.271807
0.62134
0.00740867
0.0726117
0.138434
0.194999
0.0502922
0.0901031
0.159656
0.0175473
0.00488986
0.00336723
0.00129473
0.0925249
0.166745
0.122194
0.41611
3.51709e-06
9.56391e-06
0.417498
0.000635247
0.00323304
0.308167
0.193381
0.0119833
0.00290366
0.116759
0.274296
0.12734
0.331024
0.0334363
0.156251
0.156564
3.89048e-06
0.0829116
0.527537
0.398416
0.24684
0.044053
0.250319
0.000218844
0.304947
0.000946527
0.206113
0.338815
0.00017996
0.0302066
0.0246257
0.021976
0.341586
0.153882
0.000895171
0.153308
0.34291
0.000110219
0.17852
0.386639
0.363348
0.014014
0.182391
0.504465
0.106313
0.000539226
3.74532e-05
0.0444209
0.000102755
0.0233833
0.100618
0.105174
0.354995
9.73978e-05
0.541695
0.680335
0.000162871
0.172662
0.274271
0.340282
0.408162
0.0120515
0.14849
0.27912
0.193454
0.299049
0.0066464
0.168379
0.557526
0.0929781
0.113944
0.053311
2.97574e-05
0.336303
0.00069682
0.595504
0.136051
0.257522
0.342617
0.281901
0.394546
0.65041
0.0936735
0.0110008
0.0765269
0.252308
0.0726235
0.00727578
0.0511315
0.0129986
2.30029e-05
0.0133133
2.50834e-05
0.587029
0.100812
0.0107146
0.282858
0.000520093
3.09997e-06
0.000375293
0.000102727
0.428598
0.0398158
0.000421816
6.36277e-05
0.0159184
0.207297
1.77249e-06
0.0599505
0.159846
0.0110065
0.245815
0.0359736
0.542056
0.580688
0.492599
0.0488964
0.402547
0.270914
8.9251e-07
0.239341
0.475983
0.370241
0.0684619
0.0104584
7.54449e-05
0.0168298
0.081622
0.00248333
0.117875
0.354505
0.343927
0.0464281
0.134643
0.0827588
4.67931e-06
0.675631
0.100057
0.000686618
0.282895
0.548105
0.477946
0.527208
0.0236927
0.0407607
0.0232738
0.00265999
7.20802e-05
0.131793
0.0100433
7.23344e-06
0.0438868
0.00469634
9.87788e-05
0.000184119
0.00307912
0.554897
0.0188963
0.0972895
0.585881
0.466181
2.98405e-06
0.470533
0.0189765
0.273188
0.282229
0.831223
0.155317
0.183903
0.614722
3.27125e-05
0.449155
0.276571
0.0347467
0.532163
5.18881e-05
0.732833
0.000963871
0.00800314
0.149511
0.00414631
0.0739656
0.0797548
0.003408
0.158417
0.0407449
0.24834
4.63606e-07
0.28329
0.0114932
0.0285984
0.122171
0.447169
0.047429
0.285025
0.0200006
0.224405
0.613868
0.698466
0.303948
0.0765765
0.308006
0.0210064
0.00216316
0.00673153
0.00333374
0.0263221
0.481973
0.282141
0.215123
8.64924e-05
0.0958787
0.462823
0.0790394
0.212659
0.440094
0.184338
0.282827
0.0114665
0.275751
7.07377e-05
0.0018322
0.00118761
0.33018
0.0380182
0.00518543
0.638995
0.113003
7.78542e-08
0.0928535
0.172378
0.212485
0.280924
0.206124
2.97464e-05
0.0026459
0.464867
0.000468425
0.525407
0.00115457
0.589706
0.355247
0.21696
0.158679
0.182775
0.0269425
0.0614216
7.99148e-08
0.344528
0.0781883
0.393888
0.00596995
0.227999
0.0182458
0.44205
0.142953
0.0998395
0.399079
0.434547
0.104101
0.110644
0.175066
0.338568
0.365215
0.269505
0.0890856
0.211426
0.0432941
0.00393967
0.208405
3.48926e-05
0.325411
0.0914411
0.550302
0.385826
0.346677
0.355158
0.0620543
0.753025
0.039033
0.471159
0.305141
0.527121
0.679003
0.141277
0.124499
0.001118
0.00873709
0.00800213
0.00751359
0.0228919
0.26148
0.33395
0.00255593
0.0127823
0.000327163
0.00368003
0.335837
3.913e-05
0.0642683
0.00978914
0.359897
0.417433
0.34022
0.541052
0.249974
0.0217724
0.00698564
0.0040278
0.0374393
0.390047
0.665479
0.690165
0.000494931
0.00139408
0.0172876
0.121587
9.14396e-05
0.349047
0.000220935
0.00791078
0.442904
0.595918
0.468948
0.0561992
0.0604848
0.392711
0.0140855
0.0156525
0.0345692
0.00907366
0.00113439
0.00135717
0.291793
0.225258
0.007851
0.192068
0.168671
0.0371913
0.517869
0.20685
0.402991
0.00590267
0.192646
0.121093
0.0777149
0.255783
0.00343066
0.34726
0.00476822
0.36876
0.000260623
0.349286
0.32718
0.025474
0.000183344
0.640054
0.0114624
0.00449487
0.01633
0.0261252
0.30259
0.085211
0.0019639
0.00812291
0.107835
0.00093803
0.0894013
0.608807
0.000135335
0.00195806
0.303253
0.299295
0.558171
0.00175163
0.797061
0.0813741
0.104584
0.179423
0.00449439
0.191907
2.26559e-05
0.0123565
0.107065
0.216659
0.0078523
0.237724
0.0646057
0.184233
0.551018
0.481256
0.349567
0.000327193
0.515005
0.401883
0.0229473
0.17678
0.0532193
0.000805835
0.00243406
0.00644487
0.335426
0.133062
0.195765
0.0444406
0.0240032
0.0153036
0.303842
0.00387869
0.613302
0.0397932
0.256354
0.00470438
0.0947627
0.0284784
0.00165897
0.544032
0.000153827
0.163709
0.129531
0.0673556
0.690135
0.00627985
0.00394366
0.738176
0.000275902
0.00981634
0.180687
0.440516
0.0211727
0.191115
0.38095
0.263387
0.326915
0.495686
0.0099869
0.00289345
0.0450568
0.023537
0.00870617
0.00886659
0.218691
0.0288714
0.132722
0.000886672
0.0799762
0.0512011
0.011861
0.201051
0.00262612
6.16145e-05
0.0780047
0.243181
0.0138393
0.116106
0.0193628
0.360378
0.0325483
0.498652
0.000244487
0.0308372
0.261311
2.26813e-06
0.00128675
0.0257809
0.285768
0.477221
0.119058
0.691778
0.328546
0.128095
0.0166544
0.365843
0.0106841
0.00655276
0.300015
0.301457
0.00053836
0.2396
0.0923379
0.00546273
0.17684
0.320765
1.45843e-05
0.000933823
0.387208
0.160217
0.00232651
0.377433
0.295216
0.0922372
0.3291
0.32821
0.150537
0.110077
6.28832e-05
0.0251835
0.528119
0.190124
0.00098395
0.0160469
0.00602153
0.388459
0.497794
0.278239
0.0062729
0.137996
0.00616417
0.000281692
0.078456
0.0403788
0.0191033
0.00930817
0.0186987
0.0159911
0.048033
0.0416601
0.195491
0.356089
0.00971919
0.125883
0.310258
0.00173647
0.00141039
0.220157
0.0164176
0.206934
0.000358764
0.00651077
0.418468
0.0290694
0.0118133
0.000695812
0.00891305
0.342366
0.0544151
0.220653
0.12008
0.0882055
0.0610708
0.402187
0.707136
0.286488
0.0193466
0.584286
0.0052667
0.496796
0.0019595
0.456601
0.00117518
0.0341594
0.121678
3.77434e-05
0.0789142
0.25391
0.00022746
0.0855497
0.0097901
0.607848
0.0889179
0.440965
0.0129513
0.000656682
0.00017124
0.237652
0.116119
0.654708
0.00134139
0.0309555
0.401361
0.219025
0.0737116
0.0381991
0.00497298
0.504634
0.000413469
0.167832
0.0937428
0.000403546
0.0244055
0.00127799
0.163143
0.196438
0.000345842
0.75508
0.137296
0.323432
0.000299084
0.000360833
0.221662
0.0714539
0.0362042
0.0325381
0.0141048
0.307628
0.0298126
0.0268202
0.218205
0.589777
0.092953
0.00739187
0.446014
0.0603445
0.00718871
0.0334834
0.172166
0.00864448
0.0109669
0.631299
0.0798827
0.0362251
0.125629
0.0841108
0.119763
0.393567
0.0379249
0.171926
0.184544
0.0856546
0.038521
0.372033
0.377635
0.056658
0.00158895
0.226443
0.0137181
0.231282
0.0217799
0.023335
0.120635
0.0520608
0.171291
0.348703
0.00556473
0.0071564
0.0270357
0.0137169
8.29528e-05
0.163971
0.237532
0.303911
0.000436683
0.0890077
0.163744
0.0449182
0.00191213
0.0505933
0.128838
0.317503
0.00181457
0.0071825
0.0064792
0.00315262
0.316729
0.000220797
0.288796
0.160596
0.0398041
0.00679608
0.0377572
0.00524821
0.221692
0.145575
0.104225
0.0572436
0.00277444
0.0212315
0.428502
0.56732
0.509834
0.0667144
0.034051
0.312197
0.0559779
0.0148829
0.102367
0.343638
0.00563316
0.00498479
0.511129
0.280874
0.330032
0.151188
0.369026
0.00265269
0.0376406
0.622461
0.0132401
0.268304
0.31521
0.000243846
0.427257
0.112906
0.327226
0.0463914
0.112935
0.540603
0.135178
0.172309
0.0155602
0.196354
0.0554226
0.00733419
0.217787
0.007711
0.0113755
0.0270917
0.00794603
0.0194296
0.000289504
0.0582959
0.0177696
0.000319316
0.155298
0.579558
0.322774
0.0306747
0.0183409
0.488058
0.0744116
0.364956
0.437852
0.00343037
0.371454
0.000252314
0.35651
0.0754378
0.00118568
0.20778
7.07658e-05
0.249749
0.0277452
0.109578
0.000356268
0.1349
5.06232e-05
0.0764864
0.0059451
0.00080885
0.00430029
0.00450268
0.085555
1.05875e-06
0.126502
0.69241
0.0295224
0.203062
0.000226108
0.000135047
0.429085
0.136889
0.424251
0.000625391
0.157976
0.0644697
0.579918
0.261403
0.513985
0.415242
0.000115289
0.286224
0.083056
0.015904
0.0391237
0.225805
0.315623
0.116764
0.20352
0.609427
2.06504e-05
5.59612e-06
0.063347
0.0251796
0.000745789
0.144023
0.139279
0.38655
0.0219191
0.0714732
0.0305651
0.525861
0.654969
0.0681475
0.0918855
0.03941
0.000113847
3.84021e-05
0.00598478
0.151404
0.0721502
0.228437
7.92219e-05
0.000206923
0.0681786
0.563438
0.200147
0.000424498
0.322201
0.282687
0.257494
0.000187918
0.0232726
0.032458
0.334795
7.48266e-05
0.216092
0.3662
0.000665817
0.254088
0.362951
0.112822
0.0298458
0.494746
0.00292317
0.370218
0.467568
0.225159
0.0368881
0.328533
0.179868
0.000309983
0.0357071
0.100244
0.0437807
0.0257974
0.0467302
0.304621
0.0176188
0.000176307
0.000218795
0.0168831
0.00468043
0.0178032
1.67321e-06
0.00568351
0.0202135
0.202697
0.0236165
0.595109
0.165691
0.302528
0.0698522
0.00193194
0.00206645
0.00268478
0.000600668
0.0151675
0.0736357
0.0946158
7.04199e-05
0.00111763
0.019269
0.469799
0.00381223
0.000299818
0.0198303
0.36893
0.103397
0.365805
0.397489
2.47214e-05
0.279736
0.00229235
0.160948
0.000403943
0.0361979
0.00010904
0.0138403
0.0974935
0.0950527
0.609571
7.62732e-07
0.0184213
0.519345
0.114375
0.00021635
0.00299199
0.566748
0.536128
0.527598
0.543494
0.0684625
0.000644306
0.238875
0.00672243
4.21939e-05
0.0419563
0.12662
0.0125833
0.00759148
0.00867399
0.00393333
0.0216347
0.0023795
0.214492
0.110481
0.46837
0.107583
0.426079
0.277326
0.120185
0.0174431
0.57739
0.0690305
0.00898111
0.00511811
0.524922
0.442162
0.105834
4.27768e-05
0.00298265
0.000155192
0.691473
0.345774
0.137137
2.65789e-06
0.0280023
0.582218
0.0698147
0.00106088
0.00873805
0.00628905
0.326494
0.163568
0.000467675
0.0225952
0.000201884
0.0599245
0.00557639
0.000197807
0.000253957
0.00266773
0.0842944
0.0661868
2.55437e-07
0.0382328
0.29756
0.139649
0.00349794
0.189607
2.1371e-05
0.0216685
0.472
0.536594
0.00627587
0.178343
0.362538
0.0194762
0.000938225
0.41417
0.0917372
0.246234
0.179139
0.0220985
0.0387916
0.0197971
1.88315e-05
0.0144958
0.0161578
0.00699491
0.019584
0.00315718
0.0245664
0.287093
0.122542
0.0304475
0.455029
0.00255825
0.273808
0.00881843
0.395689
0.0328556
0.242212
0.305991
0.182372
0.0757441
0.122988
0.293478
0.236321
0.264222
0.00540669
0.442081
0.00391055
0.29304
0.00209273
0.000253678
0.00168189
0.355672
0.149205
0.00607118
0.250021
0.104501
0.0324649
0.296124
0.00228684
0.0145818
0.0621482
0.274102
0.250523
0.430435
0.0288556
0.00252093
0.0101762
2.54332e-05
0.111006
0.179867
0.471338
0.135491
0.00308486
0.102774
0.283375
0.14388
0.00638499
0.0744878
0.000596251
0.000196762
0.0070871
0.0305742
0.0838258
0.321056
0.167519
0.00106745
0.220182
0.224026
0.235357
0.170352
4.42706e-05
0.0238552
0.379012
0.562484
0.113904
3.75938e-05
0.485286
0.317032
0.0122078
0.41612
0.250199
0.0254724
0.361483
0.320173
0.19036
0.00642688
0.268193
0.338608
0.000732184
0.0401886
0.00594319
0.550564
0.0201263
0.389706
0.0262894
4.99656e-07
9.31706e-06
0.0907888
0.315445
0.000278684
0.335199
0.00161798
0.00259181
0.00915318
0.664214
0.0679293
0.135763
0.0284932
5.01148e-06
0.00662802
0.561504
0.272301
0.220766
0.0161577
0.0161841
0.0741008
0.72417
0.249398
0.00947904
0.0100686
9.19838e-05
0.185009
1.10417e-06
0.226103
0.0723316
0.157936
0.677015
0.492767
0.00291089
0.23065
0.000223202
0.108876
0.188083
0.431632
0.000570628
0.0382885
0.0053194
0.310412
0.00707683
0.00228176
0.0102894
0.498526
0.493691
0.00416398
0.270125
0.0194582
0.0364373
0.0103191
0.00972595
0.0278394
0.00106121
0.000133281
0.00992057
0.48676
0.308329
0.0128598
0.00228684
2.36644e-05
0.242405
0.0259356
0.49626
0.136156
0.0417623
9.37514e-05
0.000218043
5.2262e-05
1.99118e-06
0.000691946
0.292565
0.0210065
0.103698
0.147877
0.198997
0.453105
0.180641
0.650855
0.364499
0.00183742
0.0239505
0.00287574
0.0178508
0.00742197
0.376358
7.29957e-05
0.0782868
0.324104
0.000420918
0.0368843
0.0615104
0.0396547
0.0759465
0.0699759
0.021939
0.0967322
0.000314968
0.0130348
3.55658e-05
0.230297
0.0782704
0.0222908
0.590672
0.397212
0.36876
0.000927798
0.277368
0.316406
0.38676
0.307072
0.0209757
0.68936
0.021259
0.391296
0.196634
0.519694
0.231538
0.405641
0.0199929
0.00287551
0.211435
0.00446639
0.00202915
0.688448
0.0532067
0.00494059
0.0237503
0.0532405
0.00638644
0.00727627
0.000743545
0.00522657
0.561937
0.000807345
0.0427404
0.0112063
0.232608
0.0482134
0.271883
0.322908
0.375314
0.293391
1.41665e-06
0.0116054
0.0493927
0.268498
0.096768
7.06256e-05
0.194417
1.47707e-05
0.165367
0.0275285
0.00142383
0.456488
0.0205987
0.599555
0.00673102
0.205094
0.000110759
0.310288
0.117974
0.0304366
0.0151307
0.441844
0.0676919
0.000969702
0.0402783
0.113098
0.130442
0.109351
0.000200107
0.000462438
0.00231555
0.154902
0.0398172
0.00106161
0.000542308
0.410315
0.0777334
0.0036436
0.624507
0.122521
0.068881
0.273024
0.463048
0.00254131
0.412575
0.380256
0.503933
0.0341508
0.0229794
0.449123
0.00535256
0.000203841
0.300073
0.000318281
0.00211917
0.311978
0.000402957
0.00911173
0.0042162
0.339814
0.699968
0.348017
0.0274992
0.289478
0.000562358
0.00666079
0.0087912
6.1689e-05
0.0216272
0.0218544
0.00141927
0.0886411
2.55149e-05
0.180639
0.0465759
0.0327859
0.000104536
0.000182619
0.026989
0.00556088
0.00253374
0.699995
0.289894
0.00169885
0.000698504
0.379126
0.0762293
0.0607666
0.317688
0.189342
0.0238141
0.00875024
0.211984
0.256953
0.00406532
0.192316
0.286907
0.12772
0.00233413
0.0886623
0.00569468
0.0176207
0.234614
0.142891
0.567397
0.458346
0.0359846
0.397651
0.104212
0.00112526
0.569343
0.00135256
0.115693
0.244479
0.295015
0.177913
0.02547
0.000135669
0.00229163
0.48505
0.341622
0.123284
0.00875848
0.000196961
0.0188788
0.590565
0.0259697
0.247663
0.0735468
0.193085
0.00548039
0.0654566
0.289248
0.0123869
0.00108375
0.000855258
0.324204
0.175458
0.304072
8.91423e-05
0.0143301
0.270282
0.0468159
9.46625e-05
2.55581e-05
0.35774
0.0386587
0.00619449
0.515815
0.176547
0.0339512
0.0130327
0.00031403
0.00019591
0.000103118
0.228752
0.00312594
0.00384254
0.55564
0.599193
0.0029708
0.630823
0.20646
0.00478423
0.0478988
0.377095
0.119625
0.409127
0.000774589
0.0116338
0.0619611
0.00248902
0.519521
0.586607
0.484356
0.340562
0.140562
0.610258
0.0612609
0.385795
0.217926
0.271961
0.00971581
0.00110166
0.0144189
0.315949
0.111774
0.0216391
0.000618867
0.190727
0.00620391
0.0645913
0.211492
0.00103028
0.0961239
0.259344
0.576705
0.370251
0.262096
0.00899656
0.000919142
0.0133099
0.000742051
0.0737564
0.422718
0.307583
0.303983
0.16337
0.100826
0.244025
0.00922547
0.409664
0.487726
0.000522315
7.33787e-05
0.091366
0.105902
0.00340096
0.0265845
0.00503057
0.134427
3.24015e-05
0.00101386
0.00559725
0.00677003
0.00582693
0.00479185
0.0472054
0.0311052
0.083109
0.0556879
0.0031501
0.00425493
0.00932538
0.0382022
0.0906616
0.375305
0.0415065
0.0989812
0.000315724
0.016487
0.279119
0.049626
0.000789445
0.0271185
0.299373
0.000323361
0.449752
9.72376e-05
0.38291
0.737821
0.0373216
0.117523
0.0186672
0.00341031
0.0405084
0.0066563
0.178503
0.528791
0.348559
0.000220242
0.418246
0.111952
0.000283983
0.0151598
0.162494
0.420148
0.0369365
0.000359089
0.0592428
0.150564
0.69904
0.0601477
0.518824
0.00021427
9.31693e-06
0.0102952
0.026012
0.0207026
0.0470923
0.000309376
1.67359e-06
0.135218
0.0132991
0.0108937
0.00113019
0.0749203
0.0024698
0.00996808
0.000235606
0.0032172
0.000146734
0.442226
0.012683
0.00136636
0.593388
0.000451677
0.0774144
5.62254e-05
0.0459305
0.0697685
0.0780175
0.00538814
0.174151
0.475237
0.00752978
0.552661
0.329421
0.00324939
4.22276e-06
0.0118766
0.0908762
0.00353468
0.00361001
0.0596221
0.000494008
3.97352e-05
0.468389
0.0148541
0.01134
0.492617
0.000338194
0.572907
0.0610651
0.00424841
1.0809e-05
0.0108588
0.421481
0.0964961
0.000142258
0.0469303
0.140361
0.0236649
0.00140787
0.211933
0.0473831
8.75945e-05
0.0731018
0.583318
0.292748
0.0707442
0.00137241
0.0759623
0.019962
0.0142776
0.0990694
0.00824105
0.480453
0.168009
0.444344
0.645178
0.340659
0.00656036
0.548795
5.68669e-06
0.00214205
0.222956
0.00116774
1.93221e-06
0.000800158
0.000853647
0.0434985
5.26925e-06
0.00025703
0.303245
0.00425612
0.745584
0.000257278
0.305744
0.27414
0.0105054
0.289292
0.000104418
0.0493008
0.0129684
0.11391
4.07962e-05
0.026343
0.00380784
0.279645
0.300946
0.570127
0.0037531
0.0153461
0.391267
0.462132
0.000566368
0.0530471
0.00336008
0.000112327
0.346767
0.458246
0.645589
0.0412548
0.0739498
0.0012692
0.447006
0.044296
0.0501504
0.00137901
0.169216
0.112518
0.112222
0.00221728
6.32154e-05
0.0123946
0.00012035
0.00711865
0.0186682
0.346681
0.482153
0.000659366
0.247474
0.0516438
0.00392494
0.0643474
0.000612322
0.472242
0.000224159
0.390778
0.562731
0.00179136
0.444133
0.110355
0.0015066
0.026603
0.000314864
0.630436
0.00074018
0.0689474
0.388836
0.101575
0.145018
0.00210906
0.0950597
0.667408
0.217496
0.0278536
0.422603
0.0021713
0.00732764
0.0353534
2.82291e-05
0.41007
0.000582331
0.116409
0.00166768
0.0171788
0.37434
0.631013
0.0529414
0.178881
0.0739578
0.736627
0.182293
0.000360547
0.00252844
0.147079
0.000275264
0.19222
0.302887
0.0923728
0.0109663
6.81819e-05
0.379146
0.170382
0.802443
0.0210776
3.98442e-05
0.35555
0.0201031
0.612753
0.0109697
0.181473
0.0534585
0.0234107
0.00121497
0.21147
0.161495
0.00321677
0.301816
0.110749
0.280276
0.0141554
0.00620892
0.0351042
0.29886
0.251445
0.00424502
0.153209
0.328363
0.064104
0.614208
0.0281205
0.0962996
0.260666
0.0664711
0.396087
0.027426
0.59133
0.192065
0.00127752
0.0204952
0.0061575
0.0246146
0.0498509
0.000278018
0.00144261
0.480011
0.050514
0.00484092
0.338832
0.0140685
0.000175193
0.0605815
0.0118608
0.00578892
0.00466923
0.636475
0.0234564
0.296154
0.0185137
0.34429
0.511553
0.0146163
0.00728167
0.00907953
0.105007
0.285821
0.415619
0.587121
0.0550201
0.00126155
0.060609
0.301715
0.296417
0.382675
0.197918
0.459713
0.0175189
0.0111611
0.00376567
0.0665372
0.227187
0.000131807
0.266929
0.000931881
0.000610887
0.676876
0.000414296
0.116828
0.0132986
0.0512656
0.294795
0.452432
0.00118691
0.451639
0.000609508
1.54133e-06
0.308672
0.321591
0.0887456
0.0770904
0.00768346
0.582199
0.107872
0.0351286
0.134365
0.144588
0.180171
1.94212e-06
0.342501
0.00116862
0.164149
0.0335117
0.38586
0.0492321
0.264883
0.0710772
0.00295877
0.346905
0.079752
0.286849
0.235912
0.259841
0.0620225
0.128145
0.00100489
0.334725
0.202827
0.0569547
0.054578
0.261475
0.0291816
0.0155197
0.255907
0.0264107
0.604261
0.0110827
0.161872
0.30219
0.241296
0.542241
0.537364
0.041547
0.000924409
0.55
0.00832407
0.580705
0.000356096
0.499621
0.126081
0.187968
0.225269
0.080755
0.00856537
0.0482231
0.576808
0.560572
0.0365076
0.000176246
0.280188
0.570835
0.617323
0.214332
0.0498208
0.000621567
0.00358595
0.201221
0.0573729
0.00520527
0.0683565
0.0317114
0.0491785
6.3033e-07
0.312349
0.0209597
0.130258
0.187741
2.40928e-05
0.0182328
0.00292446
0.367648
0.0059175
0.0618158
0.448487
0.533001
0.0616761
0.000384535
0.0919273
0.00391476
0.00206041
0.0767727
0.0090554
0.0394047
0.334166
0.0102233
0.231725
8.46997e-05
0.509636
0.00407742
0.0175417
0.515907
0.195665
0.00315362
0.0096588
0.279047
0.648767
0.426767
0.024581
0.372772
0.0598557
0.561552
0.301919
0.457777
5.66498e-06
0.34079
0.15742
0.0841666
0.00158615
0.00249057
0.000131184
0.00439062
0.0368537
0.205052
0.00132035
0.304896
0.0567272
0.0121238
0.0737157
0.000239417
0.069479
0.0436559
0.653045
0.184636
0.00398199
0.00125621
0.253501
0.00404199
3.34287e-05
0.00937388
0.175125
0.0774744
0.00182376
4.57055e-05
0.566109
0.128382
0.375899
0.146422
0.47508
1.46819e-05
0.537013
0.314731
0.11642
0.00261177
0.00240617
0.579347
0.00234546
0.135386
0.000284584
0.0071622
0.453875
0.0590263
0.0581016
9.20096e-05
0.227185
0.34857
0.428232
0.215583
0.575269
0.297577
0.00624863
0.00402624
0.064105
0.00766254
0.00173468
0.672157
0.436805
0.215847
0.293206
0.383966
0.246955
0.103444
0.0742769