0.397335
0.00184895
0.0133904
0.346204
0.0324219
0.000304097
0.0758565
0.387319
0.491664
0.0068627
0.633755
0.00493505
0.023895
0.108461
0.0327791
0.0361866
0.0039349
0.0809083
1.46742e-06
8.27298e-06
0.0024381
0.304394
0.145486
0.125146
0.00350597
0.237721
0.0239687
0.0660807
0.175994
0.0028255
0.0357223
0.00717048
0.0970307
0.0893961
0.168541
0.0570511
0.00200934
0.58871
0.0412365
3.48242e-06
0.0462034
5.65569e-07
0.130595
0.00112102
0.0134333
0.0304898
0.424177
0.273563
0.00268352
0.312998
0.0136422
0.0455669
0.0587444
0.250978
0.000580918
7.39624e-05
0.341172
0.219425
0.0638328
0.342634
0.039983
0.013239
0.0442729
0.551718
0.0783014
0.0237721
0.173468
0.0228157
0.395151
0.168428
0.410248
0.0324183
2.11211e-06
0.000107465
0.492734
0.00318463
0.41576
0.531402
0.019552
0.000153332
1.26707e-05
0.100066
8.88813e-05
0.343894
0.0195488
0.31222
0.258507
0.339104
0.00159402
0.0259955
0.297574
0.181961
0.00192651
8.18677e-05
0.0529974
0.174857
0.0019461
0.360289
0.411599
0.376206
0.252696
0.283545
0.000393488
0.350596
6.16441e-05
0.00311229
0.0590829
2.25254e-05
0.0215372
0.0125121
0.08119
0.316655
0.0915714
0.0367411
0.0493966
0.593154
0.104088
0.343852
0.556868
0.0940992
0.00148286
0.434549
0.000338772
0.00106163
0.00213494
0.413747
0.00437168
0.233668
0.167118
0.384995
0.00342678
0.0141572
0.00399053
0.00624196
0.0761006
0.0190789
0.229739
0.0544226
0.0255171
0.180066
0.158656
2.86655e-05
0.000200253
0.0261206
0.00131591
0.0965127
0.0547329
0.329039
0.0117035
0.076477
0.190769
0.321442
0.0514004
0.389743
0.38439
0.00661704
0.152542
0.0204447
0.118471
0.000272496
0.352491
7.58788e-05
0.590099
0.224008
0.109546
0.296249
0.000499438
0.0728073
0.211326
0.300931
0.146427
0.664944
0.0701798
0.000191815
0.0485
0.00113219
0.44327
0.00875642
0.0315792
0.00611414
0.40856
0.00145285
1.07886e-05
0.386835
0.156321
1.10747e-07
0.111244
0.093125
0.412109
0.397932
0.152377
0.00151071
0.245202
0.187596
0.0922267
0.563145
3.84941e-06
0.134034
0.284023
0.0069411
0.00308364
0.31939
6.56314e-05
0.166624
0.00291256
0.248084
0.164342
0.000281584
0.0292018
0.196248
0.16167
0.466617
0.0025365
0.0126042
0.37436
0.141728
0.425198
0.0912354
0.0845774
0.193487
0.0264901
0.316509
0.000641888
0.424437
0.174649
0.285534
0.595404
0.28555
0.344641
0.759739
0.000797272
0.00474686
0.06719
0.0162326
5.79833e-08
0.00111
0.0118306
0.712399
0.36402
0.113513
0.000406477
0.0152139
0.0340231
0.319176
0.60783
0.542629
0.0768043
0.196794
5.279e-05
0.58364
0.00470279
0.0320075
0.00866408
0.39621
0.581649
0.609016
0.0319542
0.0784658
0.28417
0.221436
0.0030491
0.196959
0.0900038
0.2894
0.0337473
0.117215
0.426416
0.0125124
0.00905681
0.254344
0.224263
0.121332
0.000650176
0.33832
0.000140513
0.38162
0.00998562
0.07104
0.341264
0.0714523
0.318055
0.0362309
3.89187e-05
0.000394056
0.304269
0.00132752
0.00789573
0.104669
0.062451
0.043424
0.00281782
1.7327e-05
0.0200163
0.0721866
0.0522723
0.173486
5.54803e-08
0.0573654
0.274272
8.59336e-07
0.000173933
0.0321096
0.0670581
0.264585
0.00472966
0.0602682
0.0858165
0.00883205
0.0297512
0.245216
0.00568588
0.00031992
0.073212
0.526062
0.238191
0.0447088
0.433076
0.301893
0.00103849
1.42568e-05
0.555332
0.352408
0.166231
0.329917
0.429601
0.0297781
0.269713
0.0105087
0.0406845
0.000369684
0.0287503
0.331312
0.185171
0.00212054
0.000190564
0.208449
0.0232991
8.99508e-05
0.277607
0.176623
0.297173
0.00608617
0.040631
0.194801
0.153838
0.0459544
0.0070966
0.0154797
1.41415e-06
0.218631
0.270517
0.000667788
0.108105
0.000247778
0.0272317
0.357555
0.477107
0.123776
2.68622e-05
0.0764529
0.00446411
0.0089685
1.64405e-07
0.195781
0.16695
0.17193
0.181809
0.649217
0.321564
0.0387587
0.255907
0.00654503
0.264195
0.0669195
0.00111474
0.092943
0.669231
0.171142
0.0846655
0.000529191
0.00811049
0.453298
0.00463666
0.594208
0.228342
0.119466
0.0200591
0.054994
0.0256936
0.00674119
0.000272043
5.5967e-05
0.264049
0.410372
0.45576
0.0743405
0.0985598
0.497706
0.144481
0.491351
0.0495609
0.32045
0.101033
0.00511263
0.00220097
0.396215
0.0131516
0.178757
0.000199944
0.0231296
0.141364
0.475333
0.571673
0.000380045
0.097246
0.00205541
0.32962
0.359651
0.561909
0.230649
0.0936377
0.370981
0.00929899
0.364639
0.068203
0.220495
0.0253087
0.284756
0.0736652
0.00831937
0.274787
0.0733475
0.364796
0.128672
0.142643
0.00589205
0.368258
0.523763
0.0192988
0.018798
0.00104936
0.185873
0.00482955
0.279064
0.0296264
0.187206
0.0366833
0.163267
0.0400229
0.309621
0.415993
0.55654
0.288914
0.293688
0.101077
0.000764927
0.299082
0.0780275
0.532612
0.42656
0.219889
0.00300948
0.0266611
0.251943
0.240394
0.00112527
0.133562
0.552881
0.330187
0.000248248
0.399794
0.000105618
0.00216821
0.423477
0.300368
0.0325403
0.142025
0.621948
0.0466954
0.0537389
0.117865
6.02432e-06
9.81797e-05
0.273591
0.101492
0.724964
0.014205
0.00315976
0.128217
0.0875972
0.000668788
0.0906178
0.0416838
0.00415844
0.0077122
1.42041e-05
0.00403697
0.301054
0.0388847
0.0364561
0.274408
0.00109723
0.0292919
0.1189
0.015075
1.62808e-07
0.0137461
0.0269081
0.765585
9.97853e-05
0.000129984
6.54305e-05
5.75916e-07
0.00875549
0.000681039
0.240731
3.34264e-05
0.294359
0.240223
0.0131625
0.273898
0.00906828
0.265249
0.0151997
0.0930377
0.307676
0.320005
0.00732974
0.101932
0.00365874
0.277789
0.577645
0.0816361
0.000699276
0.00108856
0.00235599
0.0865811
0.207937
0.0839159
0.379722
0.0388807
0.137828
0.164749
0.00667045
2.51714e-06
0.039324
0.149641
0.0313583
0.0238243
0.0160809
0.169533
0.321893
0.000464188
0.011802
0.0121871
0.00136635
0.249158
0.000738679
0.190508
1.99066e-06
0.0174418
0.0828723
0.00139108
0.0577687
0.0381443
0.0564907
0.107898
0.454837
0.555107
0.155072
0.0055002
0.00738258
0.0129118
0.755911
0.0101778
0.0362172
1.39074e-08
0.397714
3.878e-05
0.361941
0.00385182
0.484769
0.000184803
0.0818982
0.0127051
0.211826
0.274991
0.00479969
2.40664e-06
0.00174017
0.000722333
0.248923
0.001306
0.19304
0.0557912
0.00121804
0.000758946
0.152266
0.104669
0.377204
0.0145239
0.0765557
0.241527
7.87416e-05
1.78742e-05
0.00108454
0.295528
0.594615
0.316696
0.00830767
0.00378356
0.361355
0.000854755
4.50184e-06
0.0065016
0.0176612
0.000837857
0.00204359
0.142439
0.161729
0.000663913
0.429726
0.00151721
0.407954
9.98457e-06
0.129182
0.275313
0.0477971
0.00272835
0.181626
0.247189
0.107572
0.00162294
0.00377298
0.208084
0.00292355
0.000143209
0.601196
0.192103
0.0198524
0.1305
0.387749
0.42268
0.0180563
0.142848
0.370044
0.489266
0.0704421
0.00363253
0.0269139
0.0945504
0.420705
0.00239263
0.456242
0.00251806
0.0832149
0.00709667
0.0620562
0.000318327
0.00658144
0.00859152
0.22089
0.000106815
0.210953
0.171398
0.104834
0.179107
0.0497938
0.096837
0.328247
6.75207e-07
0.57168
0.704219
0.00363945
0.193718
0.759118
0.0237493
0.399375
0.750119
0.232557
0.364336
9.4955e-06
0.291588
0.215517
0.0495815
0.248127
0.00620174
0.404644
0.0098872
0.640443
0.013999
0.0102555
0.20468
0.0598717
0.000103639
0.706501
0.0165893
0.0133103
0.152351
0.0066967
0.00426544
0.00832918
0.00253261
0.0116188
0.0194568
0.333912
0.0200724
0.0378967
0.0185727
1.08099e-06
0.0174023
0.0124623
0.000429262
0.0445907
0.000136581
0.596356
0.173538
0.38165
0.0811198
0.309167
0.0548257
0.000360537
2.16265e-06
0.0348444
0.0226743
0.681266
0.000229683
0.39262
0.260642
0.0690674
0.490678
0.308173
0.00887315
0.117605
0.326818
0.490789
0.334481
0.131457
0.000477372
0.226476
0.290151
0.187116
0.0161949
0.00165729
0.383661
0.0404473
0.14802
2.09172e-07
0.112067
0.284481
0.0124853
0.194993
0.145208
0.0134335
0.00111684
0.0364698
0.000605249
0.00107749
0.024613
0.00865665
0.502184
0.0152149
0.00281135
0.0306687
0.00105157
0.00106216
0.0405322
0.485323
0.00107388
0.101976
0.68597
0.327059
0.00030299
0.100735
0.0334333
0.559228
0.0406633
2.82609e-06
6.15689e-05
0.00142284
0.00228152
0.00026239
0.00497099
0.152691
0.0875658
0.302677
0.415443
0.237949
0.39887
6.77494e-06
0.0701639
0.262978
0.608392
0.0861393
0.127244
0.00479639
0.733829
0.0253964
0.247752
0.371332
0.000801444
5.10023e-05
0.0488199
0.00148573
0.446689
0.161587
0.230376
0.069733
0.0632955
0.437615
0.0635204
0.20365
0.0355143
0.0208312
0.39422
0.00012536
0.101642
0.162245
0.318691
0.589711
0.483373
0.171131
0.0133896
0.00846792
0.0343965
0.652027
0.132289
0.000151293
0.311847
0.638209
0.295087
0.0808728
0.000977646
0.0615044
0.460199
0.0155178
0.314449
0.337804
0.425994
1.13354e-05
0.000682065
0.474426
0.00150411
0.0164656
0.0262356
0.349645
0.27038
0.0228464
0.0989407
0.000272085
0.129658
0.300851
0.000717369
0.0266223
0.0503353
0.601272
0.194908
0.0701526
2.29898e-05
3.3662e-05
0.000186534
0.00327462
0.0185464
0.621337
0.0220661
0.00377383
0.321846
0.259164
0.000611614
0.003023
0.17594
4.14593e-06
0.303094
0.000369477
0.0772263
6.02414e-05
0.00033653
0.181924
0.239206
0.0277549
0.0027511
0.343605
0.467295
0.288995
0.0421839
0.485484
0.36881
0.320489
0.510723
0.35847
0.0282528
0.0437531
0.332046
0.440181
0.0312986
0.0370073
0.532695
0.177972
0.617674
0.0218312
0.514151
0.0318257
0.0249121
0.00103947
0.425478
0.28152
0.14778
0.036242
1.62046e-05
0.0002314
0.363686
0.0378791
0.661695
0.0119271
0.100424
0.0056209
0.14461
0.00943467
7.37392e-05
0.0590244
0.0140526
0.000249182
0.0353534
0.445934
0.372645
0.00125674
0.0359518
0.00754718
0.0255313
0.306502
0.0263101
0.0054526
0.309369
0.0914305
0.000390449
0.30992
0.0355838
0.000944684
0.382022
9.18436e-05
0.111953
0.424506
0.404742
0.142224
0.214279
0.251811
0.0256093
0.00649998
0.694874
0.00219072
0.598281
0.00451579
0.0122214
0.444642
0.140342
0.000202848
0.390182
0.114687
0.325678
9.09181e-08
0.402064
0.172203
0.00549126
0.0984836
0.00909202
0.244021
0.0886403
0.0956076
0.00266941
0.118208
0.0753118
0.00234159
0.55772
2.7456e-05
0.315762
3.0879e-05
0.0422258
0.000130824
0.107708
0.226886
0.234064
0.18319
0.120015
4.21084e-05
0.0125089
6.95271e-06
0.0840628
0.000544662
0.0185399
0.0386809
0.000290813
0.0681786
6.28248e-07
0.345658
0.363097
0.0288588
0.0133923
0.0166032
0.477644
1.82483e-06
0.000507006
0.410979
0.00486483
0.000220395
0.0036227
0.00224857
0.00293413
0.0156597
0.493551
0.304397
0.00095289
4.19437e-05
0.281987
0.0013614
0.41155
0.0214343
0.0013145
8.88688e-05
0.209497
0.614398
0.00986404
0.00580403
0.245242
0.301811
0.103475
0.0425629
0.205492
0.00703689
0.0451131
2.00618e-05
0.000844859
0.00793504
0.63146
0.366136
0.588037
0.466344
0.55187
0.0930878
0.013434
0.382756
0.357766
0.00115539
0.686202
0.262435
0.00573795
0.0116356
0.0340426
0.188299
0.000316716
0.0216327
0.33841
0.466496
0.021395
0.000644521
0.00604032
0.000567332
0.0290532
0.660174
0.479003
0.00805686
0.165996
0.297714
0.58009
0.00061919
0.223834
0.564588
0.259133
0.178983
0.0143651
0.000119003
0.127631
1.56545e-05
7.04269e-06
6.05383e-05
0.403528
0.0050347
0.0406664
0.000770608
0.00488806
0.000243681
0.000222306
0.00121824
0.275732
0.0189254
0.159547
0.00973238
0.000470036
0.000572255
0.0224869
0.000821481
0.315409
0.000250801
0.0465829
0.33745
0.60389
0.107137
0.0267278
0.00161016
0.000327087
0.0232092
0.528622
0.00333665
1.74815e-06
0.180816
0.475939
0.311836
0.0394388
0.000417615
0.0131269
0.0385913
0.00457341
0.000155795
0.398962
0.0689735
0.0908006
0.00109253
0.345552
0.0628078
0.141248
0.00487495
0.026574
0.329114
0.000398648
0.166549
0.0278822
8.56973e-05
0.244823
2.15208e-05
0.38298
0.19473
0.531976
0.243867
0.369073
0.0951472
0.248139
2.26086e-05
0.0233909
0.465336
0.306899
0.000603952
0.000333209
0.00640976
1.55862e-07
0.000197565
0.45737
0.269736
0.160868
0.0306454
0.269394
0.145069
0.239438
0.0339766
0.171955
0.0620386
0.00441354
0.164805
0.26336
0.243071
0.275844
0.00155565
0.000129697
0.0206551
0.237279
0.438548
0.00100547
0.536274
0.779265
0.609012
0.29694
0.321717
0.214883
0.342685
0.401526
0.291514
0.0186539
0.040587
0.00288928
0.00868089
0.303245
0.0174862
0.0323569
0.59254
4.81137e-05
0.16335
0.287569
0.373873
0.0791956
0.00306032
0.171575
0.231496
0.00116178
0.00471206
0.00841513
0.31062
0.00734576
0.000180437
0.0116666
0.000277297
0.00196864
0.427517
0.01504
0.114415
0.0118568
0.21218
0.000646938
0.10127
0.000760694
0.386863
0.7616
0.0526726
0.0397995
0.217353
0.0297036
0.0177712
7.05781e-05
0.00230272
0.313891
0.101556
0.015813
0.00781687
0.364481
0.267743
0.232042
0.123218
0.291967
0.512024
0.00264263
0.18523
0.564233
0.000407823
0.412622
0.00180115
0.0223875
0.0178638
0.00397163
0.00207069
0.430551
0.402116
0.000138794
0.160395
0.249631
0.0130446
0.159246
5.2149e-05
0.0429716
0.235425
0.142503
0.453006
0.612929
0.00139747
0.0096648
0.528725
0.00142198
0.00695489
0.0140065
0.000320544
0.0738204
0.0161797
0.200457
3.10312e-08
0.0300221
0.364472
0.0362968
0.161686
6.02698e-05
0.158439
0.0674258
0.040264
0.468068
0.0373806
0.100754
3.6474e-05
0.337704
0.0172509
0.531892
0.537988
0.59354
0.437005
0.0554956
0.00590408
0.315382
2.25976e-06
0.00569517
0.00396908
0.00404295
0.423589
0.00203799
0.309991
0.0145717
7.39882e-05
0.139724
0.0300865
0.41018
0.329457
0.0741671
0.0196651
0.0367967
0.259516
0.00398604
0.0132746
0.37639
5.88922e-05
0.018125
0.391513
0.282422
0.303521
0.464626
0.354299
0.288562
0.0578268
0.0614281
0.000767805
0.00788356
8.09653e-06
0.00114259
0.443769
0.000219052
0.000188613
0.0740243
0.156869
0.145503
0.481104
0.457954
0.566095
0.000661192
0.0508865
0.364645
1.3892e-07
0.00536646
0.272872
0.401412
0.00325729
0.0122944
0.643335
0.34914
0.109439
0.287549
0.0119668
7.72964e-06
0.258058
0.357599
0.0610997
0.54847
0.0920379
0.0856699
0.0404186
0.823673
0.0274429
0.0303012
5.28974e-07
0.14382
0.000559608
0.0750868
0.585452
0.000566611
0.230273
0.307184
0.161822
0.000114373
0.00183129
0.143125
0.0275205
0.00925674
0.00226776
0.00621182
0.283661
0.00076718
0.00472835
0.0238312
6.68181e-05
0.0411956
0.166736
0.301152
0.565774
0.298892
0.0122992
0.271443
0.0490464
0.00153378
0.0439233
0.36249
0.22991
0.0932619
0.0324683
0.00232374
0.00147598
0.0629107
0.299279
0.435514
0.227541
0.00035084
0.610174
0.00167815
0.0466749
0.0677454
0.586706
0.0298794
0.156094
0.709299
0.346645
0.438462
0.0682658
0.0556519
0.0410891
0.00120517
0.365125
0.194257
0.00207235
0.0143385
0.266657
0.00855768
0.540461
0.00115731
0.0932761
0.166732
0.0371201
0.317231
0.0149595
0.0127986
6.49635e-06
0.0202503
0.0802043
0.00728215
0.0295454
0.241851
0.226106
0.00124569
0.337688
0.000917393
0.501465
0.00558926
0.0877174
0.00111046
0.127463
0.0902167
0.193155
0.000945579
0.00883288
0.557056
0.0430515
0.277834
0.00335554
0.359129
0.357836
0.119117
0.000743488
0.00422504
8.70426e-05
0.0626992
0.000223969
0.150691
0.273196
1.64928e-05
0.466184
0.309566
0.350435
0.302772
0.00104752
0.305893
0.00251568
4.17518e-05
0.330372
0.218346
0.345709
0.275313
0.508702
0.211823
0.0084414
0.0273941
0.544934
0.321034
0.0328286
0.465438
2.65973e-07
0.13472
0.0837939
0.000313134
0.0023977
0.244238
0.815107
0.0306049
0.03814
0.00123359
1.24182e-06
0.0131813
0.024892
0.00862795
0.301849
0.00168288
0.00478479
0.000100042
0.360818
0.433423
0.249844
0.382493
0.299076
0.145463
0.000145237
0.00439233
0.000169465
7.41222e-05
0.302375
0.0181953
0.34361
0.00629337
0.112933
0.225728
0.550616
0.000114259
0.0123158
0.031696
0.0450995
0.00112565
0.18373
0.00296413
0.0604593
0.000429674
6.74795e-05
0.0235488
5.16234e-06
0.0143389
0.0189576
0.0617865
0.319036
0.0443036
0.606661
0.0335488
0.502655
0.000759314
0.585973
0.600266
0.0350405
0.00386014
0.201583
0.000107914
0.00616316
0.318871
0.068544
0.0891416
0.0251542
7.95117e-05
0.0345778
0.000305544
0.0518386
0.0531829
0.422388
0.00188957
0.312806
0.439637
0.625114
0.00504689
0.00257911
0.018313
0.0544854
0.372115
0.336388
0.0205169
0.000737655
0.0306976
0.061119
0.157226
0.00990194
4.70885e-05
0.0559325
0.00276414
0.0604217
0.470189
0.513262
0.20699
0.548365
0.259493
0.00948588
0.394822
0.0550292
0.66897
0.0572479
0.689765
0.285863
0.0158069
0.0123661
0.496046
0.0538766
0.023353
0.0782171
0.0315699
0.229545
1.55362e-05
0.274816
0.00385464
0.108109
0.563944
0.00457694
0.000783548
0.113716
0.603854
0.300802
0.452348
0.4536
0.000122649
0.0105637
0.113253
0.09963
0.00262783
0.714314
0.00406752
0.516013
0.191451
0.524425
0.00186806
0.00684372
0.593957
0.154293
0.418881
0.00553091
4.40564e-06
0.108201
0.0314709
0.366665
0.0271116
0.00437869
0.446439
0.0291181
0.324543
0.0973273
0.0265467
0.536547
0.500782
0.0851177
0.0615573
0.449508
0.0295592
0.00817872
0.590452
0.00377424
0.000441955
0.0208531
0.339499
0.501708
0.124369
0.220294
0.37557
0.00639215
0.308228
0.00481449
0.299208
0.0543366
0.0321153
0.0109299
0.000436918
0.679106
2.39992e-07
0.358263
0.0751863
0.0731233
0.487933
3.18695e-07
0.338724
0.000542206
0.0093153
0.0041182
0.433033
0.000699408
0.0510978
0.500973
0.163682
6.9063e-05
0.48547
0.273243
0.0762374
0.00230061
0.430449
1.84415e-05
0.0181783
0.433445
0.330274
0.286919
0.00137602
7.54085e-05
0.000212995
0.0267358
0.0960136
0.323871
0.0119889
0.105651
0.00714976
0.137538
0.256705
0.0427452
0.430196
0.414865
0.411921
7.06437e-06
0.162622
0.0057108
0.00439896
0.00185159
0.441359
0.0131712
0.0901836
0.0692283
0.0926931
0.23391
0.392209
0.00164271
0.0293162
0.00158997
0.000824592
0.158284
0.460887
0.0226198
0.4423
7.58456e-05
0.0437085
0.444494
0.219125
0.00773889
0.00012304
0.260905
0.00637937
0.000421577
0.00410692
0.811108
0.132517
0.40059
0.408746
0.0163699
0.14435
0.00996112
0.117971
1.82681e-05
0.419721
0.21453
0.00401778
0.0275753
0.389213
0.00036668
0.374103
0.317079
0.12083
0.342217
0.1787
0.461015
6.47708e-05
0.000689849
0.0127868
0.000422243
0.00839648
0.226578
0.385125
0.291274
0.107218
1.41651e-05
0.000920084
0.00308102
0.00523453
0.259195
0.609468
0.123091
0.0613875
0.152085
0.0683313
0.000206706
0.0056168
0.00702943
0.185719
0.640903
0.387925
0.548956
0.272775
0.317856
0.122109
0.0102149
0.574289
0.0018275
0.0101458
0.341226
0.25286
0.014025
1.76099e-05
0.213909
0.288087
9.39626e-06
0.514161
1.98407e-05
0.000381576
0.117521
0.035288
0.266721
0.200517
0.366077
0.458815
0.355897
0.00274061
0.00426116
0.227625
0.0348269
0.232746
0.00593875
0.0344558
0.00017144
0.0768184
0.00334031
0.0835782
0.409705
0.418813
5.94173e-06
0.0583297
0.348846
0.129324
3.04896e-05
0.00784622
0.174005
0.107253
0.439599
0.282689
0.00671992
0.307347
0.109965
0.0968405
0.299774
0.000991493
0.292388
0.337838
0.428596
0.03533
7.43367e-05
4.30737e-06
0.00696308
0.505547
0.462914
0.0881934
0.250057
0.00353068
6.18767e-05
0.0306743
0.554275
0.00329725
0.151158
0.359964
0.00226179
0.278906
0.228121
6.7081e-05
0.0741614
0.148087
0.157777
0.0145744
0.128208
0.186254
2.57457e-05
0.157754
0.170166
0.397455
0.000453936
0.0204103
0.000635215
6.64235e-07
5.53536e-05
0.358287
0.0014574
0.362294
0.564875
0.0960269
0.421399
0.0313268
0.201337
3.90797e-06
0.25792
0.576566
0.018181
0.0485496
0.641641
0.0184894
0.00489795
0.00363203
0.250025
0.131794
0.319516
0.0933439
0.00241276
0.000187518
0.0222786
0.000892625
0.576796
0.159266
0.188441
0.603628
0.148261
0.00992796
0.0274868
0.0830759
0.000138967
0.481998
0.00263776
0.00683161
0.0713146
0.321462
0.233979
0.500538
0.00505067
3.567e-05
0.0213986
0.00767247
0.00863345
0.241796
0.51451
0.552559
0.0116522
0.0336937
0.381399
0.349141
0.139398
0.00775411
0.475894
0.0840203
0.00084472
0.320698
0.000361793
0.00449203
0.0122678
0.000624876
0.363554
0.00762623
0.115949
0.596079
0.00137389
0.285393
0.239654
0.145184
0.0714442
0.050438
9.72298e-05
0.280027
0.0544418
0.517577
0.299518
0.241878
0.261162
0.213976
0.637082
0.272223
0.361813
0.000766686
0.00488069
0.127589
0.0112198
0.000232796
0.226868
0.0630822
0.313284
0.427034
0.069707
0.00249165
0.282388
0.196682
0.546779
0.120876
0.80852
0.0229194
0.493612
0.171829
0.154645
0.00867885
0.0790343
0.0325573
0.242469
0.0137468
0.00124617
6.21764e-06
0.308118
0.0544281
0.109464
0.668579
0.0388189
0.00058149
0.0510259
0.00416715
0.0346276
0.000201023
0.102099
0.0833475
0.343366
0.0004642
0.513687
0.00473985
0.00445526
0.0294953
0.245522
0.0015864
0.0509733
0.0863319
3.53449e-05
0.000554102
0.384405
0.389238
0.00127756
0.115784
0.198795
0.556671
0.00454581
0.0467781
0.367381
0.546299
0.0859858
0.270821
0.00530604
0.000640973
0.160636
0.00801735
0.094712
0.474533
0.31494
0.000143602
0.345218
0.0194625
0.0448648
0.0027428
0.22375
0.782103
0.50825
0.00813839
0.0112933
0.0862881
0.098731
0.0176177
0.000453528
0.0920921
0.613559
0.000139503
0.0255474
0.0914584
0.0120483
0.347857
0.377754
0.33398
0.366844
0.324127
0.509391
0.335922
0.113227
0.0037377
0.409862
0.00474432
0.00029692
0.0462976
0.000514296
0.248903
0.00208597
9.74219e-08
0.370323
0.000257078
0.00107634
3.63715e-10
0.000781685
4.97869e-05
0.00746167
0.00191927
0.0014828
0.255235
0.434655
0.174858
0.000608325
0.249356
0.000220087
8.10842e-05
0.267362
0.0334603
0.0461704
0.195333
0.0635503
9.04444e-06
0.0602503
0.14776
0.00221135
2.86169e-05
0.0121633
0.126483
0.0902338
0.155602
0.0500997
0.242436
0.660331
5.5177e-05
0.476302
0.00102852
0.330886
0.221825
0.154099
0.0442413
0.13056
0.00130421
0.645104
0.207286
2.42473e-05
0.00206639
0.300402
0.332978
0.0651718
0.115955
0.000586227
0.0463392
0.0070249
0.0913998
0.140683
0.00253195
0.0282148
0.00401455
0.102465
0.34992
0.0172637
0.125436
0.122839
0.00234972
0.000324961
0.170704
0.00236646
0.00482552
0.0443266
0.000826849
0.000983272
0.15565
0.0322922
0.000471772
0.28611
0.0132601
0.328513
0.103967
0.18972
0.0170042
0.0677952
0.522728
0.431373
0.394404
0.0159011
0.00359444
7.90677e-07
0.561148
0.0490413
0.00123873
1.28728e-05
0.0393486
0.026275
0.049979
0.110097
0.398307
0.0521367
0.00939021
0.007214
0.0907375
7.76122e-05
0.165281
0.761552
0.088252
0.00145534
0.3078
0.0762628
3.77008e-06
0.154393
0.0775156
0.27909
0.0235234
0.215751
0.29257
0.0471158
0.000703904
0.439192
0.00714146
0.269354
0.0126636
0.000614081
0.000370437
0.144288
0.1877
0.147925
0.187632
0.396612
0.351815
0.204125
0.377907
0.00175391
0.041936
0.70511
0.000148414
0.00402659
0.0236454
0.00337949
0.372886
0.1307
0.00598018
6.24312e-06
0.165959
0.390646
0.263004
0.0768039
7.99294e-07
0.181937
0.000202444
0.000834515
0.0647884
0.37118
0.318674
0.00224928
0.0601198
0.000388188
0.0753508
0.00837716
0.00506647
0.0186325
2.73777e-07
0.00487433
0.00751312
0.176257
0.00253602
0.449691
0.131516
0.0450849
0.541498
1.77984e-06
3.40073e-05
0.0493409
8.16521e-05
0.0792981
0.0898179
0.0136346
0.0156646
0.0375932
0.000166741
0.00085109
0.0139592
0.000658484
0.191024
0.143375
0.282821
0.601174
0.039783
0.00401163
0.0227849
0.000840043
0.00632435
0.0165264
0.51903
0.332777
0.580717
0.412676
0.363293
0.215523
0.00894399
0.00110053
0.0813845
0.000172486
0.0728532
0.272966
0.415667
0.287983
0.00156961
0.0819841
0.267812
0.00363864
0.00234984
0.10097
0.00639823
0.00332005
0.129658
0.000283023
0.761749
1.36202e-06
9.91751e-05
0.236556
0.22436
0.419876
0.0857351
0.175398
0.163775
0.0583638
0.0109707
0.00712049
0.336651
0.13572
0.0803512
0.40582
0.0374054
5.44779e-05
0.19477
0.466759
0.00510847
0.216578
0.373057
0.0450012
0.133789
0.000731669
0.00031079
1.8617e-05
0.0592159
0.00215198
0.541585
4.932e-06
0.0569316
0.00874731
0.125111
0.455629
0.65141
0.0917303
0.00157048
0.0313904
0.00116897
0.316437
0.234862
0.449028
0.0176203
0.187774
0.411563
0.0498788
0.0390002
0.623671
0.542511
0.000113718
0.17304
0.0724976
0.0012799
0.391488
0.066156
0.169787
0.2153
0.0262443
0.133552
0.231843
0.00014293
0.67654
0.0456302
0.18793
0.0198463
0.133007
5.89829e-05
0.00188522
0.00111154
0.364991
0.0509645
0.000804671
0.00144508
0.0356317
0.0158841
0.0306785
0.36211
0.0708315
0.188602
0.00377223
0.000753852
0.00693092
0.020279
0.000260617
0.166847
0.0120769
0.481568
0.00525825
9.57534e-07
0.424084
0.000617363
0.0225168
0.213786
0.481238
0.260364
0.0075579
0.265238
0.102348
7.88532e-05
0.162433
0.164552
0.0092975
0.284242
0.0490984
0.038952
0.0425911
0.0162752
1.15135e-05
6.23596e-06
0.31365
0.240117
0.226487
0.0517923
0.000360551
0.000563296
0.0046704
0.0796088
0.0669774
0.029004
0.224617
0.549721
0.607988
0.178157
5.73052e-07
0.165611
0.0136443
0.144369
0.0954163
0.0718443
0.424255
0.560462
0.222016
0.00629156
1.32e-05
0.0159665
0.277522
0.00108197
0.234533
0.375202
0.000360052
0.00371618
0.219196
0.128471
0.322334
0.470686
0.0270663
0.00054271
0.143327
0.271762
0.317921
0.666972
0.0323795
0.00237389
0.382601
0.339143
0.0664098
0.0733643
0.332622
0.000110353
0.185483
0.011849
0.241034
0.00464731
0.00249669
0.157052
0.000514278
0.219403
0.00441229
0.436238
0.367816
0.0791287
0.00180197
0.213946
0.0120181
0.512393
0.0984782
0.433158
0.000476001
0.203213
6.82559e-08
0.116824
0.560781
0.00207002
0.173636
0.00120349
5.86122e-06
0.0909966
0.0045721
0.031159
0.183568
0.0133161
1.08767e-05
0.000198485
0.00202025
0.0736507
0.0729104
0.0215118
0.426913
0.543548
0.0505249
0.158836
0.0389146
0.23635
0.0180834
0.107923
0.00497139
0.328454
0.186571
0.0112303
0.0169735
2.159e-09
0.00282961
6.34232e-05
0.0193609
1.6022e-05
0.235419
0.271834
0.00473453
0.000198874
3.60684e-07
0.0317864
0.0133819
0.000685296
0.513393
0.416811
0.147851
4.16479e-05
0.196237
0.120752
0.0208689
0.301913
0.234533
0.402486
0.235136
0.26475
0.0507261
0.00412767
0.000387989
0.17624
0.103709
0.278545
0.0483358
0.0112377
0.714461
0.006849
0.328401
0.0528729
1.35823e-08
0.451649
0.124032
0.232295
0.167531
0.0347069
0.0389664
0.0722057
0.0327033
0.1163
0.250242
0.287407
0.652234
0.382957
0.00133761
0.131223
0.0130229
0.0135309
0.22568
0.0335215
0.467997
0.00176105
0.647462
4.42221e-05
0.00174386
0.287979
0.00953305
0.0214635
2.69694e-06
0.0769229
0.310705
0.0148426
0.00021962
1.01324e-06
0.0336373
0.0702053
0.0471193
0.268544
0.312049
0.0825347
2.67195e-05
0.138918
0.0897405
0.00578578
0.400136
0.0286065
0.000963231
0.0587584
1.33862e-05
0.125458
0.0207733
0.000117027
0.276733
0.0110232
0.323389
0.811261
0.0278157
0.108717
0.160124
0.0224218
0.0111459
4.85653e-06
0.217372
0.0101433
0.00175846
0.00675355
0.00141776
0.0692184
0.523316
0.00349836
0.00219618
0.00197907
0.00123602
0.18101
0.00387352
0.0118763
0.05681
0.450944
0.000284342
0.171705
0.000466049
0.0214193
4.67137e-05
0.289191
0.486636
0.494992
0.449146
4.86329e-05
0.000129088
3.90762e-05
0.385889
0.000821139
0.0247594
0.130782
0.0028764
0.00876019
0.26594
1.32181e-05
0.567246
0.249218
0.0402005
0.0851597
0.0841428
0.0572491
0.382739
0.0770756
0.205343
0.00126838
1.62971e-05
0.267699
0.233547
0.00706661
0.0135733
0.460497
0.218612
0.29487
0.115675
0.119863
0.104504
0.424406
0.496099
0.364126
0.0195891
0.000401275
0.22324
0.0466901
2.65391e-05
0.00739529
0.130658
0.0868254
0.436117
1.27515e-05
2.8912e-05
0.110726
0.0124738
0.00428916
0.033949
0.670453
0.594963
0.00485234
0.000278563
0.00238445
0.0647641
0.0322951
0.450029
0.0057256
0.0256506
0.0616412
0.0193281
0.0151205
0.0972611
0.167108
0.00112964
0.00015043
5.56554e-05
0.248474
0.0116241
0.640503
0.0100413
0.51897
0.356072
0.273048
0.339146
0.289912
0.213364
0.0230091
0.167714
0.0162907
0.505872
0.00781911
1.94552e-05
0.528343
0.631242
0.120623
8.85869e-07
0.0126953
0.0236217
0.629392
0.000275863
0.00426529
0.00545599
4.46413e-05
0.0387083
0.150958
0.209184
0.000507428
0.0576612
0.240338
0.04613
0.152448
0.121055
0.319092
0.195214
0.272137
0.000179752
0.048797
0.296463
0.00728439
0.00105471
0.0663587
0.000311847
0.387463
0.000310035
0.341662
0.293413
0.175406
0.437092
0.119265
0.475041
0.249732
0.00291965
0.0244192
0.00618004
0.119167
0.0836104
0.230938
0.060019
0.0218634
0.0867328
0.0530421
0.375256
4.55234e-05
0.000325576
0.0357587
0.348634
0.196407
0.00424339
0.0408992
6.99322e-05
0.0349682
0.0597428
0.030767
2.55265e-07
0.294658
0.193221
0.00224118
0.0044956
0.0217884
0.223433
0.161709
0.198191
0.512463
0.257491
0.322339
0.0734224
0.0201301
0.375524
0.0691776
0.0157973
0.494688
0.00255095
0.0001651
0.0333738
0.0837397
0.528724
0.240783
0.241957
0.560036
0.0108694
0.00410285
0.257691
0.0547288
0.476292
0.0275434
0.00655985
0.0104485
0.171607
0.00320869
0.0557895
0.316286
0.47725
0.00815058
0.48569
0.00052843
0.814825
0.366962
0.00549272
4.81006e-06
0.122686
0.00979576
0.489891
0.116332
0.0516542
0.0161544
0.402266
0.0145883
8.51408e-06
0.10482
0.136361
5.86257e-07
2.53105e-06
0.479373
0.000543782
0.277207
0.34551
0.459878
0.0235929
0.0292206
0.191582
0.194382
0.00426684
0.172457
0.478527
0.162531
0.0557964
0.205256
0.000257991
0.00100119
0.693317
0.00661527
0.636187
0.0176995
0.308349
0.0047114
0.00028546
0.0277027
0.441375
7.25741e-05
0.755822
0.473039
9.38543e-05
0.0302455
0.731143
0.127219
3.28499e-07
0.0711616
0.000361415
0.468479
0.0288489
0.102836
0.643213
0.585864
0.538445
0.000299435
0.319351
0.0427686
0.0178741
0.00578361
0.00178994
0.212473
0.0395252
0.569231
0.174193
7.25449e-05
0.000810206
0.00910097
0.703852
0.264096
0.000282357
0.351418
0.00253993
0.000477251
0.00657733
0.00771031
0.453473
0.722323
0.365498
0.000664701
0.111154
0.0122595
0.310032
0.0286098
0.103858
0.465122
0.0432833
0.535948
0.54723
0.00127589
0.0594615
0.000510309
0.000632574
0.34157
0.00280764
0.317904
0.209873
0.34547
0.112512
0.0107661
0.0942238
0.0105815
8.91228e-08
0.00587767
0.444541
3.04487e-08
0.359942
0.0070388
0.477238
0.276545
0.000411213
0.233921
0.0402524
0.0677107
0.0752666
0.177815
0.0565061
0.0264715
0.536713
0.594546
0.0203897
0.436746
0.0136224
0.344099
3.35149e-05
0.00109253
6.54153e-05
0.0825749
1.30752e-06
0.344919
0.000153059
0.301969
0.355651
0.000690804
0.00882969
0.088379
0.00159316
0.000346487
0.0147806
0.403357
0.245164
0.0110577
0.037972
0.178596
0.00613173
2.27153e-05
0.130408
0.188343
0.069214
0.0770154
0.0660584
0.00157866
0.158881
0.151284
0.00458233
0.0371052
0.000900293
0.737771
0.292412
0.00378739
0.436433
0.326994
1.00542e-05
0.30063
0.15815
0.00781843
0.411305
0.533853
0.768143
0.257095
0.00207991
0.089757
0.50158
0.203827
0.0126077
0.000618409
0.100879
0.0812881
0.00375751
0.216051
0.00212202
0.350741
0.0450412
0.394766
0.757025
0.48428
0.0332124
0.0778153
0.0886117
1.4338e-06
0.0912848
0.00313571
0.000189455
0.00104128
0.577623
0.000941987
0.642656
0.230641
0.184985
0.00250225
0.249712
0.558363
0.0945833
0.000994574
0.0998002
0.176225
0.000883248
0.0149916
0.281482
0.000496265
3.84688e-05
0.000805062
0.000208481
0.0298941
0.490761
0.0342177
0.000440247
8.89177e-05
0.017818
0.0167698
0.101
0.45099
0.566732
0.333601
0.0115226
0.0674855
1.74169e-05
0.0028766
0.00887625
0.0487184
0.000169599
0.0589742
0.501004
0.0927972
0.028586
0.259477
0.00129083
4.94346e-05
0.0248817
0.0312257
0.313159
0.493684
0.000108614
0.0164033
0.271355
0.554517
8.72632e-05
0.188848
0.105511
0.00454476
0.199118
0.00111362
0.00931347
0.26535
0.00285399
4.39283e-05
0.368885
0.375551
0.0178885
0.117882
0.346997
0.0368325
0.23803
0.0667051
0.175862
0.0212838
0.000391631
1.34179e-05
0.508196
0.0579131
0.171258
0.105231
0.00162637
0.11463
0.524448
0.243551
0.305419
0.329089
0.00483026
0.189545
0.00831467
0.0233299
0.00219013
0.000140688
0.787379
0.0272548
0.000141882
1.60204e-05
0.234891
0.341823
0.00908414
0.00561993
0.657695
0.431633
0.123643
0.00923847
0.0169757
0.108191
2.55774e-05
0.0075543
0.587456
0.457604
0.0136923
0.245254
0.0169335
0.00210858
0.475628
0.000393253
0.0041879
0.350393
0.000601842
0.300241
0.08412
0.00358027
0.248685
0.0035869
0.291694
0.260108
0.000309903
0.296387
0.205527
0.184735
0.564374
0.314922
0.0115539
0.406516
0.0898831
0.00546273
0.0656606
0.172434
0.0342523
0.00164773
0.00105248
0.0540932
0.37273
0.00784176
0.0129366
0.0951946
0.00294821
0.221853
0.00287477
0.302856
0.38928
0.150143
0.0173149
0.17759
0.223355
0.000254092
0.439541
0.0030762
0.0186352
0.00172373
0.434659
0.000310319
0.216896
0.492027
0.000790346
0.289403
0.0237716
0.291761
0.00253481
3.74507e-05
0.00331107
0.329823
0.0107925
0.000854289
0.192417
0.0159659
0.0661589
0.464381
0.174909
0.000262016
0.190565
0.373041
0.199458
0.0777626
0.0106038
0.267695
0.621119
0.576388
0.00334635
0.275338
0.145918
0.124615
0.00119836
2.61808e-05
0.299085
0.0208995
0.000596756
0.0690527
0.240126
0.000183673
0.0890233
0.0803604
0.308965
0.446383
0.037704
0.356199
0.0541037
0.0677017
0.401635
0.298277
0.0344173
0.0365561
0.00789178
0.17459
0.000627747
0.323663
8.45251e-06
0.539917
0.0127561
0.0331157
0.000313002
0.280815
6.85851e-06
0.00105119
0.462978
0.402832
0.140787
0.00578187
0.344208
0.00590729
0.0543759
0.52703
0.000181579
0.293034
4.45432e-05
0.797548
0.0988764
0.158309
0.000454775
0.203104
0.0249331
4.50101e-06
0.0153225
0.422981
0.298486
0.51791
0.138613
0.0479516
0.513166
0.353535
5.43389e-05
0.234712
0.0977963
0.00394879
0.267796
0.115138
0.00599812
0.459346
0.006645
0.351229
0.00819142
0.00359603
0.00727255
0.117596
0.41633
0.0740307
0.606045
0.00458504
0.333053
0.0097249
0.517941
0.805186
0.0108374
0.050899
0.155295
0.116723
0.274141
0.0159719
0.00578572
0.140622
0.0628766
0.472567
0.000147874
0.0018273
0.0579976
0.0030389
0.00286145
0.000323234
0.242869
0.0425152
1.12449e-06
0.321028
0.684788
0.0243384
3.94854e-05
0.261469
0.130325
0.00322821
0.00243086
0.187529
0.0847005
0.319679
0.294145
2.01357e-05
0.134453
0.216902
3.60797e-06
0.00170635
0.00291845
0.00477971
0.00323608
0.00287803
0.00260619
0.00744625
0.306917
0.338528
0.46804
0.294659
0.332525
0.0608562
0.0104058
0.000286192
0.011095
0.208778
0.249701
0.36859
0.0628664
0.073304
0.602935
0.438091
0.000419413
0.116263
0.328802
2.13558e-05
4.04872e-06
0.154609
0.273339
0.788521
0.225457
2.65354e-05
0.00203683
0.361148
0.14235
0.063569
0.439469
0.190652
0.34119
0.275711
7.17572e-06
0.00694089
0.252882
0.0440097
0.621641
0.728056
0.245529
0.369345
0.478196
0.00344454
0.000391764
0.628501
0.178032
0.19012
0.000363884
0.514226
0.314259
0.00333448
0.315741
1.9911e-05
0.0055534
0.0365763
0.262904
0.556204
0.408266
0.445876
0.528405
0.490109
0.216005
0.00667588
0.472864
0.0004336
0.527769
0.0841564
0.16364
0.552621
0.0100895
0.0146987
5.71793e-05
0.000379477
0.302145
0.000390859
0.512093
0.00265556
0.47064
0.00137259
0.00390583
0.00102488
0.562865
1.14718e-06
0.0335346
0.32713
0.000180163
0.0342713
2.40909e-07
0.00622321
0.0597589
0.000167069
0.000361746
0.0240512
0.32128
0.560295
5.88931e-05
0.000187857
0.000151006
0.0542458
0.126922
0.197544
0.0957819
0.675775
0.111685
0.0558077
1.01878e-06
1.31301e-05
0.215527
0.000291919
0.00120662
0.342487
0.00747082
0.00598914
0.0241148
0.641737
0.413811
0.249227
0.0917438
0.366574
0.475157
0.00254583
0.0100089
0.0093708
0.172865
0.169537
7.96573e-05
2.07058e-05
0.177713
0.0395899
0.0161404
0.363717
0.249648
0.197326
0.00150417
0.201171
0.215954
0.0855784
1.36603e-07
0.286605
0.00017452
0.0270882
0.435907
0.438783
0.412275
0.461466
0.0375215
0.435603
0.000709126
0.203151
0.00271339
0.0140335
0.0270258
0.00483236
0.00221435
0.363242
0.00115895
0.00403395
0.0725233
0.129492
0.244113
0.00446316
0.404763
0.000387318
0.20529
0.0192065
0.627258
0.00723575
0.0301971
0.0202904
0.0618136
0.0636313
0.389981
0.481085
6.45026e-06
0.0322461
0.000144862
0.539721
0.275514
0.00274553
0.0431382
0.0698783
0.270581
0.0126681
0.403667
0.260337
0.0303146
0.0814057
0.475883
8.208e-05
5.93871e-05
0.0735496
0.0396618
0.155207
0.181476
0.0375112
0.0440004
0.65012
0.0239805
0.237575
0.136466
0.527487
0.00257156
0.254164
0.0377289
0.196141
0.122817
0.0241527
0.0102711
0.0870479
0.297406
0.137096
0.112125
0.00358166
0.121319
0.00755558
0.149796
0.230017
1.0108e-06
0.0323179
0.359985
0.129161
0.0182483
0.0406809
0.0017607
3.70958e-05
0.412415
0.0343623
0.0906199
0.0257162
0.0199829
0.25756
0.000163622
0.00100287
0.0295683
0.0042186
0.251281
0.597956
0.000510763
0.102236
0.00291349
0.29846
0.253309
0.0062336
0.0085115
0.00171985
0.000100667
0.25891
0.023096
0.00862055
0.0180933
0.0165998
0.074631
0.0983117
0.0121903
0.00259402
0.357209
0.0318894
0.0122148
0.000317939
0.162129
0.000549568
0.0155472
0.33353
0.358457
0.00256006
9.45259e-06
0.21528
0.0119957
0.00660237
1.97111e-06
0.00388181
0.205814
0.000327772
0.358992
0.152459
0.179733
0.529591
0.166916
0.265991
0.310045
0.260141
0.0112876
0.0795359
0.00122022
0.0162021
3.1148e-05
0.0275576
6.7117e-06
1.8172e-05
0.568466
2.97924e-07
0.2561
0.000497962
0.152053
0.00378446
0.129955
0.0322334
0.0374267
0.0144369
0.0128709
0.000985947
5.76747e-05
0.652254
0.229219
0.012831
0.00305932
0.00252575
0.299165
0.20558
0.0348223
0.0995875
0.0110667
0.00102101
0.221098
0.240911
0.000641839
0.00767963
0.184591
0.00326093
0.176975
0.0381579
0.178796
0.121412
0.0322506
0.0558137
0.00321302
0.0834198
0.0558101
0.0741766
0.693648
0.260914
0.00921975
0.000171755
0.656289
0.20285
0.0123915
0.180759
0.0116695
0.113462
0.310101
0.422143
0.000213025
0.223226
3.61105e-05
0.00543612
7.99702e-07
0.422826
0.109008
0.525599
0.00703564
0.0817774
0.604423
0.406629
0.108063
0.0139606
0.470065
0.00234526
0.229646
0.0701609
0.0136697
0.0218629
0.00969803
0.00704959
0.00020685
0.00679275
0.00039394
0.000628814
0.0809085
0.000367163
0.000368773
0.00951007
0.00755748
0.189173
0.0068095
0.0122693
0.475537
0.449717
2.28407e-05
0.156152
0.509664
0.00994366
0.138689
0.522446
0.32852
0.326159
0.457021
0.0929529
0.0111735
0.000160245
0.263903
0.0951116
0.374568
0.134197
0.000109541
0.00253506
0.464193
0.490529
0.000733999
0.564489
0.321873
0.0110164
0.116895
0.0114876
0.00192012
0.041887
0.000494951
0.564495
0.00691827
0.0830518
0.0601747
0.363832
0.02693
0.00924654
0.668378
0.0688939
0.237493
0.217403
0.537941
0.00415111
7.97772e-07
0.000239881
0.00105192
0.00087595
0.287501
0.000210761
0.0162904
0.351279
0.0543148
0.380857
0.146652
0.751605
2.05003e-07
0.0042372
0.00195158
0.386703
0.454497
0.19549
0.41177
0.00695659
0.00672278
0.209628
0.000933937
0.00191548
0.553008
0.430099
0.010962
0.0103387
0.0131625
0.626745
0.00541296
0.0011967
0.000381041
0.347718
0.00101252
0.33864
0.240505
0.462452
0.371095
0.343886
0.440778
0.0252997
0.0244785
3.32159e-05
0.414809
0.20899
0.211578
0.0969588
0.0535848
0.481226
0.0121851
0.156471
0.0563594
0.0700771
0.363387
0.361116
0.315042
0.339043
0.000103171
0.474024
0.0643083
0.094805
0.260388
0.00106573
0.00391738
0.00811224
0.253204
0.000683066
0.500289
0.101204
0.667418
0.000839909
0.342691
0.0522479
0.300465
0.306356
0.315396
0.0982072
0.000807929
0.000344293
0.0147834
0.00022728
0.400887
0.205559
0.0796545
0.0359598
1.94836e-05
0.235918
0.048735
0.65091
0.0324609
0.148207
0.126616
0.0823112
0.0125419
0.103713
9.62859e-05
0.0824449
0.293544
0.00494432
0.0324793
0.0348039
0.0149965
0.0651105
0.566789
0.485014
0.20174
0.0096612
0.334683
0.0053286
0.329829
0.538707
0.277066
0.000858639
0.00858208
0.0231189
0.100973
0.0179113
0.0482621
5.43411e-05
0.00158776
0.00212376
0.000828022
0.136582
0.0713562
0.00267942
0.151626
0.042486
0.294578
0.00311306
0.0975621
0.362629
0.537557
0.0366108
0.423492
0.000249718
0.426433
0.137351
0.000200446
0.119246
0.284192
0.00680376
0.37856
0.000105696
0.134616
0.0639608
0.0145987
0.613492
0.143295
0.294697
0.00410378
0.447666
0.00143652
0.00261126
0.0103589
0.341719
0.0529312
0.00267132
0.513015
0.0522482
9.08571e-05
0.707224
0.030551
0.00408605
0.165958
0.0581476
0.216344
0.19263
0.101361
0.000681388
0.13944
8.53504e-06
5.95869e-07
0.472438
0.332073
0.0341725
0.233882
0.0151694
0.116158
0.207276
0.177831
6.69869e-05
0.350977
0.404966
0.242558
0.233169
0.0508603
5.6251e-05
0.655851
0.0553981
0.273528
6.36497e-05
0.00593348
0.0663063
0.05397
0.0386393
0.00173601
0.103906
0.0324252
0.149142
0.376114
0.000440365
0.00189721
0.798566
0.0241458
0.491419
0.436623
0.467958
0.0017358
0.0148706
0.483029
0.333629
0.111214
0.0772184
8.69748e-05
0.0126785
0.41614
0.129722
0.0195666
5.21361e-06
3.86723e-05
1.78165e-06
0.109421
0.000106934
0.0102423
0.235785
0.0397627
0.000574352
0.0174547
9.59508e-05
0.306835
0.253285
0.0203206
0.000674899
0.00278638
0.0544669
0.271216
0.00244483
0.00118676
0.455186
0.723362
0.0598368
0.00140649
0.082367
1.84046e-05
0.27262
0.103376
0.372758
0.153821
0.0221278
0.27711
0.00113267
0.151507
0.308282
0.152829
0.151135
0.43539
1.95376e-07
0.000440528
0.0618212
0.131051
0.325874
0.321924
0.439522
0.227302
8.43119e-06
0.00738279
0.0237437
0.00324158
0.308366
0.0105347
0.101591
0.000530179
0.00468971
0.0096682
0.0315024
3.20314e-06
2.74373e-05
0.351483
0.27237
0.604117
0.454924
0.0760098
0.648089
0.391963
0.325138
0.349466
0.212916
0.243379
2.34517e-08
0.000172994
1.51705e-05
0.0223156
0.00951731
0.206843
0.552028
0.250999
5.98295e-06
0.000387505
0.0140572
0.00269771
0.026163
0.0395974
0.17704
0.0095925
7.73309e-05
0.221804
1.90534e-05
0.277323
0.0543154
0.00298501
0.0180031
0.452621
0.00182773
0.448128
0.0417408
0.302918
0.00462742
0.000583695
0.239284
0.00726626
0.511122
0.0372777
0.184767
0.0299844
0.34186
0.459399
0.0423518
0.0324843
2.27638e-06
0.000888068
0.056443
0.0383914
0.102853
0.173687
0.00525608
0.0405055
0.56958
0.660241
0.00359936
0.00952264
0.514977
0.0656277
0.000225715
0.00174421
0.308303
0.250447
0.000103304
0.291559
0.228485
0.0184979
0.00156412
0.000283226
0.161785
0.848854
0.00264975
0.0072246
0.319617
0.126499
0.0156025
0.180391
0.00744846
2.77085e-05
0.000707999
0.0478901
0.00313838
7.3633e-05
0.0575181
0.494198
1.67532e-05
0.0117997
0.000900522
0.580922
0.0192209
0.0014656
0.0283015
0.264292
0.0449143
0.112903
0.0213614
0.601793
0.492252
0.441148
0.00311679
0.406634
1.52069e-05
0.00329997
0.0174739
0.302639
0.252478
0.341432
0.0102381
0.000247981
0.0420167
0.744104
0.00174767
0.00265406
0.311079
0.0118557
0.0569691
0.000959524
0.427597
0.00109721
0.102904
0.03281
0.0025486
0.208409
0.00550141
0.214954
0.330916
0.00217098
0.000100194
0.000470247
0.025853
0.0293775
0.0258553
0.234388
0.633495
0.048689
0.137316
0.333015
0.0982495
0.040749
0.448792
6.07842e-07
8.74951e-05
0.00103681
0.0037404
0.00539434
0.322144
0.121945
0.543198
0.466717
0.0138963
0.160994
0.391517
0.0698588
3.56729e-06
0.270661
0.336787
0.367194
0.0102562
0.0216102
0.00692243
0.00413981
0.23645
0.124472
0.196603
0.120416
0.0861009
0.000365579
0.000300187
0.0114838
0.115111
0.426865
0.000488712
0.212791
0.545076
0.131596
0.0553796
0.0916651
0.000718178
0.0736503
0.384745
0.00844779
0.00562099
0.000444185
0.0118229
0.0766226
0.0036914
0.309179
0.00350753
0.0495344
0.464502
0.0326259
0.0912941
0.430969
0.0133336
0.186422
0.000167112
0.000447549
0.0487328
6.05362e-05
0.000554347
0.00181145
0.272094
0.0934808
0.293161
0.000108071
0.0272867
0.0721122
0.0135449
0.0546872
0.726816
0.0167821
0.005651
0.00207484
0.458011
0.158151
0.00519578
0.290697
0.0164119
0.305779
0.0312275
0.265167
8.94003e-07
0.373423
0.0162257
0.0594926
0.214226
0.00454667
0.173217
0.00138725
0.326849
0.00210741
6.69054e-06
0.102011
0.000168872
0.00812954
0.0508037
0.0186864
0.0218496
0.00250734
0.0529266
0.00537326
0.0340365
1.41149e-07
0.22845
0.229749
0.000203503
0.252772
0.00273878
0.00257482
0.00650941
0.129228
0.17014
0.0481341
3.39553e-06
0.427617
8.13316e-05
1.59718e-05
0.0270896
0.00252074
5.13088e-06
0.561387
0.000220882
0.00600278
0.364108
0.010101
0.470697
0.259309
0.0183337
0.22067
0.0846059
0.250287
3.36394e-05
0.348076
0.188246
0.0285755
0.136572
0.239434
5.71191e-07
0.170632
0.122508
0.301633
0.0139364
0.134972
0.160544
0.0732241
0.0527408
0.576524
0.00132502
0.265332
0.142739
0.532053
3.87762e-05
0.606645
0.232364
0.16101
0.00448141
0.0141505
0.0611225
0.707861
0.00874519
0.382767
0.0292604
0.0678145
0.368385
0.126954
0.00635449
0.340729
0.0112922
0.131413
0.0325169
0.000472495
0.562687
0.411999
0.00147751
0.318714
0.00273448
0.00142478
4.72433e-05
0.0271371
0.263097
0.00206319
0.0326672
6.73546e-06
0.0659816
0.256049
0.325145
0.00200365
0.000171271
0.0863286
0.142173
0.281927
0.138287
0.137122
0.525671
0.0884351
0.00360498
0.0091752
0.00682273
0.00759198
0.00560488
7.56245e-05
0.173355
0.103219
0.0997763
0.000951673
0.0481476
0.155363
0.00226307
0.27843
0.00075423
4.48022e-06
0.268377
0.0479099
0.256224
0.640588
0.000619186
0.626521
0.030111
0.00315659
0.00267431
3.22979e-05
0.000316069
0.0112317
0.0590609
0.158408
0.462347
0.285845
0.251345
0.0183509
2.47911e-06
0.000776907
9.96052e-05
0.00286303
0.0567954
0.306387
0.360885
0.0012644
0.00170565
0.00277197
0.295707
0.0423355
0.0111374
0.431778
0.0392374
0.000146988
0.108194
0.16881
0.0284082
8.77934e-06
3.8408e-05
0.0604928
0.0983693
0.0859698
1.23848e-05
0.281727
0.00851503
0.0642233
0.0517132
0.0176186
0.396297
0.00256744
0.0807647
0.0737063
0.320301
0.000158227
0.00736712
0.135483
0.535032
0.468838
0.556302
0.467549
0.023376
4.71671e-05
0.433507
0.000915645
0.14524
0.0411803
0.0787941
0.317045
0.124518
0.00702777
0.442097
0.0297285
0.00396236
0.000764133
0.00347371
0.00784003
0.249627
0.0130361
0.184571
0.0917944
0.457111
5.4392e-05
0.000276959
0.00496562
0.146915
0.00414093
0.0685958
0.0313345
0.00465531
0.333502
0.504574
0.028146
1.89522e-05
0.0179957
0.206997
0.387614
0.158965
0.290001
0.258081
0.0650387
0.335763
0.418976
1.40342e-05
1.3666e-06
0.000338891
0.363892
0.706518
0.000157383
0.154768
0.0409121
0.2469
0.317906
0.0835404
0.16271
0.0267114
0.0503567
0.31853
0.00116834
0.362926
0.0103591
0.0870126
0.00287726
0.43778
0.306213
0.772463
0.360525
0.218692
0.00306201
0.0997141
0.514697
0.0158671
0.175349
0.0107718
0.00029897
0.295808
0.11134
0.000340135
6.43933e-07
0.321436
0.163243
5.7447e-08
0.00736546
0.0341446
0.0553717
2.91579e-05
2.36209e-05
0.00363356
0.199441
0.104136
0.00587304
0.132209
0.203181
0.633279
0.104813
0.0878535
0.00772478
0.331001
0.00689728
0.259517
0.000215808
0.114868
0.296619
0.0447779
0.00294636
0.220274
0.0174689
0.00335554
0.48824
0.0298689
0.341727
1.25074e-05
0.230474
0.00891404
0.087054
0.131577
0.0010813
0.164445
0.00696943
0.18157
3.16896e-05
9.83418e-05
0.091678
0.00196803
0.000433527
0.406031
0.162143
0.0117889
0.000713804
0.148638
0.00925196
0.0189089
0.00286502
0.000695324
0.305009
0.161198
0.398049
0.671585
0.00311217
0.407357
0.495904
0.0152838
0.461776
0.00794102
0.0600056
0.179548
0.000299385
0.000435051
0.500918
0.0135277
0.000668766
0.270842
0.249718
0.00112839
0.280702
0.00229858
0.000417399
0.00255457
0.123016
0.38062
0.227891
0.523764
0.423083
0.497671
0.000931441
0.284184
0.053785
0.509468
0.0239881
0.0801511
0.296869
0.0171635
0.000168045
0.00291729
0.263388
0.426424
0.261234
0.505937
0.0535381
0.0092357
0.000265293
0.0226232
0.132994
0.0194051
0.343559
0.237864
0.0397328
0.0137269
0.242667
0.314235
0.00373219
0.00341606
0.122626
4.10964e-05
0.302363
0.230835
0.0663791
0.00220868
0.618877
0.513056
0.000300776
0.0931688
0.0667076
0.254234
0.13627
0.000979417
0.271214
0.111039
0.0793529
0.00790478
0.0805995
0.383306
0.00963807
0.203908
0.00172187
0.0109
0.44754
0.0580723
0.000196631
0.0680363
2.27184e-06
0.448226
6.00885e-05
0.444238
0.0610493
0.00048059
0.0435163
0.00522796
0.1793
0.00631958
0.00334477
0.0040331
0.334618
0.0433698
0.0486952
0.466078
0.00238466
0.0062543
0.0389046
0.248133
0.000713487
0.262391
0.00426152
0.00572976
0.150763
0.0535396
3.62294e-05
0.00149811
0.0547986
0.322184
0.299874
0.00105057
1.57993e-05
0.300444
0.00758368
0.00639565
0.00463497
0.363625
0.140814
0.00900451
3.10371e-06
7.57741e-06
0.0640979
0.0784353
0.000131534
0.251721
0.00389134
0.048018
0.620916
0.0127699
0.283102
0.06308
0.00055925
0.0159807
0.0143849
0.210719
0.508092
0.00255697
0.0175685
0.319961
0.0209002
0.326785
0.00281644
0.0352256
0.00549716
0.374927
0.249651
0.00112888
0.108427
0.192742
0.00446267
0.00553705
0.0123983
0.0182544
0.394576
0.00150688
0.158742
0.338863
0.0676886
0.418063
0.0841496
0.178755
0.000662584
5.52948e-07
0.0865352
0.574046
0.212636
0.161248
0.00236943
0.00571862
0.248037
0.481923
0.00168918
0.314117
0.0912511
0.310408
0.020939
0.0175517
0.303058
0.514845
0.00010102
0.0642672
0.00470646
0.104183
0.186929
0.00460486
0.00146831
0.0666592
0.0531435
0.240412
0.134115
0.0121971
0.00173076
0.158921
0.391129
0.135132
0.146674
0.582954
0.515269
0.318565
0.0110753
0.241822
0.00916245
0.0602179
0.000208768
0.00318878
0.149216
0.0623103
0.00595075
0.696145
0.00515135
0.0153681
0.0539722
0.0877546
0.101056
0.0356977
0.00884189
0.0169886
7.67711e-07
0.604054
0.00145829
0.000280709
7.63537e-05
0.104907
0.0245208
0.570424
0.00217616
0.00130795
0.38655
0.338919
0.0168967
0.0076654
0.0103882
0.0454659
0.488543
0.650331
9.85382e-07
0.0554794
0.378057
0.077015
0.735093
0.18242
0.0653514
0.106755
0.315011
0.0236532
0.000218102
0.257996
0.388837
0.0676671
0.232927
0.268318
0.0309307
0.259035
0.0104804
0.00333675
0.000305302
0.00779513
0.0336493
4.22631e-05
0.294396
0.121299
5.90288e-05
0.810963
0.313715
0.0132682
0.00649001
0.548096
0.00844304
0.0958662
0.376558
0.00113739
0.285534
0.00948881
0.0349703
0.376068
0.0229411
0.172237
0.0307007
0.00197205
0.00138756
0.0116005
0.537124
0.00380576
0.252741
0.293499
0.0142134
0.0161508
0.00807847
0.0222665
6.56687e-05
0.248762
0.00649407
0.0592512
0.0792712
1.92837e-05
0.0059811
0.000184975
0.168951
0.0385214
0.00939518
0.117401
0.0039808
0.0100983
0.00210631
0.000560651
2.92243e-08
0.00664403
0.0174524
0.0163372
0.40452
0.0996937
0.00169821
0.407471
0.317678
0.0479782
0.428338
0.336292
5.92716e-05
0.160418
0.0573501
0.0730918
0.308109
0.178951
0.0156824
0.144061
0.000989166
0.00688581
0.263184
0.350839
4.83338e-05
0.00465516
0.0196866
0.00140614
0.0130169
0.115583
0.24575
0.0122411
0.149873
0.000116776
0.0303214
0.219802
0.0416572
0.230292
0.000149458
0.0231874
0.494982
7.63201e-05
0.241048
0.649587
0.0903118
0.150886
0.0694997
0.375758
0.159997
0.0591244
0.116448
0.416265
0.356403
0.105584
0.00151216
0.00309438
0.0791535
0.0916215
0.000116273
0.0641742
0.5291
0.18557
0.0466838
0.0514756
0.378542
0.362002
0.0482256
0.384221
0.0105501
0.703867
0.105052
0.348966
0.401848
0.0694821
0.0991957
0.0502424
0.183443
0.00364057
0.0996964
0.460078
0.387509
0.762297
0.297216
6.28647e-05
0.0015248
0.439855
0.380016
6.1588e-05
0.289695
0.570188
0.201614
6.4861e-05
0.00127717
5.11413e-05
0.069886
0.301068
0.000693347
0.0614869
0.199799
0.00447228
0.250592
0.00351002
0.00588285
0.0138448
1.01024e-05
0.0225469
0.0639552
0.106638
0.623904
0.0416052
0.710779
0.00029098
0.0168407
0.101914
0.00852124
0.330753
0.356071
0.414689
0.180985
0.109763
0.00264681
0.00169672
0.0104618
0.190483
0.502937
0.266647
0.510338
0.183991
0.00148358
0.0554636
0.577991
0.00567134
0.0190529
0.217706
0.117315
0.00105372
0.562643
0.000115762
0.0488492
0.257586
0.135533
0.131197
0.0085773
6.52476e-07
1.29035e-06
0.131496
0.198898
0.216678
0.0327831
0.577119
0.613969
0.0356665
0.435078
0.00254038
0.519358
0.00404967
0.2506
0.301488
0.000359539
0.0235546
0.0370618
0.0846532
0.0275819
0.000256054
0.00130749
0.137017
0.411061
0.00445161
0.0937202
0.0416361
0.197592
0.271872
0.313428
0.536079
0.61416
0.00106212
0.085292
0.397644
4.72205e-05
0.245928
0.216561
0.00868076
0.0118628
0.67391
0.202616
7.47312e-05
0.379358
0.114771
0.0619509
0.0095577
0.000788079
0.0305767
0.126327
0.506685
0.00221037
0.1636
0.523913
0.000847535
0.000459613
0.478351
0.104144
0.0874484
0.151295
0.195298
0.104231
0.00849134
0.178932
3.74678e-05
0.287833
0.00099466
0.292668
0.187543
0.426201
0.0999112
0.465038
0.00828746
0.000304849
0.534042
0.256412
4.19713e-05
0.0307652
4.76045e-06
0.214932
0.0366035
0.0222693
0.0127467
0.275844
0.0229235
0.231727
0.0957781
0.0647787
0.190824
0.000182116
0.0591244
0.0651232
0.0137152
0.109921
0.0551925
5.38809e-05
0.771013
0.114624
0.870068
0.104349
0.436471
0.0449841
0.000253171
0.415007
0.00118033
0.219726
0.167201
0.0547146
0.0189398
0.260861
0.0324639
0.0151687
0.726765
0.0432135
0.000125614
0.0808214
0.523312
0.271579
0.0624583
0.373771
0.0118624
0.00144304
0.0363828
0.326384
0.0001976
0.00447857
0.193705
0.280468
0.0548714
0.445473
0.058194
0.0275007
0.000675612
5.4416e-05
0.10822
0.0142834
0.281054
0.0271617
7.20439e-05
0.00749249
2.2114e-06
0.140325
0.000323565
0.000495442
0.708381
0.0155046
0.368307
0.535086
0.000142998
0.0520133
0.0192042
0.299723
0.328564
0.120833
0.291688
0.120275
0.309538
5.70917e-05
0.065171
0.0106382
0.000925222
0.0248195
0.148964
0.378149
0.0459439
0.0184143
0.420778
0.0210232
0.10379
0.0272571
0.341061
0.183658
0.448061
0.000505656
0.251567
4.76495e-05
0.151782
0.362789
0.00104664
0.0125467
0.375603
0.00133302
0.0201431
0.176193
0.41407
0.635971
0.00415336
0.450034
0.00207005
0.0907666
0.0504616
0.394701
0.290389
0.488032
0.535431
0.0065465
0.0191681
0.115537
0.721626
0.0524264
0.054478
0.196736
0.165623
0.147115
0.218434
0.0113192
0.35768
0.111998
0.286089
0.0273842
0.00207973
0.490195
0.0344289
0.662006
0.0469223
0.0442007
9.00049e-06
0.0102519
0.369356
0.31259
0.0213821
0.00694094
0.0729288
2.4681e-05
0.557767
0.239681
4.0414e-06
0.277347
0.289066
0.00654114
0.0587358
0.0171091
0.277858
0.275478
0.479844
0.570243
0.0453824
0.354044
0.0155731
0.0139142
0.309856
0.354767
0.0429762
0.00742761
0.0153656
0.00154109
0.245278
0.267174
0.0148287
0.00417899
0.00879601
0.00455319
0.159473
0.0227864
0.220212
0.000235308
0.0572605
0.0443702
0.547127
0.0734178
0.027788
0.430847
0.0860021
4.02594e-05
7.9401e-05
0.0153658
0.0110991
0.31501
0.10858
0.00818337
0.000391372
0.324692
0.185194
0.28616
0.315991
0.265735
0.047336
0.00719194
0.547304
0.530341
0.469825
0.223481
2.97109e-06
0.691919
6.89341e-07
0.017218
5.55039e-05
0.428601
0.0110876
0.00139397
0.00433547
0.0270267
0.0719397
0.00552989
0.000146328
0.0522097
0.127218
0.370136
0.250021
0.00591618
0.01028
0.139286
0.430072
0.000497431
0.330952
0.0526535
0.524125
0.0146478
0.0254411
0.45493
0.167351
0.47237
3.87911e-05
0.76659
0.101516
0.00788527
0.000263771
0.09286
0.136782
0.0965147
0.744577
0.000327614
0.0110385
0.000761564
0.640201
0.000587446
0.0106523
0.596245
0.0794621
1.27907e-05
0.477716
0.0187484
0.00370817
0.0694474
0.0124729
0.0728847
0.471489
0.196727
0.0195605
0.113424
0.043973
0.0400031
0.163029
0.350132
0.467243
0.241933
0.30407
0.0562312
0.0455389
0.138983
0.0115131
0.00940035
0.397551
0.000510024
0.477395
0.000271449
0.0476863
0.394287
0.466458
0.00522018
0.340601
0.740887
0.134274
0.0385177
0.0391554
0.0383169
0.209411
0.398581
0.720716
0.151983
0.0243484
0.407174
0.313279
0.0267368
0.163601
0.0738259
0.00312963
0.356903
0.0931331
0.0824118
0.119103
0.0353861
0.00563254
1.45924e-06
0.00374601
0.162606
0.00903776
0.0110355
0.226355
0.421965
0.000285752
0.127028
0.459267
0.272281
0.0957711
0.146331
0.102039
0.296148
0.218584
0.112252
0.263601
0.390689
0.00633371
0.0362792
0.523702
0.365613
0.00566911
0.122814
0.112865
0.0992137
0.608346
0.140748
1.63416e-05
0.00243993
0.0119685
0.0210303
0.0102557
0.0060754
0.00255248
0.194192
2.012e-06
0.0102014
0.0673357
2.17052e-05
0.183015
0.00689983
0.0179957
1.66784e-06
0.0946721
0.00237253
0.219287
0.00209066
0.0995186
0.0104359
0.147025
0.336137
0.00626485
0.0230623
0.0634307
0.00157268
0.00744748
0.0240738
0.510477
0.367835
0.146136
0.0144106
0.550465
0.0054444
0.186644
4.57194e-05
0.0815197
6.51973e-06
0.0969505
0.000946674
0.34593
0.489035
0.197786
9.41748e-08
0.516274
0.232481
0.0250871
0.55022
0.135947
0.0909915
0.469856
0.0261505
0.317394
0.562189
0.508909
0.269507
0.000393099
0.0139809
0.00441628
0.00453764
0.000148696
0.218021
0.0572254
0.311899
0.222605
0.0196347
0.0167573
0.481328
0.0328139
0.0453453
0.0191126
0.00450496
0.360363
0.33217
0.252129
0.228392
0.0076215
0.00192306
0.54788
0.549526
0.00492098
0.00639238
0.0460773
0.271521
0.302304
0.0410477
0.000575632
0.000799358
0.00236658
3.22771e-05
0.282035
0.00101595
0.594891
0.0363278
0.1067
0.0220631
0.129558
7.05937e-05
0.460519
1.21571e-05
0.000353312
0.102506
0.37802
0.0952436
0.551714
0.00205674
0.379669
0.0109167
0.0295161
0.00792378
0.229485
0.606497
0.000154784
0.00560823
0.0340848
0.0477237
0.40793
0.00595336
0.257961
0.01327
0.316747
0.384112
0.00813014
0.00252036
0.0339278
0.0824385
0.0153195
0.131015
0.0479087
0.0115792
0.838829
0.0219624
0.000134541
0.413745
0.502742
0.521796
0.00521498
0.539552
0.363557
0.00565564
0.545503
0.101067
0.0245622
0.0377494
0.4572
0.00606917
0.0327198
0.00103999
0.00379552
0.0139874
0.155845
0.655943
0.0349421
0.000696612
0.00747838
0.0169865
0.0280468
0.54129
0.0782819
0.444455
0.00654043
0.121131
0.0035535
0.258427
0.500074
0.564824
0.0241294
0.322474
0.426015
0.000250785
0.00768878
0.29127
0.244243
0.000843697
0.0791461
0.109408
0.113701
0.0199721
0.0851379
0.0049899
0.310882
0.0543246
0.015931
0.0251233
0.0495251
0.0657695
0.333886
0.0308587
0.00642663
0.473604
2.37791e-07
0.175152
0.0350358
0.665268
0.0199961
0.585277
0.573094
0.194685
5.52879e-07
0.0238188
0.000239701
0.000758883
0.000949954
0.0845376
0.00569485
4.45584e-05
0.422304
0.27971
0.0084485
3.93526e-05
0.0229236
0.126216
0.662724
0.225689
0.306573
0.110184
0.666117
0.0511507
0.626593
0.000425169
0.356077
0.298827
0.21624
0.0010528
0.151191
0.216894
0.126434
0.0120406
0.0354764
0.0118828
0.00164347
0.00167067
0.00950016
0.108316
0.207153
0.493263
0.157179
0.301192
0.000411724
4.73922e-05
0.0782285
0.0483125
0.181246
0.0148329
0.611578
0.639726
0.0758173
0.0264345
0.0179447
0.000969391
0.000372006
0.343609
0.00744625
0.268689
1.52043e-06
0.553326
0.333054
0.690585
8.42193e-05
0.00734417
0.0637906
0.133357
0.00108171
0.204546
0.321316
0.200373
0.147416
0.489478
0.0336225
0.00275466
0.0510955
0.000187103
0.00419136
0.0324638
1.73271e-05
0.322735
0.157626
0.00166422
0.000108397
0.0192053
0.0300368
0.0187862
0.135411
0.000129867
0.211748
4.98927e-05
0.102339
0.00576252
0.00104779
0.0933094
0.0130952
0.00602331
0.00194835
0.034946
0.0445329
0.273961
0.00748778
1.28857e-05
0.00047501
0.0104355
0.315267
0.000363859
0.0375121
0.186036
0.005433
0.12587
0.00342404
0.284418
0.286397
0.00226817
0.00877138
0.074468
1.54118e-05
0.329578
0.00149738
0.00749976
0.560885
0.00021836
0.0256255
0.0539379
0.188246
0.00283452
0.534129
0.468823
0.262819
0.297186
0.209836
0.194229
0.248903
0.000277438
0.0208333
0.424195
0.0259357
0.059686
4.94351e-05
0.274452
0.000562993
0.00509838
0.418474
0.116153
0.00951264
0.247927
6.95019e-05
0.0340245
0.000276481
0.15538
0.066206
0.00175108
0.181254
0.325243
0.00177297
0.00354694
0.000673957
0.0182721
0.00363742
0.267999
3.50981e-07
0.374501
0.0350232
0.583106
0.00639714
0.221315
0.0101787
5.71338e-05
0.000111246
0.595851
0.00333801
0.109769
0.144257
0.0778721
0.000510409
0.00158329
0.107177
0.658712
0.00114828
0.0017466
0.460451
0.000198598
0.224971
0.00424205
0.413939
0.208969
0.099603
0.512655
0.0230575
0.00112832
0.30326
0.109643
0.326506
0.0725057
0.0279189
0.037502
0.0305639
0.00057763
0.00584538
0.417733
0.000834048
0.0297892
0.0688761
0.224726
0.463103
0.356614
0.0779334
0.451661
0.00137303
0.382171
0.00615195
0.616802
0.691295
0.002136
0.348767
0.47557
0.17734
0.221244
0.00285258
0.0160174
0.466357
0.464974
0.200264
0.0951292
0.0287108
0.558519
0.00854729
0.396851
0.0598778
0.100185
0.362077
0.063981
0.108922
0.000257573
0.0350781
0.000314815
0.00153814
0.0113873
0.282099
0.593921
0.0359785
0.0611975
0.134561
0.00522162
0.21911
0.32209
0.0246091
0.296427
0.00224817
0.0705442
0.0629057
0.0390092
0.220447
0.0018005
0.0243259
0.000518149
0.000145865
0.0225791
0.517601
0.767012
0.0849743
0.522966
0.0343489
0.0260754
0.268887
0.0731822
0.0543467
0.0135177
0.394743
0.00662549
0.102551
0.00356443
0.163943
0.128218
0.460719
0.000668248
0.510122
0.0004498
0.0341337
0.124304
0.281704
0.0287825
0.0558253
0.276536
0.00874867
0.000171147
0.453017
0.00546784
0.000367539
0.000538032
0.527085
0.254839
0.0182356
0.00544769
0.0598804
0.30369
0.0121708
0.315837
0.107136
0.353031
0.403288
0.0885162
0.323463
0.000343422
0.272962
0.314701
0.093698
0.173027
0.000163032
0.58098
0.00108053
0.281144
0.319048
0.346618
0.0016941
0.3265
0.0766744
0.290124
0.00146352
0.236656
0.0377943
0.0203136
0.379252
0.0134733
0.321639
0.0009503
0.000276546
0.000305715
0.487287
0.132537
0.173254
0.0987181
0.00174165
0.275165
0.311623
0.0814017
0.0291681
3.03746e-05
0.0111347
3.15668e-07
0.37368
0.00506626
0.168735
0.00900483
0.0121366
0.686848
0.041189
0.19644
0.174855
0.517011
0.310128
0.202595
0.00207403
0.712101
0.0139987
0.00348145
0.00347331
0.0101303
0.317626
0.122874
0.000345335
0.00183234
0.388975
0.0183776
0.0912962
0.0536588
0.161092
0.266262
0.0498383
0.22379
0.00484472
0.0352848
0.10284
0.0309087
0.44702
0.0110811
0.0401379
0.330961
0.275506
5.67647e-08
0.127921
0.239721
0.0158164
6.47489e-08
0.0132395
0.53017
0.0405778
0.0489547
0.00132003
0.430831
0.186459
0.0633296
0.0128222
0.0312707
0.0103539
0.00307265
0.720671
0.00709875
0.0894715
0.363117
0.105577
0.420705
0.0105983
0.000956444
0.463698
0.268235
0.253278
0.406353
0.297836
8.00408e-06
0.0097006
0.611132
0.691455
0.0775033
0.0793064
0.612422
0.467593
0.189351
0.525526
0.234919
0.00112793
0.318825
0.00021413
0.0483262
0.00280749
0.0859207
0.042652
8.4316e-06
0.395984
0.00290854
0.425524
0.543619
0.131836
0.00844616
0.300214
0.00015633
0.0355797
0.0123836
2.77409e-05
1.0242e-11
0.349751
0.33055
4.93079e-07
0.0852502
0.15884
0.294956
0.389489
0.124367
0.000843935
0.0152187
0.755934
0.528457
0.291071
0.0924451
0.000597037
0.656695
0.161408
0.00165397
0.457137
0.241808
0.0541009
0.347377
0.299798
0.000187251
0.231065
0.0151069
0.257632
0.317947
2.19496e-05
0.386834
0.00537987
0.0130137
0.172201
0.819645
0.000409559
0.252902
0.000160522
0.0842404
0.00963192
0.0888759
0.0163715
0.0183739
0.0148298
0.142742
0.086713
0.112692
0.00562337
0.000121321
0.00878364
0.26722
0.0368499
0.192632
0.264175
0.259961
0.000165998
0.000512186
0.0416426
0.117382
0.00620487
0.00660014
0.0517169
0.238286
0.000272397
0.482964
0.170982
1.48249e-05
0.508324
0.00107951
0.262417
0.0051351
0.000439395
0.298961
0.0133633
0.000753329
0.66095
0.30955
0.000713008
0.556789
0.0707121
0.000213405
0.121496
0.00243415
0.106496
0.579695
0.0748315
0.278146
0.45981
0.0750565
0.454306
0.0555708
0.0506376
0.00633358
0.130045
0.204133
0.385948
0.424646
0.297956
0.2609
0.0165332
0.0034784
0.00589554
0.0934476
0.319984
0.274475
0.00126619
0.0131561
0.00961544
0.542184
0.285556
3.36753e-05
0.684145
0.499662
0.531274
0.0511468
0.205421
0.0294764
0.0788582
0.726421
0.00178427
0.381572
0.104784
0.00292398
0.0073361
3.90758e-05
0.228894
0.219794
0.00333688
0.307933
0.310925
0.00139918
0.545968
0.00512906
0.00275236
0.00403871
0.00748811
0.387577
0.0347945
0.0529343
0.101421
0.00416762
0.197197
0.220512
1.96474e-06
0.138224
0.128332
0.277441
0.727851
0.512149
0.00323825
0.0043741
0.445967
0.598356
0.305404
0.602755
0.0491898
0.00336023
0.0826101
0.00660914
2.04653e-05
0.455807
0.51822
0.000380257
0.201802
0.159215
0.38978
0.000870659
0.0149196
3.45784e-05
0.579738
0.044407
0.121976
0.0909615
0.342677
0.00521096
0.0121088
0.00307849
0.00033567
0.0346298
0.0487225
0.000699404
0.00560036
0.00427726
0.253538
0.0057056
0.36582
0.0375186
0.0603736
0.0905394
4.68292e-05
0.0636059
0.00356607
0.0474789
0.344154
0.274003
1.50682e-05
0.335228
8.98906e-05
0.042628
0.000658535
0.0109832
0.534743
0.395925
0.000545601
0.117006
0.0341722
0.194947
0.0228172
0.0265648
0.16329
0.0350096
0.0381105
0.175893
0.0579628
0.0266131
0.241015
0.0823262
0.00267398
0.320629
0.0246699
0.0277966
0.0261165
0.443051
0.107426
0.249964
0.0238494
0.0343054
0.435987
0.150231
0.00177553
0.000311514
0.313993
0.275346
0.0152441
0.236761
0.110477
0.164454
0.0346226
0.031018
0.013624
0.343352
0.363986
0.0624532
0.00905854
0.237957
0.134198
0.00335621
4.58388e-05
0.000480362
0.498228
0.72646
0.0956088
0.000490678
0.217977
0.00400033
0.0017511
0.169099
0.038961
0.308493
0.000384398
0.0390141
3.42587e-06
0.396669
0.0073554
0.00295488
0.0181611
0.0135242
0.00286283
0.467411
0.0017534
0.0226605
0.362715
0.0115148
0.0500414
1.68821e-05
0.000470978
0.00141791
0.227039
0.0643132
0.273383
0.354093
0.0191871
0.237837
0.324205
0.38329
0.0592264
0.0351582
0.269023
0.00144728
0.526944
0.522268
0.325241
0.244178
0.00166487
0.000142361
0.0363355
0.0789037
2.19779e-05
0.391035
7.2689e-06
0.281733
0.043572
0.285794
0.000638175
0.824613
0.441761
0.250206
0.000880576
0.0667176
0.0246851
0.0234022
0.0245883
0.419914
4.80186e-05
0.00808331
0.0360265
0.0829713
0.161042
0.00237688
0.0750734
0.447733
0.22651
0.153046
0.0226695
0.233461
0.0881196
0.410306
1.07056e-05
0.0111375
0.0728258
0.000658754
0.308641
0.0417257
0.427847
0.112664
0.153822
0.266502
0.0188612
0.454674
0.221805
0.000834249
0.0131599
0.592152
0.0590993
0.178105
0.0952422
0.013539
0.0459352
0.00318603
0.321223
0.167629
0.0917785
0.545301
0.0229358
0.00136022
0.00106109
0.521703
0.516357
0.0123505
0.139074
0.249465
3.5096e-05
0.000782604
0.387646
0.212166
0.0798874
0.200141
0.000223449
0.00535845
0.00429987
0.258096
0.00626633
0.0116571
0.34991
0.0175882
0.310083
0.565423
0.0025728
0.000316767
0.292515
0.259751
0.0295389
0.198392
0.0850966
0.000110463
0.0125597
0.0271951
0.0569284
0.307874
0.139597
0.0025172
0.684768
0.0287222
0.01233
0.312032
0.330891
0.062443
0.573033
0.00359503
0.189762
1.68159e-05
0.0297385
0.0293219
0.539442
0.00286517
0.47321
3.15407e-05
0.0247951
0.171125
0.00258258
0.00959727
0.624351
0.382503
0.137675
0.0116603
0.00648384
0.28796
0.37016
0.161141
4.96007e-05
0.222022
0.339518
0.00287671
0.00538558
0.397065
0.0196756
0.401356
0.140691
0.114301
0.391858
0.0304336
0.11787
0.377356
0.298096
0.00215401
0.000904806
0.0382018
0.286724
0.0109176
0.280104
0.000329069
0.0169567
0.369192
0.142273
0.0432465
0.364096
0.000110593
0.0399892
0.166838
0.299656
0.230001
0.180635
0.00304625
0.157119
0.0333733
0.0255783
0.542844
0.000115871
0.462637
0.000215547
0.0923603
0.437133
0.00587416
0.020658
0.142143
0.550258
0.457424
0.229303
0.0944734
0.000615208
0.0195789
0.13526
0.00726645
0.108218
0.684114
0.0285162
0.0346821
5.11997e-05
0.308886
0.064969
0.179279
0.154365
0.263645
0.566464
0.648031
9.24232e-05
0.317645
0.074045
0.225781
0.230179
0.174218
0.00199451
0.0153813
0.362508
0.168536
0.352443
0.354503
2.91099e-05
0.0166247
0.0664064
0.160604
0.0020252
0.289446
0.0341967
0.223051
0.00384487
5.45304e-05
0.00172721
0.0136112
0.00403588
0.250347
0.321207
0.341953
0.0287701
0.0855125
0.444104
0.0162976
0.11014
0.007152
0.0742408
0.198116
0.477553
0.000436289
0.0034457
0.299433
0.427702
0.409179
0.302824
0.355803
0.000950588
0.0243951
0.511982
0.123138
0.00429732
0.000144267
0.105271
2.23435e-05
1.15772e-05
0.178771
0.00205035
0.0108863
0.578516
0.496825
4.17671e-06
0.170327
0.0543674
0.011812
0.309825
0.218797
0.225465
0.312532
0.0680918
0.303676
7.37305e-06
0.24933
0.29888
0.00212766
0.195809
0.524395
0.0141039
0.1706
5.40658e-05
1.52025e-05
0.268253
0.00432088
0.199276
0.00874334
0.333738
0.00857064
0.00177067
0.299796
0.0407041
0.0155685
4.09141e-05
0.212231
0.059263
0.408642
0.000793134
0.387552
0.130284
0.253613
0.0118374
0.0623232
0.15268
0.191647
0.091317
0.0964356
0.0957946
0.618352
0.00140732
0.0183273
0.376261
0.0215009
0.345888
0.00884871
0.206876
0.0256615
0.216054
0.0191601
0.302258
0.306382
0.0271178
0.029471
0.013988
0.312138
0.184572
0.22653
0.258584
0.000395027
0.0165332
0.0172777
0.0383081
0.0486398
0.400791
0.0539717
0.325095
0.00703639
0.306813
0.227236
0.000471009
0.117011
0.47239
0.2459
0.0241755
0.245181
0.229902
0.204301
0.0210517
0.659762
0.567127
0.0182751
0.0501219
0.610747
0.000239833
0.011577
0.0313028
0.0601832
0.323555
0.356094
0.267004
0.392364
0.0942217
6.09261e-05
0.000234307
0.366651
0.194996
0.0354664
0.0527028
0.279798
0.330564
0.00600794
0.0159631
3.00377e-05
0.000142105
0.17225
0.281177
0.177709
0.518571
0.00112008
0.00089865
0.316399
0.100287
0.000228194
0.0430752
0.160427
0.00110455
0.139634
0.0316988
0.0143271
3.80424e-05
0.0913334
0.182728
0.12908
0.256326
0.318641
0.234599
5.64101e-05
0.547268
0.0131569
0.0116358
0.575571
0.0272809
0.00022212
0.0814814
0.0100281
0.00175414
0.0537647
0.00077908
0.375386
0.107489
0.48894
0.0195154
0.100375
0.00559427
6.18697e-06
0.735207
0.196964
0.199586
2.84553e-05
0.0341263
0.010748
0.38755
0.000280029
0.286767
0.0510585
0.0958748
0.526042
0.0984007
0.00236611
4.09816e-05
0.530052
0.00333914
0.0995184
0.314627
0.130957
0.0681984
0.214635
0.00324368
0.00721109
0.330844
0.516847
0.0506636
0.0405328
0.55536
0.275499
0.423241
0.287416
0.0315646
0.316799
0.305872
0.152139
0.000127788
0.377404
0.168965
0.106038
0.238447
0.0029041
0.0169306
0.00163921
0.00047789
0.00835532
0.284204
0.00508553
0.736138
0.151295
0.00194411
0.628134
0.131729
0.0200095
0.0945311
0.586787
0.606059
6.43248e-07
0.331555
0.0315802
0.363068
0.000761796
0.000132434
0.00554934
0.0905042
0.0266896
3.09715e-05
0.0659491
0.508783
0.0907459
0.273591
0.254381
0.00164351
0.327338
0.000521076
0.670129
0.00532868
0.0793911
0.0465011
0.0264716
0.391437
0.00672602
0.0168062
0.593633
0.170453
0.000390848
0.353956
7.26207e-05
0.015945
0.226087
0.0139074
0.279798
0.162896
0.00420451
0.0102484
0.405927
0.298848
0.163259
0.465076
0.17012
0.0230653
0.791788
0.00444596
8.69158e-05
0.512381
0.0887146
0.00292752
0.396158
0.520859
0.256137
0.767809
0.0441311
0.366425
0.638017
0.00394914
0.349021
0.262797
0.32123
0.0487312
0.0131878
0.321241
0.365798
0.520176
0.00633422
0.355203
0.718433
0.228579
0.513993
0.254901
0.215012
0.131036
0.0340583
0.537666
0.0752693
0.00224185
0.184677
0.133008
0.683017
0.30622
0.140653
0.015478
0.326888
0.00620869
0.276404
0.0531975
0.00124795
0.000162911
0.0413716
0.0187776
0.000541316
0.135761
0.21074
0.413182
0.0118283
0.527788
0.5099
0.549397
0.644237
0.0123758
0.277731
0.430279
0.0103398
0.0341317
0.00407339
0.30582
0.00467759
0.0471059
0.000416967
0.292186
0.311349
0.106622
0.432151
0.12798
0.349695
0.00538692
0.00169776
0.522392
9.50964e-06
0.0367707
0.0285249
0.411846
0.013052
0.27813
0.0207662
0.0155694
0.00315208
0.31741
0.310228
0.120831
0.643505
0.148151
0.000110745
0.412331
0.024117
0.361436
0.00182549
0.0640055
0.62145
0.0422695
0.00954548
0.00245399
0.00133163
0.301891
0.000435769
0.159009
0.271785
0.285764
0.364411
0.339081
0.196886
0.251616
0.000678256
0.00126497
0.449574
0.654609
0.0221446
0.00246633
0.0124549
0.402988
0.37578
0.00840201
0.118092
0.372611
0.00019249
0.0174213
0.607891
0.655747
0.0024178
0.0923779
0.281714
0.309285
0.220145
0.289563
0.112709
0.133419
0.418905
0.384434
0.295635
0.311825
0.224019
0.010764
0.00853322
0.339661
0.00603911
0.114356
0.211491
0.230528
0.00314511
0.0220391
0.0562998
0.0818414
0.154073
0.0903161
0.588647
0.000297257
0.0536668
0.16776
0.00130521
0.0499081
0.253929
0.025036
0.264906
0.0218534
0.186371
0.0158083
0.0714267
0.014542
0.168582
0.365273
2.87743e-05
0.653605
0.152081
0.165538
0.476395
0.0326591
0.128315
0.000934887
0.334811
0.00252332
0.0337547
0.148137
0.00054484
0.59749
0.152237
0.105572
0.00323594
0.0994345
0.177207
0.0628275
0.000733906
0.0304995
0.254334
0.365122
0.133826
0.364861
0.01554
0.604642
0.612038
0.000351925
9.14367e-05
0.55193
0.610105
0.184526
0.000618485
0.0879402
3.83847e-05
0.22478
0.413715
0.0049298
0.0104514
0.302737
0.278064
0.0540197
0.0126702
0.00153637
0.131675
3.03266e-07
0.62629
0.18521
0.00775161
0.000597079
0.0383513
0.00430982
0.33147
0.0992935
0.00135728
0.0469235
0.00495557
0.00627288
0.039288
0.582541
0.254969
0.00748167
0.0140012
0.00379267
4.29307e-08
0.373079
0.089264
0.222577
0.0368542
0.175614
0.0371207
0.072519
0.454243
0.00069736
0.00553105
0.417449
0.21306
0.0647637
0.290781
0.000380766
0.0155411
0.0179623
0.195721
8.63517e-06
0.0263262
0.729345
0.000984933
0.152168
0.0466552
0.181197
0.589329
1.61175e-05
0.472827
0.362258
0.00482536
0.0454835
0.074556
0.0183493
0.0514503
0.00107941
0.0534413
0.531974
0.490114
9.4827e-07
0.55156
0.105771
0.000463862
0.0936663
9.8878e-07
0.440285
0.000382447
0.351485
0.361475
0.146255
0.0403154
0.0781842
0.00112742
0.682283
0.489296
0.250454
0.00345054
0.00451092
0.0259709
0.279527
0.00166055
0.644197
0.0208782
0.0357561
0.160993
4.94652e-05
0.000997277
0.120412
0.058107
0.48362
0.339314
0.388831
0.0352093
0.0956262
0.221426
0.164261
0.139359
0.000884469
0.0270608
1.88086e-05
0.00343078
0.00273114
0.0607351
0.102081
1.28705e-05
0.0446856
0.153579
6.2285e-05
0.0580995
0.00611915
0.161521
0.699314
0.029693
0.0734728
0.426861
0.0290664
0.0412584
0.525601
0.10609
0.197754
0.0576472
0.00144623
0.529663
0.00538331
0.260574
0.396234
0.00310799
0.532293
0.00890717
0.348489
0.00932048
0.000667319
0.21841
0.352937
0.00211376
3.52345e-06
0.624732
0.0140562
0.549012
0.315869
0.0220128
4.7118e-05
0.495334
0.0206083
0.165408
0.0428783
0.000904849
0.37739
0.278197
0.234566
0.00728783
0.244552
0.0740551
0.10808
0.229351
0.000100524
0.00222764
3.77549e-05
0.648845
0.480354
0.16495
0.389915
0.0640802
0.19362
0.107638
0.463816
0.229522
0.12566
0.0926316
0.55064
0.0570308
0.370732
0.000188731
0.156086
0.389142
0.0378531
0.380998
0.0901196
0.246713
0.160569
0.000139212
0.409267
0.471319
0.269559
0.0788989
0.0343858
0.0153695
0.0367866
3.70071e-05
0.588239
0.280091
0.00186291
0.187152
0.0177645
0.00731273
0.085586
0.443001
0.00446712
0.453454
0.314343
0.0871544
0.0337296
0.211712
0.270065
0.0951372
0.0661888
0.0366739
0.0370274
0.127135
0.499655
0.295477
0.0638805
0.131181
0.0577166
2.1003e-06
0.381758
0.621408
0.000119615
0.00929547
0.268183
0.00174299
0.0219115
0.0400958
0.0123848
0.443606
0.526552
0.118208
0.00609633
0.287183
0.0363121
0.222059
0.0386191
0.0255063
0.338967
0.000144831
0.163523
0.00752545
3.01035e-06
0.0952555
0.00278751
8.75424e-05
0.264189
0.00127718
5.1256e-06
0.00397064
0.0679321
3.73887e-05
0.178443
0.00116978
0.00404044
0.000314249
0.00950047
0.23527
0.00522801
0.205613
0.444721
0.00611694
0.055733
0.0809922
0.295961
0.000908347
0.216341
0.0215513
0.00208198
0.495188
0.178925
0.0344476
0.0542166
0.0294574
0.0109526
0.117146
0.0131977
0.000489512
0.00775891
0.174994
0.000864494
2.53815e-05
0.287749
0.0931746
0.000495045
0.0360501
0.215217
0.36865
0.0769364
0.226133
0.340323
0.000519951
0.0187926
0.141952
0.00714361
0.541157
0.180341
0.422295
0.126883
0.0255866
0.0160877
0.00110841
0.499108
0.438297
0.00528972
0.0203192
0.407331
0.00169019
0.331596
0.00121133
0.0662916
0.00397008
0.386707
0.0276725
0.0161665
0.00696424
0.0157979
1.77841e-05
0.000441189
0.339924
0.27702
0.671898
0.00848928
0.293676
0.032614
0.165288
0.0115674
0.00142951
0.519115
0.0151232
0.0209986
0.228046
0.0053041
0.00524778
0.000459261
0.087729
0.401837
0.143855
0.000676158
0.0268064
0.0683679
0.309371
0.00627355
0.326741
0.454161
0.00811657
0.0425991
0.00245304
0.427805
0.0166264
0.0311942
0.000232948
0.0394125
0.359179
0.323697
7.08199e-05
0.42733
0.709654
0.0592703
0.33969
0.66025
0.738889
0.752931
0.228109
0.000282526
0.568719
0.384288
0.0161756
0.105531
0.0945619
0.0361458
0.00143461
2.65824e-07
0.0879677
0.00325481
0.483566
0.070148
0.352696
0.000367416
6.54167e-06
0.000211169
0.195241
0.168636
0.117712
0.00413524
0.208541
0.411167
0.0144555
0.401607
0.547453
0.0663273
0.00115257
0.463907
0.286359
0.0742829
0.179572
0.000365755
0.0833714
0.00282792
0.235954
0.0815637
0.14576
0.398073
0.24689
0.000773362
2.90786e-05
2.79722e-05
0.659366
0.0556432
0.00122499
0.000394939
0.329549
3.41103e-06
0.00552779
1.04142e-06
0.010835
0.0362448
0.186831
0.459621
0.142497
7.86266e-05
0.00158998
0.0295494
0.311734
0.0393927
6.40358e-06
0.0615357
0.000309973
0.149563
0.000235431
0.000244446
0.00128423
0.300319
0.00339956
0.00180169
0.0716253
0.121676
0.398254
0.187582
0.000254812
0.000523237
0.00422921
0.00614941
0.261354
0.117603
0.0677664
0.000182077
0.00709877
0.116362
0.00298939
0.0817127
0.0740307
0.00569867
0.00926558
0.317851
0.0665712
0.00023216
0.356987
0.0187208
0.357395
7.35687e-05
0.00925232
0.00170767
0.32033
0.193745
0.19793
0.283076
0.0271519
0.0289343
0.380171
0.661207
0.000125915
0.0369201
0.0693295
3.80658e-05
0.0182988
0.265049
0.39567
0.0117653
0.007467
1.97595e-05
0.000319185
0.251267
0.354758
0.00899134
0.211046
0.0139912
0.0187794
0.058227
0.0514338
0.113103
0.144998
0.0379073
0.0542257
0.0170217
0.000377726
0.00441219
0.0408474
0.0331715
0.381929
0.037376
0.00822316
0.546223
0.474657
0.211938
0.199296
0.102473
0.531021
0.088045
0.00451937
0.0094616
0.30209
0.0548008
0.222896
0.0520476
0.228534
0.00071849
0.137084
0.0273124
0.535407
0.568303
0.000135341
3.60448e-06
0.150029
0.289921
0.0698088
0.240498
0.278755
0.0222047
0.0325767
0.0500057
8.24284e-08
0.581552
0.288812
0.485251
0.0164569
0.0349394
0.00875804
0.0686319
0.000660327
0.02742
0.207807
0.188005
0.238463
0.372834
0.000179778
0.583831
0.149945
0.337426
0.332009
0.0403161
0.413308
0.470927
0.176567
0.0468708
0.218819
0.230769
0.520893
0.0915489
0.00233575
0.00371109
0.0499351
0.196905
0.111677
0.0126922
0.0590043
0.301012
3.0243e-07
0.0245051
0.224564
0.236907
0.0138944
0.319514
0.024636
0.501659
0.00259305
0.707301
0.0170246
0.109377
0.0241912
0.0295298
0.00834072
0.000251171
0.0215946
0.00539977
0.118154
0.180217
0.400489
0.0138657
0.0329437
0.250002
0.240199
0.00055868
2.41994e-07
0.374595
0.00645666
0.000515276
0.0514812
0.00664683
8.59098e-06
0.408933
0.0772255
0.0182409
0.184962
0.024895
0.0112256
0.0174113
0.0157844
0.00436406
0.0261475
0.216091
0.0477173
0.290789
0.0593036
0.233596
0.00502542
0.0862665
0.000575518
0.00157276
0.520293
0.474982
0.386137
0.00962961
0.000228114
3.81489e-08
0.000420789
0.0186219
0.0426914
0.00175921
0.0250241
0.113295
0.0964987
0.733238
0.111482
0.00110285
0.294386
0.000497684
1.50836e-05
0.0970761
0.0128621
0.00280035
0.00213671
0.0107768
0.142974
6.27992e-05
0.240932
2.08426e-05
2.53388e-05
0.305286
0.00264451
0.00208102
0.31994
0.0206752
0.00011115
0.3102
0.554582
0.224073
0.249317
0.000476991
0.51102
0.266238
0.000300007
0.00206034
0.396776
0.112884
0.19068
0.0482556
0.00210931
0.0314416
0.672104
2.11947e-06
0.0165502
0.142317
0.000384587
0.0561485
0.0495494
0.0665188
0.000128004
0.0255015
0.00253992
0.257716
0.347103
0.0132826
0.0462526
0.0354965
0.00596997
0.00258445
0.0542105
0.0204603
0.00605021
0.20217
0.283822
0.25784
0.149053
0.000138381
0.0262637
0.374771
0.207643
0.13073
0.0522975
0.552089
0.00628773
0.190238
0.0169679
0.229116
0.00141079
0.0228331
0.342638
0.00112895
0.117042
0.00432357
0.000757005
0.0520108
0.00352048
0.000133959
4.66994e-05
0.00508481
0.58657
0.654987
0.20218
0.0021417
0.042998
0.114652
0.00133823
0.465962
0.018371
0.378214
0.0258532
4.07304e-09
0.118311
0.295784
0.470272
0.0161185
0.108612
0.0016516
0.201902
0.0553862
0.157524
0.00410809
0.0239715
0.654785
0.0657401
2.83149e-06
0.0315115
0.0194992
0.31612
0.196075
0.0036202
0.519088
0.605365
0.00656323
0.32201
0.224276
0.143777
5.90683e-07
0.291099
0.00128893
0.0197682
3.71748e-05
0.495465
0.0434155
0.0985247
0.0118522
0.0209679
0.0645958
0.0311975
0.00317893
0.32411
0.282136
0.129508
0.305771
0.0460863
0.0430756
0.000819934
0.000660717
0.517111
0.272511
0.33108
2.14315e-06
0.0701519
0.226204
0.0956328
0.036981
0.000167689
0.000274906
0.00874318
0.000145613
0.131947
0.325044
0.523001
0.0001682
5.88674e-05
0.0351237
0.200007
0.19552
0.260401
0.319387
0.00099699
0.318071
0.271828
0.126254
0.02568
0.0937908
0.401189
0.354028
0.211323
0.00189931
0.787342
0.169998
0.255593
0.020166
0.110947
0.00162701
0.0696141
0.0405044
0.0383671
0.0439022
0.00489083
0.003931
0.315277
0.000789857
0.390225
9.00426e-08
0.641206
0.212801
0.303442
0.0210797
0.0194473
0.00644795
0.178372
0.128642
0.111724
6.66977e-06
0.154353
0.00312767
0.00950444
0.0141102
0.00289578
0.205534
0.287315
0.00386173
0.000413605
0.21193
0.178662
0.000135403
0.00771982
0.165494
0.32605
0.0214105
0.44131
0.21365
0.186198
0.309038
3.30547e-05
0.153371
0.0991326
0.00499865
0.00759304
0.469685
0.161346
0.00798998
0.270333
0.429469
0.359906
0.0443197
0.00252091
0.273173
0.739642
0.00157711
0.692182
0.023036
0.0964641
0.00154273
0.276033
0.00217726
0.155567
0.184196
0.664079
0.273579
0.404798
1.49305e-08
0.558961
6.89641e-05
0.000179337
0.00234115
0.143426
0.291429
0.479182
0.267269
0.00826809
0.00293149
0.162794
0.0260117
0.0239039
0.00750497
0.068262
0.1473
0.00089572
0.744056
0.0065411
0.423979
0.010022
0.460293
0.0571033
0.194877
0.53886
0.104593
0.444599
0.181705
0.00261778
0.000864058
0.000316286
0.167556
0.410239
1.23292e-05
0.00892714
0.308779
0.038961
0.439986
0.00156984
0.000241654
0.0019613
0.00264357
0.000272214
0.281754
0.117962
0.44179
0.097103
0.261891
0.166603
0.0415645
0.191259
0.00484919
0.00153674
0.00485365
0.0248102
0.0183998
0.302109
5.23538e-06
0.264211
0.0119862
0.000653854
0.0478042
0.0493487
0.492168
0.0664729
0.137934
0.0213005
0.00866341
0.244414
0.338435
0.00461012
0.789181
0.427599
0.107723
0.572227
0.00726588
0.000293324
0.00203365
0.000182446
0.165323
0.220816
0.021023
0.492052
0.00173784
0.0106851
0.829015
0.00480509
0.248178
0.00374247
0.328169
0.00198179
0.0236087
0.110182
0.0051489
0.045657
0.0137781
0.134925
0.340529
0.000105665
0.266161
0.347694
1.43068e-05
0.0272392
0.0826228
0.00178686
0.00463544
0.12617
0.000197417
0.29347
0.724984
0.00277621
0.578211
0.419532
0.340122
0.0289718
0.269447
0.20263
0.0851602
0.00380248
0.0735614
0.00872631
0.14934
0.118188
0.323993
0.298905
0.000143399
0.00235472
0.0976249
0.0207448
0.115915
0.225821
0.42174
3.36637e-06
0.310635
0.20126
0.145107
0.411683
0.42707
0.36186
0.102079
0.00311476
0.000506517
0.0482203
0.710707
0.138484
0.0257518
0.00955671
0.248313
0.00805359
0.0187735
0.00456136
0.182845
0.0275196
0.0109427
0.0261697
0.0183658
0.0025626
0.376375
0.386945
0.000105165
0.00565793
0.0689159
0.000117035
0.254291
0.0221417
0.401187
0.00362747
0.214425
0.472813
0.3172
0.0511014
4.52735e-06
0.137066
0.00101057
0.0707459
0.0434116
0.0837672
0.0705061
2.55082e-05
0.169106
0.546701
0.00500838
0.00359179
0.127358
0.116533
0.128934
0.0343489
0.549712
0.155905
0.266336
0.0219523
0.0332531
0.286186
0.464024
0.180039
0.0123343
0.140895
2.75921e-05
0.0130534
0.00106403
0.494731
0.211124
0.000449665
0.261725
0.177028
0.21605
0.54455
0.153589
0.145335
0.113087
0.22254
0.0182336
0.00035208
0.239854
0.0279578
4.9113e-06
0.000955833
3.95743e-08
0.332482
0.318643
0.00771984
0.520819
0.000679365
1.13214e-08
7.28439e-06
4.44557e-05
0.257658
0.206887
0.00484635
0.000157737
0.0165197
0.228517
6.26967e-07
0.265397
0.445631
0.000461189
0.398121
0.00482307
0.231478
0.326526
0.520083
0.132557
0.34917
0.196203
3.18992e-06
0.238823
0.392346
0.143182
0.00209353
0.00525991
0.0128681
0.000454361
0.00516952
0.00325203
0.00686924
0.429939
0.443487
0.00676409
0.0112011
0.0782322
6.6912e-10
0.680337
0.00666193
0.0124053
0.378631
0.670171
0.175751
0.443488
0.0158649
0.062588
0.00492921
0.00208258
0.000376467
0.041465
0.0226706
0.00132599
0.000381559
0.583072
2.9277e-05
0.00219759
0.00594573
0.270216
0.0704993
0.223328
0.632726
0.401908
1.02338e-05
0.510834
2.30605e-05
0.339406
0.419904
0.453644
0.0212394
0.00103127
0.347735
0.00418982
0.388312
0.0174847
0.0451697
0.0864347
0.00182263
0.725352
0.0304873
0.0138778
8.93354e-05
0.16964
0.522596
0.0304815
1.36816e-05
0.0696328
0.00899849
0.0391132
7.61106e-07
0.348985
0.00848713
0.0347685
0.491256
0.53626
0.00165059
0.125367
0.254418
0.00142571
0.491045
0.585261
0.00968982
0.00133195
0.215947
0.50399
0.00967042
0.00200087
0.0745994
0.0014097
0.601167
0.451759
0.444461
0.000154723
0.00889997
0.368318
0.042638
0.0678461
0.0420305
0.0612382
0.178267
0.00122766
0.186999
7.87511e-05
7.88273e-05
0.00143209
0.195435
0.13618
0.130533
0.219553
0.00202437
4.96452e-07
0.00235502
0.103655
0.131408
0.39905
0.241055
2.51286e-07
0.0557052
0.0353718
0.00072025
0.486235
0.0432308
0.452919
0.155868
0.297143
0.0244514
0.456307
0.0366146
0.0591217
9.40962e-07
0.145174
0.131803
0.233963
0.00191822
0.316075
0.00922765
0.388249
0.426549
0.0629487
0.374962
0.46478
0.293929
0.0163286
0.436327
0.315217
0.496109
0.165193
0.117597
0.252325
0.00928893
0.002727
0.00205468
1.4097e-05
0.370607
0.518124
0.303403
0.56632
0.107238
0.17421
0.324988
0.451667
0.000270056
0.0882927
0.416983
0.481752
0.457919
0.358988
0.500308
0.0171983
0.0474431
0.0325022
0.234882
0.253787
0.281707
0.387704
0.0307931
0.00184716
0.0109793
0.0145825
0.786998
0.00229792
0.0011346
0.00564608
0.0679732
0.194308
0.216515
0.652077
0.145381
0.00253664
0.0115984
0.0008104
0.0191956
0.428276
0.44195
0.576428
1.65061e-05
0.00621208
0.250644
0.254803
3.95811e-06
0.213348
1.02198e-06
0.0254264
0.661512
0.377488
0.0678958
0.320644
0.08583
0.519211
0.35508
0.00442114
0.0296903
0.0321547
0.00166548
0.000365269
0.000946942
0.635407
0.00252985
0.109549
0.443135
0.313378
0.173135
0.335746
0.399198
0.41804
0.170616
0.537695
0.216521
0.254596
0.000322505
0.101972
0.000220719
0.331342
4.11615e-05
0.184411
0.235993
0.00103892
0.00680041
0.478991
0.0355808
0.000596819
0.00391856
0.00801278
0.117208
0.0387572
0.00100463
0.0451159
0.274093
0.000617659
0.0330376
0.516904
0.00171678
0.0703799
0.0135606
0.00983736
0.559503
0.0146434
0.70576
0.0128203
0.320089
0.202008
0.00483299
0.00750226
2.76731e-09
0.00374421
0.0707037
0.0406083
0.0213492
0.0515851
0.106332
0.310945
0.287256
0.263314
0.416785
0.0309083
0.342789
0.477115
0.00239752
0.132964
0.0167536
0.00132862
0.173039
9.08679e-06
0.330468
0.219078
0.110001
0.0800066
0.0472748
0.0459242
0.0212841
0.00871138
0.356298
0.000159216
0.526172
0.0290044
0.212369
0.0179263
0.0171856
0.812221
0.000312514
0.0926663
0.104554
0.0793874
0.276663
0.0214121
0.194736
0.123086
0.0392432
0.101906
0.277604
0.482252
0.266896
0.0102703
0.612504
0.0784864
0.143608
0.569392
0.0165113
0.0352122
0.0288906
0.0489304
0.049543
0.00347042
0.0164496
0.00465704
0.255477
0.0236639
0.0332352
0.307987
0.311215
0.117995
0.000172705
9.44685e-07
0.0150366
0.220654
0.0111402
0.560648
4.51049e-05
0.454887
0.00355414
0.574167
0.00812237
0.0217698
0.0130586
6.55967e-06
0.000673938
0.113994
0.413636
0.0695057
0.123608
0.544991
0.258097
0.00188116
0.00688109
0.289493
0.04788
0.0148562
0.106251
0.310123
0.0533904
0.0190756
0.309423
0.00150192
0.00449408
0.268024
0.00172254
0.015061
0.120592
0.105739
0.0100262
0.0428569
0.300783
0.107558
0.0179067
0.106243
0.066007
0.397261
2.74168e-05
0.00393336
0.459988
0.372717
0.00430952
0.35294
0.000105286
0.31256
0.483158
0.469929
0.0140721
0.493781
9.2893e-05
0.00373762
0.0480942
0.0662857
0.10222
0.264837
0.148342
0.0958115
0.219013
0.337598
0.0167778
0.307049
0.00157305
0.00724084
0.244564
0.00493039
5.48143e-06
0.338017
0.0138265
0.412676
0.000185948
0.0220062
0.0506778
0.207246
0.00132804
0.0171458
0.0081352
0.304605
0.0302665
0.137106
0.202051
0.380629
0.0475237
0.394019
0.224259
0.0765358
0.0280026
0.57999
0.00670929
0.458278
6.11699e-05
0.0212386
0.00155909
0.0438618
0.131208
0.00154713
0.0407651
0.000636252
0.0014854
0.319129
0.0194693
0.0872063
0.111735
0.298059
0.0143099
0.00340654
2.00663e-05
0.46963
0.033852
0.508426
0.000176834
0.287216
0.566974
0.222849
0.466117
0.0486305
0.0163995
0.195014
0.000909601
0.10305
0.0761893
0.103661
0.00750349
0.00251101
0.023938
0.308264
0.106942
0.692301
0.0621538
0.508538
0.000163138
0.00102105
0.0176809
0.318802
0.250234
0.229536
0.0085002
0.214607
0.00232971
0.0885664
0.0140507
0.585219
0.150509
0.0444085
0.351742
0.0217148
0.00349742
0.00167668
0.393244
0.312551
0.0140054
0.320999
0.0812382
0.431619
0.310399
0.0579213
0.22436
0.254155
0.0136626
0.355529
0.137165
0.137019
0.00494016
0.293814
0.170758
0.0101844
0.0152962
0.583661
0.12423
0.148479
0.0911668
0.000590181
0.0774972
0.000210765
0.453556
0.205775
0.00883135
0.185014
0.0130364
0.000487678
6.87779e-05
0.411966
0.27597
0.135287
8.63009e-07
0.444027
0.250631
0.000215974
0.000433871
0.0026449
0.00174692
0.70251
0.00596282
0.0211563
0.00202678
0.00311752
0.23725
0.00198353
0.273113
0.188206
0.00342199
0.0675398
0.00817114
0.0699271
0.136884
0.206401
0.275686
0.103209
0.000337751
0.120059
0.585963
0.467895
0.684144
0.232869
0.099613
0.155238
0.0151159
0.18673
0.519505
0.105241
0.0367383
0.0236802
0.227307
0.327325
0.375723
0.123805
0.0577793
0.00361186
0.000445412
0.471504
0.00558352
0.353437
0.444162
0.0283143
0.233461
0.0452238
0.265232
0.0498061
0.229049
0.501836
0.341077
0.636772
0.491957
0.0171076
0.554431
0.000194034
0.300752
0.0238812
0.0138746
0.187235
0.146395
0.0381977
0.00367165
0.0735995
0.00620147
1.21181e-05
0.220204
0.578674
0.317901
0.0161614
0.394419
0.437512
0.168814
0.607744
0.599007
0.0274528
0.240078
9.09922e-05
0.102684
0.25523
0.000387261
0.0101818
0.000167872
0.358729
0.02332
0.0649189
0.00542165
0.0182671
0.0172351
0.157468
0.019496
0.00504964
0.00991979
0.148489
0.253535
1.66087e-07
0.3058
0.544319
0.285338
0.0669132
1.00601e-05
6.07639e-05
0.371731
0.148321
0.594572
0.00521444
0.251698
0.0102993
0.500769
0.0827212
0.50738
0.0600885
0.00167392
0.0767784
0.274028
0.117813
0.00811192
0.569245
0.32359
0.00232229
0.0731926
0.668123
0.00119959
0.000579802
0.00381556
0.00885675
6.33192e-05
0.00402699
0.00398524
0.485423
0.0314102
0.000206932
0.108922
0.410408
0.0785901
0.030857
0.0583362
0.00971876
9.16441e-06
1.76519e-06
0.00228488
0.240566
0.100393
0.275068
0.00158532
0.00211169
0.246255
0.557423
0.383445
0.0285769
0.517727
0.134847
0.158599
0.000127238
0.121685
0.400996
0.303687
0.000430039
0.0468263
0.235318
4.19061e-07
0.51112
0.371494
0.00106297
0.0303096
0.347063
0.000143905
0.380558
0.0236094
0.365518
0.221505
0.14317
0.113904
0.000157897
0.00648346
0.0478118
0.00135804
0.212435
0.00440583
0.0579394
0.0430384
1.57773e-06
0.000280932
0.0011705
0.0327232
0.00454858
6.53515e-06
0.551338
0.109907
0.00577059
0.100882
0.0696039
0.245213
0.293413
0.266761
0.0494817
0.372653
0.00020404
5.20912e-05
0.0130382
0.0298725
0.265529
0.00607692
0.000217418
0.0115483
0.15034
8.77698e-05
0.00165922
0.0732612
0.28443
0.518813
0.589534
0.156795
2.94702e-05
0.474918
0.0183872
0.254523
9.18712e-05
0.515022
0.0063016
0.126357
0.199021
0.117697
0.585475
0.000169798
0.0389037
0.133839
0.068812
0.220455
0.111715
0.647672
0.426618
0.358481
0.286771
0.446108
0.0037579
0.273407
0.296241
1.39464e-05
0.279701
0.293784
0.00253572
0.0496637
0.0526963
0.000186787
0.00411553
0.014752
0.118378
0.36966
0.0895774
0.343543
0.425393
0.0910711
0.389102
0.136321
0.500962
0.0351801
0.122942
0.0501676
0.0766938
0.333645
0.0243021
5.88571e-07
0.0200082
4.91364e-05
0.292794
0.234147
0.0842772
1.76699e-08
0.16441
0.123401
0.0118017
0.00608041
0.206652
0.0353281
0.568023
0.37789
5.00958e-05
0.205423
0.000486749
0.114268
0.0167539
4.33146e-05
0.000147389
0.132658
0.000770679
0.108578
6.88313e-09
0.252336
0.293762
0.138465
0.0016265
0.26415
3.76442e-08
0.206279
0.615096
0.0471523
0.0098522
0.0581629
0.498126
0.051981
0.0498225
0.53455
0.262983
0.0813392
0.0419741
0.00639659
0.0339823
0.001333
7.21123e-05
0.174226
0.161528
0.0229104
0.0100612
0.0898466
0.298033
0.00682447
0.511511
0.0524525
0.53204
0.00382455
0.00443401
0.105985
0.169786
0.247341
0.302821
0.225813
0.0483195
0.359527
0.276959
0.291343
0.431941
0.309964
0.0322856
0.278463
0.00830508
0.383418
0.0156694
0.0210536
0.0442291
0.405703
0.46404
0.00600875
0.28872
5.68998e-06
0.43277
0.0875507
0.000136502
0.0229123
0.0525884
0.0861722
0.0061036
0.222361
0.359196
0.0369903
0.0403453
0.000845929
0.16171
0.61236
0.229169
0.27816
0.00301595
0.161225
0.245782
0.174683
0.010198
0.0882487
0.000780472
0.0585628
0.000500449
0.0073148
0.373543
0.30362
0.0786683
0.000507449
0.0493366
0.00814944
0.000615307
0.158718
0.00195818
0.000251208
0.544803
0.476287
0.270034
0.000887142
0.4696
0.0424696
0.0110943
0.19832
0.362053
0.431022
0.408556
0.347727
0.308404
9.94455e-07
0.270352
0.349914
0.00302239
0.542152
0.00133154
0.621493
0.0199993
0.014659
0.00833551
2.00084e-06
0.00186425
0.197586
0.170015
7.11003e-06
0.284724
0.0409019
0.0268413
0.00681922
0.51822
0.00379897
0.388582
0.01552
0.000102437
0.00267615
0.508628
0.0106937
0.232678
0.00288729
0.00029295
0.0549685
0.24642
0.182546
0.00220792
0.135213
0.000210464
0.474906
9.85315e-06
0.236326
0.525574
0.0108127
0.463574
0.566754
0.0590872
0.17785
1.01112e-05
0.199351
0.0229075
0.730958
0.00112401
0.0477956
0.00759408
0.212798
0.000311327
0.000299335
0.00659822
0.299419
0.490115
0.054277
0.0276148
0.0401793
0.0677528
0.0652785
0.0014426
0.0305982
0.021905
0.000192671
0.000203554
0.432219
0.376633
0.112191
0.0250994
1.83216e-06
0.492683
0.00139612
0.546497
0.0702752
0.302466
2.53514e-05
2.4158e-05
0.0265773
0.000326875
1.39077e-05
0.23157
0.0597574
0.0110584
0.225247
0.00999075
0.212027
0.462473
0.561771
0.40674
0.00816893
0.00850407
0.000855889
0.362949
0.00308839
0.322779
0.000548522
0.00152777
0.452886
1.68218e-05
0.00305457
0.00590166
0.00671264
0.0107317
0.128375
0.310891
0.135074
0.00463951
0.00758261
0.00103002
0.10457
0.323799
0.0115458
0.735409
0.41092
0.025041
0.044669
0.0207252
0.0206493
0.0675549
0.457755
0.00268543
0.509252
0.353667
0.266479
0.332242
0.276062
0.451842
0.444458
0.0081126
6.68473e-05
0.0568737
0.0514976
0.00963269
0.711032
0.330396
0.0037456
0.000204655
0.00203763
0.000593607
0.0169082
0.0203794
0.00103078
0.469789
0.000923024
0.565802
0.00163367
0.291176
0.0102689
0.215775
0.253013
0.456808
0.0270498
0.001478
0.00021068
0.1127
0.0845918
0.234206
0.000118892
0.474491
0.000131949
0.0351096
0.00434386
0.000573657
0.383613
0.172641
0.687644
0.05381
0.373626
0.138531
0.339276
0.426876
0.000200123
0.000815492
0.144305
0.393826
7.98468e-05
0.0152984
0.214064
0.351186
0.0651097
0.000363215
1.02125e-06
0.012724
0.0822465
0.00345421
0.000988304
0.000438512
0.441445
0.0375993
0.00674729
0.23882
0.0347585
0.00960624
0.314506
0.504588
0.0692094
0.540313
0.124579
0.304465
0.0649921
0.00283769
0.580352
0.000151636
0.00589532
0.327843
0.000265789
0.000463898
0.138289
0.00527389
0.0166484
0.00242216
0.265245
0.605282
0.29425
0.0239509
0.123686
0.0387955
0.0129164
0.04968
0.000363604
0.0461548
0.0616001
0.0123237
0.015015
0.000202269
0.215968
0.208398
0.0289497
0.000303634
0.0174437
0.00574759
0.0136679
9.49499e-05
0.176572
0.459286
0.0138894
0.00214858
0.245373
0.039426
0.000880415
0.0872322
0.317043
0.0962023
0.0164607
0.0614714
0.257277
0.12424
0.0222912
0.128578
0.305806
0.113571
0.760082
0.179685
0.141413
0.0204385
0.0655213
0.0305604
0.378246
0.243414
0.367646
0.0051785
0.00232763
0.125669
0.0729934
0.0834729
0.306825
0.348089
0.0489922
0.317315
0.0729279
0.0119587
0.453337
0.123445
0.35746
0.155405
0.000172612
0.00116363
0.432719
0.388899
0.581177
0.077772
0.341521
0.0144814
0.0303394
0.0107229
6.91296e-05
0.00121814
0.039576
0.491155
0.0967234
0.215662
4.1532e-05
0.00481057
0.248371
0.275612
2.90985e-06
6.44238e-05
0.287486
0.0329617
0.207297
0.192076
0.000130539
0.075237
0.00482148
0.000506827
0.0162818
2.21554e-05
0.180443
4.97551e-07
0.0308222
0.230531
0.612218
0.000437765
0.105342
0.117108
0.00385437
0.00165541
0.188612
0.255959
0.184854
0.00293659
0.0125878
0.261022
0.00978754
0.479673
0.482766
0.463616
0.00383759
0.0671838
0.173376
0.135311
0.370658
0.317748
0.369668
0.0495768
0.0203524
0.00741857
0.622785
0.313828
0.056141
0.000425587
0.240895
6.25484e-05
0.0422842
0.281101
0.0840038
0.167262
0.00342371
0.339646
0.384698
0.162311
0.049734
0.00407397
0.0178232
0.0112984
0.321926
0.409739
0.391977
0.0430779
0.306087
0.671287
0.363343
0.000612869
0.776376
0.461529
0.00603223
0.0147582
0.0126462
0.00477876
0.318914
0.000265944
0.00159698
5.17023e-05
0.000337908
0.00840913
0.0303123
0.0105308
0.019223
0.127258
0.0693972
0.261006
0.276661
0.252746
4.87194e-05
0.00147718
0.00180392
0.332407
0.00324618
0.399269
0.519154
0.0731823
0.0507304
0.116252
0.293993
0.0115381
0.00800097
0.276626
0.147014
9.78228e-05
0.36522
0.00038683
0.353892
0.636447
0.163843
0.00848921
0.219057
0.00392606
0.17956
0.0332452
0.486726
0.112857
0.452591
0.00273434
0.316684
0.0570137
0.00261755
0.0355834
0.087712
0.334359
0.0123783
0.000712403
0.00901363
0.0360616
0.46811
0.298576
0.761782
0.000179558
0.000140653
0.000183338
0.294387
0.092622
0.113267
0.000640046
9.8554e-08
0.000287756
0.0389342
0.00232598
0.00136919
0.100468
0.00697915
0.126609
0.0151118
0.000987605
0.00222892
0.376705
0.22141
2.13927e-05
0.747321
0.000808741
0.315856
0.000112465
0.501868
0.0158927
0.244376
0.224818
0.120272
0.558765
0.0214887
0.347815
0.124219
0.0622463
0.00176676
0.118834
0.365699
1.48809e-05
0.0580296
0.00890658
0.00285072
3.65512e-09
0.608705
0.00965973
0.00187335
0.37411
0.028349
0.421811
0.258463
0.0139522
2.2709e-05
0.00174252
0.329071
0.213324
0.0112174
0.222567
0.729773
0.00299045
0.000545761
0.666327
0.0131862
3.89053e-05
0.570444
0.64296
0.377994
0.000313665
0.0175969
0.16635
0.0119915
7.89667e-05
0.398445
0.11925
0.423432
0.00713097
0.494199
0.743714
0.151352
0.152856
0.525688
3.40567e-05
1.30825e-08
0.503137
0.00108088
3.78844e-05
0.00552949
0.011613
0.00076617
5.6096e-06
9.59551e-06
0.00375433
0.000153607
0.700539
0.0167181
0.315051
0.0250174
0.0213592
0.0555078
0.000980357
0.0241844
0.0412065
0.398362
0.000448667
0.532188
0.00139744
0.29492
0.226351
0.0429308
0.00179089
0.00944749
0.408572
0.393425
0.0370042
0.162344
0.242572
8.9484e-05
0.514274
0.412448
0.699133
0.00791694
0.00491454
0.0165783
0.590031
0.00170549
0.0240616
3.44944e-07
0.132212
0.278016
0.0714259
0.0122651
0.000222576
0.0032747
0.00021407
0.099369
0.202323
0.144313
0.594836
0.0113042
0.246614
0.000410971
0.00125905
0.10725
0.000124147
0.475353
0.000168338
0.397558
0.528498
0.00163689
0.52762
0.0955285
3.50611e-06
0.029067
0.000320752
0.62917
0.00135145
0.269236
0.310891
0.281103
0.0787382
0.0453518
0.17995
0.731952
0.287386
0.0391428
0.0424102
0.254812
0.0420825
0.00271448
0.000517524
0.373427
0.00571282
0.152829
0.0349233
0.0275107
0.342441
0.519897
0.324188
0.314352
0.0708736
0.557781
0.179293
0.00083015
0.00505093
0.000124857
0.000405466
0.41226
0.54304
0.0914834
0.101691
5.15225e-08
0.0860149
0.521615
0.484758
0.115965
0.01027
0.239855
0.00994386
0.423871
0.00987437
0.0488677
0.0427839
0.0186128
0.0213474
0.287733
0.339422
0.00191388
0.0521896
0.00410088
0.375003
0.0122558
0.0468868
0.011584
0.284284
0.0780308
0.121628
0.481247
0.453922
0.334256
0.310324
0.275319
0.149669
0.401382
0.455308
0.363914
0.107261
0.709113
0.161117
0.00480303
0.0295818
0.000869964
0.118589
0.0027917
0.000444452
0.00145425
0.123327
0.141193
0.149629
0.143827
0.0106279
3.54169e-06
0.169637
0.00242162
0.217155
0.0729362
0.275053
0.0913578
0.228418
0.15204
0.0595854
0.490803
0.118938
0.0210308
0.00148605
0.186615
0.0116896
0.346934
0.361867
0.403981
0.00592022
0.00561596
0.274984
0.219645
0.259661
0.0516215
0.311219
0.12077
0.00570359
0.00235957
0.00254559
0.290742
0.000228337
0.427882
0.0132914
0.000521183
0.349079
0.0386018
0.00617122
0.0283927
0.118481
0.304268
0.364607
0.00423887
0.0411446
0.00198893
9.73997e-09
0.190848
0.27175
0.05766
0.456341
0.000420701
0.632871
0.0756822
0.66173
0.0810843
0.262032
0.191967
8.14816e-05
0.432448
0.0145267
0.0429604
0.0563831
0.415532
0.0350332
0.180215
0.304396
0.013697
0.0234875
0.00151914
0.0650414
0.0353664
0.292608
0.255575
0.325049
0.00047636
0.473103
0.56346
0.000804373
0.169464
0.0176008
0.237468
0.00348064
0.00735287
0.476393
0.399781
0.0245399
0.000282643
0.304226
0.257139
0.537751
0.548819
0.110058
0.00525152
0.0965067
0.00154774
0.407691
0.000950821
0.360239
0.0933517
0.245447
0.130141
0.0030024
0.108811
0.188452
0.524513
0.357429
0.0991951
0.00418
0.218396
0.685986
0.405387
0.356223
0.415203
0.000194226
0.00235893
0.218966
0.000147652
0.00668839
0.0359405
0.181031
0.0227839
0.000113828
0.519284
0.0385658
0.104548
0.378669
9.85333e-05
0.260736
5.64457e-06
0.514151
0.00919836
0.00239332
0.625902
0.272383
0.153654
0.068879
0.0325071
0.004234
0.000917221
0.0152662
0.00111525
0.254442
0.660119
0.0183684
0.0457297
2.24776e-07
0.430578
0.0111355
0.00669799
0.36089
0.262193
0.00819921
0.0941331
0.0509698
0.265114
0.28242
0.00818245
0.164454
0.102004
0.673693
0.0981299
0.235173
0.0111488
0.169818
0.308242
0.226239
0.000643123
0.00378364
0.000130943
0.0579484
0.000898356
0.287973
0.00356325
0.103707
0.0652712
0.0618459
0.0103529
0.0168272
0.0453026
0.00223296
0.441677
0.196366
0.0808731
0.00160338
0.134828
0.154337
2.37154e-07
0.0934406
0.263953
0.239958
0.00890307
0.0182303
0.241092
0.170587
0.323475
0.369307
0.55279
0.000129366
0.796234
0.0529426
0.160873
0.000237223
0.00758966
0.369701
0.0466763
0.0715335
0.000210055
0.314313
0.261708
0.0363702
0.0368749
0.0024319
0.0582268
0.302221
0.258746
0.292368
0.0159405
0.0584325
0.0938558
9.46666e-05
0.0442586
0.230433
0.00720654
0.360632
0.0323649
0.0771921
0.490557
0.479717
0.00143159
0.0152588
0.0193016