0.39409
0.077725
0.116514
0.0167857
0.372295
0.00150496
0.198944
0.378498
0.66633
0.0139168
0.0172175
0.000779722
0.0587252
0.00178016
0.000575169
0.00150792
0.00520943
0.163663
0.00075832
0.000220358
0.00561393
0.29917
0.264984
0.048269
0.00127132
0.159328
0.0131646
0.0999263
0.00994678
0.012777
0.0380916
0.00564982
0.0269367
0.279297
0.0190229
0.0840626
0.0291189
0.506061
0.00303688
1.87329e-06
0.136318
7.23877e-05
0.109769
0.00215389
0.0228349
0.013923
0.471052
0.0429705
0.299943
0.360631
0.000627942
0.0384012
0.10249
0.426038
0.0259799
0.000725633
0.0965983
0.341822
0.0263074
0.34082
6.28993e-05
0.294501
0.11911
0.52199
0.112926
0.00332773
0.174281
0.0185953
0.495427
0.170855
0.0923572
0.011034
5.05617e-06
0.012375
0.239234
0.00122145
0.0543936
0.247531
0.303511
0.002914
4.98168e-05
0.0804706
0.00437033
0.136994
0.0082298
0.158627
0.0548045
0.542813
0.00307261
0.015321
0.0069624
0.179728
0.0143356
0.000827454
0.02635
0.474726
0.150051
0.118102
0.22323
0.49316
0.128372
0.251055
0.000532633
0.334412
0.00885762
0.0528266
0.284465
0.00401844
0.167701
0.000474381
0.0587741
0.0185172
0.277269
0.00277018
0.0199833
0.838522
0.00236321
0.224292
0.533752
0.0535051
0.0235293
0.40442
0.00177532
6.02719e-05
0.00114361
0.041804
0.00235505
0.669307
0.593577
0.318645
0.0236633
0.0524277
0.00548691
0.000599956
0.161313
0.0357056
0.0605804
0.0248763
0.0209815
0.201118
0.231039
0.0006178
0.00154245
0.0606844
0.00011678
0.594167
0.0208801
0.537385
0.004066
0.0596494
0.372607
0.116323
0.0455646
0.33388
0.0293706
0.0044069
0.00529315
0.00731384
0.334571
0.00684465
0.232007
0.00101836
0.607129
0.119312
0.346493
0.383375
0.000420348
0.0380521
0.299857
0.0282538
0.00412139
0.31989
0.0404123
0.000386442
0.00238854
0.000134807
0.351473
0.00161614
0.082198
0.00204275
0.0843272
0.0450592
2.28654e-06
0.451362
0.14573
2.76759e-06
0.178783
0.171043
0.495745
0.274559
0.235485
0.014725
0.055609
0.349543
0.366188
0.13369
0.000230783
0.217059
0.0564501
0.023228
0.0343757
0.229837
0.000837688
0.279133
0.0162197
0.111853
0.359722
0.000472515
0.00515092
0.0120776
0.319863
0.373999
0.0136848
0.0540181
0.128484
0.0733471
0.329377
0.0127768
0.215407
0.333217
0.0708007
0.494072
1.3207e-05
0.406915
0.0990638
0.163178
0.550411
0.316775
0.464689
0.539924
0.0105331
0.102699
0.439055
0.0301022
7.93751e-05
1.22347e-05
0.00227119
0.553662
0.263498
0.0283284
0.00188164
0.214427
0.145018
0.0360054
0.0786519
0.463264
0.153309
0.190106
0.00027924
0.0125144
0.0489093
0.0708963
0.000246771
0.0812023
0.578967
0.320816
0.217189
0.0100868
0.120029
0.135976
0.0915461
0.223831
0.605596
0.336469
0.00968649
0.379854
0.54741
0.000183521
0.000518149
0.340244
0.0327114
0.296861
0.00170009
0.569281
0.00182128
0.565372
0.000288644
0.0638923
0.276359
0.566722
0.225085
0.0137973
0.00381997
0.0099685
0.362725
8.93984e-05
0.175663
0.191667
0.082632
0.00104973
0.00303817
7.99857e-05
0.0347688
0.304745
0.136096
0.325082
1.92997e-05
0.00262924
0.200395
6.36098e-05
0.000282889
0.125802
0.40732
0.0873342
0.0138624
0.243111
0.303642
0.00549881
0.210624
0.180429
0.00555277
0.000416493
0.0308116
0.71482
0.0672859
0.00205864
0.0778632
0.160757
0.00114176
3.37985e-05
0.402346
0.198973
0.287782
0.559209
0.109772
0.0477156
0.19306
0.035991
0.00414674
0.0928283
0.0707317
0.0392445
0.259804
0.0134251
0.0203172
0.0514823
0.183736
0.00122461
0.0482021
0.0642175
0.329922
0.0701569
0.151393
0.368875
0.191414
0.302467
0.000147215
0.0408106
0.00174188
0.15088
0.0446857
0.00299943
0.0222307
3.0268e-05
0.423272
0.44109
0.224602
0.0601257
0.000313019
0.000263687
0.000314782
0.0908747
1.41194e-05
0.304247
0.0838624
0.241913
0.13804
0.53218
0.22001
0.0705626
0.241541
0.0030752
0.0044167
0.300391
0.00439746
0.0157845
0.549022
0.29497
0.363279
0.0112408
0.0145007
0.0623565
8.8433e-05
0.170684
0.345266
0.37244
0.00310884
0.00792474
0.316999
0.268553
0.00140057
1.48967e-06
0.30868
0.597653
0.243842
0.167928
0.0918535
0.895828
0.0193379
0.357853
0.0995282
0.169305
0.0359812
0.0122575
0.000581986
0.383219
8.03381e-05
0.51858
0.00904581
0.00571633
0.0727038
0.282934
0.547297
0.019493
0.0683308
0.00121612
0.0126789
0.147231
0.0358579
0.150674
0.0232065
0.45379
0.10603
0.0135578
0.0258431
0.0684807
0.242277
0.681406
0.363671
0.0178167
0.10142
0.0137788
0.293544
0.29547
0.479572
0.0113811
0.0382199
0.237815
0.357107
0.135824
0.00527568
0.0379198
0.000253509
0.217372
0.0414252
0.014343
0.0300971
0.0137437
0.0058085
0.222114
0.498464
0.434488
0.178475
0.461459
0.0463488
0.00509221
0.268353
0.359371
0.173757
0.646776
0.284254
0.0993982
0.0343498
0.367858
0.458303
0.000765568
0.00754461
0.421884
0.471126
0.000343699
0.164804
0.0030406
0.0171156
0.186188
0.283861
0.0644889
0.501551
0.173803
0.317093
0.127343
0.0496482
0.00240154
0.00127679
0.641973
0.0890879
0.478543
0.000190763
0.00281705
0.373644
0.0582672
0.0212488
0.0105407
0.0264523
0.0396879
0.0400778
0.000982327
0.00090558
0.0593905
0.018266
0.012141
0.447714
0.00563504
0.022864
0.108191
0.00132491
3.04416e-05
0.0276942
0.00274717
0.626304
0.000136684
0.00029516
0.00048137
3.01078e-05
0.139492
0.0190403
0.285263
6.10673e-05
0.16329
0.452291
0.00978406
0.0871742
0.0268674
0.0334388
0.00789636
0.00478992
0.154089
0.248089
0.00321546
0.273019
0.164202
0.175071
0.15787
0.151925
0.000606264
0.000535778
0.232972
0.246139
0.406682
0.0558344
0.0743814
0.0347246
0.310305
0.312488
0.00128624
9.02795e-05
0.103582
0.141569
0.0958385
0.0194618
0.0512005
0.448208
0.222217
0.000406887
0.00968841
0.00120307
0.0219771
0.288494
7.46388e-05
0.361417
7.50974e-07
3.5988e-05
0.0201181
0.00956725
0.128755
0.00968055
0.00749913
0.0411262
0.548614
0.610769
0.147938
0.0143644
0.000657391
0.199479
0.669264
0.020015
0.358163
0.00366045
0.292649
0.00261807
0.0835028
0.000523221
0.173924
0.0691092
0.193089
0.00147791
0.0840012
0.32753
0.0107434
0.000364885
1.19556e-05
0.00832715
0.0881685
0.000383986
0.334471
0.181649
0.015999
0.00265562
0.119393
0.369145
0.251465
0.217156
0.0298145
0.0288781
0.00012995
3.7121e-05
0.00046812
0.37654
0.615616
0.439879
0.000770637
0.177984
0.0997609
0.000816383
0.000885579
0.00910884
0.0835714
0.0246525
0.0138313
0.403691
0.0106904
0.000664783
0.713531
0.00224123
0.49337
0.00126018
0.0222779
0.0123919
0.0345766
0.0176771
0.353127
0.330162
0.359987
0.000927438
0.263854
0.0974225
0.00470738
0.000147053
0.682088
0.0152765
0.133327
0.379651
0.455312
0.143501
0.000544028
0.0307988
0.34154
0.145999
0.130851
0.0281932
0.18474
0.246921
0.669396
0.00875781
0.159306
0.000384848
0.18116
0.0623491
0.338454
0.00426273
0.0913804
0.000461709
0.0680345
3.31156e-05
0.322698
0.589227
0.0593506
0.0247791
0.00446965
0.246701
0.248881
0.000121799
0.771117
0.6826
0.00139802
0.360921
0.404432
0.0352224
0.175931
0.537616
0.45508
0.209571
1.08148e-05
0.33431
0.611821
0.0392527
0.291193
0.000657834
0.391566
0.028684
0.649027
0.0456845
0.0022979
0.0552254
0.00165997
0.000127406
0.493524
0.077574
0.0482947
0.00391928
0.0866695
0.000325713
0.0758875
0.00021321
0.00112059
0.0116909
0.190123
0.291617
0.00225298
0.361618
1.86821e-07
0.173449
0.000771695
0.000579262
0.00665107
0.00926201
0.429194
0.0239777
0.440481
0.294688
0.0575604
0.014834
0.00024028
3.47455e-05
0.0722385
0.0294996
0.38495
0.00418077
0.442569
0.463057
0.103325
0.0256517
0.0425566
0.00153203
0.0683619
0.506542
0.594118
0.275652
0.351151
0.00170061
0.238167
0.0879019
0.0399349
0.010843
0.000531669
0.373013
0.00100366
0.510414
2.37378e-05
0.00165744
0.300785
0.00151037
0.13265
0.0232685
0.0336331
0.0014752
0.03822
0.000883708
0.00753105
0.0339521
0.158896
0.522265
0.446463
0.0100051
0.00203341
0.0272835
0.000460135
0.369677
0.155606
0.014269
0.0756293
0.653222
0.247942
0.0192265
0.017467
0.00533758
0.580745
0.22198
0.00544013
4.22832e-06
0.469245
0.000422083
0.000835893
0.00658771
0.438962
0.00330172
0.0451734
0.354784
0.176477
0.754134
3.16727e-05
0.000307402
0.0072689
0.791611
0.0717859
0.222183
0.212468
0.62255
0.0149282
0.281396
0.200734
8.08093e-06
0.000266286
0.0784881
3.75804e-05
0.280939
0.271125
0.146131
0.0495772
0.0045376
0.528272
0.0317402
0.426107
0.0481053
0.00289791
0.334834
0.00101229
0.0536208
0.3296
0.136002
0.485396
0.398639
0.264626
0.00077265
0.00283968
0.000326445
0.261324
0.148246
0.000565028
0.437127
0.655155
0.142482
0.306357
0.00313017
0.00697792
0.297984
0.00143293
0.101939
0.119484
0.340101
1.29284e-05
0.000123736
0.0106192
7.13096e-05
0.000356757
0.166094
0.510805
0.26403
0.00365114
0.12197
0.000106764
0.0302609
0.147775
0.00216644
0.0384232
0.00899725
0.644828
0.0493838
0.0194198
0.000599394
2.75297e-05
0.000413569
0.331606
0.124684
0.485093
0.00177148
0.0348303
0.60324
0.0361033
0.000496671
0.0293371
0.565313
1.39592e-05
0.11644
0.000691882
0.177179
0.000784081
0.00116445
0.0192908
0.204984
0.371622
0.00186535
0.0741085
0.410952
0.0190985
0.011739
0.267248
0.209813
0.420068
0.791087
0.0491157
0.00225603
0.0931642
0.155869
0.422784
0.00816469
0.139897
0.198812
0.299481
0.377774
0.17359
0.128845
0.0601651
0.00509847
0.000756935
0.084995
0.0666594
0.130817
0.0279759
9.0178e-05
0.000758994
0.29756
0.175049
0.486816
0.136286
0.00798407
0.0546019
0.471278
0.0192977
0.018642
0.0186698
0.097334
2.44234e-05
0.0272344
0.214078
0.118388
0.132881
0.330858
0.00638097
0.00488162
0.00230031
0.031516
0.00121589
0.481218
0.365137
1.23983e-05
0.0611301
0.00483504
0.010894
0.291421
0.173251
0.0817649
0.519457
0.259284
0.375157
0.013108
0.205448
0.000477625
0.0291052
0.461361
0.000369882
0.358966
0.000523353
0.0800196
0.588896
0.112537
1.23099e-05
0.215154
0.0837473
0.0243591
5.37644e-06
0.133368
0.398552
0.170325
0.192041
0.0314211
0.311731
0.134628
0.00777536
0.0096658
0.0185667
0.0132214
0.000644416
0.443203
0.000247394
0.300703
5.30646e-06
0.0717287
0.00505416
0.102673
0.0361141
0.10191
0.110472
0.362949
0.000204531
3.40968e-05
0.116578
0.168768
0.00477591
0.0394605
0.015609
0.00283872
0.221144
3.7413e-05
0.396989
0.544955
0.0648532
0.0709376
0.171205
0.642791
1.54462e-06
0.00016795
0.026608
0.0335402
0.00479548
0.0115442
0.0313683
0.0142654
0.130166
0.20733
0.404733
1.25018e-05
0.000116448
0.585292
0.0249519
0.0867764
0.304304
0.0105896
0.0223065
0.0643838
0.100398
0.0772301
0.277152
0.0240986
0.226004
0.381925
0.0940449
0.0691791
0.000533126
0.0170419
0.000504603
0.0127271
0.0519716
0.684958
0.725742
0.457006
0.109662
0.459204
0.0616297
0.0475092
0.217066
0.167575
0.00399158
0.686319
0.120719
0.0044904
0.0631166
0.0325366
0.0826183
0.0182713
0.0339037
0.109861
0.570085
0.000765445
0.000124795
0.0187039
0.0140644
0.164548
0.638858
0.429246
0.00344057
0.0419252
0.236298
0.499547
0.000120512
0.51411
0.159125
0.100957
0.00170519
0.0229657
0.00331066
0.299325
7.61068e-05
0.00234984
2.04074e-05
0.361234
0.0317927
0.578218
2.04663e-05
0.000280493
0.00984178
0.00854538
0.0139649
0.0276707
0.142386
0.0142317
0.00343463
0.00720469
0.00672872
0.412565
0.00721049
0.224071
0.0143236
0.0689591
0.0987597
0.62522
0.131365
0.00118363
0.00833423
0.00466831
0.000754413
0.52353
0.000589813
7.60568e-05
0.0221692
0.0827071
0.330099
0.01189
0.0279184
0.0111514
0.00631484
0.0137707
0.0391067
0.329493
0.18241
0.302134
0.0107863
0.100435
0.0265183
0.445784
0.000321889
0.179831
0.482538
0.00665533
0.443147
0.01352
0.000897889
0.171566
0.000365337
0.0150532
0.40761
0.28798
0.215923
0.0324505
0.0195503
0.311176
0.000843211
0.0371679
0.110968
0.244211
0.00160168
0.00267465
0.0794161
1.17788e-06
0.0192281
0.37144
0.178894
0.45156
0.170104
0.015022
0.0257315
0.095125
0.0222762
0.0289697
0.0159058
0.0137078
0.135676
0.355087
0.616784
0.297875
0.0417139
0.000118597
0.0146042
0.00102859
0.424939
0.00386798
0.285912
0.413052
0.645034
0.378596
0.198227
0.167309
0.0240093
0.441632
0.6695
0.320624
0.307099
0.0130667
0.118503
0.0677054
0.193103
0.533622
0.646734
0.00421165
0.0282198
0.302593
0.164259
0.158726
0.00257619
0.0443215
0.241551
0.00558554
0.0398697
0.0612169
0.325755
0.00126715
0.00679668
0.000583624
1.43334e-05
0.000608837
0.550843
0.00974487
0.187927
0.0430021
0.171521
0.00113753
0.228484
0.00325529
0.575188
0.41864
0.0909071
0.000253065
0.397829
0.555547
0.115961
0.000107401
0.00111706
0.484904
0.0583519
0.0110056
0.00261245
0.656115
0.182087
0.315832
0.191972
0.333195
0.249171
0.0017436
0.310284
0.635355
0.00592551
0.465566
0.000243966
0.139817
0.0132519
0.015406
0.00163274
0.738684
0.120188
0.00435658
0.374074
0.0869022
0.244406
0.521406
0.000288681
0.0747342
0.242264
0.0839686
0.646375
0.484177
0.000401242
0.00480889
0.263686
0.0244431
0.00641315
0.00330966
0.000169694
0.228454
0.00624655
0.46553
8.68397e-07
0.283126
0.41805
0.0454938
0.0502255
0.0329212
0.277366
0.237686
0.0534416
0.433907
0.165992
0.285257
2.74994e-05
0.042336
0.0517893
0.411804
0.609769
0.693878
0.0878693
0.00712782
0.369487
0.28045
2.52236e-05
0.00584113
0.0023069
0.0236733
0.419642
0.00829087
0.307706
0.0597275
0.000972415
0.404098
0.0793835
0.559339
0.389552
0.0364577
0.000452918
0.0343115
0.119918
0.000754798
0.0325294
0.126613
0.00012115
0.0135609
0.216553
0.303129
0.0221178
0.332627
0.179642
0.314995
0.247012
0.0478553
0.0427471
0.433451
0.000195068
7.16856e-05
0.479525
0.000101121
3.29414e-05
0.086358
0.00846417
0.0643553
0.274356
0.114723
0.611619
0.0156205
0.250844
0.456386
7.22866e-05
0.16591
0.154898
0.145219
0.0496577
0.00111524
0.625046
0.117456
0.171474
0.262528
0.00448509
0.000165286
0.289547
0.270543
0.00249669
0.414984
0.022612
0.0442242
0.211496
0.826419
0.00538957
0.120382
4.04147e-06
0.106007
0.00183226
0.0271951
0.204921
0.0357571
0.184167
0.33309
0.0440216
0.00100567
0.00080975
0.00429835
0.00233321
0.0413927
0.0148997
0.0145141
0.00550525
0.00165336
0.00241801
0.362159
0.000211355
0.00508045
0.470382
0.18556
0.222436
0.301204
0.0276377
0.184934
0.193585
0.138148
0.0320503
0.380859
0.240238
0.0141532
0.0285658
0.00105978
0.0274784
0.477601
0.026438
0.51088
0.274317
0.00700104
0.096296
0.00104134
0.157795
0.416527
0.394007
0.022027
0.00264561
0.6757
0.0287849
0.428602
0.258486
0.00183561
0.245471
0.00635697
0.238095
0.0357386
0.103491
0.0222256
0.0186537
0.00547913
0.696221
0.0385377
0.242734
0.191532
0.000825665
0.320433
0.00770494
0.00881471
1.04506e-05
0.167476
0.00559259
0.0378164
0.00568757
0.0134229
0.18768
0.000288139
0.0573867
0.00109463
0.558069
0.0217193
0.0902849
0.000712196
0.061124
0.0208926
0.28724
0.0208076
0.0509683
0.487598
0.0682563
0.184388
0.0585787
0.391499
0.398966
0.233741
0.000156152
0.00407996
0.000807896
0.123709
0.00393901
0.0850355
0.162118
0.0023033
0.594126
0.395528
0.285418
0.385789
0.000923806
0.270641
0.117611
0.000722897
0.0385921
0.0514752
0.139433
0.279846
0.117749
0.0181337
0.0037136
0.022411
0.496111
0.14665
0.238935
0.197976
4.2507e-07
0.538835
0.00326724
0.00222654
0.0275309
0.166397
0.649339
0.409221
0.00740693
0.0448625
0.000101163
0.00502574
0.0714896
0.00121435
0.0393559
0.0373547
0.306203
1.42769e-05
0.740022
0.453551
0.574076
0.257227
0.044744
0.0418136
0.000189956
0.0189581
0.00261465
0.00156871
0.437113
0.0097433
0.0765112
0.0180977
0.0667989
0.0198491
0.470408
0.00490312
0.200166
0.163258
0.039045
0.00626614
0.216024
0.0134602
0.13705
0.246948
0.0015532
0.209887
0.000343015
0.00743348
0.314516
0.0351357
0.0395778
0.147207
0.497035
0.00808856
0.452401
0.000390095
0.0274357
0.4074
0.0390344
0.0085326
0.30168
0.000107798
0.00786987
0.585788
0.169284
0.349681
0.00669119
6.86744e-05
0.0737625
0.00136075
0.25574
0.0527279
0.221949
0.00331426
0.0280558
0.256311
0.4969
0.0577688
0.0325204
0.184335
0.036339
0.052945
0.0122436
0.0177867
0.0351093
0.00199643
0.12805
0.156828
0.00562798
0.000296656
0.013778
0.0165024
0.195638
0.155428
0.327046
0.0460661
0.437162
0.10152
0.178198
0.444075
0.00289495
0.523169
0.156003
0.450841
0.570447
0.107718
0.0211444
0.64333
0.530073
0.0103132
0.107794
0.0747803
0.06818
0.000828757
0.315911
0.0155442
0.349375
0.198245
0.0382582
0.031414
0.0515657
0.367652
0.281882
0.00839417
0.231326
0.000230007
0.0370091
0.0494542
0.0163486
0.0908699
0.559742
0.0404497
0.317027
0.301552
0.0896569
0.0326995
0.00921968
0.573139
0.318358
0.381986
0.0537223
7.48135e-05
0.0983277
0.00305904
0.0508698
0.0301863
0.00323873
0.599219
0.25415
0.157987
0.0763671
0.00207243
0.673238
0.406887
0.0192056
0.389289
0.154541
0.00173362
0.100204
0.168665
0.014227
0.0367246
0.00250701
0.16309
0.219298
0.254221
0.0437083
0.402784
0.0349565
0.132915
0.00268214
0.236859
0.0358386
0.00524102
0.00204556
0.00348623
0.59706
1.5968e-07
0.146765
0.00755837
0.0338625
0.318667
4.88134e-06
0.216977
0.0145599
0.0670837
0.0399983
0.450658
0.00492438
0.0337153
0.465425
0.0880009
0.00118082
0.459413
0.176285
0.0217814
0.112123
0.45205
8.80546e-05
0.0101006
0.593144
0.145648
0.0889927
0.00292157
0.00011884
0.000301668
0.00390423
0.309134
0.502094
0.00166546
0.184198
0.0252973
0.375799
0.23135
0.0862476
0.307565
0.224197
0.353618
0.0137611
0.0181151
0.00650366
0.0029167
0.00124863
0.235734
0.00157686
0.128086
0.0484483
0.0264913
0.319652
0.0723658
0.000895406
0.264686
6.97863e-05
0.0127959
0.038552
0.236847
0.0245536
0.313148
0.00106103
0.00134281
0.440414
0.287791
0.0374197
0.000740281
0.00388564
0.0375965
7.68286e-05
0.0624981
0.622501
0.181973
0.26908
0.504256
0.000901643
0.0172916
0.0380466
0.0134849
0.000536427
0.361427
0.105481
0.00597635
0.320668
0.230264
0.000232793
0.489736
0.481566
0.0762425
0.517923
0.44221
0.468697
0.000102927
0.0423162
0.00229736
0.00333902
0.0296507
0.357253
0.00557325
0.198697
0.160981
0.000129234
0.00186404
0.00587093
0.00344095
0.0210464
0.555557
0.316167
0.00997441
0.446386
0.00134941
0.00161643
0.00384448
0.0311995
0.377475
0.523348
0.397306
0.354044
0.311136
0.306557
0.038932
0.001891
0.34183
0.0136649
0.00359295
0.127219
0.0201779
0.0140471
0.000150724
0.131534
0.342822
6.56966e-05
0.310486
0.00618204
0.00461928
0.264749
0.30102
0.308879
0.31518
0.0877686
0.433475
0.586603
0.000887558
0.020412
0.466453
0.392116
0.082032
0.061287
0.0632869
0.00276971
0.0418694
0.000466603
0.016842
0.42299
0.339787
7.19899e-05
0.147348
0.37487
0.0126641
5.07947e-05
0.104376
0.296857
0.0298149
0.628015
0.500293
4.29533e-05
0.359907
0.350122
0.00324
0.000588687
0.00323491
0.00912628
0.614493
0.382032
0.0251121
1.48936e-05
0.000156018
0.00337719
0.466264
0.560783
0.458247
0.0923888
0.0158876
3.17282e-05
0.0326595
0.0544018
0.00609179
0.466319
0.68224
2.59441e-05
0.502434
0.190394
0.00289846
0.248851
0.29783
0.0653384
0.0152789
0.0297625
0.278537
3.88141e-06
0.692336
0.0218223
0.532718
0.000122059
0.0240203
0.00180634
9.88713e-06
0.000504455
0.450483
0.00102685
0.312633
0.185176
0.00617973
0.420038
0.000720417
0.0967899
9.40415e-06
0.0948173
0.624988
0.226384
0.119013
0.777636
0.0600831
0.035881
0.0030429
0.100908
0.0323874
0.131265
0.025449
3.74083e-05
0.00178655
0.00452509
0.0225949
0.475598
0.573304
0.393287
0.408292
0.432718
0.00227564
0.00297453
0.314618
3.1741e-05
0.624696
0.00204286
0.0129387
0.0841185
0.116876
0.176298
0.481112
0.000349492
0.00241249
0.0439273
0.00112901
0.000136135
0.297347
0.406876
0.57247
0.00838166
0.240503
0.640859
0.389453
0.0229533
0.0042006
0.0798659
0.0160169
6.02393e-05
0.0109608
3.57006e-06
0.00175907
0.0215697
0.000779593
0.110833
0.0218756
0.104135
0.638319
0.0297198
0.415442
0.164466
0.0171012
0.0804659
0.0285096
0.000272268
0.127556
0.0940236
0.487544
0.0354731
0.48066
0.469955
0.25507
0.801823
0.44322
0.590997
0.0102547
0.00984519
0.417992
0.0436437
0.00173274
0.554399
0.151848
0.376483
0.486109
0.00781706
0.00762989
0.251503
0.256341
0.521618
0.00375242
0.814032
0.0874254
0.413492
0.309208
0.107962
0.0606142
0.401567
0.0846795
0.0083822
0.000338091
0.00594337
0.000599566
0.028676
0.0210677
0.113602
0.442113
0.296944
0.000766917
0.101452
0.030437
0.333152
0.000514474
0.189009
0.00603906
0.205703
0.0219778
0.472848
0.0193925
0.0638833
0.0095025
0.176126
0.00765472
0.219962
0.186819
0.00111353
0.0100889
0.47959
0.403234
0.000575864
0.406137
0.0524772
0.234347
0.000544324
0.0192773
0.473518
0.111925
0.234832
0.0133734
0.0478149
0.000406926
0.333007
0.00866677
0.304107
0.621444
0.306143
0.000120588
0.336841
0.059815
0.156972
0.042687
0.509793
0.424728
0.227958
0.00668236
0.0689607
0.251417
0.469821
0.0882378
0.00273816
0.438362
0.3286
4.67064e-05
0.036892
0.0411193
0.0129507
0.625646
0.332257
0.292674
0.0792926
0.360315
0.484536
0.534914
0.0262674
2.36775e-05
0.143842
0.00288751
0.00430625
0.32212
0.00144091
0.4634
0.0242613
4.53654e-05
0.3936
0.0138148
0.00229731
4.92754e-08
0.0109624
0.000335494
0.00341728
0.0048473
0.00111805
0.0801757
0.215207
0.0649726
0.00149307
0.10207
0.00257879
0.0011106
0.312249
0.0602671
0.0414036
0.437507
0.325744
3.5266e-05
0.000105869
0.213082
0.0015291
1.76289e-06
0.0269775
0.345624
0.00343637
0.742088
0.212592
0.392994
0.487814
9.71975e-05
0.575216
4.57297e-05
0.143823
0.35434
0.232914
0.0518245
0.000346941
0.00242295
0.272121
0.303831
0.00145518
0.0276348
0.0242141
0.297465
0.0144236
0.000823947
0.00119922
0.00733552
0.0839178
0.00686544
0.198837
0.0115089
0.0789827
0.0047281
0.0492126
0.317709
0.00305727
0.00426333
0.140135
0.00616593
1.95343e-06
0.141181
0.0161775
0.00283295
0.0608456
0.000987741
0.036777
0.486723
0.123082
6.0405e-05
0.0111671
0.000405661
0.379542
0.149805
0.227754
0.156678
0.08409
0.516367
0.114366
0.133434
0.0614396
0.001687
8.67129e-05
0.541387
0.00727223
0.0721398
0.000988898
0.0167873
0.0299964
0.300882
0.00891997
0.269396
0.00982578
0.000519398
0.0205222
0.0229434
0.00382762
0.0151075
0.564399
0.0663949
0.148686
0.200395
0.498452
5.62235e-06
0.319892
0.0228224
0.616088
0.00104146
0.290418
0.133939
0.334604
0.0074299
0.0200997
0.00492414
0.0367279
0.147369
0.0032866
0.000212643
0.00123031
0.0505759
0.54315
0.0855995
0.534225
0.240941
0.0394323
0.211128
0.00901215
0.00318944
0.637761
0.00184576
0.0268088
3.59459e-05
0.0024358
0.410883
0.622608
0.000181588
7.24161e-05
0.120242
0.449087
0.419547
0.323468
1.63701e-05
0.0353272
0.0002584
0.0182231
0.00964735
0.220458
0.236119
0.00877594
0.00483788
0.00816621
0.013726
0.089567
0.0652542
0.309964
5.92733e-07
0.00602463
0.0191849
0.00169497
0.00101516
0.360831
0.191132
0.0131939
0.466204
8.24619e-05
1.01513e-05
0.0509829
0.00469696
0.0128019
0.276737
0.0116642
0.178313
0.00230889
0.00285255
0.0204524
0.0582367
2.21963e-05
0.314383
0.144586
0.69407
0.231238
0.0176273
0.000825936
0.289227
0.0162342
0.00243704
0.302345
0.360096
0.0221432
0.497676
0.592239
0.0852848
0.324611
0.108938
0.0084416
0.214638
1.17594e-06
0.0116588
0.12776
0.473085
0.509697
0.00192534
0.391009
0.0129204
7.69851e-05
0.0166152
0.230731
0.00287126
0.0139046
0.584418
0.00204098
0.31396
4.42289e-06
0.000780613
0.502661
0.485753
0.269458
0.253048
0.456496
0.0422513
0.0443015
0.0704192
0.0889818
0.0289845
0.31355
0.0048935
0.00956128
0.291002
0.000105793
0.0394364
0.237353
0.0504279
0.0400311
0.220231
0.0201531
0.362686
0.00678424
0.000973643
5.19726e-05
0.0559526
0.0199006
0.270312
3.57006e-05
0.0116836
0.00743919
0.0352293
0.11804
0.673149
0.0217604
0.000345712
0.000678311
0.0303453
0.18385
0.479764
0.0114403
0.0157701
0.0579348
0.11382
0.301304
0.00198078
0.415862
0.294807
0.000202404
0.390988
0.202764
0.00053572
0.0143118
0.0186353
0.239966
0.292592
0.174392
0.0302426
0.600874
3.18407e-06
0.586564
0.0103419
0.0348763
0.00079765
0.0553489
0.00378944
0.00321814
0.0484737
0.371543
0.00196875
0.000339021
0.0128065
0.00235144
0.00532715
0.0638658
0.0651259
0.0688901
0.000633879
0.0287942
0.0648264
0.010757
0.00754913
0.000227893
0.279812
0.0147367
0.536021
0.0122633
1.90719e-05
0.396082
0.00372297
0.360593
0.416832
0.476601
0.237244
0.0121043
0.169503
0.290554
0.0057919
0.091725
0.246069
0.00098789
0.0221649
0.151407
0.000608338
0.0440144
0.119086
2.5178e-07
2.23608e-05
0.0292302
0.497928
0.12253
0.129277
0.126198
0.00208119
0.0159132
0.0128634
0.244866
0.0115498
0.364447
0.594559
0.478721
6.65236e-05
9.63986e-05
0.350698
0.163762
0.383295
0.0434202
0.261756
0.462429
0.378583
0.0923647
0.0461762
0.000199284
0.000547908
0.583795
0.000180466
0.440685
0.0704806
0.00164448
0.000527072
0.00938561
0.00694768
0.0648556
0.267404
0.00214138
0.00404771
0.349483
0.285829
0.43782
0.541796
0.00879117
0.0103981
0.0791701
0.253144
0.0107643
0.0819568
0.392931
0.000269094
0.259567
0.0222954
0.019236
0.00598983
0.0387732
0.0411571
0.000141443
0.305153
0.0024702
0.40178
0.448364
0.361287
0.0193708
0.427438
0.0681748
0.289633
0.0232244
0.459201
0.00197208
0.142056
2.45925e-05
0.0390169
0.121669
2.45605e-05
0.302472
0.0188005
0.000170943
0.183255
0.00109149
0.0778429
0.425348
0.018667
6.31969e-05
0.195799
0.0114085
0.0019469
0.00209358
0.0210318
0.0132424
0.48404
0.0118682
0.0579694
0.0387843
0.256777
0.0134516
0.142926
0.0303675
0.443947
0.265538
0.0499243
0.330061
2.17417e-07
0.100382
0.00886778
0.00776134
6.50372e-05
0.18696
0.287959
0.00268859
0.00592796
0.000549039
0.0492139
0.31716
0.00405752
0.275862
0.234075
0.154096
0.0867366
0.0367283
0.199882
0.0641318
0.0410916
0.157996
0.540786
0.168099
0.0318563
0.0256393
0.0334573
0.0141895
0.132706
0.138254
0.115649
0.0391198
0.0977277
0.195763
0.0136345
0.510343
0.0160006
6.12673e-10
0.312338
0.0535088
0.3122
0.0537531
0.0147711
0.0420809
0.259324
0.125183
0.18996
0.210963
0.401276
0.398902
0.213281
0.00405432
0.00240701
0.00642956
0.142198
0.126893
0.416554
0.414367
0.00122316
0.731961
0.000276614
0.00359893
0.261566
0.0487448
0.132178
7.46836e-05
0.296536
0.142009
0.00562082
0.00607448
3.96448e-06
0.211795
0.0734338
0.250768
0.0100738
0.186429
0.0432186
1.65118e-05
0.0450398
0.283078
0.173733
0.205079
0.0646964
0.00201491
0.0945202
0.000169479
0.347703
0.130706
0.000247236
0.164652
0.0150301
0.0628817
0.820332
0.000519438
0.407058
0.18163
0.226464
0.287283
3.4727e-05
0.271525
0.00630954
0.00299072
0.00345104
0.00850202
0.0824946
0.171407
0.0262536
0.00019792
0.00447912
0.00691825
0.220485
0.00589418
0.00314651
0.0199319
0.303611
5.12625e-05
0.338555
0.00714734
0.00496734
0.000104473
0.163111
0.409051
0.505991
0.566986
3.31948e-05
0.000408119
6.45901e-05
0.172668
0.00446303
0.0985854
0.230188
0.00678636
0.122484
0.389233
1.00195e-05
0.755432
0.229895
0.0916067
0.0162863
0.00123683
0.0723992
0.374271
0.148172
0.143645
0.0157973
0.000749318
0.172051
0.162947
0.103166
0.0239265
0.170702
0.257407
0.0238011
0.24837
0.304748
0.0118992
0.414695
0.400021
0.312424
0.0291475
0.0116698
0.496624
0.246337
0.000179456
0.0156123
0.0324783
0.162011
0.218151
1.85196e-05
0.00651201
0.106727
0.0442597
0.0109967
0.0399801
0.589205
0.593532
0.000685031
0.000281091
0.0103065
0.0117692
0.00188854
0.0467428
0.00189369
0.00166276
0.0411291
0.100768
0.0553505
0.0987252
0.0105064
0.0080542
0.00730431
0.000548373
0.338009
0.332126
0.163297
0.0599594
0.111606
0.175329
0.0647365
0.532717
0.0672618
0.0509413
0.000131245
0.366892
0.000185496
0.0829466
0.0811197
0.000197705
0.21469
0.45471
0.121538
0.00053679
0.0113936
0.124206
0.730332
4.92818e-05
0.0268929
0.00194859
0.000249814
0.0904825
0.00809048
0.00670972
0.053595
0.0194037
0.318762
0.187145
0.125741
0.00812246
0.0631051
0.0838982
0.148325
0.00421062
0.0229548
0.360991
0.000913877
0.0082485
0.0610124
0.0001992
0.477981
2.74525e-05
0.531235
0.0374819
0.170819
0.0922625
0.483563
0.254164
0.288576
0.0144696
0.000458301
0.0592899
0.276453
0.00556735
0.0587875
0.230306
0.374429
0.308365
0.0438412
0.193035
2.44946e-05
0.00609326
0.0793236
0.0178232
0.175204
6.3185e-05
0.310255
0.000762441
0.00362754
0.00412706
0.00423924
6.32938e-06
0.430467
0.404771
0.00319863
4.0033e-05
0.0888061
0.540225
0.366245
0.0576215
0.514564
0.295531
0.181256
0.124637
0.0232375
0.537884
0.00117706
0.0217881
0.366938
0.0223357
0.00827645
0.099667
0.0108269
0.0885549
0.00281317
0.345213
0.555022
0.0175078
0.0130826
0.607351
0.101045
0.205895
0.0177398
0.00362455
0.00350704
0.609794
0.00224039
0.0103149
0.211637
0.0833931
0.0576465
0.225979
0.00455223
0.798495
0.5339
0.0022551
3.53557e-05
0.0201637
0.000680995
0.17711
0.091874
0.419667
0.0665675
0.298962
0.0086625
7.47906e-05
0.0209608
0.190508
4.35247e-06
1.5131e-06
0.491336
0.0021465
0.241247
0.065834
0.470133
0.00774627
0.19338
0.262039
0.0189424
0.00990163
0.30464
0.302163
0.261629
0.0044402
0.359685
0.000829403
0.0644775
0.226335
0.0555313
0.590858
0.0188285
0.287897
0.00176504
0.00250264
0.0032682
0.658969
0.000319333
0.495657
0.129296
4.51764e-07
0.0403507
0.740736
0.497007
1.24655e-05
0.265487
2.90987e-05
0.410674
0.0744135
0.391362
0.542517
0.247812
0.191463
0.000342145
0.118276
0.0195966
0.256324
0.0116821
0.00560218
0.150069
0.0322265
0.672508
0.354091
8.81794e-05
6.41524e-05
0.182055
0.265867
0.0325727
0.00174966
0.359354
0.0119246
0.00422975
0.283167
0.000295178
0.272167
0.700396
0.314804
0.00186892
0.00587411
0.0214038
0.430278
0.0954307
0.365245
0.0928774
0.0407885
0.504748
0.364948
0.000179263
0.0754199
5.58475e-05
0.000195346
0.442769
0.086661
0.178982
0.0389778
0.333935
0.469016
0.196417
0.0454531
0.000197394
4.18736e-07
0.0394622
0.164195
6.12932e-07
0.340467
0.00213154
0.192253
0.379678
0.00304123
0.289308
0.00636843
0.017427
0.114987
0.375481
0.0472584
0.163348
0.0385406
0.30635
0.0328951
0.416078
0.000286222
0.18766
0.000978207
0.118642
5.43466e-05
0.0268809
7.1772e-06
0.301142
0.00211125
0.536914
0.530756
0.00238591
0.016715
0.0787225
0.0731957
0.000306713
0.104498
0.537303
0.027904
0.0132388
0.0126552
0.183651
0.0490216
0.000139049
0.323216
0.0818251
0.00137609
0.0125854
0.100299
0.0245087
0.32857
0.00405105
0.0134018
0.00421842
0.000925978
0.515218
0.313108
0.0118719
0.0208702
0.376645
0.000133304
0.0416409
0.100551
0.00426088
0.331248
0.348868
0.611706
0.348296
0.020871
0.31374
0.285303
0.00282237
0.013276
0.000480309
0.00906735
0.301407
0.0143655
0.333038
0.000191742
0.282728
0.0165849
0.0263795
0.467184
0.22005
0.223602
0.208965
0.0012395
1.98684e-06
0.205341
0.000231806
0.0173398
0.000866151
0.480585
0.1735
0.630765
0.327983
0.455854
0.178142
0.511385
0.428238
0.0100074
0.00527423
0.0298976
0.0649954
0.10902
0.234907
0.477965
0.000427359
0.00223595
0.0573413
0.00566017
0.00200065
0.293906
0.0479626
0.00683474
0.00607111
0.000438988
0.0794803
0.843607
0.29429
0.27009
0.438146
0.0927539
0.290942
0.000637765
0.00453033
0.138119
0.104446
0.00558836
0.0088957
0.37105
0.00599166
0.268615
0.38224
0.12341
0.000702172
0.123616
0.154984
0.464684
0.462436
0.00164316
0.0042672
0.17932
0.37258
0.00109778
0.328842
0.0722832
0.000664013
0.162555
0.00916917
0.00337783
0.0442042
0.000594866
0.00189691
0.363075
0.0309243
0.0158507
0.0484357
0.109067
0.012812
0.00579296
0.0483995
0.19654
0.00796327
0.00097302
6.57463e-05
0.277022
0.178182
0.0472705
0.00181556
0.0036454
0.26614
0.557486
0.306839
0.240441
0.0211419
0.0125775
0.0988158
0.0102057
0.100582
0.0170859
0.00809543
0.616513
0.0117892
0.00118162
8.05056e-05
0.0747358
0.41974
0.000161537
0.0145952
0.444592
0.33404
0.180581
0.00164405
0.013806
0.263575
4.9266e-05
0.00117487
0.633288
0.555431
0.00833637
0.297036
0.159723
0.0153015
0.258372
0.00479683
0.000220992
0.0671875
1.01096e-05
0.0121329
0.0748095
0.000126201
0.424652
0.0309794
0.452684
0.256782
0.00269076
0.298055
0.00692991
0.0191776
0.48291
0.265263
0.0695717
0.299675
0.00597462
0.0804944
0.00103556
0.0377141
0.000967085
0.0202454
0.0279274
0.109964
0.693371
0.000627746
0.036068
0.0183968
0.0057559
0.162315
0.00833375
0.177437
0.136434
0.00131199
0.242359
0.0170104
0.189693
0.000268888
0.370727
0.0371281
0.00395286
0.0073579
0.164519
0.00980632
0.145593
0.336467
0.000145104
0.0353762
0.136293
0.254704
0.062861
9.9439e-05
0.00979786
0.336394
0.00312088
0.00011129
0.0093028
0.0554741
0.00410859
0.296125
0.0112816
0.0107153
0.0630456
0.328865
0.356558
0.0849623
0.0195067
0.531017
0.159456
0.080652
0.0311185
0.0284934
0.0617711
0.0616615
0.00353749
1.55183e-05
0.0588403
0.148723
0.00732574
0.4835
0.134573
0.000829705
0.244268
0.0426682
0.0835122
0.0631995
0.215085
0.0257101
0.12729
0.0361013
0.236773
0.350017
0.0785704
0.225162
0.0177145
0.0219033
0.00280555
0.678638
0.0132903
0.185568
0.00816981
0.287276
0.000169396
0.566415
6.21754e-06
0.00198809
0.125061
0.158598
0.133347
0.00135798
0.310153
0.0361074
0.00687782
0.389503
0.00101347
0.443188
2.02675e-06
0.681987
0.0224456
0.295589
0.000238565
0.30476
0.00145229
0.000119962
0.00526253
0.0909061
0.300239
0.448727
0.195887
0.155814
0.641989
0.300769
2.98617e-05
0.343311
0.0647408
0.0188069
0.155916
0.129151
0.0119171
0.411578
0.000156234
0.281604
0.0167758
0.019828
0.000120434
0.165837
0.335676
0.016843
0.54354
0.0181464
0.312075
0.031555
0.557155
0.647416
0.029389
0.00138917
0.137968
0.00798778
0.31716
0.00897781
0.000535977
0.478144
0.0534904
0.470928
0.0223336
0.000330866
0.291919
0.00676258
3.80912e-06
0.0131632
0.189011
0.00103637
2.37874e-05
0.275635
0.512182
0.0291781
0.000169628
0.0673955
0.109427
0.00025914
0.00026969
0.0840309
0.223248
0.0289325
0.297872
0.000780152
0.104907
0.0859769
0.000178342
0.0689256
0.117505
0.00454059
0.00761832
8.96065e-05
0.00296194
2.17337e-05
0.390805
0.263064
0.500626
0.229797
0.0577339
0.00620085
0.0301604
6.32598e-05
0.00309525
0.615142
0.0790057
0.22937
0.304618
0.17602
0.390867
0.237721
0.000164748
0.289109
0.360249
1.52092e-05
5.95098e-06
0.264558
0.250246
0.645502
0.419465
1.03024e-05
0.00662454
0.459646
0.527482
0.00972235
0.425426
0.235208
0.122381
0.177066
0.000231264
0.00195126
0.00423127
0.0011687
0.492596
0.369742
0.222224
0.266309
0.621171
0.00960765
0.00302966
0.620801
0.333733
0.2229
6.02295e-05
0.634458
0.020298
0.0245854
0.385118
0.000358148
0.052311
0.0490338
0.427494
0.4957
0.731034
0.2865
0.523128
0.550164
0.440423
0.0115679
0.378192
0.00236734
0.277187
0.303944
0.0851955
0.221877
0.00359143
0.0126191
0.00489509
0.00362646
0.260505
0.000512881
0.401918
0.0294941
0.338295
0.00883909
0.00478487
0.0408027
0.569738
4.10911e-06
0.0983248
0.502296
0.000474682
0.241892
0.000136821
0.000122629
0.0953296
0.00199579
0.0161217
0.045032
0.730196
0.481452
0.0013101
0.000158904
3.44541e-06
0.275926
0.00243771
0.177453
0.0221633
0.554768
0.00735435
0.132699
1.34193e-06
7.65183e-05
0.0708458
0.00867402
0.0109668
0.432088
0.00019084
0.00578561
0.317548
0.138331
0.203304
0.481246
0.412058
0.607305
0.696619
0.00816943
0.0423987
0.40025
0.144082
0.0568282
0.00147411
0.000356378
0.0970592
0.00758647
0.136975
0.0461462
0.296697
0.117835
0.000204414
0.0317697
0.0718787
0.285086
8.22883e-06
0.0245244
6.92375e-06
0.00456936
0.475418
0.577272
0.175122
0.218051
0.00958477
0.308558
1.04701e-05
0.397055
0.0248903
0.0148656
0.202945
0.0524694
0.0135702
0.425006
7.59806e-05
0.00099197
0.100149
0.199817
0.354851
0.00348268
0.36584
0.00427223
0.161796
0.00232311
0.533808
0.0514353
0.29749
0.00116496
0.00598672
0.00216573
0.198883
0.344506
0.00161235
0.303058
1.24304e-05
0.354973
0.285758
0.00894562
0.0492701
0.00690874
0.47818
0.00654084
0.107306
0.0857209
0.00033826
0.0108514
0.17415
0.00230671
0.000587412
0.0213807
0.0824553
0.218633
0.181613
0.00964573
0.00607103
0.296122
0.129195
0.623554
0.324309
0.284304
2.20068e-05
0.151418
0.476664
0.10147
0.383826
0.00421715
0.121448
0.0112289
0.298355
0.456594
0.203553
0.0208278
0.0738336
0.00547653
0.39161
0.568267
2.18385e-05
0.0173321
0.625624
0.0977608
0.00616895
0.0473108
0.00251899
1.29739e-05
0.23075
0.0535784
0.0992232
0.000640464
0.061322
0.111997
0.0359553
0.00199261
0.148893
0.0679424
0.407267
0.394765
0.010895
0.0022211
0.153934
0.145232
0.76576
0.00628524
0.0202317
0.000181574
0.00186453
0.260285
0.00458523
0.0168423
0.00438611
0.00112395
0.298216
0.149153
0.00133934
0.000916788
0.382808
0.222879
0.0208838
0.00365121
0.363423
0.0059512
0.0015008
0.0995207
0.211575
0.0372132
0.000288719
0.203327
0.162012
0.0154964
0.000119188
0.000469312
0.0155656
0.00573685
0.356202
0.474152
0.0481177
0.157307
0.55337
0.222199
0.157612
0.241654
0.0555955
0.623263
0.00114173
0.0516591
0.000914438
0.157371
0.000100659
0.00103729
0.723962
3.55039e-06
0.293347
0.00455908
0.147648
6.35078e-05
0.0432279
0.146516
0.0875994
0.0343298
0.0051376
0.000549996
9.28098e-05
0.419204
0.414605
0.0304624
0.143942
0.0016168
0.126555
0.391511
0.00820161
0.12211
0.000640238
0.000178206
0.300714
0.335515
0.0048733
0.0702437
0.602304
0.00651691
0.145556
0.141764
0.356356
0.0322962
0.277243
0.0914224
0.0369299
0.163957
0.0186567
0.0579732
0.581587
0.792651
0.251057
0.00642877
0.387825
0.188202
0.23066
0.395843
0.165849
0.648689
0.207488
0.060922
0.00154657
0.257305
0.00565087
0.128322
3.66753e-05
0.0799081
0.0266069
0.635556
0.0100338
0.00490388
0.55931
0.0255418
0.0039524
0.0130929
0.474141
0.0246439
0.033574
0.107034
0.116687
0.0386451
0.00910698
0.000221373
0.00019506
0.319735
0.0238352
0.0380455
0.105898
0.000357453
0.00484575
0.0201759
0.352644
0.289356
0.0172369
4.70038e-05
0.558306
0.230803
2.4101e-05
0.37617
0.416427
0.00611976
0.000467596
0.201026
0.069197
0.464116
0.687491
0.0102846
0.000296595
0.00246004
0.167958
0.394733
0.327023
0.0556307
0.000176139
0.00238557
0.506816
0.406779
0.009324
0.43037
0.298683
0.304329
0.00141689
0.0467292
0.00284245
0.215403
0.11002
0.601913
0.0016296
0.00336651
0.181487
0.198768
0.441323
0.052645
0.341302
0.0571149
0.00693846
0.765055
0.67043
0.433455
0.000212729
0.00686006
0.000832966
0.00335687
0.00217319
1.0669e-05
0.0232351
0.400629
0.0355006
0.231117
0.052031
0.575692
1.15176e-05
0.301413
0.0852177
0.0952539
0.555723
0.307044
0.443291
0.300046
0.000705051
0.151553
0.000658046
7.46899e-05
0.40216
0.338935
0.121145
0.00314482
0.064734
0.0621084
0.000821435
0.0228423
0.00202973
0.0744494
0.00211581
0.389021
0.458393
0.0715572
0.462259
0.461737
0.491485
0.0461854
0.00977901
0.000119488
0.500289
0.366478
0.014827
0.0314291
0.307322
0.346962
0.137278
0.306274
0.00286897
0.110196
0.036043
0.408627
0.0616933
0.404943
0.00146954
0.445413
0.00584803
0.121799
0.207781
0.000355301
0.00130566
9.05842e-05
0.214658
0.0071033
0.465737
0.0195044
0.429391
0.000142934
0.633074
0.0645658
0.0952395
0.113915
0.379479
0.0461357
0.0250139
9.1656e-05
0.180662
0.00187119
0.197936
0.0173755
0.294185
0.0726216
0.00315646
0.317457
0.00754508
0.71941
0.161011
0.043122
0.0252898
0.52274
0.00777196
0.300646
0.00378312
0.337244
0.220873
0.0929902
0.258395
0.000926267
0.337269
0.297455
0.559239
0.0397901
0.0127314
0.0606077
0.0381278
0.0199696
0.0190671
0.173957
0.115431
0.00014983
0.131697
0.0607945
0.0221813
0.0168637
0.111929
2.77017e-06
0.000290766
0.0174976
0.00157649
0.0378433
0.010058
0.02388
0.250702
0.0244339
0.0587784
0.00352729
0.0390233
0.25992
0.505984
0.0065222
0.430749
2.05639e-05
0.0847382
0.0434223
0.00337277
0.0148366
0.195036
0.166373
0.591109
3.00058e-05
0.274191
0.110147
0.0544575
0.498995
0.0214722
0.0182127
0.00059294
0.0758504
0.0604815
0.00284847
0.0831328
0.32181
0.0279913
0.106329
0.529253
0.00710591
4.93176e-05
0.581071
0.191697
0.173099
0.00948295
0.0128185
0.141327
0.477779
0.305045
0.00023836
0.0861472
0.000172317
0.000299798
0.222366
0.49827
0.182779
0.065085
0.00393723
0.102075
0.24636
0.0199453
0.00904144
0.505669
0.703353
0.207242
0.386445
0.01031
0.00171148
0.665311
0.101799
0.0711758
0.000195263
0.0954562
0.272262
0.0222567
0.079842
0.000645086
0.0181079
0.00364905
0.00159523
0.305022
0.0124907
0.000815224
0.477521
0.127162
0.310836
0.432644
0.450922
0.0125336
0.00641843
0.0753808
0.208763
0.154656
0.131978
0.00456206
0.0973808
0.333819
0.0236192
0.00481709
0.00165153
0.00264682
0.000176984
0.103196
0.00174925
0.200746
0.312002
0.000779515
0.0013619
0.140899
0.00040335
0.32851
0.461552
0.0843618
0.0138321
0.036893
0.212844
0.250518
0.00566483
0.000234758
0.468931
0.421946
0.0457929
0.00730463
0.0146082
0.000161459
0.247265
0.220327
0.370099
0.0491192
0.0952755
0.079874
0.0012171
0.0345622
0.173856
0.00506449
0.0815932
0.174082
6.65778e-05
0.000527339
0.295526
0.233906
0.0311419
0.0623505
0.606413
0.264282
8.11804e-06
0.012828
0.472862
0.00199038
0.395305
0.0168132
0.333566
0.000115155
0.00996048
0.000638255
0.0031163
7.58361e-05
0.00117856
0.408854
0.235407
0.301897
0.218496
0.19186
0.432652
0.0534819
0.316515
0.100664
0.222098
0.0517374
5.3201e-05
0.000257846
0.000765216
0.017125
0.00895148
0.268808
0.427741
0.435951
2.47778e-05
0.0022869
0.00051854
0.0181902
0.00857065
0.0339036
0.26548
0.000718571
0.00303094
0.304438
5.28403e-05
0.221456
0.0215744
0.0476687
0.00778473
0.411114
0.00329087
0.0467503
0.443772
0.162557
0.0013245
2.85509e-05
0.0777456
0.00105361
0.0242378
0.0129105
0.00224689
0.0051652
0.34742
0.523218
0.207526
0.0052011
1.61325e-05
0.00113187
0.0470866
0.07087
0.071978
0.224846
0.064498
0.0103026
0.0537659
0.0681606
1.48523e-05
0.00188839
0.24048
0.279732
0.0011466
0.0018284
0.0275277
0.303516
9.82169e-06
0.232421
0.319542
0.0807794
5.65809e-05
0.00561052
0.00658524
0.276095
0.012972
0.0127975
0.0243584
0.00757143
0.00187718
0.27109
0.308469
9.45081e-05
0.00453479
0.0310866
0.000773415
0.000185792
0.00225781
0.416592
0.139323
0.00662985
4.97217e-05
0.575312
0.166567
8.63256e-05
0.0215755
0.128879
0.145272
0.0451553
0.0417812
0.487404
0.31864
0.158082
8.3412e-05
0.632309
1.36029e-06
0.0597687
0.0653117
0.10882
0.135423
0.645651
0.00497151
0.000720569
0.0129515
0.417919
0.00531911
0.000100295
0.320488
0.00919257
0.289624
0.000755457
0.203115
0.0266011
0.122431
0.0781135
0.00846937
0.0120651
0.00928119
0.293746
0.0686262
0.037216
0.00476227
0.0849292
0.121718
0.0155102
0.00129295
0.33592
0.546941
0.67244
0.0120316
0.486801
0.0112745
0.461655
0.437945
0.000130124
0.000412011
0.00611704
0.00602544
0.00257646
0.392359
0.0227624
0.696095
0.125765
0.0350617
0.0603563
0.591841
0.00245132
2.69667e-06
0.418209
0.402538
0.170946
0.157618
0.00915406
0.120324
0.0269006
0.0119984
0.390918
0.339299
0.402343
0.237273
0.000580636
5.15683e-05
0.447432
0.339945
0.0492239
0.000110975
0.326618
0.507438
0.352127
0.300398
0.0612195
8.14196e-06
0.189806
0.0178982
0.00209108
0.0128737
3.02899e-06
0.0187381
0.0726505
5.6145e-05
0.116179
0.000324797
0.138389
0.339403
0.00177896
0.0144354
0.135899
0.000430206
0.058387
0.00805757
0.000866026
0.00651388
0.000628032
0.00187106
0.0501368
0.0347863
0.274044
0.400581
2.43752e-05
0.0981469
0.140198
0.0375914
0.215484
0.659071
0.00496487
0.102611
0.000100989
0.0607894
0.371515
0.00157847
0.20893
0.00826672
0.0443497
0.131163
0.121427
2.30004e-06
0.0182156
0.0372879
0.399768
0.00534073
0.00426303
0.00514937
0.00112792
0.316605
0.0532794
0.000153593
0.00749003
2.3925e-05
0.0101619
0.120969
0.102139
0.141339
0.0212905
0.0859039
0.0333233
0.00180828
0.00026037
0.553156
0.279765
0.000347975
0.2155
0.0415829
0.00485091
0.337768
0.315664
0.0255488
0.0214556
0.000202017
0.211345
0.00212704
0.000109543
0.348112
0.0017849
4.56039e-06
0.380322
0.000668478
0.0432813
0.306036
0.0232464
0.585614
0.116617
0.0458329
0.0319584
0.187522
0.25903
2.42655e-06
0.157776
0.0422666
0.194246
0.296307
0.267201
3.95712e-06
0.239873
0.109056
0.0686411
0.110946
0.146344
0.0437298
0.0480686
0.0254565
0.752275
0.00218279
0.350504
0.329468
0.262783
0.00292635
0.0985691
0.0586062
0.0456932
0.0116879
0.00784291
0.011811
0.765993
0.0405486
0.30647
0.210033
0.0826209
0.537347
0.00314671
0.00950726
0.141578
0.000830074
0.377113
0.213581
0.00885129
0.294256
0.123358
0.00239243
0.338282
0.00452827
0.012267
0.00722175
0.0473814
0.0310375
0.00125048
0.128156
7.62816e-06
0.0109955
0.142684
0.237408
0.0777518
2.15058e-06
0.377081
0.00234115
0.156213
0.179502
0.0376068
0.490676
0.664256
0.0016905
0.0541662
0.00200338
0.000316303
0.000455189
0.000125372
0.230209
0.210905
0.0799899
0.116588
0.320131
0.0582136
0.0015759
0.0608957
3.01307e-05
0.000185426
0.544314
0.32004
0.200644
0.662922
4.63912e-06
0.264591
0.137592
0.000997115
0.0439122
3.2749e-05
0.000832228
0.00195277
0.00696329
0.127773
0.416815
0.00211827
0.117041
0.00625969
0.00481112
0.0454601
0.00479916
0.00178783
0.00639038
0.211114
0.393406
0.0112973
0.0792248
0.0441557
0.10475
0.00122537
0.0764251
0.488095
0.0265944
0.0011573
0.381501
0.193191
0.212461
4.10733e-06
0.000541648
0.0908578
0.0877647
0.415986
2.7421e-05
0.000702383
0.000722479
0.043654
0.214922
8.36675e-05
0.211835
0.00389452
0.0269851
0.015495
0.349524
0.00985602
0.0267869
0.46555
0.628619
0.168268
0.282867
0.523935
0.098221
0.00126568
0.186334
9.37243e-05
0.236822
0.0101127
0.00653672
0.00311158
0.082327
0.178026
0.35517
0.230117
0.0412413
0.0151008
4.97848e-05
0.00345211
0.268399
0.00362462
0.183574
0.0282287
0.489647
0.0258939
0.000417602
0.0988421
0.416889
0.0333587
0.0220572
0.000975251
0.0427046
0.202268
0.446967
0.00613513
0.000519078
0.00858066
0.0215385
0.273919
0.195287
0.282138
0.0476795
0.0521458
0.15445
0.170877
0.000704218
7.34406e-06
4.42813e-06
0.256984
0.641943
0.00402305
0.0148673
0.00139274
0.372237
0.52922
0.163574
0.405285
0.0196192
0.486431
0.235022
0.0103398
0.487844
0.0575296
0.0574568
0.0102649
0.227018
0.518307
0.503376
0.194209
0.391252
0.0654587
0.00905216
0.315085
0.052566
0.0557656
0.00195064
0.00561224
0.643054
0.28769
2.13331e-05
1.09463e-06
0.0811107
0.108116
1.9899e-06
0.0171836
0.035425
0.0318982
0.00931029
0.000210996
0.110019
0.0636158
0.341618
0.0520636
0.0059434
0.250175
0.417773
0.0309699
0.0658743
0.0206211
0.033679
0.0113696
0.00348799
0.000445416
0.327172
0.333782
0.0521749
0.000175584
0.475541
0.0782206
0.00312556
0.37807
0.229148
0.34517
6.01566e-05
0.587122
0.00473568
0.0757927
0.166305
0.00530353
0.137855
0.0138108
0.0169449
0.000288834
0.00110031
0.0852325
0.00454632
0.000258899
0.495266
0.332911
0.00861246
0.0105478
0.0251387
0.0362207
0.00322497
0.0778577
0.00330067
0.515104
0.388091
0.188167
0.525613
0.0364035
0.0969638
0.190021
0.0696531
0.15909
0.000124861
0.277298
0.309557
2.76534e-05
2.54071e-05
0.407997
0.0337937
0.0146283
0.575558
0.374902
0.00964604
0.105455
0.186286
0.00811695
0.00050977
0.00349687
0.0607248
0.332024
0.316534
0.408853
0.555961
0.00553138
0.0714127
0.374937
0.0871286
0.149208
0.0821801
0.0170997
0.120389
0.000647378
0.00380063
0.169548
0.04209
0.101655
0.298252
0.303106
0.00674829
5.73227e-05
0.0681945
0.3132
0.00118996
0.0977074
0.0419452
0.0019438
0.0102447
0.354115
0.0563435
0.00296991
0.0101718
0.251158
0.000608573
0.274258
0.0664258
0.260586
0.000276153
0.490208
0.451053
0.00531617
0.0437621
0.25155
0.147008
0.218387
0.000320417
0.550997
0.144461
0.0309712
0.00192815
0.0435265
0.36708
0.0253322
0.147153
0.0121752
0.235224
0.243577
0.253069
0.00152023
0.177358
4.40462e-05
0.462419
0.0043777
0.39886
0.0467332
0.00299488
0.0800514
0.0608959
0.344484
0.000202277
0.0214306
0.0463392
0.0729024
0.023697
0.0146916
0.375957
0.200634
0.248623
0.0534252
0.369482
0.0197912
0.0819963
0.00903555
0.0106152
0.316818
0.109726
3.63872e-07
0.00814523
0.115388
0.107087
0.374145
0.00176061
1.15231e-05
0.0170344
0.2699
0.000115702
0.0051353
0.552018
0.307043
0.0012677
0.000877384
0.000254864
0.000587146
0.188094
0.00278939
0.112021
0.000100195
0.053362
0.563057
0.00898596
0.2344
0.0655354
0.0015682
0.0116358
0.00950416
0.0693006
0.451376
0.000172521
0.130462
0.0463675
0.116791
0.564419
0.211539
0.0602115
0.220885
0.551129
0.0649047
0.17462
0.147527
0.395706
0.002979
0.0439934
0.0066298
0.000249995
0.185433
0.000844191
0.246167
0.530095
0.344051
0.275446
0.0174799
0.00285518
0.00377604
6.20112e-06
0.0187063
0.59116
0.047129
0.293294
0.000946088
0.261681
0.326128
0.350698
0.00325933
0.287205
0.275021
0.0244331
0.00768947
0.000211417
0.597708
0.387425
0.000880013
0.325934
0.0212595
0.0152803
0.321041
0.0503703
0.00692278
0.0521831
0.27696
0.704773
0.0789959
0.0404262
0.0195997
0.0915243
0.0924747
0.134864
0.0285251
0.607009
0.0157963
0.689381
0.0224837
0.267616
0.0454774
0.0785951
0.00131654
0.0227189
0.198546
0.00790191
0.000293555
0.676803
0.00332515
0.158472
0.000580381
0.277341
0.0686344
0.0209067
0.113424
0.000731498
5.15668e-05
0.137601
0.00178583
0.0280685
0.000254996
0.0472774
0.00623615
0.582565
0.0635554
0.00274814
0.201257
0.0565621
0.102044
0.00352746
0.0262682
0.300884
0.495902
0.668338
3.68488e-06
0.13061
0.106984
0.0539443
0.248349
0.0195309
0.0318204
0.0702555
0.308976
0.000779127
0.00309355
0.317069
0.244314
0.00299752
0.509161
0.0476294
0.000331685
0.559656
0.0208111
0.0145976
0.00025276
0.0783707
5.4311e-05
3.52681e-05
0.0776707
0.223042
0.00119384
0.80671
0.0733882
0.235823
0.000538679
0.458112
0.00621388
0.350546
0.403573
0.0118163
0.277461
0.000273096
0.210475
0.525994
0.00224793
0.307825
0.0302745
0.0218105
0.0440264
0.164872
0.553098
0.045005
0.0218701
0.0732635
0.000653307
0.0705687
0.000478997
0.000459261
0.00114213
0.268409
0.0568058
0.288479
0.556232
0.0016783
0.00217563
0.000277179
0.238199
0.297082
0.00129026
0.316296
0.00572087
0.00168189
0.000679793
0.000176518
1.95208e-05
0.0306604
0.00195508
0.0636952
0.275465
0.12889
0.0169859
0.423526
0.628626
0.0192342
0.439401
0.292403
2.18946e-05
0.279767
0.241802
0.0176749
0.295118
0.0121407
0.15954
0.378698
0.135318
0.00643806
0.32899
0.425986
0.00261794
0.0400397
0.00197363
0.000419347
0.0255971
0.504955
0.164098
0.00216842
0.18976
0.000144746
0.0450538
0.36986
0.26164
0.27273
0.00157061
0.0102041
0.342037
0.000850492
0.167463
0.683221
0.0353457
0.121213
0.0710851
0.0397619
0.0012937
0.51478
0.485475
0.298484
0.0279523
0.324658
0.00241742
0.00446906
0.0172374
0.595024
0.00110134
0.0266602
0.647261
0.227278
0.437709
0.269739
0.589211
0.0641936
0.100879
0.0985141
0.0438002
0.547604
0.199045
0.138072
0.379679
0.240292
0.274034
0.00698152
0.165852
0.00332935
0.0348422
0.461752
0.0114257
0.540787
0.0169008
0.0506743
0.00118244
0.224574
0.303358
0.000115353
0.0337226
0.492356
0.0648247
0.00103206
0.00193896
0.00035954
0.186625
0.22184
8.84523e-06
0.117077
0.394565
0.0370401
0.164133
0.0175173
0.0028944
0.000797067
2.19082e-05
0.463317
0.113492
0.17708
0.750243
0.167916
0.694097
7.7211e-06
0.0233729
0.184495
0.00190568
0.288363
0.156971
0.192595
0.371913
0.0532597
0.00179268
0.00650003
0.00323164
0.371429
0.559911
0.4307
0.582977
0.311718
0.0053285
0.182668
0.508606
0.00917257
0.0213739
0.297922
0.011645
0.0246307
0.436096
3.97857e-06
0.340276
0.435237
0.321892
0.355388
0.207696
2.39562e-06
0.000721399
0.276027
0.0984366
0.31229
0.264513
0.696529
0.554848
0.00531348
0.772154
0.000278336
0.559879
0.00333718
0.430985
0.00928914
0.000389955
0.0509958
0.0364041
0.498684
0.0982192
0.0130627
0.0013316
0.10224
0.455302
0.0306432
0.467156
0.0993119
0.0412008
0.0717085
0.514042
0.651598
0.593387
0.0013857
0.236542
0.26234
0.00195847
0.0178308
0.515289
0.0242913
0.0591419
0.658784
0.126467
1.40744e-05
0.188147
0.145578
0.0300288
0.123302
0.00108126
0.156903
0.00195011
0.362979
0.0363953
0.398972
0.398857
0.000108488
1.1111e-05
0.536323
0.0782611
0.170145
0.0643757
0.234588
0.0714536
0.180584
0.0294828
0.000415632
0.141463
0.000672143
0.273231
0.362472
0.0830946
0.253634
0.547853
0.127382
0.000736474
0.258964
0.155779
5.55856e-05
0.099905
2.37454e-05
0.3369
0.0186943
0.0993052
0.0194255
0.0720927
0.205214
0.346902
0.0241704
0.0248175
0.424961
0.0067706
0.0761544
0.000978904
0.0105318
0.0824911
0.000511349
0.00221027
0.314115
0.0936421
0.91829
0.189766
0.518646
0.108163
0.002254
0.526826
0.0104197
0.00886161
0.083213
0.00466154
0.0126464
0.00512268
0.0478294
0.121576
0.635374
0.329651
0.000707024
0.348859
0.639667
0.17099
0.0144781
0.383974
0.00461425
0.00363936
0.0339756
0.354474
2.9735e-05
0.0253646
0.275061
0.162745
0.0546273
0.214332
0.291344
0.0549623
0.0478149
5.30164e-05
0.555574
0.0194037
0.0102161
0.00337597
6.79537e-05
0.0129041
8.8912e-05
0.427149
0.00140573
2.3087e-05
0.043889
0.0378357
0.0466195
0.741791
0.0439116
0.348558
0.235254
0.657858
0.0554892
0.0199277
0.4478
0.579428
0.123768
0.00241165
0.0773684
0.0886934
6.38026e-05
0.127366
0.259339
0.122792
0.00407824
0.00107228
0.253396
0.00327801
0.234015
0.0745897
0.0409322
0.0968132
0.281337
5.51069e-05
0.13509
0.00165328
0.398504
0.184604
0.00894214
0.0198181
0.35133
0.0364638
0.351929
0.220008
0.599268
0.712408
0.0485784
0.122221
0.00619432
0.0107908
0.00120708
0.319199
0.0392014
0.454684
0.702031
0.03123
0.0201393
0.0703843
0.518034
0.374461
0.261985
0.123046
0.135967
0.246559
0.383567
0.122944
0.393136
0.214335
0.431601
0.00168409
0.0172569
0.553626
0.109928
0.659577
0.373469
0.00756982
0.000283671
0.0199057
0.163946
0.0309503
0.00118003
0.00420443
0.0634203
2.08012e-06
0.0380197
0.000347661
0.000276582
0.442694
0.286071
0.219636
0.0307069
0.00279322
0.43156
0.215363
0.634848
0.619453
0.00254036
0.0817642
0.000774234
0.0647006
0.313641
0.0973388
0.000372785
0.0508596
0.000260432
0.00473793
0.0284558
0.0431348
0.00399038
0.0312186
0.00347489
0.0560704
0.048234
0.000499891
0.0248345
2.63522e-05
0.0117068
0.0717489
0.539394
0.00423833
0.000648478
0.202909
0.00534597
0.000923289
0.00361339
0.00642129
0.0259878
0.227474
0.152477
0.0419274
0.00974201
0.41139
0.273921
0.14581
0.020849
0.248273
0.00577248
0.0821719
0.208063
0.361599
0.199942
0.310985
2.36658e-05
0.45806
6.94546e-05
0.0410633
0.00369254
0.739535
0.0245351
0.0933175
0.00529617
0.00134841
0.240445
0.00349835
0.00850186
0.000855036
0.136118
0.53524
0.265559
0.00485278
0.03284
0.030976
0.11593
4.87607e-05
0.0621149
0.0123903
0.439749
0.00563431
0.00419606
0.640535
0.285308
0.174793
0.000100377
0.499247
0.0166294
0.00044143
5.81247e-06
0.00424083
0.0276009
0.0107475
0.71865
0.00191474
0.010872
0.000228872
0.596425
0.00180135
0.0177626
0.585907
0.113874
3.10047e-06
0.625761
0.0205386
0.0107394
0.013241
0.0227658
0.199891
0.369548
0.143803
0.0495032
0.0497558
0.268032
0.104814
0.289984
0.135382
0.308953
0.0393582
0.41279
0.304787
0.0876665
0.399016
0.147768
0.00306123
0.38616
0.0174257
0.296596
0.010882
0.00573414
0.143581
0.574137
0.173778
0.0655185
0.3649
0.0109608
0.00980859
0.522292
0.0678112
0.429208
0.234477
0.688194
0.0543147
0.120977
0.0383791
0.332712
0.00474257
0.00326058
0.120725
0.0044408
0.636372
0.460065
0.0161046
0.0900122
0.464472
1.90703e-05
0.000404047
0.0063104
0.604392
0.0351525
0.116632
0.64151
0.316677
0.0159944
0.028914
0.0184794
0.45291
0.0814868
0.0107817
0.0589137
0.0559824
0.289554
0.0666759
0.107209
0.401661
0.0120777
0.0258918
0.389443
0.120176
0.000272665
0.0943465
0.0514857
0.380038
0.473384
0.12325
0.00185446
0.00456149
0.0119827
0.0220783
0.143717
0.0662365
0.0443702
0.0177236
2.77715e-05
0.00484153
0.171013
0.0071088
0.0514952
0.29351
0.111399
2.62087e-05
0.366575
0.00213428
0.19018
0.00883623
0.0623596
0.141741
0.27783
0.505267
0.00695717
0.00274224
0.234402
0.00598788
0.0169166
0.0417595
0.135078
0.424168
0.372423
0.00155902
0.398282
0.00219672
0.00421964
0.0011839
0.360971
0.000378017
0.0418675
0.000371363
0.0652263
0.198708
0.410273
1.21566e-06
0.614509
0.162057
0.0643668
0.253212
0.010257
0.132306
0.369161
0.000390928
0.0600816
0.249758
0.315352
0.707879
0.0127971
0.0639129
0.135411
0.0042026
0.0143896
0.0320729
0.270155
0.591803
0.110201
0.00115223
0.0358319
0.506343
0.248586
0.156534
0.000687595
0.0283621
0.544687
0.810367
0.151282
0.1648
0.297878
0.000730459
0.469691
0.72032
0.000879233
4.24067e-05
0.116881
0.679646
0.114071
0.0248484
0.00273655
0.00833477
0.0150834
0.0347841
0.1954
0.000199719
0.655723
0.0473003
0.394229
0.0112416
0.0242997
0.00130031
0.462112
4.80739e-05
0.000931555
0.0547034
0.107248
0.186113
0.417529
0.0289486
0.270401
0.00800403
0.0212727
0.0261777
0.000533148
0.41896
0.000583853
0.000132779
0.0256362
0.104205
0.417308
0.0967948
0.104363
0.00927299
0.441322
0.705699
0.012192
0.011573
0.0521178
0.0165355
0.0772005
0.00516643
0.00142662
0.000417411
0.415032
0.0252291
5.97425e-05
0.609176
0.400175
0.232653
0.00753635
0.262589
0.615109
0.0364778
0.614868
0.12942
0.0116634
0.15701
0.169603
0.000195212
0.0192731
0.015613
0.0179875
0.0732908
0.107236
0.711662
0.00952453
0.0131436
8.34164e-06
0.00548768
0.273949
0.552148
0.327909
0.121053
1.37707e-05
0.427145
0.011924
0.136308
0.673399
0.147202
0.129854
0.31418
0.519914
1.04157e-05
0.0085043
0.026749
0.219948
1.84524e-05
0.314191
0.0295501
0.0959995
0.129906
0.14989
0.00788983
0.00885791
0.0782829
0.00632695
0.102936
0.0172413
0.217187
0.348045
0.00415318
0.00244512
0.446414
0.000329724
0.14257
0.0415305
0.523764
0.00336221
0.661043
0.386274
0.0106968
2.24379e-05
0.0547708
5.94638e-05
0.0111196
0.0446007
0.0504627
0.000540625
3.38126e-05
0.222884
0.199949
0.00322812
0.0055851
0.140862
0.247507
0.0832188
0.0123849
0.286778
0.382336
0.597853
0.465982
0.630416
0.000552656
0.603422
0.0087601
0.0051728
0.000317373
0.209987
0.321994
0.109139
0.00169661
0.268254
0.0167597
0.0104168
0.0179615
0.101607
0.622867
0.562242
0.108643
0.267626
0.104514
0.000205486
0.000994642
0.0742858
0.104912
0.586028
0.026563
0.072204
0.49331
0.00107015
0.101425
0.0232348
0.00127863
0.00234953
0.184534
0.111115
0.261339
3.70398e-06
0.0326892
0.0690942
0.0988866
0.00135231
0.219421
0.403683
0.0202616
0.0152315
0.270275
0.626912
0.00464957
0.0771621
0.175772
0.162939
0.0399235
0.280041
0.0658638
0.0447977
0.356833
5.9865e-05
0.315895
0.16642
0.00106112
0.00719733
0.000357157
0.0512023
0.00112323
0.181494
0.000212758
0.41901
0.00135674
0.364513
0.0275776
0.00631784
0.00431348
0.0143634
0.00051721
4.06472e-06
0.0353017
0.334373
0.0817932
0.248658
0.000794137
0.000138666
0.12577
0.357837
0.000929625
0.041272
0.50072
0.0162443
0.597183
0.000281885
0.0120551
0.236583
0.000644641
0.00621062
0.124291
0.00118042
0.379298
0.000206126
0.0282666
0.387243
0.0124386
0.0683283
0.072814
0.208462
0.000138723
0.0510684
0.309636
0.291232
0.0391911
0.462411
0.230132
0.238221
0.00147448
0.0141015
0.405073
0.000371076
0.234422
0.00148395
0.351869
0.00163695
0.0122879
0.337459
0.0412822
0.22448
0.0302908
0.00798035
0.126988
0.000305557
0.201524
0.00702598
0.0374911
0.0289642
0.337897
0.000717542
0.000923606
0.120297
0.00588535
0.00053563
0.615011
2.42518e-06
0.0395119
0.00123565
0.648488
0.167101
0.110028
0.00421341
3.59509e-05
1.38649e-05
0.423565
0.00207569
0.178013
0.108735
0.011443
0.011202
0.000180194
0.132059
0.65961
6.6317e-05
0.00027997
0.122876
0.00237208
0.299623
0.0239693
0.711048
0.271897
0.294451
0.577713
0.00433265
0.0218937
0.250987
0.0530958
0.427843
0.036385
0.0212581
0.209034
0.300409
0.0026907
0.303247
0.539305
0.00428256
0.00204862
0.176454
0.00396906
0.0802335
0.74194
0.350996
0.683203
2.73281e-05
0.372911
0.21949
0.649265
0.731119
0.00140313
0.195298
0.551612
0.354359
0.26278
0.00465746
0.0149377
0.400446
0.68923
0.0164797
0.054443
0.266175
0.636264
0.00920794
0.22063
0.30846
0.0538153
0.167777
0.346867
0.00975913
0.013621
0.00853513
0.00376235
0.00194577
0.00933017
0.0773717
0.668452
0.269039
0.0604475
0.172884
0.0133198
0.233154
0.338339
0.165227
0.0135029
0.00876398
0.047689
0.00412743
0.326731
0.5699
0.0585735
0.23438
0.139633
0.000492982
0.0129936
0.329412
0.569623
0.295967
0.489652
0.0925475
0.00989221
0.44817
0.0169649
0.458785
0.000579515
0.295809
0.00218261
0.000344412
0.00422916
0.22824
0.492509
0.404417
0.00502301
0.492005
0.0121493
0.0538587
0.119767
0.2715
0.00476587
0.0374992
0.14863
0.126881
0.00642011
0.0776299
0.00907976
0.0267406
0.0330995
0.770792
0.332066
0.0641739
0.00213322
0.00750797
0.144234
0.0336013
0.177477
0.479025
0.311996
0.398347
0.401457
0.0476268
3.7056e-05
0.0954401
0.161695
0.0067992
0.227839
0.00651374
0.276306
0.0551994
0.0225696
0.00761439
0.278086
0.239718
0.352538
0.316605
0.0639912
0.0303232
0.00352253
0.00745433
0.178297
0.333067
0.0131305
0.188009
0.00116525
0.00441315
0.00466676
0.676196
0.526534
0.0632005
0.0319037
0.00386548
0.398018
0.0700725
0.0156017
0.141194
0.000167698
0.00112561
0.000201668
0.229962
0.000714019
0.0141235
0.00414737
0.0443883
0.476609
0.0871849
0.110911
0.0162521
0.304917
0.288217
0.348458
0.00685121
0.182729
0.0046786
0.00196768
0.000149285
0.00111571
0.195832
0.261332
0.00129853
0.00631535
0.299408
0.156708
0.0222827
0.0156003
0.102593
0.0859222
0.439711
0.407575
0.000163407
0.0244699
0.0654304
0.000508407
0.472567
0.111356
0.248977
0.325564
0.0382665
9.02449e-06
0.273932
0.221897
0.0159676
8.43264e-08
0.041465
0.282268
0.32454
0.0144756
0.000758051
0.516288
0.289929
0.0437959
0.00270287
0.000394517
0.0104148
0.0985594
0.273906
0.0458054
0.110285
0.332978
0.494594
0.277464
0.235624
0.0503457
0.412329
0.294045
0.324942
0.316773
0.243751
0.00108088
0.0384746
0.597374
0.324378
0.242697
0.0431232
0.565524
0.551483
0.224787
0.48399
0.0128789
0.039215
0.41636
0.000440195
0.0066071
4.93e-05
0.207671
8.15058e-05
0.000441419
0.57514
0.0122443
0.276958
0.547129
0.372528
0.0144429
0.109869
0.000339269
0.003977
0.000769715
0.000161398
4.26083e-09
0.324675
0.296856
1.64582e-06
0.016409
0.600525
0.0282025
0.343023
0.0154661
0.00152099
0.000364742
0.309349
0.0201849
0.352706
0.017816
0.00700209
0.566309
0.0331324
0.0438136
0.682339
0.0208838
0.313628
0.16994
0.402225
0.000360834
0.032207
0.130979
0.0293794
0.145494
2.39105e-05
0.513755
0.0290133
0.0146295
0.0237798
0.699672
0.0233576
0.290464
0.00176188
0.0192198
0.043512
0.13585
0.0279109
0.000618503
0.00664691
0.143387
0.0696064
0.0206571
0.000733122
0.00213916
0.084337
0.0251848
0.109284
0.340892
0.570707
0.0939166
0.000301565
0.000277956
0.00129085
0.00186239
0.120725
0.00951621
0.0107829
0.248211
0.00919896
0.257365
0.24364
0.000297394
0.548387
0.00125355
0.12188
0.00563712
0.0205607
0.132481
0.392577
0.0350548
0.162206
0.32583
0.00580956
0.633049
0.00366958
0.00713528
0.233198
0.0641187
0.0229324
0.480038
0.561738
0.536204
0.119252
0.0119911
0.214092
0.0443138
0.00345642
0.103821
0.526096
0.0758987
0.156925
0.50685
0.174421
0.195451
0.0351859
0.00114728
0.00411937
0.0349208
0.0286804
0.0865558
0.00395328
0.0167399
0.0107421
0.493944
0.262665
0.00020336
0.125579
0.519155
0.609933
0.107378
0.122594
0.56569
0.215231
0.661848
0.00614249
0.348281
0.0190374
0.0113572
0.0961544
0.0174409
0.6491
0.22068
0.00122024
0.0375651
0.173755
0.0291858
0.142784
0.0595223
0.00503793
0.0439408
0.308919
0.312502
0.00519811
0.00118886
0.273275
0.0341046
0.0889239
0.0954341
0.00221266
0.152645
0.526574
0.441299
0.695831
0.0874259
0.000112397
0.00432378
0.556558
0.790018
0.448147
0.463171
0.140642
0.011089
0.0823668
0.000503539
1.17783e-05
0.077248
0.229394
0.000263722
0.364855
0.414519
0.325375
0.00133109
0.0278702
4.52908e-05
0.382931
0.048117
0.27622
0.0441214
0.0158345
0.000687218
0.0674441
0.082978
0.000871871
0.00356805
0.228084
0.0835746
0.00446422
0.0861663
0.0252971
1.15801e-05
0.520255
0.140573
0.111849
0.113988
0.000392589
0.0151081
0.0303143
0.00278727
0.0767966
0.0822056
0.000143581
0.31429
0.000112029
0.00176333
0.001592
0.0124815
0.214227
0.481767
0.0102625
0.165901
0.0100137
0.266413
0.00435131
0.0125626
0.0215345
0.0504408
0.041403
0.23819
0.135479
0.292497
0.306286
0.207232
0.00204572
0.0469184
0.230722
0.0267701
0.0220642
0.328038
0.230207
0.220964
0.00220021
0.109703
0.221083
0.146641
0.014443
0.000276846
0.139108
0.445005
0.137042
0.309864
0.00223291
0.292736
0.302934
0.0667663
0.0286169
0.241606
0.0638155
0.00297254
0.0453927
0.395715
0.105328
0.00114375
3.55344e-05
0.000279014
0.514415
0.806215
0.339759
0.194806
0.249044
0.00451356
0.000355795
0.501902
0.00551339
0.301795
0.00922536
0.0937734
2.67684e-06
0.289593
0.000451038
0.00266183
0.29194
0.286487
0.0019755
0.476906
0.000261558
0.0200592
0.39096
0.00351775
0.0579617
3.92019e-05
4.7341e-05
4.32765e-05
0.607493
0.000847721
0.0130635
0.221068
0.0460782
0.0787262
0.215887
0.40136
0.0289821
0.0119505
0.0235058
6.68316e-05
0.40539
0.30238
0.359324
0.457832
0.011672
0.0151778
0.0302113
0.494243
0.000148848
0.0502399
1.47948e-05
0.0416131
0.00238201
0.0118342
0.0218035
0.701081
0.130396
0.00967414
0.00662303
0.238925
0.217775
0.0574096
0.00798147
0.425787
5.81522e-05
4.60217e-05
0.306456
0.0531361
0.287209
0.0121627
0.00664913
0.105777
0.134425
0.234589
0.176962
0.402039
0.0419495
0.240006
0.0950787
0.000230493
0.30851
0.00788222
0.754413
0.100035
0.408109
0.0290783
0.118442
0.186621
0.0337928
0.382154
0.482222
0.0135305
0.000277753
0.0849866
0.0243852
0.245702
0.00347718
0.0291767
0.0134029
0.00445144
0.281789
0.163673
0.012838
0.668552
0.0102346
0.0106221
7.08529e-05
0.641066
0.535218
0.0087472
0.0170591
0.0346675
0.00202198
0.00360844
0.0919073
0.123241
0.072507
0.234466
0.000158961
0.0255905
4.73826e-05
0.383964
0.00239756
0.017614
0.437194
0.0347483
0.134238
0.330439
0.0162379
0.000312227
0.485618
0.436714
0.107455
0.122028
0.458634
0.00436419
0.059885
0.00130646
0.271833
0.0501188
0.104991
0.000852957
0.673463
0.0547992
0.128748
0.301562
0.454957
0.192241
0.28386
0.0110994
0.00695681
0.00189201
0.000413263
0.0399532
0.343941
0.0104871
0.467711
0.000302867
0.00820957
0.0845184
0.00091103
0.0667615
0.508931
0.410846
0.00209403
0.0364732
0.124631
0.116707
0.506573
0.474678
5.31852e-06
0.323161
0.141544
0.00780588
0.11028
0.133708
0.277221
0.239733
0.0012138
0.117124
0.0799988
0.000659452
0.0271505
0.221666
0.170033
0.0050382
0.0190237
0.0559743
0.443917
0.0716382
0.161817
0.000161539
0.238429
0.390007
0.487374
0.327667
0.135933
0.00032128
0.0480774
0.349533
0.464942
0.00741958
0.335267
0.002832
0.114393
0.0808828
0.102658
0.420088
0.00011123
0.629569
3.3887e-05
0.00247174
0.711642
0.00401303
0.00118836
0.29726
0.497165
0.292882
0.0239604
0.0767523
0.00543332
0.00641225
0.095787
0.00359924
0.296324
0.339581
0.0681987
0.0836943
0.000397839
0.246456
0.416791
0.526947
0.158153
0.0611511
0.448141
0.498393
4.09973e-06
0.035917
0.071494
0.395168
0.166127
0.0118929
0.00122029
0.215862
0.429978
0.504389
0.0705283
0.277961
0.000474921
0.0273103
0.029646
0.290446
0.0478191
0.0717929
0.0305066
0.262704
0.0570625
0.00111754
0.0143134
0.00160607
0.307013
0.105002
0.113031
0.12756
0.172357
0.0558283
0.500757
0.00265573
0.340253
0.00502909
0.0154284
0.0564084
0.056077
0.0118604
0.00245993
0.142026
0.408453
0.503344
0.0156452
0.293415
0.0580543
0.000895779
0.45777
0.212097
0.000866684
2.44783e-05
0.126542
0.0011263
0.00130422
0.301379
0.0677568
0.0023358
0.673853
0.361499
2.04493e-05
0.294132
0.401575
0.0445034
0.0465195
0.298976
0.478559
0.237324
0.00110745
0.31971
3.12122e-05
0.0485226
0.0426923
0.0138226
0.0974681
0.440173
0.0193043
0.0528749
0.00658789
9.2031e-05
0.0306133
0.036923
0.493796
0.000700488
0.40534
0.00567954
3.66356e-05
0.0115737
0.0724169
0.00335985
7.81602e-05
0.0300438
0.031932
0.296212
0.000132783
0.248205
0.0254965
0.101799
0.00416216
0.364935
0.0313797
0.0756405
0.0422739
0.129474
0.110293
0.569493
0.0424003
0.050694
0.515315
0.373891
0.280102
0.0649604
0.0231485
0.160757
0.328141
0.298872
0.000959789
0.123273
0.000305283
0.040597
0.0780663
0.191039
0.0102333
0.259814
0.349509
0.00787086
0.00837914
0.0159464
0.000741587
0.163811
0.18373
0.00270379
0.246379
0.0112141
0.325699
0.234741
0.0167665
0.23567
0.729428
0.295844
0.0349296
0.343952
0.218678
0.0444465
0.00313464
0.287213
0.538705
0.01654
0.439775
0.605467
0.000593557
0.0669895
0.0529849
0.304192
0.12811
0.372379
0.600084
0.101043
0.264946
0.00226379
0.0114901
0.506474
0.375282
0.00986975
0.00125134
0.221146
0.407884
0.00215911
0.226721
0.0001922
0.015251
0.0232749
0.106276
0.363236
0.367991
0.000363918
0.00188665
0.208813
0.470088
0.000173833
8.2297e-05
0.00765177
0.00824022
0.405837
0.0483855
0.00485337
0.000469277
0.0749736
0.0279061
0.0347966
0.55734
0.00923366
0.012216
0.000163442
0.521838
0.0986923
0.0441518
0.555966
0.0526603
5.65511e-05
0.360516
0.00375765
0.00253578
0.0586564
0.00382922
0.183475
0.0163646
0.364005
0.0319947
0.0099848
0.0594055
5.34262e-06
0.798692
0.119651
0.148898
0.00430048
0.217227
0.0049856
0.283244
0.00116126
0.307757
0.287885
0.0455033
0.214455
0.0436583
0.00702289
0.00134041
0.274883
0.0204434
0.382116
0.451244
0.247622
0.111386
0.194681
0.00484334
0.0242204
0.125555
0.479014
0.0219258
0.0392633
0.250263
0.0160884
0.385818
0.190703
0.0204476
0.109863
0.156475
0.371532
1.37206e-06
0.661685
0.565368
0.347993
0.00626231
0.0240916
0.0142472
0.0111393
0.000779574
0.209647
0.166545
0.000115191
0.631368
0.186636
0.00048192
0.392326
0.311804
0.00937956
0.000427597
0.263683
0.514685
0.000248122
0.160318
0.142243
0.0468075
0.00818398
0.000150621
0.0054637
0.105016
0.32589
0.000290938
0.0107957
0.104302
0.238918
0.384638
0.022171
0.0418242
0.478153
5.92681e-05
0.494303
0.0502374
0.00402531
0.0189493
0.0412305
0.0341191
0.221819
0.0411286
0.512639
0.625323
0.00454381
0.367646
0.000171122
0.196639
0.385155
0.00545762
0.341523
0.22006
0.00155562
0.0196592
0.425645
0.110216
0.126833
0.439946
0.10519
0.00358227
0.724471
0.00233267
0.00816556
0.338665
0.0653444
0.0365469
0.385247
0.102349
0.31523
0.27165
0.046737
0.362436
0.51815
0.0430162
0.515335
0.0597568
0.484047
0.049798
0.0196766
0.0721456
0.421943
0.186741
0.218948
0.442416
0.712499
0.0284398
0.397081
0.366132
0.213962
0.0431883
0.248219
0.269692
0.309608
0.00129482
0.39074
0.0230835
0.363553
0.214088
0.068008
0.000922396
0.0089601
0.0274661
0.117654
0.0586682
0.0028232
0.00029358
0.0892965
0.343524
0.0016995
0.248995
0.0887665
0.30118
0.0329263
0.533978
0.042869
0.52062
0.497643
0.0452061
0.120668
0.490733
0.0128907
0.245277
0.0180012
0.35353
0.0301181
0.000744655
0.00150336
0.167882
0.438814
0.0757998
0.37163
0.00963582
0.373375
0.00470442
0.0215603
0.489622
9.01503e-05
0.0280168
0.000948851
0.38515
0.00097156
0.519014
0.23993
0.0130788
0.00290368
0.169415
0.265176
0.224802
0.457734
0.0837696
0.0062625
0.377077
0.054177
0.56039
0.000830098
0.412029
0.073604
0.00935308
0.0136788
0.0640713
0.00531356
0.34828
0.00371296
0.152812
0.169797
0.258738
0.134366
0.411908
0.0666548
0.248508
2.26553e-05
0.0421575
0.304464
0.39991
0.065604
0.00027052
0.443535
0.249591
0.169996
0.00494993
0.655635
0.0775625
0.000278557
0.354651
0.491141
0.642183
0.000198251
0.231017
0.463547
0.00269908
0.156971
0.126543
0.239296
0.0079332
0.283725
0.0600573
0.00565081
0.23578
0.054432
0.143864
0.0419198
0.684598
0.00676159
0.360448
0.294793
0.695704
0.0931809
0.093993
0.244563
0.0507164
0.310543
0.0254433
0.619533
0.00231488
0.0146817
0.180362
0.00454371
0.347686
0.112332
0.00324097
0.129759
0.0603965
0.112622
0.238057
0.14912
0.00358733
0.0120191
0.0409159
0.000173637
0.618312
0.285735
0.262436
0.356281
0.00255109
0.055744
0.000270785
0.219105
0.00366122
0.0116606
0.00606142
0.067452
0.448994
0.0184406
0.219096
0.00440815
0.0724828
0.00313582
0.0165022
0.090175
0.000192181
0.245333
0.5062
0.417767
0.094485
0.00901116
0.695571
0.157459
0.00550768
0.000577672
0.484509
0.711005
0.163456
0.00411478
0.00302673
6.35855e-05
0.0124571
0.563675
0.016725
0.0670823
0.220018
0.212231
0.134682
0.0161585
0.0001446
0.404064
0.00127747
0.490577
0.543676
0.0266261
0.00858861
0.192967
0.30393
0.320245
0.0178517
0.00102624
0.0476611
0.0257438
0.0829106
0.00918084
0.372737
0.285959
0.00463238
0.000421868
0.000615512
1.76509e-07
0.466759
0.0660523
0.140959
0.211938
0.0464526
0.0577273
0.00146131
0.110645
0.00224834
0.0184847
0.351916
0.181917
0.00966499
0.258107
0.000178382
0.0361774
0.000125174
0.157804
0.00217766
0.0720289
0.712809
0.0132491
0.0409999
0.0318214
0.418207
0.345142
0.042899
0.50376
0.0770466
0.000200218
0.152748
0.269061
0.0099788
0.0247478
0.0259915
0.00496294
0.297373
0.441419
1.19201e-05
0.492347
0.142716
0.000228863
0.0658642
0.00023832
0.271116
0.0120566
0.490813
0.432591
0.355197
0.251047
0.0815198
0.0051593
0.0950997
0.485948
0.522756
0.00520323
0.00555205
0.211853
0.0129287
0.000272467
0.213511
0.054412
0.151651
0.130091
2.76059e-06
0.0123894
0.00573194
0.322899
0.0239272
0.44757
0.563518
0.0710132
0.197633
0.36745
0.0958642
0.0353173
0.00205413
0.0415349
6.43727e-06
0.0122761
0.0673957
0.33021
0.365709
0.000376798
0.0137793
0.0382971
0.000313602
0.000689747
0.350313
0.528574
0.263612
0.101296
0.203732
0.217568
0.120364
0.00706851
0.111969
0.199217
0.037153
0.0625112
0.00475919
0.535074
0.277254
0.421
0.436286
0.00228312
0.466986
0.00282269
0.450897
0.000518621
0.000133838
0.141
0.109696
0.00147832
0.000569128
0.436735
0.000193597
0.457279
0.19759
0.0359053
0.00456467
0.50646
0.159903
0.430985
0.0123062
0.00472339
0.00482593
0.517705
0.204084
5.46364e-05
0.151594
0.704231
0.519217
0.094206
0.00134918
0.0480859
5.3063e-06
0.677566
0.178033
0.292219
0.152999
0.0820673
0.134357
0.120187
0.522889
0.0736114
0.00165144
0.303387
0.673161
0.000762591
0.020364
0.030945
0.0398146
0.302476
0.00147822
0.32518
0.259953
0.221155
0.275222
0.000444906
0.0646146
0.534116
0.760189
0.15054
0.0198338
0.0172917
0.28942
0.00225986
0.241994
0.0557632
0.00864121
0.0398783
0.0247383
0.0358646
0.00457249
0.821036
0.00271427
0.0414907
0.489533
0.216488
0.0581187
0.22436
0.32252
0.339081
0.0143616
0.200479
0.0109279
0.283663
0.503812
0.0251906
0.0104228
0.348162
0.245553
3.63662e-05
0.220323
0.675074
0.00403362
0.00827567
0.130458
0.00661555
0.0493521
0.0531269
0.00216872
0.383654
0.186705
0.330024
0.00890553
0.569719
0.00712194
0.0851651
0.0604341
0.0665695
0.598645
1.94171e-05
0.376433
0.0268789
4.67857e-05
0.0459142
0.0157746
0.0188853
0.359979
0.0725243
4.68053e-05
0.0129095
0.0262401
0.000680203
0.175459
0.000570534
0.00183776
0.00209857
0.0132915
0.252184
0.0343967
0.467264
0.439171
0.0117261
0.107915
0.141885
0.432132
0.000444632
0.328129
0.104939
1.44233e-05
0.616581
0.375855
0.0118548
0.0152963
0.0217604
0.0884011
0.353693
0.227857
0.0020745
0.0147332
0.310123
0.0029064
0.000214072
0.178957
0.0988633
0.0229787
0.124372
0.027023
0.0170953
0.169195
0.104537
0.052015
0.000515771
0.0899565
0.0640016
0.000215971
0.385154
0.0398372
0.708275
0.276926
0.016667
0.000296381
5.52357e-05
0.235402
0.37009
0.0262514
0.00340591
0.244185
0.00143709
0.0619776
0.0333732
0.233667
0.0179538
0.189677
0.196741
0.286649
0.0190454
0.00754356
1.88123e-05
0.000525428
0.0230549
0.08565
0.459913
0.0118387
0.446802
0.0202301
0.00530755
0.0020179
0.00440176
0.429179
0.063306
0.171566
0.0123125
0.124603
0.0847974
0.00321035
0.440373
0.296777
0.165204
0.000191292
0.0130042
0.102075
0.457358
0.109007
0.191231
0.448542
0.0800865
0.264607
0.44483
0.403172
0.07435
0.240402
0.00130567
0.0917139
0.254633
0.470844
0.000285709
0.187528
0.516956
0.0688994
0.254597
0.545468
0.466425
0.840915
0.0947694
0.000419342
0.403225
0.339212
0.00950286
0.183256
0.285962
0.0211787
0.00101002
6.49869e-08
0.00903555
0.00399789
0.740878
0.0214864
0.287125
6.97479e-05
7.39067e-06
6.8515e-06
0.00433256
0.214555
0.163478
0.0227875
0.331708
0.705208
0.0114206
0.378547
0.573634
0.28319
0.145623
0.358461
0.0527454
0.0077006
0.491119
0.00964411
0.180823
0.000386812
0.466988
0.0371112
0.0480422
0.425572
0.0584786
0.152115
0.000266023
0.000111686
0.24867
0.0466389
0.000923799
0.00366347
0.106758
2.81362e-05
0.0029876
4.16829e-06
0.149356
0.00844782
0.164579
0.0250805
0.184926
0.000549346
0.260435
0.0075447
0.074221
0.00394012
0.00116074
0.404223
0.000159457
0.0703359
0.000895286
0.00550512
0.00581783
0.331576
0.0388817
0.000572051
0.0621186
0.0183308
0.0701738
0.0615209
0.0152014
1.32811e-05
0.00229156
0.00225151
0.48621
0.115757
0.248001
0.00325254
0.000239985
0.152393
0.0139795
0.105031
0.0248862
2.73599e-05
0.00122352
0.317737
0.124435
0.0143375
0.169555
0.00072578
0.104427
0.000164756
0.0621264
0.00449126
0.0849921
0.0580158
0.270288
0.200705
0.00133262
0.00124414
0.0926817
0.334715
0.00685964
0.00602564
0.309969
2.94711e-05
0.0497511
0.0812956
0.327343
0.0297381
0.0185405
0.00284444
0.00308123
0.356906
0.441052
0.0234343
0.522281
0.0631094
0.0369491
0.193192
0.0817965
0.0641463
0.355652
0.0279856
0.0169184
0.0302093
0.00452001
0.00178318
0.267367
0.0552305
0.177309
0.249365
0.0127365
0.381388
0.560317
0.113114
0.36395
0.0153217
0.270195
0.188907
0.00383768
0.0158984
0.163506
0.00721096
0.0403744
0.0330716
0.217178
0.0186654
0.348918
0.0215155
0.406789
0.48792
2.24817e-05
7.25849e-05
0.196881
0.0601279
0.304576
0.20296
0.147647
0.131097
0.220988
0.106114
1.15673e-05
0.668368
0.218653
0.611753
0.218628
0.00606359
0.164234
0.0275181
0.0180101
0.00505178
0.0894461
0.345517
0.0366795
0.220786
0.00119626
0.608286
0.0139842
0.0353974
0.134252
0.0584745
0.455807
0.462923
0.0451561
0.0494334
0.537502
0.20526
0.126705
0.0125902
0.00281078
0.00273373
0.0931922
0.245701
0.112039
0.0682641
0.00252399
0.557666
0.000438716
0.00594437
0.318322
0.0454182
0.135461
0.0842243
0.0901726
0.146517
0.00259338
0.467178
0.222707
0.483931
0.056284
0.0606204
0.000366102
2.61284e-05
0.0788859
0.0361809
0.0255473
0.413999
0.449091
0.00184166
0.161851
0.222443
0.0152204
0.000247638
7.57785e-05
0.0359007
8.67077e-05
0.000133528
0.0238862
5.8625e-06
9.7812e-05
0.113882
0.167425
0.160309
0.302981
0.0718184
0.00117774
0.0151412
0.00510498
0.0362007
0.0195905
0.0561784
0.00488746
0.191113
0.195273
0.302508
0.0429421
0.0720627
0.00156865
0.00143784
0.56483
0.4378
0.188088
0.00118877
0.00451724
9.7694e-07
0.012667
0.335598
7.77218e-05
0.00725289
0.00105393
0.298513
0.339679
0.229304
0.55155
0.0101938
0.238797
0.00472279
0.00349371
0.00752303
0.0279291
3.24654e-05
0.00415416
0.00244379
0.417615
1.68718e-07
0.0309893
0.00112188
4.70665e-06
0.253402
0.000751353
0.0194894
0.0240266
0.0701413
0.000454945
0.308542
0.740997
0.00743442
0.301698
0.00238427
0.506217
0.130911
0.00106386
0.0612797
0.317734
0.00170531
0.425193
0.122769
0.00533102
0.00276769
0.625478
0.000372171
0.000946161
0.0479428
0.0218352
0.368597
0.00396112
0.0152105
0.000247634
0.00173526
2.06068e-05
0.454628
0.340624
0.773118
0.00182749
0.0275808
0.00240044
0.0179943
0.140896
0.0017957
0.370972
0.041013
0.294646
0.154098
0.379445
2.40694e-05
0.143825
0.219599
0.203617
0.0220136
0.00834399
0.144343
0.000141472
0.076567
0.204425
0.00198396
0.00591623
0.0625628
0.604838
0.000963255
0.0226858
0.00144554
0.00200351
0.244096
0.000927098
0.000433448
0.00247209
0.000364978
0.530707
0.652269
0.024754
4.10841e-05
0.00298119
0.17896
0.0169327
0.608747
0.108733
0.134528
0.0587413
1.65e-07
0.0503312
0.342132
0.297816
0.00011782
0.25376
0.00719688
0.120562
0.11675
0.318564
0.22777
0.00912191
0.5778
0.20585
3.66135e-06
0.321757
0.0208607
0.0886737
0.039673
0.032539
0.630721
0.382904
0.0568388
0.129829
0.0812307
0.612834
3.92296e-05
0.0106882
0.0199509
0.00138097
2.15686e-06
0.211991
0.307309
0.374214
0.0107152
0.0166454
0.0168905
0.122875
0.00176991
0.179084
0.489892
0.301135
0.174149
0.202408
0.278574
0.00664276
0.000119693
0.342249
0.51556
0.32354
2.68534e-06
0.188445
0.310085
0.00110858
0.00238153
0.000239599
3.81556e-05
0.182825
0.00189799
0.65453
0.266862
0.212981
4.30868e-05
0.000133088
0.0244569
0.132149
0.317869
0.297604
0.00597243
0.000422251
0.283537
0.259666
0.283723
0.0912278
0.238242
0.100137
0.0598233
0.0552028
0.00694941
0.562495
0.0631989
0.0144113
0.0427972
0.163922
0.0625607
0.158413
0.256425
0.000341612
0.326088
0.0846508
0.000361051
0.297761
0.0154972
0.463085
2.85391e-06
0.0575885
0.379628
0.11512
0.0124104
0.0324627
0.0117232
0.0349179
0.340138
0.510838
6.144e-07
0.141689
0.000104247
0.014843
0.129214
0.00118233
0.00511288
0.351569
0.0371735
0.0226233
0.483349
0.105695
0.00059769
0.0295563
0.0963083
0.251128
0.00221819
0.440649
0.30519
0.606356
0.331263
0.000758791
0.177925
0.254106
0.0313119
0.000527914
0.50511
0.266894
0.0102288
0.267988
0.149022
0.338208
0.323998
0.0885451
0.145894
0.64271
0.000334678
0.592941
0.0680837
0.00775399
0.0157017
0.0950135
0.00363429
0.0650444
0.151604
0.634971
0.273351
0.356262
1.03807e-07
0.450245
0.00258457
0.00361946
0.00264897
0.0826881
0.373702
0.11228
0.25745
0.0293782
0.00255581
0.238602
0.13491
0.0860562
0.029202
0.1919
0.025136
0.000522866
0.555793
0.0186331
0.00778102
0.000323332
0.651193
0.0200769
0.285673
0.460925
0.0601104
0.400027
0.297959
0.021049
0.0377953
4.30778e-05
0.00979134
0.254373
0.000698207
0.103749
0.405019
0.0539546
0.14531
0.0011848
0.00352115
0.000299961
0.0105527
0.000320685
0.357144
0.025534
0.394555
0.137866
0.0155452
0.318221
0.155533
0.0193023
0.0616138
0.000255837
0.0356617
0.341153
0.0116054
0.13358
0.00751477
0.209485
0.00299799
0.00236322
0.00300012
0.156066
0.162413
0.164225
0.010088
0.0330068
0.11364
0.284666
0.423645
0.0144197
0.325096
0.117789
0.0109564
0.515074
0.0094683
0.0134814
0.27389
0.00523839
0.132385
0.315201
0.0161913
0.0317172
0.0299406
0.00502755
0.854574
0.0152894
0.397662
0.0104876
0.0717106
0.0143205
0.000199754
0.0878678
0.0758162
0.0088784
0.302234
0.0533595
0.132772
0.06274
0.0340517
0.375189
0.000334242
0.269704
0.198327
0.00856156
0.00192415
0.35478
1.04557e-05
0.25403
0.568628
0.0120525
0.31895
0.331892
0.39241
0.0167224
0.250066
0.153773
0.0484064
0.0559277
0.00341065
0.00379032
0.290361
0.0109556
0.383421
0.0620155
0.00120258
0.000277706
0.124355
0.000550073
0.00642612
0.302881
0.107179
0.000425755
0.0201991
0.274439
0.311169
0.299051
0.41753
0.019554
0.0707827
0.0173343
5.69662e-06
0.247805
0.74693
0.41706
0.101099
0.0380556
0.271542
0.000445201
0.0419776
0.00074576
0.303921
0.419789
0.00280525
0.000679148
0.184261
0.0271987
0.312752
0.0754236
0.000125188
0.0216642
0.179837
0.000201853
0.344736
0.0866559
0.206785
0.0112585
0.486209
0.651706
0.0515951
0.000139055
8.50402e-05
0.247618
0.00046706
0.0155872
0.254537
0.290873
0.233923
0.00720394
0.180752
0.754531
0.00021105
0.00767807
0.127838
0.215952
0.0825358
0.000702332
0.446535
0.185904
0.289835
0.00247789
0.138407
0.0331833
0.0525801
0.0183118
0.326598
0.0392324
5.84503e-06
0.0899436
0.00425277
0.537498
0.09722
0.122772
0.325013
0.23697
0.528237
0.497812
0.0218132
0.00537148
0.0115443
0.126884
0.0184412
0.00304444
0.0305408
0.00392316
0.000209227
0.00418042
2.06831e-05
0.592757
0.0205982
0.0106426
0.132354
0.0028469
2.47968e-07
2.68829e-05
0.00976678
0.432964
0.216282
0.00129429
0.00312157
0.152067
0.475049
0.000597209
0.0968946
0.492213
0.000171846
0.165554
0.152066
0.527238
0.646529
0.459129
0.365018
0.356116
0.171921
6.75178e-05
0.297104
0.588439
0.0509732
0.0170848
0.063401
0.00152004
0.00132256
0.0406149
0.000430444
0.0687374
0.437905
0.419117
0.100409
0.0762285
0.228397
1.58384e-07
0.399763
0.271504
0.103465
0.268419
0.643167
0.458566
0.512947
0.0448369
0.149056
0.0725288
0.00441586
0.000120318
0.057874
0.0210741
8.162e-06
0.00371971
0.0564574
0.00282684
0.00381108
0.00621047
0.486447
0.00631152
0.0896398
0.542518
0.697134
1.80241e-05
0.564738
0.000683591
0.29706
0.303997
0.777448
0.0110916
0.0146847
0.216388
0.00123392
0.205859
0.00028536
0.0407613
0.227896
4.17315e-05
0.741824
0.00444732
0.210057
0.0031876
0.00728886
0.168467
0.0190124
2.81176e-05
0.0368801
0.0606636
0.0632892
0.000191944
0.21068
0.0838506
0.114578
0.2948
0.158474
0.00680001
0.191451
0.0162607
0.045485
0.277443
0.557648
0.0116054
0.0319039
0.301302
0.025536
0.00126433
0.00328979
0.00489431
0.0172535
0.272262
0.185055
0.471049
0.00312996
0.0740966
0.576605
0.11828
0.453516
0.427135
0.210216
0.329022
0.0186037
0.0651655
0.00478784
0.00142165
0.0112846
0.392379
0.0408496
0.0181766
0.708553
0.00204193
3.91738e-07
0.0221344
0.324588
0.252257
0.0660818
0.0827262
2.68092e-06
0.00496027
0.489323
0.00446808
0.119936
0.23798
0.521419
0.298912
0.579166
0.0788393
0.328023
0.0313429
0.2443
2.35198e-06
0.44365
0.378136
0.208628
0.000648296
0.0964957
0.0398669
0.627116
0.321593
0.171488
0.370418
0.0774034
0.189256
0.0617682
0.307477
0.334617
0.321579
0.313642
0.470535
0.4815
0.0824407
0.000315152
0.0213648
0.000346895
0.0938041
0.109491
0.1813
0.471998
0.560146
0.193377
0.458437
0.22656
0.00477067
0.0403169
0.723462
0.475446
0.592228
0.310479
0.149543
0.0922731
0.00749166
0.0619008
0.123294
0.170738
0.307281
0.302332
0.000601727
0.0148203
0.000349738
0.0129187
0.61123
0.000290728
0.00362141
0.00153629
0.0741276
0.539169
0.201091
0.613731
0.234693
0.0132376
0.064184
0.00865457
0.075804
0.37162
0.584518
0.380299
7.06639e-05
0.00287553
0.017532
0.10436
1.49066e-05
0.138747
8.26298e-07
0.00613475
0.129123
0.514137
0.398795
0.109923
0.204995
0.779562
0.0726518
0.333651
0.382029
0.0662642
0.00159613
0.00315936
0.0197749
0.50422
0.0532199
0.402584
0.275059
0.186177
0.255009
0.247481
0.503852
0.0171363
0.243944
0.152845
0.182886
0.00954001
0.000128164
0.188557
0.000131732
0.418125
0.000373316
0.0228794
0.405195
0.004182
0.000148898
0.516309
0.109768
0.00154218
0.0562752
0.0667922
0.133568
0.032146
0.00864215
0.0077122
0.192171
0.00013947
0.139495
0.220856
0.00015257
0.0109945
0.217091
0.327803
0.532739
0.000479879
0.551254
0.0308352
0.216549
0.202632
0.000350839
0.0690285
4.41177e-07
0.0117871
0.305987
0.00666549
0.0530031
0.326117
0.00302111
0.0882638
0.384507
0.427703
0.339091
0.00279817
0.280542
0.0887178
0.0505136
0.301472
0.0567527
0.00970272
0.0138043
0.000170114
0.229543
0.142119
0.422539
0.137607
0.300222
0.0587706
0.0999333
0.0274419
0.668144
0.00119115
0.26583
0.00607804
0.242364
0.0915306
0.0229998
0.536344
8.53516e-05
0.208951
0.297062
0.288305
0.494581
0.0492525
0.0167096
0.537736
0.00160418
0.0404603
0.356186
0.501966
0.189223
0.0404894
0.370795
0.0308565
0.0816786
0.682613
0.0190783
0.00139501
0.008367
0.36822
0.0109271
0.0138691
0.0771334
0.0291928
0.198545
0.138491
0.292575
0.180119
0.271623
0.227139
0.00772959
6.00044e-07
0.00103736
0.0842414
0.00123817
0.44482
0.00263311
0.304074
0.00188958
0.52829
0.000409286
0.00886066
0.0202538
0.000470202
0.0209056
0.540229
0.379269
0.294414
0.406651
0.625043
0.261533
0.000826822
0.00245854
0.527814
0.050364
0.0535944
0.291184
0.11951
0.0101259
0.0150416
0.238981
0.0215983
0.0682659
0.555718
2.3332e-05
0.242054
0.536306
0.244024
0.137568
0.25674
0.293679
0.466888
0.321201
0.199002
0.253167
0.199763
0.00178019
0.00285815
0.117711
0.206054
0.0101608
0.0499199
0.000345498
0.302565
0.343642
0.491913
0.0276588
0.20602
2.1837e-05
0.000152565
0.0905153
0.0921299
0.0227359
0.0430159
0.0791586
0.0466462
0.0377191
0.104546
0.224869
0.444436
0.133992
0.220471
0.224938
0.0837075
0.000123362
0.363442
0.0464876
0.436796
5.45383e-05
0.0404627
0.175914
0.00682888
0.0211666
0.00146497
0.0530837
0.205347
0.445506
0.0887276
0.330371
0.0484769
0.284219
0.514102
0.416631
0.300772
0.0118709
0.471689
0.0211626
0.676714
0.00485949
0.171252
0.0292667
0.0344565
0.0442689
0.000909111
0.0632859
0.0582411
0.000298949
0.449053
0.211303
0.263625
0.302959
0.386452
0.0969945
0.00772812
0.000101179
0.48952
0.17063
0.307222
0.000560371
0.110765
0.646335
0.258064
0.0150619
0.0695363
0.00450883
0.441571
0.000841951
0.295693
0.0621558
0.00414892
0.0849924
0.0121069
0.0570077
0.403
0.00246063
0.650422
0.184135
0.435281
0.000151171
0.0290512
0.00897743
0.0475724
0.252571
0.020655
0.00595738
0.490737
0.039661
0.00399823
0.249016
0.662447
0.0998049
0.0280391
0.370966
0.255506
0.0122313
0.00517454
0.377725
0.00753328
0.0309043
0.525206
0.141005
0.116447
0.117734
0.129438
0.0210733
0.422671
0.0107155
0.317382
0.410703
0.276908
0.00636633
0.161224
0.508771
0.0414527
0.00126756
0.467872
0.0228993
0.00756236
0.101847
0.000653769
0.189635
0.0288848
0.452535
0.30203
0.0016483
0.0188687
0.0218491
0.00400104
0.000283362
0.201231
0.427931
0.327748
8.6716e-06
0.134888
0.474388
0.00142105
0.0367794
0.0672954
0.00379495
0.509148
0.0500667
0.0232009
0.0370491
0.026699
0.0750781
0.021448
0.209226
0.567552
0.0140098
0.00384919
0.013782
0.0655496
0.326373
0.192822
0.0188233
0.0618512
0.000231007
0.0201857
0.283568
0.646398
0.502408
0.348841
0.00355871
0.0955529
0.00281919
0.0172834
0.345507
0.479974
0.00180432
0.000854071
0.479803
0.0234783
0.121573
0.414609
0.225219
0.0135868
0.00201735
0.52695
0.00244501
0.373982
0.408817
0.00244985
0.416791
0.076792
0.279079
0.138001
0.304195
0.475281
0.368804
0.123242
0.0552468
0.0526847
0.249316
0.000988787
0.00935329
0.0163183
0.00321252
0.00731932
0.180192
0.00656873
0.0015812
0.270037
0.0655306
3.5129e-05
0.288997
0.513208
0.151327
0.172426
0.239743
0.464786
0.162306
0.466176
0.604909
0.0386288
0.397442
0.000492093
0.352753
0.0390574
0.0132111
0.227977
0.0213829
0.497482
0.146995
0.336458
0.000330122
0.290518
0.000557126
0.0216525
0.0279794
0.165571
0.152879
0.0658806
0.111023
3.92557e-05
0.377166
0.608377
0.300353
0.167147
0.000830649
0.0141086
0.704158
0.0469121
0.664893
0.00116009
0.197045
0.00263498
0.508773
0.397736
0.576533
0.506782
7.88377e-05
0.155884
0.0588889
0.0274483
0.2989
0.389055
0.447613
0.011099
0.16614
0.437857
4.67072e-06
2.31316e-05
0.175183
0.0202983
0.0171814
0.0247742
0.0355434
0.486643
0.103868
0.0687044
0.229132
0.430012
0.13032
0.0803668
0.0256053
0.193612
2.05919e-05
0.00103075
0.00245759
0.420621
0.158264
0.486721
0.000244124
0.000353673
0.0615609
0.411171
0.183364
0.00259513
0.43149
0.451536
0.194445
8.40472e-05
0.0807684
0.0875944
0.298109
0.000191044
0.301804
0.500843
2.33015e-05
0.279806
0.371695
0.00454945
0.0246996
0.668164
0.00198863
0.434157
0.1234
0.184233
0.282571
0.0745647
0.0712432
0.000431897
0.0807529
0.113473
0.0249377
0.203436
0.0537088
0.195595
0.0567991
0.000225782
0.000196054
0.00306748
0.0444596
0.22399
0.000768299
0.0389241
0.00710145
0.00829404
0.0162244
0.180491
0.30097
0.284232
0.067722
0.0136041
0.00300596
0.00446492
5.88596e-05
0.0261408
0.088997
0.0506713
0.000403935
0.0181623
0.0298865
0.392722
0.00056352
0.000348242
0.0100299
0.379834
0.120698
0.38702
0.230968
0.000326906
0.183742
0.0023875
0.360617
0.000495799
0.179945
0.00187378
0.107459
0.280298
0.0326718
0.614923
1.66153e-05
0.00373334
0.324951
0.0977804
0.00128765
0.00304779
0.581361
0.608713
0.10418
0.0792421
0.0413297
0.0063469
0.291065
0.0322228
0.000653357
0.00635145
0.23638
0.0130012
0.0369839
0.152292
0.00483095
0.161351
0.000299816
0.183046
0.137898
0.106151
0.104702
0.458699
0.0493399
0.322303
0.0758857
0.35982
0.391435
0.00822061
0.0419961
0.125584
0.515204
0.00277971
1.03744e-05
0.00680389
0.00798255
0.335382
0.239491
0.0237641
1.30847e-06
0.280317
0.649499
0.0881827
0.0025307
0.0574043
0.0443521
0.256669
0.335578
0.00999363
0.032531
0.00722266
0.0511185
0.00103762
6.17971e-05
0.00127817
0.0813018
0.0126075
0.107414
1.81182e-07
0.084837
0.408085
0.322974
0.000196657
0.301181
2.74484e-05
0.250464
0.630077
0.0208622
0.000152424
0.286277
0.494522
0.018164
0.0838858
0.0441391
0.292791
0.0154899
0.0716565
0.247513
0.0395332
0.0356642
0.0010946
0.0172667
0.00487619
0.0276084
0.0206338
0.00539971
0.267192
0.065018
0.0679432
0.169425
0.435993
0.0131795
0.116944
0.482635
0.373196
0.238557
0.336384
0.251604
0.0260966
0.146747
0.0614708
0.0341872
0.341407
0.252505
0.170232
0.548814
0.153005
0.40813
0.00271384
0.000223435
0.00166575
0.185688
0.261758
0.0220618
0.648636
0.000193552
0.0548293
0.0283412
0.0013397
0.0860923
0.0331248
0.314008
0.0433711
0.245728
0.0625454
0.00560338
0.00218147
2.49387e-05
0.537399
0.673763
0.633215
0.341097
0.0295648
0.0302679
0.106103
0.12704
0.0172662
0.333795
0.0142926
0.00389444
0.174701
0.00857893
0.174139
0.32971
0.103328
0.00118005
0.318118
0.0350666
0.00738745
0.329675
5.85508e-06
0.0246843
0.514593
0.581169
0.0455344
1.57313e-05
0.345654
0.116615
0.00604761
0.240233
0.113998
0.0811063
0.0171836
0.0166052
0.272298
0.000148832
0.221581
0.1131
0.00597389
0.22428
0.0512699
0.839468
0.000728742
0.205832
0.0211876
1.25551e-08
0.000335233
0.499849
0.114068
8.23301e-06
0.0224082
0.0176937
0.0219446
0.036226
0.478505
0.0570242
0.0189399
0.000405589
1.77074e-05
0.0400411
0.536096
0.138099
0.0216289
0.00903066
0.00295944
0.0394621
0.30732
0.164961
0.0177329
0.00703992
0.0188964
0.2624
5.62414e-05
0.341901
0.0673881
0.00487628
0.327802
0.463643
0.00325403
0.216197
3.85225e-05
0.154513
0.0356591
0.257598
0.0149781
0.00249676
0.00501675
0.316264
0.000114424
0.00438584
0.0788315
0.332966
0.286794
0.00262607
0.176046
0.204589
0.0550656
0.100041
0.00496148
0.114294
0.187293
0.000293084
0.000609185
0.410997
0.180484
0.00059699
0.000910516
3.47144e-05
0.00331722
0.0600883
0.641402
0.0447912
0.148143
0.000126994
0.000279984
0.000420186
1.04486e-05
3.28462e-05
0.206469
0.0953396
0.0213351
0.0631969
0.0657592
0.266783
0.577262
0.565852
0.148402
0.00309749
0.147021
0.00796809
0.013766
0.0155791
0.442689
6.64822e-05
0.0141282
0.299781
1.60559e-06
0.00907178
0.0198676
0.00417503
0.302978
0.0604838
0.215507
0.232321
0.000686818
0.0154143
0.00280853
0.00163921
0.0233942
0.0566505
0.570894
0.250133
0.381883
0.00682542
0.149105
0.0475219
0.287266
0.522942
0.0253049
0.47903
0.24335
0.36223
0.284032
0.439382
0.636121
0.568472
0.0464702
0.00585205
0.0173885
0.00237467
0.0361331
0.742998
0.0500378
0.00221057
0.00484767
0.022675
0.000781988
0.0289413
0.000102295
0.0440957
0.0300478
0.000466495
0.357437
0.000219838
0.103521
0.0761072
0.309092
0.250578
0.508371
0.184474
8.87487e-06
0.0176102
0.0267136
0.0573672
0.152277
0.000160479
0.0783767
0.000681057
0.0756641
0.0585885
6.51006e-05
0.326575
0.0961192
0.170207
0.00176223
0.136616
0.00261818
0.103093
0.290167
0.00199912
0.057197
0.458956
0.14091
6.31498e-05
0.250414
0.174308
0.723206
0.00721509
0.000132495
0.000372897
0.00536005
0.00241059
0.0215457
0.000886783
0.00252074
0.356224
0.184619
0.00535554
0.71557
0.041236
0.00650207
0.0189818
0.286305
0.005979
0.184208
0.342489
0.491107
0.0941158
0.119764
0.637415
0.000894947
0.000325319
0.126594
0.00299433
0.0273068
0.270666
0.00568111
0.00282279
0.00791322
0.356975
0.654939
0.272697
0.00463528
0.0771779
0.00537033
0.267495
0.00511098
0.0228789
0.00860908
0.160793
0.00484067
0.389447
0.00213797
0.0497274
0.176706
0.118252
0.000170348
0.00047374
0.0222794
0.0987937
0.000182592
0.643491
0.425846
0.0858901
0.0396908
0.0602931
0.28457
0.0120385
0.0149293
0.13922
0.0744931
0.000571853
0.325255
0.0668592
0.165751
0.280873
0.0757982
0.406528
0.0175849
0.230394
0.00949472
0.119605
0.0849491
0.128729
0.409898
0.16737
0.172132
0.496456
0.00651968
0.0320822
0.0522183
0.00981535
0.133986
0.508394
0.293793
0.0104099
0.00600394
0.0354525
0.00398499
0.27421
0.451356
0.270359
0.0787117
0.000105943
0.0126283
0.392735
0.0364639
0.578774
0.238755
0.469948
0.00235429
0.11814
0.0275892
0.0130325
0.000985824
0.00804112
0.237344
0.392506
0.171152
3.24244e-05
0.018301
0.0693722
0.435824
4.65523e-07
0.00274554
0.347519
0.2387
0.0700339
0.223394
0.00447492
0.343924
0.0137485
0.00223673
0.00168944
2.74752e-05
0.106348
0.000105307
0.000557997
0.13711
0.361994
0.00202528
0.511814
0.0374577
0.000818331
0.00737084
0.386043
0.328223
0.359663
0.000673186
0.0548345
0.681997
0.109403
0.430539
0.499811
0.473195
0.0377813
0.0671001
0.55847
0.0915995
0.186499
0.617451
0.551003
0.0207456
0.0098816
0.00154249
0.432769
0.123835
0.302459
0.000136713
0.689341
0.00615155
0.00401413
0.337546
0.0338545
0.255018
0.0240665
0.536901
0.620734
0.242111
0.0318762
0.0593541
0.295388
0.000323222
0.0481491
0.262163
0.383253
0.204267
0.187499
0.213234
0.413273
0.000487753
0.764253
0.562719
0.00124111
0.00137883
0.505102
0.0639036
0.037443
0.000192437
0.00371746
0.0063559
0.00798789
0.000147092
0.0172231
0.00120493
0.000638827
0.000911603
0.203105
0.0624125
0.042816
0.03921
0.0124281
0.0144658
0.0348185
0.173493
0.0122778
0.259557
0.135776
0.0513631
0.00152615
0.0325826
0.190057
0.296562
0.000696301
0.0127762
0.223529
0.00217337
0.394069
0.00150843
0.480318
0.707275
0.20005
0.0215257
0.0132117
0.0303457
0.164411
0.0063462
0.444816
0.355274
0.2388
0.000720106
0.534778
0.300623
0.000284334
0.136889
0.02275
0.70718
0.0272982
4.0135e-05
0.019601
0.0978412
0.265779
0.371153
0.104665
0.00515713
0.00251737
0.000753948
0.204459
0.0549702
0.313237
0.0135878
9.81066e-06
0.0302682
0.00252375
0.0014912
0.00310284
0.053611
0.0138748
0.00410003
0.00167692
0.00687569
0.00135611
0.172136
0.0635991
0.0031239
0.575762
0.001119
0.0825464
3.75912e-06
0.39366
0.0219401
0.291489
0.00329239
0.198779
0.298053
0.000753268
0.373798
0.0958521
0.000278851
7.13026e-05
0.0235524
0.102868
7.72137e-05
0.0893354
0.00754638
0.0224306
1.67918e-06
0.308871
0.0775576
0.000608753
0.785537
0.00179712
0.476703
0.32937
0.173005
5.67664e-06
0.0107527
0.0332299
0.188777
0.000937676
0.0427481
0.151558
0.0347287
0.00569478
0.376176
0.13215
0.000160663
0.145032
0.324378
0.24017
0.000970023
0.00526405
0.0210854
0.00875273
0.000286038
0.263269
0.0218368
0.143562
0.0975252
0.704911
0.665055
0.276044
0.296648
0.281624
2.79959e-06
0.00032763
0.482341
0.00442239
5.254e-05
0.0136675
0.00535736
0.0175091
5.37818e-05
5.68233e-05
0.175525
0.0342402
0.682592
0.00842883
0.0384715
0.103945
0.0316
0.0988597
6.87849e-06
0.034618
0.158173
0.0424301
0.00157238
0.0424249
0.023748
0.301908
0.268921
0.00897026
0.000216758
0.00337729
0.483474
0.203016
0.00432432
0.0316009
0.0225052
0.0192083
0.29996
0.664275
0.588587
0.010096
0.00896016
0.00160954
0.530434
0.0650524
0.0794199
2.01606e-06
0.350117
0.387196
0.0899465
0.00301791
0.000380983
0.00962523
0.00494456
0.0099363
0.0174235
0.416065
0.495853
0.0221824
0.294718
0.0111336
0.0185135
0.03981
2.03267e-05
0.269582
2.08406e-05
0.308912
0.538589
0.00642206
0.341767
0.00327788
6.3482e-05
0.188364
0.000786701
0.320472
0.000371471
0.238539
0.0412596
0.295922
0.0135981
0.0200737
0.222201
0.682674
0.00807658
0.366548
0.457576
0.0059825
0.0440042
0.00427141
0.000584399
0.280085
0.00100905
0.287135
5.73189e-05
0.0063546
0.300133
0.441636
0.0522003
0.216053
0.0123811
0.722827
0.229109
0.000337219
0.0286118
0.00119527
0.00284294
0.216472
0.412997
0.0159736
0.147847
6.41888e-07
0.474445
0.185667
0.526571
0.0999947
0.00253139
0.223513
0.00120959
0.305622
0.0114906
0.13954
0.0984003
0.0193298
0.00115264
0.14997
0.532401
0.00419735
0.280955
0.362515
0.321082
0.157549
0.100217
0.114996
0.334427
0.269033
0.00872147
0.597476
0.203085
0.0164678
0.52366
0.00987018
0.017972
0.0411754
0.108361
0.137032
0.00536321
0.567618
0.216395
0.0204076
0.10725
0.0238387
0.0419458
0.00314649
0.0020298
0.00404451
0.17741
0.123088
0.00401947
0.310228
0.000275995
1.3336e-05
0.0272877
0.00854871
0.00951528
0.0248309
0.642128
0.00923601
0.625921
0.0388189
0.270913
0.487319
0.085972
0.0332452
0.00354425
0.00926057
0.034108
0.155787
0.625038
0.354126
0.00948008
0.044866
0.269426
0.327299
0.595525
0.113468
0.369976
0.298841
0.0418786
0.0258656
0.0169949
0.300153
0.0048218
0.658391
0.000965407
0.000216227
0.495611
0.00318826
0.0569393
0.118622
0.342393
0.505315
0.24762
0.247053
0.113866
0.00371426
3.68604e-07
0.1373
0.352815
0.284389
0.0520801
9.15015e-05
0.661582
0.0251893
0.0967606
0.451241
0.151798
0.223476
2.89515e-06
0.457402
0.0312161
0.199907
0.121038
0.427266
0.0841302
0.189233
0.0961076
0.00182365
0.112572
0.026083
0.22586
0.274768
0.114308
0.0651442
0.020491
0.012539
0.40275
0.213836
0.0133596
0.00947119
0.00158105
0.208791
0.00424277
0.0270832
0.0291732
0.590599
0.0123831
0.105338
0.0251501
0.353501
0.503922
0.426301
0.0192914
0.00355091
0.557414
0.0912463
0.335706
0.00408615
0.451846
0.137677
0.271954
0.0383892
0.0121956
0.0302083
0.0989581
0.490299
0.315336
0.0123418
0.000120754
0.429712
0.176841
0.533761
0.412822
0.0443768
0.00242856
0.000951005
0.025105
0.00304485
0.0228497
0.230061
0.184896
0.00860998
4.72783e-06
0.575294
0.349823
0.105736
0.440823
2.16469e-05
0.0216537
5.62234e-05
0.342
0.0086253
0.00795259
0.735496
0.312379
0.0642834
0.000376559
0.208817
0.0962102
0.00167362
0.00393236
0.0165398
0.0201834
0.530277
0.00363633
0.182269
6.12097e-05
0.111338
0.199322
0.00457758
0.71308
0.354241
0.0063037
0.0118964
0.163943
0.557012
0.666281
0.0763365
0.354004
0.115193
0.651232
0.285222
0.396864
7.70881e-05
0.301034
0.435148
0.289573
0.00725132
0.000499724
0.000210028
0.0158829
0.00390066
0.166332
0.055391
0.0328634
0.224392
0.000287132
0.0186794
0.0136902
0.304659
0.00368293
0.526085
0.43888
0.00790042
0.000877225
0.107575
0.00314258
1.006e-06
0.0185405
0.38665
0.299391
0.00442561
0.000247359
0.548837
0.545111
0.259125
0.311176
0.34788
0.000478614
0.289562
0.313683
0.214663
0.000218028
0.000473046
0.326575
0.00146536
0.208069
0.000287513
0.116624
0.049958
0.0300812
0.172026
0.00130544
0.173636
0.529215
0.334661
0.391817
0.184264
0.186274
0.010388
0.000228351
0.0144801
0.191349
0.000351963
0.260147
0.0424478
0.271367
0.265052
0.409924
0.00365246
0.36176
0.00614439