0.405613
0.179877
0.342547
0.0278372
0.20091
0.00160479
0.0994226
0.253676
0.423205
0.000375809
0.0505426
0.00021338
0.0424469
0.0116449
0.0468434
0.00706408
0.00689971
0.053943
0.00175183
0.000525618
0.00325937
0.0879053
0.193976
0.00477833
0.00849976
0.355776
0.0150134
0.069289
0.00265749
0.0225433
0.0108804
0.00670975
0.0911396
0.468005
0.000713707
0.221887
0.00198337
0.384282
0.0137077
6.61368e-06
0.139149
4.47607e-06
0.185847
0.000620962
0.0086732
0.00185285
0.47446
0.166727
0.300662
0.459879
0.0245304
0.101344
0.229388
0.339924
0.0522482
0.000395685
0.268859
0.258196
0.0174338
0.498234
0.000613215
0.00590586
0.365014
0.611146
0.157838
0.0024986
0.0057274
0.047499
0.570169
0.0341107
0.441465
0.0606908
0.000179236
0.0298121
0.523131
0.00304018
0.469464
0.253905
0.097984
0.0452155
0.00795185
0.13596
1.01384e-05
0.0734087
0.0235668
0.177833
0.43551
0.54071
0.00536573
0.0606626
0.013013
0.0799971
0.0358645
0.000125036
0.0414537
0.0951965
0.0106486
0.100478
0.013017
0.252081
0.309581
0.271328
0.000821014
0.565296
3.10096e-06
0.00019786
0.0204826
0.000396526
0.569178
0.00307501
0.129607
0.0495283
0.27702
0.00225249
0.00263555
0.696732
0.00740501
0.260181
0.237385
0.00915656
0.279613
0.495834
0.000824697
0.00187736
0.0665394
0.146774
0.00215907
0.155232
0.168804
0.307429
0.00224308
0.00192108
0.088891
0.000564641
0.0202352
0.0273818
0.0195088
0.00482805
0.066723
0.395292
0.29472
1.59957e-06
0.000344918
0.0163573
0.0486056
0.053485
0.00218232
0.372695
0.00238291
0.299266
0.420148
0.0175388
0.184083
0.391537
0.206815
0.00340958
0.246329
0.0033535
0.339176
0.00979142
0.403715
1.88254e-05
0.420352
0.14236
0.281198
0.391222
0.00142319
0.0338393
0.34487
0.306833
0.0233257
0.60705
0.194796
0.000741729
0.0075523
8.11889e-05
0.490576
0.0371457
0.00380307
0.00125609
0.156083
0.000153926
4.75624e-06
0.258729
0.0416391
2.47056e-06
0.185623
0.035512
0.444332
0.350592
0.335548
0.0781556
0.0799723
0.131777
0.266765
0.573083
0.000730031
0.175853
0.254929
0.0355845
0.00337284
0.331464
0.00834125
0.406646
0.0100259
0.0207512
0.0963928
7.35775e-05
0.00301702
0.00649465
0.118085
0.302986
0.00531627
0.0180491
0.3651
0.210689
0.146654
0.0252279
0.38639
0.437724
0.0376381
0.590921
2.57844e-05
0.498171
0.288737
0.258015
0.572893
0.239703
0.496857
0.269616
0.000389721
0.00162913
0.373465
0.0912562
0.00236588
9.59919e-05
0.00516491
0.5773
0.0569228
0.0127487
2.09634e-06
0.0188023
0.48702
0.114576
0.311466
0.557549
0.0500333
0.586107
0.00016605
0.534881
0.0318932
0.000523767
0.000196786
0.128224
0.454183
0.573933
0.208345
0.102795
0.157139
0.132767
0.0482522
0.0666514
0.0860054
0.0383156
0.0685062
0.462901
0.419302
0.0014746
0.0148912
0.223441
0.132674
0.118516
0.000687769
0.0875941
0.000410308
0.442161
0.00243118
0.0605132
0.292159
0.43467
0.283705
0.526834
4.82015e-05
0.000510989
0.114554
9.70531e-06
0.00164816
0.156493
0.028073
0.0137351
0.000401174
0.000196966
0.0127125
0.154895
0.0102467
0.238123
1.20452e-06
0.00521595
0.294369
5.35491e-06
0.000232456
0.0175979
0.0197404
0.511697
0.123614
0.00153686
0.215436
0.00610305
0.129439
0.331779
0.199819
0.000167784
0.018732
0.380384
0.0334568
0.0077558
0.393617
0.0254305
0.000114571
1.31059e-05
0.240332
0.142615
0.234853
0.129232
0.305516
0.239091
0.0533804
0.0264159
0.337733
0.00280466
0.0633829
0.183604
0.315076
0.00472684
0.000986408
0.101319
0.0984466
0.00132919
0.0732661
0.18118
0.0364047
0.0574052
0.162115
0.280457
0.0036484
0.00131629
0.00872746
0.0236679
0.00230821
0.181313
0.00674563
0.00106046
0.443748
0.00441697
0.041499
0.157654
0.448874
0.0421045
0.0405851
0.0101915
0.00042237
0.00214345
3.46373e-05
0.307788
0.000777752
0.518897
0.104253
0.326957
0.129481
0.0137942
0.355822
0.00285383
0.0413824
0.171799
3.89416e-05
0.145627
0.558583
0.247575
0.312858
0.00451438
0.0102146
0.192311
0.000261954
0.289602
0.141583
0.121329
0.00305365
0.0495721
0.107136
0.0490837
7.56006e-05
0.000521563
0.389076
0.56034
0.0987078
0.0129778
0.0160485
0.738655
0.111379
0.288891
0.018648
0.00242624
0.0222831
0.0246515
0.0337556
0.488777
0.00224865
0.105898
0.00271189
0.0356818
0.214821
0.33765
0.409249
0.00541081
0.0418789
0.000778595
0.33925
0.195523
0.218345
0.127195
0.0214983
0.409615
0.308825
0.372285
0.0754304
0.0500326
0.0441969
0.463004
0.153328
0.0530515
0.24256
0.00505069
0.55431
0.237842
0.425453
0.115109
0.110065
0.51949
0.172406
0.0115011
0.00342358
0.0517335
0.00358429
0.355891
0.0195274
0.41974
0.0145231
0.00788154
0.191463
0.291812
0.463727
0.338741
0.224912
0.48443
0.000216325
0.00683003
0.298809
0.438876
0.00459994
0.614068
0.0911715
0.00728167
0.00153105
0.337078
0.396669
0.0030466
0.045692
0.33894
0.454283
0.000831285
0.26145
0.000390399
0.0406487
0.337793
0.283871
0.109645
0.423846
0.25719
0.288516
0.0969128
0.321783
4.12695e-05
0.00488393
0.256021
0.0941121
0.191561
0.000190512
0.000241907
0.285133
0.0087351
0.000458992
0.0579885
0.125209
0.00014353
0.000610104
0.0071239
0.00526156
0.280712
0.0203723
0.0172364
0.10848
0.0112225
0.00357558
0.0851204
0.00110358
9.79263e-06
0.080892
0.000334524
0.473982
0.000414008
2.18158e-05
0.000117613
9.76894e-05
0.0237789
0.000210712
0.302552
9.03829e-05
0.241647
0.312973
0.248389
0.161923
0.00123432
0.0412584
0.0117326
0.0572749
0.105255
0.507613
0.000431677
0.364617
0.0677061
0.144538
0.567766
0.304689
0.000319434
0.000764762
0.00231264
0.136171
0.314744
0.166121
0.406115
0.033031
0.0423402
0.300097
0.000177768
1.99949e-07
0.022816
0.00208535
0.0153877
0.0071491
0.0153984
0.251451
0.196715
0.0359635
0.0112717
0.000122254
0.010244
0.163817
0.000290081
0.575673
1.11443e-05
0.000435836
0.0216233
0.0011378
0.0941585
0.0356142
0.0118383
0.0123168
0.449733
0.330302
0.230526
0.00336657
0.0106453
0.00339256
0.630213
0.0922946
0.0384835
0.00123033
0.380762
7.91985e-05
0.291042
0.00910209
0.15567
0.00238339
0.437491
0.00055904
0.0896453
0.405303
0.00111863
0.00112356
0.00211832
0.00322823
0.268511
0.00028542
0.254845
0.0225661
0.0154775
9.60265e-06
0.237707
0.117329
0.301517
0.168901
0.024118
0.087562
0.000112043
4.15229e-05
0.000411029
0.593878
0.253866
0.338061
4.76074e-05
0.078122
0.172332
0.00023126
0.000253538
0.00949044
0.127239
0.0907559
0.0641423
0.369159
0.00421214
0.00211769
0.498938
0.00211964
0.512911
5.67923e-05
0.0012786
0.139492
0.0389891
0.0525161
0.508573
0.419842
0.0551041
0.0132931
0.343231
0.146266
0.00577522
0.00737759
0.458147
0.0624678
0.0862074
0.422922
0.500024
0.0680565
0.00365678
0.0593158
0.0886577
0.0341525
0.328667
0.0502503
0.0311802
0.136364
0.57972
0.0165946
0.48062
4.9415e-05
0.440046
0.000882468
0.199591
0.0141105
0.00792109
0.00330771
0.300333
0.000159714
0.43577
0.415163
0.175335
0.288151
0.0224606
0.0483594
0.110399
2.02362e-06
0.098714
0.446041
0.000709131
0.271842
0.584626
0.00705979
0.332826
0.648401
0.130901
0.319938
5.59102e-06
0.402745
0.0867229
0.00761266
0.160408
0.000249144
0.491196
0.0572233
0.65439
0.0939316
0.0231991
0.0162853
0.00215356
0.0051796
0.137233
0.376381
0.00661088
0.00139335
0.00331426
0.000872677
0.261098
0.000600466
0.021036
0.00425002
0.150068
0.297507
0.0272188
0.292412
7.81658e-05
0.0999845
0.0020046
0.00448636
0.00269145
0.000872619
0.416851
0.166465
0.441749
0.193204
0.0605148
0.176309
0.0285529
0.00162687
0.00889476
0.158431
0.336347
0.0087992
0.258279
0.250273
0.0189392
0.202955
0.000640549
0.00734928
0.0403224
0.0111052
0.320594
0.0628052
0.409618
0.000250593
0.26139
0.0116883
0.0275655
0.224289
0.000734897
0.497678
0.0262676
0.506914
2.01238e-05
0.019955
0.233231
0.00104606
0.102705
0.0140001
0.0126075
0.00817735
0.095906
0.000791931
0.0256355
0.0290479
0.00191134
0.322701
0.312496
0.00166198
0.0137657
0.000258129
0.00296475
0.224514
0.289104
0.0101397
0.149652
0.588978
0.298537
0.000984971
0.0173319
0.0117957
0.457642
0.0613774
2.24268e-05
7.33077e-05
0.00760149
0.000422358
0.000113941
0.00862423
0.316037
0.00757755
0.256424
0.590622
0.41972
0.675987
9.37254e-05
0.0197285
0.017157
0.845312
0.0456741
0.33077
0.020718
0.417397
0.256226
0.211495
0.306094
3.44783e-05
3.11448e-06
0.0257992
3.63984e-05
0.348857
0.192259
0.346981
0.0755218
0.00343003
0.280406
0.232393
0.142216
0.00693093
0.00222031
0.462559
0.0174182
0.00505234
0.351445
0.484109
0.353932
0.280956
0.0743511
0.0109198
0.1202
0.00188047
0.734208
0.17053
0.000549657
0.290889
0.460535
0.192515
0.283712
0.00463076
0.260825
0.355441
0.0282928
0.204838
0.22735
0.210363
3.41494e-06
0.000107665
0.245359
0.00132701
0.000281784
0.0175316
0.390614
0.171652
0.0484466
0.118393
0.00123581
0.119043
0.300879
0.00220946
0.00859224
0.00345917
0.558936
0.0722788
0.0146938
3.27293e-05
2.88264e-05
0.00121073
0.0186984
0.0184263
0.137947
0.00508674
0.000643392
0.576857
0.133342
0.00203292
0.00202298
0.232597
1.0276e-06
0.0654346
0.000297213
0.0837663
0.0776549
0.00106866
0.197474
0.140363
0.160718
0.127646
0.0381014
0.142491
0.0264577
0.0258803
0.557163
0.397655
0.348372
0.243734
0.0650483
0.000823741
0.213909
0.325743
0.301355
0.0143173
0.110034
0.509638
0.0596696
0.334699
0.0307783
0.604354
0.011072
0.00490125
0.00118499
0.106284
0.0921896
0.00180509
0.0814078
0.00010091
0.00590706
0.264019
0.0180972
0.672041
0.031832
0.123893
0.00125039
0.20601
0.0177213
0.0243631
0.11832
0.12481
2.62522e-05
0.00606589
0.117758
0.286176
0.00538579
0.49948
0.0110741
0.0045106
0.0144472
0.00433459
0.0172681
0.537522
0.121353
2.70059e-05
0.330441
0.0370731
0.00119085
0.266083
0.00485926
0.0709793
0.428749
0.0700681
0.0509628
0.0629157
0.0907926
0.00188681
0.00238839
0.406501
0.00122399
0.587688
0.000731351
0.220408
0.20143
0.113735
2.82972e-05
0.0465113
0.0697126
0.0415322
2.02838e-05
0.0874141
0.00657131
0.00221468
0.00649216
0.115913
0.295722
0.169542
0.00464245
0.00581729
0.0151944
0.261744
0.000664843
0.609918
2.01295e-05
0.191265
0.000146003
0.0712276
0.0117823
0.0197487
0.111173
0.327734
0.156423
0.323043
0.000924977
0.00800599
0.0584794
0.104259
0.00013141
0.0470659
0.0472539
0.000948891
0.105714
0.000266395
0.558532
0.500318
0.0323517
0.15666
0.00911297
0.679146
0.000189063
0.000158849
0.422366
0.19348
0.0452939
0.0456044
0.000597577
4.09339e-06
0.27135
0.140012
0.286742
3.79424e-05
0.0138937
0.613459
0.00238947
0.491829
0.0271495
0.0003573
0.0024134
0.0409372
0.56365
0.0014554
0.0282351
0.0281392
0.183029
0.0148886
0.0380401
0.0550973
0.00459012
0.00698985
0.00609034
0.00616386
0.0050571
0.662486
0.655884
0.442962
0.0368224
0.234862
0.00629928
0.0199523
0.295574
0.456328
0.000781909
0.386595
0.39756
0.0267119
0.0411394
0.0366023
0.039571
0.00226261
0.00356674
0.218623
0.476277
0.0561755
2.0848e-05
0.0053515
0.00129482
0.0350682
0.374213
0.241069
0.0271165
0.00745274
0.233403
0.503075
0.000119397
0.431376
0.613272
0.119556
0.0216465
9.85585e-05
0.000221939
0.181386
4.51116e-05
0.000754634
1.66029e-05
0.389762
0.15513
0.377435
0.000144033
0.00103658
0.0100377
0.00916354
0.00609132
0.0454568
0.0200346
0.0189584
0.00788329
0.0202274
0.000823899
0.0191401
0.00144424
0.310726
0.0599053
0.0377052
0.166616
0.593104
0.255062
0.0252726
0.000387851
0.000107884
0.00577879
0.311353
0.0725766
0.000276267
0.0741176
0.140401
0.138157
0.0128554
0.00206696
0.0024843
0.0475417
0.00347186
0.0206782
0.243359
0.243104
0.306277
0.000301779
0.263267
0.0197157
0.338926
0.00145746
0.108532
0.331832
0.00683104
0.341029
0.0893128
0.00484715
0.0948348
0.000835645
0.0501537
0.129803
0.532431
0.052107
0.26255
0.000594743
0.0734184
0.00062856
0.0202903
0.293052
0.181629
0.0109278
0.00109196
0.0382261
1.8189e-05
0.0034951
0.275642
0.305506
0.396012
0.306713
0.00741742
0.0673151
0.19994
0.00420882
0.0420719
0.148878
0.0119133
0.347079
0.07774
0.26994
0.161428
0.241319
0.000409957
0.0491175
0.00112887
0.247511
0.0328204
0.523961
0.5932
0.663789
0.139532
0.201125
0.284704
0.180894
0.393692
0.630826
0.00880996
0.00865322
0.00531863
0.00824311
0.0983525
0.170343
0.0310112
0.345864
8.50114e-06
0.0184333
0.133126
0.319827
0.0695098
0.00141852
0.0843524
0.106573
0.00118464
0.0406993
0.0123099
0.413218
0.0204291
0.0032732
0.00603277
0.000429237
0.00912469
0.505179
0.0204462
0.328112
0.131294
0.340161
0.00123519
0.288798
0.000236391
0.505133
0.578345
0.0292226
0.0769449
0.217528
0.0597006
0.252671
2.81836e-05
0.000430502
0.00940172
0.129053
0.395373
0.00208695
0.593643
0.280217
0.0113319
0.0195461
0.326896
0.436027
0.000899412
0.34002
0.657063
0.0013192
0.136386
2.48429e-05
0.0240284
0.0861402
0.00249019
4.83483e-05
0.695378
0.484834
0.000130233
0.252833
0.0228963
0.482709
0.282839
0.00148834
0.127819
0.298454
0.0716056
0.250931
0.453741
0.00733203
0.0106431
0.530457
0.00649199
0.280875
0.048967
0.000877001
0.220613
0.00947119
0.121091
2.60354e-06
0.00905394
0.364643
0.146732
0.142527
0.0825513
0.0559649
0.41122
0.0245397
0.256773
0.135144
0.253946
0.000540025
0.102833
0.0549413
0.393842
0.561808
0.302505
0.266464
0.27437
0.220124
0.0800591
0.0771454
0.003082
0.00362024
0.0451483
0.417753
0.262329
0.00971751
8.39899e-05
1.14098e-05
0.171222
0.0740916
0.549597
0.221766
0.279728
0.00251171
0.00806289
0.237546
7.86565e-05
0.00509792
0.165289
5.55915e-05
0.0137312
0.0759398
0.225512
0.134248
0.250411
0.263626
0.302057
0.301722
0.0763195
0.0195906
0.00810441
6.03491e-07
0.000253292
0.455327
1.12352e-05
4.40255e-06
0.128724
0.0474835
0.002621
0.341019
0.435851
0.394961
0.0145625
0.0766676
0.313002
4.84263e-05
0.0157876
0.283948
0.462694
0.311412
0.0051005
0.520051
0.325384
0.00631112
0.327645
0.0259766
0.000339252
0.204598
0.00793502
0.00506103
0.241413
0.000836704
0.00974892
0.0230938
0.633636
0.011674
0.138407
1.273e-05
0.00915895
0.000213188
0.244429
0.0773135
0.000352668
0.135438
0.582499
0.00162212
0.000315939
8.48681e-05
0.0383754
0.00471303
0.00275304
0.000317349
0.0230496
0.00505446
0.00860908
0.00570156
0.150758
0.000517573
0.00132508
0.193243
0.250286
0.0898138
0.285778
0.170653
0.212479
0.0149638
0.000306725
0.0837494
0.47565
0.239704
0.202631
0.0194557
0.000513019
0.00348529
0.459934
0.138738
0.277918
0.015446
0.000487293
0.381338
0.000719908
0.00989018
0.413224
0.2187
0.0196567
0.00872148
0.593959
0.0973505
0.38769
0.0389077
0.00869744
0.285332
0.000217278
0.100038
0.016035
0.0652357
0.00345946
0.0320799
0.00288987
0.747349
0.0016547
0.0734542
0.000203505
0.00113378
0.313749
0.002166
0.0658199
0.000280512
0.128738
0.0183966
0.164216
0.0566217
0.196748
0.182965
0.00110974
0.0166062
0.000259729
0.612462
0.0194619
0.0661155
0.0019887
0.0709759
0.0201119
0.0143135
0.00298559
0.000136402
0.209934
0.00111676
0.196283
0.0092225
0.0509157
0.289494
0.0575995
0.0013557
0.000243546
0.00860007
0.251276
0.000411105
0.112615
0.117775
6.8968e-05
0.677012
0.246061
0.132981
0.130882
6.9838e-05
0.219444
0.029382
0.000280882
0.138708
0.0857729
0.133364
0.00124338
0.129012
0.0549817
0.000143271
0.0168482
0.154099
0.328201
0.578596
0.368692
1.2468e-06
0.375228
0.00080375
0.00247993
0.0147759
0.0837462
0.645395
0.389293
0.0548064
0.119392
0.00010347
0.101703
0.202851
0.00408834
0.0350649
0.181906
0.00654557
7.98127e-06
0.500641
0.346039
0.370646
0.461556
0.100372
0.186467
0.000554087
0.00523057
0.0599119
2.20036e-05
0.389124
0.0578243
0.356932
0.00241244
0.0325623
0.0765536
0.709226
0.0199629
0.0105659
0.0106143
0.00327974
0.0188741
0.42089
0.173564
0.0373766
0.00272708
0.000115894
0.0881504
0.000823436
0.00657703
0.0834192
0.0201491
0.0167253
0.0630581
0.577525
0.0149687
0.383357
0.00236244
0.0670795
0.623289
0.0698252
0.244272
0.30431
0.000429117
0.0493257
0.153697
0.0404989
0.36113
0.0251813
0.000339761
0.0279114
0.000204234
0.0164014
0.0958908
0.336406
0.00253085
0.121501
0.303939
0.374713
0.00797459
0.000409557
0.0133423
0.0430474
0.0434174
0.128969
0.0461105
0.00663154
0.0432106
0.0232232
0.394065
0.0381819
2.94447e-05
0.00315239
0.00250977
0.0759945
0.318789
0.156505
0.204803
0.0490516
0.3036
0.00954993
0.241045
0.119085
0.521098
0.020745
0.43743
0.468247
0.00912678
0.2719
0.605122
0.107203
0.0062939
0.0527418
0.3094
0.167133
4.73997e-06
0.183324
0.0153019
0.285552
0.383317
0.0134205
0.0129237
0.0773276
0.551423
0.207865
0.0577218
0.0461606
0.000488667
0.03537
0.40927
0.00758966
0.00219872
0.452459
0.000457941
0.416205
0.470678
0.367626
0.00632706
0.00697645
0.541215
0.32272
0.385409
0.0188844
1.44021e-06
0.0136191
0.0265487
0.0148103
0.194343
0.0088184
0.646791
0.0118547
0.389906
0.0182691
0.0105438
0.383844
0.562992
0.00231534
0.140456
0.0587059
0.0156608
0.017855
0.439769
0.000874122
0.00555063
0.00190387
0.257415
0.0493452
0.194042
0.00483106
0.353502
0.0176523
0.377874
0.000180928
0.453623
0.012719
0.0128762
0.0211261
0.0111852
0.328948
6.52333e-09
0.0525221
0.00937407
0.0712354
0.07439
0.000198711
0.100923
0.000710431
0.0128095
0.00494934
0.584926
0.00121732
0.113184
0.524707
0.0013868
0.000161615
0.366473
0.238821
0.17291
0.113701
0.263407
0.00790258
0.0314216
0.463296
0.189571
0.162528
0.00881596
1.68783e-05
0.000447939
0.00269348
0.287258
0.481071
0.00130137
0.231453
0.277171
0.102297
0.372054
0.138372
0.516816
0.200627
0.231431
0.0403363
0.00474015
0.0651296
2.39875e-05
0.00549054
0.420301
0.0029664
0.202543
0.023941
0.00309361
0.0936755
0.194242
0.000137041
0.256118
0.00545808
0.000320568
0.00259358
0.23048
0.00777118
0.356086
1.62183e-05
0.0180256
0.0900083
0.455473
0.0725351
0.00036457
0.000495828
0.0946553
0.000561233
0.0152684
0.438664
0.148087
0.502422
0.177521
0.00752226
0.0357325
0.0521344
0.110927
0.00548299
0.696659
0.303563
0.00704269
0.0170112
0.409309
0.016789
0.368299
0.616505
0.0162129
0.402431
0.00943971
0.348498
8.56495e-05
8.05515e-05
0.00444791
0.00055927
0.036508
0.00694425
0.0206157
0.406085
0.274067
4.88297e-05
0.000573812
0.000418365
0.0179924
0.0122279
0.761981
0.0277052
0.0541448
0.334227
0.00292062
9.53845e-05
0.0227322
0.00738244
0.271928
0.348202
0.313645
0.656205
0.309399
0.513891
0.305554
0.00950602
0.553347
0.00682666
0.00290419
0.358294
0.0155459
0.00987581
0.00564438
0.190883
0.187714
0.000114818
0.444567
0.0105454
0.000274724
0.0992967
0.0125989
0.320029
0.425357
0.478107
0.258933
0.251563
0.000191648
0.00705449
0.392544
0.429562
0.233694
0.000349524
0.034943
0.0310661
0.252424
0.000562649
0.206166
0.206874
0.204661
0.00188729
0.300685
0.152463
0.0024488
1.26525e-05
2.02358e-05
0.0943884
0.00854935
0.443204
0.307472
0.000473119
0.136126
0.203673
0.00434019
0.0183667
0.0614144
0.113909
0.582243
0.318899
0.00114568
4.85974e-06
0.0103837
0.000780062
0.0222519
0.423803
0.396769
0.308349
0.0154262
0.0385111
0.0269474
0.166119
0.00220237
0.343933
0.399007
3.06256e-05
0.352696
0.169805
0.00633328
0.27039
0.0656402
0.00610986
0.00864097
0.0177334
0.242506
7.21804e-05
0.597271
0.00374729
0.446019
1.88172e-05
0.00852528
4.96596e-05
0.000118383
2.9775e-06
0.487081
0.00219962
0.448919
0.334166
0.0140476
0.572382
0.000594361
0.0985728
8.47219e-05
0.285526
0.420577
0.12281
0.038148
0.577037
0.0156128
0.0042037
0.0610286
0.00585885
0.255575
0.326416
0.075283
0.00241475
4.88035e-05
0.00709964
0.000144676
0.40366
0.106295
0.0248627
0.259829
0.247938
0.0069071
0.00393135
0.0549596
0.00216685
0.587893
5.77632e-05
0.00878902
0.0967866
0.123022
0.211353
0.50282
0.0009592
0.00245712
0.0384261
0.0167416
0.00413876
0.10331
0.473118
0.339785
0.0221904
0.0303696
0.469257
0.21613
0.0294981
0.00611802
0.263556
0.0122623
2.19607e-05
0.0900738
0.000259519
0.00282851
0.0911206
0.000357268
0.383301
0.00292061
0.00138055
0.574887
0.00539907
0.352269
0.274127
0.0960407
0.253222
0.0134225
0.000272266
0.097809
0.0337319
0.432891
0.143045
0.523597
0.435598
0.304523
0.596935
0.402558
0.464721
0.00551965
0.0454941
0.515675
0.251871
0.000908349
0.432825
0.0042769
0.455889
0.467274
0.0350084
0.0161916
0.0670875
0.332152
0.506124
0.0163076
0.80977
0.113783
0.225364
0.192382
0.0774533
0.00509587
0.271019
0.0554348
0.0421237
0.000739334
0.000857589
3.19844e-05
0.068855
0.051652
0.0505897
0.592218
0.210499
0.00185114
0.565865
0.000538421
0.0141785
0.000257762
0.0705028
0.0200361
0.0629836
0.00233589
0.579383
0.00181974
0.116136
0.0364327
0.00440491
0.000264654
0.35973
0.25445
7.53501e-05
0.000926825
0.336173
0.370332
0.000826453
0.120022
0.0759215
0.503468
0.00649341
0.286641
0.142686
0.41275
0.268291
0.0270632
0.00727585
0.000431667
0.313494
0.019167
0.0597568
0.32122
0.284088
0.000122091
0.403745
0.112742
0.0900635
0.195279
0.201187
0.562666
0.219019
0.000119573
0.288539
0.0139735
0.115494
0.138508
0.00171559
0.182027
0.407457
4.66426e-05
0.00830729
0.155778
0.000954571
0.424174
0.405277
0.108079
0.397314
0.465741
0.505855
0.330532
0.315517
0.000867183
0.019846
0.00105035
0.058033
0.0130635
0.000273853
0.0833276
0.00137001
0.00191889
0.0737842
0.0330358
0.000886222
1.36814e-06
0.0319135
2.17573e-05
0.00159205
0.000716822
7.82391e-05
0.136764
0.0258043
0.0242037
0.00217427
0.00829472
0.000106196
0.0138541
0.0911329
0.0676618
0.196973
0.0582552
0.316656
5.64035e-06
0.000835043
0.652768
0.00142132
7.80269e-06
0.144852
0.304845
0.00996812
0.173212
0.293812
0.355815
0.544677
0.000396566
0.269318
4.14935e-05
0.196561
0.119945
0.291537
0.10379
0.000668957
0.00107014
0.3917
0.0198907
0.000205641
0.00259781
0.234081
0.325789
0.0287086
0.0430559
2.25853e-06
0.0134324
0.100349
0.011734
0.0170364
0.0489505
0.0423941
0.0188986
0.43449
0.388779
0.00184276
0.0309914
0.0259467
9.94966e-05
0.000100558
0.136401
0.00209859
0.000456467
0.137768
0.0157823
0.0014945
0.490517
0.202058
5.59248e-05
0.099873
0.00212962
0.0702525
0.154649
0.21077
0.278363
0.22951
0.0609367
0.311193
0.196751
0.109852
0.00179141
0.000151053
0.259729
0.00141451
0.211902
0.0229731
0.00179178
0.0506983
0.101582
0.0575799
0.244825
0.0591599
0.00608114
0.0282937
0.1116
0.000237033
0.0821392
0.479694
0.0339135
0.0227
0.188915
0.136194
6.38569e-06
0.315562
0.0400325
0.244009
0.00170341
0.137015
0.0772696
0.135413
8.86295e-05
0.0264117
0.00250367
0.342062
0.025025
0.000846945
7.12204e-06
0.140738
0.170187
0.339286
0.170105
0.570727
0.146412
0.0174522
0.469443
7.44345e-05
0.0115762
0.267432
0.000352535
0.0154566
0.000649121
0.00684357
0.188816
0.308853
0.000477779
3.9917e-05
0.147402
0.280675
0.200875
0.147862
0.000212102
0.00932411
0.00783722
0.00112968
0.471669
0.140999
0.257106
0.000489996
0.00697521
0.0176452
0.0104269
0.00357754
0.00192002
0.283933
2.22089e-05
0.00167723
0.0799397
0.0019188
0.0014349
0.25854
0.157841
0.198798
0.374521
0.00567983
9.99719e-05
0.0217099
0.000171274
0.0517506
0.243097
0.066655
0.0576708
0.00139782
1.00861e-05
0.00344539
0.016374
0.00177474
0.228453
0.150751
0.751618
0.303106
0.0489031
0.0342585
0.0648075
0.00185364
0.0119873
0.281745
0.247709
0.0331734
0.108541
0.211926
0.0907241
0.247887
0.303987
0.00161252
0.232661
5.05674e-06
0.103657
0.0678598
0.476696
0.318516
0.0034384
0.261018
0.0290148
0.000322436
0.00298968
0.109527
0.00222517
0.000973039
0.170301
0.00164315
0.744121
0.00072737
0.00034307
0.345604
0.489591
0.482029
0.129249
0.456987
0.0163903
0.0921653
0.0112163
0.121051
0.235128
0.00319305
0.000220558
0.036168
0.278077
0.000195293
0.00534306
0.264487
0.127259
0.0548851
0.0167126
0.00564139
0.173386
0.000628493
0.000126453
0.000221264
0.0395032
0.00141011
0.306362
0.0209426
0.00830061
0.0223391
0.0455993
0.342012
0.209852
0.0528418
0.00371326
0.00594291
0.00105117
0.286649
0.321608
0.0100456
0.00463324
0.396023
0.0768481
0.256357
0.0696859
0.230824
0.44685
0.000496953
0.337394
0.0396977
0.000396572
0.0471112
0.20646
0.36295
0.0771973
0.143948
0.0791438
0.223647
0.000176549
0.584349
0.00150689
0.212687
0.00476629
0.237154
0.000599635
0.00152614
0.00520166
0.208024
0.00306535
0.000435477
0.023104
0.268421
0.00167383
0.0172557
0.392381
0.0878996
0.00909401
0.00143595
0.000487068
0.027055
0.0317566
0.000534868
0.0681978
0.0804143
0.31779
0.0113828
0.000719162
0.231503
0.366374
0.0104357
0.0887073
0.573165
0.111443
0.0616485
0.273682
0.328849
0.000439906
0.135292
0.0701013
0.00383892
0.0570394
0.00196889
0.0172761
0.252609
0.00510211
4.83519e-06
0.000777693
0.0769056
0.455799
0.159806
0.00712003
0.246668
0.0435352
0.00422261
0.000166958
0.0908329
0.11782
0.392451
0.688414
0.0371807
0.275995
2.64008e-05
0.293537
0.00582319
0.107903
0.00619344
0.199613
0.33547
0.492359
0.151569
0.0238847
0.00538393
0.000136802
0.428014
9.03296e-05
0.0530077
0.539932
0.000912789
0.00174151
0.0118621
0.100753
0.288182
0.225652
0.0446367
0.000658448
0.188719
0.247543
0.345687
0.711597
0.0404168
0.0727346
0.22471
0.272029
0.099948
0.0253513
0.342797
0.000799967
0.0589341
0.0414103
0.127849
0.00495311
0.0309436
0.0962842
0.00171271
0.0363361
0.0140614
0.125917
0.0707067
0.110637
0.00584028
0.0486492
0.0335185
0.368296
0.0395935
0.338654
0.0259144
0.264444
6.47743e-07
0.00748823
0.448886
0.00237153
0.104738
0.00188608
0.000569076
0.376563
0.00365125
0.00218107
0.401883
0.404544
1.57679e-06
0.0605888
0.000811032
0.000128704
0.027553
0.00203547
0.226375
0.141005
0.00749016
0.36083
0.0252603
0.0269262
0.000970503
0.00744792
0.0878482
0.505109
0.369442
0.0330667
0.00843134
8.8089e-07
0.00432084
0.00116518
0.0147338
0.00315801
0.0732978
0.26891
0.00203243
5.96762e-05
3.47653e-05
0.0387528
0.107253
0.00797324
0.209552
0.267793
0.15392
0.0192743
0.26525
0.506281
0.0392261
0.00562391
0.336204
0.502146
0.0332011
0.293875
0.00435691
0.0177224
0.0057812
0.0270159
0.122975
0.199563
0.0168689
0.309775
0.574536
0.0201204
0.0599645
0.255985
6.66581e-07
0.719132
0.321796
0.0621844
0.0526955
0.00575305
0.0301571
0.114179
0.230884
0.00115097
0.0534202
0.65773
0.468037
0.393567
0.0172849
0.0782847
0.00197069
0.214428
0.0175123
0.0150347
0.540645
0.000104136
0.782348
2.0989e-05
8.98286e-05
0.157551
0.207454
0.0190456
1.78367e-06
0.00560708
0.208753
0.0411963
0.0155188
2.48536e-05
0.0152362
0.0488569
0.296087
0.0625034
0.30121
0.0204341
0.000636776
0.100608
0.150073
0.104693
0.338511
0.024627
0.00122203
0.0501719
4.41e-05
0.043378
0.0940783
7.46447e-06
0.0880402
0.00871587
0.3075
0.697323
9.69617e-05
0.279433
0.359963
0.0411396
0.0437106
0.000917363
0.40831
0.00599302
0.00081691
0.00102809
0.231662
0.174273
0.15429
0.000492842
0.000307767
0.000984336
0.00185227
0.230995
0.0102652
0.00955072
0.0422254
0.670317
0.000399294
0.440703
0.0542727
0.00172154
0.000337698
0.166984
0.467334
0.415581
0.0264228
0.00272205
4.89248e-06
1.54218e-05
0.497672
0.00170581
0.164976
0.0567003
0.000287575
0.0125845
0.278751
2.30001e-05
0.410177
0.634846
0.0515044
0.000632662
0.00551089
0.00484772
0.66482
0.188607
0.353903
0.000115504
0.00196177
0.0394475
0.239533
0.137411
0.00449392
0.257865
0.127292
0.245688
0.286589
0.187898
0.0115107
0.454931
0.501279
0.420172
0.0158448
0.000261476
0.262871
0.0955122
3.81003e-05
0.0023132
0.388499
0.150057
0.385296
0.000270865
1.25614e-07
0.0193828
0.0113566
0.00569359
0.0259431
0.840424
0.565096
0.00604048
0.00908759
0.00515148
0.147828
0.00771527
0.2459
0.0107999
0.00146613
0.0440667
0.00661268
0.0102086
0.106975
0.0708638
0.000824704
0.000316516
5.62924e-05
0.107844
0.215878
0.296113
0.0467789
0.0478964
0.130765
0.12055
0.156621
0.0580022
0.020385
0.00809943
0.544724
0.000379788
0.107042
0.0136683
1.82179e-06
0.344955
0.467503
0.151021
0.000142709
0.106662
0.0255508
0.505362
0.000273802
0.27265
0.00279179
3.01487e-05
0.118809
0.545075
0.0762114
0.000649476
0.00900187
0.0240485
0.0107266
0.222027
0.0697001
0.24958
0.194877
0.225512
0.00412476
0.0207952
0.0634771
0.000293383
0.000856502
0.00686053
0.0645337
0.407776
0.000268895
0.434
0.108763
0.0243493
0.231664
0.220271
0.403866
0.316393
0.00142088
0.00391839
0.34665
0.0714836
0.0470204
0.0407999
0.359142
0.105107
0.131334
0.0532194
0.283469
8.71276e-05
0.000688313
0.222067
0.288035
0.0224266
0.000298221
0.388774
0.0013297
0.0794048
0.00322517
0.00059387
4.57984e-05
0.0995252
0.585017
0.0001565
0.000762333
0.00083035
0.333261
0.0751352
0.0210137
0.196415
0.0728663
0.303752
0.0388194
0.0199814
0.305819
0.165338
0.0169906
0.487514
0.00147942
6.09183e-05
0.000896722
0.045476
0.487668
0.204525
0.135109
0.564456
0.0867939
0.0181556
0.153687
0.128441
0.193816
0.00764991
0.00335267
0.00075513
0.245907
0.000315922
0.00488726
0.216238
0.108023
0.000490396
0.485631
9.99849e-05
0.766946
0.801398
0.0107766
0.00191037
0.0029248
0.00318504
0.0658053
0.154757
0.297087
0.0103797
0.519739
0.000454575
0.000199579
0.0296443
0.0265633
2.48573e-06
1.20416e-06
0.515077
0.00314991
0.114069
0.0695897
0.109194
0.0068404
0.256848
0.0361442
0.0272843
0.000557686
0.107092
0.488256
0.215234
0.00365242
0.41807
0.00458162
0.0043308
0.590532
0.0286675
0.50478
0.0131425
0.267066
0.00855455
1.36075e-05
0.0254472
0.450725
2.15804e-05
0.568904
0.0679416
9.91865e-06
0.144726
0.726678
0.614641
0.000350233
0.0245115
0.00036915
0.404492
0.028168
0.30334
0.329519
0.0851395
0.335257
0.000256957
0.220336
0.00620834
0.0121956
0.000279429
0.00117322
0.0247176
0.000300411
0.409995
0.269632
0.00142825
0.00156197
0.013764
0.527732
0.0288759
0.000333093
0.223681
0.00106612
0.00188058
0.0631007
0.000391079
0.152213
0.181856
0.359472
0.059854
0.0432228
0.0223821
0.474162
0.222811
0.0220956
0.146422
0.163562
0.248433
0.406405
0.000286916
0.264623
0.000537736
0.00641878
0.457235
0.000175329
0.179082
0.296895
0.351411
0.284735
0.0264262
0.188239
0.000497753
1.02116e-05
0.017911
0.311237
0.000179541
0.426168
0.00140211
0.461223
0.0945083
0.0279111
0.20237
0.0252796
0.0347836
0.197033
0.195426
0.00179547
0.00372418
0.0223911
0.399731
0.000968239
0.400741
0.0138458
0.415316
4.96562e-05
0.00187443
5.63681e-05
0.0639848
1.61056e-05
0.444564
0.00383434
0.255437
0.420578
0.00111377
0.0213898
0.0256976
0.0841528
0.000764243
0.00705269
0.612111
0.13797
0.00135014
0.0173435
0.16558
0.182536
1.69261e-05
0.205198
0.243658
0.097966
0.0357328
0.0178829
0.000510042
0.0427131
0.00457534
0.00223751
0.00357481
3.20522e-05
0.661331
0.31325
0.000676087
0.160378
0.152001
0.00131904
0.255595
0.0452119
0.0171679
0.460078
0.323179
0.525252
0.132531
0.191498
0.204732
0.233149
0.0651642
0.0142517
0.00688738
0.00105377
0.180657
0.00977732
0.135296
0.000620211
0.202854
0.0195841
0.04302
0.447892
0.0614905
0.0603336
0.300802
0.0753483
0.00246321
0.39743
0.00264606
0.000226944
0.000170909
0.519235
0.164123
0.476321
0.316094
0.446509
0.0202759
0.338567
0.428545
0.00668362
0.00717314
0.0253176
0.0607268
0.00908139
0.0188396
0.35389
9.73955e-05
0.000107485
0.00219171
0.0686003
0.000982944
0.319606
0.0425361
0.00583308
0.000978292
0.00123517
0.00123701
0.0931994
0.392797
0.354178
0.164878
0.00689982
0.220518
8.89139e-06
0.000919359
0.0485388
0.128349
0.128854
0.00936785
0.316859
0.000882037
0.00334169
0.307519
4.25725e-05
2.32622e-05
0.179585
0.0427446
0.118403
0.349922
0.00161661
0.000542022
0.223522
0.159894
0.000217553
0.470667
0.0102936
0.000726162
0.0507642
0.203446
0.00208926
0.100966
0.000269932
0.00166681
0.316686
0.148891
0.00142237
0.00729847
0.270653
0.0180066
0.186273
0.132484
0.286899
0.00699502
0.0080206
6.02066e-06
0.413542
0.184959
0.0443493
0.00478036
0.0531832
0.190901
0.733086
0.0373466
0.558886
0.129399
0.0169093
0.0990283
0.00335857
0.250733
0.000995446
0.00074135
0.511678
0.00331464
6.72914e-05
0.0252905
0.0434587
0.163697
0.000338545
0.0585017
0.623028
0.345721
0.183678
8.4169e-05
0.00560908
0.112675
9.75526e-06
0.0178098
0.270027
0.387895
0.00254163
0.476818
0.0357841
0.00182749
0.555912
0.00198315
0.000372754
0.0336054
0.000316225
0.0166622
0.271625
0.000248481
0.0746621
0.0594754
0.127172
0.472838
0.0114624
0.303947
0.00870132
0.229483
0.334212
0.398898
0.0139141
0.357852
0.020265
0.0150366
0.0631232
0.17595
9.15557e-06
0.000459405
0.0151342
0.100801
0.633833
0.000264706
0.0152454
0.072485
0.00159452
0.37177
0.037396
0.0383931
0.00910456
0.0642429
0.145335
0.0168551
0.378225
0.000141937
0.246659
0.117583
0.000139807
0.00499595
0.362187
1.28045e-05
0.175258
0.498204
0.00164003
0.108896
0.0201449
0.287697
0.268452
1.66013e-05
0.000124137
0.361055
0.00982677
1.24676e-06
0.00100623
0.0492577
0.221495
0.350747
0.0346345
0.00240898
0.121623
0.450177
0.275753
0.298345
0.0017121
0.258996
0.0750207
0.0353817
0.00141997
0.0616307
0.0856795
0.108117
0.00772353
2.61846e-05
0.00792623
0.0250961
0.000688111
0.0214027
0.2165
0.0496977
0.451129
0.00105862
0.246295
0.350323
0.0377927
0.147655
0.384396
0.00326953
0.503669
0.307384
0.368065
0.0181823
0.00238188
0.0177632
0.00106397
0.48039
8.53954e-06
0.355346
0.0644725
0.413756
0.000449272
0.22339
0.000421645
0.0230475
0.109022
0.0227516
0.144141
0.00274049
0.0757316
0.0942928
0.00792793
0.379419
0.003431
0.238983
4.05932e-05
0.606488
0.11884
0.512639
0.000491671
0.141269
0.00125101
0.000177566
0.00991612
0.427961
0.270713
0.328705
0.158627
0.0438862
0.215503
0.208659
0.00020942
0.364337
0.0607358
0.00788257
0.102334
0.16171
0.000590993
0.525703
0.000926089
0.322375
0.230499
0.0180188
0.00500495
0.196386
0.33528
0.00647234
0.52784
0.0537762
0.126463
0.00709706
0.539939
0.501828
0.105998
0.00349527
0.0582582
0.0381261
0.062322
0.00115705
0.00140571
0.181976
0.208707
0.362138
0.0207653
0.00123701
0.0139515
0.000815788
0.000251001
0.0228715
0.0917688
0.000612212
6.35338e-05
0.353035
0.204785
0.117928
0.000455421
0.0239563
0.102779
0.00386814
0.0164267
0.0901406
0.27799
0.129375
0.00341403
2.20905e-05
0.269553
0.00195675
0.0219569
0.00124095
0.00120273
0.0700532
9.89386e-05
0.000185206
0.000927409
0.000420658
0.818627
0.588354
0.221703
0.487192
0.45968
0.0338062
0.0202793
0.00661797
0.000136893
0.44027
0.00408046
0.311584
0.227737
0.284194
0.501561
0.479582
0.00026127
0.24866
0.415882
0.000609486
6.057e-06
0.122982
0.25814
0.467133
0.552762
0.000198898
0.00227799
0.463091
0.228165
0.0286423
0.325113
0.124186
0.189805
0.198597
0.00102561
0.00392653
0.0358852
0.057242
0.489609
0.425473
0.159935
0.374412
0.453139
0.021612
0.000368544
0.493416
0.324665
0.0721732
2.64701e-05
0.518425
0.0837243
0.000274723
0.491687
0.000521504
0.00449399
0.133793
0.11854
0.513409
0.468388
0.34686
0.720091
0.333265
0.189651
0.0056707
0.435271
0.000616097
0.605606
0.100348
0.180678
0.2501
0.00128374
0.0133701
0.000147701
2.28028e-05
0.101172
7.84109e-06
0.66747
0.0939289
0.306173
0.0001771
0.0469118
0.0216835
0.568518
1.95261e-05
0.0088757
0.316187
0.025726
0.22081
0.000102275
0.00203597
0.25663
0.00213933
0.00129416
0.0239111
0.469504
0.268344
1.23851e-06
2.1092e-05
1.25714e-06
0.335327
0.00489844
0.236527
0.166721
0.651504
0.444404
0.0621307
0.000147686
2.03661e-07
0.00881642
0.00176084
0.000510655
0.394151
0.00148703
0.00619212
0.00733793
0.37222
0.444788
0.072882
0.264827
0.432157
0.625114
0.0292066
0.0780778
0.00740566
0.40393
0.346232
0.000866776
4.22576e-05
0.367307
0.0156353
0.0271652
0.106924
0.346435
0.306262
0.000311607
0.113799
0.50486
0.0735517
6.02387e-06
0.0739644
9.61063e-05
0.00484819
0.603657
0.42855
0.458924
0.106732
0.0238317
0.0456654
5.61965e-05
0.328832
0.00637519
0.171886
0.0517891
0.000581799
0.00139014
0.052144
0.000385196
0.0953893
0.242231
0.39987
0.207365
0.00222354
0.476234
0.000184699
0.0456222
0.0059853
0.739865
0.0309528
0.208782
0.00690482
0.133963
0.00167314
0.070358
0.145091
0.000110553
0.0626366
3.21344e-05
0.222171
0.207229
0.0248981
0.00242838
0.130052
0.262061
0.00650867
0.0480961
0.0391796
0.00425135
0.00657404
0.20275
0.00181888
5.2314e-05
0.00081132
0.0687401
0.380724
0.334195
0.0164037
0.0386473
0.686358
0.0496357
0.604238
0.0524828
0.154447
0.00130803
0.0995392
0.0438228
0.138436
0.177688
0.00386487
0.360527
0.0711127
0.298474
0.0225134
0.0349059
0.0129436
0.0866883
0.0144499
0.234285
0.247911
1.8251e-05
0.0117035
0.087837
0.0626615
0.229026
0.0088675
0.0273781
5.58222e-05
0.188477
0.0878213
0.203421
0.00151695
0.100983
0.282414
0.000457301
0.000741035
0.283573
0.0132578
0.563509
0.0706943
0.00040724
0.0211703
0.322301
0.421947
0.557282
0.00621334
0.001779
0.000491402
0.00676811
0.033591
0.00873818
0.00108403
0.00564927
0.00261154
0.083034
0.0330812
0.00105012
0.00864788
0.01909
0.229571
0.0463325
0.000383296
0.110354
0.000335225
0.106402
0.303212
0.24422
0.115743
4.87841e-05
0.341992
0.00133601
0.00751959
6.02434e-06
0.00157902
0.177023
2.76456e-05
0.643913
0.277365
0.0219251
0.449636
0.396523
0.491723
0.341739
0.0720915
0.00382618
0.164303
0.00349195
0.207205
1.05207e-06
0.0294765
0.00185443
0.016961
0.170256
4.27062e-07
0.173744
0.000228596
0.203806
0.00189991
0.211577
0.00595659
0.138478
0.00835073
0.00653456
0.00245566
6.43322e-05
0.667427
0.0923977
0.0279472
0.00930427
0.000776093
0.238613
0.114481
0.105822
0.0121303
0.000750431
0.000103646
0.301234
0.0354922
0.000623777
0.00192756
0.358852
0.00466853
0.0321507
0.0310929
0.0697841
0.148988
0.480201
0.149324
0.000725075
0.234469
0.192801
0.0173221
0.667039
0.248649
0.00243595
0.0346407
0.49359
0.00548656
0.0727322
0.393296
0.062275
0.148091
0.0449218
0.377308
0.000996484
0.226511
0.0025139
0.000205776
0.00014599
0.344346
0.0165769
0.614319
0.0195577
0.0101798
0.50859
0.0764427
0.0984593
0.0367507
0.200207
0.0180785
0.00916897
0.0418511
0.0286526
0.00694066
0.00200182
0.00220092
0.00013237
0.0989853
4.76448e-05
0.00160093
0.178728
0.000656748
0.00193615
0.00974988
0.123189
0.0780747
0.0103446
0.00145911
0.529792
0.426238
0.000986636
0.234561
0.246781
0.0784728
0.00122747
0.306345
0.25149
0.368869
0.466695
0.12887
0.0200777
0.0266279
0.0579896
0.167308
0.118539
0.17842
0.000328722
0.000462229
0.540803
0.553238
0.0726697
0.356733
0.337403
0.203753
0.0104273
0.0429065
2.08162e-05
0.00381131
0.00593643
0.433287
0.0072643
0.00184017
0.0830464
0.406228
0.305991
0.00208273
0.350308
0.127305
0.0721683
0.0983821
0.503771
0.0212215
3.67649e-06
0.00366387
0.000514727
0.00169147
0.380053
7.75567e-06
0.0102746
0.565448
0.361442
0.548479
0.0291156
0.608269
0.000637609
0.00370618
0.000661153
0.130112
0.448926
0.103875
0.188805
0.0205013
0.00528247
0.0186787
6.88486e-05
8.8445e-05
0.289366
0.278888
0.00840944
0.00855627
0.00635179
0.665863
0.00244433
0.00468967
0.00119921
0.0997051
0.000983493
0.406284
0.341636
0.119588
0.388963
0.196766
0.339811
0.0201904
0.0178644
0.000555457
0.380303
0.596431
0.044361
0.00157197
0.246019
0.181168
0.27125
0.0398278
0.028655
0.0376777
0.0817965
0.266889
0.258059
0.323792
0.000185125
0.15359
0.0120023
0.26501
0.347733
0.00277817
0.0189145
0.000467315
0.368356
0.00053334
0.19532
0.044368
0.511789
0.000376762
0.10614
0.0446282
0.0859271
0.4101
0.126087
0.000719211
0.0495611
5.27263e-05
0.0536723
7.56587e-05
0.294602
0.0434034
0.311316
0.0160253
0.00940129
0.128266
0.00225072
0.673877
0.381507
0.0653538
0.0814751
0.434275
0.0123921
0.280914
0.0153589
0.000279582
0.312515
0.0706366
0.4391
0.00273072
0.052798
0.290201
0.660732
0.442891
0.0130747
0.00166395
0.0156567
0.00101497
0.137634
0.332169
0.260056
1.04888e-05
0.00968585
0.00899946
0.0173168
0.014744
0.0626237
1.29403e-06
0.000246188
0.0205162
0.000102001
0.0111133
0.000222084
0.0614869
0.187317
0.43391
0.29148
0.00520867
0.00587573
0.239637
0.185164
0.00902351
0.233866
0.000815819
0.0752243
0.200823
1.37367e-05
0.00782212
0.0701244
0.0216221
0.258623
7.99773e-06
0.133731
0.114039
0.018823
0.440533
0.0165154
0.0315887
0.00148381
0.111977
0.0560078
0.018835
0.228049
0.485799
0.013069
0.0322819
0.605744
0.00796145
0.000391405
0.515297
0.0220575
0.111056
0.010838
0.266241
0.299201
0.338531
0.174204
0.00760414
0.0903288
3.41379e-05
2.63123e-05
0.435368
0.0540097
0.299234
0.110195
0.00877981
0.00430222
0.242849
0.100795
0.000113753
0.569848
0.664047
0.351212
0.0432007
0.0565013
0.000171143
0.686469
0.0875163
0.038193
8.35223e-05
0.00402063
0.272813
0.00390434
0.174948
0.000230565
0.0115234
0.00423756
0.0157817
0.425611
0.00466819
0.00174637
0.521052
0.322084
0.367192
0.460442
0.171423
2.74616e-05
4.06738e-05
0.333621
0.523257
0.06721
0.109568
7.13442e-06
0.0444779
0.516294
0.0730431
0.130207
0.000769243
0.00680896
7.66891e-06
0.00367385
0.000871643
0.0607309
0.245411
0.00308964
0.00128167
0.0258582
0.000747798
0.345414
0.0897901
0.00791966
0.0208578
0.00160743
0.0232902
0.221048
0.00211737
0.000227358
0.172049
0.704607
0.000904312
0.000734151
0.015383
0.0765295
0.273103
0.481016
0.22078
0.011204
0.0172054
0.0265139
0.00609091
0.0111301
0.0828092
0.24852
0.0352088
0.0801349
0.00192319
0.00046762
0.0138449
0.063492
0.371755
0.111743
0.64772
0.301137
3.43142e-06
0.0334918
0.0156814
0.00560936
0.193566
0.0118312
0.125333
0.00141674
0.00673307
0.00211246
0.00358663
4.0863e-06
0.000794871
0.409116
0.537519
0.494259
0.597746
0.0140593
0.578258
0.416534
0.0817521
0.130431
0.110365
0.0163094
0.000136941
3.71471e-05
0.00819291
0.0624467
0.0409841
0.0392569
0.706256
0.0331853
0.00135748
0.00905998
0.00983163
0.000648498
0.00810545
0.0111371
0.483369
0.00061746
0.000382058
0.035948
3.62639e-05
0.0069322
0.200828
0.00837344
0.00334126
0.420956
0.00021267
0.106075
0.241514
0.309803
0.00570295
0.0050311
0.236429
0.00192293
0.373508
0.00577723
0.00550088
0.0322472
0.283487
0.505578
0.061721
0.00661689
8.08479e-06
0.00567571
0.0297264
0.0577622
0.193068
0.167769
0.00378397
0.0245653
0.100739
0.41174
0.000766684
0.00280677
0.525072
0.0615583
0.000452228
0.00197431
0.0910662
0.0535496
9.03001e-06
0.250155
0.321231
0.00450822
0.000953006
0.000340229
0.0462806
0.548588
0.00081524
0.0166626
0.278527
0.0469269
0.0119341
0.115589
0.01016
0.0166083
1.38883e-05
0.0331696
0.0178522
0.000161
0.0165555
0.422332
0.0604664
0.00181253
0.00169913
0.418953
0.00654549
0.000714231
0.0036732
0.395593
0.29995
0.0164382
0.024952
0.410007
0.189879
0.537447
0.000159386
0.0680515
6.2205e-05
0.0555519
0.00484541
0.00979468
0.0914222
0.190874
0.00258477
2.58683e-05
0.125579
0.252946
0.00120891
0.00589965
0.342022
0.0639141
0.262984
0.00108573
0.0848997
0.00814362
0.376853
0.149513
0.00125675
0.00889126
0.177258
0.61223
0.0242047
0.00729945
4.19268e-05
0.000209479
0.0148114
0.0557472
0.0530543
0.124581
0.340216
0.0522317
0.408612
0.490466
0.0283381
0.232283
0.310717
0.00732405
0.00640036
0.000432144
4.58137e-05
0.0291951
0.332318
0.0910549
0.451694
0.0915574
0.205337
0.318519
0.390577
0.0146905
9.63274e-06
0.442346
0.188799
0.473581
0.0308629
0.0446072
0.0879422
0.0196846
0.0123623
0.116591
0.369852
0.33481
0.0546216
0.00580714
1.32656e-05
0.018989
0.0403802
0.0396942
0.000282782
0.200436
0.191545
0.159675
0.0328251
0.0236923
0.00017109
0.244391
0.287391
0.0158628
0.00839449
2.89118e-05
0.0140127
0.0353653
0.000182445
0.0245183
0.000745344
0.000873938
0.158058
0.00514358
0.10777
0.406802
0.000255488
0.289436
0.0595977
0.00226009
0.0047968
0.00625955
0.00450622
0.00104795
0.00312932
0.0885255
0.363047
0.00085216
0.0196882
0.00671134
0.0141755
0.117489
0.688103
0.0903707
0.00359175
0.000985949
0.0541123
0.0518115
0.00437962
0.196916
0.000631414
0.0854868
0.188034
0.243296
9.14727e-05
0.450033
0.0230318
0.00568115
0.0144816
0.00575199
0.0478754
0.289726
0.44789
0.00955791
9.89567e-07
0.0363384
3.34972e-05
0.00127397
0.0057697
0.0239808
0.0147098
0.00360087
0.00355268
0.00117332
0.155803
6.28217e-06
0.297985
0.294133
0.000163961
0.268808
0.00247118
0.00108576
0.00265408
0.414492
0.000819444
0.00107797
0.000342407
0.231409
0.00729901
0.000372649
0.181046
0.00060767
0.000821253
0.609505
0.00471225
0.00410803
0.294804
0.0503734
0.71379
0.0573207
0.0627901
0.249607
0.1387
0.0653453
7.2291e-06
0.0522465
0.025868
0.190049
0.0377721
0.087716
6.15845e-07
0.208477
0.0922712
0.0236396
0.086311
0.0799797
0.0330547
0.0215632
0.133028
0.704405
0.00153852
0.0152511
0.394738
0.760761
4.18589e-05
0.187148
0.0276874
0.0304142
0.281098
0.00140539
0.00844564
0.707084
0.0148979
0.324418
0.0322437
0.0286073
0.144403
0.00184186
0.0145236
0.454332
0.000603098
0.293292
0.29979
0.000159926
0.412952
0.332342
8.52266e-05
0.248521
0.0843753
0.0490752
1.23804e-05
0.111343
0.203417
0.000579884
0.25616
3.25789e-07
0.00170254
0.311017
0.244185
0.00141276
7.68235e-05
0.257065
0.00140136
0.464556
0.173154
0.0350575
0.454888
0.418989
5.23635e-05
0.00434713
0.00440579
9.66969e-05
0.00367405
1.6255e-05
0.0331035
0.208712
0.321201
0.0497075
0.0282135
0.0232738
0.00679449
0.0887446
0.01076
0.000149256
0.0455944
0.457616
0.0530765
0.63954
6.7982e-05
0.588747
0.00679951
0.00292379
0.0152941
0.0148445
0.000854584
0.00120814
0.0425877
0.096786
0.20806
0.0195098
0.123065
0.00444188
0.00520797
0.000345226
1.3331e-05
0.158816
0.00893175
0.309087
0.0804289
0.0268518
0.000190876
0.000326774
0.140577
0.10466
0.0100486
0.294705
0.149248
0.000533823
0.489989
0.288516
0.109688
0.00200601
1.45728e-05
0.182593
0.192296
0.370729
8.61554e-07
0.0165949
5.79657e-05
0.138471
0.154257
0.0131507
0.0869553
0.00108227
0.0408558
0.039978
0.235858
0.00125775
0.0196414
0.359685
0.359143
0.469325
0.346459
0.0675334
0.00440094
0.000119839
0.366891
0.000540882
0.287465
0.00615611
0.0288304
0.034166
0.108976
0.0215787
0.286024
0.194157
0.000626469
0.000144821
7.58631e-05
0.00115388
0.33282
0.137102
0.00313867
0.00123495
0.0953002
1.43527e-05
0.00683319
0.014201
0.205333
0.0352893
0.00167994
0.00366042
0.00317812
0.0779059
0.571395
0.00418299
0.000599586
0.0292314
0.0814313
0.169866
0.042415
0.222804
0.0156575
0.035189
0.0307384
0.0614447
0.000148144
0.000216386
6.51297e-06
0.227671
0.721994
0.187413
0.0145491
0.0251091
0.00218846
0.332819
0.275344
0.359749
0.000340703
0.109578
0.244285
0.00526908
0.544935
0.000210741
0.0639394
0.00311405
0.400036
0.214061
0.570852
0.311664
0.0416298
0.078418
0.000646194
0.292409
0.0318428
0.0570466
0.00663254
0.00106846
0.180019
0.163231
0.000104908
1.83331e-05
0.206179
0.275503
0.000539719
0.17522
0.0901419
0.0548181
0.0347197
0.0012372
0.129239
0.189136
0.12318
0.0033901
0.0105817
0.401683
0.611296
0.0473391
0.000510018
0.0473235
0.0112619
0.00196933
0.0172911
0.000103391
0.169753
0.167168
0.00295874
0.000138143
0.281073
0.244283
0.000185911
0.126374
0.0317045
0.0802213
0.000366193
0.317865
0.00488611
0.0571342
0.242539
0.000351985
0.158668
0.00453222
0.0994789
1.29891e-05
0.000201849
0.610221
0.00187104
0.000117141
0.579046
0.252426
0.0176435
0.00855898
0.00277185
0.0118078
0.0109248
0.00116208
0.00396404
0.311046
0.363476
0.356195
0.548685
0.00789295
0.635716
0.363074
0.0145617
0.419734
0.0100673
0.117559
0.205019
0.000106667
0.000270318
0.539627
0.00103562
0.00013896
0.507796
0.46747
0.00390041
0.145773
0.405131
0.00748367
0.00448417
0.00179401
0.277761
0.282057
0.300297
0.374449
0.469282
0.00148367
0.0547689
0.21571
0.0176325
0.270471
0.301097
0.170168
0.350431
0.000146522
0.0202276
0.133427
0.1712
0.0112586
0.0907961
0.172378
0.00325702
0.000668736
0.0101644
0.412152
0.000360771
0.275275
0.10687
0.00294858
0.00232457
0.121986
0.227073
0.00228279
0.00100102
0.278077
0.10792
0.416316
0.16473
0.00734103
0.00398666
0.552851
0.66281
6.25302e-05
0.0401351
0.00248432
0.0608685
0.0291859
0.0237063
0.336299
0.114704
0.0863992
0.00556757
0.2575
0.3392
0.00381246
0.296502
0.0216523
0.0222221
0.136033
0.114306
0.000847414
0.0455159
6.22447e-06
0.199618
1.10917e-05
0.415954
0.0288355
0.115438
0.0217676
0.0370617
0.528009
0.00643138
0.00172396
0.0245346
0.157636
0.0078554
0.0159888
0.194704
0.000158386
0.0195946
0.215778
0.123646
0.0137919
0.32537
0.00472661
0.0121657
0.332676
0.0260253
3.27896e-07
0.000955761
0.0683878
0.253838
0.207051
0.000204441
6.14761e-07
0.254284
0.208191
0.0194788
0.0771596
0.689261
0.12982
0.0214026
1.22829e-05
0.00019677
0.00204008
0.150669
0.112472
0.0666409
0.00029387
0.121032
0.429028
0.000122282
0.30293
0.0763567
0.00247379
0.00192405
0.0081371
0.235019
0.266265
0.000486378
0.00241703
0.208895
0.00773428
0.173481
0.03763
0.0237484
0.121697
0.295686
0.194693
0.0238831
0.224292
0.0545857
0.0224709
0.0852812
0.014638
0.000151522
0.156278
0.00358204
0.0962806
0.451374
0.29289
0.205384
0.0226754
0.011395
0.000200116
1.71034e-06
0.00564461
0.425367
0.0654466
0.380792
0.000252924
0.239404
0.00074727
0.620923
7.31247e-06
0.123527
0.188621
0.177574
0.00175881
0.000629181
0.0768917
0.493587
0.00437274
0.45605
0.00171832
0.0160214
0.496225
0.000153637
0.00149322
0.108321
0.159604
0.303669
0.00346673
0.146547
0.0316985
0.304514
0.342221
0.128451
0.278599
0.17709
0.283196
0.648089
0.0626327
0.106402
0.168857
0.210142
1.0756e-05
0.111908
0.2921
0.0166464
0.0107645
0.517933
0.000535688
0.0273488
0.00405392
0.0377149
0.0755756
0.0414015
0.292379
0.000404975
2.31057e-05
0.21781
0.0012478
0.000884706
0.00019949
0.0105707
0.00801982
0.509674
0.000199112
0.0171757
0.299312
0.184277
0.00391509
0.00164528
0.0518602
0.205122
0.450741
0.571238
1.63478e-05
0.166862
0.133892
0.0568291
0.179364
0.185666
0.0306179
0.346548
0.0626391
0.00149289
0.000491789
0.374833
0.270785
0.0165991
0.395743
0.0548374
0.00157848
0.121006
0.0151447
0.00224998
0.0015456
0.0122642
0.00355636
3.6018e-06
0.0618767
0.329238
0.0136855
0.512307
0.263562
0.0536786
0.00179915
0.522721
0.00453744
0.047786
0.230343
0.00420522
0.654812
0.00396308
0.0482238
0.64875
0.000855552
0.0552256
0.00318293
0.00196438
0.00275794
0.051927
0.620275
0.0115493
0.00713262
0.289075
0.00175264
0.0303887
0.00714333
0.00140204
4.40308e-06
0.231435
0.000143277
0.0152304
0.183397
0.0127986
0.0543183
8.50689e-06
0.337293
0.0409183
0.00105701
0.0926956
0.00155303
0.00126503
0.000683474
0.00158061
2.35893e-06
0.00585125
0.00704346
0.000471961
0.271698
0.180876
0.000847829
0.5947
0.136164
0.00217227
0.354637
0.0862
0.000238001
0.404458
0.241275
0.0119723
0.277308
0.0857183
0.0004068
0.301478
0.00897486
0.0119195
0.284247
0.439039
0.016024
0.00129741
0.0921552
0.00342598
0.0680291
0.186286
0.36487
0.00177126
0.237176
2.16264e-05
0.0583163
0.197384
0.00714719
0.0926393
2.55735e-05
0.00436749
0.400275
0.000690909
0.0613026
0.434169
0.0509257
0.249021
0.0199327
0.0828444
0.0168668
0.283127
0.135997
0.610316
0.0251376
0.322522
0.225685
0.000349347
0.0652857
0.146507
3.08463e-05
0.0150171
0.579033
0.259041
0.374484
0.0276464
0.418097
0.331413
0.0269098
0.238621
0.000835164
0.441322
0.000990138
0.327722
0.249565
0.0458402
0.407815
0.0892892
0.335758
0.00193408
0.00155786
0.332223
0.0283898
0.712392
0.00240897
0.000888006
0.00625324
0.144265
0.283406
0.00112059
0.194417
0.28351
0.0535933
8.32288e-05
0.000381212
0.000313479
0.124968
0.293622
0.00623989
0.00569814
0.0262662
0.00152321
0.154558
0.0012445
0.00146615
0.0762338
0.000439957
0.429802
0.198075
0.143219
0.357405
0.0689147
0.306966
3.13336e-05
0.00310328
0.293444
0.00383256
0.242908
0.294516
0.361903
0.181502
0.00879614
0.00018374
0.000342965
0.00221288
0.0854239
0.138249
0.45334
0.511109
0.193683
0.00555078
0.532435
0.210062
0.00547175
0.232555
0.390767
0.0680948
7.64616e-05
0.204952
2.53731e-05
0.0225339
0.121304
0.330931
0.156487
0.0607079
1.65506e-06
5.49844e-05
0.114928
0.265176
0.278711
0.110401
0.625441
0.605279
0.000422311
0.119693
0.000212093
0.671663
0.00702069
0.416419
0.0166777
6.91193e-05
0.19629
0.0651697
0.195822
0.000119339
0.249395
0.000180028
0.0418293
0.321802
0.0047678
0.0889955
0.168131
0.0116704
0.19444
0.501252
0.638733
0.606797
0.000329778
0.11855
0.0247257
7.65438e-05
0.00440963
0.3103
0.00529594
0.00226819
0.699388
0.288332
5.7778e-05
0.195274
0.0559072
0.00550594
0.167718
0.000335781
0.0177911
0.00325082
0.338697
0.00203849
0.133459
0.485512
5.92626e-06
3.08939e-05
0.442657
0.0903193
0.00965058
0.117685
0.304575
0.000321892
0.0064425
0.0522535
2.13252e-05
0.0471835
0.00917365
0.226574
0.329872
0.0960727
0.252027
0.186188
0.174742
0.00187938
0.0730758
0.0297134
5.17905e-06
0.32098
0.00128506
0.0553895
0.00629512
0.0111223
0.0829522
0.263181
0.0110545
0.352123
0.248237
0.0544305
0.372421
0.00530157
0.0107406
0.0165674
0.000388875
0.290035
0.108042
0.00100688
0.301353
0.0105392
0.762867
0.0278263
0.561059
0.0639418
0.00359191
0.222645
0.0492931
0.0414794
0.351137
0.0438345
0.248537
0.0151037
0.124266
0.117264
0.688064
0.448013
0.000281774
0.109047
0.378235
0.246449
0.0315215
0.418967
0.040256
0.000164155
0.347101
0.249021
0.00066454
0.00342017
0.490357
0.023269
0.0198504
0.395877
0.0553952
0.0629353
6.35577e-05
5.57982e-05
0.52483
0.0096984
0.11907
0.000664595
0.0128167
0.0252675
0.00509361
0.347193
0.00384783
2.86691e-06
0.411241
0.0498101
0.243676
0.599924
0.000118088
0.0637914
0.129261
0.29207
0.0805332
0.0510774
0.146167
0.0295154
0.124339
0.000176982
0.0958117
0.00994854
0.00117621
0.0765078
0.044188
0.275389
0.00998212
0.00244643
0.342499
0.0436673
0.300782
0.0132218
0.0104109
0.21222
0.134115
0.000617829
0.225181
8.42492e-05
0.414693
0.384102
0.000191463
0.00438157
0.0129558
0.000153797
0.0694999
0.138522
0.361996
0.758316
0.00117669
0.171321
0.0231971
0.00291464
0.00153507
0.2258
0.339307
0.36719
0.714147
0.0538899
0.0365912
0.216106
0.664909
0.361733
0.218553
0.00251791
0.0299176
0.0940468
0.365868
0.300304
0.221751
0.485522
0.0264476
0.0002697
0.00123909
0.494358
0.0659483
0.646818
0.0543839
0.0416773
9.65715e-05
0.0015387
0.411316
0.390094
0.00192733
0.00033381
0.021524
1.84704e-05
0.243135
0.00419184
1.1503e-05
0.351206
0.671089
0.00157351
0.154664
0.0263322
0.476009
0.0279572
0.090419
0.540593
0.00171466
0.037226
0.000656073
0.11096
0.326227
0.277427
0.00403711
0.00114233
0.00908214
0.000159552
0.141076
0.00314997
0.000350597
0.103561
0.00591248
0.00267344
0.0586445
0.113556
0.0506433
1.3184e-05
0.012673
0.434718
0.231167
0.0332517
0.00251555
0.374781
0.00755267
0.0715822
0.00184953
0.0210844
0.0626018
0.502832
0.105291
0.00441759
7.91308e-05
0.127914
0.225695
0.330292
0.040529
0.0947798
0.0224201
0.0525651
0.260362
0.25968
0.0659104
0.0909847
0.000155968
0.675341
8.98995e-06
0.0220077
5.02387e-05
0.605071
0.0080055
0.0319566
0.000597124
0.0250794
0.29097
0.00622796
0.00518381
0.0364521
0.0409205
0.338362
0.105271
0.00171402
0.0055534
0.0455012
0.0504637
0.000254854
0.172548
0.304612
0.322641
0.00340081
0.0171259
0.38014
0.3158
0.285419
1.75855e-06
0.636878
0.341668
2.90175e-05
0.000201608
0.0186645
0.244146
0.000400657
0.598111
0.00145673
0.0139269
2.07316e-05
0.651891
0.430273
0.0189748
0.655403
0.0117413
0.00015017
0.407399
0.00876246
0.00314335
0.0674699
0.157862
0.122883
0.557941
0.173671
0.292826
0.335379
0.0620743
0.218169
0.355404
0.344216
0.484438
0.134475
0.486743
0.0175229
0.00428483
0.121828
0.00354772
0.0912746
0.316353
7.21285e-05
0.546683
0.0287852
0.00756742
0.087958
0.31947
0.0182791
0.226968
0.532368
0.144569
0.000621112
0.206957
0.300794
0.167272
0.291073
0.697793
0.199617
0.0141962
0.113817
0.0409195
0.049504
0.292737
0.000932745
0.00574159
0.443092
0.0436401
0.103527
0.0155255
0.0899699
0.000347486
0.000246088
0.00577102
0.174429
0.0011367
0.143679
0.555246
0.407633
0.00103622
0.0244108
0.101646
0.338336
0.00522335
0.0212976
0.0456436
0.202567
0.347293
0.205376
0.0175141
0.322959
0.00225909
0.000697178
0.333074
0.0459048
0.000521026
0.239496
0.050284
0.0102928
0.395333
0.260383
6.17748e-05
0.00678314
0.00447595
0.00774681
0.000159847
0.039259
0.0825789
0.107758
3.79714e-06
0.0122637
0.00350609
0.00206156
0.0369222
0.0536879
0.114775
0.00169514
0.248472
0.00539966
0.0368634
0.000940028
0.0461834
0.0145548
0.255251
0.380663
0.0100685
0.430134
0.164261
0.00262055
0.0101186
0.054629
0.360652
0.241137
0.288104
0.00761609
0.565371
0.00593085
0.0559938
9.52845e-06
0.25177
4.56504e-05
0.13348
0.00374412
0.104223
0.0370253
0.177909
1.34907e-06
0.582789
0.144434
0.314382
0.659835
0.0824219
0.00946662
0.245607
4.93866e-05
0.139153
0.251938
0.628083
0.493076
1.47668e-06
0.0297705
0.00475102
0.000176228
0.000590805
0.0171558
0.080891
0.326193
0.0984986
0.124248
0.00853796
0.559658
0.0665774
0.278825
0.00161813
0.149265
0.344216
0.784002
0.0143003
0.265599
0.00377321
0.00423994
0.313237
0.5188
0.00110241
0.00384342
0.331361
0.486976
0.272868
0.00780452
0.0259522
0.00207517
0.00531368
0.00690862
0.0701027
0.00399797
0.264995
0.0681864
0.0159975
0.00197726
0.0139573
7.0213e-05
0.408587
0.000160524
0.00352386
0.145246
0.225999
0.0365847
0.498414
0.095347
0.296148
0.0030122
0.0198581
0.0200799
0.0526436
0.629636
0.00277853
0.000112729
0.0140094
0.104559
0.399251
0.327824
0.264643
0.0104957
0.227102
0.227435
0.140696
0.00121962
0.0245739
0.0351177
0.00364845
0.0153247
0.00132596
0.00268168
0.585391
0.102962
0.00055468
0.782194
0.443635
0.129155
0.00226253
0.601108
0.678855
0.00627983
0.779603
0.398507
0.0051938
0.103463
0.425554
0.0271943
0.00389342
0.00294319
0.0314103
0.0653998
0.0510951
0.58245
0.11691
0.00289961
0.000298899
0.0587406
0.00317758
0.482741
0.0215833
0.273748
2.24998e-05
0.120721
0.009035
0.177839
0.306372
0.323951
0.0252527
0.0472268
0.342507
1.4099e-05
0.000535647
0.0772085
0.330588
0.00138098
0.10183
0.0314109
0.0406557
0.0263683
0.0620873
0.0194565
0.0568403
0.0488021
0.000223564
0.0393217
0.00101627
0.0450868
0.331317
0.00195045
0.00250636
0.379049
1.84401e-07
0.0522165
0.0165747
0.180609
9.2683e-05
0.703214
0.544636
0.276917
0.000256389
0.246067
0.000344421
0.000310614
0.201642
0.161884
0.00746912
0.000797517
0.125476
0.34292
0.00034175
0.0028281
0.0136487
0.051626
0.558962
0.0480888
0.196459
0.333797
0.628014
0.241009
0.383715
0.00233452
0.427932
0.000192387
0.0944597
0.0088139
0.00654321
0.0194101
0.239036
0.0109118
0.274742
0.0158837
0.00171162
0.00764442
0.0768905
0.358495
0.432043
0.273968
0.268572
0.305812
0.000120654
2.82333e-05
0.175523
0.0921041
0.190834
0.00416963
0.368745
0.689425
0.0494707
0.327403
0.0339832
0.0161989
0.00718497
0.215277
0.0190867
0.0493819
1.38005e-06
0.380233
0.0786833
0.625157
0.043795
0.00190766
0.279083
0.117059
0.0128382
0.0140178
0.21999
0.0972757
0.363921
0.522095
0.0282271
0.0817651
0.305318
0.000417715
0.00592596
0.309287
0.00116908
0.306
0.112585
0.000806709
7.9099e-05
0.00455949
0.0403292
0.000443093
0.0119384
0.00170588
0.264961
5.9747e-05
0.29742
0.00154515
0.00765034
0.111877
0.0470981
0.0115824
0.000117022
0.0393085
0.0268278
0.472174
0.0248585
8.90014e-05
0.0017026
0.00575239
0.301036
0.00894245
0.00167543
0.335449
0.00151978
0.330651
2.1134e-05
0.0146224
0.215383
8.68131e-05
0.00101218
0.0710734
2.36344e-05
0.23769
0.00118872
0.256411
0.379521
0.00415372
0.0357412
0.118881
0.0722186
0.000348026
0.0606164
0.290656
0.464931
0.133054
0.329478
0.0146874
0.202492
0.00297609
0.178074
0.379646
0.0037566
0.0386675
0.0129678
0.195861
0.00106301
0.0100203
0.495241
0.0644841
0.00327974
0.149556
0.0317853
0.0752924
0.000212355
0.297831
0.022483
0.000234827
0.0770188
0.066098
0.00104668
0.000240378
0.0556367
0.0237851
0.000838744
0.386397
8.63894e-05
0.06979
6.26311e-05
0.0660373
0.235922
0.0346505
0.0241628
0.00236372
6.89688e-05
0.3098
0.000437017
0.212669
0.109043
0.0894218
0.00111551
0.000460911
0.0136442
0.678973
0.000473437
0.00619628
0.365488
0.000924154
0.262187
0.0569219
0.657564
0.0553118
0.0727801
0.511055
0.054461
0.000124405
0.367482
0.0137437
0.219927
0.0141931
0.017864
0.198576
0.216212
0.000209138
0.00211733
0.418051
0.000443567
0.0392667
0.114464
0.0839711
0.166848
0.404904
0.0152585
0.491767
6.19652e-05
0.144926
0.0251246
0.444395
0.749947
0.000185502
0.204908
0.39253
0.241622
0.310315
0.000200368
0.0150044
0.638576
0.493301
0.00799992
0.175543
0.064149
0.572996
0.131581
0.102001
0.0849373
0.0513967
0.249015
0.332909
0.191468
0.00109143
0.0309798
6.91576e-05
0.000922457
0.18675
0.353581
0.0993861
0.0825183
0.11021
0.297898
0.000549724
0.412174
0.0298789
0.00771066
0.0115752
5.79408e-05
0.039668
0.00211834
0.00671666
0.336599
0.0745423
0.00296422
0.0160479
0.00332585
0.0337147
0.205058
0.443775
0.0323472
0.369407
0.0569059
0.011761
0.17552
0.0138554
0.0512856
0.000222468
0.448846
0.0761509
0.0060241
0.00208397
0.303407
0.328952
0.574872
0.00773882
0.374295
0.000307748
0.0306915
0.234174
0.517717
0.000277758
0.0685293
0.0453166
0.0159766
0.00704392
0.300896
0.00246084
0.00128991
3.52721e-05
0.718196
0.298466
0.000678732
0.0116796
0.0114181
0.0155165
0.049464
0.0841609
0.140813
0.305797
0.50378
0.209599
0.0406241
0.000127402
0.00151869
0.0628262
0.00795348
0.291366
0.00049972
0.365734
0.036246
0.00605874
0.00474127
0.268897
0.0277009
0.497248
0.0918067
0.0995082
0.108833
0.0608781
0.0639756
0.024423
0.231342
0.0155563
0.312104
0.00141558
0.000397254
0.000170937
0.0298809
0.21736
0.301468
0.0168433
0.02472
0.168927
0.12624
0.000527041
0.451345
2.9048e-05
0.00609068
3.77446e-06
0.309238
0.00142308
0.0282096
0.0630288
0.120438
0.473688
0.180725
0.297151
0.0188381
0.325193
0.23018
0.290322
0.02515
0.330308
3.84642e-05
0.00280936
0.00016982
0.000256265
0.139132
0.126548
0.000142467
1.64483e-05
0.0685829
0.0207204
0.000965229
0.0244316
0.0425777
0.0945082
0.132285
0.417752
8.08251e-05
0.0222676
0.010345
0.000742984
0.398612
0.0415387
0.0371205
0.533227
0.0407119
0.000427177
0.243271
0.297485
0.0123232
1.06024e-07
0.149636
0.109075
0.19084
0.0323475
0.000172885
0.16751
0.352013
0.339379
0.00118809
0.0754455
0.0335422
0.0311852
0.485149
0.0324902
0.32133
0.521083
0.0183558
0.103595
0.276526
0.00737157
0.333147
0.38758
0.35559
0.182256
0.227528
2.60193e-05
0.0149173
0.641218
0.188574
0.300831
0.0244427
0.467858
0.529073
0.615196
0.392685
0.0377419
0.265251
0.242512
0.00187623
0.0045253
0.000280165
0.0231111
0.0357561
2.8614e-05
0.311704
0.0782551
0.355818
0.443375
0.314453
0.0192332
0.0807829
0.000945715
0.0566861
0.000728065
6.53051e-07
3.72908e-07
0.419965
0.26723
1.11116e-05
0.00357416
0.379718
0.174072
0.298491
0.147292
1.69752e-05
0.00166748
0.215002
0.16952
0.0280407
0.0228691
0.00076517
0.635353
0.0199013
0.00376996
0.383633
0.0843563
0.394105
0.352021
0.082653
0.00090669
0.129418
0.22747
0.0435615
0.239186
3.59685e-05
0.392227
0.00263726
0.0149154
0.0427394
0.760822
7.86084e-05
0.11166
0.00537988
0.0553459
0.01221
0.249014
0.00526209
0.00514858
0.00237923
0.142834
0.0347007
0.291657
0.00282735
7.25909e-05
0.0390313
0.0317717
0.0012024
0.231177
0.620281
0.318144
2.41967e-05
0.0005313
0.00437561
0.00225453
0.209346
0.0049374
0.000907152
0.263433
0.00847945
0.0849166
0.083043
0.000493194
0.437124
0.000154465
0.0627725
0.000502229
0.000176463
0.179169
0.0364184
0.0079752
0.446576
0.426172
0.00047195
0.308461
0.00906195
0.000239322
0.0905901
0.0291639
0.0539557
0.296003
0.55722
0.113654
0.280285
0.0463236
0.452254
0.0138701
0.000720941
0.212264
0.0887628
0.0309377
0.114598
0.251695
0.139769
0.222782
0.0157733
0.00232729
0.00329906
0.0103473
0.0978342
0.284377
0.0189071
0.0881363
9.96454e-05
0.541752
0.315771
0.000334635
0.6031
0.376497
0.174376
0.136209
0.281336
0.15928
0.0254083
0.74417
0.000262356
0.186808
0.282927
0.0373239
0.00239378
2.13159e-05
0.444946
0.368254
0.000126537
0.331008
0.20083
0.306746
0.515381
0.0540308
6.73813e-05
0.00390199
0.00393299
0.323005
0.00336305
0.0772674
0.291116
0.120982
0.0551571
0.156495
9.75518e-05
0.0813986
0.107365
0.495287
0.353694
0.268283
7.66232e-05
0.00250351
0.423197
0.524275
0.577117
0.456624
0.22922
0.00652028
0.092166
0.000113332
0.0127851
0.180521
0.294191
0.00264929
0.0105321
0.392837
0.331688
0.0106797
0.260486
0.000791037
0.605654
0.0483488
0.0396425
0.0353521
0.102318
0.000582601
0.0126474
0.0386553
0.000139866
0.250322
0.13946
0.000826703
0.00233183
0.0700711
0.102165
1.21486e-05
0.220777
0.318014
0.00263626
0.145609
0.00142187
0.0211114
0.00273939
0.0303457
0.317187
0.306736
0.012231
0.645385
6.71313e-05
0.0626358
0.00931423
0.0410398
0.359374
0.420774
0.00983683
0.125265
0.0157508
0.38335
0.00176964
0.0654272
0.0564721
0.00665376
0.00211862
0.189571
0.255892
0.0057089
0.310259
0.0277686
0.00972924
0.304541
0.0140625
0.00237194
0.0540023
0.479042
0.248199
0.342098
0.00105463
0.0144803
0.316142
0.163862
0.00130388
4.8598e-05
0.554593
0.187552
0.0588609
0.0876404
0.170347
0.0164416
0.144144
0.0119233
0.016826
0.262312
0.266496
0.000534237
0.0824234
0.459807
0.014709
0.0108215
0.00149279
2.61564e-05
0.407019
0.575885
0.036816
0.0244775
0.267523
0.00260729
9.20293e-06
0.451724
0.0628089
0.152189
0.0080884
0.0890817
1.77252e-05
0.437894
0.000675788
5.95854e-05
0.0811898
0.235648
0.00155555
0.662849
0.000647472
0.0887923
0.445379
0.31011
0.0337002
3.00031e-06
0.00136546
3.41245e-05
0.200439
0.00676648
0.0487657
0.316728
0.0131903
0.0143181
0.28164
0.224398
0.102948
0.04324
0.0928575
2.9812e-05
0.20927
0.427065
0.557041
0.294466
0.0132564
0.000593141
0.0522267
0.239651
0.000598043
0.15223
0.000803757
0.485993
0.0118212
0.0455407
0.00164801
0.823004
0.0766713
0.0589643
0.000750859
0.304819
0.00589735
0.0489944
0.0183224
0.0817074
8.85854e-05
0.000338222
0.380211
0.0434987
0.295726
0.0109414
0.00459071
0.155409
0.13621
0.297947
0.206091
0.315212
0.0292563
0.531186
0.273255
0.000136414
0.0449034
0.180049
0.604972
0.036536
0.318617
0.0934658
0.133626
0.0549799
0.0346109
0.444474
0.397516
0.00164642
8.17962e-05
0.0493559
0.164064
0.430804
0.00828542
0.0761479
0.0294673
0.000835297
0.375523
0.272771
0.341791
0.213768
0.2268
0.000801093
0.000153392
0.273382
0.501543
0.000589988
0.00953463
0.193352
1.22464e-05
0.00193515
0.31595
0.146161
0.00365251
0.10951
0.000462109
0.0151145
0.00053337
0.00791437
0.000558777
0.137776
0.169024
0.0527855
0.0632838
0.305242
0.002813
1.87313e-05
0.247977
0.281716
0.00537573
0.0504845
0.616729
0.0234774
0.284771
0.000402961
0.161321
0.0143116
0.02522
0.01362
0.741687
0.0806974
0.537323
0.288015
0.487664
0.000655348
0.341323
0.285262
0.0886614
0.00609324
0.00447349
0.0031773
0.433489
0.0312013
0.434715
3.51843e-05
0.0542986
0.292126
0.0113476
0.00427119
0.851316
0.174699
0.0198114
0.217638
0.121218
0.463789
0.0569055
0.0450219
0.039973
0.0754083
0.0527827
0.00196324
0.0125052
0.0118923
0.18425
0.0240665
0.0110886
0.0298021
0.0513496
0.000266201
0.124307
0.49058
0.266587
0.0287008
0.145713
0.00679985
0.205737
0.0661311
0.40833
0.000100805
0.338196
0.304558
0.0506378
0.0940903
0.128487
0.000394573
0.0277409
0.274008
0.370039
0.294153
0.0419205
0.00358289
0.18017
0.218831
0.0238645
0.129492
1.62996e-05
0.392641
2.79864e-06
0.0465048
0.659337
0.00372243
0.0321692
0.019382
0.556608
0.294963
0.236793
0.0711361
0.010696
0.0045329
0.415662
0.00274159
0.015852
0.252955
0.0746547
0.0599112
0.0277735
0.0216421
0.0958162
0.102681
0.0357803
0.0489634
0.524991
0.538721
5.35091e-07
0.309167
0.0190935
0.416407
0.0873047
0.102437
0.00761832
0.260505
0.260403
0.273977
0.161338
0.29494
0.00265946
0.00299407
0.0226384
0.355753
0.000500631
0.166165
0.00671418
0.235076
0.0123476
2.35757e-05
0.0239668
0.000829886
0.26032
0.15498
0.147565
0.110525
0.0637662
0.0730305
0.552072
0.00571277
0.0304474
0.00423885
0.0500579
0.229928
0.0836312
0.000737305
0.00110031
0.280096
0.378782
0.505744
0.149996
0.425534
0.0187168
0.000420525
0.394711
0.190762
0.00016378
0.00069681
0.0216325
9.85602e-06
2.64831e-05
0.0418256
0.0366628
0.00863818
0.324539
0.610051
9.40884e-06
0.0198814
0.1802
0.0228955
0.0805724
0.274391
0.563792
0.272747
0.00962607
0.180945
0.00025015
0.00527378
0.208042
0.00123121
0.0236293
0.0179673
0.0829056
0.0181708
0.196786
0.00021409
0.306667
0.0919851
0.230658
0.00158531
0.307408
0.131863
0.000155951
0.0482769
0.105522
0.0135384
0.000613743
0.0211564
0.046831
0.229149
0.00775042
0.308671
0.0969634
0.187974
0.00202966
0.143816
0.0488799
0.0799889
0.100637
0.491743
0.0137404
0.627877
0.002185
0.0784774
0.497323
0.456427
0.0479749
0.0116243
0.0801505
0.00889682
0.354041
0.0622867
0.0227073
0.26672
0.0499156
0.0397299
0.0180472
0.191516
0.0212333
0.197028
0.134404
0.00610677
0.0241295
0.00238545
0.00148592
0.0291608
0.238202
0.015458
0.157411
0.309342
0.205106
0.309918
0.00839169
0.0819718
0.583126
0.0469322
0.00928168
0.189505
0.204598
0.332764
0.0177325
0.485373
0.328182
0.0098912
0.0331834
0.762465
0.000328534
0.0340593
0.0899437
0.149807
0.0538374
0.372613
0.292353
0.411551
0.0822128
0.0745153
0.00215878
0.454869
0.367718
0.0110437
0.00317778
0.238558
0.161456
0.0018957
0.382597
1.38571e-05
0.0583051
0.369496
0.0667121
0.288479
0.364248
0.000970149
0.00122797
0.248202
0.490129
1.13394e-05
0.000732794
0.0692484
0.000409753
0.34101
0.136971
0.0113867
0.000170237
0.142122
0.0628853
0.0624939
0.112314
0.00411851
0.00465814
0.00181361
0.550426
0.0379545
0.00120674
0.632476
0.0428163
9.04245e-06
0.44627
0.000782106
0.0275922
0.00855826
0.00035539
0.410921
0.0135233
0.147662
0.0130497
0.279446
0.00766587
2.92191e-06
0.360219
0.0568408
0.273667
0.000670153
0.0721868
0.00321682
0.41207
0.00174112
0.315338
0.0761374
0.0148393
0.361768
0.184477
0.0054447
0.00037466
0.266855
0.000146843
0.271672
0.417657
0.168958
0.125464
0.308231
0.00994369
0.00888169
0.320817
0.444701
0.0074549
0.017909
0.303758
0.017837
0.448495
0.269411
0.0745399
0.409753
0.208717
0.408969
1.81876e-05
0.60603
0.311684
0.0207052
0.0162234
0.0219825
0.0572546
0.000237949
0.00395628
0.00298494
0.171618
0.000324466
0.651258
0.154734
0.00589463
0.686544
0.392719
0.00302701
0.0734818
0.443115
0.543706
1.58736e-06
0.155873
0.0398594
0.0268169
8.04223e-05
1.74404e-06
0.000634142
0.310204
0.0175677
0.00342789
0.0635098
0.130193
0.311953
0.364628
0.0903796
0.000189114
0.104759
0.000284749
0.297492
0.000893511
0.0304234
0.0788873
0.0425868
0.310779
0.0119479
0.00886036
0.59696
0.385342
0.0108719
0.294546
0.0367014
0.0263831
0.443194
0.0128391
0.45144
0.272094
0.00236735
0.000745828
0.380074
0.0319548
0.108004
0.401613
0.117219
0.00174548
0.499086
0.00134657
0.270025
0.344084
0.361797
0.169749
0.393431
0.267528
0.322004
0.511508
0.0498547
0.41195
0.489077
0.0024038
0.238769
0.116235
0.431928
0.0134338
0.0255478
0.303483
0.35245
0.264332
0.0280365
0.450428
0.243478
0.21367
0.539186
0.486281
0.476521
0.23428
0.0395044
0.430558
0.0477357
0.000498319
0.0532718
0.0498748
0.126273
0.0438709
0.0635013
0.00481148
0.20071
0.00112976
0.463838
0.109035
0.000354691
0.000188573
0.000575534
0.226538
0.00100704
0.199407
0.144615
0.0836431
0.130808
0.339479
0.537445
0.343832
0.570239
0.00742298
0.102243
0.478935
0.00939878
0.0771984
0.00890034
0.364066
0.0492673
0.00849252
6.65078e-05
0.369497
0.290224
0.118854
0.0930761
0.0652868
0.396426
0.0630468
0.00839997
0.0836282
1.06124e-05
0.373149
0.00114048
0.625021
0.015424
0.379094
0.287173
0.0464818
0.000622835
0.00788654
0.282955
0.300579
0.527074
0.0313715
0.00340548
0.531562
0.288246
0.450242
0.00647229
0.0303182
0.17441
0.0217474
0.0188508
0.0316099
0.00379327
0.0783956
0.0088079
0.131307
0.0385574
0.438597
0.0628749
0.161095
0.296836
0.274518
0.000806988
0.00131729
0.273027
0.724355
0.147991
0.000384808
0.231058
0.501824
0.0729506
0.00520777
0.423344
0.284782
0.000438718
0.169693
0.771026
0.378792
1.93342e-05
0.0625089
0.41937
0.0674628
0.117168
0.238814
0.206369
0.00582967
0.264465
0.0996615
0.0274289
0.0180696
0.205688
0.00133248
0.0427779
0.389808
0.0166661
0.505252
0.0849819
0.0760603
0.000775374
0.41802
0.258027
0.0168082
0.0229735
0.0780652
0.593339
0.0152816
0.018064
0.0641437
0.0026575
0.0868218
0.316192
0.00381487
0.155534
0.0330031
0.0728256
0.0395716
0.0756853
0.0117639
0.0397408
0.136033
0.000652536
0.650668
0.484379
0.0439509
0.418194
0.00574341
0.18726
0.000214563
0.131122
0.00444671
0.264172
0.00308971
0.0261144
0.597573
0.00597067
0.16677
0.0353087
0.100277
0.0658935
0.0431299
0.264524
0.0093187
0.149192
0.196254
0.156934
0.132518
0.0264463
0.167948
0.358404
0.299285
0.000102187
0.492779
0.654937
0.0475075
0.0635424
0.0213115
0.0436843
0.119299
0.0529894
0.000530271
0.00366795
0.0676011
0.309802
0.0186533
0.00373135
2.54642e-05
0.156699
0.00667475
0.314013
0.482037
0.00287928
0.000148071
0.0475477
0.196557
0.100154
0.0639267
0.000368172
0.175434
0.000425537
0.372029
0.00705998
0.536899
0.284176
0.00268464
0.00182291
0.001456
1.15082e-07
0.427149
0.2417
0.278362
0.275856
0.105164
0.0540581
0.00157816
0.245069
0.000605952
0.0033417
0.237715
0.264067
0.00788154
0.218561
0.000172139
0.00639448
0.00307395
0.316701
5.18925e-05
0.00372889
0.581543
0.0108897
0.338308
0.0174144
0.285659
0.621758
0.0187432
0.430904
0.247928
0.000264169
0.0137099
0.299695
0.000571495
0.038693
3.19336e-05
0.0213246
0.12328
0.483019
2.74175e-07
0.589669
0.0376764
8.69541e-05
0.000657431
1.28028e-06
0.0505472
0.00073585
0.434575
0.337871
0.0589551
0.00997
0.135126
0.0194033
0.0390068
0.435515
0.465047
0.000964254
0.0329809
0.06096
0.327849
0.00164392
0.301292
0.0508313
0.320883
0.136318
5.74823e-05
0.00393249
0.546451
0.27229
0.0720632
0.121206
0.0792568
0.0111136
0.0395602
0.180081
0.137182
0.00468834
0.00543839
0.00654751
3.01712e-06
0.0314455
0.00512246
0.214166
0.224769
7.0282e-05
0.00544021
0.0572659
2.0932e-05
2.83876e-05
0.0537091
0.0188526
0.482147
0.121106
0.0153472
0.346048
0.0685464
0.0306342
0.663124
0.317845
0.350114
0.0187148
0.00186722
0.340848
0.30235
0.557183
0.41004
0.0166527
0.116584
0.00476879
0.338601
0.00584831
2.5214e-05
0.0282625
0.32056
0.0246345
0.00356429
0.338562
0.000162872
0.176239
0.079368
0.0301275
1.53247e-05
0.201947
0.0084196
0.307199
0.0552886
0.00203878
0.169096
0.312929
0.00410198
0.000299709
0.141616
0.438799
0.0580924
0.246557
3.66094e-05
0.000955309
7.77774e-06
0.686024
0.0840512
0.239608
0.0687321
0.117437
0.179355
0.0547851
0.444641
0.000947832
0.0154233
0.102315
0.742481
0.0554491
0.107756
0.0105129
0.0575656
0.251539
0.0141636
0.293033
0.123734
0.0851413
0.189194
0.000812201
0.3018
0.345033
0.0737325
0.0202458
0.0125971
0.00438365
0.162924
0.0365133
0.612214
0.0094339
0.284521
0.00559815
0.0165264
0.0931242
0.0058171
0.420709
0.00420526
0.35259
0.210493
0.170301
0.0383628
0.341761
0.353457
0.290021
0.0387918
0.0405637
0.00373404
0.0577602
0.393385
0.0538005
0.0017016
0.210001
0.0816904
2.19757e-05
0.360157
0.662978
0.000149218
0.0223201
0.269514
0.000666544
0.0181695
0.0527634
0.00193117
0.282109
0.197861
0.0645002
0.00999141
0.162324
0.00878823
0.0255257
0.124289
0.00589024
0.192455
1.39095e-05
0.405701
0.000498725
0.00077712
0.0290945
0.0201105
0.00216524
0.439484
0.0176091
3.69362e-06
0.00413689
0.0160579
8.18223e-05
0.561936
0.173346
0.00529807
3.64256e-05
0.0031713
0.432965
0.00272868
0.373462
0.379619
0.00696884
0.00154829
0.176517
0.512129
0.00141153
0.358561
0.131571
7.93786e-05
0.22505
0.128899
0.0067786
0.00943609
0.0102333
0.057083
0.0624007
0.165685
0.000665661
0.0135157
0.29282
0.00113638
0.000470597
0.277895
0.0633726
0.00018681
0.106398
0.264984
0.0739176
0.092892
0.183622
0.312984
0.00295197
0.00314774
0.0126148
0.000834655
0.495457
0.0296776
0.444767
0.0676209
0.114351
0.00213833
0.000116088
0.403332
0.613667
0.136739
0.000137329
0.4596
0.00174171
0.023589
0.00737008
0.170001
0.0231091
0.422549
0.010393
0.0135101
0.0039215
0.145181
1.77534e-05
0.000144235
0.116293
0.1955
0.322689
0.0026216
0.406256
0.0389417
0.0168135
0.0110524
0.000828417
0.368239
0.298917
0.0552325
0.000446045
0.0352338
0.00493779
7.64615e-05
0.0598383
0.111161
0.130511
0.000662632
0.0170306
0.300829
0.299723
0.178301
0.306308
0.525261
0.00441686
0.0903184
0.00490899
0.499013
0.0354689
0.197569
0.000108525
0.268676
0.163314
0.0964387
0.00604326
0.140617
0.403743
0.0139962
0.092109
0.207238
0.581328
0.606047
0.0627978
0.00296644
0.389429
0.412177
0.00116016
0.0104395
0.0753808
0.00467245
0.000729283
1.6429e-06
0.090011
0.00389289
0.378673
0.128258
0.608453
9.10836e-06
1.73544e-06
7.47759e-05
0.0166561
0.250404
0.15666
0.00730905
0.212889
0.284905
0.243529
0.39951
0.603283
0.0641811
0.00368881
0.706812
0.0334941
0.0184911
0.108638
5.79105e-05
0.0346612
0.002429
0.226712
0.00294633
0.187479
0.248822
0.0142983
0.00343157
0.00152729
1.64543e-06
0.240369
0.172986
0.000258037
0.0170637
0.130402
2.38343e-05
0.00142358
0.000139001
0.136139
0.000482152
0.0789306
0.312213
0.090805
5.50106e-05
0.0010489
0.00232902
0.069578
0.0145956
5.55805e-05
0.00908676
0.000818723
0.101991
0.000218073
0.000227384
0.00640553
0.268205
0.0028912
0.00268094
0.115453
0.0299578
0.434237
0.134909
0.000301886
0.000795257
0.00327215
0.00574775
0.146246
0.11463
0.027969
0.000823375
0.00015206
0.398978
0.0194088
0.12793
0.0194638
0.00499724
0.00182039
0.318625
0.05464
0.0240892
0.160514
0.00626471
0.365378
1.73901e-05
0.0937039
0.00543965
0.293671
0.325601
0.325474
0.157053
0.000973072
0.00361665
0.0436763
0.732399
0.00134505
0.0137676
0.124791
7.71868e-06
0.0382454
0.351085
0.16283
0.00758068
0.174739
0.00241249
0.000193974
0.0711633
0.278212
0.0144781
0.430527
0.000112552
0.00907288
0.624547
0.0166205
0.0174843
0.305808
0.0240586
0.000309646
0.191341
0.000167159
0.000565387
0.215689
0.204967
0.17877
0.269206
0.00537638
0.41564
0.512232
0.446336
0.0234829
0.0253712
0.235971
0.0868514
7.29509e-05
0.0854193
0.00821307
0.00902617
0.0735006
0.0524181
0.312242
0.000861881
0.407622
0.0255361
0.330773
0.494043
4.24768e-05
5.46205e-05
0.0713195
0.178219
0.121256
0.290083
0.263426
0.0105128
0.0545589
0.140794
3.16094e-06
0.501356
0.0661476
0.413429
0.0260179
0.010475
0.344144
0.00388284
0.0752968
0.260701
0.00811248
0.0526848
0.301081
0.210308
0.00229388
0.320887
0.188594
0.434996
0.236815
0.0724432
0.429865
0.340836
0.00601531
0.0269962
0.239036
0.131873
0.437669
0.0135803
5.83724e-05
0.0094795
0.134772
0.115701
0.332766
0.0929791
0.0350754
0.412745
0.0018545
0.00316064
0.149983
0.0942428
0.030233
0.00565794
0.00901519
0.455369
0.00450676
0.369063
0.0026594
0.133464
0.127267
0.000942591
0.00223496
0.000438239
0.217194
0.19892
0.0108899
0.0132859
0.455636
0.00027278
0.173933
0.389061
0.100654
3.60119e-05
0.000136153
0.130042
6.25756e-05
0.000515458
0.031844
0.00118228
0.00200135
0.132637
0.304387
0.02453
0.204509
0.000274507
0.00495265
0.0543707
0.0130288
0.00625611
0.0127086
0.349813
0.00808603
0.164366
0.21488
0.134066
0.0394065
0.467301
0.000227769
0.00043159
0.254488
0.155974
0.347481
0.0105951
0.0140102
1.48219e-05
0.00692537
0.326671
0.000977894
0.252172
0.0116897
0.301662
0.0036776
0.547852
0.533211
0.00593145
0.311931
0.00675229
0.000145306
0.230885
0.00638836
1.3295e-05
0.025449
0.0284976
0.441501
2.33683e-05
0.023955
2.28212e-05
2.03104e-05
0.18873
0.000308633
0.00170184
0.46425
0.214007
0.000558967
0.208024
0.26851
0.00213555
0.261831
0.000176496
0.543541
0.339731
1.46199e-05
0.0368858
0.474418
0.0825369
0.501883
0.00784784
0.000219992
0.246957
0.644975
0.0067455
0.000699387
0.027093
0.04421
0.0094497
0.0166539
0.000891864
3.72837e-05
0.000799402
4.11764e-05
0.0621986
0.204071
0.0515875
0.0262061
0.00875267
3.72522e-05
0.0119009
0.042165
0.050425
0.012727
0.176087
0.640561
0.222173
0.310685
0.000158918
0.0103514
0.325081
0.292311
0.00967257
0.00472117
0.063014
0.000275666
0.240527
0.0976033
0.0652386
0.00164563
0.0246185
0.190126
0.000232795
0.00658549
0.0175694
0.0327749
0.0807419
0.000635456
0.0719828
0.0031495
0.000572083
0.649743
0.6782
0.0183204
9.28112e-05
0.0340534
0.0321426
0.00318193
0.41637
0.0690232
0.195294
0.00513105
1.52898e-05
0.0111601
0.198632
0.565533
0.000478963
0.127947
0.0031085
0.226469
0.242522
0.190648
0.126035
0.193021
0.47856
0.422972
0.00412743
0.105548
0.070506
0.0299729
0.055183
0.0298835
0.612256
0.43436
0.00441163
0.186244
0.0137238
0.224398
2.20853e-05
0.296733
0.00699103
0.000672556
1.3484e-05
0.0295473
0.0213689
0.0209851
0.0145291
0.0434182
0.0377333
0.0261725
0.00133726
0.00796574
0.0880195
0.219678
0.252808
0.12323
0.00138421
0.00196259
0.000881617
0.183687
0.252589
0.337812
0.000109716
0.120585
0.262749
0.00387998
0.00981521
1.7569e-05
0.000799006
0.0195744
2.23576e-05
0.150763
0.336379
0.506636
1.96369e-05
2.9602e-05
0.153977
0.325591
0.162304
0.00836365
0.0486121
0.00285351
0.209046
0.137647
0.0116535
0.134612
0.158834
0.247269
0.0413315
0.0575109
0.0205007
0.592275
0.0723471
0.0921243
0.00248124
0.31156
0.00650688
0.170561
0.263392
0.00139247
0.0945379
0.00102176
0.00047238
0.0307143
0.00815347
0.678787
2.01533e-09
0.548898
0.0252187
0.127799
0.00881532
0.099368
0.0224919
0.0170796
0.232971
0.46806
9.52364e-07
0.127876
0.000144526
0.000549419
0.104877
0.000373475
0.226571
0.0456489
0.0883033
0.00439978
0.168198
0.184036
0.00158721
0.0327704
0.272338
0.298953
0.196129
0.345264
0.000916299
0.203712
0.183258
0.000104392
0.58156
0.456846
0.00133067
0.00166168
0.366868
0.371453
0.00805455
0.0684661
0.270737
0.17197
0.00669086
0.009064
0.218669
0.44995
0.000512026
0.185281
0.00313251
0.0182352
0.00529793
0.0565182
0.0052143
0.00845952
0.293735
0.456644
0.493636
0.380119
4.90863e-06
0.246503
1.98918e-05
0.000403213
0.00626134
0.106513
0.113252
0.19266
0.18926
0.0166633
0.0113745
0.31699
0.0035999
0.0151177
0.000695472
0.375859
0.0153309
7.86496e-05
0.4549
0.000415819
0.253412
0.000360232
0.548328
0.295807
0.268494
0.235987
0.121567
0.19055
0.229627
0.00548249
0.000206412
7.17241e-06
0.0667808
0.216417
0.000674028
0.0164027
0.339913
0.0246214
0.198115
8.77985e-05
0.00187774
0.000447643
0.00739119
0.00101288
0.22253
0.271269
0.306462
0.306468
0.0051161
0.0864853
0.228063
0.0394839
0.0120564
0.0020723
0.031356
0.0124431
0.00819039
0.261086
0.000239055
0.468425
0.00157324
0.0470021
0.016799
0.101232
0.247258
0.0895588
0.000898087
0.005002
0.0110314
0.185976
0.0355497
0.00100907
0.676508
0.270572
0.0101474
0.614159
0.0128473
0.00322301
0.0218269
0.00997231
0.0646668
0.305308
0.00852935
0.0419826
0.334443
0.000906301
0.690885
0.000609892
0.293759
0.00189929
0.00684295
0.00104467
0.00505807
0.0871328
0.00903798
0.00350038
0.034102
0.209231
0.271237
0.00424705
0.13215
0.213994
0.00296285
0.000653464
0.0215492
0.000656778
0.000495232
0.546974
8.20849e-05
0.266608
0.678176
0.0105284
0.0254401
0.339687
0.362658
0.00616027
0.164082
0.18322
0.0389544
0.0067004
0.00348126
0.00108474
0.00954652
0.0346296
0.519127
0.047677
6.74965e-05
2.96033e-05
0.451132
0.00160978
0.00210104
0.0194274
0.513381
0.0136132
0.0229185
0.22117
0.039821
0.113119
0.0711232
0.15359
0.0490342
0.0139152
2.74742e-05
0.0668086
0.737364
0.214229
0.299719
0.0200035
0.0132795
0.00144512
0.0421349
0.000837757
0.178776
0.0563387
0.00267152
0.0117557
0.0947643
0.012161
0.424043
0.0556554
0.000487871
0.014508
0.143267
5.62306e-06
0.0466213
0.0372932
0.0537415
0.00567324
0.0728965
0.382988
0.505794
0.0204821
0.00019644
0.0659548
0.000158956
0.0204686
0.0425632
0.15961
0.363972
0.000158097
0.364539
0.730871
3.06313e-05
0.151262
0.18104
0.418669
0.0341125
0.192173
0.4997
0.113349
0.138449
0.309272
0.254065
0.24787
0.508515
0.0251559
0.0208966
0.00872785
5.02011e-05
0.0188689
0.00261379
0.637862
0.16202
0.0656098
0.0745202
0.22701
0.232566
0.537877
0.102542
0.00450363
0.186083
0.37836
0.085443
7.2312e-05
0.174258
0.00527251
8.11062e-05
0.00398638
8.22183e-05
0.564912
0.330612
0.000778254
0.430923
0.00025681
2.55077e-06
0.000973733
0.000465762
0.115065
0.0293856
0.00184516
0.000289747
0.038503
0.381875
4.99103e-07
0.172822
0.405033
0.000928433
0.136936
0.00769968
0.361871
0.488645
0.250886
0.367653
0.266538
0.129811
5.97511e-06
0.277052
0.193163
0.358439
0.000816394
0.0119588
0.0256637
0.0138852
0.0111333
0.00157207
0.0196566
0.273968
0.430058
0.00433024
0.00510299
0.0433285
2.0829e-05
0.490075
0.137801
0.00235987
0.597114
0.488029
0.392483
0.286593
0.00850973
0.102983
0.00842378
0.00722684
0.000192481
0.131346
0.00597199
2.55614e-05
0.000147913
0.280584
0.000988293
1.71577e-05
0.0110975
0.524804
0.0163889
0.26588
0.538154
0.750337
3.9617e-07
0.127778
0.00052494
0.241408
0.0810546
0.517757
0.348223
0.14463
0.273605
0.000683263
0.651091
0.0557321
0.022612
0.280051
5.6501e-05
0.772958
0.00430689
0.00664076
0.010565
0.027544
0.138714
0.00788791
0.000927293
0.0304267
0.00359017
0.255726
2.31415e-07
0.280786
0.00411034
0.0671587
0.612673
0.327285
0.00717545
0.101282
0.0330482
0.336126
0.324609
0.404714
0.189452
0.00244891
0.00670469
0.0988856
0.000269151
0.000255129
0.0279954
0.000138173
0.639953
0.701185
0.135617
0.000865412
0.0366921
0.238407
0.181316
0.479014
0.381757
0.501827
0.43899
0.00947903
0.0309221
0.00110082
0.000194885
0.000208068
0.0676024
0.0200461
0.0204819
0.240491
0.339343
8.59012e-09
0.00256079
0.433952
0.1411
0.235765
0.120782
0.000102245
0.0385265
0.10823
0.000801467
0.38205
0.0116544
0.41751
0.336583
0.477079
0.166603
0.318752
0.0158686
0.422551
5.93203e-05
0.075037
0.0889147
0.209802
0.000242132
0.356696
0.0235321
0.385363
0.427981
0.0314038
0.3235
0.398327
0.182343
0.047565
0.284221
0.303618
0.453886
0.0811921
0.337074
0.0886857
0.280626
0.00915711
0.021146
6.1779e-06
0.34748
0.0197809
0.297238
0.194311
0.321264
0.0951307
0.386513
0.742681
0.0491603
0.150156
0.577336
0.199984
0.432956
0.232971
0.0381099
0.0337667
0.0042468
0.218297
0.247357
0.0545664
0.210176
0.258646
0.00118924
0.0331801
6.78239e-05
0.00096405
0.58065
0.000551628
0.0137687
0.00782073
0.281603
0.290273
0.172065
0.586015
0.325391
0.000783232
0.0403031
0.00406932
0.0277757
0.227324
0.425329
0.377495
0.00098625
0.00231386
0.00537787
0.211
1.8965e-05
0.0317601
0.000269044
0.0311352
0.217431
0.564568
0.484264
0.026636
0.0437332
0.714338
0.214601
0.00678447
0.00581308
0.0219606
0.00168277
0.00481364
0.0173221
0.304455
0.00149849
0.367437
0.268266
0.0300651
0.44569
0.205129
0.393892
0.102939
0.104318
0.479725
0.0616485
0.156037
0.000697806
0.21893
0.00321093
0.134966
9.13782e-05
0.0887457
0.419998
0.0367573
0.00154501
0.667594
0.0219166
0.00345119
0.0898578
0.0129759
0.352436
0.096019
0.000978809
0.00437611
0.245309
9.06764e-05
0.0158342
0.457691
0.00302857
0.00402922
0.308012
0.0316042
0.475547
0.00207978
0.724111
0.00555355
0.316426
0.04381
0.00480625
0.0225213
3.04209e-05
0.0324015
0.197889
0.00336053
0.00171764
0.125165
0.188908
0.163098
0.347497
0.322085
0.314458
0.00172556
0.364413
0.467735
0.0004335
0.404318
0.0791438
0.000165522
0.0204219
0.00105883
0.223909
0.223786
0.0662786
0.182359
0.0335838
0.0221968
0.0253122
0.00445791
0.652167
0.100226
0.206866
0.0241723
0.0366042
0.0545669
0.019279
0.181104
9.36685e-05
0.0438625
0.307699
0.292765
0.476994
0.00356891
0.135492
0.687255
0.00215912
0.032504
0.0779721
0.508449
0.0377903
0.00543319
0.308719
0.0273297
0.0598092
0.301414
0.00073056
0.00955581
0.0367161
0.0139638
0.0047134
0.0120761
0.150324
0.00171841
0.19592
0.000283993
0.0465228
0.0170449
0.0831511
0.240902
0.00129565
8.53192e-06
0.000603795
0.196204
0.0274428
0.393899
0.00242503
0.592072
0.00774881
0.727664
0.00919619
0.245094
0.071632
1.12969e-06
0.00338633
0.0140036
0.525247
0.389628
0.134747
0.460442
0.288898
0.308881
0.0561717
0.239297
0.210278
0.0049587
0.195368
0.00955015
0.000322844
0.158778
0.354202
0.00335347
0.116872
0.345492
3.53835e-05
0.00940144
0.521322
0.335289
0.00381614
0.0568588
0.211522
0.0301046
0.209117
0.231847
0.138916
0.0203428
6.88356e-06
0.0186627
0.3714
0.117084
0.000480301
0.0658877
0.0354715
0.445623
0.577607
0.137214
0.000895879
0.402361
0.00679519
0.000616086
0.161708
0.427407
0.0219586
0.298945
0.0197417
0.204996
0.032812
0.29249
0.101498
0.302669
0.0173834
0.0449664
0.25813
0.0034895
0.00148203
0.0258117
0.0123841
0.196313
8.26855e-05
0.00399087
0.096027
0.0228605
0.0455439
0.00232686
0.0271318
0.336352
0.174818
0.0474373
0.332402
0.197074
0.129275
0.520747
0.612993
0.388678
0.012365
0.626682
0.0157977
0.206661
0.00338152
0.388437
0.000632437
0.00567362
0.00799244
0.00049149
0.19955
0.323732
0.000243546
0.313278
0.100738
0.378161
0.265263
0.303981
0.00552883
0.00199394
0.000128226
0.226423
0.109817
0.588789
0.000226983
0.194558
0.350368
0.133747
0.0266676
0.0894888
0.000421484
0.399814
0.00691724
0.404843
0.153551
0.00418099
0.00698621
0.000571901
0.238618
0.307548
0.00586729
0.5794
0.00340606
0.313231
0.000319681
6.55037e-05
0.00373934
0.0997502
0.0213057
0.0621057
0.0849986
0.22901
0.0128834
0.0405396
0.280866
0.42373
0.0808574
0.0523477
0.360823
0.0133438
0.0486617
0.00444992
0.615471
0.0220191
0.0531581
0.520099
0.110893
0.0515676
0.074313
0.137226
0.152181
0.169036
0.00179349
0.227315
0.194677
0.258223
0.0968105
0.0909866
0.513212
0.0180428
0.000678036
0.270173
0.00797348
0.0161308
0.010876
0.0484462
0.305289
0.00270403
0.412862
0.170185
0.00078365
0.13676
0.0392051
0.0321611
5.52203e-06
0.280476
0.0726336
0.198016
0.000269741
0.23742
0.146665
0.101343
0.00698668
0.00306408
0.00893427
0.542551
0.000637727
0.00437517
0.00292084
0.000861491
0.0533721
0.000464804
0.32629
0.191579
0.0235969
0.00577374
0.0354405
0.00163668
0.117098
0.126712
0.19499
0.222181
0.00125362
0.00621272
0.35148
0.392441
0.295636
0.324518
0.0944073
0.285365
0.0613196
0.026581
0.411761
0.501154
0.0593813
0.0590731
0.197139
0.0925484
0.463744
0.452138
0.427946
0.00408862
0.00338325
0.506208
0.00143495
0.31891
0.441375
0.000319814
0.313705
0.00889221
0.140773
0.191928
0.309864
0.416226
0.317925
0.453683
0.0774063
0.157663
0.602649
0.000435753
0.0345284
0.000206911
0.000914241
0.00748965
0.0313732
0.00313301
0.00368871
0.334701
0.00907904
9.60813e-05
0.0698001
0.432281
0.270541
0.0372679
0.0716919
0.483178
0.137635
0.412788
0.355994
0.00102404
0.475776
0.000762322
0.291377
0.0784836
0.0262773
0.0291062
7.38444e-05
0.51648
0.14187
0.142737
0.00152081
0.00728106
0.000772406
0.0328466
0.00160123
0.00208495
0.000990956
0.00185469
0.0544277
3.92154e-06
0.290502
0.48443
0.259922
0.310405
0.00174667
9.1379e-05
0.505804
0.236283
0.328225
0.00103173
0.196482
0.00336424
0.304481
0.231547
0.593569
0.0608373
4.66699e-05
0.314874
0.0940775
0.0202077
0.296122
0.490826
0.580119
0.0353538
0.0555884
0.55396
9.48011e-05
4.16258e-06
0.138589
0.0772471
0.00126947
0.0401422
0.255942
0.186587
0.00727676
0.0639942
0.222819
0.266716
0.50519
0.0251828
0.0791762
0.00835743
1.69721e-05
3.38385e-05
0.011416
0.224227
0.0322337
0.200511
0.00039307
0.000852726
0.0934943
0.261675
0.410347
0.00139811
0.544903
0.42431
0.291857
0.002434
0.0333624
0.0654801
0.0929872
0.000109326
0.28383
0.119383
0.00107605
0.414639
0.313054
0.000763203
0.0123641
0.271831
0.00101107
0.325883
0.116799
0.341032
0.259279
0.182869
0.0693796
8.13373e-05
0.0836656
0.187232
0.0337463
0.212462
0.00256544
0.256931
0.104107
0.000110802
7.78309e-05
0.00817288
0.0507803
0.164516
8.216e-05
0.0230427
0.073351
0.219873
0.0161879
0.281299
0.128694
0.308531
0.0468511
0.00988617
0.285221
0.000535165
9.42494e-05
0.0223106
0.0377504
0.127449
0.0088087
0.000441977
0.0273394
0.407206
0.000993251
0.00018303
0.0323266
0.404375
0.39277
0.477474
0.41783
0.000177766
0.380194
0.0119897
0.0972606
9.39424e-05
0.105821
0.000934889
0.0195042
0.399188
0.248454
0.401834
3.47199e-07
0.0493877
0.389409
0.0351412
0.00699171
0.00720197
0.406879
0.0817729
0.624476
0.244941
0.109901
0.00159843
0.3367
0.362458
2.24095e-06
0.0659249
0.310127
0.00612287
0.00893956
0.00894151
0.000293915
0.390429
0.0151793
0.0704646
0.0938213
0.575089
0.385411
0.233292
0.0790878
0.124599
0.124832
0.0823523
0.119432
0.196169
0.00870693
0.0779259
0.365564
0.11842
6.8889e-05
0.0529986
0.000127792
0.652926
0.359039
0.0757917
6.38464e-06
0.0285571
0.541556
0.0298653
0.000764035
0.0241109
0.0562538
0.331322
0.0653048
0.00194671
0.255655
0.000505562
0.0488944
0.00994743
0.000411965
1.24803e-05
0.124855
0.000470956
0.0763222
3.2437e-07
0.0102808
0.339902
0.0183406
0.00117022
0.125691
1.02082e-06
0.00440285
0.613569
0.197264
0.0018309
0.0128339
0.626445
0.0186532
0.0324783
0.113492
0.293994
0.104719
0.345272
0.01257
0.0429945
0.0304128
1.217e-05
0.0166796
0.0147405
0.00828969
0.00576002
0.00471861
0.224222
0.10499
0.160422
0.0413481
0.506632
0.00233372
0.323312
0.392122
0.29862
0.282282
0.148435
0.391927
0.263909
0.0120001
0.295467
0.207694
0.337579
0.138807
0.129548
0.250655
0.00174973
0.341396
0.00022604
0.000609453
0.00469437
0.16109
0.278684
0.00916066
0.293798
0.00693045
0.0699195
0.162838
0.000340331
0.0254009
0.0540159
0.344649
0.0123178
0.0541776
0.0423135
0.00977638
0.0130318
0.000190001
0.0698289
0.300175
0.128071
0.295768
0.000883832
0.0582455
0.161016
0.230282
0.000286397
0.134552
0.00836782
0.00207048
0.0628948
0.0219666
0.10617
0.30858
0.118677
9.29436e-05
0.301658
0.322623
0.00473132
0.110841
0.0117824
0.000732495
0.553085
0.48472
0.150366
3.32116e-05
0.371634
0.338184
0.0371748
0.131644
0.328199
0.0394506
0.186322
0.159991
0.214863
0.0036427
0.164402
0.328641
0.00123091
0.248131
0.0180773
0.50653
0.0104171
0.0528225
0.00741066
1.26799e-07
0.00792816
0.00412472
0.291388
6.87396e-05
0.118287
0.00121312
0.0105975
0.0373404
0.237115
0.00198878
0.109054
0.00520319
9.77323e-05
0.0022443
0.215377
0.0684254
0.0581808
0.12169
0.00474113
0.0497573
0.760363
0.295366
0.000396319
0.00809886
0.000428953
0.328735
2.83734e-06
0.264627
0.0339585
0.00769013
0.450196
0.28766
0.127495
0.224836
8.10348e-06
0.118467
0.0459431
0.521102
0.00586083
0.114222
0.0015186
0.113064
0.000564811
0.0018789
0.00742881
0.423705
0.432909
0.0021594
0.181657
0.0357465
0.0379022
0.0100422
0.000635175
0.513175
0.0163296
0.000199228
0.000261672
0.288124
0.19127
0.0289415
0.0100541
0.000206935
0.00930845
0.00622868
0.632483
0.02522
0.126255
0.000159945
1.19647e-05
0.000153995
0.000103518
0.000811631
0.388856
0.0510605
0.0170767
0.0468236
0.0118144
0.298429
0.0444504
0.620375
0.096907
0.0224445
0.0282116
0.000485953
0.155107
0.00260406
0.355297
4.36737e-05
0.0279121
0.172858
4.26091e-06
0.0847327
0.0250506
0.0148806
0.165396
0.140483
0.0581643
0.122587
0.00103653
0.0156849
0.000147962
0.0933856
0.0217521
0.0123588
0.418333
0.184611
0.313723
0.0132457
0.218339
0.241177
0.161691
0.170305
0.0445978
0.711487
0.196025
0.303883
0.274588
0.297784
0.391309
0.421547
0.00212778
0.00549702
0.0472198
0.00352606
0.0102317
0.50663
0.101119
0.000699433
0.0275194
0.0164598
0.00809979
0.000371913
0.00130615
0.0325425
0.443236
0.000199542
0.0720678
0.000197836
0.261071
0.216144
0.319766
0.319588
0.291011
0.26191
3.03991e-05
0.00189292
0.148033
0.0354491
0.00715063
2.32265e-05
0.252589
0.000103662
0.0373585
0.000686405
0.00248093
0.46566
0.0385523
0.575413
0.00266027
0.200454
0.000731218
0.317734
0.575716
0.0393685
0.00399731
0.099548
0.0157196
0.00492951
0.00984137
0.125585
0.3888
0.0317534
3.02613e-05
0.00163866
0.00239666
0.0781214
0.00907115
0.00142098
0.0101317
0.355503
0.0245282
0.00936845
0.198538
0.00811471
0.0744091
0.285226
0.280229
0.00929725
0.468005
0.205558
0.530537
0.308595
0.00250471
0.573556
0.00123091
0.00176953
0.295334
0.000246408
0.00200485
0.215525
9.37104e-05
0.00448457
0.0265227
0.106922
0.640686
0.542392
0.0127868
0.123619
0.000742848
0.0146296
0.178813
6.10073e-05
0.0337091
0.13151
0.0029876
0.163909
4.16057e-05
0.1665
0.036435
0.0791654
4.4041e-06
0.00371418
0.0284731
0.190316
3.27818e-05
0.310441
0.146087
0.00062232
6.08711e-05
0.0553035
0.0181423
0.209074
0.063622
0.281504
0.00636933
0.00411903
0.32701
0.0120956
0.0337773
0.0179302
0.123314
0.281448
0.00316289
0.61551
0.00602792
0.100378
0.304317
0.251016
0.152503
0.440213
0.100522
0.131389
0.0894919
0.00328519
0.0612886
0.013478
0.0177404
0.308585
0.226247
0.132708
0.0255133
3.49473e-05
0.000389962
0.432406
0.487916
0.313626
0.282864
0.000441903
0.00472989
0.433933
0.122814
0.524864
0.591882
0.172552
0.0022394
0.0712519
0.0169628
0.00653164
0.000896231
0.00211972
0.444907
0.0987227
0.119802
8.05472e-05
0.00561759
0.0677081
0.0722305
5.56521e-06
0.000215856
0.170031
0.0860239
0.0186871
0.181069
0.00657414
0.0144636
0.00725713
0.00205709
0.000320971
2.91904e-05
0.0744962
0.00121342
0.00435933
0.219251
0.410302
0.00312109
0.37625
0.119695
0.041632
0.00361819
0.408963
0.0501864
0.399441
0.00140903
0.00835775
0.207877
0.00398506
0.447941
0.453367
0.350771
0.0284257
0.00951129
0.487567
0.301139
0.401161
0.494612
0.0837559
0.0265316
0.0230954
0.00706237
0.539099
0.153594
0.0410795
0.000164291
0.101924
0.000283129
0.115037
0.572503
0.00588238
0.476622
0.0685221
0.270241
0.400975
0.0460058
0.00240844
0.00479311
0.00962173
0.00018097
0.147687
0.2463
0.209514
0.341256
0.482124
0.352505
0.436593
0.0223893
0.436354
0.373887
0.00549647
3.63854e-05
0.045646
0.0114728
0.0164837
0.0529582
0.0100535
0.257118
5.24041e-05
0.00127461
0.000473567
0.0328083
0.0112374
0.0219479
0.285084
0.0288156
0.0532363
0.453214
0.000206603
0.00203202
0.0244503
0.440867
0.0295884
0.213266
0.135596
0.00983276
0.00244633
0.010354
0.265807
0.312186
0.00878752
0.0134099
0.353156
0.000146594
0.190981
8.0556e-05
0.483497
0.615944
0.280644
0.30683
0.0243383
0.000324842
0.0141574
0.0959354
0.114032
0.384747
0.450818
4.86364e-05
0.514499
0.0614621
0.000113234
0.016818
0.190102
0.575499
0.00521152
0.00047822
0.0224308
0.177842
0.198959
0.0975419
0.739447
0.00174268
0.000123658
0.0275157
0.115427
0.0243473
0.269391
0.001424
1.88081e-06
0.0315886
0.0100587
0.00100248
0.000458217
0.0602
0.00649197
0.0241343
6.90576e-05
0.00823463
0.000295093
0.197599
0.0099483
0.000187774
0.605481
8.19468e-05
0.0324736
2.09984e-05
0.208628
0.0843504
0.219574
0.0123481
0.300631
0.191084
0.00517711
0.498373
0.171208
0.00538429
0.000268894
0.00341713
0.285283
0.000266657
0.0165047
0.0615123
0.00451997
1.21626e-05
0.586049
0.0889801
0.000252022
0.416679
0.00115022
0.283087
0.269686
0.000359066
1.33634e-05
0.00104253
0.104118
0.241837
0.000626746
0.171598
0.561706
0.00215002
4.57221e-05
0.414694
0.00735417
7.90505e-05
0.268312
0.592943
0.352566
0.00251341
0.0017499
0.0184669
0.00565059
0.0214441
0.100041
0.0636273
0.338664
0.137734
0.491106
0.600908
0.102151
0.0695107
0.319702
7.4535e-05
0.000272991
0.412791
0.00162171
7.29108e-06
0.0114023
0.00523905
0.0246373
1.10461e-06
0.000426453
0.313494
0.00069573
0.763482
0.00933788
0.309508
0.0577769
0.00186045
0.351096
7.98514e-06
0.0120264
0.0870901
0.0412155
0.000158408
0.2459
0.0126305
0.270976
0.269908
0.0875944
0.100044
0.0371258
0.249513
0.391917
0.000820291
0.0271752
0.029628
2.45044e-05
0.346017
0.223704
0.751857
0.0193752
0.0421082
0.000804356
0.138487
0.0294543
0.112751
0.000408494
0.394361
0.0448757
0.0170941
0.00259376
0.00318822
0.0132109
0.000250294
0.00858953
0.0329687
0.454732
0.423411
8.86438e-05
0.283814
0.0409634
0.00188298
0.00190332
0.00049335
0.204629
2.3533e-05
0.289402
0.488458
0.00486712
0.294898
0.148564
0.00266404
0.0939432
4.87715e-05
0.588375
0.000315573
0.0149012
0.0944591
0.124652
0.310978
0.0100095
0.0163072
0.655023
0.0740343
0.103204
0.578392
0.0896331
0.00150659
0.0129031
1.78976e-05
0.265232
0.000701819
0.0799509
0.000177661
0.111317
0.37927
0.52798
0.170729
0.241512
0.0115321
0.598624
0.214734
0.00362397
0.000373858
0.00610137
0.000245139
0.0781158
0.417728
0.0466546
0.0359884
6.38242e-06
0.205161
0.553952
0.571889
0.00407384
0.00151576
0.405349
0.0755495
0.582684
0.0058298
0.301958
0.309376
0.0381075
0.00106385
0.0678426
0.141966
0.00452675
0.217069
0.00497685
0.332488
0.00126123
0.0053425
0.00533537
0.515967
0.125906
0.0102988
0.429015
0.102643
0.00902565
0.508487
0.0438682
0.0580155
0.460972
0.273496
0.264489
0.00776376
0.465298
0.219165
0.00780054
0.0262123
0.000379887
0.0183798
0.00176809
0.00048555
0.000469983
0.306109
0.0118026
0.0299554
0.295174
0.000439272
3.9033e-05
0.0157947
0.0163411
0.0965629
0.0407906
0.302107
0.0117365
0.431201
0.0274981
0.0100947
0.412654
0.0541728
0.00016778
0.000169858
0.113311
0.0472792
0.444223
0.13024
0.367028
0.000676621
0.192059
0.155586
0.1763
0.57695
0.0672547
0.241971
0.158865
0.00528554
0.00159393
0.00389347
0.0760581
8.9368e-05
0.622063
0.00116491
8.504e-05
0.564373
0.00903479
0.111292
0.0057799
0.0117874
0.430141
0.403106
0.000978282
0.482295
0.00203849
2.34985e-06
0.234644
0.033964
0.176805
0.132153
0.000242663
0.34097
0.0168236
0.174412
0.295274
0.310893
0.154562
1.98727e-05
0.502076
0.00679483
0.0428688
0.0752056
0.305409
0.0210095
0.0683896
0.193974
0.0220613
0.320406
0.0777708
0.222058
0.0802461
0.173342
0.141759
0.11079
7.2325e-05
0.242622
0.386992
0.06866
0.086382
0.436052
0.348503
0.00743568
0.208558
0.325604
0.798794
0.00845571
0.00426942
0.448779
0.379274
0.580009
0.588236
0.0303012
0.04278
0.555289
0.00976079
0.37314
0.000283484
0.154467
0.262575
0.242362
0.0719164
0.00372648
0.0421238
0.347382
0.107391
0.32123
0.251699
0.00178414
0.124728
0.546874
0.474149
0.445417
0.00983663
8.87607e-05
0.0018589
0.0448326
0.0127171
0.00286166
0.013894
0.0294317
0.00967886
0.000460005
0.396518
0.0445304
0.105096
0.0360233
6.96019e-05
0.0277979
0.00234549
0.0632798
0.0278761
0.00329702
0.259079
0.199665
0.114282
0.00930874
0.30024
0.00249731
0.0006853
0.0296731
0.00488927
0.0800894
0.653603
0.0446499
0.028749
0.000359791
0.310993
0.0349867
0.00616218
0.35781
0.181824
0.00467287
0.0519267
0.130173
0.759327
0.567284
0.0751695
0.178785
0.0682297
0.521948
0.231398
0.308242
0.00130585
0.329341
0.384441
0.283382
9.03298e-05
0.0159498
0.000837242
0.15398
0.000294633
0.313758
9.82112e-05
0.0240288
0.130097
0.00922375
0.0267292
0.000472014
0.336944
0.00979131
0.627091
0.428238
0.0114171
0.00114847
0.260046
0.0227865
3.57559e-05
0.0367841
0.567579
0.213027
0.00924636
0.000269084
0.488043
0.0718012
0.171893
0.33247
0.599905
0.000157029
0.223929
0.244496
0.231369
0.00157076
0.00176843
0.537611
0.00625187
0.0245088
0.00026889
0.0399547
0.0299059
0.0223574
0.17675
0.000949282
0.133046
0.361836
0.101035
0.283212
0.154222
0.30167
0.129924
0.00509615
0.0953457
0.118915
0.0479611
0.198088
0.066228
0.186371
0.448323
0.49744
0.00698511
0.0430459
0.0011493