0.355822
0.245498
0.0552267
0.21183
0.0381387
7.26604e-05
0.323234
0.0225882
0.649316
0.0273684
0.0482005
9.74944e-05
0.0599482
0.0533034
0.000595454
0.440896
0.0546923
0.160843
0.000537653
2.63106e-06
0.0596835
0.177878
0.460461
0.018809
0.00200718
0.111005
0.0159327
0.31103
0.00445073
0.00017093
3.53638e-05
0.0531576
0.0708909
0.149098
0.00123855
0.544003
0.000833425
0.101098
0.00319774
1.4425e-06
0.16185
3.82121e-06
0.379066
2.24781e-05
0.0481695
0.000972335
0.629484
0.0487436
0.101055
0.287995
0.00041567
0.12658
0.434863
0.489673
0.124823
0.000295828
0.37372
0.555768
0.0264643
0.15713
0.0370101
0.358792
0.0299179
0.13722
0.0679155
0.000959445
0.0626749
0.0122791
0.622893
0.248305
0.145953
0.0012798
1.26063e-05
0.00723087
0.405808
0.000207605
0.369273
0.520432
0.231699
0.00485358
4.22933e-05
0.291866
0.000106569
0.336893
0.00330758
0.456621
0.0189334
0.471808
0.00528665
0.074441
0.0124012
0.129387
0.00187708
0.000200855
0.0106388
0.462428
0.00966534
0.426646
0.325403
0.364872
0.269023
0.208302
7.29306e-06
0.165127
9.67142e-05
0.000420571
0.139861
7.20929e-06
0.153719
0.00808631
0.172281
0.0509479
0.0455383
0.000730074
0.00348813
0.627074
0.0406036
0.276985
0.260647
0.113001
0.0276073
0.587124
0.000618011
3.93726e-05
0.000320461
0.00953583
0.00104713
0.802847
0.403225
0.093977
0.0131864
0.0088499
0.0162063
0.00216308
0.141124
0.0459322
0.0153158
0.0328829
0.0119916
0.183158
0.0378699
0.000145065
0.000456106
0.0394538
0.0197803
0.144925
0.000103485
0.0410514
0.00661913
0.0631444
0.190291
0.0116402
0.0271539
0.578341
0.244015
0.0198305
0.00737126
6.27313e-05
0.328537
0.0163618
0.204319
0.000111055
0.531365
0.0291099
0.474988
0.532033
0.000932831
0.372006
0.229592
0.0777064
0.000405449
0.2277
0.0112686
0.00746292
0.00679871
9.1284e-05
0.258816
0.0148207
0.133343
0.00205602
0.349283
0.0160464
2.34404e-06
0.0863574
0.0147796
6.97795e-06
0.04578
0.0687264
0.554062
0.211784
0.413995
0.0787013
0.116544
0.237089
0.275879
0.170692
0.000326222
0.084329
0.4215
0.0442625
0.131958
0.382506
0.00199227
0.306475
0.0373179
0.128779
0.353593
0.000922961
0.0530389
0.000478406
0.296307
0.295684
0.0181704
0.148387
0.102559
0.460077
0.285694
0.0876328
0.492796
0.164362
0.318561
0.462803
3.20256e-07
0.671039
0.204417
0.138508
0.204252
0.334143
0.441004
0.418963
0.0053445
0.00488438
0.498454
0.0430621
1.42933e-05
0.00130336
0.00500327
0.646375
0.395769
0.166217
8.83046e-06
0.0459174
0.127466
0.0201416
0.308895
0.0409975
0.0339053
0.128653
6.0811e-05
0.307823
0.0133535
0.117897
7.99078e-05
0.0976072
0.408177
0.461473
0.0624645
0.0374434
0.175001
0.235246
0.290229
0.114767
0.636596
0.126072
0.0605907
0.197045
0.219048
0.000105793
0.130332
0.434968
0.0234917
0.625055
9.86862e-06
0.404115
0.000507012
0.237865
0.00362201
0.0265639
0.131366
0.539465
0.159682
0.08371
0.000260246
0.00032595
0.228714
5.52579e-05
0.00216037
0.0938049
0.285232
0.0128382
0.000251258
1.90397e-05
0.00668931
0.273287
0.261177
0.178892
1.09768e-07
0.0195723
0.301269
3.74016e-07
3.92848e-06
0.00960456
0.210327
0.172777
0.0239206
0.0131973
0.148339
0.00135915
0.123898
0.12615
0.0139303
0.000740726
0.0363598
0.657648
0.0157785
0.0445949
0.496535
0.305124
0.000137947
1.6896e-05
0.317073
0.326685
0.149042
0.162071
0.40099
0.0422788
0.179656
0.0162713
0.022752
0.00853745
0.00900476
0.0530727
0.184001
2.8117e-06
0.00123315
0.0260635
0.0951062
0.00886067
0.0885997
0.311662
0.429762
0.00946076
0.0167125
0.352645
0.206689
0.01581
0.000297492
0.00463258
0.00266772
0.164759
0.104304
0.00609652
0.0451218
5.10597e-05
0.0490116
0.594093
0.330939
0.0236274
0.000738245
0.00295675
1.62656e-05
0.00119963
0.000554917
0.474311
0.00637153
0.48371
0.0728095
0.703006
0.363341
0.026854
0.313734
0.0126253
0.00472331
0.490694
0.00548936
0.1517
0.51039
0.315766
0.441195
5.28438e-05
0.00273666
0.0234537
0.00117918
0.45781
0.235077
0.313628
0.0555009
0.00196885
0.211253
0.321371
0.00013985
2.32479e-06
0.202837
0.329989
0.424901
0.0166048
0.054736
0.608571
0.272748
0.22418
0.00956006
0.276254
0.170449
0.00651148
0.0163082
0.256145
0.000319126
0.029387
0.100737
0.00269795
0.277558
0.381059
0.442541
0.00255811
0.00687509
4.48934e-06
0.304654
0.382708
0.274662
0.443432
0.053671
0.36401
0.273678
0.191517
0.0720102
0.00170111
0.0766924
0.355421
0.0221037
0.00150765
0.319332
0.0165389
0.369403
0.344133
0.388411
0.140856
0.0425649
0.057399
0.0249968
0.16673
0.00101508
0.0777511
0.000225897
0.00557258
0.0429077
0.360931
0.0973055
0.0524193
0.0208194
0.0489636
0.371881
0.251476
0.351518
0.355698
0.135505
0.00564631
0.393838
0.0956529
0.298197
0.492103
0.238467
0.026807
0.125226
0.553281
0.613252
0.000556702
0.0180159
0.446089
0.151562
0.0054675
0.305251
0.00264439
0.0406223
0.188705
0.0371931
0.398204
0.138721
0.465826
0.175402
0.312477
0.336684
0.000125589
0.000553872
0.461069
0.178384
0.558835
0.00124547
2.40355e-05
0.439157
0.305499
0.000145667
0.0131231
0.0381004
0.000799352
0.00290386
0.000114347
0.00802455
0.014085
0.0126484
0.0827961
0.116432
0.00147101
0.127093
0.299882
0.000671193
1.3705e-05
0.291274
0.0130924
0.0962358
0.00206221
0.000233778
5.82433e-05
1.33392e-07
0.00944341
0.0025456
0.00882009
0.0348233
0.152054
0.0916714
0.157177
0.0178951
0.0348327
0.0387258
0.171881
0.00739712
0.320542
0.633961
0.0907552
0.60714
0.000221853
0.104597
0.472249
0.311494
0.00147624
4.68784e-06
0.00583404
0.0767126
0.181639
0.0742804
0.314529
0.0529098
0.305235
0.0368283
0.00876182
4.46359e-05
0.00331563
0.0616987
0.0298148
0.0157049
0.0762756
0.274855
0.187705
0.0010499
0.00393738
0.000331341
0.0566322
0.147769
8.04166e-05
0.563045
7.46213e-08
0.000265078
0.2102
0.000173248
0.214108
0.0137631
0.0491941
0.0216488
0.322122
0.297134
0.287671
0.0352354
0.181504
0.0764651
0.557232
0.00517217
0.021085
0.00125694
0.284054
0.00291795
0.0268948
0.00127784
0.243294
0.0719553
0.596811
0.00823014
0.345951
0.299877
0.0101327
0.000364484
2.75511e-06
0.000435218
0.0430553
0.000138254
0.267221
0.0154433
0.00143664
0.0028039
0.0361435
0.366817
0.284315
0.269511
0.0450337
0.150292
1.0673e-05
1.16508e-06
8.77021e-06
0.367328
0.367113
0.715913
0.00165728
0.0146204
0.0239349
0.000401223
0.000580392
0.0215395
0.212462
0.00114577
0.000431403
0.385884
0.0499748
0.0124561
0.678102
0.00642611
0.449795
0.0863109
0.00554627
0.294947
0.102957
0.00632715
0.543692
0.0455245
0.0440409
0.000423063
0.0648573
0.389143
0.00040256
0.000142014
0.683281
0.195265
0.178138
0.232939
0.0296302
0.477598
0.0520732
0.0231409
0.317441
0.259552
0.0465318
0.197665
0.0862348
0.055487
0.387032
0.0109365
0.0195472
6.06366e-05
0.286118
0.0258135
0.224207
0.000791373
0.000629543
0.000216328
0.140951
0.0201361
0.302722
0.678322
0.127889
0.0639181
0.0188552
0.229318
0.0713868
1.22655e-06
0.486096
0.596911
5.30873e-05
0.0571081
0.456617
0.0509233
0.415105
0.376462
0.299775
0.223542
1.80193e-08
0.40671
0.355946
0.00118048
0.34722
0.000117285
0.409484
0.0633639
0.682578
0.0819942
0.000443933
0.179376
0.00355079
0.000793677
0.303088
0.393255
0.00464948
0.0291227
0.0830359
0.000940396
0.0113992
0.000541517
0.00895225
0.0712111
0.275439
0.00863016
0.000799182
0.150759
2.65991e-06
0.0143132
0.0120587
0.000225628
0.275408
0.00468588
0.393456
0.401784
0.492437
0.294366
0.106158
0.0194645
0.000228913
0.000303145
0.0042929
0.0624678
0.540291
0.00047525
0.280295
0.118971
0.382277
0.0627111
0.192817
0.00581517
0.0137898
0.461911
0.458718
0.331091
0.194591
0.00345009
0.364037
0.195818
0.290066
0.140096
0.0120201
0.231829
0.0235236
0.0759004
8.57e-07
0.00166623
0.28905
0.0183501
0.27562
0.0736178
0.00465726
3.21798e-05
0.00310492
9.9037e-05
0.000535642
0.0170898
0.00295333
0.264176
0.257652
0.000877288
0.00541828
0.000898553
0.000169499
0.310117
0.153661
0.0205499
0.351815
0.758381
0.301519
6.65606e-05
0.0321531
0.0646987
0.462607
0.163872
0.000180679
6.30382e-05
0.0301796
0.000434039
0.00882363
0.0200647
0.284141
0.0241796
0.041288
0.200318
0.25558
0.670657
0.00211834
0.0142408
0.0765471
0.331693
0.0911223
0.375164
0.0412014
0.617371
0.0143955
0.587615
0.261933
0.000975127
2.26793e-05
0.026347
0.00557832
0.319487
0.340523
0.261201
0.0691145
0.0236206
0.303635
0.0372401
0.189109
0.171245
0.000291264
0.0494664
0.00133916
0.0216838
0.444045
0.619933
0.493315
0.07908
0.170074
0.000315608
0.107333
0.0105266
0.290025
0.254426
1.55613e-05
0.41618
0.637422
0.166986
0.253422
0.00140997
0.0145215
0.257792
0.00189338
0.134662
0.0322764
0.386616
1.59788e-06
0.00149734
0.187303
0.0113682
0.00325557
0.0476458
0.476037
0.0429661
0.0204491
0.116076
0.00135345
0.227217
0.299422
0.0024269
0.0261059
0.0518174
0.727444
0.296669
0.200878
0.0233961
0.000164148
0.00178126
0.0498111
0.00238374
0.653288
0.0265597
0.0152942
0.456172
0.0735028
0.00215589
0.0361925
0.47816
5.51204e-08
0.485355
2.06153e-05
0.251305
0.0073963
0.00290841
0.00665918
0.0792657
0.467742
0.00500235
0.153417
0.35326
0.0612037
0.00524885
0.22709
0.18403
0.40294
0.421833
0.306675
3.89732e-05
0.236818
0.128169
0.380804
0.00495726
0.182775
0.583089
0.0613269
0.566556
0.0525755
0.063348
0.00245935
0.000671668
0.00242964
0.109161
0.213374
0.0673168
5.20278e-05
0.000100185
0.0196519
0.547782
0.437552
0.607924
0.193149
0.0318538
0.00357557
0.410769
0.0023774
0.0356812
0.163045
0.014171
2.05199e-05
0.00357142
0.0807063
0.247881
0.0824943
0.373442
0.00782968
0.083491
0.0017128
0.0583987
0.000342149
0.637028
0.233792
0.000381438
0.171296
0.000205968
0.00147416
0.321295
0.0995718
0.0594004
0.419135
0.451369
0.466077
0.0578692
0.263151
0.0191953
0.0073687
0.38352
0.388447
0.445772
0.0037297
0.0331844
0.564123
0.0579549
0.000565878
0.253845
0.00478014
0.188546
5.48527e-05
0.0955577
0.353121
0.00604954
0.00217572
0.00478545
0.0973783
0.125063
0.00179323
0.0154633
0.0269365
0.0106616
0.00390706
0.329783
0.000181466
0.258315
7.84499e-05
0.00367177
0.0085486
0.0732097
0.0141752
0.02532
0.00704997
0.384104
0.000249855
0.00180773
0.0145581
0.0235066
0.0013745
0.0040895
0.194614
0.00115203
0.134535
3.10007e-05
0.551932
0.331482
0.102853
0.102301
0.0439665
0.2564
0.000125628
0.000339306
0.336035
0.0210734
0.000466224
0.00557581
0.0275028
6.94146e-05
0.467134
0.385817
0.250629
5.12921e-05
0.000655319
0.144241
0.000135114
0.271315
0.209783
0.00447429
1.82773e-05
0.171859
0.216781
0.00886295
0.0742198
0.0768663
0.267516
0.143717
0.0194412
0.259451
0.00362919
0.00694575
3.31677e-05
0.0322957
0.00964064
0.310553
0.78605
0.0666645
0.320996
0.0627631
0.056514
0.0132612
0.286293
0.0426216
0.00212446
0.0541219
0.00150371
0.0283314
0.0553775
0.058378
0.244569
0.000584489
0.0093283
0.405786
0.120019
0.00918169
0.00030575
0.00109257
0.0161749
0.103662
0.464219
0.33864
0.0591493
0.000385327
0.391717
0.14704
0.000101334
0.510728
0.115007
0.0295567
0.00891263
0.0011222
7.00146e-05
0.197193
1.51149e-06
0.00343857
0.000795447
0.33305
0.0185874
0.355736
0.000150037
0.00170553
0.000286261
0.002126
0.000157247
0.0154783
0.01588
0.0834215
0.0090888
0.0270731
0.00269807
0.332892
0.000223755
0.138982
0.00842707
0.00415719
0.335819
0.308335
0.429132
0.0505178
0.0107369
0.00130754
0.0105976
0.534381
0.00317992
0.000285692
0.34723
0.0406094
0.115039
0.00281422
0.00815516
0.00302994
0.0823999
0.00419362
0.0259049
0.519802
0.0414142
0.294543
0.00223658
0.454085
0.179167
0.131437
0.00727237
0.222574
0.509207
0.00804296
0.177347
0.00225556
0.000109053
0.246742
0.000262093
0.00176738
0.243015
0.570138
0.255539
0.0360414
0.00128401
0.361016
1.3673e-05
0.00253695
0.316831
0.369665
0.0023396
0.000422182
0.246299
3.07385e-06
0.00040597
0.574459
0.267391
0.0551089
0.137616
0.0790093
0.209522
0.305658
0.00608885
0.122073
0.00831378
0.00138948
0.0283028
0.634606
0.454623
0.20511
0.0671925
0.11543
0.0143726
0.10603
0.41794
0.000936624
0.416743
0.704054
0.145538
0.358766
0.388862
0.25182
0.0988684
0.369571
0.584539
0.0240818
0.0185143
0.000704289
0.100341
0.0194822
0.0576941
0.402407
0.256168
8.02884e-06
0.223502
0.0114553
0.303736
0.304409
0.00220052
0.367454
0.0967679
0.000823946
0.00515176
0.00274852
0.177765
0.0038594
0.000645129
0.00970214
0.000147821
0.0268152
0.0398088
0.149188
0.444483
0.00190448
0.290092
0.000145618
0.42756
0.000262268
0.553324
0.557217
0.415013
0.00697203
0.414208
0.0387971
0.278204
0.00037749
0.00640182
0.16386
0.286513
0.248368
0.0131094
0.581642
0.154728
0.232196
0.15118
0.479038
0.117148
6.00639e-05
0.158698
0.693412
3.42085e-05
0.395299
3.31893e-05
0.0328981
0.0230767
0.000723584
0.0126278
0.585113
0.372414
0.00224222
0.40491
0.279379
0.502965
0.353597
0.000157222
0.437168
0.272125
0.213665
0.345849
0.691127
0.010591
0.0223085
0.308161
0.029635
0.235133
0.00373169
0.00066153
0.295056
0.000183536
0.231762
4.70788e-08
0.00706339
0.301992
0.25057
0.169745
0.0285518
0.231427
0.228784
0.00878807
0.500836
0.192386
0.115769
7.82498e-05
0.0125932
0.00123155
0.416158
0.687983
0.541721
0.212245
0.0294219
0.094982
0.23104
0.000417443
5.96703e-05
0.00459506
0.0861502
0.078525
0.00127906
0.260831
0.00404695
1.775e-05
0.0970427
0.0025509
0.157284
0.464667
0.406462
0.0066858
0.0943947
0.183767
0.000374441
0.0946222
0.347609
2.31641e-06
0.0024024
0.0356186
0.479061
0.0117795
0.327084
0.227896
0.224021
0.301391
0.12741
0.133826
0.0199544
3.64802e-06
6.60484e-06
0.294591
0.000327755
4.22222e-06
0.194731
0.113083
0.343189
0.0739942
0.229111
0.345124
0.00836604
0.311463
0.112576
1.50488e-06
0.0284157
0.266083
0.264906
0.360116
0.0178098
0.789853
0.0324459
0.122762
0.292249
0.0166366
8.35053e-07
0.144343
0.102191
0.0132752
0.436786
0.0881535
0.111873
0.162527
0.620364
0.208009
0.130698
2.82388e-06
0.354925
0.00514016
0.0247128
0.518802
0.00194929
0.200394
0.304851
0.00141683
5.09786e-05
2.98529e-05
0.00927604
0.251839
0.0137753
0.00179396
0.0481309
0.161478
0.0314951
0.000573246
0.131179
0.000405704
0.0046886
0.368035
0.147001
0.432257
0.168019
0.000889196
0.113868
0.29325
0.000178916
0.137131
0.23366
0.0498043
0.182764
0.0658803
0.000268489
0.0205549
0.320893
0.00125179
0.28629
0.128292
0.000319674
0.471922
1.24688e-05
0.237345
0.2428
0.00233148
0.00350911
0.0295121
0.614086
0.230922
0.22856
0.072599
0.0215083
0.2156
0.000215595
0.441562
0.0789749
0.0943586
0.0146658
0.0312176
0.0358196
0.666347
0.00314481
0.0652527
0.0215288
0.0179455
0.338598
0.00475124
0.00746816
9.66188e-06
0.0152935
0.00102283
0.154148
0.0213281
0.239046
0.258668
0.0546409
0.144643
0.00237853
0.152187
0.0518011
0.303234
1.69009e-05
0.163641
0.0143255
0.199033
0.0017701
0.000273707
0.395492
0.30318
0.130309
0.0866327
0.185824
0.195297
0.524895
0.000155527
0.00298479
0.00127352
0.323885
4.18263e-05
0.0325778
0.164666
1.24926e-05
0.40052
0.51636
0.496148
0.544042
0.00281812
0.0462228
0.130255
5.0193e-05
0.220285
0.101285
0.13835
0.00781031
0.0963383
0.0503029
0.000943216
0.077981
0.340339
0.0438628
0.201186
0.475753
8.48157e-05
0.510297
0.00910134
0.213707
0.258894
0.329694
0.252525
0.399267
0.00442232
0.0251827
2.59426e-06
0.0598207
0.136402
0.00771277
0.224329
0.0359714
0.0120033
0.0649204
0.744668
0.373393
0.667167
0.174373
0.28327
0.054362
0.105047
0.0093792
0.011426
1.35361e-05
0.0152998
0.00154112
0.162304
0.0197524
0.00436604
0.205541
0.292456
0.00497719
0.0393688
0.285458
0.00606379
0.00135061
0.131288
0.0397793
0.0779603
0.0248732
0.00103561
0.149099
8.97527e-06
0.0843411
0.0887147
0.0154716
0.30285
0.144946
0.569595
0.00996534
0.230142
0.000161712
0.0704772
0.423896
0.30388
0.0332088
0.0729705
0.000176875
0.00110751
0.549113
0.306872
0.302556
0.0146369
0.0029636
0.0599754
0.00206732
0.0205267
0.0195503
0.173511
0.0163877
0.0167063
0.323616
0.166555
0.00151058
0.0226011
0.0894643
0.0805049
0.236467
0.288979
0.346169
0.177338
0.0190237
0.0977724
0.570162
0.00641914
2.73699e-05
0.00118315
0.00206951
0.114688
0.212331
0.169825
0.0739752
0.585559
0.0806872
0.245267
0.0057582
0.0713779
0.520562
0.0165479
0.678182
0.469649
0.0115902
0.018401
0.687456
0.461416
0.000186414
0.088957
0.0807459
0.352208
0.000148338
0.22682
0.00503728
0.0967618
0.515776
0.00121297
0.0995605
0.368685
0.65229
0.0125643
0.0230147
0.115476
0.00156642
0.0633113
0.0958722
0.0915233
0.00745704
0.181176
0.00117155
0.280997
0.480125
0.0276093
0.0141235
0.25783
0.137209
0.121036
0.317998
0.142539
8.28169e-07
0.0150467
0.0142472
0.113468
0.0785566
0.00510063
0.661862
0.0115149
0.390333
0.000960463
0.000980041
0.613477
0.546885
0.000361812
0.285428
0.117347
0.00104499
0.0795237
0.145225
0.0062617
0.00163318
0.0291283
0.320688
0.280503
0.322922
0.00216983
0.633196
0.00795822
0.58387
2.71126e-05
0.303262
0.00220754
0.010414
0.341884
0.0948575
0.250853
5.14279e-08
0.0601851
0.320196
0.0112718
0.0145904
7.15516e-05
0.0650608
0.00439784
0.113718
0.170598
0.540468
0.000273568
0.169623
0.184193
0.0722452
7.30368e-06
0.294825
0.298019
0.181775
0.044945
0.329801
0.0011342
0.00162275
0.350877
0.205371
0.488303
0.00307816
0.000483471
0.000133035
0.0254947
0.0799822
0.210818
0.0481642
0.2931
0.205258
0.319205
0.218376
0.144314
0.231942
0.270226
0.0477105
0.0406506
0.0138331
0.0121453
0.00143508
0.00117268
0.379322
0.000376224
0.212902
0.314808
0.0171474
0.23901
0.103011
0.00928688
0.440004
0.000239069
0.00591871
0.011312
0.509053
0.00264104
0.451526
0.000376853
0.00954022
0.525532
0.0624906
0.0170009
0.00196348
0.0351977
0.121528
0.000177103
0.00503446
0.611881
0.0128045
0.251148
0.383916
0.0104282
0.114127
0.00287606
0.0336144
0.00180748
0.628194
0.051066
0.00374283
0.321011
0.0171905
0.00178944
0.378338
0.0631725
0.0849254
0.768471
0.147894
0.351973
0.00195859
0.00138074
0.0018113
0.00374705
0.320954
0.161728
0.0284988
0.316681
0.299114
5.50363e-06
0.00126222
2.99261e-05
0.0660944
0.107553
0.208884
0.0151505
0.0296399
0.203487
0.00334261
0.000157767
0.00874474
0.00254267
0.478123
0.535618
0.129111
0.231602
0.277207
0.306224
0.333579
0.00492122
0.528069
0.00667963
0.0332403
0.234768
0.0477019
0.00387359
0.000112251
0.0756896
0.366693
6.53323e-06
0.511048
0.000637016
5.53122e-05
0.166854
0.170338
0.346342
0.0686023
0.290664
0.599836
0.299197
0.000196808
0.00368513
0.475407
0.00648919
0.117973
0.00330949
0.0152746
0.0620875
0.454788
0.00096051
0.00101459
0.307896
0.262742
0.000620197
0.0857832
0.453154
0.00139781
0.000513966
6.24476e-06
0.384704
0.0851191
0.685151
0.0508135
8.06302e-06
0.302777
0.176699
0.0825697
0.0135318
0.00792575
0.136802
0.139394
0.538026
0.00138536
1.80474e-06
0.000779437
0.00357663
0.442546
0.512953
0.308822
0.0674499
0.00311808
0.000112113
0.00445575
0.0385572
0.00277574
0.0390849
0.378183
0.000211504
0.548179
0.459102
3.13094e-05
0.300412
0.0273222
0.279962
0.00602352
0.0333852
0.128851
0.000675644
0.589248
0.135718
0.318711
5.3954e-05
0.105902
0.0477501
0.00016019
0.000196302
0.548009
0.000518056
0.568936
0.155
0.0945947
0.646339
0.00510878
0.0810438
8.79085e-05
0.441462
0.5887
0.223827
0.027359
0.754465
0.15462
0.00225302
0.0101072
0.0643877
0.000695085
0.218257
0.348447
0.000566732
0.000108304
0.000433701
0.00122487
0.491607
0.175509
0.417006
0.0782295
0.474322
0.00147868
0.000283362
0.222908
0.000279517
0.16714
0.000322554
0.000776169
0.0187457
0.316733
0.300743
0.321898
0.016327
0.000690819
0.0790696
0.0261006
0.00156572
0.294173
0.200762
0.692545
0.00761782
0.404618
0.741317
0.619426
0.0877476
0.0132815
0.060031
0.0151125
1.18949e-05
0.12147
0.0352473
0.00198152
0.0243711
0.00113695
0.399604
0.00928727
0.0188283
0.659254
0.00132455
0.244065
0.0642084
0.140707
0.0301686
0.00182318
0.000152806
0.246306
0.273019
0.37617
0.0498878
0.652895
0.30633
0.272166
0.357938
0.102623
0.366138
0.0108136
0.249475
0.582746
0.00982511
0.00221262
0.310196
0.127221
0.250531
0.510207
0.0544584
0.0171108
0.377759
0.387241
0.311177
0.0450357
0.863292
0.0691777
0.430749
0.137939
0.364961
0.000577853
0.0563123
0.140643
0.0551388
0.0519575
0.0210663
0.0012709
0.15212
0.0525228
0.129893
0.322817
0.0636248
5.23636e-06
0.0853099
0.0353913
0.162896
2.2417e-05
0.126317
0.000853394
0.112468
0.018087
0.0921172
0.106682
0.0342071
0.0854478
0.0135912
0.00819469
0.0443333
0.427378
0.000278144
0.00224904
0.297004
0.458768
0.000349307
0.548914
0.00668535
0.321425
0.00127131
0.301949
0.252884
0.00643905
0.333368
0.0258889
0.039455
0.0498243
0.30843
1.93742e-05
0.058139
0.243868
0.312709
6.67716e-05
0.107674
0.13646
0.0582234
0.0025193
0.188886
0.311551
0.288006
0.000130799
0.309039
0.325277
0.491679
0.00151981
0.00322932
0.0848102
0.607037
0.00600638
0.049076
0.20163
0.0547853
0.703199
0.351765
0.290014
0.304162
0.190908
0.338971
0.322174
0.576052
0.000621556
0.17945
0.000282644
0.00387408
0.101853
0.00352201
0.373956
0.0333483
0.000121162
0.160858
0.0114287
0.00471899
5.67699e-07
0.00215562
4.61521e-05
0.0031489
0.0246936
0.00214694
0.306755
0.445536
0.161571
0.0603642
0.0759382
1.21883e-05
0.000288252
0.452796
0.045828
0.0694593
0.0221816
0.391026
3.32754e-06
0.0375087
0.515317
0.000358043
7.9853e-06
0.0882028
0.297933
0.0475961
0.0397669
0.0148755
0.398841
0.078811
1.7946e-05
0.410139
0.0018716
0.234589
0.397709
0.0662652
0.204358
0.00481207
0.00158902
0.346483
0.0168635
6.67147e-06
0.00984228
0.226599
0.160134
0.0262664
0.0444482
0.000219694
0.00679484
0.00351705
0.0621255
0.128113
0.000160233
0.00226301
0.0163067
0.073962
0.466111
0.00434724
0.0166793
0.184663
0.00440381
5.522e-05
0.0230821
0.00321425
0.00309497
0.326171
0.0338424
0.000527818
0.604463
0.00815025
0.000166404
0.0472616
0.0506634
0.131936
0.298012
0.398333
0.0792919
0.0353461
0.43037
0.465821
0.11198
0.0713201
0.00028854
2.68451e-05
0.186695
0.000820423
0.00264421
0.0114723
0.000974568
0.00970338
0.0476414
0.124336
0.0544581
0.0103738
0.000382372
0.227036
0.00830772
0.000201008
0.208783
0.687769
0.121678
0.299878
0.333384
0.366623
1.86307e-05
0.127974
0.0345033
0.785732
0.00487263
0.160942
0.15921
0.470832
0.00477993
0.199702
0.0309204
0.218217
0.169396
0.0103244
1.81099e-05
0.0144116
0.0705179
0.311163
0.00422652
0.383645
0.149051
0.0392705
0.245603
6.03391e-05
0.126596
0.653909
0.000338563
0.0103855
0.00116917
0.0101816
0.592073
0.243089
0.000171232
1.06264e-06
0.246756
0.217568
0.354997
0.0635206
1.25873e-05
0.0123632
0.000605894
0.00175221
0.0880827
0.062526
0.0541388
0.0066727
0.00752016
0.00530274
0.00513254
0.258822
0.00171343
0.0189911
5.07339e-06
0.0012543
0.0085112
0.0622256
0.0011986
0.1736
0.264018
0.109411
0.411394
0.000128714
0.000249831
0.23125
1.47585e-06
0.030546
0.00474477
0.146806
0.027729
0.0154609
7.17135e-05
0.0123391
0.0171418
0.000107799
0.351725
0.534197
0.432272
0.500961
0.243285
0.00128228
0.459914
0.00101716
0.0013948
0.085289
0.404047
0.0305575
0.466285
0.544629
0.0280454
0.272785
0.357154
0.0122896
0.432576
1.90988e-06
0.150339
0.137688
0.458858
0.295103
0.00126288
0.255847
0.0370528
0.000218678
0.0171387
0.305584
0.00217438
0.000102095
0.394081
7.03186e-05
0.578657
3.09298e-05
0.0017408
0.0520337
0.218568
0.46046
0.372807
0.0666798
0.27607
0.0406308
0.301011
0.0120628
0.331576
0.323458
0.000550131
0.000950694
0.551505
0.00263244
0.0436676
0.393576
0.168295
0.341438
0.395758
0.00357327
0.463161
0.000825744
5.04035e-05
6.3322e-05
0.0992606
0.0722804
0.20736
0.000131676
0.0126435
0.266759
0.120844
0.0688606
0.430392
0.00408398
0.00420718
0.00028115
0.000124147
0.0954779
0.443212
0.0183827
0.046625
0.0168417
0.336089
0.14867
0.0120906
0.155424
0.486051
8.73071e-06
0.361557
0.0821235
0.000173163
0.249139
0.0370869
0.123466
0.312586
0.127954
0.153443
0.580531
0.00308954
0.590691
0.258776
0.366171
0.00243054
0.105346
0.000232752
2.97009e-05
0.00891532
0.296555
0.000955153
0.0128012
0.00343109
0.0022164
0.033375
0.0337527
0.0553814
0.00851956
0.0109637
0.00441413
0.0114993
0.0380116
0.00570167
0.000178103
0.422693
0.0285106
0.450907
0.0124834
0.000252408
0.140668
0.0100249
0.00389295
0.323923
0.423816
0.322654
0.0173309
0.252522
0.0765705
0.000470295
0.238564
0.144131
0.0424731
0.203553
0.0594474
0.00507439
0.136776
0.221275
1.92298e-06
0.00317925
0.0194797
0.400301
0.0362362
0.2115
0.0654264
0.00515738
0.0142523
0.000953568
0.417038
0.0616723
0.536969
0.467438
0.402665
0.0129977
4.27119e-07
0.183054
0.0153003
0.244342
0.298725
0.0806105
0.193209
0.253162
0.0339933
0.0391088
0.000560266
0.00239458
0.611252
1.54705e-05
0.494755
0.363779
3.21099e-06
0.00519434
0.0161568
0.00427157
0.184008
0.540441
0.00047096
0.00011026
0.297196
0.130184
0.243043
0.455832
0.210128
0.0354609
0.0314529
0.38976
0.0647745
0.567283
0.303699
0.000637831
0.0069839
0.00546024
0.284843
0.000265482
0.162305
0.0966223
0.000487244
0.291332
0.000415131
0.213495
0.388634
0.127124
0.0511191
0.298839
0.0829686
0.510784
0.343699
0.471548
0.00256562
0.0283174
2.35354e-08
0.0437487
0.445829
0.00010435
0.218538
0.0218135
0.00549869
0.169072
0.00305765
0.17139
0.21395
0.032562
9.97179e-09
0.0562913
0.00372886
0.00179231
0.0194791
0.0150765
0.108615
0.432242
0.053259
0.270085
0.00245491
0.130843
0.000951023
0.115146
0.0355524
0.240825
0.451884
0.0563701
0.00950278
9.66901e-08
0.0266162
0.00015177
0.0131236
0.00193141
0.42718
0.309917
0.00197042
0.00102588
1.38836e-05
0.0528571
0.0550403
9.09377e-06
0.0380688
0.408058
0.0160325
0.0202776
0.045136
0.280374
0.173289
0.0318019
0.128619
0.458009
0.150951
0.231517
0.10945
0.08118
0.0748576
0.0140114
0.310627
0.120355
0.0981109
0.0176143
0.431547
0.00431811
0.355396
0.00741874
5.92602e-10
0.513719
0.0635105
0.0579554
0.0326513
0.0442236
0.0619403
0.440052
0.245898
0.0100125
0.470373
0.629687
0.397818
0.152333
0.00221745
0.00555361
0.0307925
0.0317625
0.0231982
0.0238913
0.577129
0.000165873
0.713542
0.000128024
0.00167127
0.388656
0.0594429
0.0281651
6.84306e-06
0.118551
0.33689
0.000322693
0.01479
2.05006e-05
0.182791
0.0879804
0.0248545
0.139654
0.0989367
0.00636971
7.7989e-05
0.0718958
0.296476
0.0219074
0.408575
0.128247
0.0214288
0.208071
8.18257e-07
0.0690128
0.113044
0.000254478
0.108729
0.00179989
0.395137
0.763259
0.00704105
0.334205
0.0313065
0.0456766
0.0604473
0.000684966
0.171668
0.00583552
0.00478316
0.476405
0.0144612
0.359358
0.609776
0.0179805
0.000460929
0.000107585
0.0189057
0.311611
0.0623578
0.00767022
0.0251741
0.425412
0.000131274
0.488695
0.0144539
0.0597326
0.0116601
0.171953
0.342687
0.393293
0.170835
0.000458678
7.3033e-06
4.43483e-06
0.363348
0.00283311
0.0144169
0.312167
0.00120499
0.208062
0.144268
1.61265e-06
0.70225
0.0558747
0.0195998
0.0229609
0.0901019
0.112703
0.206455
0.175612
0.0341479
0.000993168
0.00494541
0.302414
0.142499
0.346206
0.0190483
0.421322
0.291157
0.0247748
0.312128
0.193552
0.0333019
0.512837
0.279229
0.502395
0.0657466
0.000171014
0.0734621
0.233521
1.44394e-05
0.120524
0.203072
0.0975889
0.611716
2.43571e-05
1.15105e-05
0.067269
0.0227333
0.00499051
0.000970931
0.421621
0.426102
0.0252345
0.00239252
0.00916917
0.0334248
0.00234151
0.208103
0.0374522
0.00191969
0.0763007
0.150235
0.0307983
0.0784535
0.157764
0.0895455
0.000157673
0.000237593
0.174977
0.000888606
0.250933
0.00955424
0.240838
0.171952
0.249974
0.404577
0.131594
0.205337
0.0197881
0.565923
0.00472161
0.392343
0.233891
6.02403e-05
0.593153
0.429782
0.279976
0.00157915
0.0142165
0.405812
0.449909
2.9077e-05
0.00340267
0.000865711
5.78396e-06
0.012538
0.00169723
0.0325534
0.00311504
0.295104
0.266519
0.085457
0.101019
0.238686
0.385168
0.311597
0.15581
4.61564e-06
0.00613728
0.342852
0.0101835
0.00623515
0.0147348
0.000218196
0.533323
0.000231149
0.38672
0.317668
0.0199138
0.19669
0.251766
0.380062
0.249287
0.00172172
0.00256249
0.0908349
0.224501
0.00191328
0.04552
0.301118
0.0336512
0.0998008
0.327103
0.496413
0.00237056
0.000167122
0.35733
0.171449
0.0706305
8.56737e-05
0.168594
4.84652e-07
0.00270291
0.0014094
0.00330511
8.82409e-05
0.445882
0.42412
0.00447699
0.00112899
0.0129738
0.121699
0.0832924
0.157015
0.462714
0.198472
0.435251
0.245908
0.0294459
0.185264
0.00539452
0.0603108
0.23506
0.131909
3.6027e-05
0.00439606
0.0610942
0.0699731
0.00542916
0.338083
0.644134
0.0448863
0.000998257
0.476825
0.0245528
0.490906
0.0891529
0.00223813
0.00031149
0.398415
0.015501
0.0343175
0.184396
0.29984
0.00265875
0.429187
0.000465901
0.769971
0.398123
5.09705e-05
2.18243e-05
0.165887
0.00768091
0.00631988
0.221977
0.561167
0.238608
0.350567
0.0365455
3.95599e-05
0.0604143
0.298767
1.5041e-09
1.18928e-05
0.60978
0.00131022
0.0412994
0.166518
0.156645
0.0123351
0.200175
0.0663419
0.0782439
0.000765111
0.280515
0.440381
0.256746
0.00841461
0.323263
0.000930825
4.45928e-05
0.33042
0.0840122
0.76628
0.300805
0.134579
0.0222248
0.00267064
0.0148715
0.25832
3.7286e-06
0.401765
0.0904751
1.49514e-05
0.122705
0.264365
0.676527
3.7216e-06
0.0127285
8.47022e-05
0.217915
0.0112915
0.340091
0.322574
0.0467828
0.318142
1.04719e-06
0.307864
0.00783601
0.00711679
0.00273905
0.00773708
0.0133507
0.00106234
0.699165
0.301277
2.42627e-05
0.000513662
0.0470289
0.332565
0.0635717
0.00725945
0.291136
0.000343657
0.00238099
0.0430082
0.000247237
0.367633
0.696359
0.305416
0.00410923
0.0450482
0.00586307
0.314028
0.0602702
0.0558667
0.177344
0.0311991
0.621714
0.356716
0.000774148
0.0097027
0.000833776
0.000127841
0.241311
0.289905
0.0392482
0.0320476
0.50393
0.416596
0.0677611
0.0798416
0.00168243
1.36963e-06
0.00293801
0.422244
7.34787e-06
0.494174
0.314658
0.0505175
0.109448
0.00344887
0.119244
0.00434625
0.0584904
0.271527
0.114341
0.03485
0.223175
0.21396
0.58049
0.0308577
0.330007
0.00256323
0.0263312
0.00594009
0.0160487
8.64534e-05
0.0160934
1.50006e-05
0.295005
0.000637732
0.395167
0.37649
0.00193931
0.0275815
0.00800902
0.016416
0.00113662
0.0880133
0.542923
0.00893577
0.0012004
0.0231951
0.198289
0.0333241
5.89017e-05
0.10542
0.0051144
0.000491761
0.0374399
0.0398316
0.00331319
0.265497
0.000223
0.0085902
0.00259795
5.53717e-05
0.585484
0.30442
0.0107665
0.0439999
0.410812
6.37758e-05
0.282026
0.110289
0.00595264
0.23625
0.416228
0.590905
0.322941
0.00658036
0.335448
0.371815
0.0473033
0.233789
0.00052814
0.177024
0.156367
0.00325779
0.252555
0.000129094
0.0826914
0.0754324
0.00692176
0.146205
0.0421624
0.0546178
0.440637
0.00681966
2.95123e-05
0.000987026
0.000566257
0.0614859
0.000655115
0.284608
0.221535
0.238728
0.45555
0.173468
0.0042836
0.398011
0.705215
0.0440994
0.0138479
0.157256
0.0951014
0.03484
0.0979055
0.249177
0.00107233
6.09531e-06
0.0358748
5.96011e-05
0.00104868
0.379666
0.128276
0.000521693
0.0741578
0.0399338
0.000455486
0.67488
0.232387
0.49009
0.0620854
0.0993723
0.162844
8.98187e-05
0.000422928
0.269389
0.216412
0.0450405
0.188101
0.518541
0.0604378
0.110057
0.573615
0.00267655
0.000340373
0.0453612
0.00952974
0.312477
0.459064
0.000214674
9.26695e-05
0.591933
0.294307
0.000245673
0.412906
0.00100889
0.0210283
0.157676
0.0101899
0.00930203
0.320241
0.00450621
0.0037966
0.021059
0.244941
0.023507
0.250747
0.250168
0.0270741
0.2087
0.402058
0.0470471
0.0298644
0.000162444
1.01523e-05
0.0773935
0.549838
0.220472
0.000202823
0.00288847
0.0051764
0.79507
0.068984
0.405687
0.133419
0.00152133
0.240375
0.0303706
0.413047
0.0302717
0.0117989
0.43794
0.00738601
2.13584e-06
3.79134e-05
0.286983
0.421586
1.77188e-06
0.0313315
0.477522
0.447646
0.0907407
0.00160749
0.00768195
0.301468
0.0111451
0.0126997
0.663855
0.196286
0.102382
0.384336
0.0196061
0.0190327
0.386444
0.00672206
3.72795e-05
0.148474
0.0223853
0.0140302
0.0230336
0.00968844
0.356545
0.275771
0.139319
0.144574
0.0018719
0.289727
0.0216119
0.0421237
0.0655631
0.050472
0.00424152
0.39559
0.0274426
0.0283497
0.165675
0.0143986
0.000644123
0.00742793
0.00572179
0.0195292
0.764366
4.31345e-05
0.0298964
0.00459377
0.0016683
0.231579
0.275447
0.0231598
0.116968
0.0587366
0.110019
0.00679736
0.241354
0.00133143
0.0848589
0.013256
0.000589569
0.161107
0.0958365
0.000235572
0.0483388
0.245501
1.13756e-05
0.0273929
0.0217754
0.163803
0.314936
2.24532e-05
0.00100551
0.216036
0.0152777
6.96842e-06
0.00402318
0.250797
0.00279827
0.310688
0.0383124
0.000282732
0.0111549
0.443161
0.432962
0.298349
0.00350595
0.541036
0.176752
0.0339653
0.000570202
0.00227595
0.0237321
0.0588168
0.000533918
0.00255423
0.290379
0.569276
0.000177458
0.0524188
0.0370466
0.00763127
0.0579602
0.0106996
0.286179
0.190707
0.234492
0.0526971
0.0671701
0.176922
0.18037
0.285725
0.420289
0.328278
0.0491575
0.218267
2.82269e-06
0.661686
9.1424e-06
0.564681
0.00023804
0.417354
0.000893974
0.459013
0.000433813
0.404828
0.109244
0.00560671
0.0055416
0.000109041
0.472272
0.00990332
0.00255889
0.238096
1.60416e-05
0.284155
0.00101916
0.500924
0.037435
0.321132
0.000145093
0.158034
0.0565066
4.47091e-06
0.00438926
0.326377
0.234329
0.355685
0.431352
0.0547367
0.597902
0.026432
3.20657e-05
0.645212
0.130241
0.326786
0.0311707
0.0499872
0.076152
0.294826
0.0567604
0.520305
0.0106902
0.307887
0.0476621
0.260976
0.222774
0.12088
0.526966
0.0106238
0.0419865
0.117544
0.615327
0.150719
0.00770276
0.000488563
0.159451
0.0444728
0.444947
0.019032
0.00856897
0.480408
0.155917
0.48676
0.0229462
0.0231979
0.427445
0.00265113
0.00106212
0.00581986
0.237727
0.00668501
0.000254992
0.393273
0.488102
0.0138644
0.013594
0.114074
0.341748
0.0010507
0.000644419
0.130283
0.29856
0.0708566
0.0385481
6.09793e-05
0.428352
0.0257249
0.000236844
0.00706837
0.0521995
0.0265951
0.000757599
0.000298632
0.00017086
7.67693e-05
0.506925
0.433044
0.502193
0.0839787
0.317725
0.012275
0.156365
0.00027721
3.69442e-05
0.523658
0.010915
0.385021
0.325289
0.0816042
0.0594575
0.453795
1.74058e-05
0.237344
0.101087
0.00215128
0.000149517
0.100666
0.117701
0.502161
0.220008
1.39841e-05
0.0154978
0.259203
0.468573
0.165145
0.352599
0.05075
0.0179533
0.3679
0.000266148
0.0531426
0.00614443
0.000108364
0.388261
0.256743
0.356052
0.195096
0.540142
0.00332144
0.0012438
0.374018
0.329591
0.03132
0.00826336
0.563677
0.00332313
0.00239059
0.167912
0.000541087
0.00348569
0.044491
0.433987
0.456416
0.596769
0.467755
0.286688
0.550047
0.479114
0.001595
0.43943
0.00042718
0.480663
0.490872
0.305881
0.299241
0.0520872
0.00184947
0.0032577
0.000199748
0.296246
6.15934e-05
0.556242
0.0958031
0.372205
0.0040504
0.0472908
0.00500508
0.67906
6.95034e-06
0.0495757
0.501986
0.00160177
0.325589
0.000265316
0.000175349
0.188225
3.73527e-06
0.00365086
0.200832
0.667107
0.20665
2.18543e-05
0.000133645
2.28405e-07
0.00692155
0.0652643
0.22437
0.0763584
0.722558
0.000332831
0.0681994
2.00243e-06
0.000167727
0.1381
0.000886444
0.000146187
0.302683
0.0001714
0.00144559
0.091526
0.507082
0.517006
0.20901
0.263672
0.593294
0.563
0.0344715
0.0607608
0.380884
0.256094
0.261538
0.000384884
0.000333607
0.066496
0.0220997
0.000311948
0.0060813
0.401025
0.0882527
0.000383435
0.0547388
0.358852
0.124524
1.51865e-07
0.0980368
0.00295485
0.000758252
0.168171
0.362064
0.181773
0.152623
0.00274957
0.389959
0.000193449
0.483511
0.0482828
0.00893237
0.0190621
0.00816421
0.0514056
0.235614
6.38151e-05
0.00388528
0.0263828
0.0784774
0.449083
0.0452581
0.624819
7.84335e-05
0.255504
0.000941132
0.670655
0.00096414
0.0277497
0.0229385
0.0135892
0.000606445
0.192972
0.600213
1.90806e-06
0.303861
0.000276483
0.273187
0.166201
0.0126433
0.000255698
0.225703
0.387657
0.00045499
0.111298
0.0980962
0.0118842
0.154771
0.383166
7.8345e-06
0.000495052
0.00115812
0.316184
0.263598
0.39449
0.00859573
0.0125796
0.378485
0.0988198
0.5875
0.216391
0.514911
0.002589
0.229154
0.0259357
0.0553156
0.319849
0.000808976
0.23305
0.0196094
0.182601
0.0340398
0.24762
0.00680164
0.272338
0.0140874
0.117299
0.160607
5.12288e-06
0.00156715
0.367753
0.32329
0.243366
0.0789849
0.00208333
7.92e-06
0.237555
0.119009
0.215602
0.000623612
0.00101275
0.211193
0.000505478
0.000127976
0.0613226
0.0321304
0.105024
0.267974
0.0193125
0.0224486
0.0880552
0.0804709
0.746016
6.61142e-05
0.00670557
4.09065e-05
0.000170072
0.0407257
0.0274867
0.00797514
0.000221372
0.00448694
0.0307538
0.297797
0.00387988
0.0784897
0.206129
0.0370272
0.017165
9.79652e-05
0.0879192
0.00405965
0.00299319
0.159997
0.307104
0.0633558
6.78104e-06
0.218921
0.0149177
0.0267225
4.30968e-06
0.00109723
0.0861922
0.00634941
0.48276
0.0745558
0.0108858
0.224079
0.508106
0.172125
0.117182
0.516439
0.00293656
0.509391
0.00501998
0.000960829
7.05473e-05
0.0925978
0.000279391
0.000169454
0.415347
2.34734e-08
0.293387
0.072428
0.021583
0.0397795
0.0557148
0.0534984
0.0181125
0.0456375
0.00010609
0.000483443
0.00196154
0.531365
0.157135
0.156249
0.040818
4.39083e-05
0.227433
0.113009
0.00162657
0.011086
0.000670839
0.000270851
0.305843
0.23558
0.00379833
0.00493559
0.470256
0.0153221
0.180193
0.00330051
0.318102
0.213507
0.104665
0.228043
0.0917163
0.216574
0.0891053
0.0113694
0.467397
0.435444
0.170988
0.0169242
0.195401
0.0231345
0.097999
0.163628
0.0467971
0.471875
0.189169
0.0113649
0.00578272
0.262754
0.00290744
0.00538344
2.24553e-05
0.0642124
0.00207695
0.460265
0.0418397
0.215934
0.543142
0.1929
0.0375721
0.00397556
0.502431
0.105799
0.187593
0.0256029
0.176166
0.0952474
0.000338968
0.000734423
3.64273e-05
0.0177353
0.00317601
0.00280429
0.266636
0.00257443
0.00220658
0.0172542
0.23385
0.0436773
0.0157147
0.00154105
0.13088
0.170166
7.3691e-05
0.279671
0.300502
0.0150044
0.0030761
0.409565
0.0978239
0.555377
0.673138
0.0123088
0.00466121
0.00300491
0.280692
0.208914
0.335151
0.0241058
0.000106334
0.00735135
0.579091
0.109861
0.0176613
0.220996
0.554587
0.0287644
0.00142355
0.0844951
0.00235973
0.0292436
3.60187e-05
0.588055
0.0682329
0.0259827
0.00883384
0.328319
0.336991
0.00237688
0.323278
0.0785395
0.0256523
0.816373
0.407513
0.0090223
1.23326e-05
0.00358074
0.000135807
0.000559859
0.0864193
0.000956952
0.000829722
0.0853436
0.0126229
0.178931
0.00938698
0.0949634
1.55283e-05
0.0410939
0.00119845
0.106059
0.533157
0.238149
0.321651
0.220885
0.000131387
0.0335947
0.000962251
0.000115563
0.143572
0.0621522
0.125306
0.000403117
0.10111
0.0709689
0.000726717
0.239308
0.0186
0.0465159
0.0429858
0.232253
0.305493
0.0727296
0.2745
0.394639
0.344773
0.0166208
0.0386104
0.0126079
0.433427
0.391114
0.517513
0.00623192
0.311259
0.414333
0.00129126
0.11715
0.000354205
0.0915488
0.281648
0.419903
0.124135
0.416253
8.55191e-06
0.433144
0.0790143
0.0283526
0.182162
0.00220365
0.000128018
0.00118047
0.0135871
0.00121048
0.215002
0.023463
0.516063
0.00812296
0.391668
0.184625
0.137414
0.123507
0.0517164
0.00344149
0.163566
0.00116776
0.0408686
0.00216321
0.529728
0.00346938
0.00606865
0.14889
0.000546254
0.197891
0.000827559
0.493187
0.185225
0.0571326
0.0344929
0.472754
0.305972
0.139523
0.00175685
0.0298671
0.440824
0.116001
0.12862
0.00145074
0.419476
0.0394484
0.463484
0.0786478
0.0104236
0.00538269
0.0363892
0.00950425
0.0362873
0.404019
0.287788
0.000134181
0.0219506
0.154537
0.0157453
0.316457
0.245964
0.0016564
3.68379e-05
0.0159889
0.00453488
0.0314933
0.00329504
0.0485616
0.300561
0.0344462
0.402142
5.93243e-05
0.0931523
0.139427
0.338928
0.0267831
0.407451
1.21845e-05
0.129557
0.209807
0.000262105
0.0105125
0.277967
0.0958528
0.405768
0.00639367
0.166871
0.363173
0.000755915
0.136625
0.0587465
0.312699
0.00193376
0.0230928
0.0353367
0.00754736
0.313844
0.526213
0.00119501
0.00568541
0.0949862
0.0407048
0.000206932
0.608807
0.255738
0.00481922
0.103213
0.0278472
0.480383
0.148392
0.181137
0.000931882
0.0265724
5.60647e-06
1.69061e-07
0.39349
0.312613
0.250709
0.279631
0.0296526
0.125898
0.299491
0.189803
0.00113123
0.398375
0.609038
0.43817
0.291096
0.00495028
0.000103352
0.625274
0.149577
0.00324642
3.85331e-05
0.195165
0.194304
0.00688602
0.0537296
0.00406409
0.0798365
0.00115313
0.000977977
0.363448
0.000436738
0.0140201
0.495995
0.446986
0.196171
0.367603
0.388232
0.00369645
2.35325e-05
0.258418
0.174598
0.449937
0.23988
0.000101011
0.0217397
0.259528
0.0321814
0.0126198
8.70497e-06
0.00429034
7.65981e-05
0.0463888
2.61046e-05
0.000657483
0.324616
0.00077896
0.00907139
0.296089
0.0032299
0.148
0.304252
0.0976918
0.0078235
0.000869937
0.278521
0.374472
0.00384055
0.000892756
0.392529
0.607466
0.0130956
0.013791
0.00089599
0.00184757
0.43899
0.165556
0.149241
0.15092
0.0347002
0.186302
0.128649
0.0092087
0.0262474
0.0158822
0.242475
0.175729
8.40874e-05
0.0127991
0.0310715
0.0238139
0.0878266
0.0923029
0.587174
0.545362
7.91396e-07
0.108152
0.00260274
0.0264241
0.589833
0.0021156
0.323016
0.000745443
0.0475956
0.000437591
0.00567204
7.82744e-07
0.00924753
0.179722
0.295516
0.487403
0.0978473
0.0489687
0.453445
0.0748422
0.288407
0.314558
0.220778
0.172082
2.23832e-05
1.81787e-06
0.000854789
0.00274565
0.0139026
0.496959
0.635646
0.167423
4.236e-05
0.000725642
0.0233494
0.00465619
0.00292623
0.279357
0.0721596
0.000276822
4.17676e-05
0.302044
0.000206603
0.0598685
0.00501536
0.0360313
0.00609179
0.439274
0.00111198
0.3604
0.232163
0.291123
0.0012672
0.0005263
0.18392
0.00849966
0.532892
0.05168
0.00545478
0.0582008
0.481988
0.18449
0.327597
0.1361
0.000123898
0.00311388
0.0130577
0.11281
0.011959
0.326982
0.065477
0.0717116
0.0305743
0.247092
0.000317387
0.0562366
0.469173
0.260644
3.59427e-05
0.00457195
0.0600814
0.196817
0.0036698
0.400981
0.201911
0.00333679
0.085152
0.00164375
0.00143322
0.286161
0.000723639
0.000376793
0.0042387
0.00195687
0.067287
0.376201
0.269169
0.000940394
6.67162e-05
0.0125825
0.000314627
0.00805665
0.0284948
0.806931
0.0245015
0.0177034
0.00228416
0.283257
0.0766932
1.08256e-06
0.0869468
0.413357
0.100661
0.379573
0.0501227
0.18231
0.164073
0.131379
0.0109526
0.401725
2.07294e-05
0.146329
0.121109
0.108863
0.0854112
0.525865
0.00863908
0.00434917
0.0338992
0.432382
0.0164474
0.00368394
0.396999
0.0163079
0.25179
0.00245927
0.28316
0.239144
0.330197
0.274518
0.000195496
0.02944
0.0565339
0.325446
0.120842
0.0529078
8.81151e-06
0.0038093
0.0347284
0.00267245
0.0104417
0.123276
0.610692
0.336822
0.00344038
0.474999
0.218926
0.47797
0.451104
0.00196844
0.00442638
0.0224733
0.0116856
0.00126003
0.312146
0.020988
0.574
0.036742
0.00027097
0.0363171
0.563517
0.00866955
4.28425e-05
0.246776
0.443673
0.127883
0.147971
0.0143182
0.0149062
0.000293957
0.0388688
0.0905601
0.455261
0.0442235
0.377419
0.00457842
7.90518e-07
0.144512
0.045587
0.158857
0.000261284
0.277516
0.128049
0.0552542
0.371917
0.0443083
0.011137
0.00746094
0.151654
0.0175151
0.00523699
0.000798309
0.0465768
0.17131
0.00879124
0.324918
0.000478508
0.00188623
0.555301
8.71094e-05
0.00796769
0.334214
0.0213524
0.140166
0.0183503
0.00343694
0.170949
0.000629164
0.012297
0.0196581
0.0613454
0.0550031
0.246666
3.6404e-05
0.0310172
0.0158241
0.0025021
0.331682
0.324538
0.00622847
0.0372292
2.17256e-07
0.132372
0.317148
0.0508409
0.0362254
0.00927197
0.151161
0.0565948
0.0313558
8.73064e-06
0.248962
0.0684486
0.226456
0.0294761
0.0149963
0.0271905
0.000665085
0.029466
0.000265072
0.000259039
0.00792126
1.61167e-05
0.00224283
0.0516505
0.323161
0.101502
0.123417
0.302233
0.0384468
0.0459837
3.79031e-07
0.346725
0.233502
0.00182593
0.459186
0.0437058
0.00314149
0.136083
0.503107
0.0138531
0.000106763
0.000152428
0.179366
0.00374793
1.12202e-06
0.316288
0.00988544
4.07957e-06
0.21959
6.31837e-05
0.00101528
0.269925
0.00704319
0.370957
0.347027
0.0464836
0.113537
0.398065
0.538837
0.00551001
0.0849437
0.262849
0.0627499
0.312813
0.294098
3.01711e-07
0.10189
0.158463
0.0487461
0.462661
0.142979
0.0832505
0.0228184
0.0181806
0.448925
0.00207737
0.382948
0.145861
0.292682
6.44264e-06
0.214695
0.0412192
0.0174069
0.0224426
0.000437278
0.00839773
0.379411
0.00843439
0.470827
0.272118
0.280258
0.396588
0.00352312
0.0582572
0.0829904
0.00215863
0.521964
0.0399311
0.0158522
0.538725
0.243391
8.31528e-06
0.134822
0.0032984
0.00256988
0.000654611
0.0116899
0.313011
0.00344384
0.00278524
4.73792e-06
0.00203765
0.163991
0.360574
0.00689876
7.66223e-05
0.0153048
5.50157e-05
0.358321
0.28142
0.0312603
0.513583
0.380476
0.000903902
0.0234268
6.53947e-05
0.00424276
0.000708851
0.00054204
0.186075
0.248988
0.301662
0.01792
0.21554
0.0603802
0.00159583
0.168485
0.000102809
0.00024422
0.371835
0.322773
0.336225
0.290111
0.0002753
0.50737
0.0248988
0.000588294
0.000287943
0.0271031
3.95847e-05
3.62502e-05
0.00490408
0.0513722
0.24003
0.0207807
0.058532
0.00178475
0.00307444
0.00264955
0.000228945
0.00866523
0.047899
0.123559
0.214505
0.00123594
0.0067773
0.000295727
0.28547
0.122067
0.0173366
0.266466
0.0123789
0.000921658
0.415883
0.389609
0.0147552
3.98615e-05
0.00152313
0.0179164
0.278002
0.412843
6.39986e-05
0.0173724
4.59187e-05
0.0180181
0.542563
0.000239688
0.200353
0.00973222
0.301046
0.141631
0.246082
0.000684755
0.159378
0.454259
0.717391
0.684392
0.190524
0.318319
0.183262
7.02666e-06
0.0538448
0.00040417
0.190751
0.00152409
0.0250453
0.185389
0.0930351
0.193454
0.191194
0.162795
0.00101507
0.000300895
0.000155619
4.29409e-05
0.100653
0.0060722
0.0198517
0.00692278
0.356428
0.00302481
0.000161232
0.0128469
0.366368
0.0254458
0.0327234
0.00464859
0.0152152
0.288865
0.69368
0.0124281
0.0028926
0.00177028
0.0324381
0.383366
0.246343
0.248594
0.203746
0.00859402
0.0793534
0.333204
2.65343e-06
5.51561e-05
0.000612534
0.281348
0.417706
0.0313849
0.000907307
0.00768441
0.301015
0.035913
0.00847953
0.0288051
0.0127764
0.573608
0.0101159
0.0020213
0.423514
0.0338398
0.168269
0.00393763
0.220563
0.59778
0.432262
0.198224
0.0966196
0.297833
0.00151849
0.151844
0.0040685
0.178089
0.0249012
0.0115335
0.526955
0.329739
1.77897e-06
5.08606e-05
0.415926
0.0703476
0.000126246
0.0221547
0.0702865
0.108414
0.0192845
0.00463606
0.250885
0.26568
0.060767
0.0119455
0.0445331
0.697902
0.22265
0.0987155
0.0393358
0.0992288
0.0299116
0.0879825
0.0655805
0.00018603
0.252415
0.395191
0.00352826
0.00210479
0.520771
0.229685
6.56146e-06
0.0308385
0.315978
0.379517
6.75228e-05
0.508719
0.00388739
0.0633111
0.307816
0.000738722
0.197422
0.00490367
0.0230023
5.57895e-05
0.00325169
0.0843423
0.00145235
0.000259687
0.418588
0.15417
0.025779
0.0160175
0.0248123
0.00255883
0.0458121
0.00433141
0.0372141
0.608766
0.501056
0.403101
0.464374
0.000337149
0.715868
0.472389
0.0857165
0.153197
2.46866e-06
0.360422
0.117795
1.96915e-05
0.000272695
0.634165
0.00409716
0.00709482
0.643001
0.474828
0.0404459
0.324499
0.0428649
0.0531562
0.00182045
0.00107949
0.0427531
0.290263
0.418646
0.470474
0.395094
0.000309047
0.336493
0.264905
0.136011
0.00344094
0.00533356
0.261557
0.188211
0.00270134
0.00598643
0.677518
0.263471
0.0897474
0.0273847
0.168555
0.00243403
0.0109184
0.17067
0.460739
0.00512654
0.0914641
0.217698
0.00465702
0.00561409
0.215174
0.548399
0.000387105
0.000126698
0.0528984
0.00109127
0.270943
0.120602
0.211639
0.0383262
0.387788
0.341413
0.00019721
0.499573
0.255875
0.0232653
0.377943
0.00435352
0.0848285
0.0313628
0.000301118
0.106755
0.116395
0.100129
0.00768318
0.219554
0.0125902
0.11341
0.322677
0.43188
0.0493084
0.0765858
6.74497e-06
0.443531
0.000125112
0.218277
0.117896
0.0426614
0.232104
0.000832604
0.386516
0.00457999
0.0106371
0.014308
0.0131616
0.114828
0.00875108
0.14928
0.000166837
0.127887
0.0223412
0.112282
0.0438036
0.302573
0.000632969
0.0743729
0.148426
0.00882406
2.77448e-05
0.0251112
0.066805
0.48939
0.158853
0.000139886
5.08101e-08
0.0901344
0.186031
0.00418462
0.024505
0.139689
0.169891
0.0375336
5.98427e-06
1.58595e-05
0.00502573
0.342509
0.000926471
0.374317
0.000177
0.0620059
0.572944
0.000152407
0.101639
0.049691
0.00120618
0.00386418
0.0509468
0.254308
0.718732
0.00357125
0.0271856
0.12887
0.185739
0.313536
0.0700049
0.0322831
0.313651
0.0629518
0.293822
0.00778592
0.292828
0.243928
0.018071
0.00327538
0.0482762
5.55914e-05
0.41314
0.000558805
0.275186
0.287037
0.267469
0.407723
0.000345042
0.00906888
2.52185e-05
9.87351e-09
0.00135594
0.3438
0.0214259
0.231934
1.0847e-05
0.299594
0.151202
0.146555
0.000324578
0.109988
0.158775
0.226124
0.0445439
0.00721438
0.467883
0.212559
5.4479e-05
0.374347
0.00320279
0.0274792
0.3087
0.000928007
2.67639e-05
0.0841677
0.00514222
0.611137
0.261836
0.0845891
0.00277622
0.0844967
0.303289
0.00941481
0.322385
0.537447
0.0832866
0.660259
0.0132855
0.126421
0.00983992
0.222407
4.34309e-06
0.000472164
0.0131756
0.0676376
0.00153844
0.378716
0.000825323
0.11036
0.0102589
0.300644
0.0897078
0.00161942
0.355548
0.000113462
0.000452931
0.269031
0.0143437
0.00114982
3.53163e-05
0.0219692
0.00520167
0.485267
0.0357296
0.00020569
0.0844254
0.288374
0.0175656
0.00046511
0.0282065
0.292139
0.119844
0.350003
2.2727e-05
0.00014353
0.116869
0.191158
0.397819
0.174011
0.0153548
0.0457307
0.262666
0.00105191
0.00157583
0.579397
0.132049
0.00903761
0.101433
0.0832473
0.00457697
0.699663
0.00768977
0.0280282
0.00016298
0.313651
0.00124276
0.000585814
0.170522
0.17553
0.00136864
0.219983
0.311036
0.0445671
0.00176335
0.635757
0.00207817
0.0857202
0.197729
0.00264289
0.427465
0.00497369
0.182666
0.204295
0.000342037
0.268462
0.0620167
0.0316673
0.00361714
0.392038
0.356783
0.0877615
0.000388428
0.228311
0.0662962
0.0248822
0.105807
0.00219331
6.0937e-07
0.135057
0.0213387
0.447318
0.232019
0.00352931
0.00103968
1.33026e-05
0.060486
0.070649
0.000667336
0.307557
0.0670983
0.00307198
0.00284138
0.0101288
2.56949e-07
0.0069287
0.000801261
0.146036
0.444129
0.0108081
0.0129732
0.398798
0.397441
0.00919917
0.167387
0.211716
1.03846e-05
0.250588
0.320972
0.00655332
0.191272
0.0139685
0.0170381
0.292874
0.0193885
0.119443
0.0469749
0.35833
0.000963142
0.000459934
0.000654208
0.00395046
0.000665896
0.460106
0.292162
0.00250799
0.0597142
3.62176e-05
0.025293
0.481453
0.0413201
0.0736883
0.000191648
0.012096
0.358327
2.86586e-05
0.00932295
0.394286
0.157618
0.448324
0.057598
0.0897389
0.29895
0.506239
0.0979458
0.130301
0.144249
0.187883
0.0111534
0.000692553
0.015124
0.371559
0.00105338
9.66008e-05
0.663515
0.437344
0.142203
0.153103
0.183773
0.0733165
0.403943
0.523049
0.0465652
0.53847
0.00324517
0.085001
0.0941347
0.065077
0.233481
0.00141984
0.305024
0.0143586
0.0227246
0.435134
0.0276521
0.664833
0.0917733
0.0012243
5.91402e-06
0.117862
0.40595
5.96069e-05
0.0210219
0.536754
0.293958
0.0027334
0.00024676
0.000298259
0.436431
0.235742
0.000679234
0.043766
0.376444
0.233843
0.152279
0.0123331
0.0263507
0.157531
0.000214763
0.523751
0.256375
0.333564
0.622694
0.0201361
0.615843
3.79649e-05
0.0601705
0.0878315
0.000360688
0.323587
0.257179
0.304569
0.589039
0.0415265
0.00123181
0.00200127
0.00090075
0.16126
0.649103
0.530677
0.0964852
0.211708
0.0510894
0.0965278
0.318653
0.00147947
0.000124697
0.521433
0.0470867
0.000180436
0.147385
0.000713523
0.404707
0.0320656
0.0472011
0.0721643
0.0717474
1.50886e-05
3.30448e-05
0.18009
0.0853668
0.0869988
0.0290635
0.371401
0.5544
0.000441759
0.0975557
0.000865162
0.577567
0.000296629
0.198124
0.0687634
2.33489e-05
0.0150036
0.140622
0.556163
0.00409195
0.0862597
0.00746771
0.072242
0.264782
0.00557896
0.371645
0.251928
0.0457458
0.156595
0.186551
0.706985
0.587916
0.000109622
0.145629
0.0999854
0.0002973
0.0223047
0.289907
0.0266034
0.000274215
0.63865
0.216616
1.6393e-05
0.178761
0.0610092
0.205416
0.113149
0.000902267
0.0479801
0.033674
0.169381
0.0061874
0.64279
0.448522
3.62746e-05
0.00207365
0.44306
0.0933413
0.0846461
0.119298
0.0169904
0.0472123
0.174235
0.00908886
0.000289131
0.185592
0.00066768
0.081848
0.351002
0.191374
0.302655
0.375304
0.018336
0.00069427
0.525081
0.02928
4.16264e-05
0.0223719
2.5012e-05
0.0214019
0.0113914
0.0684819
0.000959683
0.0690794
0.284105
0.319092
0.197506
0.00802321
0.72398
0.000227292
0.124392
0.0320739
0.00125615
0.293842
0.00503178
0.00382716
0.570992
0.0875678
0.541573
0.0115617
0.307013
0.0397056
0.0167987
0.392503
0.00353892
0.186326
0.37903
0.0104944
0.0158084
0.00974427
0.121962
0.00686597
0.633299
0.00748983
0.00508967
0.579166
0.155031
0.269772
0.0125809
0.390152
0.00018948
9.26038e-05
0.00183123
0.383222
0.00021007
0.00280033
0.265845
0.318553
0.232362
0.307677
0.288687
0.0434303
0.000359928
9.05901e-06
0.371471
0.00913226
0.0128073
0.00406701
0.000111234
0.000651906
9.09641e-05
0.0895067
0.0210112
3.00705e-05
0.521028
0.0439077
0.227093
0.415268
0.0114539
0.0564111
0.470799
0.166543
0.0279482
0.0263843
0.153127
0.319771
0.314498
1.02175e-05
0.0616336
0.00929732
0.000182861
0.0243711
0.098819
0.454239
0.0214724
0.00364137
0.123371
0.00110348
0.0692611
0.00452422
0.0120599
0.00293767
0.527497
8.21514e-05
0.00366277
5.71562e-06
0.219802
0.464142
0.0137777
0.00968136
0.0771353
0.000438408
0.0707673
0.357776
0.341263
0.429546
0.230921
0.321354
0.0242408
0.0662988
0.00629522
0.504637
0.0481598
0.322041
0.737079
0.00853225
0.0220635
0.188756
0.707121
0.067086
0.484706
0.0116302
0.0201936
0.461333
0.395018
0.141964
0.580707
0.267831
0.427448
0.014221
0.135325
0.632261
0.227474
0.58711
0.285036
0.023978
8.51754e-06
0.000817782
0.168309
0.0860735
0.00566371
0.0203664
0.131768
0.000335973
0.281032
0.000812755
2.08964e-07
0.0430437
0.576493
0.0566657
0.48733
0.00253464
0.347013
0.151853
0.2723
0.0474028
0.00936734
0.274607
0.0331427
0.0264086
0.219357
0.071152
0.00354479
0.00220993
0.00114294
0.000154114
0.299441
0.13894
0.00244827
0.113451
0.0223509
0.00328204
0.0384676
0.00572482
0.0602162
0.000359676
0.225097
0.126448
0.430633
0.0158677
0.0635484
0.0209217
0.0339952
0.000101077
7.85075e-05
0.0068958
0.0778622
0.014801
0.263133
0.00166275
0.000110541
0.425548
0.414428
0.410217
0.0580041
0.00878274
0.000502765
0.140811
0.165733
0.277668
0.529249
0.0666705
1.99911e-05
0.4191
4.33647e-07
0.300136
0.000173006
0.53418
0.00782837
0.0603793
0.025297
0.00239206
0.107696
0.00612748
0.0110065
0.00436765
0.0511139
0.322604
0.122702
0.0199273
0.00068459
0.079364
0.296269
8.26745e-05
0.277767
0.0740462
0.179795
0.0486769
0.000891678
0.569925
0.252973
0.382408
4.02944e-05
0.39573
0.0145741
2.5204e-05
0.000232727
0.000281437
0.143763
0.0981465
0.648115
0.000484773
0.0104014
6.29099e-06
0.664965
0.010965
0.10033
0.760072
0.0167338
3.76364e-05
0.205316
0.0104273
0.00243791
0.365827
0.000905662
0.26335
0.0964841
0.145247
0.169414
0.0360657
0.186408
0.00941809
0.293828
0.182221
0.37622
0.0192425
0.366931
0.0810406
0.220199
0.31573
0.0827974
0.181589
0.408803
0.000219837
0.463826
0.0520887
0.0210665
0.244877
0.422116
0.0635231
0.168514
0.508735
0.0176385
0.269011
0.476074
0.476385
0.368024
0.128251
0.366718
0.0490334
0.033303
0.482757
0.294551
0.0176015
0.0178036
0.00761805
0.0134667
0.630966
0.198049
0.0756566
0.00742306
0.695841
0.000302
0.00349764
0.000327988
0.321094
0.00383321
0.0693503
0.562106
0.579398
0.00293487
0.00216568
0.359381
0.339168
0.0831659
0.0575473
0.0524629
0.235451
0.455107
0.0052539
0.0345869
0.202458
0.0126549
0.0988294
0.406361
0.113911
0.0168079
0.288577
0.00662194
0.0345892
0.258378
0.237926
3.59402e-06
0.00988171
0.00308234
0.00052302
0.0205714
0.0379218
0.0203328
0.230224
2.39253e-07
0.002964
0.00657938
0.000144037
0.409788
0.0462143
0.0876494
1.52044e-05
0.160006
0.000140631
0.298582
0.00124298
0.00644461
0.206216
0.0701497
0.451793
0.000731959
0.0186014
0.345741
0.023091
0.000238664
0.304072
0.0474367
0.180815
0.45297
0.0343353
0.531647
0.0522481
0.00243243
1.89117e-06
0.0946959
2.26424e-05
0.198531
0.000631088
0.290616
0.423224
0.355732
6.8865e-07
0.498536
0.141307
0.311225
0.377815
0.0442952
0.0537182
0.71658
0.00134824
0.148557
0.142983
0.611142
0.0659863
0.000506176
0.0301575
0.00177983
0.0199789
0.000362477
0.191804
0.00133006
0.279991
0.223012
0.000381244
0.1556
0.426687
0.155163
0.104749
0.019834
0.0414306
0.207833
0.746445
0.0105172
0.370274
0.0719331
0.00114261
0.0489063
0.333123
2.47534e-06
0.000264132
0.00594262
0.357267
0.0655944
0.0106969
0.00214287
0.000234431
0.0033012
0.00705642
0.234265
0.103704
0.523365
0.0278639
0.237813
0.00415482
0.0588619
6.32055e-05
0.398898
8.15906e-07
8.65946e-05
0.0236341
0.392454
0.280075
0.67835
0.0100223
0.326669
0.000773925
0.0388912
0.000717135
0.00351343
0.28331
0.00116017
0.00592931
0.0238829
0.412026
0.453922
0.302325
0.0887606
0.000556826
0.0997906
0.336206
0.0411821
0.0209057
0.186898
0.0262864
0.126029
0.0667858
0.00108568
0.00535285
0.6019
0.152463
0.000179171
0.517024
0.281139
0.203209
0.0581241
0.379691
0.420377
0.0184706
0.460436
0.282929
0.00227945
0.184506
0.63239
0.000285701
0.0241774
0.000453207
0.0279122
0.106557
0.00178622
0.413593
0.000905775
0.000960923
0.00242421
0.00918662
0.0999086
0.465231
0.0516889
0.340963
0.000594759
0.245419
0.0056329
0.0266988
0.344357
0.0460907
0.274195
0.219096
0.601448
9.39201e-06
0.0130234
0.0354939
0.141989
0.000158663
0.13274
0.0283746
0.159467
0.348129
0.120509
0.0519957
0.00358793
0.00167548
0.000464287
0.545113
0.000779543
0.00622561
0.0412806
0.0346978
0.00164568
0.563779
5.03319e-06
0.356575
0.22451
0.499138
0.0001805
0.689411
0.0827718
0.250065
0.000140294
0.039179
0.000244641
0.0492721
0.00161028
0.12375
0.00852114
0.00107867
0.0788824
0.321053
0.0744487
0.0276634
0.105529
0.0272059
0.279361
0.00637421
0.209529
0.01243
0.402303
0.338558
0.4644
0.000427435
0.522226
0.0930223
0.00244291
0.053254
0.221439
0.353022
0.0335605
0.00644153
0.0897007
0.0092478
0.0239536
0.0679049
0.0411152
0.290449
0.511166
0.408032
0.148578
0.236876
0.00119407
4.19099e-05
0.261723
0.471772
0.518507
0.00848231
0.231161
0.458864
0.00887015
0.0318164
0.165658
0.00327371
0.000528814
0.26832
0.000340331
0.0923932
0.000387822
0.336758
0.383377
0.528776
0.00219247
0.018851
0.20498
0.1997
0.0005109
0.345424
0.24516
0.0700757
0.141564
0.081285
0.160773
0.00234803
0.260253
0.00886822
0.0202295
0.189981
3.02643e-05
0.306168
0.178958
0.000342752
0.00109983
0.202694
0.107059
0.195281
0.137812
0.00025423
0.188309
0.000254056
0.410053
0.00661996
0.00320007
0.0410473
0.000244696
0.000148817
0.00117666
0.175016
0.34544
0.236628
0.073203
6.45317e-05
8.22088e-05
0.019001
0.185803
0.000106649
0.100725
0.206263
0.00409823
0.273038
0.000120831
0.0317062
0.335147
0.000112233
0.008205
0.154574
1.6036e-05
0.0342041
0.0123408
0.161122
0.517908
0.0014964
0.197212
0.168769
0.169335
0.00953564
0.0339453
0.0585482
0.333897
0.167713
0.236375
0.0649897
0.550289
2.52154e-06
0.00259211
0.40021
0.0274641
0.248139
0.037877
0.189043
1.51935e-06
0.00611647
0.52862
0.035531
0.181097
0.101518
0.0887088
0.104272
0.0632659
0.23941
0.011616
0.000439439
0.195856
0.366891
0.0430154
0.000205197
0.0780714
0.0937724
0.00242455
0.438235
1.88626e-05
0.191956
8.79988e-05
0.403209
0.258429
0.243223
0.0139677
0.011121
0.00264107
0.244935
0.0289931
0.174819
0.0249188
0.021987
0.000536484
0.000239487
0.0448224
0.150962
0.000175736
6.17737e-05
0.186117
0.00445909
0.12909
0.00461476
0.536941
0.265189
0.116595
0.102062
0.189701
0.00335402
0.0814489
0.0191732
0.409026
0.126186
0.0760573
0.280752
0.302349
7.64724e-05
0.147196
0.23143
0.00108225
0.0226983
0.246627
0.0980146
0.215463
0.397116
0.31989
0.717408
0.000355726
0.0830585
0.369378
0.430184
0.775373
0.0100106
0.410456
0.11873
0.337273
0.207001
0.00469682
0.0296342
0.413691
0.461844
0.0422723
0.031012
0.117896
0.63995
0.133985
0.0131523
0.0707868
0.0180345
0.146469
0.0483991
0.242704
8.60624e-05
0.0197706
0.00748408
0.0136324
0.0470191
0.415615
0.4323
0.0153268
0.238116
0.458284
0.0420673
0.239857
0.0875808
0.202095
0.1642
0.0126574
0.0672978
0.00792038
0.00562965
0.457837
0.0515188
0.0768973
0.0570675
0.00110358
0.0153251
0.0371028
0.45462
0.369287
0.374713
0.178151
0.00667978
0.224399
0.124188
0.00564595
9.44391e-05
0.291075
0.118064
0.00300816
0.0282643
0.313444
0.301934
0.44754
0.00890425
0.276711
0.00174617
0.0615657
0.154039
0.522549
0.00302674
0.0272483
0.155393
0.0319273
0.00243484
0.0134326
0.0928257
0.14404
0.000354602
0.0934177
0.0516226
0.000422745
0.00578213
0.0267265
0.0580901
0.00317752
0.0756137
0.296032
0.158562
0.387499
0.247306
0.278736
0.0481891
0.0515035
0.341005
0.00292684
0.129313
9.34017e-05
0.586239
0.101954
0.033714
0.191603
0.303414
0.161508
0.364031
0.0956374
0.300917
0.17639
0.119877
0.00955379
0.0775803
0.339602
0.0848417
0.397129
9.11953e-05
9.44093e-06
0.00130736
0.44965
0.33967
0.0564252
0.0122412
0.00396184
0.540374
0.0633133
0.000677475
0.391638
6.58717e-05
0.00439919
1.3232e-06
0.128408
0.0864562
0.0122061
0.0278699
0.111287
0.433161
0.318552
0.302037
0.00147948
0.419075
0.309041
0.284914
0.000394203
0.0528218
0.00283641
0.228463
3.24377e-06
0.000165877
0.330423
0.192674
0.000878675
7.36213e-05
0.137724
0.00508735
0.000605461
0.00305177
0.178431
0.00286618
0.211967
0.14817
6.55784e-05
0.039601
0.0312311
7.71228e-05
0.303915
0.311178
0.216944
0.446485
0.00214707
0.000148006
0.339524
0.32115
0.240428
2.1465e-05
0.0136644
0.0611599
0.166115
0.0354118
0.0019322
0.516734
0.409111
0.180375
0.0038562
0.0314654
0.297364
0.0173817
0.412371
0.000676946
0.224189
0.47294
0.230003
0.270017
0.28125
0.00195713
0.713232
0.161974
0.116633
0.350108
0.0773136
8.70105e-05
0.00607645
0.606465
0.423927
0.365412
0.017312
0.38974
0.74048
0.453444
0.0674174
0.138091
0.0693595
0.441951
0.00399709
0.00608272
1.38055e-05
0.0653083
0.00180668
0.000226794
0.391446
0.0021389
0.344683
0.530098
0.0618335
0.024756
0.101777
0.00606413
0.00220162
0.00779112
2.42497e-05
3.82823e-08
0.177953
0.145392
3.97948e-06
0.0402997
0.0545534
0.0269707
0.379632
0.0102369
5.30463e-06
0.00684653
0.791021
0.0605034
0.206179
0.00507271
0.0675369
0.430086
0.14073
0.0506451
0.110448
0.013863
0.265596
0.414946
0.357209
0.000342014
0.00344593
0.0199314
0.0234995
0.162192
1.00105e-07
0.578466
0.0376025
0.0747769
0.0235258
0.291654
0.000412369
0.30525
0.000196
0.229638
0.000936489
0.244753
0.0147845
0.00260394
0.0520576
0.060996
0.0519372
0.0383317
0.000566271
0.00139273
0.00274166
0.133434
0.208593
0.281103
0.351438
0.0603224
2.96126e-06
0.00207898
0.00018299
0.000115822
0.27944
0.00224077
0.000844464
0.313891
0.00162711
0.116891
0.0720466
0.000684761
0.152809
0.000290271
0.314021
0.0150724
0.00435195
0.282866
0.319065
0.00185907
0.350491
0.48567
0.000837182
0.342331
0.0952718
0.0662279
0.187268
0.00331194
0.0382563
0.399231
0.30898
0.317438
0.668938
0.0565496
0.218496
0.00231371
0.024842
0.118731
0.183164
0.000729218
0.479134
0.143649
0.0953959
0.197998
0.182536
0.00204838
0.00114564
0.0279724
0.00204122
0.296725
0.00232785
0.0111219
0.000152611
0.554477
0.28761
0.000104396
0.170212
0.11137
0.653963
0.08835
0.209009
0.244979
0.222591
0.460451
0.00299793
0.261412
0.0102838
0.0218724
0.00889148
0.000437134
0.601319
0.479736
0.000218273
0.0663757
0.297614
0.185718
0.364484
0.189146
0.0421731
0.0432934
0.0176351
0.39657
0.0281128
0.00372028
0.181457
0.0065324
0.405088
0.0584194
4.55862e-05
0.161028
0.524284
0.508831
0.641193
0.442636
2.43201e-05
0.00396584
0.475118
0.268337
0.0859366
0.253667
0.0118624
0.000172742
0.1317
0.00108004
8.484e-05
0.308307
0.326961
0.0030155
0.293404
0.160717
0.0989519
0.000608379
0.0385652
0.015108
0.496719
0.0484061
0.0580149
0.110873
0.180131
0.00601183
0.0825136
0.07804
0.0018322
0.0356181
0.0833102
0.00272006
0.00182832
0.379415
0.0352763
0.001322
0.541301
0.17448
0.0041404
0.449079
0.000194726
1.22402e-05
0.0243677
0.0569388
0.233935
0.386642
0.000193613
0.354787
0.000100372
0.0153377
0.003816
0.148157
0.257858
0.0838354
0.000408806
0.547359
0.011955
0.0203235
0.00180068
0.00968614
0.110108
0.0240998
0.00362283
0.175682
0.0285741
0.00485407
0.178611
0.0361494
0.0751912
0.164322
0.164425
0.048661
0.0502732
0.340522
0.104077
0.210212
0.000950193
0.000859024
0.134146
0.0318324
0.00483432
2.90745e-05
0.417176
0.287728
0.000722889
0.210699
0.0152038
0.0207749
0.315121
0.0507286
0.00104154
0.300973
0.105443
0.00759522
0.0494549
0.348173
0.005733
0.00727683
0.00112712
0.000102254
0.609772
0.794237
0.238596
0.0404165
0.218517
0.00577333
0.00668623
0.075681
0.0192425
0.116216
0.0204106
0.00233675
2.92068e-05
0.540555
0.000201587
7.74962e-05
0.0273498
0.0442621
0.029565
0.516163
0.00762742
0.0781461
0.628124
0.278493
0.00272988
3.09357e-05
0.121939
0.000711035
0.49894
0.0502258
0.00970392
0.271046
0.0158035
0.297834
0.695186
0.513716
0.297816
0.00831618
0.0344084
8.83573e-05
0.457627
0.550047
0.272643
0.0589438
0.00224396
0.0349979
0.083288
0.547095
0.000174121
0.219414
1.45636e-05
0.010143
0.0207451
0.0740836
0.00148704
0.387252
0.251341
0.188613
0.00404465
0.268313
0.128466
0.0145939
0.00753136
0.329324
5.45139e-05
0.000972173
0.141006
0.0692488
0.193007
0.0231132
0.0863961
0.0114851
0.315785
0.342667
0.197658
0.42513
0.00556098
0.500553
0.0986772
0.00074426
0.133994
0.113058
0.584611
0.100031
0.385207
0.000363757
0.324564
0.365028
0.107137
0.475445
0.40096
0.124647
0.0189157
0.0535434
0.000901114
0.0342218
0.00416043
0.048591
0.145497
0.00539724
0.0102258
0.300978
0.323822
0.348945
0.0319422
0.0119502
0.00471394
0.565116
0.51933
0.00146293
0.0258127
0.0138252
2.03101e-05
0.00274884
0.173858
0.00368105
0.0574683
0.196191
0.00585661
0.015631
0.00179164
0.322902
0.00666269
0.00248157
0.353884
0.0800087
0.235077
0.0155687
0.0195857
0.000165248
0.484725
0.426671
0.0174812
0.0565931
0.455002
0.00768466
0.306392
6.13898e-06
0.0274444
0.0190684
0.268905
5.49322e-05
0.346537
0.168901
0.102162
0.310668
0.22214
0.00622911
0.235259
0.0233922
0.294462
0.000652015
0.0027649
0.015904
0.329178
0.166646
0.200273
9.52238e-07
0.000650578
0.244023
0.000493407
6.5842e-05
0.138605
0.530154
0.00582055
0.0155491
0.0200844
0.60608
0.477986
0.0791067
0.000270213
0.00283707
0.170263
7.35259e-05
0.00499956
0.0343795
0.0210169
0.00721659
0.000387595
0.19281
0.207026
0.000148567
0.106004
0.0540907
0.185051
0.001466
0.0658109
0.00208927
0.327326
0.0037308
0.113827
0.00511859
0.101508
0.116629
0.165533
0.2832
0.101299
0.00803645
0.0323089
0.0433725
0.306359
0.0622836
0.458352
0.000809148
0.0104951
0.301751
0.130423
0.105252
0.000152052
0.0948225
0.000150146
0.000186269
0.419274
0.0978182
0.000577138
0.0563037
0.352581
0.101093
0.016031
0.0763946
0.00194934
0.00698065
0.0276565
0.0223674
0.0392655
0.180071
0.00810125
0.0310029
0.00222783
0.284039
0.173562
0.208584
0.226819
0.173948
0.353539
0.14097
0.000126015
0.461262
0.0409475
0.529265
0.0827466
0.219578
0.013132
0.0811714
0.0503587
0.61091
0.0467441
0.430519
3.40052e-05
0.00702745
0.0263152
0.0615649
0.000473343
0.0649554
0.0124351
0.257446
0.0171519
0.000142099
0.0720376
0.00018191
0.0335479
0.257841
0.183369
0.00170113
0.111373
0.242435
0.500608
0.00179541
0.0649284
0.114212
0.26269
0.478937
0.0037504
0.00851936
0.000618412
0.0876658
0.386708
0.397782
0.0836939
0.645889
0.0065864
0.000855219
0.452201
0.169919
0.000289772
0.00103765
0.268771
0.000300544
0.000120728
0.108148
0.183693
0.000277789
0.565086
0.375507
4.77564e-05
0.132541
0.337261
0.0197132
0.221906
0.243175
0.437633
0.170702
0.0588804
0.217385
2.45772e-05
0.0120704
0.0268947
0.00329408
0.197681
0.407181
0.074421
0.0193146
0.00869951
0.00755405
0.240696
0.1304
0.358178
0.0376339
0.248729
0.0279108
0.000690056
0.083652
0.130317
0.00578178
7.52327e-06
0.0144808
0.0265297
0.503381
0.000128114
0.53423
0.0130589
0.0412168
0.183847
0.0999459
0.097883
0.362482
0.014132
0.0678195
0.0659734
0.516569
0.000930507
0.00149834
0.523584
0.420973
0.0383361
0.0825284
0.155048
0.00574297
0.520382
0.0935579
0.0159421
0.247088
0.00108091
0.00335536
0.0406582
0.153602
0.0904539
0.298446
0.482345
0.106812
0.0683486
0.12927
0.0142925
0.0302814
0.0585952
0.013501
0.194777
0.0265748
0.146917
0.254108
0.000499279
0.197018
0.748079
0.398812
0.00352392
0.288693
0.100679
0.00469052
0.00203548
0.150535
0.318663
0.0290281
0.215163
0.398323
0.000115606
0.0480578
0.0405962
0.00817664
0.0473018
0.289396
0.309069
0.129715
0.19504
0.00382079
0.000166303
0.410235
0.362807
0.0258497
0.00329616
0.0925688
0.204986
0.000863282
0.0404913
2.74863e-05
0.0100615
0.268492
0.183092
0.364695
0.110686
0.000216183
0.00184188
0.240647
0.517292
0.00032415
0.00121719
0.0199786
2.89837e-05
0.160137
0.157901
0.0120895
0.00161574
0.183108
0.00334427
0.525429
0.446067
0.0788144
0.00163382
0.0044752
0.365786
0.00470942
0.00975692
0.606243
0.0864869
1.12015e-07
0.458239
0.0127574
0.00408631
0.0102552
0.00137554
0.665316
0.0796416
0.527438
0.0062261
0.0319319
0.00343494
0.000157939
0.590827
0.303875
0.178691
0.00781217
0.0123758
0.000359155
0.260126
0.0166287
0.0203525
0.0282552
0.457522
0.195408
0.20351
0.00828224
0.00152573
0.363493
0.0258806
0.278863
0.114453
0.0952529
0.30855
0.0385973
0.0133693
0.0438831
0.113955
0.480315
0.00072063
0.0308649
0.0743459
0.0755988
0.0443249
0.048332
0.0932563
0.292674
0.379863
0.0983434
0.00094519
0.608159
0.163693
0.0575896
0.000181184
0.00246753
0.00511381
0.00335505
0.000175791
0.00140679
0.172686
0.00256217
0.653067
0.317047
0.00547203
0.150788
0.00314578
0.017909
0.371508
0.354078
0.027671
7.10424e-07
0.167895
0.0487654
0.00987212
0.0036931
0.000178526
0.0309941
0.0550436
0.000450279
0.00379027
0.00352785
0.125626
0.0354968
0.0905252
0.0674611
0.00519573
0.561066
0.00104782
0.321488
0.00369866
0.116441
0.0554626
0.251786
0.386796
0.0291238
0.0123958
0.104739
0.332394
0.00294669
0.281476
0.000194629
0.0353964
0.41216
0.00586748
0.142215
0.0182037
0.0110884
0.00634474
0.208316
0.0459953
0.090554
0.553771
0.340786
0.196608
0.621788
0.00033509
0.0172694
0.417261
0.0624877
0.0152001
0.41827
0.0652332
0.34444
0.419857
0.148802
0.0505248
0.264051
5.00896e-05
0.263289
0.111458
0.50972
0.0329079
0.00206454
0.318872
0.306075
0.524132
0.00437846
0.386121
0.502972
0.241032
0.2843
0.16484
0.24454
0.0329056
0.279279
0.430137
0.275546
0.00333512
0.262415
0.0350872
0.5107
0.0224063
0.0405667
0.00476665
0.176186
0.00164228
0.482619
0.261059
0.000770325
0.000746663
0.0127485
0.00338402
2.39754e-05
0.0257939
0.0514067
0.0602911
0.189615
0.270695
0.0364694
0.50311
0.184519
0.0178694
0.253199
0.422838
0.0104031
0.0431642
0.0167301
0.329643
0.0661104
0.0822444
4.10773e-05
0.0934371
0.126401
0.0830237
0.341576
0.0068004
0.40757
0.00564205
0.00775907
0.477712
6.7811e-06
0.013863
0.00856091
0.551752
0.00136475
0.303505
0.130764
0.00558474
0.00323075
0.28927
0.147683
0.236789
0.583422
0.00413744
0.102472
0.375219
0.0490947
0.156091
9.51729e-05
0.0545404
0.369757
0.000352038
0.0141899
0.210514
0.00943687
0.0752859
0.000435394
0.292874
0.350483
0.443142
0.588072
0.26233
0.429846
0.428564
0.00391847
0.00180948
0.136968
0.395996
0.0246333
4.66919e-06
0.627594
0.433079
0.148363
0.000680932
0.188554
0.27238
0.000283952
0.508865
0.622803
0.684525
2.20712e-05
0.0110087
0.58022
0.169942
0.4311
0.426024
0.117321
0.00228801
0.179651
0.0867251
0.0645589
0.16838
0.167773
0.0322086
0.0591269
0.262593
0.0653012
0.318903
0.297693
0.540902
0.000225317
0.0687329
0.177652
0.0572451
0.26102
0.092105
0.662713
0.00909692
0.0113837
0.231653
0.0129466
0.0461824
0.3436
0.0544948
0.601495
0.0021249
0.296974
0.0661335
0.00951701
0.012413
0.24073
0.529558
0.000197216
0.645024
0.461707
0.442786
0.392988
0.0256686
0.0837757
0.00589597
0.263194
0.00194637
0.00528507
0.000682164
0.000824462
0.346305
0.0352579
0.00403586
0.00588732
0.343101
0.0213876
0.564901
0.154818
0.00689696
0.233476
0.176599
0.344876
0.160352
0.1443
0.212755
0.392895
0.14967
6.63425e-06
0.47428
0.577726
0.0799902
0.0313961
0.00629035
2.36117e-05
0.534248
0.245705
0.000401625
0.00518832
0.251144
0.167276
0.0419661
0.00913953
7.47469e-06
0.268042
0.000142088
0.532277
0.321556
0.000969589
0.0209425
0.00866837
0.0354927
0.121136
0.0346892
0.00326731
0.0991165
0.0080449
0.0857802
0.00219863
0.615107
0.288635
0.00172028
0.00213681
0.10519
2.02852e-05
0.567644
0.344887
0.256892
0.0164867
0.351225
0.30283
0.0238739
0.292417
0.0854742
0.0327779
0.470477
0.0400091
0.005883
0.110658
0.000652841
0.0844599
0.00148984
0.12393
2.74232e-05
0.0604335
0.109813
0.000497539
0.322063
0.0106661
0.163865
0.345999
0.000995207
0.287581
0.0437971
0.0027373
0.193706
0.224538
0.0100808
0.00975357
0.00139773
0.0291356
0.574903
0.285901
1.86008e-06
0.595441
0.160288
6.57483e-05
0.00193392
1.88094e-06
0.247384
0.0378792
0.474095
0.477033
0.143087
0.203415
0.00408992
6.96477e-05
0.150976
0.214554
0.408112
0.0110693
0.023586
0.149808
0.113693
0.00014901
0.271408
0.0296012
0.266578
0.0220858
0.00889903
0.0247506
0.0554444
0.0556743
0.109486
0.437564
0.462772
0.015637
0.425934
0.474754
0.348374
0.00106805
0.000684979
0.0243552
0.000397459
0.0135063
0.0782005
0.376996
0.217094
7.68417e-06
0.00748944
0.294377
2.56311e-05
0.0108625
0.176392
0.271335
0.0480212
0.0977768
0.0828994
0.0129736
0.154764
0.0601862
0.65061
0.0676196
0.0863248
0.000354243
4.88713e-05
0.312932
0.233525
0.407648
0.426538
0.00334051
0.520241
0.0265231
0.35713
0.00306412
0.000194287
0.0822451
0.327771
0.00866038
0.000456631
0.166116
0.00144531
0.291699
0.000776621
0.00238868
0.00244067
0.664647
0.142289
0.426208
0.00296661
0.000180761
0.0165604
0.567155
0.0195206
0.00264107
0.305988
0.500123
0.405945
0.0511152
0.00167469
0.000892817
6.17613e-06
0.743974
0.307073
0.278789
0.003157
0.0470805
0.157371
0.224378
0.551917
0.00181471
0.0645443
0.414705
0.587208
0.00147796
0.00615922
0.00375695
0.0138435
0.409977
0.00229697
0.245795
0.0430172
0.0627041
0.271548
0.000571395
0.238167
0.0628685
0.341048
0.0478104
0.0126305
0.0201947
0.037668
0.00305349
0.321025
0.052825
0.0210965
0.301823
0.00107969
0.023804
0.000885413
0.610677
0.00486001
0.206972
0.29972
0.212553
0.00221691
0.383552
0.0676371
0.367326
0.0853792
0.149357
0.000554344
0.284483
0.547045
0.0421778
0.0031304
0.272089
0.0250252
6.41356e-05
0.154419
0.416263
0.0051071
0.164679
0.00422369
0.00276297
0.0408491
0.155938
0.0240701
0.518025
0.247396
0.138121
0.0533949
0.395284
0.256479
0.0817313
0.019744
0.031894
0.576151
0.000662712
0.245734
0.0505041
0.000193041
0.0115982
0.0664947
0.000460326
0.500732
0.00401941
1.04126e-06
0.0102649
0.005409
0.000160978
0.391406
0.00159914
0.00196289
0.00752066
0.0264441
0.208277
0.0102396
0.619232
0.0360636
0.00540174
0.00981501
0.000152877
0.466629
0.000257545
0.396897
0.0535435
9.53872e-06
0.534081
0.315345
0.049093
0.195304
0.00973306
0.063991
0.397166
0.128931
0.00150089
0.0163541
0.209092
0.0235208
0.000414349
0.320044
0.0281847
0.0930964
0.0151361
0.0199372
0.257669
0.107269
0.263196
0.0307894
0.000197936
0.129587
0.109932
0.00121434
0.375752
0.00614874
0.089218
0.101686
0.00842462
0.00463611
0.0168899
0.274129
0.115122
0.0428643
0.0148426
0.141791
0.00743373
0.0199496
0.0035053
0.086354
0.10601
0.0670063
0.0973562
0.124141
0.00664098
0.19664
1.20584e-07
0.000191598
0.130741
0.216174
0.166697
0.0409255
0.344074
0.0157497
0.119055
0.122194
0.00353054
0.410183
0.0176858
0.0388088
0.0235741
0.398807
0.0040868
0.00413637
0.0886991
0.0235201
0.172211
0.000373392
0.019085
0.130297
0.208877
0.0960848
0.325687
0.454069
0.0279671
0.186652
0.350434
0.326496
0.0180082
0.194953
0.00864526
0.364311
0.300219
0.0641723
0.000884585
0.442257
0.59743
0.0347362
0.264333
0.53442
0.165356
0.777514
0.0103241
0.000275638
0.715051
0.56512
0.0394663
0.209227
0.0305381
0.000124762
0.00100237
0.000143838
0.124055
0.0992741
0.653911
0.0328525
0.495434
0.00131961
4.95815e-06
6.82992e-05
0.020062
0.219997
0.217046
0.0379639
0.282821
0.650688
0.0516488
0.204913
0.570598
0.0658666
0.00564949
0.545073
0.33623
0.00197254
0.462124
0.000439242
0.253079
0.00078455
0.427203
0.118503
0.0290667
0.42681
0.00680882
0.201689
0.00352454
0.000156164
0.133607
0.105428
0.00528666
0.000402372
0.101218
2.33121e-07
8.59408e-05
1.99336e-05
0.0294239
0.00415217
0.0138195
0.334843
0.533206
0.000262262
0.02708
0.147333
0.00984925
0.00901957
1.1827e-05
0.101508
0.000627632
0.165907
4.57045e-05
0.000553007
0.00197173
0.0674583
0.0016239
6.95377e-05
0.130059
0.135033
0.0643462
0.00389571
0.00592238
1.95072e-05
0.0127538
0.000434069
0.311726
0.011523
0.0772032
0.000672854
0.00470102
0.440305
0.00200789
0.0742782
0.161461
6.7791e-05
0.0168009
0.326863
0.158101
0.0385664
0.284568
0.00409764
0.216545
0.00228269
0.171736
0.00035979
0.0680893
0.0317169
0.0647854
0.0612048
0.000400296
0.00122228
0.0708191
0.182957
0.00073969
0.0513406
0.200165
1.91557e-05
0.0895687
0.00519203
0.306862
0.027267
0.0156334
0.000245585
2.0271e-05
0.428031
0.328968
0.0256096
0.355465
0.0218232
0.0678327
0.273113
0.0104947
0.305317
0.345458
0.26019
0.000238532
0.00682004
0.0257429
0.000553062
0.0538303
0.303743
0.0511827
0.0601014
0.110817
0.517349
0.35887
0.161949
0.308831
0.0450524
0.412984
0.0567167
0.000651713
0.000954969
0.0138458
0.000671133
0.367508
0.269497
0.0372801
0.012277
0.132368
0.0574003
0.166128
0.14847
3.63596e-05
0.00066865
0.00831837
0.0678111
0.287679
0.230061
0.296394
0.0528362
0.251591
0.00135339
8.96805e-08
0.65824
0.317881
0.271299
0.0842087
0.0331542
0.0750177
0.000543568
9.76734e-05
0.0450362
0.0245391
0.146352
0.078978
0.562776
0.00130592
0.0626481
0.502049
0.0775027
0.268499
0.0136997
0.140519
0.32428
0.205477
0.049245
0.546195
0.316105
0.423322
0.0153272
0.000557199
0.00458418
0.299917
0.0177736
0.127183
0.0369445
0.0393473
0.683738
0.000884459
0.0060845
0.301383
0.191973
0.077797
0.0645969
0.322666
0.277908
0.0018904
0.176514
0.0199464
0.48125
0.39425
0.0180908
3.11298e-05
0.000116213
0.143614
0.190778
0.104584
0.402629
0.194553
0.00157219
0.246428
0.0356161
0.131575
0.000120157
4.79016e-06
0.114747
0.000115883
0.000177887
0.236347
5.30149e-05
0.00359519
0.12442
0.181698
0.0036192
0.38282
0.0604319
0.000126592
0.0119568
0.000259216
0.323299
0.00752683
0.0823642
0.00166878
0.526913
0.00802504
0.299466
0.00304364
0.0287613
0.00147616
7.30304e-06
0.489874
0.278766
0.357324
0.00862698
0.000311102
5.83751e-06
0.00021342
0.0467822
0.00108286
0.0100214
0.110369
0.0672574
0.00950738
0.251229
0.0596869
0.0038336
0.162522
0.000194108
0.000112754
0.21053
0.0380647
1.47836e-05
0.0123584
0.0171825
0.252997
5.20421e-06
0.171206
2.11171e-06
1.3872e-05
0.325438
0.00841387
0.00244813
0.175808
0.254498
0.00197704
0.233426
0.583098
0.000173197
0.34787
0.000328783
0.140384
0.39049
1.249e-05
0.0229541
0.509157
0.0133648
0.0875884
0.1194
0.00118898
0.0394422
0.480784
0.000723204
0.00426122
0.0336126
0.010466
0.00501203
0.0122462
0.00434494
0.00045327
0.115599
0.000193178
0.227453
0.429541
0.280566
0.00378996
0.000527392
0.00081312
0.0453972
0.0239451
0.0160787
0.452562
0.196793
0.366505
0.0758617
0.641549
0.000236343
0.054384
0.450542
0.043702
0.0672345
0.000862826
0.186486
0.00146357
0.557966
0.00476981
0.143351
0.00113256
0.0023629
0.0931847
0.0364413
0.00255536
2.46374e-05
0.174312
0.0159531
0.00136986
0.00128097
0.00252211
7.27302e-05
0.198166
0.312132
0.0180943
0.000855693
0.00535042
0.0726584
0.000920635
0.409848
0.368522
0.103284
0.0243515
6.49001e-07
0.0227342
0.211509
0.157439
3.9805e-05
0.11104
0.00151738
0.500288
0.0814653
0.0226172
0.022138
0.0385867
0.364134
0.240763
1.27283e-05
0.0190112
0.120266
0.188775
0.0723519
0.0402214
0.384304
0.430679
0.0952719
0.152696
0.273265
0.531483
1.15459e-05
0.195351
0.000274256
0.00315778
8.19064e-05
0.159979
0.305715
0.139525
0.00484334
0.000111367
0.0224342
0.00801097
0.0111761
0.105645
0.218034
0.0461202
0.0532194
0.00185835
0.12304
0.00537783
0.000156742
0.309528
0.652293
0.314384
0.000916919
0.188427
0.133559
0.00355211
0.00788528
0.00340072
7.73691e-05
0.0627095
0.000311996
0.11287
0.25947
0.462296
1.98679e-06
4.71107e-06
0.00132253
0.433723
0.436225
0.273821
0.00459374
0.00466969
0.0232801
0.021224
0.227443
0.00500098
0.10041
0.147151
0.0279222
0.0676456
0.0658154
0.576943
0.524299
0.0463383
0.255107
0.248319
0.00448087
0.33798
0.405442
0.00754446
0.00163195
0.0322861
0.000254024
0.038436
0.000364727
0.450476
3.76487e-09
0.407507
0.0587912
0.000156922
0.034903
0.196172
0.173984
0.068104
0.0600602
0.182125
0.000195098
0.0418843
0.00639703
0.00210469
0.00384714
1.08657e-05
0.0166995
0.408743
0.00378241
0.0248728
0.198325
0.258766
0.00108956
0.0871408
0.324925
0.253644
0.0120045
0.321787
0.00351147
0.556586
0.334364
2.18856e-07
0.0986883
0.457324
0.0177181
0.0124286
0.523441
0.516119
0.0184324
0.302606
0.498064
0.266515
0.295631
0.0121642
0.0393584
0.389566
0.0297123
0.399812
0.155468
0.028891
0.00267602
0.317869
0.000591787
0.295756
0.0495356
0.488533
0.0728554
0.326222
4.02297e-07
0.183268
1.69154e-05
0.000127827
0.00475251
0.0123927
0.30487
0.0541859
0.217703
0.0252248
0.000654161
0.0322592
0.00649837
0.0255633
0.000926681
0.219962
0.0109193
3.27582e-05
0.366835
0.0122406
0.00380587
0.000301458
0.572518
0.00425099
0.491768
0.065174
0.0337013
0.206791
0.192464
0.0333289
6.20721e-05
0.000417794
0.253607
0.637501
0.00212739
0.00435828
0.22203
0.0202146
0.225997
0.000265495
0.00182547
0.000135643
0.115754
0.00141293
0.405027
0.310733
0.486463
0.317775
0.0180719
0.306467
0.118936
0.435612
0.00192518
0.00133618
0.00226625
0.0777898
0.0795629
0.245199
5.60955e-05
0.303638
0.0238549
0.0140029
0.113754
0.0348835
0.394636
0.0418882
0.0122434
0.00225975
0.00261893
0.369513
0.353623
0.00396718
0.332038
0.288541
0.0122485
0.0628513
0.00564884
0.019117
0.0339162
0.0791384
0.173928
0.286875
0.00407053
0.383822
0.0489924
0.000121181
0.47795
0.00789881
0.411908
0.00105299
0.0969735
0.00818471
0.000225142
0.0443482
0.0245845
0.0111574
0.0162488
0.122043
0.172667
0.114773
0.252331
0.504287
4.16919e-06
0.00315582
0.103053
0.000437872
0.00298124
0.653454
0.00404267
0.247478
0.621172
0.00422798
0.344934
0.440081
0.0585072
0.0576674
0.146385
0.208313
0.191391
0.0321269
0.00195794
0.000790568
0.0675352
0.0804286
0.392806
0.0453065
1.22441e-05
0.000978528
0.301129
0.0030475
0.00462004
0.1931
0.244572
0.00329013
0.00358914
0.0693022
0.0368136
0.644318
0.167396
0.250156
0.477832
0.00600617
0.00171773
0.0920994
0.641121
0.538851
0.351296
0.00655798
0.242225
0.000264136
0.0209958
0.000638071
0.473426
0.450297
0.00175587
0.0244816
0.0104394
0.0478173
0.109853
0.349108
0.00046819
4.33882e-05
0.0461637
0.00053205
0.112455
0.309373
0.174612
0.0248872
0.274901
0.747973
0.320677
0.00857114
1.03757e-05
0.0948772
0.000500167
0.0154203
0.136497
0.201519
0.117774
0.00014997
0.162646
0.642791
0.000692455
0.00520557
0.265174
0.247627
0.144175
0.0269068
0.482457
0.0116247
0.125245
0.290417
0.0155881
0.150306
0.51157
0.0054879
0.000588888
0.0167415
0.000124972
0.051466
0.00450364
0.698569
0.066107
0.283845
0.234599
0.299327
0.441246
0.15175
0.290216
0.000486157
0.00919922
0.365812
0.525561
0.000109628
0.00944602
0.00893301
1.42908e-05
0.0254257
0.000136529
0.553186
0.313345
0.00216439
0.273567
0.000762925
1.85654e-05
0.000301477
6.64271e-05
0.30494
0.017057
0.0130462
4.11155e-05
0.0100555
0.263214
3.09446e-05
0.0365266
0.372016
0.00365317
0.178466
0.173115
0.569825
0.243101
0.407824
0.0194727
0.45125
0.295271
0.00134422
0.0652352
0.531179
0.118843
0.0717702
0.00655414
0.010457
0.00287347
0.0250435
0.0157803
0.116864
0.343899
0.450023
0.115793
0.00411175
0.0176034
4.63451e-08
0.368763
0.155917
0.00883739
0.550608
0.643605
0.294961
0.600861
0.120399
0.00581514
0.00187897
0.303066
0.0154398
0.0130476
0.0226582
0.00011651
0.0440217
0.00526946
1.64581e-06
8.9515e-05
0.0154802
0.187066
0.00444492
0.0272099
0.284999
0.75574
2.21944e-05
0.482138
0.00183862
0.421875
0.334453
0.509539
0.361465
0.00603038
0.304568
0.00547609
0.500177
0.00134677
0.0504615
0.214382
0.00124964
0.371364
0.0669787
0.0385098
0.00846988
0.250456
0.54114
0.0541004
0.00020875
0.387426
0.00607153
0.0311911
3.69073e-06
0.333686
0.00191152
0.0304102
0.00582208
0.227965
0.00306607
0.459832
0.00862714
0.291621
0.613658
0.240404
0.0271564
0.0276876
0.467849
0.045965
0.00452999
0.00166085
0.00873878
0.0220136
0.166751
0.369069
0.315636
9.89173e-05
0.260415
0.578927
0.00605875
0.160291
0.555829
0.275593
0.171493
0.174564
0.241547
0.00036766
0.0058598
0.00136836
0.525687
0.0313715
0.0233358
0.612578
0.000669783
2.61354e-07
0.0612594
0.512887
0.145575
0.218336
0.307634
0.000187205
0.0909308
0.142477
0.00029584
0.0648799
0.0113549
0.281144
0.241487
0.198938
0.0856598
0.249542
0.0177454
0.0262704
1.72997e-08
0.455844
0.375318
0.452751
0.0886619
0.0275557
0.00611925
0.342337
0.00541471
0.157353
0.258598
0.126763
0.470537
0.18113
0.361357
0.353163
0.240429
0.250696
0.57619
0.470705
0.0566899
0.0457191
0.125939
0.000155159
0.062652
0.0205168
0.22395
0.0242511
0.454975
0.240986
0.338259
0.141066
0.00165166
0.121303
0.272812
0.540723
0.693533
0.338291
0.0621427
0.000805036
0.0396901
0.0106321
0.17809
0.0669641
0.13756
0.312875
0.00325902
0.0378467
0.000111832
0.0188829
0.483073
0.00241404
0.00935549
0.0427578
0.28093
0.493527
0.539748
0.469089
0.305167
0.00823518
0.00970871
0.00224225
0.0535144
0.16276
0.436425
0.763545
5.37361e-05
0.000719754
0.0354978
0.455926
1.9233e-05
0.109166
2.09433e-06
0.00600353
0.544471
0.535903
0.0456469
0.0270264
0.032519
0.781376
0.353738
0.00694981
0.216549
0.0239366
0.00250479
2.04876e-05
0.010533
0.282388
0.0112524
0.490488
0.349421
0.091906
0.163951
0.344953
0.504541
0.07699
0.0292325
0.340611
0.0142812
0.283769
0.000433405
0.110828
2.9119e-05
0.234657
4.08615e-05
0.0136747
0.248763
0.00543258
0.00213063
0.0746057
0.00206557
0.000595355
0.193096
0.00355172
0.0693305
0.00757216
0.000361532
0.0635102
0.0454498
8.10499e-05
0.0129336
0.634607
0.00633912
6.55467e-05
0.116598
0.0214029
0.341154
0.00070809
0.583042
0.0093529
0.346786
0.0739014
0.00138581
0.248649
9.32023e-07
0.00301622
0.107436
0.00890978
0.00595637
0.370609
0.0563952
0.141515
0.660073
0.583295
0.706348
0.00268303
0.50587
0.314385
0.00770517
0.404521
0.0139488
0.0164192
0.00307353
0.000104464
0.0603578
0.0751162
0.290918
0.00251103
0.164587
0.0949097
0.0244834
0.00743159
0.582721
0.00194849
0.229742
0.0029829
0.279689
0.0692021
0.0041548
0.373109
0.00312267
0.24876
0.21669
0.318522
0.439331
0.00172584
0.0206031
0.483148
0.00582875
0.0220896
0.316124
0.683792
0.260288
0.0932259
0.197032
0.0195171
0.0443363
0.244863
0.0360659
0.00471738
0.0186105
0.213011
0.0014867
0.0132954
0.193661
0.002332
0.263789
0.0179971
0.304903
0.112247
0.160709
0.254689
0.0008453
4.73103e-05
0.00383639
0.18908
0.00557965
0.52442
0.0100712
0.561762
0.00041547
0.651481
0.0075847
0.274083
0.02263
2.9431e-07
0.00111478
0.0555456
0.309253
0.107717
0.408524
0.370321
0.185179
0.0141019
0.213877
0.482199
0.01045
0.00576011
0.131708
0.0184141
0.18007
0.114603
0.158373
0.0176501
0.166545
0.0524457
7.81011e-05
0.00417796
0.0618693
0.199748
0.00156584
0.578998
0.054452
0.0899256
0.369361
0.00582348
0.51125
0.174362
0.00254815
0.00484897
0.55561
0.257887
0.00620475
0.17206
0.0017981
0.225961
0.488627
0.0868234
0.0341457
0.106031
0.0117928
0.0124436
0.0611007
0.0018749
0.100459
0.206871
0.17993
0.0310542
0.000146161
0.306404
0.0504491
0.424855
0.00419194
0.148495
0.327912
0.00132452
0.000437558
0.134883
0.0041832
0.483475
0.00963551
0.00601052
0.339135
0.037648
0.000431261
0.00655144
0.0331558
0.275447
0.275991
0.455276
0.0923562
0.0146813
0.182332
0.356171
0.413178
0.110557
0.0073043
0.429199
0.00211212
0.405386
0.00139912
0.31875
0.00199925
0.0283312
0.373974
0.000434001
0.115927
0.065523
2.40606e-06
0.103688
0.0805229
0.363688
0.0742686
0.403472
0.00249564
0.0064718
0.000214829
0.504477
0.11503
0.463899
0.0188173
0.328705
0.509062
0.151816
0.00976
0.00947952
0.000409923
0.2587
7.49033e-06
0.0539801
0.273856
0.00289259
0.0396807
0.00233215
0.123708
0.0640488
0.00140097
0.784516
0.237467
0.484107
0.000643123
4.27976e-05
0.030305
0.266246
0.00772229
0.00324484
0.0712042
0.43778
0.0153571
0.138217
0.022952
0.187761
0.370901
0.144034
0.293786
0.249666
0.0030411
0.0117465
0.525548
0.0258771
0.00266764
0.376558
0.124532
0.0387477
0.209385
0.208495
0.010883
0.491883
0.163149
0.0844761
0.21695
0.240893
0.264655
0.458544
0.420108
0.0340693
0.0118303
0.0839645
0.13376
0.0263454
0.0531197
0.0022589
0.0247846
0.0062867
0.549794
0.184798
0.00177171
0.0621806
0.0100128
0.00433798
0.000193101
0.375547
0.404186
0.0229376
8.34395e-05
0.100338
0.526638
0.00170707
0.00170774
0.269978
0.000462052
0.493106
0.00278531
0.0920504
0.0297857
0.00161366
0.316081
0.00224845
0.0202406
0.431771
0.25982
0.0417746
0.00159316
0.233912
0.345098
0.405649
0.44575
0.00791773
0.0354215
0.00260345
0.172163
0.274304
0.443324
0.132367
0.00621585
0.278461
0.0308127
0.0180537
0.0363858
0.514299
0.0281782
0.0988821
0.495025
0.00338311
0.366068
0.47204
0.280132
0.00171022
0.00273973
0.262345
0.00308475
0.220958
0.394106
0.000829437
0.574702
0.138347
0.221191
0.00413309
0.0467843
0.435131
0.54879
0.291046
0.207505
0.213672
0.395571
0.00067795
0.0499059
0.00183134
0.000521073
0.00445753
0.24337
0.000676912
0.00362517
0.00421368
0.00387708
8.45281e-05
0.295277
0.627467
0.596806
0.0409616
0.374592
0.444744
0.179979
0.638558
0.13523
0.107699
0.280951
0.00266843
0.41629
0.362016
0.119385
0.0251103
0.000277042
0.443788
0.0852271
0.314011
0.00419432
0.233235
0.000824623
0.00211077
0.0110856
0.000142382
0.0106046
0.246424
0.381265
7.81343e-07
0.48748
0.703585
0.0251332
0.186731
2.72385e-05
3.30745e-05
0.315835
0.00931766
0.653919
0.00220778
0.0620089
0.000464591
0.0197274
0.452805
0.309756
0.154472
0.000167271
0.0314054
0.235988
0.00513097
0.0287739
0.165011
0.711964
0.00212082
0.0195736
0.574615
1.40662e-05
1.08962e-05
0.000774271
0.00104212
0.00150163
0.027263
0.0271516
0.395056
0.00201234
0.00180063
0.0563409
0.201766
0.0025725
0.065646
0.12072
0.324803
1.0443e-05
7.92745e-05
0.00280219
0.298734
0.0854023
0.366748
0.000143133
0.0273659
0.0162609
0.061076
0.260061
0.0389509
0.156414
0.0370396
0.0799421
8.74687e-06
0.37341
0.358797
0.289469
1.62224e-05
0.0729909
0.121918
2.34669e-06
0.474519
0.133898
0.00869954
0.00280574
0.217473
0.000306942
0.473681
0.247118
0.453259
0.310493
0.0619807
0.0843267
8.52639e-05
0.0583794
0.464683
0.0169888
0.080887
0.0285976
0.27546
0.0261985
5.99248e-05
0.000145188
0.00951586
0.00172439
0.197952
4.14868e-06
0.157753
0.215038
0.0157586
0.0155905
0.581163
0.132541
0.179193
0.172309
0.000120601
0.0167234
0.00184375
0.0032605
0.466377
0.267998
0.0394823
0.000226897
0.00597924
0.117409
0.385308
0.000171064
0.000170967
0.0157861
0.305157
0.296073
0.389271
0.526719
5.16781e-06
0.393432
0.000704277
0.271586
4.50687e-05
0.357137
0.00050127
0.0753582
0.360799
0.0117222
0.407282
2.34464e-06
0.000628454
0.104895
0.2784
0.00957213
0.00733262
0.4893
0.548495
0.522573
0.326565
0.363223
0.0076752
0.441291
0.200746
2.93239e-06
0.00687869
0.264845
0.000503768
0.179852
0.00480582
0.0145749
0.00399673
0.001819
0.0507591
0.398806
0.126788
0.44108
0.468113
0.265123
0.471296
0.061975
0.190234
0.0177415
0.0337674
0.119094
0.154753
0.513504
0.111755
7.45034e-05
0.00630906
0.00144666
0.380565
0.372097
0.0189772
2.71559e-05
0.249517
0.575056
0.0501413
0.0230285
0.00090024
0.0456688
0.0790107
0.377847
0.00262352
0.166764
0.000241682
0.00683114
0.00137676
0.000279906
3.75384e-05
0.0706369
0.000266709
0.0301452
6.39594e-08
0.00747428
0.354218
0.447387
0.000391414
0.372117
1.91109e-05
0.0591188
0.345977
0.0141073
0.0423695
0.12171
0.241937
0.00585686
0.0260105
0.0177819
0.314269
0.0290656
0.273352
0.101379
0.0327546
0.0580818
6.51059e-06
0.156785
0.149414
0.00773828
0.160986
0.159719
0.1113
0.0709472
0.442818
0.0495905
0.0400146
0.00793437
0.214167
0.501707
0.0494414
0.40714
0.142002
0.152713
0.0618958
0.0507848
0.041334
0.0744882
0.168492
0.271499
0.066216
0.508644
0.0035628
0.603861
0.00076482
0.00247206
0.0234838
0.494038
0.0584397
0.0212888
0.0792969
0.00030316
0.281932
0.196535
0.000808942
0.0156617
0.109506
0.33473
0.032852
0.0347588
0.00220517
0.0232456
0.00176287
0.00394818
0.232389
0.488754
0.501322
0.292168
0.00369521
0.047694
0.0387239
0.0911681
0.00162937
0.0186742
0.00254274
0.0408736
0.00608447
0.00616191
0.191454
0.0358576
0.10284
0.0146544
0.0766605
0.111794
0.0300871
0.282548
7.95e-05
0.24006
0.515768
0.568139
0.0209143
0.00118607
0.314015
0.480919
0.00363829
0.161222
0.0568799
0.324251
0.162731
0.281617
0.101699
4.83693e-05
0.131906
0.282441
0.000609156
0.262336
0.0019833
0.651742
0.00274219
0.0972282
0.08957
4.16091e-06
4.43094e-05
0.0229522
0.235285
0.000383778
0.202871
0.00102203
0.00428853
0.00902358
0.543501
0.0670315
0.287297
0.00187051
0.00181083
0.000586437
0.367187
0.0508922
0.421668
0.0115164
0.00269813
0.0444388
0.527031
0.209858
0.00207844
0.178554
0.000116195
0.301407
5.07452e-05
0.213677
0.237511
0.0817725
0.513424
0.635023
0.0107356
0.0437755
7.88817e-05
0.247722
0.0214599
0.437276
2.63007e-05
0.0613318
0.00074333
0.264153
8.56593e-05
0.000257813
0.00539717
0.546002
0.563622
0.00100214
0.116458
0.000857455
0.0188454
0.105029
0.0014569
0.0890207
0.000591843
0.00211547
0.000334721
0.47715
0.347911
0.00678691
0.000567938
1.00755e-05
0.000419431
0.215296
0.537247
0.0570921
0.0946881
8.6844e-05
4.02355e-05
0.00600353
0.00110714
2.65107e-05
0.225491
0.0884047
0.24193
0.215449
0.243492
0.233009
0.537244
0.295921
0.0186177
0.00955975
0.00597456
0.00185713
0.0239407
0.0130693
0.318459
6.62482e-06
0.000518502
0.386589
0.00280159
0.000455129
0.0154072
0.0333805
0.310227
0.297389
0.453658
0.292899
0.00373372
0.0829475
1.08133e-05
0.00034795
0.0980015
0.00742385
0.555823
0.459861
0.281799
0.0204131
0.286228
0.426358
0.417347
0.441886
0.000938888
0.200215
0.0813549
0.246999
0.165403
0.366089
0.173894
0.21523
0.00104479
0.00499872
0.01626
0.023609
0.000919285
0.601941
0.0325122
0.00780549
0.0070408
0.00387164
0.0172198
0.0083256
0.00863822
0.00800572
0.391641
4.64557e-06
0.0580556
0.000416522
0.0359935
0.017492
0.22777
0.0114553
0.479415
0.363726
0.000675198
0.159313
0.000783688
0.299776
0.332873
0.00234671
0.192242
5.21661e-05
0.0993887
0.00373986
0.0251089
0.211078
0.271559
0.232423
0.0450495
0.383537
0.0141014
0.291416
0.283107
0.00163571
0.215284
0.427549
0.0539043
0.000327693
0.0172041
0.0425135
0.342801
0.0449453
0.0322301
0.000681093
0.00496343
0.00442037
0.199939
0.00494624
0.000195568
0.439788
0.129712
0.271398
0.22933
0.194725
0.126754
0.0265076
0.161058
0.00250871
0.0929916
0.460104
0.492016
0.0025482
0.277271
0.668523
0.00573688
0.0167743
0.29953
0.117856
0.00718157
0.064484
0.000120918
0.0878527
0.00215505
0.103743
0.563195
0.32041
0.0371681
0.195473
0.000186038
0.310424
0.0022078
0.00116026
0.0131968
0.0473756
0.0118887
0.148893
2.25793e-05
0.014799
0.141371
0.227154
4.77858e-06
0.000313327
0.0898236
0.0409479
0.000205172
0.121021
0.165313
0.00310772
0.000808025
0.0578947
0.00807708
0.0772057
0.000432483
0.0854714
0.164495
0.0112132
0.290557
0.218878
0.000345037
0.0769881
0.209595
0.314417
0.136626
0.256353
0.042213
0.0225856
0.0339166
0.0490721
0.527164
0.459873
0.0165497
0.357209
0.0233621
0.000132774
0.000634437
0.0035152
0.0959798
0.0530427
0.349999
0.0249429
0.0466611
0.00210622
0.0203663
0.487272
0.455753
0.465458
0.0363611
0.00504685
0.0986259
0.0334361
0.0308453
0.245524
0.536374
0.511625
0.000670353
0.0687924
0.0385993
0.00367841
0.00425962
0.000504055
0.386979
0.420132
0.215354
0.0014891
0.00601906
0.0282301
0.353686
0.000371204
0.000104562
0.225007
0.0301465
0.00569086
0.657567
0.123617
0.310176
0.00196524
0.000138245
7.57578e-05
4.06755e-05
0.315135
0.000134777
0.00265307
0.339978
0.580371
0.00569817
0.344493
0.0342104
0.000201341
0.0242984
0.623687
0.190597
0.0897594
0.000324519
0.010337
0.531773
0.239796
0.353274
0.435077
0.220848
0.12276
0.0633964
0.649981
0.245416
0.151358
0.185503
0.624473
0.0305181
0.0594856
0.0417693
0.488401
0.040354
0.0135846
0.0105497
0.607162
0.00284716
0.0535415
0.354337
0.134041
0.16196
0.166884
0.0371824
0.389209
0.127416
0.321466
0.000694953
0.0313977
0.00555556
0.301712
0.0599573
0.267689
0.0557815
0.321197
0.558006
0.563018
0.00325707
0.637043
0.620083
0.00873165
0.000298449
0.0338611
0.079722
0.30484
0.000106602
0.00587332
0.0141014
0.00445977
0.00273152
0.154301
0.000301579
0.000656037
0.151163
0.201612
0.0191143
0.282425
0.135621
0.000128429
0.000110065
0.000662891
0.329501
0.0374975
0.421353
0.294858
0.0937914
0.00943117
0.0923519
0.234876
0.00140238
0.0115481
0.0022131
0.169177
0.00155165
0.246221
0.000344734
0.466956
0.724425
0.299734
0.129873
0.0247022
0.014451
0.1109
0.0374791
0.151558
0.351306
0.381113
0.000221158
0.135752
0.121029
5.42905e-06
0.0186377
0.023345
0.168893
0.0131025
0.000338879
0.00469647
0.00441276
0.348303
0.618421
0.139871
0.000142626
7.69884e-05
0.0217696
0.0563413
0.0142775
0.327239
0.0133598
1.33446e-07
0.0178628
0.00331261
0.00940526
0.00180201
0.011087
0.000881541
0.167584
1.51812e-05
0.000713215
0.0014979
0.348418
0.00182886
0.000487194
0.611099
2.69579e-05
0.194104
0.00627055
0.226857
0.0106123
0.0676422
0.0176062
0.070981
0.509838
0.020953
0.164993
0.0056908
0.000180658
0.000462326
0.0130292
0.361687
0.000217223
0.0188554
0.19311
0.000217108
5.98003e-06
0.524452
0.0679679
0.000418191
0.755159
0.00612289
0.692227
0.312231
0.00143361
0.000128834
0.00195351
0.0561481
0.0147482
0.00330102
0.0466649
0.0465206
0.0179082
0.000795398
0.485135
0.0355765
4.35299e-05
0.113599
0.119781
0.426897
0.000194969
0.00116285
0.00372049
0.0495839
0.00458037
0.199069
0.0947651
0.0576171
0.151351
0.691311
0.16129
0.45265
0.304767
0.332848
2.63834e-05
0.000227957
0.478003
0.0216494
1.43735e-07
0.000970723
0.00369346
0.0214651
3.19903e-06
0.00146914
0.116151
0.00100725
0.686876
0.000124366
0.273385
0.0433469
0.235104
0.146847
8.5503e-06
0.0603328
0.0030367
0.104888
0.000120286
0.241436
0.00632343
0.195584
0.191503
0.0672262
0.00100007
0.00222607
0.625138
0.507338
0.156627
0.0316
0.0324808
7.58184e-05
0.698619
0.155008
0.632784
0.00813716
0.00152127
0.0430918
0.491407
0.0223628
0.0288894
6.42763e-06
0.320164
0.448326
0.0186735
0.0109677
1.01138e-06
0.0170704
4.22815e-05
0.00909623
0.238771
0.396236
0.648157
0.000348093
0.142377
0.00321237
0.000631637
0.0553331
0.00207546
0.0662912
1.13087e-05
0.0840592
0.536749
0.000155861
0.362901
0.000307442
7.68317e-05
0.028714
0.00310511
0.0466627
0.00265328
0.299999
0.00975483
0.282999
0.0112261
0.00337035
0.296399
0.473003
0.0232003
0.000772322
0.447724
0.03418
0.000867942
0.0231332
0.000371512
0.261649
0.00375083
0.320068
0.00945954
0.0248182
0.431484
0.306235
0.0912384
0.249951
0.0197084
0.772036
0.2936
0.00205428
0.0316222
0.000604375
0.000439678
0.271191
0.593101
0.02756
0.0395245
5.3402e-06
0.264984
0.268895
0.401904
0.0721481
0.0613174
0.753637
0.00012376
0.470354
0.00348328
0.257087
0.0138732
0.0271781
0.00102016
0.469507
0.66676
0.00266773
0.256166
0.160952
0.0934402
0.0750793
0.00181382
0.330111
0.0780557
0.293126
0.000127829
0.0998426
0.419487
0.0117284
0.265615
0.00757324
0.0187319
0.277595
0.434859
0.488024
0.0389739
0.206041
0.0309623
0.0368048
0.0121512
0.0330849
0.0370187
0.00495784
5.71901e-05
0.000603186
0.0328159
0.105744
0.261564
0.208064
0.0135044
1.60544e-05
0.00449207
0.00291443
0.229104
0.00147692
0.509941
0.00443472
0.356471
0.0233587
0.00493311
0.350045
0.230956
0.0836538
5.52076e-05
0.0776586
0.0326689
0.666573
0.365679
0.236923
0.0051947
0.0439045
0.340667
0.272956
0.447945
0.127825
0.494084
0.0833396
0.000298146
0.00363777
0.0253157
0.31625
0.00118184
0.67986
0.009794
0.000591303
0.147355
0.0285768
0.0627736
0.133088
0.182157
0.40819
0.763496
0.0151061
0.0583745
0.00485501
1.28801e-06
0.0196279
0.075089
0.297374
0.0370517
0.000304625
0.533915
0.120008
0.182922
0.17814
0.275888
0.291835
8.64822e-05
0.445131
0.000732685
0.0300583
0.0737216
0.245551
0.0803491
0.197251
0.306634
0.00619475
0.0202462
0.0411112
0.0667923
0.392088
0.303952
0.303406
0.0563038
0.000995007
0.431021
0.074392
0.00489888
0.0203229
0.00394549
0.159896
0.0188784
0.00716429
0.342921
0.380511
0.00506433
0.16925
0.306211
0.540798
0.648268
0.636808
0.016589
0.000416674
0.289566
0.000107789
0.401182
0.00115135
0.574724
0.450471
0.0318064
0.233691
0.00050198
0.00597283
0.067118
0.0475572
0.132739
0.000666975
0.00516581
0.335212
0.109969
0.360789
0.367405
0.0100102
0.000273375
0.00461233
0.213996
0.000489917
0.0363038
0.0720019
0.260345
0.0853763
3.96501e-05
0.161211
0.0503117
0.0177257
0.131967
4.00421e-05
0.221915
0.000223145
0.15192
0.0482705
0.00230992
0.465743
0.412546
0.00434005
0.00152707
0.0182331
0.00173249
0.010539
0.037612
0.022406
0.314926
0.531839
0.291265
0.105418
8.2106e-05
0.118084
0.00124954
0.0220093
0.752351
0.425832
0.000556727
0.25943
0.0948254
0.0569451
0.634006
0.0730917
0.391036
0.00514418
0.411137
0.141667
0.53843
0.00115585
0.164904
0.473696
0.0082533
0.00417154
0.196591
0.00050735
0.00622555
0.00344765
0.295195
0.00485395
0.184376
0.21083
0.051066
0.13159
0.0760097
0.067931
0.0170844
0.386303
0.325987
0.0509538
0.00434863
0.383108
0.0306311
8.11567e-06
0.0942405
0.532578
0.185855
0.000466255
0.00806469
0.404776
0.30916
0.1993
0.227946
0.33239
5.66635e-07
0.455142
0.216833
0.070425
4.64327e-05
0.00075052
0.443134
0.021883
0.00995568
0.00383066
0.105861
0.102016
0.0856346
0.228978
0.0279326
0.0159064
0.0519823
0.345176
0.418268
0.182194
0.304249
0.107413
0.000249727
0.0231851
0.216904
0.0255649
0.600919
0.218248
0.372883
0.364596
0.140025
0.00330363
0.0966207
0.252592