0.24548
0.106213
0.0904786
0.015517
0.00337687
4.24914e-05
0.0608922
0.019504
0.450285
0.00117326
0.117629
0.000122993
0.0118975
0.0373551
0.000143458
0.0028747
0.000679403
0.395976
0.00345091
9.43779e-06
0.0299639
0.126894
0.425742
0.000890511
0.0327832
0.345579
0.0532543
0.0590751
0.0428841
0.000111428
0.000692376
0.00213142
0.184741
0.181701
0.000934219
0.533174
0.0117561
0.396122
4.68877e-05
1.66129e-07
0.346534
4.17322e-06
0.429111
1.40511e-05
0.00380199
0.000246621
0.518161
0.0210498
0.233877
0.434426
0.000654769
0.135252
0.128638
0.328877
0.032324
0.00457945
0.402805
0.346356
0.00525773
0.171488
0.000214931
0.0633307
0.141697
0.488977
0.0201343
0.0623683
0.00154688
0.0711425
0.570862
0.214746
0.359151
0.00624365
0.000441866
0.0168814
0.295554
0.0668961
0.146595
0.309849
0.0476935
0.0847493
0.000419914
0.298423
4.76506e-07
0.082258
0.186949
0.461522
0.294686
0.533822
0.00473881
0.00204694
0.012748
0.110934
0.0920938
5.08601e-05
0.0435051
0.0438091
0.00275228
0.327207
0.188058
0.644427
0.168921
0.0867233
3.06456e-05
0.034053
3.76177e-05
0.000113876
0.525572
1.10361e-05
0.0667271
0.0764228
0.36856
0.0108466
0.261226
0.0292792
0.184108
0.502543
0.000656208
0.153718
0.77463
0.118085
0.31663
0.649959
3.02189e-05
0.00138411
0.00642567
0.203588
0.0030275
0.481821
0.386851
0.141659
0.112491
0.0036711
0.158056
6.50854e-06
0.00940289
0.117475
0.0184404
0.226431
0.239602
0.373479
0.0973669
8.38581e-06
0.000314618
0.0249449
0.00931804
0.479868
1.14791e-05
0.348158
0.00181721
0.147872
0.0570222
0.00885131
0.00183421
0.321065
0.00687874
0.0130591
0.0411096
0.0003288
0.147092
0.0306401
0.296705
9.88344e-06
0.236762
0.00796037
0.354267
0.586288
0.00213855
0.318385
0.0490402
0.0451556
0.000345202
0.317082
0.0377
0.000602014
0.000531787
5.43936e-07
0.0139576
0.00500377
0.0949957
0.000468051
0.251834
8.66839e-05
0.000373341
0.0509756
0.0798829
3.78901e-06
0.0137863
0.204465
0.305802
0.269581
0.331616
0.0938875
0.0123513
0.0844701
0.118827
0.590019
0.00054393
0.329326
0.165863
0.00755945
0.0220891
0.373245
0.0024067
0.464476
0.00205866
0.0350564
0.30708
0.00023622
0.083732
0.00190736
0.216787
0.197028
0.0171159
0.246985
0.329151
0.133639
0.365538
0.00143195
0.418334
0.433506
0.312324
0.66253
2.20505e-07
0.478383
0.165989
0.0420512
0.589138
0.496439
0.182266
0.434267
0.00249995
0.00112658
0.31731
0.0446418
0.000456914
0.000314262
0.00372354
0.513431
0.108837
0.119765
4.90162e-06
0.0563246
0.423163
0.0148414
0.0984207
0.0592071
0.0273924
0.15478
0.000105565
0.011838
0.000224204
0.0479884
3.60741e-06
0.00893065
0.599957
0.291809
0.0182266
0.014899
0.067796
0.240561
0.321017
0.0229871
0.381641
0.190547
0.00142661
0.373768
0.238753
0.0444119
0.0464288
0.388573
0.0796123
0.246199
5.33232e-05
0.159538
0.0102701
0.257817
0.000347474
0.0411113
0.383821
0.517275
0.208726
0.0046454
3.09019e-05
0.000239756
0.0446877
6.6742e-07
0.00197952
0.141883
0.141212
3.09823e-05
7.9739e-05
0.00916499
8.9525e-05
0.299139
0.0215334
0.356245
3.03126e-08
0.00752576
0.190974
5.73611e-08
2.0784e-05
0.000148852
0.20539
0.48697
0.0171363
0.00165044
0.0398306
0.0276447
0.2659
0.361049
0.0255799
7.3144e-07
0.0204118
0.434316
0.174479
0.0113899
0.516936
0.0782283
0.000287369
5.37165e-05
0.213077
0.175691
0.0449177
0.653976
0.468219
0.0395712
0.317452
0.0278981
0.0171001
0.000738621
0.000398474
0.147798
0.0170106
5.82e-05
1.95717e-05
0.0263241
0.0126462
0.00302588
0.0809489
0.265408
0.326817
0.0362562
0.327241
0.205463
0.101916
0.0478327
0.00381416
0.00190987
0.000256525
0.300596
0.005078
0.00458721
0.0213808
0.00169541
0.00242815
0.529832
0.217252
0.272469
0.00064771
0.00171643
1.2916e-06
0.000497636
3.55612e-05
0.256655
0.000514685
0.536701
0.018382
0.478445
0.213778
0.0478676
0.218512
0.0149411
4.63991e-05
0.123514
0.0199328
0.0936363
0.565587
0.237688
0.469712
1.90763e-05
1.25652e-05
0.0399201
0.000432285
0.473148
0.41021
0.265336
0.104413
0.227926
0.0144859
0.00793344
6.49402e-06
0.000114258
0.139078
0.544196
0.227541
0.000818032
0.196996
0.748161
0.0544587
0.207844
0.00742021
0.0221894
0.0846485
0.00895834
0.0110426
0.0852557
0.000391506
0.111639
0.00661946
0.0762135
0.008015
0.358408
0.338731
0.000719079
0.011531
1.89765e-06
0.200293
0.415157
0.539632
0.528097
0.057765
0.17999
0.29293
0.0353909
0.291897
0.0156382
0.0340026
0.534234
0.19593
0.0210992
0.383355
0.00185976
0.352296
0.358171
0.532758
0.239454
0.26434
0.571793
0.075383
0.315099
6.23504e-05
0.0621346
6.45983e-06
0.051997
0.000755933
0.287287
0.00110697
0.027643
0.0618079
0.0730515
0.281933
0.273027
0.163504
0.293026
0.00108685
0.0111921
0.28622
0.366966
0.330208
0.29765
0.0749806
0.00339988
0.00846113
0.391048
0.314501
0.0201576
0.180627
0.245001
0.10275
0.00219487
0.292166
0.0057095
0.0494158
0.0538366
0.306914
0.0649331
0.0514876
0.205262
0.0226893
0.54012
0.370771
5.58972e-06
0.00132977
0.363838
0.0498247
0.506248
2.59326e-06
0.000149585
0.324568
0.035233
0.000334711
0.00159612
0.0574561
0.00071018
0.000302595
0.0099411
0.00161167
0.247451
0.116769
0.00694762
0.372382
9.42784e-05
0.00471619
0.322679
0.000361605
1.74398e-05
0.25331
0.000550575
0.43468
0.00086475
0.000109572
9.33244e-07
8.58512e-07
0.0442728
0.000694897
0.0145868
0.00171292
0.294067
0.100099
0.310539
0.0246672
0.0730237
0.00490145
0.0574863
0.0292838
0.0161195
0.456824
0.00238563
0.350339
0.0024593
0.0749536
0.337185
0.2506
1.93073e-05
1.37289e-06
0.000184243
0.0432557
0.00962428
0.137368
0.116053
0.249883
0.429302
0.00512419
0.00173438
1.12576e-06
0.100501
0.00312801
0.00127352
0.123603
0.0028161
0.222786
0.187355
0.00241439
0.00166261
4.65116e-05
0.0575753
0.0607617
0.00032782
0.430274
0.000443506
0.000353656
0.0126114
1.64776e-05
0.0818802
0.0134309
0.00611815
0.00391785
0.384331
0.403932
0.0581096
0.000134289
0.0124967
0.0189564
0.806586
0.000443886
0.000338363
0.0115391
0.321391
0.01414
0.485286
0.00485596
0.0532575
0.00619038
0.275533
0.00123614
0.299663
0.334699
0.0153011
0.00352017
5.50023e-07
0.000945973
0.222655
0.00123869
0.0671127
0.032538
0.0917668
0.0239044
0.186701
0.550759
0.0476371
0.125699
0.0083425
0.0506741
0.00406248
1.772e-05
1.0655e-06
0.606828
0.602351
0.534402
2.15906e-06
0.0152139
0.0337569
0.00153448
0.000692346
0.00261203
0.308418
0.00387523
0.00453335
0.118439
0.000434729
0.00046771
0.351514
0.00220552
0.586787
0.00207553
0.000576819
0.000597898
0.121758
0.0136675
0.363381
0.525306
0.424731
0.00193622
0.263764
0.109066
8.39754e-05
0.00442911
0.592678
0.0281033
0.0194084
0.248798
0.106573
0.312939
0.00416408
0.00651453
0.185296
0.414361
0.191591
0.149663
0.150552
0.0825941
0.474493
0.00731759
0.101418
2.41488e-05
0.361743
0.000608605
0.271398
0.03724
0.000874438
1.93556e-06
0.3439
0.000556976
0.385467
0.554726
0.0614748
0.0065734
0.0154563
0.268646
0.192471
6.72218e-07
0.740825
0.319689
1.43214e-05
0.260815
0.591882
0.173181
0.326115
0.277952
0.0377391
0.2593
9.21036e-09
0.467733
0.0528418
0.00347521
0.455952
3.05635e-05
0.346791
0.00219429
0.345512
0.0343085
0.0182947
0.00594987
0.0213832
0.00725775
0.213611
0.155525
0.0108892
0.00246233
0.00104061
0.0073852
0.199314
0.0427562
0.00380717
0.0572317
0.317338
0.277419
0.00483232
0.268503
1.29366e-06
0.00171662
0.000836053
0.0204378
0.103087
0.011838
0.509379
0.140381
0.286119
0.0474172
0.0429409
0.0235823
0.000647495
0.000194936
0.00396162
0.119922
0.44298
0.000295194
0.510742
0.093421
0.0432809
0.441938
0.0248253
0.0644987
0.00507318
0.100118
0.555855
0.272321
0.313741
0.000468536
0.318549
0.0470533
0.172837
0.0663825
0.0255514
0.361478
0.00644809
0.282166
5.99368e-07
0.0160151
0.201757
4.16443e-06
0.0283653
0.00670685
0.00375431
0.0515454
0.212367
6.20436e-05
0.0041265
0.101424
0.21682
0.541711
0.0703501
2.98241e-05
0.000757837
0.000216652
0.0085232
0.263451
0.320636
0.00419811
0.34396
0.743231
0.089754
7.1285e-05
0.199818
0.0147916
0.488767
0.0219986
1.20532e-06
4.94047e-07
0.00163821
1.21752e-05
6.6365e-06
0.0869436
0.0873094
0.0462744
0.0674809
0.217666
0.310516
0.40196
1.31836e-05
0.00185897
0.0747048
0.719784
0.0434274
0.362692
0.00112249
0.625888
0.18179
0.632826
0.408222
0.00151348
1.67763e-07
0.208171
0.000127375
0.48506
0.372005
0.273885
0.208383
0.0524808
0.6529
0.225228
0.577415
0.114494
0.104149
0.386798
0.0126233
0.00475992
0.225468
0.609071
0.551063
0.284861
0.405222
0.000389441
0.0248417
0.00794208
0.207705
0.227495
1.76353e-06
0.471181
0.0725961
0.298063
0.0170175
0.0454902
0.194266
0.390551
0.214993
0.233521
0.344895
0.315119
0.000895785
0.00422514
0.245081
0.000194535
0.00530012
0.0194493
0.316164
0.47778
0.00477036
0.188265
0.00723096
0.157939
0.0835267
0.0752008
0.00493149
0.00345392
0.715304
0.0862776
0.0537623
0.000627113
1.9812e-05
0.00112476
0.00343729
0.00500781
0.139162
0.0185581
0.00181569
0.530474
0.297456
5.56956e-05
0.000429236
0.339579
8.86774e-09
0.134344
0.00691088
0.0622317
0.009249
0.00172801
0.292719
0.393498
0.210471
0.0087353
0.308112
0.190618
0.0155455
0.000243671
0.240602
0.19726
0.588328
0.570466
0.245877
0.0439439
0.0498577
0.134314
0.411795
0.000531572
0.10522
0.396414
0.0655557
0.327373
0.0400739
0.472482
0.00108776
2.17282e-05
8.89641e-05
0.0439937
0.461078
0.00447233
0.00549747
0.00120958
0.00341401
0.442892
0.134289
0.436569
0.17897
0.00372604
0.00983752
0.536814
0.00659892
0.033239
0.00673164
0.0188254
6.15133e-08
0.00968209
0.032197
0.0309645
0.337881
0.462903
0.00295811
0.00171139
0.0109085
0.125177
0.0152123
0.475938
0.18621
0.000632818
0.303041
0.0574339
0.00175032
0.139318
0.0471418
0.0727274
0.548818
0.241263
0.320577
0.0225316
0.0158382
0.000935932
0.000855441
0.501145
0.00436709
0.274121
3.98323e-06
0.224364
0.273265
0.292112
6.25517e-05
0.335543
0.0331874
0.424202
1.73608e-05
0.013341
0.0419088
0.00398947
0.000347107
0.0105962
0.353843
0.0289695
0.00348916
0.000950769
0.0084034
0.0262906
0.00145562
0.283278
0.000162653
0.301139
1.36532e-05
0.00237742
0.0127501
0.0100831
0.00383283
0.139811
0.217753
0.388611
0.000507902
0.0108358
0.0271435
0.0197488
4.48279e-06
0.0150558
0.00786458
0.000198859
0.0803006
0.000232348
0.737073
0.331175
0.0133619
0.149334
0.00149465
0.0760119
1.58902e-05
3.40749e-06
0.0248272
0.133011
0.0662512
0.00749383
0.00289844
0.000183405
0.383074
0.244082
0.08109
4.23474e-05
0.00130901
0.346591
0.000386353
0.28747
0.234546
0.0107271
5.68055e-05
0.0725833
0.336673
0.00154615
0.024693
0.0861244
0.160705
0.0432099
0.00293428
0.00365036
0.000287646
0.000414921
3.40014e-05
0.00869425
0.00597711
0.734886
0.615834
0.0902516
0.149658
0.190396
0.0736467
0.0710974
0.247792
0.331853
0.000520716
0.631282
0.367464
0.0203917
0.0719629
0.459139
0.164293
0.000112857
0.003975
0.111539
0.619367
0.00206659
6.69144e-06
0.000354884
0.000299869
0.0274459
0.582193
0.253579
0.00658928
0.00680575
0.304354
0.443634
0.000783118
0.466005
0.42886
0.00899128
0.00215023
0.000152105
0.000108669
0.159985
1.36854e-05
0.000547627
0.00102851
0.203264
0.0876443
0.454018
9.0354e-05
0.00083623
0.00143918
0.0217698
6.33175e-05
0.0170915
0.476319
0.00671065
0.00822389
0.158446
0.000397443
0.127296
4.43382e-05
0.0878278
0.00589979
0.00208652
0.126157
0.290343
0.279595
0.0235265
0.00038128
2.30724e-05
0.131927
0.543053
0.0178091
7.68791e-05
0.156661
0.00455846
0.227135
0.00480154
0.0280742
0.110454
0.0338991
0.00933716
0.0812211
0.34037
0.073113
0.143657
0.000334557
0.232314
0.0196511
0.0967381
0.0135176
0.067076
0.452048
0.0546324
0.0532457
0.033094
7.58259e-05
0.166795
0.000129673
0.168378
0.355569
0.521398
0.0605227
0.357108
0.0122115
0.187386
4.65227e-05
0.0272447
0.152029
0.362236
0.00468101
4.13862e-05
0.000172574
4.73088e-06
7.40805e-05
0.363264
0.081968
0.425853
0.199801
0.174637
0.31976
0.32104
0.226883
0.00522533
0.0795574
0.000684303
0.261412
0.109657
0.183524
0.281912
0.328185
8.94529e-05
0.00331604
0.00368759
0.415026
0.0194623
0.272094
0.36967
0.377257
0.362099
0.62336
0.0192998
0.00538343
0.23009
0.269163
0.0111573
0.302049
0.000361172
0.154356
0.110942
0.221243
0.443055
0.161759
1.15585e-05
0.00676848
0.00625011
0.272751
0.0819624
0.000826132
0.270127
0.0939668
0.006615
0.0104672
0.00937478
0.372161
0.00789575
0.000151064
0.00383332
5.55332e-05
0.00691182
0.392506
0.0159324
0.639879
0.129774
0.321596
2.94993e-05
0.21204
0.00102618
0.651321
0.468291
0.287546
0.00590783
0.0426961
0.151857
0.229679
0.000140534
0.0130984
0.0295554
0.0554192
0.225561
0.000615416
0.42556
0.144356
0.183662
0.128148
0.345661
0.313575
7.91872e-05
0.658893
0.589765
9.99648e-05
0.0958289
8.75374e-06
0.000760364
0.0637869
0.0379571
8.49721e-06
0.736149
0.231395
0.000455837
0.137569
0.217763
0.490079
0.496769
0.000629953
0.0931855
0.0689884
0.316681
0.587712
0.777896
0.0139367
0.0346874
0.229382
0.00782913
0.236522
0.0958945
0.0236304
0.334416
0.0101928
0.0560457
1.15171e-06
0.00664148
0.246248
0.0810265
0.0997558
0.0872833
0.300832
0.3027
0.0397076
0.376734
0.0346996
0.0409243
0.000900476
0.546519
0.000301064
0.230522
0.611792
0.58751
0.242253
0.196966
0.393298
0.294645
0.00181106
5.19323e-05
0.000130221
0.0290212
0.136797
0.0209244
0.0318655
0.000655848
1.55536e-05
0.264338
0.0826872
0.183784
0.538561
0.143228
0.0108031
0.0259934
0.294303
0.000135754
0.284449
0.225014
3.10829e-06
0.000703446
0.386024
0.478343
0.0018445
0.0536704
0.092849
0.337672
0.0209419
0.0710947
0.0386124
0.0146166
6.72815e-08
0.00176645
0.503859
7.23182e-06
3.81707e-07
0.0994505
0.0224429
0.355238
0.373486
0.2446
0.336026
0.00775713
0.201979
0.036458
9.18064e-07
0.0340396
0.123967
0.331459
0.182244
0.000950179
0.082478
0.290182
0.00059159
0.168793
0.00938499
1.06715e-05
0.302073
0.000924745
0.123173
0.54446
0.0115263
0.00382268
0.126117
0.718914
0.146762
0.136823
0.000175526
0.404415
0.00519136
0.0707586
0.785603
0.000231993
0.406799
0.515612
7.76267e-05
0.0047542
2.01004e-06
0.0698999
0.000169191
0.0037773
9.48186e-05
0.0343524
0.0273965
0.00282272
0.108377
0.0109701
0.000837719
2.70699e-05
0.132591
0.112797
0.158859
0.151627
0.0359756
0.297572
0.300246
0.00806191
0.187312
0.537626
0.0851407
0.0296098
0.0634148
5.93494e-06
0.0015342
0.394054
0.00155752
0.513582
0.295752
1.18112e-06
0.720127
0.0132213
0.111591
0.275954
0.0234147
0.000331045
0.0201876
0.599427
0.0305878
0.359601
0.223936
0.0343717
0.286371
7.79353e-06
0.049901
0.000817238
0.0363877
0.0131416
0.029774
0.00111306
0.699766
0.0149827
0.0232031
0.00176243
0.0321087
0.321783
0.00113867
0.0278182
0.000136954
0.346556
0.000101568
0.138895
0.0267788
0.0206882
0.351098
0.00566419
0.0594646
0.00614826
0.0585896
0.0497663
0.0633321
7.53833e-06
0.369026
0.00962089
0.071007
0.00256953
0.00368397
0.565186
0.00193139
0.276335
0.0649404
0.437241
0.183241
0.0315309
0.00027395
0.000177934
0.012106
0.322618
1.51938e-05
0.548496
0.312809
2.56569e-05
0.655014
0.180288
0.266353
0.554956
1.66931e-05
0.208013
0.189793
5.00293e-06
0.115659
0.140655
0.247179
0.0222376
0.0289082
0.434567
8.45355e-05
0.0138396
0.631801
0.412544
0.421228
0.208488
7.68017e-06
0.113843
1.37465e-05
0.00331399
0.180028
0.417311
0.607263
0.383527
0.0494596
0.024142
9.54413e-06
0.00747085
0.376552
0.00637258
0.0862806
0.0888926
0.00168739
8.38097e-06
0.696367
0.140343
0.691409
0.197819
0.0771563
0.311271
0.000246899
0.157879
0.00420975
1.87687e-05
0.0609476
0.175371
0.352079
0.000677328
0.0601511
0.0986882
0.427525
0.00391591
0.0070068
0.0989823
0.000336011
0.061764
0.146938
0.00480974
0.251797
0.262801
0.000243162
0.0383909
4.59718e-06
0.0284872
0.238411
0.06145
0.142611
0.0920115
0.408947
0.0261567
0.382058
0.0110119
0.180453
0.410758
0.00189859
0.00834051
0.364627
0.000338771
0.0371197
0.728201
0.340451
0.311325
0.100434
0.000301498
0.0330993
0.000693465
0.0940777
0.245979
0.0443382
0.00551201
0.316206
0.0574707
0.183306
0.00632729
0.00992987
0.126851
0.0365552
0.151881
0.0163817
0.0720629
0.0209338
0.111541
0.0502348
0.491464
0.0357112
2.84043e-05
0.000916513
0.0011997
0.00628179
0.514605
0.699001
0.166218
0.0608671
0.320364
0.152124
0.0123013
0.0657003
0.29976
0.319145
0.505521
0.255876
0.000370481
0.169232
0.528859
0.140248
6.3715e-05
0.0128767
0.393547
0.308796
1.11021e-05
0.306099
0.00974832
0.0429876
0.1302
0.00182874
0.00785129
0.105294
0.386455
0.0208758
0.0247297
0.136674
4.06343e-05
0.057006
0.246112
0.000255422
0.0492386
0.36008
0.00026767
0.483694
0.460001
0.0932948
0.00554638
0.024884
0.653238
0.0606722
0.635197
0.229054
3.54757e-07
0.366241
0.111638
0.123084
0.15683
0.0418071
0.720111
0.00364257
0.514266
0.0974177
0.0212574
0.449304
0.241038
0.00929419
0.422597
0.0137741
5.34489e-05
0.00506214
0.0720718
3.34378e-05
0.000208454
0.0691773
0.101744
0.0449337
0.275569
0.0721505
0.397625
0.0467414
0.145094
1.89054e-05
0.127893
0.0693405
0.00528155
0.0775203
0.297278
0.380356
4.14855e-09
0.0689473
0.00497839
0.0050675
0.0449504
0.000250532
0.342247
0.000111056
0.0903643
0.11131
0.292677
1.44082e-05
0.0138067
0.306538
0.0425289
7.22388e-07
0.0336863
0.0106146
0.027255
0.0114748
0.33626
0.000102809
0.000120997
0.0780033
0.340128
0.207401
0.00485678
3.14472e-05
0.00414112
0.0145186
0.138869
0.357114
0.00253975
0.244046
0.176491
0.286849
0.240678
0.268425
0.527328
0.0440966
0.127652
0.0896496
0.000360747
0.0119484
0.000695921
7.12898e-06
0.064186
0.000198068
0.0186024
0.400779
0.00120221
0.197163
0.0899286
0.000137509
0.477865
0.000459924
3.56434e-05
2.68215e-05
0.0477751
0.119434
0.378621
6.39725e-06
0.0150516
0.323806
0.34533
0.00495363
0.000791242
0.0403786
0.0261108
0.000175338
0.180207
0.424065
0.0243212
0.388457
0.417174
0.00428843
0.0111743
0.0110965
0.00898536
0.000124126
0.632182
0.00806526
0.000407219
0.167711
0.121445
0.000270513
0.297595
0.284
0.0190469
0.425004
0.013075
0.276229
4.91538e-05
0.000929631
0.00102961
0.000234952
0.095019
0.0344308
0.0200491
0.500936
0.224487
3.35849e-06
6.23396e-05
9.84228e-06
0.0279275
0.320736
0.396951
0.0123556
0.116377
0.0311446
0.00575999
7.46146e-05
0.00758736
0.0691992
0.0942854
0.669547
0.0130564
0.532904
0.282246
0.482235
0.105479
0.145997
0.165599
0.00641656
0.00458385
0.286963
0.265016
0.0838414
0.0063497
0.198894
0.307362
0.000137847
0.320046
0.00561549
0.000114154
0.101478
0.0373099
0.199044
0.226787
0.161768
0.472223
0.083563
3.84924e-05
0.012942
0.366457
0.0574203
0.222039
0.00217672
0.135083
0.0176191
0.17473
0.00746373
0.422801
0.223194
0.495699
0.00140901
0.271036
0.181559
0.00111434
0.000882934
8.71526e-05
0.352363
0.0506816
0.587524
0.467801
1.18781e-06
0.35218
0.0740592
0.00402216
0.00107426
0.0400444
0.0833484
0.555747
0.582718
0.00175006
0.000169361
0.0106757
0.00419285
0.592989
0.294487
0.553784
0.189037
0.000406884
0.00870458
0.0104192
0.498998
0.0222129
0.110489
0.3526
0.00118796
0.392076
0.41055
0.02402
0.29515
0.0433718
0.278654
0.0654884
0.0107917
0.206939
3.50523e-05
0.618365
0.00827797
0.0683684
1.07251e-07
0.0286881
8.67408e-05
0.00020805
5.68421e-05
0.158421
0.0118451
0.203858
0.331301
0.019882
0.649509
0.0282128
0.224222
4.56816e-05
0.319554
0.611356
0.0763529
0.190192
0.422265
0.0185591
0.000280045
0.107502
0.0609841
0.58155
0.388316
0.143726
3.98589e-05
2.64867e-08
0.0018976
1.4956e-05
0.438187
0.604969
0.209951
0.553522
0.482374
0.0213687
0.000521366
0.162259
0.00152202
0.289524
2.0922e-05
0.000372342
0.01754
0.00602961
0.00399311
0.419775
0.00175896
0.0862874
0.0313135
0.00669122
0.00162682
0.152288
0.281685
0.508569
0.00442546
0.0554928
0.570791
0.0907457
0.283438
0.00476842
0.0647288
0.000334987
1.02916e-06
0.00388952
1.4717e-05
0.0397209
0.049421
0.000221329
0.338281
0.000509501
0.00343988
0.595195
0.000479027
0.270847
0.0161062
0.258459
0.152442
0.0167478
7.51716e-05
0.0383178
0.0459911
0.154268
0.276
0.475685
0.0852447
0.196488
0.547682
0.179189
0.521954
0.00301595
0.0519866
0.431679
0.379503
0.0009348
0.444043
0.0170893
0.246029
0.309611
0.114672
0.128583
0.453727
0.25171
0.479638
0.0165706
0.77107
0.00311386
0.307962
0.0344713
0.157831
0.000322587
0.420734
0.245247
0.104749
0.0036071
0.00202147
0.000364021
0.00222713
0.0764821
0.225617
0.492074
0.32385
3.00617e-06
0.0247043
0.00154646
0.158931
4.13255e-07
0.00297951
0.000214055
0.102728
0.00194524
0.573517
0.0135523
0.00470986
0.167778
0.0126938
0.00276494
0.0192223
0.514945
0.00024025
0.00129607
0.342305
0.319446
0.00307574
0.417523
0.00568752
0.365216
0.000165133
0.21467
0.0232722
0.551025
0.311146
0.315969
0.00119504
0.000683719
0.233653
0.00490278
0.0214468
0.482739
0.229964
2.2137e-05
0.105164
0.209055
0.308156
0.000524815
0.225635
0.442865
0.212153
0.000270312
0.0255555
0.0745009
0.23259
0.0165543
0.00775966
0.360536
0.12941
0.0003976
0.20975
0.135496
0.00422721
0.782921
0.27219
0.0985914
0.0761127
0.470497
0.340659
0.59495
0.291232
8.66455e-05
0.127648
1.40087e-05
0.00341084
0.0888541
4.00653e-05
0.106112
0.000325272
0.00400445
0.231525
0.0168822
0.00110219
2.52321e-07
1.74002e-05
5.80405e-05
0.000566748
0.000183222
0.00136013
0.13931
0.0285148
0.0412071
0.00163066
0.0542619
0.000134547
0.00880441
0.20543
0.210377
0.315066
0.00353101
0.621478
0.00227192
2.52101e-05
0.315423
0.00720789
3.20054e-05
0.132256
0.151966
0.0101361
0.0382681
0.10582
0.118434
0.0767498
0.00117393
0.360808
0.000335878
0.0196525
0.0615456
0.335519
0.0545886
0.241675
0.0433734
0.382285
0.0282427
1.44216e-06
0.00161413
0.0116367
0.0186887
0.0746355
0.00216488
2.72572e-05
0.00732175
0.00566667
0.034018
0.214374
0.00126744
0.00532695
0.00372435
0.276846
0.13791
0.0110793
0.027215
0.0914794
0.00269051
2.19229e-05
0.172747
0.00280081
7.92005e-05
0.22338
0.000566143
0.000221409
0.496126
0.0289138
1.05127e-05
0.302802
0.00277523
0.30609
0.197215
0.257048
0.0289237
0.0111066
0.222076
0.534974
0.47406
0.00837592
0.0912256
0.000320053
0.221776
0.0970232
0.0156463
0.00306353
0.000286626
0.267063
0.158875
0.000237776
0.446936
0.0328577
0.0625617
0.379703
0.00250638
6.07064e-05
0.00994166
0.561763
0.0690844
0.26677
0.306666
0.423621
0.000104356
0.0260094
0.000644935
0.693751
0.00575782
0.298114
0.0886553
0.397233
0.000164096
0.098685
0.000221868
0.362534
0.0667125
0.00598386
0.00313398
0.0736695
0.0143576
0.245612
0.0432291
0.312323
0.147774
0.00500871
0.140294
3.5709e-06
0.00436339
0.471453
0.00350536
0.194424
4.03496e-06
0.00103701
0.145148
0.659027
7.49814e-07
0.000184642
0.0638304
0.394954
0.269314
0.288071
0.000271077
0.388617
0.0176092
0.000258254
0.0170273
0.498385
0.137702
0.000467724
0.000629981
0.000968951
0.00037718
0.0852132
0.00746517
0.180603
4.659e-06
0.00520351
0.0747641
0.0701414
0.0449288
0.0546812
0.190797
0.00284373
0.571505
0.000265732
0.000127608
0.0928516
0.00233908
0.0559832
0.0481806
0.078045
0.186529
0.0631089
1.05281e-05
0.00425158
0.204655
0.00737081
0.243713
0.159401
0.661824
0.253349
0.0386084
0.00413001
0.429969
7.32196e-05
0.000180735
0.16539
0.231752
0.00904291
0.496458
0.484454
0.0195854
0.313787
0.278733
0.000272402
0.0631422
1.85521e-06
0.284446
0.0683826
0.325509
0.354686
0.00675612
0.418789
0.0661498
0.000272578
0.0442522
0.0171718
0.00799137
6.47355e-05
0.489215
3.33452e-06
0.429514
5.35313e-06
0.000236344
0.0400685
0.00556001
0.209223
0.401163
0.257016
0.248779
0.0159994
0.00107341
0.000657746
0.0559238
0.0366198
0.000422796
0.00510033
0.30159
9.53704e-05
0.00880384
0.363899
0.281922
0.207648
0.467801
0.0198388
0.267036
0.00279639
3.29338e-06
4.19762e-06
0.315709
0.000205515
0.0202975
0.00349872
0.000982586
0.0543041
0.166229
0.0120382
0.584875
0.0844312
2.05728e-05
0.0236111
4.05115e-05
0.164888
0.348177
0.0276982
0.00124043
0.0102753
0.529803
0.363165
0.146563
0.51358
0.140742
0.00924251
0.0583041
0.00682161
0.0374989
0.420046
0.302382
0.386773
0.067612
0.172827
0.0559321
0.409492
0.00100113
0.552465
0.114074
0.369992
0.00221559
0.273239
0.00237891
0.00014238
0.0345629
0.323835
0.00106091
0.00112579
0.00023866
0.0591546
0.137376
0.0154514
0.0935155
0.000548841
0.027755
0.0260746
0.0332904
0.106877
0.195535
1.94392e-05
0.0497569
0.0219813
0.504768
0.0166403
0.00298169
0.35932
0.0317049
0.00576456
0.454044
0.633015
0.256584
0.114467
0.419685
0.0271875
9.58219e-05
0.255737
0.0341004
0.058826
0.0457934
0.00113475
0.0148304
0.21436
0.0351831
4.02296e-06
0.000911167
0.0295427
0.320298
0.186664
0.0103511
0.0464457
0.00570074
0.00104936
0.00263277
0.453909
0.034042
0.365034
0.307818
0.0602423
0.00494168
9.7218e-07
0.128446
0.295802
0.0750371
0.00097092
0.0546314
0.28585
0.258362
0.244669
0.162675
0.00047268
0.00134738
0.324719
1.89854e-06
0.451854
0.0664014
1.39404e-05
0.00155418
0.000729363
0.168083
0.17267
0.386716
0.000734863
7.70649e-05
0.0196206
0.0263646
0.118921
0.369249
0.205724
0.0851362
0.186462
0.248424
0.121315
0.371557
0.0864575
0.00215007
0.134531
0.143962
0.0923836
0.00147185
0.00627006
0.0264152
0.00296507
0.266602
0.00130979
0.0766693
0.551449
0.0157269
0.364405
0.158151
0.0239512
0.46212
0.260429
0.496817
0.00952976
0.0266124
7.59628e-10
0.00637789
0.137421
0.0173342
0.236647
0.000260716
0.000838424
0.415939
0.00187604
0.0324059
0.420693
0.0846537
2.32378e-08
0.0639651
8.11144e-05
3.09345e-05
0.0128563
0.000220082
0.0952249
0.411928
0.0088583
0.140796
0.015053
0.0648263
0.000366292
0.296327
0.155525
0.226967
0.339569
0.000151815
0.00331711
1.01203e-07
0.00548776
0.000161108
0.00180471
2.83805e-05
0.304
0.283568
0.00765645
7.63524e-05
3.14333e-07
0.061324
0.0189205
6.66259e-06
0.275523
0.157722
0.0725758
0.0424457
0.0250428
0.0982539
0.00840733
0.00944394
0.276247
0.325319
0.421336
0.163815
0.0256491
0.0750459
0.0708462
0.00834997
0.477032
0.128979
0.0152959
0.0282529
0.471083
0.0487853
0.100187
0.0903688
2.6172e-06
0.626055
0.361422
0.0299482
0.0937873
0.232808
0.0372915
0.044569
0.0771768
0.011691
0.452369
0.0302397
0.550918
0.428321
0.018181
0.000406423
0.00134311
0.0116641
0.40842
0.0199388
0.0265586
1.10349e-05
0.272916
6.3733e-05
3.00241e-05
0.32063
0.193789
0.0414301
1.45518e-06
0.193989
0.0311026
0.135531
0.0632273
1.60152e-05
0.343489
0.00764275
0.0125659
0.157441
0.336229
0.00614242
0.000417039
0.140281
0.255589
0.00644975
0.522246
0.167243
0.0241546
0.374708
2.40403e-07
0.329071
0.144789
0.00200641
0.0346652
0.0245149
0.399636
0.883884
0.000454047
0.423077
0.0132834
0.00201069
0.13807
4.65568e-05
0.23341
0.151455
0.00707995
0.00158963
0.0995675
0.36494
0.602754
0.00140282
0.000772684
5.46572e-06
0.036913
0.547111
0.023127
0.0145937
0.0524783
0.302062
0.000597331
0.269701
0.0178468
0.0127049
0.00087074
0.122572
0.267188
0.555374
0.326913
0.00103422
9.77844e-07
6.29881e-06
0.195788
0.0653181
0.0284286
0.0984485
4.96032e-05
0.012393
0.269398
0.000215894
0.821324
0.082229
0.00817957
0.0263895
0.00573752
0.00340737
0.239725
0.113165
0.549881
0.000139782
0.0022366
0.122037
0.45706
0.27193
0.0132746
0.342323
0.220614
0.0327752
0.00201321
0.298855
0.0361994
0.193783
0.396456
0.300819
0.20214
0.000104969
0.247791
0.34322
1.23195e-07
0.0530667
0.335701
0.318578
0.284887
8.59961e-05
8.68708e-08
0.00370932
0.000945985
0.02379
3.38157e-05
0.704395
0.666529
0.00951157
0.0144756
0.00333757
0.512423
0.00312591
0.341976
0.0251124
0.177785
0.0319191
0.0569968
0.0152402
0.396962
0.0932515
0.00870203
6.20789e-05
2.18351e-06
0.367127
0.0194737
0.138885
0.00326359
0.0232944
0.274312
0.0152787
0.375584
0.130973
0.278635
0.000247355
0.334783
0.00201515
0.0448958
0.0545032
3.73608e-06
0.286277
0.369942
0.0648341
0.000119983
0.00137853
0.0506778
0.570818
0.000512728
0.0213064
0.000119343
6.71013e-05
0.173546
0.111837
0.0042098
0.0042397
0.0664031
0.167926
0.0678031
0.268947
0.0806707
0.23742
0.00666121
0.378517
8.23524e-05
0.0533865
0.271209
0.00917367
0.00108634
0.000913115
0.0022528
0.54228
3.16697e-05
0.447778
0.0429756
0.0822277
0.209499
0.0777654
0.620838
0.340702
0.107108
0.00125465
0.0534055
0.0556761
0.000482902
0.394148
0.205719
0.00199042
0.0209538
0.176691
0.669924
0.000460023
0.0947718
0.235745
0.0309464
0.295301
0.00123312
0.063142
4.63695e-06
0.315831
0.00113921
0.000419946
1.99274e-06
0.431627
0.416516
1.60278e-05
5.39595e-05
0.000450139
0.4481
0.24806
0.0635353
0.0445322
0.530862
0.387442
0.0313322
0.00531901
0.435006
0.0676275
0.0560214
0.402906
0.0124527
4.3231e-05
0.00575102
0.0989566
0.557138
0.0876574
0.243762
0.697443
0.238489
0.0142449
0.238219
0.462261
0.441407
0.0316685
0.00145978
0.00170806
0.555135
0.0107753
0.020756
0.158269
0.0981969
0.0551053
0.197212
0.00139982
0.772363
0.174442
0.00907189
5.88058e-05
0.0799215
0.00245261
0.0798475
0.255814
0.415459
0.226173
0.393902
0.000229045
0.0009952
0.424169
0.0721851
2.02383e-09
3.28743e-07
0.510149
0.00644532
0.48215
0.0197864
0.185476
0.139215
0.451538
0.418003
0.0337922
0.000369211
0.148104
0.746215
0.266294
5.50488e-05
0.365653
0.000726154
0.000109782
0.359199
0.0358415
0.623109
0.137946
0.162703
0.0510693
2.02679e-06
0.0200379
0.518148
7.43274e-07
0.55966
0.417616
1.67107e-06
0.0628712
0.404591
0.715068
7.02844e-06
0.00187277
0.00243002
0.553756
0.121743
0.293017
0.455888
0.488897
0.515906
9.58846e-07
0.0201229
0.000292401
0.00878124
0.000164802
0.0127361
0.168478
0.00115476
0.546243
0.282134
0.0032804
6.73566e-05
0.206524
0.388192
0.328672
6.23173e-05
0.0801914
4.03992e-05
2.00508e-05
0.0416557
3.27013e-05
0.508548
0.340297
0.0669909
0.00176239
0.0124774
0.000590812
0.295652
0.0700264
0.0150472
0.0644405
0.167023
0.488537
0.274431
0.00126149
0.208796
0.00398961
0.00794161
0.0191748
0.00171472
0.00389824
0.0325836
0.512974
0.0535655
0.0300064
0.100359
0.000136621
1.11346e-05
0.000856973
0.0599189
2.04253e-07
0.498973
0.0280387
0.116767
0.31004
0.0374244
0.278505
0.0655571
0.0915228
0.180617
0.0189972
0.0168459
0.260874
0.346959
0.493451
0.000322165
0.0839574
0.00483262
0.280025
2.65563e-05
0.000640363
0.000260105
0.206158
2.67392e-05
0.117995
0.00861893
0.348124
0.495603
0.00118145
0.0109672
0.0180504
0.00690217
2.01085e-05
0.0228669
0.260926
0.068317
0.00122703
0.00775924
0.142666
0.0645035
1.97546e-06
0.190974
0.226159
0.0485637
0.0301815
0.160377
0.000520058
0.154683
0.000608319
0.0727952
0.000858493
3.31485e-06
0.562877
0.460017
0.000255122
0.0765541
0.201797
0.00496688
0.0160822
0.24196
0.00447763
0.569174
0.402306
0.556073
0.193503
0.0277352
0.266696
0.173062
0.0323856
0.0921451
2.20139e-05
0.0196594
0.30232
0.00199769
0.121572
0.00712686
0.0304512
0.127773
0.0323689
0.444478
0.0759974
0.0384729
0.38647
0.0247315
2.3327e-06
0.181101
0.0224303
0.00399834
0.00305905
0.47658
0.163349
0.703291
0.240571
0.260919
0.0965536
0.382526
0.332931
0.0498987
0.0364065
0.104688
0.0198264
0.0185191
0.00918933
0.0426722
7.2241e-05
0.00225708
0.289839
0.0174058
0.0839957
0.290443
0.0947819
1.93835e-06
0.0360838
0.00250323
0.00024487
0.486149
0.342552
0.712176
0.291031
0.00226651
0.222337
1.77864e-05
0.00232971
0.161469
0.380497
0.0278107
0.12441
0.430514
0.00754257
0.336783
0.334621
0.00121629
2.76362e-06
0.13863
0.00200802
0.626042
0.289252
7.42315e-06
0.0326161
0.38149
0.226706
0.000570267
0.307878
0.0264558
0.00203382
0.337619
0.0313983
0.0735698
0.0531838
7.52169e-05
0.00303758
0.120385
0.0351085
0.00354538
0.0230135
0.38429
0.0692956
0.183137
0.306
0.0521125
0.00553757
1.9264e-05
4.45536e-06
0.195013
0.203551
0.379771
0.000209923
0.0687981
0.172491
0.531583
0.248912
0.411251
0.0499265
0.168312
0.182315
0.0453851
0.0863393
0.00317792
8.64728e-05
0.491284
0.0548662
2.20804e-05
0.000318082
0.345074
0.30707
1.97348e-06
0.201959
0.253662
0.469018
0.416608
1.01252e-05
0.000152585
0.00876345
7.19447e-05
0.0293708
0.0830478
0.163202
0.0656138
0.361434
0.0996174
0.0678342
0.122156
0.0177738
6.89105e-06
0.179157
0.00787626
0.00379585
0.0144745
0.00128037
0.325635
0.058297
0.111276
0.306138
0.00562479
0.130317
0.00904022
0.0131586
0.124255
0.548175
0.0471069
0.142362
0.00885308
0.00223563
0.0837637
0.0506988
4.20806e-06
0.000928877
0.0185398
0.000803498
0.710461
9.89592e-06
0.320267
0.0208124
0.0232806
0.112754
0.0288846
0.0400347
0.0659403
0.163548
0.034205
0.0208968
0.095938
0.00100562
0.3377
0.0478913
4.57309e-05
9.20315e-05
0.154831
1.86222e-05
0.0964333
0.44033
0.000637211
0.0109226
0.00969146
0.301109
0.0983273
0.000110955
0.000609315
0.244746
0.0277771
1.45937e-07
0.000715662
0.0582639
0.11906
0.460618
0.00231439
0.000304455
0.091704
0.374944
0.0801961
0.283676
0.122953
0.579541
0.071269
0.0246209
0.00765514
0.0102408
0.00837203
0.339038
0.000719197
0.000748866
0.019979
0.0774457
0.000130591
0.0435344
0.0229671
0.0303694
0.566266
0.00318017
0.24641
0.00783809
0.0242231
0.170689
0.26629
0.00558013
0.200466
0.321496
0.0846181
0.0213795
0.163411
0.0601868
1.47478e-05
0.547481
1.23918e-06
0.389807
0.0318424
0.157666
0.007611
0.480262
0.000214152
0.0186367
0.0825872
0.000496778
0.353606
0.000194623
0.0596772
0.0214352
0.000643065
0.115475
1.92438e-05
0.630079
9.68144e-05
0.720718
0.0108272
0.29134
5.17899e-05
0.292601
0.00696947
1.63648e-06
0.000414842
0.270857
0.321057
0.33247
0.479949
0.00388374
0.52634
0.218254
0.000437543
0.400023
0.0379036
0.011511
0.0453947
0.00940106
0.00198773
0.0261726
0.0065749
0.475048
0.0260826
0.0361162
0.0052957
0.175131
0.0870575
0.0104903
0.473445
0.214418
0.0121216
0.0429182
0.61643
0.793331
0.000750506
0.00911332
0.564819
0.00684221
0.370827
0.0694618
0.00107215
0.565046
0.26289
0.353814
0.00914002
0.0536876
0.255634
2.00883e-05
0.000345852
0.00674904
0.209358
0.0035112
0.000444403
0.247127
0.475168
0.0871237
0.00175766
0.0637184
0.169498
0.000112462
0.0113663
0.0271976
0.338376
0.350752
0.0281725
4.56627e-07
0.293714
0.0017072
0.000312362
0.000733737
0.00413148
0.0394563
1.81999e-05
0.000151422
6.41307e-05
0.00042759
0.602117
0.0630005
0.639357
0.682292
0.196295
0.00343613
0.048801
0.00578364
1.27493e-05
0.508791
0.000358788
0.375705
0.268374
0.0252817
0.339133
0.0943433
0.0223375
0.138249
0.390418
0.000371539
0.000113782
0.38117
0.311923
0.496669
0.25595
0.000316373
0.00299903
0.200021
0.1957
0.0315136
0.487975
0.255965
0.171169
0.276339
0.000201538
0.0339946
0.018246
0.187751
0.267163
0.306319
0.295959
0.235424
0.278633
4.36543e-05
0.00146206
0.379794
0.109662
0.0163357
0.000283267
0.572712
0.00060623
0.000131284
0.344733
0.000908101
0.00971973
0.0891073
0.370386
0.375125
0.740597
0.308619
0.644894
0.418636
0.0171963
0.0115024
0.436234
0.000279418
0.627632
0.613975
0.0272976
0.213669
0.0555576
0.000133347
0.000263119
5.87373e-06
0.256946
2.19749e-06
0.435379
0.207101
0.371881
0.00331378
0.0789665
0.0415333
0.217128
4.171e-05
0.0101839
0.507945
0.0353007
0.0466632
0.000396219
0.00151685
0.00967209
6.12676e-06
0.000535876
0.00258438
0.673072
0.394289
0.000479282
2.71791e-06
3.11704e-08
0.289178
0.000119522
0.323147
0.0478267
0.444114
0.183243
0.0766438
7.95669e-05
2.26488e-06
0.0686265
0.00101122
1.86948e-05
0.460304
2.49926e-06
0.00782132
0.00417903
0.0642516
0.224518
0.516233
0.364961
0.510024
0.829086
0.00190778
0.331107
0.11248
0.103395
0.4997
0.00155825
0.00011547
0.014503
0.066362
0.00487531
0.197578
0.271978
0.290369
0.000914078
0.0117742
0.666002
0.105788
1.01593e-08
0.13683
6.10715e-05
0.00305479
0.574382
0.45482
0.0970341
0.0179663
0.239913
0.345643
1.84663e-06
0.401318
0.00131281
0.00397337
0.00528853
8.70879e-05
0.00173883
0.480565
0.00290397
0.0399516
0.0427409
0.0211408
0.222089
0.00489529
0.331446
6.46499e-05
0.0639464
0.0566751
0.704136
0.028809
0.0142456
0.000327205
0.0743572
0.127465
0.0544518
0.292837
7.73453e-06
0.33333
0.0041191
0.664747
0.0137296
0.0135619
0.00026545
0.295952
0.15998
0.195567
0.34377
0.373678
0.00332284
0.0136775
0.168918
1.2023e-05
3.67365e-06
0.00255109
0.0882955
0.426806
0.0264553
0.00257369
0.00422695
0.237711
0.0829521
0.452121
0.0727693
0.644905
0.00010898
0.23209
0.0722015
0.132141
0.246303
0.00189378
0.320113
0.137455
0.289264
0.0281088
0.0369547
0.00895339
0.00405323
0.00656189
0.0230502
0.289345
7.90034e-05
0.000472148
0.180976
0.048551
0.0954954
0.00316434
0.00227176
1.63654e-05
0.186716
0.136596
0.157089
0.0115189
0.000222126
0.264029
0.000299206
0.000176607
0.0437833
0.0276015
0.179538
0.356132
0.000578551
0.00466105
0.18361
0.426787
0.575922
2.58407e-05
0.0392324
7.40957e-06
0.000216609
0.314783
0.137254
0.000243091
0.000494624
0.00077912
0.209236
0.151258
0.00510049
0.04136
0.0365408
0.102272
0.0139438
3.16579e-05
0.528049
0.000263955
0.0126549
0.0173001
0.0509554
0.0781324
1.07243e-06
0.292495
0.00598936
0.0397315
9.19675e-08
0.000105053
0.00976994
0.00013786
0.405843
0.0304825
0.389717
0.199264
0.623151
0.485852
0.299685
0.437253
0.000789982
0.387979
0.0110402
0.0561664
1.538e-06
0.0164506
0.000781608
0.00964152
0.402509
1.14542e-08
0.278059
0.00893675
0.0685758
0.00049606
0.220534
0.0336542
0.211195
0.249187
4.30513e-05
0.00986464
0.00395552
0.481889
0.557671
0.0149362
0.00555871
0.0130965
0.150942
0.0862369
0.087208
0.0046764
0.000557385
6.19122e-05
0.0223507
0.293766
0.00119126
0.00705557
0.426294
0.00119957
0.101615
0.0472094
0.305706
0.0429592
0.533539
0.0441542
0.0100625
0.198895
0.0084882
0.0301466
0.587496
0.180019
0.00360539
0.0907173
0.367885
0.415363
0.232299
0.356856
0.368636
0.705254
0.118803
0.0495157
0.0108987
0.0234132
0.000893057
0.000607904
0.000143782
0.244285
0.00260876
0.482752
5.56795e-05
0.0160832
0.615192
0.038397
0.21961
0.365955
0.24716
0.00255448
0.000747168
0.402323
0.333495
0.0206925
1.07127e-05
0.00201125
3.95776e-05
0.0132706
4.08744e-05
0.00180105
0.0455107
0.00174438
0.000875698
0.113107
0.536014
0.0712251
0.0988799
0.00200255
0.515065
0.0822076
0.00196085
0.083308
0.49171
0.00367012
0.00369026
0.0469798
0.298987
0.354162
0.398545
0.00335275
0.0131733
0.0124871
0.274439
0.0193144
0.115985
0.298063
1.67249e-06
0.0105545
0.483798
0.303215
0.00156086
0.534386
0.212823
0.192418
0.000257847
0.0907239
2.16475e-05
0.0280331
0.00132879
0.710569
0.00543586
0.209986
0.00300937
0.245006
0.0169834
0.0258687
0.60087
0.269608
0.0514453
0.534757
0.607055
0.018749
6.73013e-07
0.000472399
0.000148434
0.071672
0.0486426
0.00132889
0.016426
0.341662
0.257789
0.323456
0.00543817
0.428264
4.82792e-06
0.0510342
0.00290666
0.173829
0.0954462
0.0522001
0.192175
0.00681689
0.0373332
0.0399243
0.00309214
5.51424e-05
0.682702
0.173519
0.0156766
0.0290954
0.00498015
0.515723
8.76839e-06
0.00117381
0.00332756
0.000811616
0.044829
0.469045
0.0309634
0.0739918
0.271988
0.434742
0.486438
0.324529
0.0187318
0.000470593
0.329649
0.648383
0.0372104
0.000730455
0.142076
0.0701984
0.0068923
0.0185854
0.00365265
0.033285
0.0982067
0.0831304
0.0979557
0.196994
4.81507e-05
0.0987791
0.018118
0.265523
0.528771
0.0100582
0.0124499
0.000787653
0.341603
2.38146e-05
0.509138
0.322551
0.323254
0.00092844
0.258714
0.297543
0.325335
0.0448656
0.239928
0.000843806
0.0277456
0.000120859
0.176631
0.000684587
0.324402
0.0133681
0.301848
0.124665
0.000348172
0.475005
0.00118147
0.718058
0.417374
0.0206995
0.101698
0.574413
0.0101358
0.21528
0.0110056
0.000935279
0.488253
0.0694149
0.302276
8.61148e-05
0.0445733
0.179777
0.569503
0.692785
0.0109192
0.0679418
0.0884158
0.000912967
0.0718402
0.208142
0.164677
4.10459e-05
0.016118
0.12411
0.00559498
0.0897445
0.0166143
0.000140949
3.97133e-06
0.000441792
6.01663e-05
0.357105
0.000612206
0.152482
0.514954
0.10023
0.30035
0.000989411
0.0117258
0.0615122
0.456217
0.000824145
0.383827
0.0011786
0.0466697
0.573712
5.65479e-05
0.000202366
0.0310515
0.0684061
0.201163
0.000101324
0.0141424
0.214479
0.254312
0.720274
0.293717
0.00664505
0.000649443
0.290227
0.0796959
0.00492408
0.0759948
0.306205
0.00453121
0.000171588
0.605442
0.311569
0.00924401
0.45035
0.362766
0.014713
0.0246332
0.0564675
0.444188
0.332888
0.00796781
0.000869019
0.326562
1.0015e-07
9.71937e-07
0.130655
0.07604
0.160157
0.111893
0.0320788
0.00362307
0.561104
0.00906642
9.65486e-06
0.46537
0.516679
0.363984
0.142894
0.00221244
5.25937e-05
0.606815
0.00828403
0.0528591
0.00630406
0.00487331
0.451061
4.63422e-05
0.0326304
0.00676734
0.0232037
0.00745052
0.000351574
0.266632
0.0048445
0.0277243
0.783132
0.433497
0.116422
0.0159644
0.0403431
4.71254e-05
1.29267e-05
0.0499717
0.066312
0.242822
0.0761309
1.91098e-05
0.000290779
0.359921
0.272289
0.137477
1.88932e-05
0.000570071
6.77063e-05
0.0044681
9.37826e-06
0.00121825
0.0583297
0.000129922
0.0132966
0.298151
0.000316163
0.186729
0.251645
0.0385978
0.00364662
0.00514421
0.1388
0.531509
0.00248257
0.000550378
0.334738
0.526598
0.0301634
0.000592656
0.0783017
0.0109605
0.452268
0.208411
0.188925
0.0397895
0.105063
0.316247
0.00397469
0.235089
0.0319112
0.000798362
0.256871
0.0314002
0.00017956
0.0111178
0.0923138
0.0155714
0.296639
0.0220763
0.468176
0.364721
9.00537e-08
0.194036
0.00171175
0.00563234
0.303989
0.0022593
0.381068
0.0264561
0.00676958
0.00819314
0.00494117
4.83338e-08
0.00269459
0.226974
0.0353768
0.325586
0.373772
0.0106132
0.167298
0.244762
0.418905
0.0578394
0.213143
0.199201
3.61441e-05
6.58735e-06
0.000215314
0.119914
0.00940195
0.533524
0.450884
0.301165
0.000937645
3.3547e-05
0.0377037
0.00106342
0.00109459
0.109055
0.387309
0.000272097
1.88964e-06
0.0780725
0.000262241
0.0506288
0.0100598
0.0368866
0.0033043
0.357328
1.78091e-05
0.357189
0.0174575
0.0656348
0.0434585
0.00347078
0.0612968
0.00127699
0.0860909
0.0642417
0.0153789
0.0304886
0.140253
0.206951
0.113085
0.00951197
0.000380112
0.00548583
0.0575157
0.11048
0.117311
0.0494919
0.0294168
0.038206
0.0403252
0.378979
2.54414e-05
0.033112
0.501015
0.092139
4.11938e-05
0.00128636
0.0133755
0.281829
2.94756e-05
0.438785
0.187575
0.0240223
0.00229635
0.000323935
0.00228403
0.545836
6.33935e-05
0.000514815
0.238926
0.26011
0.014565
0.24929
0.0131905
0.000212039
6.54002e-06
0.0205941
0.000509825
0.00225315
0.00828709
0.752037
0.0216101
0.00586275
0.00472129
0.678777
0.0265776
6.19674e-06
0.0188129
0.26821
0.228991
0.0520312
0.025979
0.0548891
0.0374103
0.255525
0.011844
0.402708
9.80687e-08
0.368109
0.109332
0.218889
0.254355
0.651307
0.0198833
0.00109591
0.311012
0.535299
0.00753834
0.000370676
0.377336
0.0749909
0.322998
0.0191875
0.10167
0.133236
0.51785
0.304496
0.000303272
0.00449688
0.129992
0.115583
0.0496108
0.00012212
1.07753e-05
0.00165646
0.00937081
0.00116213
0.0306197
0.444891
0.575174
0.0262938
0.363631
0.192334
0.35803
0.385815
0.14452
0.000233984
0.00053937
0.000349386
6.07488e-05
0.006502
0.368478
0.0998826
0.339585
0.113441
0.00139828
0.0765601
0.453757
0.00450069
0.000110093
0.0621425
0.51936
0.465639
0.284139
0.0356185
0.00180511
0.000230588
0.0504683
0.00977668
0.0547864
0.343841
0.0348453
8.61681e-05
3.46649e-07
0.391385
0.0165005
0.0180812
0.00020791
0.348866
0.540912
0.0935657
0.0433809
0.0257221
0.000652159
0.00712921
0.0164633
0.00267121
7.17877e-05
9.99688e-05
0.0379183
0.265353
0.000443118
0.075167
1.40931e-05
0.00128553
0.424023
0.000236823
0.0199737
0.0219973
0.000189954
0.0112036
0.00891532
0.0086717
0.0088845
0.0184849
0.00963166
5.10327e-05
0.0138046
0.236561
0.390475
0.000116873
0.00576364
0.0243435
0.0111599
0.57485
0.535762
0.137933
0.00607943
0.000333785
0.536564
0.113765
0.00437653
0.348691
5.59036e-05
0.156833
0.594818
0.57966
6.37329e-06
0.0013796
0.0121574
0.432072
0.0763206
0.138119
0.0257828
0.00507275
0.310979
0.0747957
3.68093e-06
0.00105104
0.000342746
6.76629e-05
0.0130086
0.0892568
0.00758054
0.00300365
0.1795
0.00110258
0.0459011
5.33253e-08
0.0654169
0.19418
1.71252e-05
0.0585963
0.0113386
0.00906232
0.225005
0.598857
0.00237259
0.00944808
5.2702e-05
0.0534542
0.00772645
2.1743e-06
0.073695
0.00025246
5.5537e-05
0.305818
0.00512337
0.000560867
0.361817
0.00260243
0.338833
0.177493
0.341548
0.0642438
0.114216
0.0280346
2.2319e-05
0.0133578
0.00428495
0.0215713
0.280828
0.191093
1.89294e-08
0.000193607
0.132428
0.223768
0.278244
0.0109098
0.000529775
0.0169018
0.307547
0.591663
0.00133318
0.478652
0.616845
0.0796036
4.01499e-05
0.0466137
0.0159617
0.00841139
0.211515
0.00248796
0.064694
0.717451
0.0192963
0.501394
0.0233225
0.0574245
0.180757
0.000372659
0.0519311
0.358488
0.000610688
0.14507
0.0282834
0.00375239
0.16826
0.344451
9.56542e-05
0.43301
0.0213202
0.0142521
6.21212e-05
0.191724
0.126062
0.000312382
0.0846519
3.99318e-07
0.000143623
0.0620374
0.482861
0.00124751
1.01668e-05
0.0210069
0.000123183
0.276601
0.542507
0.095625
0.424728
0.513741
7.29996e-06
0.00572186
0.00122009
0.00523506
0.00032642
4.78027e-07
0.0109962
0.0314101
0.434688
0.0158704
0.102084
0.206527
0.00162751
0.282435
0.00288277
0.000406658
0.497491
0.174727
0.549022
0.423719
2.73267e-05
0.298449
0.00109927
0.01073
0.00361691
0.000133623
0.00180424
5.09713e-05
0.0206594
0.00507246
0.260204
0.0234352
0.179671
0.00584515
0.000920439
0.00100166
2.37687e-06
0.0235327
0.0135079
0.273017
0.516707
0.0915723
2.90912e-05
0.000173109
0.0727164
0.102417
0.117396
0.142521
0.0155257
0.0542771
0.606614
0.253083
0.296033
0.000890177
1.07274e-05
0.256246
0.144497
0.450652
4.29781e-07
0.0304474
7.74465e-06
0.144583
0.410554
0.0568129
0.335063
7.91722e-05
0.247317
0.111448
0.320128
7.47158e-05
0.0153669
0.303003
0.639981
0.403645
0.330762
0.373477
0.0450744
2.57326e-06
0.377001
0.000152915
0.202417
0.000133598
0.00124485
0.0134233
0.0253831
0.00973641
0.463415
0.0565342
0.00106473
4.67062e-05
0.000291731
0.0128567
0.184425
0.174225
0.0100586
0.000236834
0.444305
2.72447e-05
0.023889
0.0279436
0.279884
0.00577998
0.0821504
0.000265071
0.0591553
0.0140056
0.355559
0.0116873
3.23235e-05
0.00211509
0.00368854
0.255391
0.329611
0.161526
0.0500681
0.235293
0.523346
0.0358904
6.68061e-07
0.000700562
0.000163464
0.423534
0.420765
0.0119332
0.00173493
0.00115928
0.0548181
0.579782
0.00855408
0.0203606
0.00128078
0.306586
0.00118133
0.00175576
0.330604
0.00204336
0.130677
0.00216759
0.165403
0.168273
0.444924
0.319626
0.00890623
0.0233466
0.00740361
0.336825
0.00309201
0.0642365
0.0347339
0.0125372
0.496882
0.132563
0.000403414
1.12674e-05
0.22921
0.269227
3.94011e-05
0.0587982
0.0488568
0.0284258
0.0019955
4.97081e-05
0.295979
0.488059
0.266289
0.0148851
0.137366
0.32635
0.486408
0.110451
0.00274634
0.00979116
0.0206093
0.119693
0.00907584
2.85271e-05
0.133161
0.522271
0.024544
0.000397267
0.333968
0.29776
0.000343954
0.0106514
0.328995
0.165034
0.00412645
0.288534
0.040205
0.0111152
0.186548
0.000574836
0.387132
0.0153181
0.00866383
2.45912e-06
0.000245212
0.103551
0.0592936
0.00764321
0.263323
0.0202038
0.167266
0.196064
0.000602616
0.167419
0.00685473
0.00125766
0.115695
0.462646
0.361625
0.513337
0.387337
0.000564889
0.633759
0.326222
0.0123677
0.329976
0.00148016
0.55877
0.363883
7.69875e-06
5.40133e-05
0.404637
0.0474645
0.00195355
0.298806
0.0625486
0.0124158
0.351094
0.18946
0.0206819
0.00332491
0.000219889
0.045396
0.304813
0.379712
0.44955
0.307343
1.88698e-05
0.266057
0.215778
0.440779
0.0186762
0.0980507
0.166205
0.163557
0.00102307
0.02376
0.452452
0.0692816
0.156137
0.0471602
0.0484407
0.0607308
6.84797e-05
0.145814
0.22299
5.62062e-05
0.102702
0.447743
6.61168e-05
0.00144287
0.427265
0.16914
0.0271079
0.00131185
0.0205836
0.00238595
0.575359
0.27736
0.0110867
0.126734
0.331887
0.353122
0.000258525
0.0200697
0.00205253
0.232594
0.333496
0.00192113
0.201686
0.160745
0.0016712
0.127193
0.0882503
0.351381
0.000882148
0.296407
0.0118786
0.0125165
0.491769
0.0055855
0.014792
0.412879
8.54886e-06
0.596844
5.89238e-05
0.344696
0.285525
0.0361405
0.0219703
0.000277473
0.212124
0.0342563
0.0199668
0.0378054
0.48585
0.0554169
0.214895
0.275124
0.000653055
0.0069247
0.00750544
0.0156987
0.00939161
0.504014
0.124251
0.0359791
0.136137
0.0046625
2.13713e-05
3.44876e-05
0.531483
0.433737
0.252904
2.39931e-06
1.20149e-07
0.186499
0.180944
0.00012057
0.0731984
0.126723
0.183987
0.00167541
3.78543e-08
1.46094e-06
0.00702193
0.0656887
0.0208648
0.644263
0.00506986
0.0285638
0.427088
0.000483176
0.299246
0.00933551
0.00237518
0.000860114
0.148789
0.0670347
0.52878
0.00351736
0.00360489
0.40605
0.218886
0.606923
0.376397
0.222437
0.237601
0.346152
0.0965231
0.00703728
0.215197
0.35454
0.00630728
0.0337829
0.101173
5.09191e-06
0.0362207
0.0177584
0.57777
0.529849
0.0972429
0.664978
0.000878261
0.185752
1.83423e-05
1.18776e-08
0.00147801
0.458128
0.253794
0.14447
0.000131879
0.280702
0.020749
0.200708
4.24734e-06
0.0402629
0.195541
0.0566095
0.000262718
0.00189064
0.348908
0.306086
0.0373314
0.0534735
2.5559e-05
0.1227
0.407641
0.00126181
0.0010395
0.0303803
0.00327113
0.658916
0.00101334
0.070982
0.000328538
0.0207903
0.225464
0.00471544
0.00987949
0.44734
0.198976
0.532416
0.000196901
0.0303131
0.207531
0.186997
8.10476e-05
0.000738366
0.0770697
0.00431157
0.00264096
0.29216
8.88511e-05
0.0449112
0.00677843
0.0670299
0.691
0.0263775
0.327513
0.000116978
0.000348715
0.0505017
0.000237817
2.20375e-05
1.48831e-05
0.0349359
0.0783569
0.363021
0.00172359
0.000394912
0.177603
0.184589
0.179038
0.12159
0.115001
0.267078
0.108444
0.677056
2.59103e-05
0.0143269
0.00820155
0.106878
0.233756
0.163972
0.01783
0.474121
0.0117033
5.01281e-05
0.000203294
0.483766
0.0987974
3.36762e-05
0.438173
0.0131283
0.00601237
0.622116
0.00323308
0.0021478
0.00111826
0.0175474
0.000286099
1.34633e-05
0.0531064
0.306435
0.00166291
0.426734
0.0764588
0.00066902
0.00147709
0.398509
0.000203881
0.0187279
0.511829
0.000159819
0.472278
0.00219307
0.281509
0.467332
5.88223e-05
0.0252366
0.0063112
0.00333803
0.00190259
0.075902
0.314121
0.0959758
0.00156532
0.0192578
0.00123706
0.00632801
0.00746312
0.000217165
3.79251e-05
0.281312
0.000154437
0.0930305
0.402488
0.00164701
0.0180713
3.58008e-07
0.0536946
0.143876
1.27937e-05
0.282435
0.123957
0.00503456
0.00179025
0.0142119
5.0524e-07
0.189856
5.49803e-05
0.00459703
0.336787
0.427489
0.000474594
0.157584
0.403039
0.00355371
0.135732
0.345231
0.000230443
0.236108
0.0788018
0.000350873
0.0117886
0.0151923
0.0129235
0.3092
0.000771866
0.0150566
0.291423
0.405018
0.00514842
0.000133624
0.108661
0.0216175
0.038172
0.292799
0.352416
0.0024484
0.0890311
3.14927e-06
0.0664475
0.396015
0.113485
0.280931
1.76703e-05
0.0481625
0.399013
0.000161334
0.228227
0.547322
0.0410494
0.425786
0.139735
0.0288579
0.0115625
0.490918
0.135005
0.258577
0.0870382
0.206142
0.0988805
0.00115767
0.00271309
0.126162
8.7961e-05
0.00155945
0.204197
0.296019
0.189393
0.21353
0.259347
0.0372335
0.100225
0.46788
0.00222588
0.56857
0.000794435
0.292846
0.306676
0.0338486
0.244632
0.00102969
0.331496
0.000122144
0.00384133
0.62976
0.00954741
0.587256
0.0108541
0.000199831
0.000120571
0.0960501
0.281107
0.00045934
0.0373123
0.485632
0.183089
2.39967e-05
1.42059e-05
0.00172414
0.192127
0.0948296
0.000453337
0.00742623
0.342137
0.00253289
0.0766131
0.00631944
0.0454733
0.0153973
2.05723e-05
0.406206
0.17825
0.0745886
0.667357
0.00223306
0.32889
3.37268e-05
0.0043546
0.314046
8.80882e-05
0.308863
0.207578
0.216285
0.427491
0.0574672
0.000803408
2.88118e-05
0.000141179
0.141983
0.565287
0.25459
0.3942
0.0579597
0.014962
0.377816
0.14998
0.00396123
0.00182818
0.304168
0.012958
9.45728e-05
0.565542
0.000645358
0.0456402
0.141095
0.141447
0.198229
0.105956
7.17221e-05
2.16596e-07
0.300982
0.387635
0.354955
0.0535812
0.472332
0.53484
0.00314575
0.665434
0.0060656
0.751904
1.01967e-05
0.207704
0.0897897
0.00719521
0.0326147
0.547441
0.385907
0.000496893
0.289512
0.00235654
0.325449
0.52999
0.00167551
0.154216
0.0766132
0.044827
0.109972
0.185455
0.551234
0.623761
0.019251
0.119745
0.29435
2.47052e-05
0.0294841
0.362104
0.0544343
2.20224e-05
0.666284
0.22374
0.00162893
0.234506
0.461355
0.347179
0.0434387
0.000592113
0.182056
0.00598458
0.0713808
0.000168487
0.582422
0.440636
1.73603e-05
4.63649e-05
0.401599
0.051395
0.0104387
0.327472
0.00624004
0.00180912
0.0882041
0.008134
2.02653e-05
0.226656
0.00180401
0.197912
0.332422
0.0358628
0.10593
0.231069
0.00156591
0.00471121
0.43312
0.0206694
1.07326e-05
0.366682
0.000216328
0.191733
0.091603
0.0155188
0.00521751
0.00392521
0.21641
0.259067
0.239607
0.138129
0.340402
2.69392e-05
0.00149994
0.0123923
0.000676483
0.331939
0.00056095
0.000346253
0.584918
0.222816
0.829397
0.318231
0.0567699
0.0388703
0.00202528
0.560653
0.0548561
0.0863639
0.237712
7.13742e-05
0.0190547
0.000170779
0.0508127
0.0303508
0.898698
0.0381883
0.00712916
0.378831
0.214865
0.192791
0.243966
0.313475
0.00108221
1.21476e-06
0.00184188
0.642199
5.39624e-05
0.00395127
0.184014
0.253734
0.0896697
0.310506
0.123634
0.00131243
9.97091e-05
0.00373321
0.273533
0.00275475
0.000963701
1.20181e-05
0.00105491
0.000175706
0.00090027
0.033642
0.0245659
4.77046e-07
0.305397
0.115264
0.0174172
0.763749
0.00280684
0.00346654
0.0494587
0.608573
0.000352837
0.10542
0.33506
0.00605428
0.0572917
3.22451e-06
0.418548
0.000265947
0.00017097
0.118164
0.0383997
0.0315623
0.0780881
0.0371236
0.0620747
0.0433321
0.384712
0.302306
0.00316008
0.136349
0.657245
1.09773e-05
0.000480179
4.83337e-06
0.482144
0.373809
0.00267179
0.000382441
0.142067
0.000314639
0.026388
0.0648609
0.599009
0.818426
0.000723154
0.204277
0.0042842
0.0280387
0.000372568
0.238167
0.0247177
0.645659
0.788789
0.0119563
0.367201
0.0665881
0.542782
0.195029
0.298165
0.0039332
0.0118276
0.165221
0.458137
0.348537
0.0467875
0.365416
0.198442
0.0211041
0.132813
0.660591
0.048713
0.519985
0.00994764
0.150549
3.02122e-06
0.00453812
0.300449
0.493188
0.0032414
0.0013944
0.0548675
3.69512e-06
0.209165
0.00024334
1.99265e-07
0.00236509
0.548277
0.12848
0.304822
0.00767514
0.240556
0.31732
0.591604
0.391725
0.000502082
0.11546
0.00114551
0.346401
0.160426
0.269787
0.000445565
0.00468492
0.0104787
2.97313e-05
0.165456
0.150998
0.000375994
0.256869
0.012315
0.000257409
0.0927621
0.000368489
0.00333266
7.17533e-06
0.00954906
0.106451
0.537998
0.000591569
0.00245514
0.447562
0.243843
0.00399666
0.000132255
0.13843
0.0710602
0.0136856
0.0119824
0.0157943
5.1817e-05
0.0445201
0.236283
0.314056
0.105515
0.301075
0.00686808
0.0254358
0.0518905
0.382539
0.11554
0.0402113
8.76556e-06
0.678817
1.16986e-07
0.0187094
1.83577e-05
0.355793
0.0173512
0.00399507
0.00158694
0.00739833
0.418845
0.00274129
0.00583298
0.000339698
0.291587
0.0807602
0.0285682
0.00145912
0.00135173
0.119838
0.155885
0.000191357
0.528136
0.294126
0.319163
0.00038916
0.000592462
0.114075
0.316334
0.12948
6.77663e-06
0.535373
0.0218175
3.22654e-06
0.000318327
0.0104612
0.122324
0.00727775
0.418697
0.00124952
0.0407909
1.03244e-05
0.255576
0.0140712
0.143126
0.742702
0.0168025
0.0010549
0.378216
0.157274
0.000278353
0.128714
0.00164633
0.245894
0.109897
0.0175865
0.0884837
0.0258072
0.251859
0.000718116
0.301121
0.383967
0.570937
0.0559071
0.728079
0.023128
0.0540353
0.293759
0.00514067
0.103745
0.472897
3.61375e-05
0.584332
0.0844988
0.00462013
0.00887313
0.52735
0.000658238
0.000543977
0.431036
0.157454
0.0312915
0.627218
0.332636
0.304768
0.283657
0.202403
0.299547
0.061261
0.360355
0.0869867
0.302187
0.0706385
0.000849019
7.13995e-05
0.0656237
0.0157219
0.211074
0.270113
0.202498
6.30384e-05
8.46091e-05
9.80185e-05
0.732325
0.0229922
0.00022739
0.379482
0.361237
0.00591514
0.00504338
0.138621
0.238945
0.00161358
0.0731993
0.02104
0.00473021
0.33257
0.050023
0.0212343
0.136327
0.0371315
0.000697597
0.391435
0.112427
0.000851782
0.0988471
0.00485959
0.08932
0.0279699
0.199986
7.07734e-07
0.0123431
0.0104291
0.0210356
0.00331131
0.0135107
0.131037
0.268536
3.41009e-08
4.70091e-05
0.00215769
7.34724e-06
0.189898
0.00443452
0.106186
3.83978e-05
0.0375513
4.17392e-05
0.118199
0.00159918
0.0421285
0.0248265
0.271802
0.363841
7.73046e-05
0.00456392
0.160408
0.0197822
0.000372407
0.0381805
0.574472
0.329966
0.457696
0.0287927
0.612352
0.00185156
0.000769393
1.07463e-06
0.332085
4.00012e-05
0.0424336
0.0203194
0.0610643
0.0207508
0.11703
6.19655e-06
0.0903598
0.268711
0.348076
0.420566
0.0114244
0.0108823
0.556076
0.000525477
0.151857
0.0627966
0.463356
0.569813
3.42996e-05
0.000422998
0.00224102
0.000405375
6.93989e-05
0.0379037
0.00249715
0.558241
0.0995885
0.0670974
0.0140726
0.513722
0.0142515
0.112566
0.000131371
0.0334768
0.763699
0.775618
0.0592937
0.369304
0.0902622
0.0024102
0.370696
0.74061
2.41396e-05
0.000616585
0.0113833
0.711742
0.0138973
0.000128574
0.0175708
6.04887e-05
0.000270927
0.00767134
0.0314761
0.00225288
0.71296
0.00380994
0.426557
0.192642
0.09989
5.42756e-06
0.474873
3.14683e-06
0.00639347
0.330536
0.101979
0.0380885
0.511988
0.000449537
0.412352
0.00577394
0.295223
0.000227966
0.00624296
0.662688
0.000215429
0.00140254
0.00138512
0.147265
0.445149
0.277137
0.48914
0.0152239
0.427324
0.289579
0.00801119
0.017887
0.188777
0.0309532
0.0202397
0.0333908
4.08295e-05
0.00193859
0.422168
0.142049
0.000576494
0.720888
0.070403
0.0909606
0.000804284
0.369464
0.342546
0.00613126
0.628764
0.291394
0.000877485
0.196279
0.523747
0.0899024
0.00918408
8.22556e-06
0.00554858
0.00827238
0.0039674
0.573877
0.0017393
6.45829e-05
0.0014899
0.0383388
0.00140104
0.289135
0.0637834
0.113423
0.00571291
0.118812
0.000567381
0.120161
0.502588
0.169758
0.52832
0.156751
0.316792
5.21902e-06
0.000925285
0.0320515
0.033575
7.83217e-05
0.00366899
0.0995151
0.297746
0.0411842
0.0399484
0.0272356
0.00446515
0.00710423
0.000261333
0.0645112
0.00015149
0.131332
0.398682
0.0401677
0.00977487
0.348491
9.70226e-08
0.136033
0.144364
0.384029
0.000287119
0.25484
0.407804
0.276973
2.88439e-06
0.0293142
0.000282827
0.00143562
0.000756604
0.0080254
0.0169068
0.00352855
0.10918
0.087484
0.00250074
0.00697114
0.0191691
0.0505225
0.130395
0.00226984
0.138459
0.0128952
0.577584
0.478883
0.501619
0.0153834
0.561574
0.0147108
0.00748493
0.00272507
0.34125
0.147168
0.341491
0.0591766
0.0681998
0.00714777
0.0228588
0.0794346
0.189347
0.58567
0.557541
0.495178
0.24559
0.0920479
0.000112471
0.000230214
0.0242096
0.0181607
0.262076
0.099006
0.297252
0.524146
0.000266457
0.386385
0.0305641
0.00558468
0.000489903
0.182996
0.00021125
0.129306
0.000306826
0.136354
0.401002
0.644892
0.00560286
0.000423392
0.210869
0.30056
0.000519306
0.262923
0.160777
0.0065551
0.270235
0.301932
0.0264864
0.000383741
0.327084
0.000572322
0.00914389
0.39508
0.000473982
0.210118
0.393977
0.0425837
5.38223e-05
0.0014249
0.00861338
0.0053222
0.335719
4.04824e-06
0.244572
0.00326003
0.188377
0.00937044
0.0375517
0.0674941
0.0555377
0.0018066
0.000248223
0.0584001
0.0101906
0.56183
0.0101184
3.58679e-06
0.0268629
0.00177104
0.518414
0.00042974
0.0180705
0.0693041
0.00360295
0.387208
4.2148e-06
0.0772011
0.113064
2.84461e-05
0.00250414
0.0340411
5.15843e-06
0.263736
0.0249412
0.363755
0.399973
0.000879172
0.15427
0.132915
0.0169213
0.000304404
0.0615893
0.498829
0.238999
0.137975
0.328241
0.363463
0.588845
1.92157e-05
0.0386662
0.166399
0.0115315
0.300893
0.00349577
0.0495358
2.7896e-05
0.0179682
0.422359
0.159606
0.0144739
0.0751005
0.0212706
0.127174
0.0187184
0.156844
0.0192885
1.49297e-05
0.155263
0.178872
0.00838945
8.02583e-06
0.295499
0.246336
0.0205376
0.213759
2.30257e-05
0.195076
1.76331e-05
0.46423
0.276291
0.234863
0.0133967
7.11966e-05
0.000479025
0.256833
0.00752101
0.0353122
0.368655
0.0024071
0.00036187
0.00849811
0.0172464
0.656561
9.55249e-05
0.0125416
0.355313
0.00655135
0.398345
0.106884
0.699093
0.29107
0.0286264
0.702745
0.00471182
2.23777e-05
0.0811366
0.0150874
0.302573
0.0786468
0.00306536
0.133798
0.029291
7.01244e-06
0.0430186
0.381282
0.000173466
0.0590054
0.334467
0.155412
0.0279274
0.583079
0.188748
0.572846
0.00100214
0.650714
0.0166369
0.600304
0.710551
5.65143e-05
0.257439
0.0316556
0.382984
0.216388
0.000230965
0.0254848
0.465295
0.100714
0.00148126
0.126664
0.00252513
0.501604
0.0361588
0.4651
0.0264525
0.1433
0.219805
0.143111
0.106736
0.00109117
0.00224309
8.96858e-05
0.000172057
0.115681
0.295819
0.562783
0.00772104
0.0679417
0.106431
0.00265272
0.620779
0.604255
0.0144932
0.0249887
0.0400134
0.244336
0.00179312
0.00851823
0.515955
0.055023
0.0917569
0.00448765
0.0102125
0.00673276
0.196993
0.299264
0.14494
0.386878
0.266842
0.0108784
0.376472
0.00280276
0.00938044
2.38323e-05
0.384347
0.018571
0.00541684
0.00905608
0.0205465
0.0968154
0.628062
0.0347071
0.450733
5.94012e-05
0.0539292
0.0207127
0.541298
0.0003783
0.0523001
0.127134
0.255995
0.00117828
0.0335651
0.0251614
0.106761
6.222e-05
0.660993
0.0561408
0.00351822
0.000468358
0.0733829
0.0310534
0.0110504
0.279148
0.622157
0.304461
0.537404
0.158476
0.199684
0.000170449
0.00299084
0.293032
0.000757457
0.0502057
4.0803e-05
0.296955
0.0311359
0.020044
0.0384627
0.269024
0.301749
0.0899948
0.1529
0.330503
0.0428191
0.225895
0.157738
0.0313611
0.356187
0.0444912
0.423222
2.52062e-05
1.67337e-05
0.000275861
0.23942
0.27667
0.276385
0.00313221
0.0144224
0.257563
0.369285
0.00057752
0.332276
1.13267e-05
0.0178288
3.8953e-07
0.136891
0.000510695
0.00132539
0.102003
0.101707
0.478263
0.279915
0.00434639
0.0174776
0.291194
0.160147
0.211355
0.00104685
0.0853521
0.000644358
0.00911192
7.85681e-07
5.67786e-07
0.0996378
0.34749
1.2644e-05
3.21097e-06
0.0813057
0.00399169
0.00313117
0.00137572
0.106962
0.0014861
0.259655
0.124082
1.5491e-05
0.185094
0.00122581
0.0109228
0.0391678
0.256915
0.0504113
0.5139
0.00466216
0.000342399
0.293344
0.26603
0.0420622
1.19532e-07
0.140762
0.105592
0.37473
0.030392
0.0177176
0.282637
0.463561
0.0845905
0.0122968
0.029474
0.103222
0.00918114
0.0951698
0.00554502
0.190543
0.334977
0.224862
0.319319
0.06253
0.000214517
0.478569
0.0464613
0.0673396
0.171922
0.0648703
0.000477641
0.00640155
0.616247
0.132199
0.12223
0.201476
0.542459
0.558844
0.543903
0.203739
0.0511673
0.125475
0.0135901
0.0021537
0.00869857
0.000114765
0.142077
0.003663
6.66336e-06
0.722019
0.0066216
0.12037
0.195678
0.0600617
0.00465853
0.307873
0.000431867
0.313931
0.0126753
1.11032e-07
1.59812e-06
0.321593
0.279291
2.7176e-05
0.251155
0.277312
0.105998
0.527505
0.0118606
2.20199e-06
2.80853e-06
0.609265
0.0249633
0.228338
0.315028
0.0129396
0.736814
0.209135
0.00613435
0.47563
0.0347774
0.15767
0.544556
0.0727642
0.00289032
0.251047
0.0259932
0.137088
0.193665
0.00102079
0.468923
0.00126539
0.00212931
0.00493177
0.702789
0.0013154
0.629905
2.88246e-05
0.301383
0.0024814
0.135505
0.0110099
0.00152873
0.00329329
0.337089
0.00864028
0.213432
0.0198529
5.87147e-05
0.00013298
0.470521
0.000639423
0.318744
0.484744
0.0108407
1.19629e-06
0.000761093
0.0455114
6.80964e-06
0.461438
0.303627
0.000175699
0.357888
0.00350683
0.312144
0.0990108
0.00288115
0.230351
3.02264e-06
0.0645078
4.97072e-05
0.00105277
0.16905
0.4094
0.000477864
0.454195
0.390959
0.000306712
0.520423
0.00460454
0.0270843
0.0839258
0.000491306
0.32805
0.409874
0.173881
0.399593
0.394304
0.0402727
0.108503
0.00294488
7.26954e-05
0.273928
0.0446115
0.0261118
0.435635
0.202212
0.28529
0.13306
0.0150818
0.0258224
0.002031
0.43703
0.000356502
0.302421
0.0250969
0.0918158
0.00806922
0.569692
0.406888
0.000544388
0.161963
0.490804
0.50243
0.0250027
0.27815
0.502813
0.00950949
0.598044
4.48143e-05
0.416959
0.249486
0.087949
0.0111215
2.77463e-05
0.49185
0.163068
0.000303407
0.336204
0.343055
0.234765
0.17847
0.290849
0.000550284
0.00354012
0.0121975
0.202649
0.00136901
0.0253527
0.263185
0.21011
0.030658
0.0290772
1.56527e-06
0.000246297
0.0902658
0.337843
0.354889
0.660972
4.7767e-07
0.00554943
0.310535
0.653878
0.337127
0.482315
0.0961725
0.000615756
0.0218533
1.73746e-06
0.000594065
0.443985
0.580001
0.00136473
0.387908
0.0986364
0.401353
0.0138459
0.0223334
0.00100173
0.413984
0.0801919
0.0528233
0.0404795
0.0334263
0.00883327
0.0205155
0.00512045
5.69322e-05
0.256776
0.486135
0.000742824
0.0490983
0.133525
0.0637079
0.000185169
0.213831
0.0934615
0.000415745
0.0962078
0.000240107
0.0011553
0.026627
0.00846956
0.102334
0.262343
0.00348971
0.148442
0.000290704
0.00177342
0.0102892
0.00075546
0.468395
0.187389
0.0569958
0.255341
0.211998
0.255185
0.000148016
0.0583801
0.0497345
0.00168967
0.113547
0.199307
0.0284281
0.213088
0.317949
0.191968
0.00872899
0.163983
0.00852941
0.0373076
0.098607
0.106738
0.3881
0.100563
0.000775122
0.0162615
0.171838
0.563837
0.00140646
2.31059e-06
0.368532
0.0694555
0.000462087
0.284341
0.00101301
0.146138
0.619259
0.00614935
0.000346856
0.255278
0.0193332
0.000353028
0.00946734
0.341408
0.017219
0.0532851
0.000135468
1.6069e-05
0.123497
0.848152
0.0196508
0.0899507
0.0474139
0.0154703
0.000138864
0.0469806
0.0454694
0.177122
0.00924344
0.000245152
1.76222e-07
0.458766
0.00501558
3.44969e-06
0.00164915
0.101555
0.0436656
0.305376
0.00971004
0.0489442
0.375224
0.0245209
0.0936629
0.00165283
0.000558704
0.00238714
0.610005
0.239548
0.0192472
0.295885
0.00737365
0.106509
0.136855
0.474389
0.00432308
0.0155341
0.256147
9.78673e-07
0.165752
0.253212
0.135597
0.487493
0.00162996
0.015122
0.0242972
0.518759
0.000889346
0.145612
8.1778e-05
0.148699
0.00417937
0.232729
0.0204672
0.68499
0.0686764
0.151999
0.0414172
0.29704
0.236239
0.0265321
0.115197
0.286325
0.000694454
0.000440742
0.125947
0.0180404
0.170451
0.0167438
0.0680804
0.0293961
0.195255
0.0861505
0.189023
0.319766
0.00967286
0.346429
0.175151
2.00108e-05
0.265592
0.202556
0.782788
0.141882
0.194221
0.0679595
0.296459
0.130198
0.0839357
0.602508
0.492248
5.74245e-05
0.000416957
0.0172564
0.00305028
0.595282
0.000987897
0.0449835
0.382814
0.00594644
0.210749
0.264929
0.111721
0.677037
0.0619145
0.00854226
0.0086019
0.336542
0.622713
0.0117189
0.0217784
0.0558405
1.08058e-06
0.0224399
0.0158748
0.00741378
0.0122018
0.217934
5.14407e-05
0.000874732
8.65019e-05
0.0697788
0.0116874
0.0126126
0.459405
0.0697896
0.28526
0.152973
0.000857911
0.00290679
0.241097
0.225461
0.00578022
0.0147842
0.142689
0.0207732
0.231219
4.74857e-05
0.143593
0.0016347
0.0815207
0.0178836
0.632509
0.00212795
0.086269
0.026266
0.325809
5.67271e-05
0.548956
0.0680498
0.30527
0.00096534
0.00371808
0.000389065
0.556985
0.0237193
0.142622
7.41392e-07
0.269485
0.0442518
0.0654927
0.000202523
0.371635
0.608557
0.0245677
0.0645949
0.0104922
0.0412263
0.117874
0.0289048
0.00134883
0.0388329
0.224808
0.000278586
0.00566248
0.0455852
0.305923
0.358521
0.000579407
0.323638
0.574665
0.00520472
0.0233447
0.475723
0.404933
0.000174255
0.297879
0.0148621
0.396432
0.000271565
0.306541
0.000259865
0.333824
0.240956
0.0266422
0.0231622
0.299004
0.00376197
0.134207
0.340947
0.434437
0.135847
0.314541
0.0177801
0.000859071
0.103311
0.0705207
0.32482
1.12589e-05
0.61373
7.69786e-05
0.00329057
0.809237
0.0434541
0.271141
0.0155563
0.618841
0.39602
0.409522
0.440889
0.00457553
0.0823029
0.0789908
0.0124455
0.206901
0.412116
0.118566
0.0395973
0.000497376
0.257516
0.289548
0.487139
0.299316
0.217877
0.237969
0.557854
5.38662e-06
0.209916
0.00960983
0.246305
0.590444
0.150096
0.0456162
0.352803
0.231106
0.189205
0.0360954
0.125034
0.0238004
0.000505262
0.0184403
0.156896
0.000895413
0.375
0.00371649
0.470345
0.00981238
1.25366e-05
0.0671017
3.47978e-05
0.239764
0.0823791
0.313542
0.0522829
0.0318178
0.206121
0.273336
0.00345751
0.0407532
0.00976964
0.323836
0.581629
0.0655494
0.000867857
0.00676866
0.113935
0.0915945
0.370827
0.319036
0.131249
0.0077352
0.000526107
0.18793
0.030538
0.00749939
0.000105867
0.309835
1.92323e-05
7.31593e-05
0.138381
0.0341125
0.0124847
0.37348
0.601935
4.01886e-06
0.320659
0.164842
0.0755445
0.00821776
0.28949
0.522536
0.361999
0.00383151
0.127429
0.000507761
0.00186957
0.264552
0.000546736
0.16476
0.395734
0.0139529
0.0451474
0.0414625
0.000280894
0.360641
0.0208289
0.212206
0.0115391
0.439634
0.0116094
0.00029616
0.120856
0.312986
0.000938984
0.000157904
0.0641276
0.0932812
0.168637
0.00461141
0.0317423
0.496745
0.00602628
0.192525
0.427328
0.344059
0.0637977
0.122911
0.280165
0.282189
0.522544
0.00302443
0.100336
0.524678
0.135777
0.00267932
0.0327821
0.0870056
0.000933171
0.14914
0.131327
0.0557427
0.0404357
0.000487401
0.00352803
0.402819
0.0672751
0.349774
0.0432644
0.0167143
0.0666939
0.00541867
0.000497473
0.00487409
0.0466326
0.0160968
0.0127422
0.285809
0.255849
0.314732
0.343762
2.67179e-05
0.0692296
0.654086
0.0878627
0.000980294
0.421257
0.32791
0.092704
0.0103827
0.0236899
0.313253
0.0854264
0.0584732
0.724004
0.00221741
0.00144788
0.258336
0.0798486
0.0110353
0.256591
0.398139
0.10956
0.0694906
0.0379293
4.55733e-05
0.3787
0.516074
0.121466
0.000433435
0.530738
0.091331
0.0197528
0.0239149
8.05002e-07
0.0142158
0.401474
0.00093873
0.352129
0.0408508
0.0170931
0.00128109
0.191882
0.709731
1.8127e-05
0.00040006
0.111918
3.40123e-06
0.491976
0.30268
0.00364524
0.001384
0.31643
0.211172
0.404285
0.409029
0.108967
0.00417561
0.000310418
0.551585
0.00126168
0.000682438
0.533885
0.0712557
4.14134e-09
0.379023
0.000189504
0.0096861
0.00187106
0.00933356
0.27585
0.134386
0.342406
0.239905
0.0931624
0.000649606
5.26856e-06
0.794124
0.0460982
0.0170651
0.00281082
0.163159
5.29215e-05
0.263049
0.00357364
0.0371548
0.0120239
0.102223
0.197239
0.0119549
0.300183
0.00267529
0.258243
0.00144855
0.168523
0.368771
0.161807
0.128535
0.0581809
0.00552901
0.00157515
0.463992
0.548454
0.0029318
0.0205816
0.337627
0.181188
0.233014
0.241931
0.0630179
0.400622
0.362876
0.170263
7.55214e-05
0.585142
0.417542
0.00633595
5.27297e-05
5.69294e-05
0.0475233
0.000371321
0.0024133
0.00271332
0.0143514
0.0234861
0.738079
0.0613864
0.0100589
0.375091
0.0915406
0.00651461
0.00744532
0.24491
0.431854
4.71658e-07
0.458874
0.00278509
0.00473279
7.21391e-05
5.46278e-07
0.0933328
0.171649
0.00150439
0.00212218
0.00232111
0.062417
0.0174597
0.424863
0.111514
0.000774211
0.305624
0.000990637
0.512068
0.000563307
0.044393
0.217033
0.00730516
0.046765
0.0133291
0.00533452
0.303078
0.593601
0.015822
0.0824672
0.000930334
0.00856365
0.445079
0.00234008
0.343938
0.173528
0.000650724
0.000829391
0.641
0.0206932
0.163473
0.328619
0.202247
0.00880327
0.712632
9.15879e-05
0.130046
0.230806
0.111259
0.0053313
0.405517
0.179757
0.0564687
0.329434
0.116058
0.435352
0.522741
0.000204057
0.259588
0.112889
0.571376
0.00334475
0.000192774
0.235658
0.244252
0.56913
0.000480844
0.200128
0.520058
0.306645
0.169677
0.615263
0.452439
0.0232259
0.027095
0.49205
0.0829495
0.000187929
0.127145
0.0537397
0.117302
0.0396135
0.0734618
0.00143586
0.137362
0.00133041
0.512066
0.0566304
0.000404595
0.00014752
0.00218601
0.0190079
1.17153e-05
0.00246805
0.0529919
0.0420969
0.387656
0.374243
0.420709
0.573749
0.533049
0.0325278
0.228931
0.335599
0.127741
0.00404823
0.000541602
0.322015
0.0764927
0.00150992
7.65636e-06
0.05951
0.00209049
0.0706729
0.441156
0.424179
0.172685
0.0463527
0.0058719
0.259561
3.22141e-07
0.0133085
0.000498805
0.523353
0.0027932
0.58349
0.00266686
0.179512
2.83062e-05
0.132549
0.112436
0.191204
0.386254
0.00245118
0.0465732
0.202194
0.294437
0.426868
0.00188847
0.0421167
0.11113
0.11872
0.0414758
0.0164765
0.000107907
0.00650002
0.00131612
0.025127
0.156851
0.316382
0.158014
0.143015
0.0327052
0.573833
0.00533513
0.00124503
0.0946782
0.472356
0.0528868
1.05736e-05
0.423086
0.395895
0.0283313
0.000156403
0.0579761
0.0427855
0.0100371
0.32718
0.61951
0.62647
8.17682e-07
0.0125901
0.0595315
0.0347498
0.34808
0.12035
0.23011
0.131849
0.476498
0.110532
0.293159
0.299861
0.289366
0.00392755
0.00619084
0.271975
0.0513592
0.386632
0.145979
0.344196
0.00155615
0.0300458
0.051077
0.198766
0.0819952
0.0365514
0.491266
0.00334242
0.015709
0.261937
0.0015999
0.0224239
0.389589
0.0173156
0.42296
0.00294203
0.00948472
0.055348
0.00392269
0.00621881
0.351712
0.172732
1.75869e-05
0.760356
0.369238
0.360973
0.31409
0.00751972
0.407263
0.0206114
0.00488406
0.0878042
0.168874
0.000175914
0.000985463
0.254511
0.00644691
0.192798
0.0267418
0.0387044
0.027022
0.0371051
0.152311
0.000722111
0.0427874
0.528581
0.0537502
0.0147766
0.312383
0.350587
0.294742
0.040953
2.19362e-06
0.345253
0.427123
0.0272311
0.12762
0.0217277
0.0015917
0.335626
0.407279
0.00177238
0.00463625
0.0310628
0.430917
0.192132
0.000882026
4.61096e-05
0.218585
8.16348e-05
0.463978
0.43078
0.00121667
0.00161505
0.307369
0.0168392
0.0187411
0.0109565
0.000264773
0.076327
0.000339834
0.280191
0.00056674
0.137897
0.204972
0.000441063
0.000954168
0.002562
2.06813e-05
0.588245
0.238921
0.122581
0.00441298
0.245761
0.356605
0.0613755
0.248076
0.00108037
0.0611708
0.267355
0.0290332
0.0629652
0.219066
0.000360253
0.146169
0.010741
0.0896727
2.10762e-05
0.00836358
0.537389
0.0001354
0.0120639
0.0449031
0.543129
0.458469
0.00356812
0.372953
0.314245
0.000466832
0.123874
0.0242056
0.00799007
0.000370047
0.000697409
0.0136256
0.300947
0.493919
1.85297e-08
0.490522
0.261739
4.84023e-05
0.000703843
7.55924e-08
0.237533
0.151581
0.359476
0.381287
0.0472414
0.0197442
0.00565682
0.001154
0.209475
0.139921
0.333714
0.00588482
0.012237
0.0239195
0.0348995
5.49676e-05
0.658886
0.0258539
0.351054
0.32337
9.25107e-05
0.00591484
0.0426026
0.0225004
0.00826441
0.49929
0.110091
0.013966
0.1116
0.349407
0.0361745
0.00381544
0.000312761
0.0324187
0.000520772
0.0648063
0.00693947
0.593127
0.293726
1.30511e-06
0.0194089
0.0218051
1.68525e-06
0.0247099
0.143911
0.0388281
0.4484
0.565889
0.32149
0.155018
0.0679237
0.145582
0.131375
0.240106
0.0482033
0.00412608
0.000219834
0.364855
0.294103
0.429034
0.0475779
0.00329644
0.243642
0.288571
0.489789
0.00203401
0.0303101
0.210063
0.0678032
0.0173132
0.000403522
0.357963
0.0014943
0.529676
0.0216341
0.031143
0.00953313
0.595578
0.0205352
0.479965
0.00741141
2.42549e-05
0.403825
0.28994
0.0146648
0.000379149
0.227278
0.719118
0.595734
0.50208
1.0027e-05
0.00241828
0.000332623
0.516353
0.286911
0.493305
0.0154602
0.102744
0.0234284
0.488944
0.54477
0.000663509
0.0698524
0.259806
0.594115
0.0126792
0.348973
0.0114092
0.0143049
0.163506
0.000554447
0.558843
0.0211086
0.260161
0.373235
0.0206479
0.0310148
0.294678
0.646615
0.0176502
0.00326593
0.0127578
0.282915
0.0115751
0.826679
0.0131822
0.262363
0.191146
0.043265
0.343123
0.0157266
0.670809
0.00234347
0.024585
0.199806
0.198137
0.0627871
0.293816
0.339334
0.302646
0.288409
0.0412616
0.0381617
0.120473
0.518728
0.291626
0.00148757
0.425098
0.047252
0.000189808
0.159071
0.517359
0.000137615
0.125704
0.280751
0.000660347
0.016254
0.202538
0.00231389
0.396024
0.246781
0.180506
0.104589
0.0895545
0.0208208
0.0470248
0.0138173
0.00290456
0.358723
0.0013944
0.412215
0.0295518
0.000177035
0.00163569
0.0360099
2.95874e-05
0.0577176
0.00483097
1.10624e-06
0.0214746
0.0297884
2.79856e-06
0.509661
0.0851828
0.00503606
5.24534e-05
0.0295464
0.0980994
0.133909
0.520206
0.155312
0.00199873
0.00091958
0.0026933
0.247746
0.00887365
0.212723
0.336592
0.000633515
0.627956
0.289644
0.0333491
0.0418225
0.0103794
0.0119583
0.0889127
0.00727412
4.16674e-05
0.0698965
0.033722
0.000825334
0.00388813
0.249423
0.0115882
0.0012559
0.0808425
0.117005
0.0774002
0.325197
0.371418
0.110998
0.000259993
0.000910812
0.0348129
0.00117433
0.375166
0.00397835
0.316159
0.102229
0.0693205
0.000753402
0.0022064
0.0972312
0.12249
0.0291165
0.000103786
0.422517
0.00824156
0.0200915
0.0797581
0.0139434
0.0253265
0.491499
0.0295034
0.00161294
0.0273929
0.0828787
2.14313e-08
3.30236e-05
0.0608645
0.281481
0.654305
0.000295036
0.355448
0.00606107
0.11512
0.0177335
0.00352527
0.463298
0.0810685
0.00323086
0.000956058
0.0172463
0.00699545
0.126617
0.101059
0.0161948
0.285896
0.000206699
0.0345674
0.0405974
0.439795
0.244222
0.12128
0.57582
0.0407005
0.165502
0.018926
0.398891
0.010115
0.153594
0.00898542
0.28414
0.0819763
0.49266
0.0053382
0.277844
0.697688
0.026579
0.136163
0.582787
0.391294
0.747165
0.00651325
0.000833518
0.537573
0.0280801
0.00974955
0.063957
0.0611996
0.000329503
0.00729699
2.01194e-06
0.278503
0.00408383
0.575158
0.166999
0.450193
0.000503601
1.1864e-07
1.7561e-05
0.289639
0.291332
0.467022
0.0034824
0.233655
0.438127
0.056827
0.440582
0.419703
0.15272
0.00774575
0.583637
0.102719
0.000233676
0.535883
5.28889e-05
0.0404393
0.0150538
0.379827
0.160174
0.0306735
0.695655
0.0389079
0.0218923
0.00445653
6.99282e-06
0.345184
0.277412
0.0265157
0.0157185
0.103096
7.41842e-08
4.40258e-06
1.26836e-05
0.0204118
0.000239276
0.567197
0.0676432
0.0368521
7.23006e-06
0.00252269
0.0314453
0.00174573
0.120423
8.94703e-07
0.00268109
0.00414651
0.242839
0.000113746
4.2748e-05
0.000901386
0.205572
0.000279532
0.0668761
0.197363
0.0254454
0.0423381
0.0242652
0.000465386
0.00656091
0.0274031
0.0170494
0.201493
0.00454062
0.010849
0.00107257
2.16412e-05
0.344089
0.0170645
0.0328145
0.0288399
0.000239512
0.0220285
0.238628
0.0201846
0.00719778
0.108048
2.99867e-05
0.169192
0.00144794
0.148394
0.0151445
0.432371
0.116146
0.316238
0.131876
0.0142948
0.000358827
0.103372
0.547234
0.00780308
0.000256522
0.00966861
7.91443e-07
0.0599417
0.319265
0.432385
0.0191062
0.0195005
3.94173e-05
1.12574e-05
0.245814
0.370517
0.00239168
0.644075
0.000936031
0.0148586
0.247765
0.00476137
0.097197
0.111103
0.157786
0.000154255
0.0263156
0.00286932
0.00095664
0.0524379
0.131271
0.0186353
0.0196346
0.0031159
0.448833
0.622535
0.422176
0.00999631
0.00563613
0.441232
0.174208
1.11583e-05
0.00894742
0.0137217
0.00232269
0.287266
0.239165
0.0574991
0.00214982
0.00621896
0.0301112
0.269199
0.434867
0.000130438
0.00116861
0.00367523
0.107408
0.0163702
0.270051
0.0146295
0.0812011
0.222606
0.29084
2.19642e-08
0.491404
0.126958
0.191622
0.0346538
0.306563
0.00319801
0.00500243
6.30526e-05
0.0171462
0.0216823
0.061995
0.257229
0.271696
0.0404649
0.601496
0.288355
0.0619191
0.0128353
0.00504364
0.0312826
0.176258
0.345883
0.0662794
0.460766
0.30268
0.596801
0.167372
6.5417e-05
0.0151597
0.328675
0.0653679
0.469406
0.027743
0.000628125
0.445424
0.000604849
0.000112716
0.24496
0.21884
0.331704
0.00208089
0.106379
0.328796
9.87079e-05
0.16092
0.0308955
0.547678
0.507289
0.000516731
4.22289e-06
1.76973e-06
0.156447
0.120766
0.023872
0.271036
0.464898
7.95599e-06
0.122915
0.35612
0.0855428
0.0040745
1.61067e-05
0.0394706
0.00462665
0.00049513
0.0229182
2.22684e-05
0.000318523
0.430674
0.0735032
0.0701739
0.0790606
0.0816216
0.0543086
0.119722
0.0004932
0.108591
0.44958
0.39498
0.000159131
0.597688
0.00397197
0.153183
0.026607
0.143505
0.000174525
6.16814e-06
0.562779
0.325463
0.632565
0.0251928
0.000156037
3.19601e-06
6.45912e-05
0.110699
0.000143832
0.0383439
0.00151552
0.218884
0.00832483
0.436306
0.326108
0.00782458
0.310799
0.000169884
0.000148572
0.0411351
0.264814
1.37799e-07
0.0140686
0.00337007
0.00725511
3.62478e-06
0.0166257
4.42127e-07
4.00064e-06
0.269637
0.0063306
0.000151531
0.186878
0.342701
0.00293751
0.361292
0.431205
0.00137975
0.518537
6.07411e-05
0.59024
0.175137
6.45965e-05
0.000594994
0.622615
0.0284455
0.340831
0.00733664
0.0152178
0.0505022
0.820844
0.000272555
0.00865579
0.261945
0.000651076
0.0424425
0.000216348
0.086321
6.55713e-06
0.00330887
6.52568e-05
0.0687121
0.0537061
0.333135
0.00635342
0.0984856
9.20583e-06
0.0718668
0.00423184
0.0436298
0.0155023
0.397377
0.438113
0.0955986
0.215049
3.26785e-05
0.0520344
0.208473
0.0875424
0.00312685
0.00303531
0.186558
0.00072175
0.124653
0.0163638
0.0273019
5.64646e-05
0.0321844
0.116117
0.00418675
0.031961
4.30332e-05
0.0140885
0.00946509
4.19685e-05
0.00486374
0.0049123
1.2713e-05
0.259832
0.792801
0.32379
0.000301125
0.131541
0.0178695
7.34086e-05
0.666924
0.299168
0.421819
0.00406034
1.54587e-06
0.00339642
0.464789
0.533409
1.11888e-05
0.0299198
2.09268e-05
0.100347
0.0983597
0.0185189
0.128053
0.0233574
0.605261
0.203369
3.35938e-05
0.00326398
0.0306885
0.0123484
0.132075
0.044521
0.572026
0.511334
0.000959584
0.193026
0.00234826
0.70381
0.000173655
0.0145168
0.000649137
0.00108859
0.00134028
0.177917
0.191913
0.0416984
0.00742117
0.00110322
0.0011336
0.00796674
0.000338637
0.0672229
0.362542
0.272347
0.298335
0.00363087
0.00439385
6.2944e-05
6.24626e-06
0.315428
0.684209
0.208962
4.94402e-05
0.172718
0.155543
0.00508773
0.0029811
0.000418302
2.64933e-05
0.0547528
3.4861e-05
0.115301
0.187208
0.434533
3.06053e-07
0.00100196
0.00196653
0.219382
0.389372
0.15963
0.00118396
0.000143796
0.252309
0.411518
0.0700273
0.514581
0.0465324
0.202498
0.257582
0.0506247
0.00810825
0.584472
0.0158605
0.118589
0.00652545
0.105132
0.000372315
0.273993
0.38403
0.00034541
0.0524878
0.00196997
9.01717e-06
0.0308729
0.00027719
0.565502
9.24361e-10
0.33198
0.0201431
0.0013692
0.00499604
0.038543
0.0501656
0.00536937
0.13914
0.185816
1.27906e-06
0.0370607
0.000925432
0.000250022
0.000927799
1.21601e-05
0.0079781
0.230395
0.0100785
0.0968758
0.44003
0.0375447
2.62711e-05
0.157883
0.00619851
0.264782
0.0265667
0.0733221
0.00057306
0.608165
0.410823
2.67277e-05
0.124619
0.482973
0.00240467
0.0220606
0.305701
0.576878
0.0282148
0.0890613
0.12289
0.0235755
0.117541
0.0124371
0.298016
0.680164
0.000734967
0.30155
0.0481278
0.00705443
7.40307e-05
0.180678
0.00711717
0.0036766
0.214833
0.448975
0.334731
0.50335
4.09283e-06
0.358794
3.40882e-05
9.29943e-05
0.102629
0.397734
0.433636
0.534431
0.123337
0.000489258
0.0192719
0.0331686
0.00256585
0.0210195
0.013225
0.471206
0.0258258
0.0232192
0.269026
0.00103376
0.017793
7.32778e-06
0.572355
0.0158362
0.161012
0.253853
0.100953
0.427549
0.147853
0.0984131
0.000156272
0.000170143
0.328888
0.145744
0.000342302
0.00378538
0.00375489
0.000977205
0.11435
3.10602e-05
0.00072779
0.00281666
0.00962282
0.000371796
0.225817
0.222632
0.489573
0.0116394
0.00335928
0.234087
0.361391
0.0389356
0.00157192
0.00259912
4.82402e-05
0.00657963
0.0065468
0.102488
3.75867e-06
0.319005
0.00272204
0.0577339
0.054238
0.0456161
0.112984
0.0531956
0.000131296
0.00103107
0.00198176
0.397317
0.5771
6.22694e-05
0.119609
0.0309019
0.00703994
0.370631
0.124751
0.0426358
0.00455686
0.00140508
0.452257
0.254339
0.0344648
0.312534
0.183298
0.000138837
0.577729
0.00345083
0.301994
0.00767625
0.0228361
0.00984129
0.00110223
0.624961
0.0914121
0.215744
0.21323
0.0739817
0.0879911
0.0113335
0.135814
0.110328
2.05755e-05
0.00257789
0.00502593
0.000161131
0.00419502
0.431044
0.00195986
0.255297
0.459521
0.000388705
0.16869
0.307797
0.204702
0.000556909
0.486794
0.0178189
0.305348
0.00751205
0.000217417
0.00262099
0.0748224
0.00097234
0.31387
0.431824
5.57674e-06
0.000313845
0.0736558
0.000874613
0.00433395
0.172226
0.192347
0.000966775
0.000291268
0.202102
0.00499752
0.455941
0.0417616
0.323152
0.153486
0.00286784
0.00145226
0.185632
0.724254
0.0730275
0.148964
0.000718428
0.098486
5.5986e-05
0.0217798
0.0108731
0.664151
0.091147
0.0237711
5.03915e-05
0.00585089
0.0587142
0.416762
0.157943
1.13282e-05
0.00925707
0.031022
2.25447e-07
0.2677
0.304321
0.166248
0.0708564
0.501602
0.344833
0.598959
0.00149458
0.0078013
0.029519
1.30606e-05
0.22141
0.00759994
0.0841205
0.0190195
6.42848e-06
0.38981
0.557212
2.37902e-07
0.0122666
0.456391
0.23556
0.39312
0.00380247
0.511157
0.25421
0.0560234
0.250976
0.419026
0.0644769
0.157535
0.143164
0.000372005
0.0403179
3.31046e-05
0.240385
5.32975e-05
0.359943
0.173212
0.114579
0.304264
0.237903
0.447164
0.366856
0.106298
0.000114905
0.0112696
0.0695188
0.145253
0.000149152
0.0223533
0.000450759
1.49438e-07
0.00708663
4.81897e-05
0.694695
0.0838306
0.00111334
0.257643
7.895e-05
7.51781e-07
2.59784e-05
3.84609e-05
0.0327642
0.0448607
0.00114571
1.5437e-06
0.0172416
0.322383
2.0728e-08
0.00391591
0.0176047
0.00111487
0.0984637
0.0776737
0.512912
0.382365
0.210894
0.00784724
0.237743
0.236011
0.000215071
0.315979
0.51577
0.161417
0.00456526
0.00367009
0.0146156
0.00348844
0.000574662
0.00934319
0.20971
0.0457844
0.337065
0.0360698
0.000691723
0.0230604
2.66455e-07
0.563996
0.10531
0.0543648
0.644712
0.593813
0.376464
0.522126
0.0503131
0.00103225
0.0108895
0.0899277
0.00189519
0.160148
0.303316
3.00695e-05
0.00123358
0.0058044
2.38208e-05
3.20639e-06
0.010532
0.209114
0.000728819
0.110653
0.209123
0.54657
0.000122209
0.473294
0.0012184
0.131134
0.318521
0.650981
0.380222
0.00352014
0.493809
0.000780497
0.691851
0.134091
0.0222387
0.518698
0.00665533
0.684106
0.259225
0.0996351
0.053968
0.0377638
0.322174
0.0101123
0.000174116
0.0682995
0.00277307
0.0742073
2.35362e-08
0.101628
0.00487371
0.00185566
0.0181968
0.339964
0.0165992
0.279576
0.000343428
0.297977
0.345458
0.486477
0.123064
0.000951409
0.0629828
0.0820216
0.001001
0.0155245
0.00308966
7.50313e-05
0.505471
0.561926
0.312248
8.3587e-06
0.0281872
0.377433
0.00410119
0.219023
0.322162
0.368608
0.12535
0.193417
0.0311467
0.00793552
0.000166755
0.000191221
0.0578483
0.225745
0.000251231
0.341538
0.0518558
1.45107e-08
0.00365055
0.333456
0.0326864
0.067159
0.0762896
1.37809e-05
0.0320082
0.395167
0.00853889
0.61394
0.00332691
0.53734
0.398461
0.209635
0.200177
0.376995
0.147918
0.034632
1.97995e-05
0.0777351
0.513006
0.151746
0.0278144
0.0310443
0.018502
0.298901
0.142553
0.151771
0.279726
0.491805
0.31028
0.341321
0.545646
0.233574
0.27129
0.167435
0.492888
0.0951705
0.261858
0.00828666
0.241027
4.47147e-06
0.356994
0.0125067
0.0372088
0.0847334
0.194976
0.169432
0.415809
0.536854
0.00499151
0.0157083
0.29392
0.401584
0.291649
0.235647
0.018734
0.00321098
0.000660024
0.0435316
0.260586
0.0353347
0.10367
0.405154
0.00946815
0.0182676
5.57077e-07
0.000179867
0.324495
0.0015471
0.00187023
0.0358965
0.316349
0.215828
0.105341
0.468341
0.24917
0.0742875
0.0010824
0.000247503
0.0758059
0.115316
0.431614
0.415357
0.000751468
0.00356579
0.212951
0.295797
5.17787e-05
0.26491
2.72996e-05
0.0306017
0.497821
0.45227
0.536688
0.311944
0.0157147
0.640875
0.295354
0.0168806
0.0118241
0.00385727
0.000464768
0.000208499
0.00360636
0.401505
0.000725545
0.035632
0.161794
0.351686
0.357455
0.410361
0.135307
0.0777484
0.00461188
0.239624
0.345047
0.00179929
0.00340511
0.294543
0.000534639
0.132292
0.000479249
0.0658997
0.377013
8.23712e-05
0.000677432
0.324937
0.00406897
0.0064265
0.157307
0.0016193
0.360133
0.119803
1.80376e-05
0.0113046
0.37977
9.0054e-07
0.273513
0.560685
0.094106
0.00115782
0.200407
0.0250405
0.569379
7.6264e-05
0.38369
0.000193252
0.182937
0.0309529
0.00353668
0.0190301
0.00180746
0.00228948
0.166659
0.00397907
0.00749271
0.388853
0.0038554
0.121219
0.42415
0.653911
0.478937
0.0622826
0.480761
0.364805
0.000520476
0.405894
0.1382
4.69567e-05
0.0164553
0.000411162
0.32899
0.106693
0.0285002
0.0320489
0.0846543
0.142949
0.0293195
0.000386353
0.0721119
0.00724925
0.298047
0.0260171
0.123654
0.045641
0.000254527
0.655768
1.88635e-05
0.0868021
0.280554
0.193295
0.475959
0.000186351
0.0429674
0.558217
0.0117774
0.0809404
0.317575
0.432963
0.00501467
0.0203352
0.456044
0.0439415
0.337926
0.377559
0.00128514
0.00232265
0.0224984
0.11819
0.000500978
0.017268
0.197078
0.0075255
0.0531683
0.0117627
0.0380998
0.00272188
0.00567839
0.203244
4.30249e-05
8.00454e-06
0.0387465
0.0451128
0.00012045
0.508537
0.0162274
0.783652
0.000190063
0.222265
0.0107835
0.121233
0.0724837
1.63002e-07
0.000971559
0.107169
0.446097
0.155719
0.0995619
0.236233
0.238982
0.0181792
0.0376266
0.478805
0.00234233
0.00105424
0.19587
0.00672871
0.00431644
0.17415
0.141048
0.0149747
0.321335
0.044306
4.82681e-05
0.000498671
0.0211453
0.109236
0.000216946
0.109496
0.174856
0.281026
0.249618
0.0963993
0.455802
0.0772857
5.06633e-06
0.0313502
0.404619
0.255555
2.36601e-05
0.358307
0.00555938
0.35576
0.212458
0.265948
0.0211241
0.286611
0.00200312
0.00215216
0.00390923
0.0116274
0.0850559
0.270045
0.0134571
0.113094
0.00872954
0.153201
0.0019646
0.0907555
0.0248282
0.015916
0.35967
0.00134872
0.000275256
0.0402665
0.0021683
0.5114
0.000735817
0.000971743
0.238511
0.0057597
0.000595954
0.00482449
0.00708287
0.0385402
0.335224
0.354381
0.247868
0.093073
0.514231
0.583764
0.529987
0.307957
0.00506499
0.48184
0.00487255
0.402107
0.00186094
0.048453
0.000204358
0.150618
0.303535
0.0139418
0.00369221
0.175639
1.95408e-05
0.0244461
0.120744
0.452309
0.00995676
0.272736
0.00527082
0.0309112
1.11609e-05
0.0719299
0.024079
0.509387
0.0027663
0.298838
0.770374
0.0666823
0.177562
0.015895
0.0142068
0.0228793
9.00192e-05
0.0236354
0.403495
0.00238663
0.275379
0.000528048
0.214003
0.024825
0.00548837
0.754928
0.00171254
0.555132
0.000518419
0.000120916
0.33805
0.371202
0.317189
0.00767566
0.079419
0.320875
0.030198
0.0941515
0.0331056
0.472722
0.455537
0.283658
0.373192
0.020503
0.0243159
0.00893537
0.692075
0.00258208
0.0283437
0.228149
0.448297
0.00925138
0.509098
0.221112
0.0142122
0.267825
0.020029
0.120896
0.208893
0.314424
0.128055
0.0125055
0.316625
0.0134807
0.00717319
0.514611
0.167101
0.00217326
0.000363748
0.00663104
0.00682847
0.00137073
0.30409
0.321166
0.000112159
0.0188133
0.08374
0.0952279
2.14075e-06
0.145531
0.154616
0.0936496
9.9548e-05
0.176078
0.438698
0.0087757
0.000127814
0.215918
0.0203128
0.687753
0.000117216
0.0104589
0.0568079
0.000897491
0.241138
0.0103711
0.241764
0.490493
0.0749139
0.0445599
0.0421423
0.0225662
0.0922847
0.527295
0.123555
0.0254271
0.0226037
0.0260245
0.188258
0.580533
0.657513
0.326773
0.000111623
0.147954
0.0800428
0.0482995
0.350457
0.378532
0.0592082
0.0144051
0.531584
0.412361
0.105675
0.621791
0.354797
0.000318331
0.00117213
0.0363279
0.122423
0.170727
0.348702
0.00312966
0.342055
0.0298764
0.32157
0.0167199
0.301762
0.180813
0.334011
0.0261014
0.297377
0.0376083
0.202462
0.000757472
0.00075685
0.00022881
0.033423
0.00422346
0.194805
0.0543516
0.0003228
0.021264
0.0032432
6.65798e-07
0.0146297
0.62238
0.224614
0.0408584
0.191177
0.485055
0.18661
0.387042
0.108171
0.00150394
0.595168
0.00118858
0.398871
0.205367
0.121955
0.0324542
9.84196e-06
0.139032
0.0210277
0.0333717
0.0584012
0.087009
0.00185846
0.00270446
0.00416858
0.00348685
0.000579401
0.0605278
0.241834
1.6825e-07
0.41195
0.678406
0.225006
0.150627
3.46282e-06
2.20129e-07
0.302766
0.238277
0.712792
0.0017459
0.0120106
5.75362e-05
0.502342
0.463267
0.600456
0.464227
0.000784803
0.0625149
0.255972
0.00289619
0.0920757
0.46466
0.29522
0.00380481
0.224719
0.256876
5.41663e-06
4.42193e-08
0.013974
0.000355914
0.000693921
0.0161899
0.407207
0.297407
0.00278549
0.0671633
0.127692
0.314313
0.484548
0.0312538
0.0847971
0.016191
0.000250635
0.000359239
0.00827313
0.555482
0.0272433
0.38888
2.4277e-05
0.00205466
0.353329
0.413033
0.555626
0.0044829
0.370614
0.117162
0.132259
0.00226706
0.3689
0.0744666
0.0933782
1.91324e-05
0.278485
0.121754
0.000603533
0.548398
0.270505
0.000988935
0.000992159
0.410379
0.000318983
0.601036
0.450167
0.469716
0.132067
0.235077
0.00714746
2.10649e-05
0.0449894
0.237915
0.0166153
0.00765757
0.00665152
0.0479129
0.0848714
2.82622e-05
8.53529e-05
0.0410584
0.000799978
0.0399773
1.68963e-07
0.00876464
0.0266858
0.310952
0.133754
0.466002
0.258924
0.237706
0.418029
2.66536e-05
0.150043
0.000119129
9.43388e-05
0.170962
0.00645428
0.00659557
0.0152836
0.00143058
0.172993
0.402639
0.0140025
0.00677908
0.00289384
0.418692
0.221348
0.421588
0.583559
4.55128e-07
0.165189
3.14935e-05
0.0596036
0.00118586
0.0658066
0.026542
0.000963829
0.325363
0.00326606
0.525037
8.72164e-08
0.0233318
0.238585
0.137435
0.0337689
0.00079453
0.576183
0.282743
0.121595
0.108499
0.289735
0.000224016
0.479895
0.383171
2.01511e-06
0.00887163
0.0780762
0.000550343
0.352712
0.0126359
0.00913197
0.0149963
0.000419885
0.223561
0.027258
0.581934
0.270723
0.355457
0.0133955
0.26416
0.00507812
0.499793
0.0490951
0.0789538
0.379782
0.0158104
0.45586
0.11364
3.6493e-05
0.020018
4.64747e-05
0.429905
0.136518
0.267722
1.82599e-07
0.531054
0.0833502
0.00158962
0.00189579
0.0040861
0.087295
0.152572
0.205882
2.36845e-05
0.257099
1.06731e-05
0.159592
0.0204599
0.00705215
1.22305e-06
0.282599
1.80652e-05
0.0130317
8.24678e-07
0.00710403
0.636027
0.0585882
3.51964e-07
0.06649
4.96355e-06
0.0106575
0.46636
0.169086
0.0161122
0.0170978
0.154868
0.152603
0.0299267
0.216666
0.314222
0.343062
0.270493
0.320372
0.221532
0.0165078
7.22035e-06
0.0642393
0.0852075
0.00363641
0.0540111
0.0109937
0.124706
0.0624909
0.212279
0.0187528
0.36494
2.14985e-05
0.214829
0.392642
0.403515
0.263874
0.0419497
0.337759
0.0990961
0.190834
0.304021
0.00240355
0.456895
0.171567
0.00935991
0.229249
0.000910959
0.189302
0.0139814
0.000552149
0.00109169
0.598724
0.375897
0.0022416
0.525081
0.000353403
0.0561018
0.00568722
0.00130835
0.0124407
0.225104
0.570125
0.00818968
0.629811
0.0602093
0.0330469
0.000501204
0.000215745
0.0151322
0.384986
0.107296
0.233505
0.00463695
0.0524806
0.308073
0.57134
0.000363888
0.0289018
0.0124028
0.0124172
7.11898e-05
0.176802
0.400124
0.0297026
0.00629541
0.0506666
0.323211
0.293937
0.0160246
0.0983268
4.04452e-06
0.0351745
0.593795
0.280249
0.104086
0.00186957
0.486665
0.0864199
0.0492772
0.158318
0.106413
0.275611
0.0249146
0.00144353
0.238786
0.0010162
0.250624
0.137594
0.0137269
0.213918
0.00159359
0.886685
0.026918
0.104353
0.00701169
2.13435e-08
0.00983394
0.144435
0.317238
1.89663e-05
0.185388
0.000188775
0.090618
0.137221
0.509999
0.00852484
0.00430195
0.10605
4.40466e-05
0.0125759
0.543045
0.0930586
0.0354906
0.0519066
0.00409005
0.00623377
0.435692
0.0483123
0.000494102
0.0284373
6.54859e-05
0.262743
5.3081e-08
0.46981
0.0937453
0.025641
0.497704
0.154753
0.0422421
0.243451
8.54047e-06
0.0132141
0.00262027
0.499908
8.58968e-06
0.00585759
0.0228491
0.399509
0.00535069
6.03485e-05
0.00153504
0.383098
0.451849
0.000138568
0.0581907
0.00866366
0.00140646
0.108683
0.000260237
0.569161
0.00711679
0.00349798
0.00463653
0.419191
0.175998
0.0295119
0.000263287
0.000101343
0.000576914
0.00640675
0.444061
0.00572847
0.229268
0.000744203
1.72244e-05
0.00115555
5.21324e-05
0.000181478
0.360724
0.0224194
0.127087
0.268207
0.00198074
0.46251
0.276495
0.688613
0.225757
0.000419123
0.00593598
8.87155e-07
0.0248977
0.00447803
0.550738
1.61641e-05
0.0363039
0.274874
0.000116161
0.0194633
0.0447091
0.00264452
0.233716
0.0277037
0.375534
0.0539999
0.0765928
0.00253715
7.97993e-06
0.0760589
0.00436997
0.00854956
0.632809
0.149083
0.14222
0.00290984
0.299395
0.0478543
0.416324
0.335172
0.000170937
0.235688
0.392486
0.175329
0.352646
0.233449
0.693419
0.418005
0.0085561
0.00386415
0.111114
0.00442463
0.00824756
0.611859
0.0270715
0.0115688
0.0393813
0.0184779
0.00317353
0.000954132
0.00770004
0.000977117
0.609473
1.57086e-06
0.0232054
1.46985e-07
0.119118
0.017785
0.504008
0.104267
0.0663861
0.217467
4.92286e-05
0.00110319
0.00583352
0.165379
0.11288
8.15272e-06
0.0268864
2.63531e-06
0.140054
0.00030842
0.00177107
0.108739
0.0262469
0.564318
0.00594224
0.379207
0.0165626
0.0380202
0.436107
0.00621278
0.0461273
0.284742
0.491269
0.000322297
0.00464195
0.121264
0.573406
0.000192484
0.00110636
0.00269335
0.0746217
0.000831508
0.152254
0.000352324
0.000960617
0.271346
0.584653
0.0166996
0.463418
0.0264279
0.0592518
0.155247
0.0647308
0.000862535
0.426448
0.300884
0.485988
0.0431175
0.0525421
0.426396
0.000617965
0.000713103
0.200565
0.000429129
0.114594
0.0557848
9.22289e-05
0.164043
5.84254e-05
0.289973
0.41046
0.0973604
0.0208805
0.0112977
1.70777e-05
0.0172867
0.0270509
3.98809e-05
0.00140789
0.0129216
0.000360343
0.0986222
4.64339e-05
0.317212
0.38298
0.431464
1.34086e-06
0.00250971
0.123171
0.368042
2.36615e-05
0.635174
0.33499
0.00066328
0.0004084
0.434563
0.0140089
0.0354472
0.178919
0.239567
0.0774131
0.00101252
0.122096
0.308562
0.00115177
0.165878
0.167677
0.0803035
0.0322091
0.554844
0.0674512
0.0629753
0.294272
0.379519
0.210334
0.307936
0.0039032
0.0569455
0.00674698
0.000265102
0.133331
0.000133445
0.00780074
0.36453
0.201182
0.0279954
0.0463377
2.71651e-05
0.0279153
0.166274
0.0738748
0.496897
0.0064283
0.0283686
0.00358776
0.589641
0.0283683
0.485795
0.625939
0.131554
0.10438
0.0354208
0.0114837
0.00221767
0.0194617
0.000256522
0.214307
0.440042
0.00901997
6.1552e-05
0.000396876
0.278862
0.0982905
1.29913e-05
7.36181e-08
0.188167
0.00310438
0.0108628
0.186625
0.00240721
0.0717256
0.000570976
8.78924e-06
0.000300794
2.78874e-06
0.529689
0.00483763
6.50428e-05
0.121802
0.59893
0.112137
0.522368
0.147946
0.0168656
0.00439337
0.447021
0.121633
0.471771
0.0529816
0.00107134
0.760019
0.156742
0.137168
0.614698
0.133296
0.0268428
0.0766509
0.248842
0.575738
0.365734
0.0482064
0.470063
0.45378
0.0710307
0.00153441
0.687919
0.325905
0.132284
0.0009509
0.664004
0.000137938
0.0158346
0.153297
0.0147995
0.0709647
0.118325
0.579378
0.499489
0.233495
0.00250848
0.000470048
0.0980957
0.00184823
0.190139
0.428049
0.0192671
0.336253
0.230348
0.612777
0.303219
0.00680646
0.211308
0.574302
0.0054844
3.16066e-05
0.00342688
0.136894
0.0146325
0.0151374
0.0375601
0.00665484
4.92891e-05
0.00662371
0.0809744
0.0146536
0.00588126
0.0154382
0.296783
0.143937
0.271945
0.380176
0.000192548
0.000603081
0.000310644
0.0692291
0.0155062
0.290696
0.162868
0.0241557
0.00161827
0.00342508
0.00508983
0.00851337
0.00273958
0.00399678
0.490578
9.10443e-05
0.374132
0.000347102
0.375683
0.720214
0.238901
0.184676
0.508032
0.00178963
0.271861
0.00526304
0.384589
0.643269
0.323296
2.13878e-05
0.283715
0.302641
6.18449e-06
0.00590919
0.215991
0.636413
0.00170045
0.000365512
0.0195381
0.0812958
0.442012
0.483633
0.459278
0.00079992
5.19315e-06
0.0151757
0.0186246
0.0104386
0.261195
0.0741929
2.78355e-08
0.296865
0.00537372
0.00254141
0.00695171
0.0189783
0.0103552
0.017698
1.36321e-05
0.000102065
0.000907795
0.49542
0.309939
2.27025e-05
0.520063
7.26854e-05
0.395688
0.000181361
0.646931
0.0271898
0.193547
0.0387623
0.245881
0.226104
0.00865845
0.412558
0.260285
2.00386e-06
0.0025157
0.000964211
0.580679
0.00040966
0.0121324
0.0448085
2.33046e-05
9.52807e-06
0.537249
0.136035
0.000426242
0.252738
0.0258155
0.686845
0.0146855
0.000362126
0.000389783
0.00022498
0.000669302
0.0258077
0.0957656
0.274367
0.178403
0.00104384
0.00107984
0.364799
0.00515476
5.99232e-06
0.36695
0.493812
0.418611
0.000669627
0.0249255
0.000785084
0.0286124
0.0019042
0.056214
0.0684245
0.101272
0.108855
0.568777
0.398531
0.433
0.158765
0.507855
0.000313658
0.000327444
0.618238
0.00392213
1.21682e-07
5.69439e-05
0.115999
0.0157366
5.73713e-08
6.50569e-05
0.387591
0.000884662
0.687464
0.000730204
0.362447
0.270357
0.0017163
0.0906028
1.57278e-07
0.0124771
0.00281755
0.0774947
0.00197186
0.256512
0.00854334
0.0892236
0.202663
0.195352
0.0317052
0.0902508
0.411354
0.39214
0.0362193
0.00380427
0.00471412
8.51886e-05
0.464258
0.532896
0.326389
0.00126279
0.0725755
0.0189727
0.142369
0.000135842
0.0103122
7.94526e-05
0.0568741
0.0123598
0.0108713
0.00794079
3.73843e-06
0.000447587
0.00315377
0.00280562
0.23506
0.0395575
0.576539
0.000141791
0.292932
0.035202
0.000170492
0.218425
0.000453381
0.071589
1.31631e-07
0.572391
0.285967
0.000347311
0.289474
0.0149383
0.00102966
0.39938
0.00440285
0.110288
0.00118607
0.0101036
0.384389
0.262162
0.464159
0.00170951
0.0419595
0.328285
0.0129191
0.0374411
0.499422
0.0157245
0.00318044
0.00990638
0.00410823
0.0858361
5.40353e-05
0.207862
0.000192492
0.026731
0.348291
0.57846
0.0253285
0.181525
0.00283901
0.629027
0.00611123
0.000771967
0.00091028
0.00461927
2.24462e-05
0.358696
0.428373
0.030735
0.00568523
3.74396e-07
0.451356
0.0320512
0.182795
0.14121
0.00532214
0.299949
7.42815e-05
0.399516
0.166951
0.290086
0.000622168
0.0542471
0.0022136
0.256387
0.535417
0.000302412
0.135425
0.0869544
0.124137
0.175492
5.0363e-05
0.0186176
0.0620898
0.203213
0.00250032
0.0892671
0.140725
0.0018106
0.519405
0.00284189
0.158139
0.210278
0.262793
0.385006
0.000303295
0.636071
0.0728193
0.0562967
0.00320869
0.0111636
0.00486044
0.108383
3.64971e-06
0.000325234
0.415272
0.0779584
0.0179198
0.322608
0.00941805
0.000400793
0.0663857
0.00465648
0.019833
0.0509556
0.445686
0.00163337
0.69301
0.01131
0.00681433
0.6039
0.0996329
0.000768183
0.00171485
0.0543383
0.0142858
0.17447
0.342044
0.316722
0.000344414
0.029212
0.264721
0.24798
0.409511
0.0565203
0.402974
0.246428
0.000964584
0.000160023
0.00165693
0.300739
2.32781e-05
0.256371
0.000624575
2.12634e-05
0.308664
0.0157898
0.0435705
0.00168994
0.00677497
0.375745
0.156324
0.0084232
0.0897635
0.000144353
1.051e-05
0.296348
0.0348817
0.293777
0.0233719
8.78794e-05
0.507391
0.0120021
0.246493
0.0222631
0.0926509
0.237629
1.90904e-06
0.408857
0.00245063
0.0318313
0.0486002
0.392015
0.0908574
0.075892
0.053513
0.0346057
0.320293
0.219087
0.00689983
0.536942
0.403171
0.309645
0.108632
3.2165e-05
0.159656
0.02018
0.024838
0.00601985
0.0544218
0.0959969
0.00520627
0.00906559
0.0376221
0.553073
0.00142178
0.0194395
0.0547568
0.0374669
0.488394
0.513648
0.00695179
1.1334e-05
0.436304
0.000777276
0.239094
4.59654e-05
0.334052
0.159349
0.316613
0.134742
0.131972
0.0102033
0.00700885
0.631276
0.403597
0.000968033
0.000578625
0.016385
0.680083
0.576318
0.369995
0.00965873
1.29989e-05
0.0108924
0.0181702
0.00080763
0.0348045
0.0323953
0.171394
0.0152954
2.45823e-05
0.338823
0.00397713
0.295512
0.0734162
0.00201288
0.128982
8.72778e-05
0.0816698
0.0682725
0.142421
0.591168
0.471387
0.0126876
0.00106021
0.0686212
0.00123504
0.000115899
0.0142779
0.0132673
0.199538
0.680039
0.0782425
0.259142
0.000120303
0.48604
0.0262862
0.203495
0.707575
0.532519
0.00116301
0.0238253
0.276851
0.104683
0.740157
0.1237
0.131064
0.0108957
0.499606
0.0536079
0.455516
0.000406782
0.237584
0.579325
0.0150786
0.00196312
0.00431993
0.0155535
0.00525723
0.000153354
0.335324
0.000290247
0.43749
0.431439
0.162508
0.0691871
0.00594636
0.0276996
0.0286851
0.779719
0.125685
0.00886497
0.000229578
0.34291
0.00490007
0.000213316
0.0102739
0.446851
0.0453305
0.0091241
0.00178253
0.357635
0.45584
0.319483
0.426176
0.608739
2.2229e-06
0.505416
0.0377981
0.0312541
0.00982729
4.1958e-05
0.514798
0.00273929
0.0134203
0.00472598
0.001799
0.116046
0.0510544
0.0102759
0.000601868
0.0575939
0.0557732
0.0747038
0.169551
0.217212
0.257772
0.18993
0.00197677
0.165478
0.406301
0.00262028
0.448136
0.00368377
0.0946795
0.359765
0.0686317
0.000239768
0.029835
0.0099411