0.360685
0.0659235
0.197829
0.0411772
0.338865
0.000482004
0.446833
0.0470703
0.502786
0.147667
0.0895709
3.77981e-07
0.188287
0.0457624
6.27203e-05
0.0327606
0.0178622
0.219009
0.000186355
0.000691175
0.0256015
0.201312
0.319871
4.46026e-06
0.00194436
0.527722
0.189676
0.0199707
0.000186664
0.00122668
0.0391785
0.118258
0.296775
0.099671
0.000757027
0.484178
0.00145763
0.432591
9.43431e-06
3.99932e-05
0.137807
1.05052e-05
0.0923037
0.00143899
0.0338199
0.0101577
0.373064
0.191904
0.12283
0.503526
0.000904265
0.0521333
0.243589
0.387709
0.00258343
0.000158096
0.485327
0.483505
0.422897
0.325408
0.00747171
0.0040769
0.268285
0.322056
0.256276
0.00475821
0.130723
0.31926
0.194083
0.421894
0.483159
0.0258851
0.000199637
0.000938225
0.564918
0.0353443
0.315288
0.645508
0.0225099
0.000121603
0.00270547
0.322276
0.00773501
0.0400527
0.0121433
0.101435
0.47064
0.199359
0.00671112
8.41018e-05
0.00253367
0.410679
0.000300563
0.00143486
0.135763
0.0389828
0.0538359
0.299766
0.116469
0.316172
0.328085
0.223656
0.000130452
0.51131
0.0185048
0.0222026
0.448801
0.00271809
0.0544098
0.000648886
0.228039
0.0525554
0.323099
0.0750613
0.150109
0.368622
0.00190799
0.128746
0.327565
0.212084
0.214384
0.623161
0.0255049
0.00278608
0.00227048
0.216277
0.00564769
0.205611
0.582273
0.0774714
0.00552181
0.294545
0.00755386
3.35754e-07
0.410288
0.0534149
0.000242375
0.0215484
0.343586
0.131583
0.273586
0.000131403
0.000806036
0.284762
0.00243025
0.00973428
0.00209652
0.221237
0.013168
0.316661
0.28519
0.0115896
0.223932
0.208818
0.128164
0.02389
0.0292035
0.00237763
0.0150945
0.0193716
0.319815
0.0918139
0.106065
0.0157949
0.301951
0.121616
0.00675593
0.294521
0.17849
0.405393
0.0593405
0.520982
0.071139
0.00119726
4.71651e-05
3.62732e-05
0.424059
0.0306013
0.00149145
0.012143
0.23218
0.000591584
0.000218406
0.37629
0.118683
5.24209e-07
0.118506
0.430014
0.622074
0.358818
0.505812
0.103776
0.040142
0.163738
0.0693534
0.637662
0.000407915
0.014725
0.325646
0.0167435
0.00829954
0.265919
0.000319568
0.432042
0.124153
0.138003
0.301273
0.0119403
0.00431038
0.00214525
0.335958
0.318559
0.0437068
0.314643
0.236002
0.0349202
0.080195
0.00678405
0.0477263
0.456501
0.200924
0.480277
5.85238e-06
0.497385
0.224303
0.00363781
0.397054
0.0898171
0.390482
0.355798
0.00103686
0.188249
0.238298
0.0646166
9.12974e-05
4.06246e-05
0.0136218
0.584429
0.342053
0.0228307
0.000597428
0.120543
0.530047
0.00873102
0.0363003
0.475861
0.093082
0.0441906
0.000445204
0.511696
0.0566109
0.0103027
1.65285e-05
0.0224005
0.52505
0.485301
0.0357805
0.00986302
0.210073
0.313077
0.0454903
0.0935793
0.0165081
0.191899
0.0922924
0.0607125
0.460531
0.000700018
0.0129995
0.468791
0.424418
0.655815
0.00026336
0.149349
0.00017536
0.31045
0.00115272
0.313636
0.113525
0.310564
0.0489602
0.00976066
0.0023308
0.258068
0.204752
6.11873e-08
0.0054682
0.154054
0.0653893
0.00121292
0.0558236
0.0040908
0.0271091
0.22485
0.0542247
0.211091
1.84916e-05
0.0069324
0.0326434
0.000143148
0.00842766
0.0866832
0.0388969
0.406223
0.0875948
0.283328
0.257882
0.0401124
0.0426712
0.303607
0.0881132
0.000292459
0.019846
0.488538
0.0492968
0.025753
0.454908
0.0697898
0.00123475
8.34525e-05
0.197472
0.200939
0.366301
0.224942
0.353593
0.472897
0.0299139
0.0644447
0.680949
0.0121366
0.0692275
0.00716973
0.186396
0.000628137
0.00112168
0.0038189
0.25696
0.000142941
0.281809
0.0327648
0.028385
0.00132444
0.123156
0.20283
0.154944
0.00594134
0.01786
0.0139083
0.00020269
0.00212563
0.000403799
0.273562
0.203349
0.0101464
0.0262499
0.0607072
0.547437
0.323544
0.00468295
0.00820335
2.41414e-05
0.00285468
4.43587e-06
0.26952
0.000242487
0.365041
0.34852
0.758128
0.394048
0.379111
0.157607
0.00128323
0.00110403
0.113818
0.000302723
0.0753657
0.567879
0.285352
0.128524
0.00932747
0.0161214
0.0250031
7.67205e-05
0.0168409
0.334935
0.371052
0.0153187
0.201465
0.125465
0.163293
0.00555325
0.0883775
0.254463
0.679966
0.0263389
0.031373
0.0580939
0.684241
0.0207405
0.332859
0.00753436
0.323453
0.0366443
0.0111467
0.00174421
0.501052
0.00257748
0.408976
0.00347823
0.454001
0.295179
0.213741
0.653943
0.0110844
0.0561392
5.69316e-05
0.08924
0.449399
0.486064
0.00542919
0.107672
0.463168
0.190578
0.0512917
0.300432
0.0737414
0.0530143
0.420821
0.430735
0.0126807
0.100736
0.0567296
0.385864
0.110551
0.596264
0.0271325
0.0415825
0.506053
0.240752
0.292696
0.13108
0.489036
0.000269103
0.189527
0.439751
0.261618
0.0548946
0.0324465
0.191743
0.254499
0.323972
0.0890131
0.189619
0.253681
0.000942947
0.0618337
0.0983458
0.433889
0.127939
0.743467
0.265228
0.0142096
0.256729
0.379762
0.610827
0.00233519
0.0990766
0.264911
0.321096
0.00551022
0.610512
0.00133201
0.00312556
0.192678
0.0575115
0.0512174
0.430875
0.388191
0.117093
0.0540641
0.388897
8.44147e-05
0.00184868
0.171222
0.271724
0.408856
8.12417e-06
3.5401e-06
0.31384
0.0464468
0.31911
0.0653186
0.0447231
0.00819738
0.0138701
7.56646e-05
5.49506e-05
0.153095
0.340744
0.0253627
0.0695024
0.0199026
0.0174308
0.0247891
0.000199226
2.01508e-06
0.00863068
5.98137e-05
0.442371
0.0019351
0.00569624
0.000145837
0.000139766
0.211092
0.000465358
0.275827
6.34301e-05
0.0182249
0.129841
0.0272965
0.130501
0.00499361
0.0298559
0.0460387
0.000710183
0.410392
0.464354
0.000399713
0.365324
0.0116351
0.0482966
0.463373
0.258421
0.0019876
0.000738841
0.000594264
0.210883
0.241356
0.154302
0.0919328
0.0280794
0.312872
0.0110503
0.00192739
2.96772e-06
0.00233978
0.200347
0.0539404
0.0245063
0.315409
0.391632
0.214571
0.00137565
0.00264901
4.89707e-06
0.0193796
0.341659
0.00180714
0.601392
3.98117e-06
0.000515179
0.0386398
9.17087e-05
0.240479
0.406417
0.37599
0.0475594
0.310805
0.339297
0.333699
0.0150158
0.00758962
0.0177673
0.77357
0.250546
0.0612714
0.0120559
0.178882
0.00257756
0.287707
0.0572136
0.281595
0.000578848
0.391004
0.000534544
0.368205
0.389934
0.00693995
0.000355548
4.29867e-06
0.000917294
0.000992197
0.0436103
0.197812
0.462663
0.071533
0.000613315
0.327599
0.552261
0.381691
0.196024
0.0152008
0.00661729
0.00116144
0.296776
0.000409733
0.305758
0.444179
0.0981515
2.02299e-08
0.0313569
0.403733
3.63867e-05
2.52254e-05
0.000208347
0.105209
0.122742
0.0241251
0.256532
0.238984
0.0015575
0.608358
0.0776722
0.576792
0.00221592
1.55754e-05
0.000124746
0.0375601
0.037893
0.604886
0.243318
0.334017
0.0693832
0.102873
0.0762732
0.0169584
0.00117919
0.781383
0.153777
0.167836
0.191444
0.43499
0.144552
0.00235398
0.0258793
0.193753
0.563342
0.178962
0.0123658
0.169184
0.0915116
0.562695
0.11639
0.181725
4.20984e-06
0.332944
0.301925
0.295848
0.0131546
0.251973
0.000207662
0.315002
0.000336867
0.117642
0.484469
0.241158
0.000340125
0.00391881
0.294511
0.333414
9.69326e-07
0.474437
0.645571
0.000234853
0.388374
0.169693
0.0324104
0.0410716
0.560323
0.31355
0.203197
6.50444e-06
0.414164
0.462844
0.000492886
0.261357
7.85065e-05
0.202791
0.0753892
0.539791
0.0898416
0.060414
0.0759709
0.00893611
0.00017317
0.449813
0.308931
0.178279
0.014998
0.00725173
0.0180489
0.223995
0.00101179
0.00189675
0.0164795
0.156804
0.271629
0.007124
0.0837889
1.27342e-05
0.242465
0.00207336
0.000253118
0.00786894
0.0019221
0.675268
0.479604
0.460143
0.223205
0.117148
0.257658
0.0162059
9.97967e-05
0.296177
0.00260183
0.309289
0.285222
0.268001
0.14584
0.123306
0.346006
0.00141864
0.00103326
0.0581771
0.272063
0.446132
0.356566
0.146723
0.0255305
0.279508
0.0170212
0.0486056
0.00214956
0.0133002
0.479976
0.0488616
0.493203
1.13648e-05
0.105207
0.19361
7.31572e-06
0.0631857
0.00477851
0.301626
0.0455279
0.343474
0.000704549
0.0231729
0.216555
0.281117
0.341537
0.197477
0.0918673
0.0336497
0.135175
0.00966396
0.253393
0.226106
0.117974
0.103803
0.214558
0.0692049
0.00499552
0.179923
0.0131774
0.619946
0.26986
7.87174e-05
3.74852e-06
0.00216261
0.000135697
0.000392237
0.0152714
0.0716522
0.0176824
0.410218
0.625572
0.103683
0.660384
0.000152698
0.00898711
0.00781403
0.591768
0.197932
0.478648
0.00358332
0.54379
0.538126
0.0237913
0.243715
9.67044e-06
0.0183281
0.288751
0.00036649
0.39686
0.257852
0.0280674
0.0720029
0.00109423
0.682753
0.437825
0.0141057
0.219824
0.0497644
0.338031
0.000837445
0.000818948
0.258971
0.49663
0.261848
0.282924
0.288544
0.00105709
0.00988918
0.00247229
0.603719
0.172536
0.000259864
0.432735
0.740214
0.0485572
0.227561
0.00790771
0.246118
0.441203
0.118738
0.0951045
0.348248
0.341553
0.000170456
6.08332e-05
0.0203407
0.000214542
0.0213798
0.0249486
0.619042
0.0749264
0.00342694
0.378157
0.0032724
0.241864
0.00062196
0.00191724
0.0376586
0.000313312
0.245607
0.0496409
0.0959032
6.29061e-05
0.000136468
0.00156275
0.0796525
0.288533
0.226102
0.00317741
0.0352895
0.636728
0.05514
0.000436387
0.188822
0.46833
0.00345118
0.389865
0.180187
0.107114
0.0152825
0.00132968
0.30829
0.624067
0.290036
0.00294835
0.172919
0.570467
0.0221056
0.00608151
0.295578
0.326348
0.290182
0.551416
0.113325
0.195872
0.260294
0.128252
0.268039
0.0279612
0.0986775
0.586257
0.250984
0.325328
0.147736
0.56661
0.00436729
0.000741947
0.00259843
0.159775
0.0303415
0.265098
0.0663843
0.00452244
0.0134248
0.583177
0.257428
0.591178
0.0106026
0.00799463
0.121521
0.325149
0.000518579
0.00140335
0.0927829
0.0938421
1.41146e-06
0.000266856
0.181885
0.455707
0.059802
0.355007
0.0124809
0.0279696
0.0248186
0.0200546
0.0106777
0.621962
0.117923
5.44858e-05
0.289871
0.0436066
0.0213703
0.41736
0.029009
7.09455e-05
0.0890266
0.192981
0.150349
0.000180542
0.273328
0.00310563
0.0791752
0.563376
0.000386785
0.643002
8.38203e-06
0.283451
0.416178
0.317802
0.000120028
0.447614
0.0543363
0.00100966
2.62606e-05
0.000395289
0.133884
0.388091
0.0137686
0.00752142
0.174222
0.370601
0.0183743
0.287988
0.00172606
0.00238342
0.019022
0.562166
0.0102491
0.327669
3.52612e-06
0.100768
0.0823865
0.0168254
0.000740686
0.0224411
0.0659235
0.442266
0.00118426
0.00184368
0.191677
0.204867
0.0146877
0.10791
0.134188
0.0113502
0.284126
0.000140588
0.294049
0.410633
0.0257893
0.0630843
0.267366
0.53329
3.20864e-06
0.000256421
0.0129704
0.113219
0.00191717
0.0135783
0.171777
0.00889838
0.343068
0.164239
0.0195105
0.000158182
0.000106819
0.549076
0.488452
0.154123
0.0486521
0.113514
0.00014317
0.00743472
0.377574
0.0271839
0.225775
0.0658388
0.271243
0.0827989
0.0661149
0.00195614
0.00356898
0.0154794
0.0046895
0.238798
0.169187
0.553681
0.720345
0.327569
0.0170122
0.504162
0.0460582
0.0276509
0.410405
0.389359
0.00114461
0.495183
0.165025
0.027939
0.0247431
0.162649
0.232349
0.217083
0.148189
0.0552528
0.546598
0.00467885
0.000407758
0.239951
0.00893866
0.0519452
0.520923
0.453813
0.0503258
0.000748458
0.0110646
0.487796
0.000453828
0.7111
0.307883
0.00335221
0.00548269
1.18509e-05
0.000101395
0.175556
0.000168618
0.000597048
2.41795e-05
0.244477
0.0184389
0.335376
6.93348e-05
0.00489154
0.00277546
0.00364954
0.00647312
0.00419931
0.263573
0.385988
0.105005
0.0802774
0.0302927
0.00248474
0.000925773
0.152284
0.0129843
0.0121502
0.305188
0.606868
0.188152
0.0122231
0.0065592
0.00666683
0.0286548
0.362458
0.000860072
6.63346e-05
0.0343291
0.00989014
0.171283
0.000329111
0.00154919
0.00195578
3.5584e-05
0.265464
0.000642192
0.527656
0.154295
0.225319
0.0949422
0.302661
0.00624989
0.350364
0.00270778
0.311233
0.325063
0.00478808
0.175961
0.00847456
0.00105236
0.150689
0.000368945
0.419441
0.512175
0.377578
0.0204858
0.330748
0.0088404
0.144452
0.00172903
0.00016205
0.310031
0.376334
0.000545406
0.000239505
0.276544
5.89489e-05
0.0011383
0.453584
0.305532
0.37049
0.278171
0.272659
0.02177
0.051269
0.298084
0.00118687
0.064929
0.0177537
0.236139
0.335326
0.204254
0.0321366
0.0136132
0.000548197
0.00367145
0.0089244
0.410199
0.000917772
0.169511
0.621019
0.588307
0.504257
0.260384
0.054529
0.00269151
0.0273171
0.691699
0.263772
0.00122014
0.220737
0.298854
0.179371
0.194413
0.0592242
0.328377
0.246324
0.0353523
0.187594
0.429859
0.0546996
0.210489
0.0340684
0.0348682
0.125693
0.295314
0.163832
0.281571
0.0117186
0.000673071
0.0139999
0.000481758
0.00633279
0.514482
0.0031222
0.258385
0.368458
0.0138344
0.000547805
0.0796736
0.032204
0.485335
0.49772
0.16263
0.00140873
0.166722
0.282284
0.152398
0.000572649
0.000381332
0.554444
0.245685
0.107784
0.0325958
0.723747
0.216465
0.523339
0.120078
0.301403
0.1859
0.000545867
0.362354
0.779782
0.175152
0.234209
1.88135e-06
0.0439039
0.257385
0.296121
0.000634855
0.311581
0.363322
0.0105168
0.165389
0.262529
0.143269
0.386214
7.93485e-07
0.214684
0.0116125
0.0255235
0.391409
0.659658
0.00303236
0.0190466
0.217292
0.0522838
0.0106475
0.135207
0.000948012
0.141318
0.00224649
0.522855
3.09622e-07
0.438822
0.469556
0.296631
0.0797207
0.131169
0.313027
0.162104
0.0225578
0.622614
0.191616
0.021837
0.000325056
0.0308969
0.0394589
0.399549
0.635416
0.104417
0.316407
0.0572266
0.0323908
0.0062444
0.00362794
2.45574e-05
0.0435799
0.00528367
0.160637
0.0687124
0.00326408
0.00261291
4.56941e-05
0.0321092
0.00193098
0.691257
0.354406
0.310782
0.00415357
0.0142557
0.282862
4.62184e-07
0.0260318
0.414046
0.00619111
0.0907822
0.358273
0.240972
0.0058048
0.231876
0.115912
0.379924
0.219368
0.0122458
0.000739707
0.0021349
0.0426037
3.99766e-07
0.231515
0.00143645
1.22668e-05
0.398336
0.0313421
0.00638584
0.453012
0.317388
0.194945
0.00129796
0.0343031
0.439161
2.6618e-05
0.158776
0.181963
0.41124
0.0368961
0.295407
0.333284
0.242516
0.433824
0.308204
0.0491375
0.000131235
0.118222
0.359059
0.0382446
0.41353
0.00428109
0.0349714
0.0138338
0.860031
0.206486
0.242646
1.31325e-06
0.0153077
9.2848e-05
0.408795
0.197561
0.018096
0.474455
0.6648
0.000528244
9.54484e-05
6.34063e-07
0.00151574
0.000419963
0.00284943
0.0357143
0.000929814
0.0348768
0.00139776
0.249514
0.0709172
0.000565579
0.000512409
0.405546
0.000201538
0.516986
0.286092
0.000134664
0.00956913
0.178433
0.302653
0.0242983
0.356973
0.0906726
0.00526484
0.0469434
0.000444358
0.00412259
0.274357
0.120522
0.353193
0.00698949
0.00015341
0.27849
0.000125688
0.0344511
0.500778
0.177764
0.291936
0.00986186
0.685337
0.064858
0.402638
0.0123026
0.00162296
0.389978
0.00407981
0.334877
0.0527571
0.0309771
0.301926
0.0145774
0.12842
0.742327
0.183956
0.373384
0.0548536
0.0324517
0.055637
0.00315493
0.295939
3.71054e-05
0.304557
0.0173971
0.0654579
0.0137589
0.00291755
0.334233
0.000881763
0.00192584
0.00368274
0.527078
0.0268948
0.167653
0.000147155
0.336283
0.0440417
0.393781
0.00737852
0.0406279
0.557932
0.221659
0.263843
0.0647332
0.417931
0.314335
0.0551079
0.00380032
0.00246755
7.77222e-05
0.016973
0.00991567
0.459077
0.400169
3.36247e-06
0.519514
0.404916
0.256513
0.224037
7.67524e-05
0.319439
0.00489108
0.00371261
0.169935
0.109197
0.0574767
0.463092
0.0546755
0.133338
0.134345
0.0244707
0.0259325
0.50075
0.460926
0.471704
5.33941e-05
0.248336
6.2803e-07
0.00859754
0.0452172
0.0792967
0.703182
0.388174
0.0819013
0.0807227
3.29816e-06
0.22672
0.512275
0.00601977
0.000217719
0.00658784
0.00120791
0.000136428
0.495808
0.454641
0.356476
0.236282
0.26734
0.479767
5.46943e-05
0.13197
0.0248882
0.301098
0.017972
0.0614903
0.542088
0.0226428
0.254478
0.115272
0.46067
0.00901202
0.410568
0.00609365
0.261489
0.000453647
0.582656
0.0149335
0.00327599
0.0733574
0.0695559
0.109514
0.00151942
0.0109304
0.05748
0.0611329
0.383887
0.0933012
0.724358
0.0852737
0.404559
0.0149318
0.0456256
0.273123
0.211989
0.02719
0.29972
1.89409e-05
0.00404263
0.154351
0.0916594
0.422761
0.253601
0.000693976
0.0321637
0.000815705
0.0153503
0.142374
0.212592
0.00612424
0.150909
0.394644
0.381901
0.105773
0.000903747
0.00989804
0.0138701
0.0388958
0.0245412
0.042532
0.00167161
0.00647695
0.0331928
0.028696
0.0320033
5.02916e-05
0.00252545
0.0327726
0.0240221
0.369351
0.330604
0.120767
0.461337
0.282032
0.219499
0.383849
0.0198735
0.334766
0.14729
0.578513
0.47124
0.0110132
0.0146104
0.429454
0.0574806
0.00230776
0.391244
0.253497
0.0582468
0.000149986
0.326344
0.0255491
0.0332324
0.336092
0.288524
0.0166548
0.264071
0.564076
0.222675
0.28862
0.249947
0.00252636
0.0098334
0.617512
0.000443911
0.00323037
0.325455
0.37238
0.451848
0.587767
0.149572
0.0423887
0.0520242
0.798264
0.330492
0.703388
0.00170461
0.00741759
0.0110235
0.0187534
0.00138971
0.179708
0.0041838
0.636046
0.0359255
0.386718
0.37151
0.0120405
0.503796
0.165106
0.00107584
0.289897
0.130029
0.0330643
0.131146
0.32757
0.196864
0.00180098
0.000486578
0.0397514
0.21946
0.0514399
0.00483915
0.404346
0.075047
0.319273
9.56765e-06
0.108697
0.0741826
0.00478209
0.0101028
0.000674852
0.408329
2.2224e-06
0.311049
0.0262691
0.049392
0.00654619
6.74482e-06
0.316708
0.000241196
0.0159931
0.0115491
0.530737
0.00140461
0.525822
0.382863
0.00761816
0.000557941
0.0817862
0.235925
0.000397225
0.0661991
0.448386
0.00104451
0.23578
0.506072
0.0678273
0.344276
0.0104473
0.0431125
0.000389577
0.00251581
0.25767
0.453458
0.00406554
0.267861
0.0213063
0.278921
0.054177
0.0357477
0.0567839
0.0251941
0.279517
0.130221
7.23937e-05
0.0313739
0.00275548
2.28311e-06
0.107636
1.6521e-05
0.0892665
0.0141412
0.0241736
0.295295
0.178966
0.00144443
0.311895
0.000567288
0.0205289
1.17334e-06
0.439961
0.18574
0.269132
0.00234558
0.0178246
0.399878
0.35288
0.0214442
0.0169646
0.0126573
0.0642899
0.000202496
0.00857329
0.62298
0.0186527
0.56004
0.0588676
0.00210245
0.00844396
0.337303
0.0287348
0.0022372
0.629844
0.0318488
0.22865
0.00980852
0.341951
0.000127615
0.281037
0.678629
0.0425008
0.514165
0.411172
0.360119
1.59613e-05
0.0633486
0.000772836
0.00491057
0.0417886
0.4919
0.105143
0.345846
0.301178
0.00250903
0.000400367
0.00205765
0.0152994
0.0532653
0.641951
0.0513561
0.239928
0.511773
0.00306002
0.0579315
0.00507621
0.166286
0.166358
0.449356
0.476321
0.66899
0.154512
0.0869043
0.23838
0.239329
0.387336
0.00902044
0.00876808
0.522058
0.0220764
0.00328021
0.000428126
0.348819
0.367083
0.000170602
0.459959
0.0023119
0.00836215
0.307239
0.273813
0.403294
0.158073
0.399009
0.347624
0.23411
0.000310228
0.288805
0.366074
0.0869381
0.163626
0.03296
0.0147648
0.0306169
0.127339
0.016282
0.101421
0.468251
0.218023
0.000170219
0.00329096
0.376437
0.000247798
1.93445e-05
0.0168586
0.33474
0.0278498
0.181442
0.0382438
4.72374e-06
0.472671
0.135178
0.128574
0.0043501
0.0219368
0.0786372
0.480973
0.428494
0.00445411
0.000710061
0.000185935
0.0143961
0.0705119
0.435681
0.443603
0.0912759
0.0211436
0.000131352
0.00506726
0.460519
0.00450177
0.0665483
0.487213
2.97924e-05
0.289903
0.388505
0.000119282
0.022504
0.00898383
0.153913
0.0688437
0.0703805
0.196056
0.000201326
0.121956
0.00314742
0.569377
8.93903e-06
0.00241042
0.000527885
0.000826089
4.39384e-05
0.540274
0.00169756
0.0248207
0.63167
0.0876061
0.601164
0.00130356
0.0123944
0.000297254
0.366815
0.0952647
0.00473892
0.122683
0.632546
0.141253
0.0110964
0.00457435
0.00719217
0.535928
0.421396
0.00851265
0.000404945
0.00120885
0.00188581
0.395461
0.223462
0.248144
0.0348451
0.705975
0.316285
0.0275395
0.00129698
0.00788727
0.000189234
0.590893
1.20327e-07
0.0173872
0.0258217
0.0799015
0.305562
0.521649
0.00173544
1.40652e-05
0.25498
0.00147851
0.00101098
0.0241261
0.488779
0.416054
0.282977
0.00800274
0.488568
0.427352
0.0898893
0.0147997
0.0795632
0.00210924
1.55544e-05
0.14851
0.000378083
0.0641536
0.0347017
0.0376483
0.52455
0.131689
0.0166697
0.642041
0.0668085
0.241745
0.260261
0.0781991
0.416368
0.0214594
0.000179415
0.359331
0.00534559
0.476704
0.0330077
0.240298
0.363657
0.273529
0.448059
0.59163
0.525536
0.00431201
0.0977176
0.432539
0.173641
0.000527643
0.299767
0.0265446
0.248315
0.2865
0.054281
0.036039
0.281481
0.14503
0.528041
0.0074237
0.856205
0.10244
0.0108871
0.00843043
0.0435249
0.0172672
0.144735
0.0323431
0.129542
0.00206931
0.00268899
2.63267e-05
0.040731
0.17215
0.0696209
0.575457
0.320779
0.000705925
0.488503
0.00249925
0.198849
1.61299e-05
0.116535
0.00268798
0.487406
0.00243722
0.776917
0.00319621
0.198976
0.297548
0.109343
0.00249622
0.234613
0.287528
0.00485346
0.00351269
0.318656
0.168444
0.153322
0.367714
0.272956
0.0609355
0.035894
0.0256448
0.165351
0.25402
0.408408
0.00601655
0.0382117
0.00138172
0.0987001
0.00292935
0.474534
0.520437
0.312639
0.00175819
0.188196
0.0696449
0.236118
0.0605389
0.33876
0.522374
0.14797
4.67522e-06
0.0331652
0.00826425
0.0292931
0.0478321
0.00211165
0.339909
0.203603
0.000313956
0.0107453
0.0371828
0.0516905
0.590675
0.316687
0.17013
0.107823
0.582707
0.375072
0.279253
0.37113
6.58317e-05
0.0556429
0.0892385
0.0432066
0.000661848
0.0123358
0.0305736
0.000859079
0.00705022
0.0212932
0.00396729
0.00226641
9.60883e-09
0.101146
4.87091e-05
0.025904
0.00209589
0.0750904
0.243558
0.310732
0.0642409
0.0798159
0.014199
0.3141
0.000353915
0.0791463
0.362696
0.0327202
0.0384762
0.325362
7.25271e-05
0.00023563
0.664765
0.00934261
0.000561883
0.04774
0.397137
0.000722216
0.15117
0.268987
0.424019
0.431575
0.00108716
0.608474
7.70428e-05
0.261162
0.559061
0.390621
0.119411
0.00011994
0.00518843
0.154788
0.12914
2.81273e-06
0.003717
0.262586
0.0375722
0.245208
0.0483678
0.000995117
0.040147
0.0169414
0.0157271
0.156778
0.00702921
0.145421
0.0290922
0.426543
0.360262
0.00229237
0.00322222
0.131367
0.01533
4.5616e-06
0.273296
0.0648472
1.64295e-06
0.324779
0.00398934
0.00331127
0.351449
0.125886
0.000141629
0.0778608
0.000457184
0.344924
0.0167547
0.18019
0.215091
0.0105395
0.149262
0.492022
0.43004
0.40948
0.00132139
6.99863e-06
0.032882
0.0321752
0.0420084
0.0186435
0.000198839
0.00811166
0.496855
0.00518438
0.337532
0.0407848
0.131769
0.535888
0.00273419
0.000149823
0.0060695
0.513475
0.109757
0.0814391
0.474597
0.345379
7.13945e-06
0.25084
7.52186e-05
0.491923
0.000437971
0.393643
0.230458
0.201446
0.0149677
0.00748843
0.00191944
0.321524
0.0245338
0.00407978
0.000888866
0.204086
0.0567857
0.279686
0.0338455
0.566847
0.256542
0.000118231
0.578398
0.204752
0.209705
0.714463
0.000504629
0.078609
4.68985e-06
0.00451334
0.567628
0.297144
3.60845e-06
0.00130985
0.00655657
0.284769
0.098549
0.260665
0.000240215
0.012114
3.89127e-05
0.00159561
0.0392471
0.367865
0.0525804
0.000322878
0.00119026
0.03996
0.0243506
0.0201985
0.0168864
0.266377
4.10176e-06
0.0456828
0.463541
0.101336
0.0571568
0.206909
0.577376
0.0785018
0.539358
0.00217642
0.000163424
0.0861629
0.0581408
0.102247
0.340242
0.0139793
0.282592
0.0036029
6.77259e-05
0.00291331
0.0528548
0.000354648
0.180516
0.340586
0.47931
0.429657
0.0497311
0.0457615
0.181951
0.00131657
0.298752
0.30344
0.314568
0.0615377
0.148259
0.359738
0.0200682
0.236371
0.107119
0.00945981
0.0256739
1.23422e-06
0.101321
0.426878
0.400368
0.563336
0.000249951
0.270833
0.0949544
1.65099e-05
0.0641454
0.107821
0.00130992
0.00349458
0.490205
0.00330913
0.190198
2.19993e-06
0.00274335
0.0875913
0.112221
0.240594
0.349526
0.51656
0.00552649
0.364189
0.158062
0.0172208
0.0219186
0.0257531
0.000130404
0.00174363
0.493805
0.00039344
0.00151784
0.424313
0.133084
0.147232
0.028634
0.0748121
0.335411
0.0174649
3.78065e-07
0.000220059
0.00826793
0.0274954
0.645552
7.94202e-05
0.000107843
0.00650032
0.00582218
0.471618
0.44635
0.209477
5.34961e-05
0.149784
0.000871419
0.0486528
0.323089
0.000175012
0.0431212
0.223313
0.0971126
0.0885537
0.272528
0.608364
0.632223
0.000306235
0.0699471
0.0271694
0.0181872
0.0373067
0.196649
0.0605355
0.0785416
0.135146
0.0902015
0.586676
3.35261e-05
0.263002
0.00318576
0.41359
0.00168315
0.277668
0.239989
0.000228794
0.237751
0.0912382
0.00174013
0.000188521
0.0371652
0.0564446
0.0347529
0.00398245
0.436414
0.0409638
6.88659e-05
0.219253
0.107218
0.00772242
0.0222328
0.00329854
0.286401
0.26989
0.551427
0.0839426
0.000371779
0.0425912
0.0226513
0.418683
0.233775
0.546246
0.00769968
0.30728
0.0122923
0.0504487
0.00171011
0.196177
0.1231
0.000536057
0.0175748
0.335014
0.000349557
0.59339
0.132034
4.33995e-06
5.10058e-05
0.188863
0.446554
0.294477
0.135307
0.267551
0.00308715
0.00435155
1.07983e-07
0.165488
0.389215
0.632678
0.559577
0.0576494
0.0037914
1.86167e-05
0.415914
0.0421941
0.0819467
0.0477128
0.144379
0.297668
0.49662
0.254804
0.00336573
4.42355e-05
0.00280738
0.396648
6.64536e-05
0.0581234
0.0438294
0.000168796
0.0350902
0.00702935
0.0425801
0.293487
0.395167
0.00423572
0.00665217
0.269055
0.219718
0.39399
0.3665
0.0168229
0.0227448
0.273273
0.53408
0.0153683
0.253028
0.0852052
0.00237222
0.164366
0.119469
0.311689
0.0215034
0.00411726
0.0472231
0.000387549
0.23716
0.000241639
0.354621
0.310842
0.0244999
0.074655
0.0914388
0.263408
0.465085
0.0551455
0.46665
0.064354
0.00805975
1.23724e-06
0.00102646
0.0668605
0.0138681
0.14798
0.243823
0.000195694
0.189572
0.00807245
0.0260697
0.552337
0.0333734
0.000344511
0.0336993
0.00171899
0.00025341
0.0969558
0.0854732
0.17854
0.304548
0.000319446
0.0704763
0.0019675
0.224578
0.000119075
0.000315115
0.0127842
0.52579
0.292276
0.0685607
0.000379318
7.97293e-08
0.0618427
0.00135087
0.120099
0.000353533
0.113042
0.0927173
0.0247241
0.0449262
0.000290252
0.00485733
0.183427
0.00284219
0.684248
0.0826497
0.317194
0.0322399
0.00764736
0.342443
0.0228428
0.00121395
0.169341
0.505063
0.513338
0.203152
0.0332422
0.00292832
0.0183611
0.31911
0.306976
0.168339
0.114403
0.113212
0.171015
0.00627038
0.658959
0.0881035
8.85839e-06
0.603468
0.374498
0.059238
0.0026734
0.00634658
0.13896
0.118705
0.382588
0.0064678
0.194975
0.586972
0.212281
0.363724
0.0108528
0.0375928
0.275802
0.0286894
0.308125
0.35179
0.654299
0.00301347
0.437667
7.18776e-05
0.00482104
0.145423
0.312376
0.0309255
0.00329324
0.0664337
0.182525
0.0746938
0.010609
3.78711e-05
0.0271536
0.00817401
0.0286575
0.140122
0.423705
0.00156735
0.000388001
0.10366
0.11086
0.0157357
0.629921
0.00143599
0.0292931
0.0499865
1.173e-05
0.0540123
0.18305
0.000242228
0.350442
0.114284
0.47674
0.737334
0.000344951
0.112893
0.171016
0.0166784
0.0196698
1.02344e-05
0.567096
0.0836449
0.0118637
0.00268906
0.122503
0.09422
0.618142
0.00170802
0.0276987
0.000954966
0.00129587
0.420922
0.0165728
0.0201188
0.081985
0.300916
0.000276425
0.450734
0.000657257
0.000938743
0.00295408
0.128019
0.358954
0.32904
0.100989
0.00221363
0.00230249
4.07191e-05
0.0806183
0.000533541
0.0711474
0.11978
0.00955256
0.00126797
0.44662
8.43857e-05
0.187237
0.448527
0.160992
0.00510025
0.00526193
0.162588
0.730364
0.00747454
0.615053
0.244285
0.000666933
0.317171
0.22116
0.188591
0.0667379
0.0756556
0.28983
0.045542
0.281631
0.0692637
0.0573006
0.346319
0.519496
0.304759
0.0251304
0.20553
0.384246
0.151728
2.45762e-05
0.031757
0.478216
0.314976
0.451974
0.000174267
0.00491379
0.126036
0.4387
0.00343002
0.0115255
0.639742
0.38649
0.00148701
0.00992798
0.0345205
0.342817
0.00127049
0.386912
0.180022
0.202245
0.167513
0.00437991
0.0202
0.0940513
0.0530268
0.0581562
0.0108296
0.0363489
0.328257
0.0758783
0.0483833
0.0575659
0.163091
0.302691
0.0446699
0.054734
0.010805
0.00636455
0.0289572
0.817782
0.00532401
0.0432721
0.224412
4.14742e-06
0.395904
0.441865
0.239395
2.61157e-05
0.0922293
0.352007
0.685745
0.0057469
0.0120665
1.26009e-05
0.134107
0.313464
0.484218
0.0350894
0.00206648
0.00607803
0.52141
0.497936
0.0320282
0.0023848
0.440462
0.306359
0.0147492
0.000229609
0.533044
0.289701
0.00272001
0.0117123
0.166899
0.000521133
0.454472
5.99976e-05
0.49572
0.0950004
0.0296641
0.276376
0.203801
0.456497
0.114362
0.00929891
0.0248038
0.0755346
0.011403
0.00116262
0.382461
0.451084
0.0383838
0.0847644
0.00320296
0.236224
0.00023672
0.00492525
0.330376
0.0420046
0.0610136
0.0156965
0.688178
0.00185512
0.0490987
0.00266883
1.59967e-05
0.00346507
0.521857
0.545777
0.0540831
0.000186833
0.00526227
0.286246
0.297239
0.0521832
0.0680158
0.0419381
0.194801
0.283072
0.285747
0.196452
0.0614503
0.0457093
0.311608
0.00106259
0.169779
0.00427506
0.0489449
0.538739
0.257283
0.33951
0.532358
0.0998973
0.00443839
0.466058
0.341925
0.366006
0.0161253
0.0600172
0.00420913
0.45357
0.000642793
0.020475
0.0873095
0.0531767
0.197226
0.58281
0.00152802
0.797412
0.827383
2.92061e-05
0.000171176
0.00965601
0.00026638
0.0032789
0.125571
0.0876767
0.042981
0.392566
0.000570822
7.42774e-05
0.273925
0.12393
1.77549e-06
4.89598e-05
0.5336
0.00032882
0.322754
0.0118155
0.426541
0.0323279
0.403574
0.0423394
0.0411852
0.51577
0.00638124
0.585105
0.236665
0.000613462
0.458726
0.301186
0.00915511
0.281113
0.36278
0.658871
0.293351
0.325345
0.00653646
0.000476174
0.0503768
0.487716
2.64637e-05
0.583176
0.633363
3.78548e-06
0.0571241
0.490278
0.397985
0.000131106
0.230541
0.00414932
0.423941
0.0899943
0.114965
0.444298
0.775983
0.517822
2.27295e-05
0.191395
0.0132979
0.00130572
0.00269331
0.00346138
0.0664293
0.000218009
0.397979
0.0502839
0.0144831
0.00147919
0.053897
0.304601
0.139763
0.000175281
0.102355
0.000464115
0.000155887
0.119608
8.52783e-05
0.449584
0.406539
0.32399
0.00809848
0.0427104
0.273066
0.126269
0.11088
0.357009
0.344526
0.032958
0.423878
0.319643
8.03618e-05
0.148668
0.00195457
0.00166701
0.473147
0.0258912
0.360572
0.0655541
0.30019
0.287828
0.127351
0.197114
0.00021738
8.02826e-07
0.0272459
0.432851
3.62593e-05
0.48044
0.0421014
0.129192
0.267387
0.0662441
0.155541
0.023003
0.0629723
0.0918268
0.331926
0.00246699
0.0813213
0.100743
0.621518
0.265099
0.445197
0.00259621
0.355784
0.00323413
0.26835
0.000205473
0.247974
0.000195185
0.446729
7.69347e-05
0.371499
0.455224
0.0106269
0.0452943
4.16766e-05
0.0318326
0.0611264
0.275518
0.0508272
0.0232405
5.81878e-05
0.017608
0.478094
0.112537
4.12801e-05
0.298743
0.227256
0.147842
0.042701
0.00159941
7.79347e-05
0.168047
4.32562e-05
0.00241732
0.000737773
0.0394233
0.576255
0.349885
0.00882183
0.0732817
0.380899
3.58506e-05
0.108056
0.14738
0.00102939
0.501751
0.184617
0.598618
0.333991
0.0242183
0.0928675
0.190098
0.0124818
0.0426592
0.00344102
0.00401915
0.255066
0.229111
0.332559
0.000819687
0.31161
0.00289722
0.00802254
0.35345
0.146849
0.0602608
0.083362
0.0193807
0.000177945
0.504983
0.00563167
0.00086905
0.00743775
0.361281
0.0283961
0.491796
0.086229
0.100243
0.00124583
0.548431
0.286032
0.00466461
0.0061042
0.148644
0.101478
0.00721214
0.166193
0.398121
0.000316913
0.0505875
0.00344121
0.315338
0.00791937
0.43879
0.110882
0.00198618
0.0152814
0.00280943
0.0164201
0.0930425
0.457103
0.561099
0.3534
0.00346155
0.104166
0.000328195
0.00230383
0.0199891
0.367444
0.0100334
0.0184169
0.499034
0.000861051
0.0337056
0.0503442
0.051357
0.00772884
0.00133846
0.219452
0.100603
0.552123
0.264211
0.00348293
0.331035
0.201985
7.45715e-05
0.374335
0.237868
0.0034892
0.115397
0.112523
0.0136558
0.00330507
0.00765745
0.000990462
0.0184592
0.176467
0.00418409
0.0119665
0.346547
0.0238554
0.369444
0.284796
0.00184642
0.0603002
0.00278478
0.0099757
0.498472
0.14525
0.107743
0.0151254
0.210495
0.325714
0.84052
0.169215
0.562444
0.307178
0.0453235
0.090724
0.0421286
0.204777
0.00336874
0.0511948
0.657442
0.0559322
0.053797
0.0125062
0.216531
0.265881
9.67837e-05
0.0171671
0.273461
0.355702
0.280054
4.04032e-06
0.00454403
0.0953612
4.26722e-06
0.187711
0.655175
0.392782
0.00054039
0.438021
0.338122
0.00449596
0.0989621
0.00215095
8.52499e-07
0.108871
0.000220293
0.0273004
0.0502798
0.00288761
0.189589
0.028077
0.342577
0.364387
0.00693883
0.30847
0.0337302
0.0819789
0.65142
0.682806
0.0186299
0.170914
0.0759234
0.0287348
0.228437
0.389322
1.30307e-08
0.00549228
0.019405
0.469801
0.45231
1.05531e-07
0.0268562
0.00437177
0.0006426
0.380864
0.28637
0.168604
0.00562952
0.462069
0.285512
0.023082
0.702783
9.80884e-05
0.398584
0.0142268
0.000816268
0.00106266
0.365213
0.00728403
0.0149247
0.494739
0.0181596
0.127501
0.161851
0.0121207
0.0104288
0.0219808
0.0070382
0.0601432
0.0188546
7.08954e-09
3.25438e-05
0.058877
0.229423
0.332073
0.00208691
0.0215115
0.00862782
0.412733
0.178586
0.0860086
0.00234112
0.241452
0.185943
0.00138912
0.109016
0.00762258
0.000372838
0.515587
0.301723
0.000404731
0.0542625
0.325284
0.00064623
0.0188631
0.0906013
0.000525051
0.78284
0.0331446
0.0461959
0.427229
0.00402939
0.213605
0.0133286
0.0136962
0.172393
0.335632
0.104949
0.0217705
0.032594
0.0148509
0.000519227
0.510543
0.000175438
0.526145
0.00386352
0.592177
0.00292836
0.744132
6.48985e-05
0.0323028
0.0697154
0.0422483
0.4532
0.000867895
0.321771
0.0492048
6.81984e-05
0.516336
0.186447
0.447841
0.00404435
0.359198
0.0516231
0.383955
0.000321968
0.273532
0.00659268
8.00596e-05
9.42614e-05
0.396519
0.313036
0.591302
0.459424
0.0437584
0.338818
0.205509
7.82429e-05
0.379391
0.0032094
0.029151
0.0777458
0.172007
0.0150391
0.628053
0.00148912
0.287706
0.00538223
0.0229422
0.0411125
0.31912
0.408288
0.0196882
0.435211
0.385772
0.0881596
0.0137725
0.56663
0.418551
0.443605
0.00314759
0.0104379
0.00512102
0.424982
0.00124267
0.000123517
0.546575
0.310849
0.3813
0.000397876
0.0077639
0.00694797
0.0263271
0.00320667
0.0123944
0.325195
0.000418243
1.44791e-06
0.0220539
0.423822
0.0221535
0.00292924
0.0201598
0.0125274
0.00621589
0.0286836
0.00175164
0.0966163
0.370429
0.0745014
0.000425819
0.0630676
0.0130127
0.000482523
0.00727107
0.00546765
0.0303951
0.163953
0.000150631
0.000237659
0.00138955
0.265699
0.626193
0.419148
0.0833204
0.652327
0.0300506
0.0707201
0.00981756
0.000561665
0.236664
9.78242e-07
0.0906244
0.300636
0.00366022
0.365759
0.775843
0.0222366
0.0188584
0.565991
0.000182357
0.000170162
0.144131
0.570875
0.115271
0.417664
0.00129965
0.0882529
0.516141
0.0716109
0.0824131
0.482948
0.0527389
0.0932269
0.117843
0.00026467
0.00610088
0.302188
0.207566
0.406506
0.176907
0.102744
0.508009
0.127311
0.0514353
0.0367781
0.577612
0.318652
0.0219719
6.29377e-05
0.445619
0.0047274
0.567062
0.229068
0.00453342
0.308518
0.325575
0.234101
0.249558
0.669847
0.507554
0.43879
0.303303
0.174559
0.00402099
0.365231
0.116714
0.677907
0.107244
0.0210633
0.155459
0.0230544
0.000482595
0.00748791
0.0293307
0.364943
0.00103295
0.425035
0.0106119
0.339619
0.00107917
0.217841
0.000604637
0.372666
2.47639e-06
0.0254785
0.39838
0.0052612
0.306935
5.29319e-06
0.010373
0.253833
1.09426e-05
0.23893
0.00902991
0.369843
0.156981
1.91755e-06
0.00838178
4.39546e-07
0.119381
0.00621532
0.277955
0.0797521
0.376468
0.307683
0.0602387
3.28802e-07
4.00963e-05
0.125586
0.0242121
0.0201527
0.359406
1.14973e-05
0.00295771
0.0181085
0.107282
0.382985
0.321642
0.250598
0.567891
0.790599
0.141858
0.00269342
0.0539471
0.381867
0.655486
0.000216844
8.32409e-06
0.0398737
0.00216972
0.00777267
0.238989
0.271596
0.29313
0.0043033
0.321376
0.66726
0.0264712
2.20822e-06
0.432184
0.00140654
2.27399e-06
0.525672
0.422727
0.00957539
0.373733
0.0237662
0.371433
3.62273e-05
0.326615
0.00863746
0.193354
0.123987
0.013932
0.0128539
0.27886
0.00137586
0.0529778
0.0620383
0.207444
0.335367
0.00444101
0.425698
0.0219969
0.252513
0.0782347
0.759346
0.00300118
0.0419711
0.00539261
0.0556007
0.0109751
0.123266
0.225322
0.0535967
0.0313308
0.001702
0.420853
0.220763
0.00991166
0.00193174
0.0818032
0.304476
0.0226234
0.254215
0.0183744
0.00949166
0.0153004
0.378325
3.02713e-05
0.000646568
0.28384
0.350737
0.404629
0.388212
0.00263641
0.10551
0.444036
0.26843
0.541387
0.428904
0.443247
0.000243357
0.020196
0.472785
0.324157
0.484712
0.000129271
0.440968
0.162446
0.110407
0.178177
0.0766221
0.0209708
0.302046
0.0337525
0.342193
0.0553143
1.1356e-06
5.93526e-06
0.106765
0.214986
0.0673153
0.165629
0.0341032
0.00142608
0.309972
0.12426
0.12279
0.00634714
0.244343
0.0472533
0.00303061
0.00291922
0.283284
0.450418
0.577655
0.399991
0.00100898
0.00480668
0.284472
0.281027
0.729418
0.000518779
0.0174204
4.97212e-05
0.0543319
0.215629
0.0202254
0.00544965
0.000631233
0.00267698
0.0796892
0.264477
0.0175865
0.000432014
0.249741
0.00223739
0.0695681
0.000593326
0.447225
0.00247469
0.018381
0.00742666
0.196873
0.0238682
2.89604e-05
0.30914
0.408286
0.0229149
0.000118809
3.59929e-05
0.060144
0.00055115
0.564322
0.274289
0.396286
0.365163
0.463981
0.399625
0.253422
0.21744
0.20266
0.0311423
0.0045975
0.143957
0.00451483
0.00677374
0.000685151
0.00250997
0.723929
3.80388e-07
0.164708
0.00665198
0.0359422
0.0173698
0.410077
0.0377534
0.326668
0.0146565
0.0130034
0.00344952
0.000101573
0.488564
0.50308
0.268509
0.0160883
0.00103155
0.308118
0.390924
0.131524
0.293856
0.000107597
0.00849624
0.130032
0.43361
0.00161043
0.0170738
0.265302
0.00232816
0.186655
0.134157
0.380562
0.343542
0.161803
0.41904
0.00307805
0.31599
0.0620778
0.000583408
0.744913
0.497857
0.350885
0.00391089
0.127264
0.301162
0.369723
0.782592
0.0117625
0.0156142
0.187067
0.328768
0.022588
0.204498
0.0394508
0.336991
4.5293e-06
0.0406439
0.00118912
0.231588
0.303909
0.0436316
0.598674
0.0904639
0.0363178
0.238573
0.415094
0.0504723
0.0330915
0.0603034
0.0560749
0.0415158
0.00945914
0.00333166
0.289408
0.379178
0.0503793
0.00114455
0.273964
0.00322753
0.0160255
0.0849653
0.0117279
0.000984724
0.0227349
0.000270761
0.572465
0.441003
9.02601e-05
0.408175
0.294935
0.264358
0.00671354
0.242332
0.24486
0.291753
0.638264
0.0317048
0.11352
0.000958352
0.0229511
0.501348
0.0545393
0.0697584
0.065611
0.00013838
0.441946
0.57732
0.00375049
0.135225
0.283594
0.0722404
0.00102628
0.0515966
0.000315293
0.122822
0.00107304
0.538268
0.000610298
0.00184211
0.106189
0.0872019
0.277794
0.174555
0.458333
0.0902091
0.443518
0.57585
0.585275
0.0945103
1.05715e-05
0.00225183
0.0133334
0.000849805
0.039993
2.80342e-05
0.00502369
0.130614
0.449689
0.441063
0.00354351
0.766887
0.000134317
0.175339
0.0129426
0.184508
0.38608
0.303732
0.196451
0.00746114
0.0484719
0.00204689
7.24104e-05
6.10537e-05
0.476708
0.346876
0.494747
0.00811158
0.273483
0.350047
4.45538e-05
0.0301121
0.000314076
0.139192
0.0210432
0.223081
0.117686
0.142052
0.398298
0.380524
0.631961
0.0182756
0.0100813
0.00147393
0.135583
0.226741
0.0221515
0.504842
0.247826
0.254197
0.0293215
0.31218
0.0180207
0.00650795
0.239983
0.259333
0.306491
0.457763
0.00029081
0.277166
0.16188
0.26739
0.0936888
0.0110714
0.130738
0.000689414
0.323526
0.00116011
0.36688
0.0650435
0.429038
0.000416291
0.126962
0.0462203
0.37344
0.104611
0.406817
0.423775
0.0693328
0.00113671
0.146405
0.000143028
0.0323779
0.00215784
0.0150976
0.0244889
0.00521852
0.655295
1.09747e-05
0.744988
0.246636
0.171083
0.10963
0.700429
0.0913923
0.216382
0.00110978
0.169027
0.322092
0.0124939
0.250676
0.000244275
0.0509234
0.112867
0.355663
0.452226
0.0400628
0.0392645
0.069227
0.0248348
0.311118
0.389742
0.280901
0.000103049
0.0529712
0.0109783
0.00990159
0.000831034
0.144794
0.000150456
4.50048e-05
0.179479
0.000481618
0.0771309
1.02671e-05
0.00565967
0.0950891
0.432315
0.278812
5.42938e-05
0.00933468
0.31153
0.631448
0.00298264
0.447948
0.0044107
0.0439903
0.0673947
0.000257212
0.000177209
0.173218
0.00151638
0.489027
2.60622e-05
0.0196521
0.432535
0.13294
0.452985
0.0219366
0.0374554
0.0171781
0.568504
0.000819547
0.00219182
0.0291923
0.390452
0.00860208
0.0527481
0.614564
0.0012839
0.00718279
0.585126
0.359615
0.00926162
0.0354314
0.00674784
0.0733559
0.0474131
0.0948775
0.0075217
0.00538134
7.18029e-05
1.699e-05
0.393932
0.383385
0.0577266
0.00224124
0.0272767
0.16992
0.150717
0.0138013
0.0836186
0.604602
0.449278
0.369847
0.406527
0.00700105
0.303491
0.487623
0.230354
0.375417
0.00799859
0.013035
0.072183
0.00226804
0.0666935
0.00103152
0.00310035
0.0170455
8.17302e-05
0.0750953
0.00190887
0.0040559
0.482046
0.152262
0.359498
0.421437
0.228884
0.0286181
1.68428e-05
0.3356
0.142538
0.36425
0.300526
7.1442e-05
0.190354
0.559706
0.0382572
0.00737166
0.000492783
0.000108614
9.50494e-06
0.013861
0.00313827
0.0084079
0.233267
0.000682981
0.00363427
0.0379554
0.000778905
0.264873
0.495401
0.0134261
0.000514802
0.112504
0.0328
0.539268
0.0184224
0.00138437
0.460871
0.746964
0.00241262
0.0114871
0.0749334
0.0120514
0.32885
0.603575
0.0671464
0.0222027
0.00518254
0.0709021
0.0201364
0.0269213
0.0764908
0.0207951
0.0203107
0.0635981
0.000273772
0.00103087
0.48317
0.0228552
0.404958
0.00522256
0.355849
0.559314
7.36182e-07
0.0312803
0.146159
0.0108671
0.322691
0.345722
0.356184
0.175065
0.00701887
0.0366922
0.00130748
0.000127881
0.000308458
0.250263
0.442334
0.333578
0.125349
0.419809
0.430852
0.55114
0.234421
0.0658858
0.1645
0.14478
3.4753e-05
3.10065e-05
0.00360504
0.0609908
0.0767893
0.171259
0.555566
0.633251
9.42418e-06
0.29107
0.253148
0.011368
2.67896e-05
0.0576428
0.183768
0.0153739
0.000508185
0.13873
1.03885e-05
0.0829252
0.01816
0.0145823
0.00450338
0.421702
0.00571755
0.172347
0.0253689
0.186491
0.0475738
0.00135861
0.0215148
0.00427134
0.402684
0.0150218
0.0110822
0.000353462
0.12782
0.362741
0.0997071
0.00348789
0.000280492
0.0586432
0.362628
0.199699
0.305562
0.438539
0.034657
0.0254574
0.016366
0.336409
0.000137991
0.0246944
0.0739091
0.388139
0.000248832
0.020892
0.00315468
0.0356119
0.00020685
0.374648
0.381879
0.204958
0.000948845
0.00102556
0.000716432
0.879756
0.00990816
0.0108143
0.200867
0.114802
0.0822098
0.14988
0.101818
0.000929094
0.00108919
0.0228937
0.0716645
2.18576e-05
0.0667344
0.470407
0.176361
0.00778953
0.000334233
0.446302
0.0105179
0.00173688
0.00498212
0.382526
0.291796
0.00897543
0.0164044
0.417046
0.310655
0.578004
8.47012e-05
0.188106
4.84001e-07
0.0448495
0.00816878
0.00293241
0.357496
0.228849
0.0863789
0.000131954
0.103082
0.549947
0.0492448
0.000523634
0.612176
0.0119442
0.242963
0.00103597
0.488896
0.00651141
0.207035
0.430389
0.00486105
0.0135855
0.00313767
0.466418
0.120584
0.0312813
0.274743
0.0887367
0.0144152
0.32521
0.0535187
0.239148
0.324163
0.0199202
0.479599
0.442982
0.0464132
0.181591
0.474141
0.00073415
0.000392429
0.0038158
0.00089558
0.00539409
0.289824
0.362034
0.68708
0.00553844
0.0466241
0.244968
0.290596
0.042807
0.0145695
0.454587
0.334226
0.592033
0.040199
0.0601948
0.259837
0.0123042
0.0541008
0.256629
0.61998
0.0892954
0.688669
4.97276e-06
6.14544e-06
0.0297929
0.434214
0.172544
0.00057193
0.293237
0.42899
0.456278
0.0369301
0.0316904
0.000260951
0.321962
0.111544
0.00193047
0.0522165
0.00376873
0.020847
0.207239
0.00078516
0.0829832
0.000750766
0.0810554
0.183538
0.00423012
0.145981
0.196887
0.000182211
0.236171
0.000449581
0.00517216
0.0454277
0.00034763
0.00103257
0.134661
0.0293762
0.225109
0.404277
2.29487e-05
0.240479
0.0817424
0.00849126
0.347202
0.580924
0.0113211
0.317875
0.000143924
0.00787262
0.220256
0.00192933
0.195748
9.86205e-06
0.032766
0.124983
0.407596
1.84876e-05
0.0379347
0.0336104
0.0540575
0.0116274
0.00477007
0.00103811
0.00139305
0.197731
0.0320653
0.000172569
0.000367284
0.000801371
0.000141367
0.130909
0.172972
0.0110003
0.00207237
0.259092
0.00136575
0.033263
5.22452e-07
0.477644
0.0354023
0.00223944
0.281985
0.0878043
0.00598114
0.105916
0.27276
3.01113e-05
2.5195e-06
0.000134405
0.091468
0.000112127
2.22839e-05
0.294225
0.00786195
0.000154262
0.268761
0.00142345
0.00252785
0.379597
0.0854931
0.537143
0.201511
0.0118134
0.0966223
0.264545
0.541116
1.6469e-06
0.499073
0.0637644
0.206365
0.32646
0.38486
0.00104946
0.145574
0.281604
0.136613
0.200046
0.0135042
2.50828e-05
0.215711
0.301475
0.69528
0.329854
0.0922083
0.240609
0.624321
0.00361203
0.312208
0.168949
0.104932
0.249837
0.00077551
0.000837364
0.419451
0.0167756
0.464279
0.0827102
0.0889502
0.504196
0.00203317
0.0669724
0.652535
0.00323135
0.278832
0.0745224
0.00586486
0.607848
0.3592
0.0378015
0.302685
0.00832657
0.0136749
0.0815286
0.328647
0.0703381
0.0181231
0.00837176
7.18759e-06
1.40294e-05
0.0807798
0.506091
0.462107
5.33395e-05
0.26967
0.000245212
0.56689
0.0837858
0.0233625
0.369532
0.132852
5.75422e-05
0.102656
0.000571754
0.000127644
0.000424283
7.82483e-05
0.111422
0.145031
0.0250156
0.187962
0.123783
0.0173857
0.00183002
0.0356502
0.000447562
0.000149051
0.19465
0.449397
0.0292544
0.661862
1.52498e-05
0.58522
0.0183439
0.068133
0.00593726
0.000258102
0.00127675
0.00318016
0.000402925
0.0575932
0.522774
0.00859558
0.13956
0.00572945
0.00336512
0.0584405
0.00686755
0.0495773
0.00172363
0.282832
0.479029
0.0118664
0.112803
0.14003
0.0270554
0.0118269
0.00830583
0.426461
0.034813
0.0028816
0.142009
0.119626
0.271401
0.000474588
0.000924088
0.239569
0.285028
0.458124
4.60326e-05
0.00751316
9.54654e-07
0.163646
0.240268
0.0124912
0.481103
0.010269
0.0661564
0.0109155
0.0567591
0.000650551
0.00305017
0.519224
0.37533
0.225142
0.402806
0.168576
0.00408085
0.000178081
0.44043
0.000926412
0.172926
1.6567e-06
0.000383743
0.0204941
0.417775
0.114251
0.50723
0.304918
0.274006
0.179987
0.0001915
0.0213348
0.173641
0.0226847
0.186753
0.127251
0.0224594
0.000174224
0.0375493
0.0347133
0.231984
0.119234
0.0102853
0.00566178
0.0171488
0.580871
0.344865
0.0538589
0.000126551
0.000739507
0.282628
0.142557
0.115511
0.0749761
0.020448
0.11485
0.299268
0.0536561
9.50079e-05
9.67781e-06
1.44742e-05
0.403523
0.384556
0.0495458
0.00468204
0.0615292
0.0149241
0.202208
0.0186634
0.398682
0.019403
0.253202
0.0597955
0.000241072
0.31733
0.000202365
0.196701
0.0282752
0.0702691
0.244723
0.626829
0.517183
0.327686
0.26241
8.60419e-06
0.421501
0.0188643
0.333715
0.0338549
0.0159065
0.53792
0.412554
0.000187501
8.27743e-05
0.154547
0.34342
0.000138245
0.228691
0.0166565
0.160144
0.00670305
0.00124224
0.00381981
0.166295
0.310585
0.055385
0.00627631
0.307087
0.539859
0.0690076
0.124109
0.130833
0.12604
0.0281868
0.114153
0.000250266
0.247384
0.0978263
2.19754e-05
0.000124847
0.136242
0.300812
4.78465e-05
0.44693
0.320998
0.0327984
0.00182459
0.0394572
0.00213218
0.0346875
0.155158
0.0043323
0.145544
0.00271589
0.444527
0.0110784
0.151057
0.427542
0.187507
0.00756843
0.460715
0.404886
0.00558728
0.00337662
0.00254697
0.233314
0.103352
0.404199
0.00758846
0.213334
0.307014
0.307221
0.381892
0.100985
0.369494
0.484062
0.011417
0.0683705
0.00107134
0.0570075
0.594388
9.72181e-05
0.000751402
0.531677
0.305743
0.000192669
0.478842
0.444126
0.000380198
0.0670907
0.00498111
0.0347515
0.00431924
0.0008297
0.290912
0.136034
0.441178
0.348419
0.353629
0.00755769
0.0183345
0.480199
0.124918
0.0838227
0.00490116
0.128455
0.0997021
0.000952665
0.0294294
0.189011
0.271903
0.118148
0.0545998
0.280885
0.000595737
4.32212e-05
0.0440371
0.115188
0.00580967
0.0408668
0.435741
1.29155e-05
0.149721
0.267367
0.321157
0.00524047
0.293159
0.287407
0.0933748
0.5651
0.527393
0.241608
0.0154145
0.511728
0.520004
0.0110695
0.0325553
0.300568
0.121263
0.031913
0.0316407
0.37041
0.0683149
0.0180437
0.0152207
0.0580727
0.313129
0.00375601
0.19112
0.00770266
0.127847
0.290941
0.433381
0.000734639
0.161935
4.11429e-06
0.566255
0.00264998
0.359558
0.00121309
0.0167824
0.215624
0.0044547
0.0360538
0.0778622
0.0019444
0.00519838
0.293291
0.049366
0.0689816
0.36031
0.0244892
0.000272846
0.11665
0.0326061
0.00243196
0.636489
0.0572869
0.0657294
0.252322
0.00399449
1.71439e-05
0.297811
0.124224
0.673455
0.370111
3.99804e-05
0.00943741
0.13405
0.0765994
8.4988e-06
0.000688249
0.411981
0.399266
0.0481174
2.8889e-05
0.00574733
0.0179654
0.346915
0.0030504
0.0573976
0.000127708
0.0813163
0.38621
7.47872e-07
0.246087
0.0552694
0.000917004
0.024032
0.0138814
0.244975
0.520274
0.0372453
0.279335
0.356442
0.0371656
0.0542742
0.0675412
0.141395
0.0337568
0.293125
0.180464
0.0941233
0.466686
0.212515
0.0248408
0.0181972
0.00750889
3.88717e-07
0.219369
0.0751345
0.107611
0.691953
0.208307
0.194011
0.000123536
0.135873
0.0389124
8.60035e-08
0.00438735
0.317717
0.11613
0.306403
1.05676e-06
0.170326
0.136434
0.524726
8.54117e-08
0.468691
0.022902
0.00853281
5.55419e-07
0.00682424
0.0473246
0.211517
0.00011162
0.317594
0.00302386
0.0319835
0.26051
0.369753
8.36202e-05
0.814321
0.15336
0.385108
0.263287
0.0335566
0.0139972
0.0160543
0.455377
0.00991474
0.437137
0.448552
0.578567
0.472806
0.0782598
0.130233
0.1835
0.339141
0.00938467
0.0257511
0.0243146
0.0188199
0.00379282
0.59754
1.28612e-05
0.109489
0.00945518
0.0385773
0.0648217
0.00106876
0.0470799
4.81589e-06
3.56296e-06
0.179747
0.00107791
0.00100865
0.284412
0.144232
0.142856
0.102823
0.00227211
0.0093489
0.146183
0.213691
0.00369785
0.0732073
0.199602
0.267858
0.300835
0.677553
3.80665e-06
0.0425055
0.0273505
0.206906
0.399668
0.0368121
0.182241
0.204615
0.148721
0.000890515
0.00212892
0.275315
0.32078
0.000825316
0.271644
0.00736695
0.00868441
0.527838
0.0758429
0.0128734
0.000380384
0.0195311
0.00284162
6.08645e-05
0.0162843
0.270888
0.00110014
0.664258
0.0220571
0.300997
8.77689e-05
0.373172
0.00212422
0.0491304
0.477843
0.114308
0.682958
0.000569068
0.124616
0.499388
7.93942e-05
0.125546
0.00997784
0.0121814
0.0429561
0.132804
0.547564
0.0310813
0.00194214
0.0171591
0.00109665
0.231905
0.00176831
0.000540494
0.17646
0.324919
0.0117603
0.0160318
0.315135
0.000636531
0.201185
0.129526
0.372689
0.0849306
4.1801e-05
0.307522
0.00321892
0.000752946
0.289074
0.00591436
4.65677e-07
0.250833
0.00590611
0.00693088
0.23874
0.0804756
0.272335
0.645465
0.0262653
3.33584e-06
0.227154
0.332717
1.50586e-05
0.505817
0.445104
0.00795038
0.00790638
0.000857044
0.355696
0.369497
0.0121488
0.20412
0.276517
0.264133
0.00171452
0.000246233
0.0653666
0.0249261
0.0732742
0.318339
0.00975704
0.0338457
0.296901
0.0079671
0.00410167
0.490038
0.155649
0.0761597
0.0478392
0.000826312
0.365191
0.000138186
0.342596
0.49887
0.0103701
0.407823
0.0345922
0.00730122
0.0173544
0.320518
0.301547
0.601449
0.113405
0.291688
0.010746
0.00831511
0.344076
0.224585
0.000832398
0.0316873
0.7276
0.15777
0.031592
0.236933
0.568265
0.165423
0.0185084
0.426731
0.0104782
0.43333
0.12547
0.00575472
0.306239
0.2671
0.393748
0.0902464
0.477651
0.0146527
0.0128525
0.423927
0.00387286
0.475067
0.0363125
0.00269249
0.0046761
0.0592994
0.350225
6.13709e-05
0.0231225
0.427964
0.299116
0.00414229
0.0519287
0.000369618
0.383253
0.00569134
2.1661e-06
0.0801206
0.0836331
0.00883335
0.134979
9.82129e-05
0.016005
0.0284869
4.08316e-05
0.136666
0.0381838
0.139587
0.560335
0.0358447
0.594595
2.27894e-05
0.0295215
0.169832
6.96757e-06
0.172301
0.127201
0.336983
0.631766
0.0113288
3.74535e-05
0.173515
0.000618323
0.436254
0.235175
0.270054
0.281948
0.138704
0.0801996
0.59458
0.376685
0.0224439
0.023895
0.196052
0.00971582
0.112331
0.506693
3.19298e-05
0.0474099
0.384279
0.543008
0.314518
0.307193
5.59452e-05
9.2165e-05
0.0126057
0.0539174
0.0593708
0.294101
0.157377
0.768518
0.00634531
0.160812
0.0115106
0.727631
0.000498854
0.494839
0.0303339
0.00867968
0.0300884
0.120879
0.107152
0.00485955
0.0133967
0.000212647
0.130061
0.484491
0.108262
0.176483
0.04003
0.0190612
0.000499338
0.363214
0.325902
0.585244
0.172478
0.316497
0.0983503
0.000194258
0.00356764
0.295161
0.00084751
0.0215216
0.592932
0.0298976
0.000175822
0.445917
0.258388
0.126078
0.175419
0.000686715
0.160216
0.0711615
0.19455
0.138491
0.388317
0.481685
1.57511e-08
0.000148744
0.194277
0.465753
0.528152
0.133536
0.192815
0.109214
0.00398537
0.0449517
0.000105969
0.0312722
0.0047583
0.0828981
0.423117
0.0516815
0.154942
0.685363
0.248166
0.00123877
0.274369
0.100712
3.52345e-05
0.303672
2.63078e-05
0.189704
0.00442328
0.0469133
0.00953894
0.00132852
0.131053
0.428845
0.453773
0.00183503
0.417164
0.122933
0.28312
0.00356279
0.000102117
0.0535642
0.00571792
3.22807e-05
0.33068
0.00450331
0.725946
0.00499694
0.50319
0.0355591
0.0174851
0.0687735
0.0480238
0.369518
0.501976
0.00242946
0.158184
0.0704847
0.0455166
0.00317388
0.757462
0.290624
0.000215385
0.457719
0.40201
0.0709496
0.0895098
0.194477
0.0199912
0.00133073
0.26169
0.0129193
1.23297e-05
0.124472
0.323549
0.398247
0.0696127
0.348362
0.576778
0.126637
0.167263
0.0088235
0.45815
0.305932
0.000665361
0.00109727
0.000548556
0.0011039
1.10878e-05
0.392767
0.000911223
1.18182e-07
0.523403
0.00664822
0.158476
0.698963
0.00406057
0.0603164
0.0482291
0.354591
0.117334
0.0044818
0.36397
0.325717
0.0316873
2.0164e-05
0.0821126
0.0133378
1.93465e-05
0.119556
0.312489
0.316068
0.0266048
0.0111117
0.414358
0.0333263
0.0892192
0.0981356
0.00538418
0.473491
0.18071
8.33491e-05
0.24733
0.000111993
0.381396
0.481445
0.00240893
0.0150999
0.0415683
0.223039
0.466549
0.145652
0.397828
0.605926
0.0127623
0.266142
0.0286967
0.0209447
0.0065239
0.251535
0.0261338
0.580854
0.712688
0.0177058
0.0635855
0.0938177
0.666501
0.454076
0.275123
0.333075
0.00149715
0.119529
0.430871
0.0697285
0.493438
0.138982
0.194113
0.0121131
0.00433233
0.687008
0.043013
0.410186
0.078929
0.14515
0.000175756
0.0994334
0.428523
0.347247
0.00568785
0.00399385
0.158809
2.1915e-07
0.237795
0.0357171
0.00193906
0.333404
0.570104
0.00467231
0.0370329
0.0658916
0.208015
0.353746
0.266087
0.355238
0.00869122
0.0540191
0.00178557
0.346765
0.189761
0.466461
0.000534718
0.311924
0.172789
0.444545
0.0486381
0.0178356
0.000194095
0.00836128
0.00600998
0.0204666
0.00947548
0.00547129
0.00226343
2.39627e-05
0.00449872
0.0597699
0.421896
0.00320214
0.00257472
0.238594
0.0481658
0.000258952
0.00516926
0.208803
0.0748123
0.0578342
0.0653731
0.132366
0.00684861
0.285293
0.245689
0.24825
0.324417
0.193824
0.000795489
0.0879479
0.360061
0.330516
0.293856
0.0863805
0.00129138
0.471032
2.25635e-06
0.477648
1.69817e-05
0.545343
0.0455234
0.123141
0.0126968
0.00410787
0.192676
0.0114949
0.00206939
0.0998043
0.00377689
0.382415
0.101428
0.00753873
3.03202e-05
0.11345
0.178929
0.000370241
0.299355
0.0304542
0.196183
0.246512
0.00198514
0.707224
0.314498
0.0638995
5.32953e-05
0.724813
0.242633
7.44516e-05
0.00201159
0.00196454
0.0800495
0.212675
0.307289
0.0364547
0.015738
0.0336002
0.158203
0.0573863
0.0142919
0.436274
0.00325911
0.00277766
0.27694
0.010434
0.000175929
0.0445026
0.072992
0.0843746
0.241542
0.332339
0.252704
0.264504
0.00148987
0.0487597
0.204554
0.26634
0.169313
0.366465
0.391209
0.543505
0.146757
0.336535
0.0985812
0.0176111
0.634689
0.0220874
0.447966
0.00335059
0.00299932
0.0433816
0.215049
0.132232
0.00728367
0.288105
0.112127
0.00107747
0.248082
0.154362
0.141199
0.0603281
0.33074
0.243015
0.0397509
0.132428
0.205448
0.0653755
0.0373487
0.20222
0.0423222
0.550467
0.20305
0.275607
0.156316
0.075391
0.000662553
0.000180721
0.00569724
0.556454
0.309214
0.281935
0.351743
0.34336
0.0169132
0.000748681
0.0223577
0.412754
0.227501
0.0739204
0.60688
0.192298
0.316973
0.0345509
0.0217002
0.0996082
0.00355824
0.0876576
0.367896
0.160088
0.00045547
0.170993
0.259373
0.114916
0.457496
0.0331675
6.16571e-05
0.00591189
0.00111668
0.00256296
0.147393
0.0679693
0.0253831
0.0458832
2.87436e-05
0.137232
0.0803037
0.000325598
0.232522
0.0161519
0.13303
3.60312e-05
0.315167
0.00149566
0.172725
0.252757
0.00424152
0.0634904
0.159625
0.439022
0.0320571
0.0213562
0.113573
0.191788
0.00256126
0.475451
0.515843
0.316506
0.431895
0.012915
0.16624
0.0300862
0.0110877
0.0992598
0.271843
0.000127226
0.0558299
0.0385592
0.102337
0.559851
0.375545
8.33534e-07
0.243651
0.0329065
0.194385
0.240146
0.0731356
0.0692205
0.352505
0.000147562
0.0591827
0.162926
0.289465
0.195099
0.00861606
0.0284668
0.289588
0.007591
0.00920909
0.0485983
0.135381
0.605053
0.0594534
0.295867
0.248027
0.343755
0.108695
0.193465
4.00557e-06
0.0191845
0.525473
0.437963
0.00763695
0.0963506
0.0119846
0.00329192
0.500841
0.539269
0.00145214
0.113712
0.0785015
0.195602
0.00466173
0.0596097
0.0753082
0.00128451
0.01091
0.0159878
0.464948
0.00546692
0.367538
0.0956865
0.0558913
0.00040013
0.183999
9.17155e-05
0.292011
2.82246e-06
0.035359
0.337324
0.100233
0.236679
0.677541
0.0030636
0.407798
0.000117016
0.104666
0.0345471
0.060139
0.197372
0.000210667
0.0365299
0.0476101
0.00317412
0.609181
0.120663
0.377645
0.015095
0.483717
0.449718
0.30558
0.0200978
0.048639
0.116515
0.0154043
0.00934299
0.00229365
0.00112673
0.0626806
0.0221136
0.000899991
0.426537
0.275928
0.0718227
0.012705
0.403089
0.510684
0.204497
0.394139
0.292572
0.0577235
0.259291
0.39538
0.0961162
0.0140082
0.00449464
0.117775
0.140727
0.252432
0.551501
0.0384933
0.0314159
0.0019402
0.00157404
0.00175063
0.587011
0.251449
0.267394
0.00220953
0.295656
0.00171734
0.408667
0.292364
0.0841694
0.301638
0.0120851
0.53489
3.42218e-05
0.00996563
0.0751257
0.334808
9.32383e-05
0.0771369
0.260973
0.00777716
0.0234312
0.404748
0.021201
0.107826
0.0417838
0.000184206
0.00678576
0.206187
0.240099
0.219417
0.0145201
0.0035051
0.492432
0.00017767
0.566778
0.0551887
0.0674881
2.63978e-06
0.744165
0.605116
0.400891
0.00039717
0.278228
6.85818e-05
0.0110092
0.128308
0.0590896
0.00129275
4.60383e-05
0.348017
0.30501
0.0945923
0.00153666
0.217987
0.0741447
0.584706
0.000426085
0.108831
0.428311
0.771526
0.143169
0.584936
0.00585963
0.513478
0.0027598
0.0842187
0.00219666
0.0107755
0.623744
0.441947
0.0202506
0.273851
0.00691919
0.00284942
0.0467012
0.0304687
0.495132
0.399362
0.0449178
0.235514
0.36389
0.00107147
7.5114e-05
0.366207
0.280873
0.711904
0.0894155
0.34535
0.578534
0.00305591
0.380143
0.0224179
0.034229
0.0221634
0.348915
0.015201
0.367528
5.53942e-05
0.0330074
0.296368
0.0549463
0.065024
0.00752875
0.0872874
0.161438
0.00465704
0.0966979
0.334885
0.0793775
0.420172
0.505204
0.120065
0.0945732
0.181205
0.224285
0.0213269
0.239792
1.89724e-05
0.31683
0.108789
0.0137085
0.00101297
0.0710574
0.352788
0.060533
0.00376654
0.021535
0.18174
1.67184e-05
0.400169
0.0316529
0.000182589
0.00286147
0.000760504
0.0110095
0.00069516
0.000423948
0.058067
0.517347
0.054029
0.000181654
0.0106002
0.00916626
0.141691
5.78586e-05
0.078394
0.402591
0.0397159
0.196306
6.22541e-06
0.151063
0.340306
0.00621657
0.00130357
0.0892999
0.00384924
0.217788
0.00121556
0.272079
0.116423
0.00162818
0.243486
0.467814
0.10787
0.00153512
0.0913863
0.286973
0.516901
0.317184
0.0157045
0.120086
0.136376
0.000246744
0.210438
0.117397
0.00017503
0.021297
0.00166146
0.110469
0.00292463
0.0480243
0.209805
0.00615998
0.00886418
0.464275
0.11398
0.0634385
0.000166321
0.000802732
0.0176874
0.000191077
0.295456
0.288808
0.000462472
1.65559e-05
0.0304004
0.00771667
0.000585576
0.41813
1.38035e-05
0.256441
5.46355e-05
0.315444
0.460033
0.309557
0.0834213
0.000937796
0.000312904
0.471163
0.00111269
0.10012
0.0547746
0.0169922
0.000589555
0.000348099
0.0532938
0.437246
0.000119415
0.00648311
0.188309
0.000280452
0.383575
0.0183131
0.653378
0.198543
0.283083
0.60814
0.00160768
0.0272335
0.287721
0.000118609
0.274919
0.108955
0.0162013
0.168156
0.015754
0.000213359
0.0233221
0.602567
0.000213375
0.0360655
0.210448
0.235066
0.246576
0.388215
0.0660819
0.669408
5.50552e-05
0.502586
0.0076511
0.401163
0.708751
0.0088632
0.392144
0.155156
0.111244
0.0757732
0.0261953
0.00741092
0.663242
0.648981
0.0195061
0.302595
0.0786228
0.672642
0.128606
0.385983
0.294231
0.507364
0.155135
0.0793649
0.090435
7.72956e-05
0.0115138
0.000465082
0.00335962
0.0895144
0.271135
0.337402
0.250519
0.11558
0.373211
0.166138
0.429273
0.0115782
0.00855384
0.180055
0.00417097
0.148225
0.00653628
0.0364778
0.202509
0.116614
0.32191
0.00522506
0.00556062
0.0955454
0.286857
0.454365
0.0476607
0.439881
0.102064
0.0318757
0.422564
0.146102
0.0210931
2.46961e-08
0.399376
0.00787723
0.0155232
0.0347585
0.00886481
0.272523
0.702367
0.00278106
0.232074
0.224396
0.0345312
0.310619
0.503302
0.0043551
0.314872
0.29137
0.111603
0.00165405
0.136543
0.00174885
0.0118656
0.0656314
0.576282
0.0811436
0.000498059
0.013955
0.102184
0.368559
0.0221617
0.372181
0.0678306
0.467765
0.597876
0.0788842
0.289119
0.00011576
0.0267642
0.526834
0.000646395
0.2654
0.225506
0.33268
0.00148023
0.0359706
0.0140575
0.0087153
0.0387057
0.0942993
0.330095
0.373091
0.0369774
0.028411
0.300835
0.00369039
0.0399906
0.18288
0.201191
0.00392476
7.49719e-06
0.223472
0.0476365
0.350713
0.45029
0.0508038
0.00290051
0.122539
0.347171
0.00301389
0.284715
0.000101764
0.00342105
0.000863547
0.23029
0.00014961
0.00255274
0.0640826
0.0020347
0.37703
0.0962528
0.142175
0.0256484
0.294416
0.188573
0.331703
0.113537
0.257671
4.84024e-07
0.043672
9.60617e-06
5.32349e-08
0.0640926
0.340206
0.00174882
0.00107464
0.201457
0.0223245
0.000861567
0.00065661
0.0911215
0.00837724
0.122538
0.176529
1.01873e-05
0.135458
0.00147948
0.000339806
0.395464
0.00544914
0.376645
0.710405
0.00935223
0.000104547
0.214242
0.305756
0.0516552
2.01184e-07
0.0905073
0.172142
0.0343182
0.0345759
0.00275699
0.236163
0.381251
0.0365249
0.228466
0.000794265
0.00876565
0.0148185
0.209841
0.00240358
0.15991
0.483671
0.679631
0.0886387
0.259544
0.00903207
0.369572
0.302803
0.419971
0.128462
0.15385
3.36988e-05
0.0681478
0.716125
0.344962
0.578433
0.170755
0.416721
0.132133
0.440937
0.164583
0.160128
0.112085
0.072818
0.00332345
0.104495
5.29875e-05
0.114127
0.00575057
0.000281429
0.379657
0.0118614
0.19397
0.338497
0.119625
0.0562999
0.258943
0.000374384
0.0244588
0.000736843
0.000458714
1.09815e-08
0.256652
0.448389
1.67701e-06
0.00480853
0.626989
0.18257
0.357396
0.0235182
0.000396108
7.55252e-06
0.391642
0.331591
0.382319
0.00878351
0.00437137
0.732359
0.124882
0.0281432
0.507103
0.169725
0.169456
0.426464
0.119342
0.000346333
0.0482375
0.0129139
0.247605
0.212576
0.00132179
0.429021
0.291351
0.0175054
0.0338645
0.7053
0.0090704
0.471402
0.256569
0.0166602
0.0200744
0.0396056
0.523728
0.00439632
0.00177548
0.354324
0.191555
0.000810658
0.0209031
3.27899e-05
0.0295529
0.0224593
0.0110493
0.205248
0.544488
0.0283695
0.086857
0.00858939
0.152162
0.000130343
0.019453
0.0676672
0.000861399
0.349993
0.0714056
0.251175
0.054617
1.81616e-05
0.38356
0.00477667
0.230714
0.125268
0.0024802
0.327482
0.0132517
0.0272741
0.394732
0.373151
0.00171058
0.376191
0.0214459
0.000963358
0.33279
0.00759237
0.0214988
0.0271383
0.618781
0.569569
0.190057
0.332119
0.507589
2.10628e-05
2.47266e-05
0.0285618
0.293074
3.82351e-05
0.0212818
0.23448
0.41328
0.00150748
0.0217995
0.000833089
0.290483
0.0961346
0.127936
0.202381
0.0193668
0.0739412
1.38602e-06
0.195037
0.682703
0.204176
0.728756
0.483836
0.369959
0.307424
0.115335
0.401094
0.381328
0.573379
0.00157161
0.395025
0.545348
0.0151657
0.0249641
0.027569
0.553958
0.359832
8.25266e-05
0.158732
0.164898
0.014651
0.487675
0.409064
0.000550203
0.00369717
0.28021
0.211067
0.00694006
0.00173127
0.0128087
0.107846
0.165991
0.257275
0.00123819
0.00556573
0.71459
0.558989
0.741184
0.556341
0.000140585
0.0119707
0.366489
0.641241
0.410372
0.30131
0.284538
0.199171
0.219165
7.85811e-07
0.00156265
0.0657965
0.7287
0.0149406
0.048281
0.463184
0.298039
0.0454687
0.218008
7.46851e-05
0.454716
0.0160689
0.100725
0.0986418
0.0068785
0.000272426
0.119998
0.0151249
7.20963e-05
0.0622615
0.0387598
0.0476096
0.0187785
0.0431706
0.395758
3.90485e-05
0.444357
0.245081
0.222342
0.480671
0.0019085
0.0316294
0.209317
0.0112504
0.31381
0.386505
0.00146289
0.546054
0.00018563
0.00282495
0.0200951
0.014052
0.4708
0.37137
0.0235506
0.324062
0.161925
0.439099
7.03198e-06
0.0469239
0.192621
0.0138515
0.0582445
0.073261
0.275919
0.0056967
0.42938
0.00560917
0.00301194
0.023385
0.0402436
0.0344056
0.151091
0.401031
0.378993
0.823042
0.000917646
0.010057
0.155146
0.538036
0.0088905
0.00229676
0.470462
0.3213
0.0768152
0.236689
0.117206
0.118228
0.0471
0.0147896
0.00566175
0.00383756
0.370498
5.46899e-06
0.208056
0.536893
0.0114801
0.000412587
0.000385977
0.000144103
0.466965
0.708896
0.440289
0.300505
0.122016
0.0106211
2.56629e-05
0.240733
0.00919577
0.302043
0.0189758
0.0297134
0.000113084
0.362323
0.00103359
7.85178e-08
0.03457
0.0242953
0.0184456
0.263395
0.000547721
0.0655406
0.358636
0.0165585
0.118887
6.15623e-05
0.00202791
0.0001263
0.0937838
0.0187156
0.018682
0.253163
0.0537133
0.118948
0.336807
0.101627
0.00646839
0.0189106
0.0339408
2.8968e-07
0.155464
0.360961
0.0590712
0.327853
0.0118606
0.00151773
0.242997
0.0838258
0.000684374
0.0888037
2.76995e-05
0.389309
0.0105379
0.0615555
0.00337361
0.0773361
0.0375265
0.248386
0.00277057
0.250074
0.0351962
0.38864
0.311877
0.314175
0.000717366
6.28469e-05
0.0635909
0.00381328
0.249387
0.070215
0.091055
0.192068
0.162241
0.318795
0.252798
0.493093
0.00497992
0.532137
0.228454
3.19123e-06
0.0916035
0.0418702
0.307347
0.211433
0.554837
0.138571
0.325529
0.115949
0.0331051
0.478336
0.677128
0.0341207
0.00332627
0.0304724
0.0210903
0.109908
0.0260619
0.233222
0.0088134
0.00878635
0.485463
0.0188186
0.0151632
0.411753
0.0742484
0.00612249
0.00188629
0.343637
0.426638
0.00437892
0.00492608
0.0255033
0.164795
0.00162463
0.468273
0.200799
0.0120517
0.269237
0.00123675
0.276307
0.000237866
0.416079
0.00484971
0.300442
0.380154
0.0190412
0.273914
0.361098
0.195343
0.00121826
0.208446
0.560089
0.230888
0.289655
0.340238
0.0138753
0.0837225
9.89935e-05
0.295133
0.0403043
0.0693774
0.000445711
0.702789
0.0671209
0.079002
0.0863584
0.581136
0.324679
0.234211
0.0908833
0.0113013
0.00109528
0.00687311
0.0801778
0.53341
0.00491066
0.247922
7.97883e-05
0.254477
0.330625
0.0181634
0.000680487
0.533327
0.226055
0.0306579
0.0370548
0.390091
0.30322
0.144265
0.0482903
0.000259945
0.168339
0.30615
0.00660318
0.307989
0.00357825
0.0725225
0.301084
0.00279151
0.0956423
0.00978249
0.000307116
0.0580236
0.599646
0.18309
0.0653625
0.0157559
0.00754226
0.37192
0.0393718
0.418614
0.000603339
0.489319
0.433967
0.161094
0.153893
0.254375
0.00114595
0.120946
0.297847
0.35281
0.0951651
0.356753
0.00327014
0.0291019
0.237522
0.150254
0.17221
5.66229e-06
0.639619
5.06017e-06
0.0039225
0.545302
0.0169508
0.225184
0.119643
0.642935
0.292879
0.218617
0.229932
0.00844475
0.0531779
0.0230517
0.0234679
0.0478767
0.368159
0.00635253
0.0982165
0.00268781
0.0457534
0.185456
0.296989
0.1458
0.113534
0.343015
0.595113
1.48334e-07
0.118294
0.414383
0.67766
0.389383
0.0358727
0.0008838
0.107999
0.0616606
0.329041
0.220817
0.0349737
0.00954907
0.0204951
0.00945526
0.25831
0.334649
0.105374
0.35617
0.594103
0.0324021
0.00425751
0.0166093
0.000166165
0.15066
0.16708
0.279169
0.0049943
0.244057
0.248978
0.348599
0.000162221
0.551932
0.09812
0.248005
0.14613
0.0269496
0.0260422
0.000128366
0.0572413
0.54596
0.393964
0.0187784
0.707198
0.00384072
4.29992e-06
0.397088
0.523902
5.12119e-05
4.45467e-05
0.0872102
0.00409114
7.98157e-05
0.254592
0.103394
0.153207
0.0476708
0.0811752
5.1348e-06
0.265079
0.060901
0.33568
0.0343424
0.0125921
0.577142
0.350864
0.000354414
0.052157
0.000105315
0.00107593
0.26096
0.0174436
0.280349
0.225213
0.132883
0.332232
0.00333178
4.18671e-05
0.267124
0.0221044
0.218663
0.00796379
0.248287
0.00944384
0.00027895
0.0259158
0.140282
0.00707101
6.73085e-05
0.128892
0.177242
0.468666
0.0142756
0.479857
0.0541611
0.0347794
0.0167979
0.0601179
0.150488
0.00671081
0.0217645
0.510845
0.278813
0.635481
0.413433
0.0320414
0.799547
0.349881
0.0319574
0.396213
0.13643
0.0894304
0.361546
0.181041
0.035301
0.00549927
0.0303585
0.00472807
0.117281
0.272953
0.0188041
0.27302
0.097083
0.00271387
0.0434411
0.159355
0.0016762
0.106751
0.492897
0.0122272
0.338592
0.228419
0.193254
0.119464
0.149128
0.0162724
0.452973
0.153294
7.18253e-06
0.147656
0.0422242
0.302461
0.0117386
0.570692
0.566906
0.0129399
0.0327771
0.601312
0.00099429
0.00452185
0.0921422
0.119053
0.297275
0.232303
0.114408
0.336711
0.126888
0.0014014
0.00674375
0.502893
0.035444
0.00783682
0.0144461
0.452441
0.342206
0.0455229
0.420718
0.0326705
0.0205799
0.43757
0.00028404
0.411745
0.435548
0.00880244
0.00301498
0.323502
0.236541
0.00022238
0.00126737
0.255021
0.0215147
0.593638
0.13196
0.0042227
0.000228817
0.437317
0.269185
0.192218
0.332331
0.00741629
0.0026711
3.54402e-05
0.550334
0.0227106
0.183433
0.701648
0.235255
1.41535e-05
0.164159
0.00383582
0.00944291
0.0265397
0.000346226
0.449575
0.0222626
0.254719
0.214597
0.0352548
0.468086
1.03121e-06
0.472001
0.03681
0.0400429
5.60656e-05
0.307078
4.5012e-05
0.115685
0.003601
0.286816
0.112338
0.00118296
0.0440539
0.21179
0.00188088
0.000288873
0.154583
4.8556e-05
0.278168
0.208637
0.187036
0.252803
0.0534165
0.0677645
0.174019
0.370569
0.553398
0.0855424
0.0203509
0.329147
0.273957
0.380861
0.00204694
0.045132
0.24888
0.350711
0.315275
1.69196e-05
0.418352
0.361792
0.256413
0.00630499
0.15727
0.258203
0.000557291
0.0850431
0.26003
0.451272
0.000909875
0.715352
0.0219966
0.000469777
0.748756
0.053362
0.00482208
0.011284
0.379797
0.664436
2.35517e-05
0.162022
0.00023479
0.0191607
0.0212687
0.000775603
0.00012378
0.143727
0.0175346
0.000691453
0.0113163
0.368885
0.211666
0.438819
0.0532571
0.0268978
0.466329
0.00301622
0.540538
0.246966
0.0563774
0.0685426
0.0560247
0.34366
0.00980313
0.181842
0.519138
0.47541
0.00332422
0.504385
0.000268964
0.158527
0.450056
0.238949
0.523733
0.243018
0.009817
0.0342542
0.617117
7.84229e-05
0.0118277
0.517812
0.354781
0.0182006
0.543333
4.4381e-05
0.0445946
0.444693
0.0980198
0.240463
0.14244
0.327697
0.170659
0.374575
0.117774
0.234135
0.391785
0.11455
0.179068
0.0166443
0.174518
0.0372849
0.00550905
0.114281
0.306378
0.434445
0.04703
0.239807
0.739887
0.0638056
0.284853
0.419332
0.424916
0.0616673
0.026571
0.321139
0.305338
0.000990577
0.13053
0.497063
0.221055
0.0248993
0.0190259
0.000316816
0.0112902
0.297865
0.52454
0.151031
0.0154281
0.000595772
0.000433568
0.0301334
0.00133726
0.0520022
0.333605
0.2634
0.138925
0.606135
0.660281
0.707392
0.459009
0.000656845
0.175698
0.132155
0.11926
0.382669
0.0220994
0.346079
0.00916122
0.0709079
0.000168489
0.384306
0.301881
0.382709
0.383723
0.0372519
0.26464
0.14453
0.000514016
0.351036
0.000438799
0.159284
0.00102881
0.481185
0.0214435
0.483204
0.388887
0.0950294
0.0238828
0.0132799
0.202034
0.0327243
0.395742
0.053329
0.000850663
0.142053
0.0184704
0.249417
0.00202548
0.415415
0.584057
0.269678
0.0522544
0.0406168
0.0483339
0.0540985
0.00618534
0.22023
0.0558344
0.33669
0.359763
0.071186
0.335996
0.488259
0.00242162
0.000614966
0.331808
0.497658
0.136633
0.00226092
0.230867
0.255954
0.178434
0.0717208
0.412357
0.13396
0.000963512
0.351989
0.545881
0.768483
1.08142e-05
0.0827459
0.475115
0.000760788
0.197829
0.230077
0.264172
0.0241069
0.283386
0.00795922
0.0534055
0.110176
0.0278177
0.0337088
0.0465822
0.417062
0.188201
0.125397
0.162377
0.278078
0.142873
0.318909
0.250668
0.123819
0.0504919
0.00377946
0.640757
0.0217248
0.00666661
0.312995
0.242864
0.070048
0.161339
0.0121668
0.26753
0.154876
0.000115371
0.412347
0.0607037
0.0100357
0.0117209
0.0280236
0.0422537
0.624872
0.417519
0.108294
0.409073
0.00412859
0.323679
0.000203109
0.201071
0.00649654
0.360227
1.82939e-05
0.0215525
0.293118
0.0032177
0.100305
0.0109933
0.0700416
0.0056214
0.162795
0.104177
0.000677303
0.000722121
0.425473
0.409149
0.0845636
0.0134132
0.0347487
0.186877
0.049112
0.00010398
0.719266
0.625356
0.0432828
0.0323276
0.0641184
0.180338
0.0622035
0.116346
0.470764
0.184467
0.239332
0.460384
0.0832812
0.0226707
1.85018e-07
0.165355
0.0873795
0.573094
0.398307
0.0447648
0.00736229
0.297725
0.312076
0.00450034
0.0166175
0.000704377
0.137397
0.00333646
0.0158848
0.00151617
0.683047
0.00271003
0.0244394
0.000310173
0.000292188
2.24785e-06
0.467616
0.411807
0.189881
0.297086
0.0774801
0.143902
0.0104983
0.131013
6.8225e-05
0.00583228
0.658375
0.11462
0.0578956
0.34702
0.000261049
0.00306822
0.00065054
0.299808
0.0207449
0.0558584
0.659126
0.0245304
0.0165123
0.0552333
0.442436
0.478652
0.0162329
0.285359
0.39509
0.00212885
0.164994
0.179099
0.0042079
0.00159546
0.00601679
0.00664291
0.391547
0.49672
3.18474e-06
0.49545
0.00214826
4.26186e-06
8.50072e-07
1.25926e-05
0.3274
0.0111512
0.172407
0.555353
0.259516
0.0852316
0.0100246
0.0150563
0.0839388
0.613549
0.456985
0.0066876
0.133428
0.120924
0.380008
0.00069479
0.405818
0.00454515
0.291441
0.335331
4.84348e-05
0.017214
0.0924989
0.268236
0.138215
0.355026
0.381766
0.0493809
0.0530965
0.299624
0.115975
0.0063281
0.219896
0.0175602
9.34983e-07
0.0390419
0.0205539
0.358088
0.0710989
0.000415649
0.0238362
0.00798217
0.0294757
0.000210322
0.195359
0.504553
0.210404
0.4108
0.0423057
0.00907227
0.0847527
0.0177528
0.148452
0.305576
0.039955
0.000978801
0.00239833
0.568095
0.301353
0.459778
0.575585
0.0262019
0.24801
0.00228501
0.432639
0.000781653
0.00269615
0.0698583
0.137086
0.00111683
0.00070117
0.195731
0.00115402
0.43145
0.0215596
0.424439
0.000547013
0.578922
0.00984955
0.587943
0.0842959
0.000902117
0.471089
0.329358
0.436916
0.00818494
0.201372
0.505941
0.204048
0.532544
3.07462e-05
0.0757259
0.000732373
0.611412
0.0623305
0.303299
0.0311873
0.153908
0.047136
0.281865
0.52307
0.304529
0.0216559
0.0946985
0.427378
0.173473
0.323147
0.078514
0.00100158
0.158477
1.97185e-06
0.374006
0.572944
0.23029
0.188743
0.00546093
0.0349822
0.436627
0.405745
0.267525
0.0255004
0.00532732
0.30528
0.00170914
0.437188
0.00248064
0.0444763
0.118079
0.00539935
0.00456705
0.247877
0.780407
0.00146216
0.0456469
0.0781664
0.230913
0.32297
0.535876
0.492428
0.374803
0.0430782
0.262851
0.178769
0.16332
0.366557
0.116881
0.00145552
0.0942091
0.168487
4.04439e-05
0.0305571
0.526926
0.0174011
0.0038823
0.283627
0.0019642
0.278526
0.0633241
0.00795908
0.130864
0.222901
0.579995
0.102019
0.387097
0.0680663
0.119171
0.0459634
0.0195892
0.568774
0.000223934
0.622357
0.000174016
8.41888e-05
0.00956753
0.028672
0.00241886
0.335426
0.00973616
6.09269e-07
0.00118706
0.0406981
0.00175237
0.450538
0.0176642
0.00414302
0.00231038
0.00827049
0.136277
0.0013695
0.176227
0.416858
0.0586504
0.0759331
0.0197137
0.354822
0.0106844
0.189193
0.252113
0.000129208
0.322892
0.483959
0.00809561
0.00456759
0.0198656
0.00939376
0.43541
0.303019
0.00831538
0.0921508
0.276394
0.000984122
0.0120767
0.255085
0.184161
0.000789775
0.0624543
0.00918877
0.123269
0.257366
0.302727
0.295137
0.000901513
0.001829
0.0351049
0.0378185
0.510891
0.00118079
0.532907
0.165884
0.00364298
0.00074411
6.93526e-05
0.392806
0.512544
0.00780845
0.0220794
0.462078
0.00181143
0.079425
0.207256
0.204087
0.0134375
0.363612
0.00408719
0.0436196
0.0308783
0.0935473
6.89532e-06
0.0108831
0.0157955
0.0871886
0.191562
0.323341
0.367635
0.142833
0.180679
0.0181097
0.00492933
0.269255
0.139683
0.313968
1.43967e-07
0.457971
0.161001
0.000727737
0.0114597
0.029979
0.135994
0.00434868
0.0145705
0.11846
0.367965
0.0358512
0.322146
0.545393
0.0179196
0.0782182
0.118881
0.286039
0.0857225
0.154367
0.00318985
0.335522
0.157697
0.0729255
7.97666e-05
0.462799
0.705162
0.118763
0.265175
0.304483
0.450604
0.604632
0.0311525
0.00207219
0.459761
0.463053
0.126958
0.119881
0.0158207
3.03496e-07
0.0861611
0.000108758
0.128837
0.000176831
0.368872
0.322192
0.547295
2.70031e-05
7.14886e-07
6.23737e-05
0.0693731
0.0923381
0.427922
0.0140527
0.51786
0.445472
0.00249314
0.560759
0.645995
0.27811
0.0167517
0.688681
0.183066
0.000231741
0.343702
0.00641203
0.0762125
0.00107812
0.249466
0.00826267
0.00163039
0.601207
0.401706
0.00339685
0.000446991
2.30007e-05
0.0285919
0.289136
0.00495506
0.00271968
0.0874745
2.7122e-05
0.00365261
0.000139175
0.0955727
3.7284e-05
0.0714303
0.0314769
0.323017
0.00185502
0.00399853
0.0138485
0.109748
0.0151452
0.000310376
0.322139
0.00462183
0.0241819
0.0543368
0.0054415
0.00404483
0.00828884
0.406313
0.00481692
0.155205
0.00291624
0.113201
0.000263651
0.00124654
0.0167214
0.0183372
0.025554
0.34644
0.0642378
0.289277
0.000450698
5.18455e-07
0.145279
0.00296606
0.134154
0.0153407
0.00238345
0.0100083
0.231602
0.243814
0.0026251
0.0882004
1.31931e-05
0.0898259
2.2934e-05
0.0130897
0.126801
0.129813
0.253744
0.347321
0.40269
0.0742757
0.0010173
0.0387507
0.775783
1.76033e-05
0.00021218
0.195337
9.88814e-06
0.123606
0.234213
0.34356
0.296649
0.0109364
0.0171887
0.299479
0.328255
0.333834
0.0168708
0.238846
9.54114e-05
0.0900311
0.622081
0.000312767
0.0100248
0.286531
0.00849412
0.00208024
0.0570169
0.000211649
0.00116352
0.355715
0.181997
0.0584734
0.22199
0.0823918
0.553565
0.493015
0.470508
0.133449
0.0167612
0.073933
0.637583
8.9918e-06
0.0201081
0.126955
0.000878015
0.0475356
0.208288
0.108122
0.280688
0.320873
0.268362
0.111855
0.505911
2.21356e-05
0.000158576
0.292062
0.421424
0.262603
0.164863
0.00427906
0.0697425
0.31186
0.00828303
2.81869e-07
0.694218
0.106913
0.642539
0.122457
0.0179349
0.387439
0.00753207
0.0283576
0.0112326
0.420392
0.115126
0.0165437
0.178568
0.00738903
0.368302
0.227472
0.223641
0.00407506
0.22906
0.397559
0.245475
0.012188
0.0474505
0.36138
0.166384
0.525242
0.00261301
5.15985e-07
0.009167
0.013901
0.0235331
0.502554
0.0704609
0.0363134
0.575079
0.00123444
0.00447445
0.0138789
0.220139
0.0284216
0.152745
0.0275216
0.681428
0.00170663
0.0736507
0.356729
0.0870288
0.203631
0.0137203
0.00016974
0.0142204
0.0347348
0.0526216
0.00389331
0.375731
0.458336
1.02277e-05
0.0358114
0.137381
0.0649739
0.00043418
0.000888643
0.0675938
0.0445164
0.00160476
0.0449108
0.00338562
7.64317e-05
0.325066
0.157038
0.109384
0.283286
0.00679802
0.0317261
0.163556
0.000462361
0.00952656
0.346197
0.350828
0.001757
0.372862
0.304476
0.152091
0.00251236
0.199782
0.000831685
0.000624211
0.132654
0.39159
0.27214
0.0485597
0.0182345
9.38774e-07
0.0148559
0.247046
0.00235361
0.105572
0.00137467
0.289142
0.183913
0.623359
0.546298
0.00506577
0.160945
0.0217045
6.17838e-05
0.00106923
0.00875834
3.89361e-06
0.00176747
0.00448753
0.0583954
1.16296e-05
0.00166975
0.000575063
5.79776e-06
0.101495
0.000163867
0.304996
0.226594
0.0122457
0.00031493
0.219875
0.255396
3.55487e-05
0.196436
0.00411234
0.619582
0.611573
0.0121087
0.276194
0.660272
0.0105391
0.540732
0.0875845
0.0165519
0.00910447
0.667343
0.0034458
0.000742044
0.00825833
0.110848
0.437345
0.00101922
0.00187618
0.0728109
0.000129781
5.97212e-05
0.404144
0.10359
0.0341487
0.00104746
0.0573585
4.12358e-05
0.0139759
0.0485218
0.00264175
0.0607711
0.407441
0.19621
0.00739528
0.637792
1.56721e-05
0.238516
0.350852
0.192203
0.000101673
0.00247167
0.227653
0.00156042
0.516631
0.0491654
0.010192
0.312986
0.418174
0.492093
0.00169154
0.0527157
0.0360728
0.0152526
0.305879
0.000159661
0.00316307
0.00334521
0.000181135
0.469985
0.714655
0.160569
7.11272e-05
0.107079
0.0322489
0.00137597
0.55818
0.112395
0.39169
0.0187658
7.50665e-06
0.0251159
0.219753
0.295014
0.000127678
0.208152
0.00191286
0.814172
0.300639
0.273912
0.129598
0.0455761
0.6682
0.228603
7.50262e-05
0.118393
0.454039
0.00168443
0.305618
0.00680355
0.698715
0.0552904
0.0189771
0.00485832
0.000138361
0.463841
6.99622e-06
0.234813
0.00178501
0.000488067
0.000276207
0.420468
0.0127054
0.199085
0.127969
0.00472774
0.0400501
0.31261
0.0096394
0.0623963
0.133645
0.278167
0.0215077
0.0131791
0.302235
0.0090844
0.00350112
0.328845
0.473952
0.297118
0.000232394
0.166161
0.374716
0.00971423
0.0166646
0.000551782
0.000154522
0.00119021
0.00312894
0.0803169
0.394214
0.471539
3.721e-07
0.000549163
0.381586
0.0848932
0.121637
0.150524
0.00721955
0.000138563
0.310484
0.370627
0.0381079
0.052189
0.293345
0.542459
0.655565
0.241268
0.0185942
0.645651
0.433896
0.0955135
0.293238
0.283109
0.00989642
0.0472773
0.191608
0.000289249
0.0715622
0.000313487
6.07546e-06
0.418562
0.00913035
0.613389
2.88235e-05
0.334525
0.496201
0.308994
0.0156615
0.126926
0.00207525
2.11912e-05
0.384698
0.288568
1.06343e-06
0.0265767
0.00191027
0.213221
0.00365066
3.29768e-05
0.000940976
0.303956
0.000814755
0.00632403
0.29628
0.114178
0.247952
0.0448135
0.0822839
0.368635
0.167935
0.32812
0.285217
0.518836
0.33804
2.7043e-06
0.528722
0.331042
0.0250521
0.0142691
0.188537
0.532064
0.0155252
0.131023
0.118247
0.313781
0.0135954
0.0218381
0.234583
0.621827
0.000281366
0.341765
0.0277125
0.0210369
0.00727818
0.254422
0.00628665
0.0870545
0.0678317
0.499793
0.178329
0.586274
1.57979e-06
0.274999
0.0264339
0.0488771
0.00974222
0.238319
0.275353
0.464574
0.0230456
0.118631
0.0316583
0.341519
0.152872
0.0173739
0.167062
0.0885543
0.00704564
0.000557044
0.443936
0.235042
0.0955292
0.000219612
0.591182
0.0135526
0.421768
0.499076
0.0870156
0.328884
0.262856
0.00458714
0.0170595
0.000286181
0.14328
0.20542
0.000367181
0.0651041
0.377674
0.00201111
0.471466
0.00558914
0.00844048
0.00188582
0.0385181
0.00114404
0.500274
0.164339
0.185296
0.427573
0.00192257
0.0367624
0.229516
0.254199
0.0408914
9.26773e-05
0.017892
0.0339563
0.0358176
0.00529171
0.000168877
0.41717
0.0157085
0.00114574
0.0541519
0.151935
0.166888
0.131429
0.000326357
0.0491641
0.0177974
0.284655
0.0376623
0.0911151
0.376993
0.183231
0.0274317
0.439245
0.0208379
0.0146095
0.0054837
0.0376088
0.315593
0.20488
0.122895
0.0646795
0.0340515
0.00108139
0.634457
0.17541
0.505252
0.0193266
0.00599995
0.00111848
0.0139336
0.0493189
0.205693
0.00372921
0.368061
0.296951
0.47805
0.00558243
0.00258283
0.538972
1.01646e-05
0.206127
0.00930983
0.316458
0.00752663
0.593899
8.12871e-05
0.20788
0.46012
0.00813176
0.0878879
0.234774
0.232328
0.0468985
0.116396
0.0317628
0.00870132
0.258465
4.69125e-05
0.0582561
0.0201948
0.00244266
0.513749
0.173774
1.67209e-05
0.00308162
0.180418
0.0109631
0.00741733
0.18745
0.155155
0.0210028
0.00586015
0.164408
0.010009
0.235554
0.202107
0.0889979
0.0239839
0.0063252
3.19892e-06
0.208918
0.779861
0.0894758
0.152343
0.0658665
0.525458
0.000101793
0.0788184
0.0155185
0.607516
0.0629858
0.00508863
0.00037908
0.0891332
0.197281
0.529035
0.254211
0.0236022
0.0113448
0.0578958
7.35367e-05
0.00569613
0.0458223
0.429468
0.00338832
0.240573
0.563668
0.140528
0.0168615
8.11876e-05
0.716767
1.15411e-05
0.0303143
0.0923649
0.0718171
0.219303
0.000602708
0.348613
0.436132
6.03211e-06
0.0080131
0.414258
0.280286
0.304429
0.00367468
0.546906
0.0855044
0.285444
0.0059105
0.140055
0.00291667
0.590443
0.115609
0.0589193
0.367077
3.22547e-05
0.0176404
0.00543556
0.229104
0.172321
0.01801
0.206511
0.160476
0.193181
0.656644
0.0108547
0.00505551
0.00372425
0.196202
0.0112298
0.000131044
0.0396688
0.00264481
5.87676e-05
0.000667135
5.47494e-06
0.695427
0.157308
0.141669
0.450164
0.058852
3.69799e-06
0.000131133
0.000496269
0.301033
0.000355986
0.00227088
0.000101138
0.260088
0.267385
7.75917e-06
0.21901
0.427298
0.0124118
0.334489
0.00604875
0.485967
0.559889
0.159993
0.259059
0.357679
0.326763
5.90684e-05
0.16466
0.569522
0.0754391
0.00180615
0.0240581
0.0108063
0.00833069
0.0753145
0.00478406
0.0310315
0.39303
0.479306
0.00293137
0.0423314
0.0304093
1.38468e-06
0.463635
0.21903
0.000732676
0.313415
0.249353
0.123717
0.343036
0.0303613
0.0204854
0.0139285
0.0113747
0.00140151
0.0841647
0.0136895
4.57939e-05
0.00131146
0.420048
3.17361e-05
0.114845
0.207671
0.293885
0.000133107
0.0706462
0.269881
0.49769
4.23874e-06
0.421292
0.000192202
0.441597
0.236869
0.462611
0.295319
0.00044053
0.482011
0.000952829
0.645274
0.177547
0.0365253
0.362121
1.53114e-05
0.71397
0.00130779
0.103364
0.0457867
0.111836
0.323898
0.108331
0.00344077
0.151403
0.0105691
0.271865
1.877e-06
0.0120957
0.395253
0.0145599
0.337054
0.108034
0.161081
0.327387
4.06201e-05
0.0237106
0.253268
0.494957
0.179519
0.197832
0.338793
0.147493
0.0123763
0.00282993
0.106083
0.0265629
0.550981
0.365242
0.337026
0.000677729
0.027994
0.463731
0.00911181
0.397828
0.289093
0.191591
0.31082
0.00388578
0.281551
0.00273426
0.000385461
0.0125032
0.409561
0.0974739
0.0209693
0.404905
0.0271499
1.39171e-06
0.0444912
0.295741
0.0872218
0.184225
0.367354
4.96958e-05
0.0292411
0.177096
0.0707187
0.370655
0.00688039
0.476302
0.606961
0.445212
0.0207981
0.15823
0.0244229
0.362522
2.51994e-06
0.303299
0.188717
0.0906086
0.000990607
0.383447
0.00352537
0.305591
0.46079
0.0320902
0.544428
0.47327
0.0426525
0.0142334
0.0996527
0.198436
0.344498
0.0301762
0.386295
0.0660061
0.278183
0.00575706
0.0248931
6.91776e-05
0.229016
0.0209496
0.344013
0.173472
0.283394
0.0392201
0.624679
0.642352
0.00157485
0.0975353
0.463487
0.54828
0.68029
0.352141
0.198905
0.018921
0.0658662
0.0845483
0.241948
0.0392281
0.308592
0.0998751
0.00309936
0.162151
7.66935e-05
0.250962
0.510728
2.32265e-05
0.112916
0.0358627
0.0536578
0.420251
0.283563
0.30816
0.286643
0.0895215
0.0313513
0.00356307
0.0397638
0.238825
0.624815
0.576436
0.000189304
0.00334262
0.0113981
0.0797573
2.41895e-05
0.232767
4.8412e-06
0.00142769
0.406525
0.273157
0.42088
0.534249
0.306468
0.559393
0.282847
0.332356
0.305511
0.21226
0.0278222
6.90375e-05
0.00284195
0.317951
0.105796
0.140099
0.433419
0.229058
0.0864707
0.25262
0.4847
0.164334
0.193922
0.455697
0.338257
0.0577182
0.000525906
0.318549
0.00131866
0.325171
4.4607e-05
0.386618
0.138427
0.0114671
0.00108812
0.706052
0.25758
0.00013043
0.0184465
0.0330245
0.470343
0.149606
0.00445653
0.0166069
0.379111
0.000470853
0.408318
0.532925
3.37672e-06
0.0154366
0.193158
0.135964
0.613357
0.000385635
0.784433
0.0192785
0.207653
0.273555
0.00102195
0.0205223
1.38101e-05
0.0910675
0.108947
0.0861141
0.230171
0.162941
0.12813
0.332032
0.802073
0.277994
0.448931
0.00396709
0.42925
0.376862
0.332515
0.44866
0.12309
0.00513183
0.00298487
0.000556522
0.491823
0.188005
0.478258
0.0600721
0.234796
0.0384147
0.0590279
0.0315308
0.787504
0.010844
0.333893
0.00324797
0.113593
0.00660676
0.0244055
0.541904
0.00213459
0.0373062
0.27489
0.142159
0.654688
0.108342
0.238177
0.633971
0.0139511
0.0315372
0.38787
0.338463
0.461906
0.0739385
0.236397
0.0136861
0.0649042
0.685998
0.32765
0.0300257
0.0654978
0.485024
0.00194669
0.00271301
0.0345224
0.244998
0.0619055
0.0935986
0.17836
0.00762858
0.0598379
0.298843
0.00561746
9.37155e-06
0.0444446
0.00014725
0.000795967
0.416259
0.00389836
0.495168
0.107977
0.541285
0.00221661
0.0109315
0.0930765
0.00265596
0.00170414
0.00979362
0.185804
0.616517
0.630584
0.72463
0.0751978
0.00888189
0.00426451
0.404533
0.0382663
0.00670121
0.243564
0.307997
0.00398514
0.0215765
0.28655
0.00491362
0.338437
0.116847
0.000445215
0.0035568
0.402902
0.162756
0.00273607
0.395818
0.00173147
0.458152
0.291315
0.215759
0.11101
0.020202
3.94241e-05
0.294883
0.534193
0.418664
0.0806449
0.158425
0.00606331
0.51841
0.57163
0.117965
0.00281848
0.15274
0.000206202
0.00129031
0.328334
0.107634
0.0214829
0.249237
0.0636926
0.0995958
0.000226968
0.336194
0.156189
0.476575
0.102821
0.358102
0.104936
0.0144378
0.00135274
0.416076
0.000238388
0.2336
5.05457e-05
0.0614589
0.101312
0.0238344
0.00894828
0.000582445
0.0812448
0.392426
0.348229
0.5158
0.0369875
0.208197
0.0380378
0.388037
0.542211
0.299222
0.150206
0.406673
0.0610768
0.627508
0.000222136
0.272337
0.00112014
0.0157177
0.0874256
6.02116e-05
0.344463
0.048938
1.46858e-05
0.0660407
0.0184172
0.401151
0.277121
0.276505
0.29735
0.002233
0.229329
0.193669
0.0114765
0.512947
0.000214012
0.269508
0.366473
0.255878
0.523409
0.0291941
0.00374679
0.466825
0.0130864
0.44373
0.267316
0.0569573
0.117184
0.374002
0.310983
0.207258
0.00622438
0.636201
0.213425
0.451879
0.000527625
0.262881
0.334378
0.174739
0.339487
0.00333204
0.00664509
0.33721
0.00172296
0.0693165
0.240834
0.40893
0.0522401
0.0497006
0.336477
0.0550607
0.0253946
0.0113685
0.658744
0.00379714
0.0228828
0.441735
0.297503
0.00279934
0.333633
0.0266829
0.283547
0.454434
0.00177181
0.283504
0.192904
0.393448
0.199151
0.344834
0.438791
0.00612763
0.0059547
0.457141
0.0239754
0.0028258
0.217729
0.00145981
0.148089
0.000481962
0.18397
0.0398586
3.50723e-07
0.178767
0.0247169
0.0216117
0.000277941
0.310795
0.212286
0.30284
3.5903e-06
0.119983
0.246105
0.024886
0.0123378
0.0612288
0.0800613
0.470382
0.316102
0.00374186
0.0228566
0.0641795
0.155375
0.0123611
0.13736
0.0708274
0.0147495
0.00124714
0.0350389
0.0235694
0.386398
0.321657
0.199824
0.0218935
4.63213e-05
0.00168559
0.14582
0.274633
0.2473
0.479264
0.00185044
0.12929
0.12044
0.0598733
0.103192
0.407843
0.0952615
0.00883401
0.220705
0.347041
0.0281659
0.538112
0.147909
0.140366
0.00921979
0.577308
0.031535
0.342089
0.441655
4.78986e-05
0.142255
0.19498
0.190873
0.0202518
0.250949
0.500692
0.459621
0.56475
0.0384545
0.0141943
0.21545
0.00227239
1.36506e-05
0.0293271
0.0258888
0.00587022
0.0100551
0.0183306
0.000394815
0.123501
0.0440393
0.00464265
0.327804
0.416386
0.0265025
0.021339
0.0546427
0.291403
0.141624
0.264339
0.266848
0.0107935
0.55157
0.00136464
0.325727
0.236022
0.0277525
0.506593
0.000316253
0.383188
0.290899
0.260119
0.00221087
0.0400222
0.00372117
0.103434
0.0101288
0.00481366
0.137125
0.0371183
0.0878481
1.75034e-06
0.221018
0.343081
0.00216207
0.364231
0.00207115
3.49415e-05
0.344691
0.304816
0.322836
0.00211692
0.0286855
2.06975e-05
0.386576
0.142337
0.425871
0.586189
1.28059e-05
0.119985
0.0931431
0.0892266
0.00693893
0.628118
0.259343
0.0148477
0.0112029
0.456259
2.12539e-05
7.79959e-07
0.0623756
0.345817
0.000832405
0.0256138
0.204864
0.2594
0.165058
0.00112665
0.139556
0.784485
0.485242
0.00539896
0.033986
0.0340227
0.000851679
0.00174119
0.00608929
0.274501
0.101965
0.22653
0.00048463
0.00891556
0.314442
0.376893
0.451695
0.00128842
0.540871
0.196064
0.0584536
0.0639214
0.0181983
0.0409884
0.37456
1.31613e-06
0.300983
0.378648
1.41987e-06
0.631401
0.153348
0.0667694
0.00365385
0.580469
0.000268697
0.46746
0.118324
0.0760141
0.0591963
0.102884
0.000149664
0.0144409
0.0594259
0.0308072
0.0173468
0.0331548
0.00454571
0.198417
0.113553
0.000307175
0.00124516
0.00135697
0.000145462
0.263877
2.52339e-05
0.00803265
0.0393781
0.0782398
0.138697
0.346245
0.165435
0.0341192
0.0158517
0.00561986
0.00390854
0.00176315
2.87182e-06
0.142242
0.106264
0.0105436
7.56309e-05
0.00312098
0.0642885
0.156516
0.000351491
0.0010286
0.00265247
0.424
0.0843654
0.328373
0.525175
4.99217e-05
0.316085
0.00160724
0.360855
8.06146e-05
0.371285
0.000602008
0.000575712
0.381439
0.00456143
0.55419
6.2721e-09
0.0487611
0.327758
0.0439189
0.00258626
0.0166476
0.379197
0.431509
0.557228
0.394031
0.223673
0.000805173
0.551273
0.179257
0.00420184
0.00700305
0.00343301
0.0193574
0.0216055
0.00388974
0.000444255
0.059919
1.14049e-05
0.122267
0.500388
0.767652
0.457369
0.343693
0.310034
0.407123
0.0048114
0.773082
0.011616
0.0455138
0.00781444
0.396526
0.386975
0.0379527
7.44891e-06
0.000168855
0.000195981
0.507302
0.0525044
0.285073
2.70117e-06
0.058759
0.346979
0.0434399
0.0141571
0.00813045
0.104134
0.319252
0.220375
0.0011152
0.0122304
0.00635863
0.316277
0.0059476
0.000659011
0.145607
0.127152
0.0019367
0.0111124
9.85153e-07
0.00325579
0.301513
0.0667533
2.5913e-06
0.600091
5.9826e-08
0.28336
0.442037
0.150377
0.000905957
0.0123602
0.257392
0.139003
0.0505272
0.376214
0.0638525
0.156929
0.224481
0.00039415
0.0245288
0.000388211
0.017073
0.289633
0.370162
0.000253349
0.0222552
0.0042731
0.275686
0.0433613
0.381492
0.0522888
0.36622
0.040217
0.079321
0.452758
0.278359
0.151077
0.266014
0.398396
0.16692
0.0216552
0.244199
0.00351744
0.279724
0.412943
0.035591
0.356469
0.0218449
0.270461
0.00784003
0.00107719
0.0230897
0.441375
0.0510368
0.0263415
0.322646
4.75598e-05
0.0601656
0.199762
0.00171805
0.132448
0.0821704
0.169369
0.0762242
0.010312
0.0532133
0.0183075
7.44123e-05
6.0206e-05
0.208439
0.451335
0.0859035
0.0114725
0.0303756
0.0083063
0.439221
0.18018
5.13941e-05
0.00949959
0.0013199
0.000386594
0.0729342
0.166688
0.0688894
0.246238
0.136434
0.00286955
0.318008
0.144394
0.00622114
0.374306
4.38229e-05
0.0232819
0.67958
0.563949
0.0285958
0.000228466
0.338931
0.253557
0.01922
0.193625
0.0301097
0.0525745
0.365595
0.25024
0.0222031
0.000449027
0.275131
0.510046
0.00134684
0.356265
0.00943069
0.529213
0.174361
0.184606
0.176766
1.41675e-06
0.000195107
0.409419
0.195831
2.15426e-05
0.0870738
0.000229672
0.0280058
0.0235508
0.369703
0.00107772
0.313748
0.0264675
7.32792e-06
0.107778
0.317022
0.378594
0.284817
0.0649759
0.00761919
0.330264
0.628649
0.0487778
0.0261741
0.0209979
0.00152583
0.187089
8.94729e-05
0.355937
0.143405
0.108551
0.593436
0.538802
0.00633263
0.0301031
9.7153e-06
0.13326
0.0955966
0.31527
0.0245324
0.0487022
0.00900493
0.0792248
0.012269
0.000429372
0.00663893
0.290101
0.196346
0.00124815
0.216226
0.091002
0.401396
0.00942617
0.00144401
0.29107
0.0233319
4.50571e-05
0.0674156
0.178248
0.249058
0.00959996
0.0179208
3.931e-05
0.00165113
0.0973362
0.485031
0.0198489
0.000417361
0.127722
8.6329e-05
9.76381e-05
8.32737e-05
4.24862e-05
0.439002
0.402551
0.0843791
0.147097
0.0530346
0.278249
0.0629391
0.502827
0.464623
0.00108474
0.05125
0.00117595
0.0396743
0.246466
0.346713
3.18154e-07
0.00932938
0.497379
0.000785085
0.00893719
0.00447161
0.107629
0.0669634
0.0199432
0.119129
0.233709
0.00153739
0.279722
0.000398406
0.0503742
0.146705
0.0326074
0.809636
0.343125
0.181773
0.00382902
0.25069
0.494991
0.331294
0.385041
0.162408
0.574833
0.132467
0.384094
0.482084
0.648754
0.461366
0.18197
0.459695
0.000668144
0.316083
0.0209304
3.38775e-05
0.482759
0.0273619
0.000376138
0.128665
0.0201896
0.0837059
0.00618843
0.000730764
0.294904
0.409529
4.17347e-06
0.0463734
3.61216e-07
0.331318
0.0118116
0.217585
0.147428
0.509385
0.13415
1.41819e-05
0.00234333
0.00415819
0.129183
0.0229315
4.36161e-05
0.617627
0.000965758
0.00444428
0.110771
0.00382912
0.488536
0.057851
0.399691
1.88616e-05
0.138279
0.00555757
0.313614
0.390841
0.0020798
0.0513287
0.340966
0.019831
0.000197687
0.0922466
0.33205
0.245108
1.52048e-05
9.0657e-05
6.46939e-05
0.0014405
0.00256231
0.0187165
0.019934
0.000224738
0.350373
0.0814336
0.0030564
0.059982
0.259295
0.0901056
0.330364
0.343321
0.000268504
0.54842
0.15072
0.399005
0.00236818
0.0281741
0.657464
0.00383443
0.00251118
0.36157
0.000325192
0.00425005
0.301812
0.000130056
0.0292926
0.050669
0.218858
0.693321
0.390038
0.0194811
0.0281984
0.000236232
0.000266137
0.0531662
0.0245292
0.00224572
0.0333975
0.0145631
0.24816
5.79008e-05
0.309632
0.0160758
0.290087
2.55343e-06
0.0035006
0.0549988
0.0122704
0.0027785
0.516652
0.44967
0.0603972
0.0854046
0.396151
0.00915053
0.00955558
0.238836
0.0180735
0.0430949
0.014983
0.350263
0.219729
0.213425
0.0392679
0.185509
0.246172
0.0414289
0.503958
0.0457046
0.00337317
0.281614
0.234161
0.463002
0.249955
0.167453
0.0562284
0.00897791
0.000959905
0.537776
0.00021814
0.333499
0.227693
0.207502
0.0567952
0.0298703
0.0138161
0.00245112
0.483969
0.371931
0.304894
0.0286339
0.000608288
0.104752
0.549555
0.0170485
0.401997
0.438931
0.280007
0.0294458
0.451937
0.0429563
0.00236435
0.00317004
0.000201678
0.323087
0.0855678
0.351141
9.30019e-06
0.00613308
0.333586
0.16034
0.000146762
7.12348e-05
0.204767
0.0818564
0.00199066
0.505826
0.000389849
0.0144451
0.0175754
0.00394826
3.12896e-05
0.000249246
0.263947
3.90898e-05
0.000345463
0.550367
0.442814
0.00262464
0.168299
0.00630792
0.0126988
0.0185737
0.432965
0.0163121
0.467771
0.00830153
0.0118534
0.060257
0.0533709
0.175566
0.495202
0.276668
0.0141377
0.481306
0.243364
0.131301
0.499763
0.285454
0.124258
0.0689531
0.0295755
0.00613351
0.407611
0.0507158
0.00578295
0.000129485
0.117684
0.00264735
0.290138
0.376501
0.000673584
0.385143
0.0586389
0.488788
0.200625
0.0393451
0.00545688
0.00324176
0.265347
3.29997e-05
0.215749
0.283365
0.324288
0.363779
0.237079
0.163029
0.34177
0.00383083
0.214121
0.311599
0.0123742
2.09082e-06
0.0624625
0.00434718
0.0495039
0.00250106
0.0235833
0.0557576
0.000153713
0.00364695
0.00707109
0.0244723
0.0432961
0.00874399
0.0637937
0.00600432
0.102279
0.122027
0.123869
0.00580441
0.012239
0.363782
0.0686688
0.0672939
0.104226
0.00364141
0.00529267
0.140232
0.263378
0.0609218
0.000412094
0.00166731
0.554101
0.000462679
0.173371
8.48196e-05
0.350289
0.618667
0.294245
0.123838
0.031671
0.0264513
0.00917379
0.0179109
0.484681
0.62334
0.313687
2.25488e-06
0.527591
0.0639974
3.36424e-07
0.253109
0.41446
0.553173
0.0744134
0.0054419
0.0579462
0.13272
0.642478
0.268765
0.686644
0.000494828
7.6251e-05
0.00394952
0.0474042
0.0099272
0.376782
0.00644844
1.27357e-05
0.216453
0.0113747
0.00471259
0.000448679
0.00476392
0.019076
0.0303434
1.09338e-06
0.00191236
0.000101609
0.508132
0.149653
0.000452466
0.816712
6.94055e-07
0.0152117
0.000236081
0.398953
0.0131384
0.198426
0.00356999
0.00027568
0.394516
0.00518832
0.328078
0.202433
2.71398e-05
0.00034633
0.00291508
0.216128
3.56693e-05
0.00862536
0.015392
0.00368558
2.60011e-06
0.447608
0.069825
0.000752224
0.655413
0.00343299
0.518963
0.068945
0.00548199
0.000116403
0.00560053
0.0854374
0.26351
0.00301842
0.324663
0.672713
0.411444
0.00598804
0.326602
0.378305
0.0361919
0.136616
0.468606
0.283794
0.0456225
0.00346251
6.23819e-05
0.00036484
0.000509474
0.329534
0.0785044
0.408447
0.123118
0.632658
0.776888
0.227808
0.108218
0.403338
8.34226e-05
0.000317053
0.251714
0.000130355
3.74892e-06
0.0251825
0.0574726
0.0031819
0.0175746
6.87443e-05
0.305607
0.00117938
0.856808
8.22409e-05
0.299392
0.0571741
0.015773
0.00794587
1.2512e-07
0.307612
0.173726
0.0039552
0.000824829
0.329846
0.234033
0.201892
0.211688
0.141192
0.00202775
0.0020898
0.353631
0.511226
0.000696427
0.0970172
0.092828
0.129553
0.293016
0.164324
0.713649
0.00670473
0.00311357
0.00124958
0.439566
0.274396
0.0192877
5.16978e-05
0.161538
0.351914
0.00111561
0.00558069
0.00260183
0.146495
0.133533
0.203461
0.182711
0.635528
0.684675
6.69717e-05
0.0753189
0.0196256
0.357307
0.0106606
0.00105201
0.321099
1.77749e-07
0.153789
0.522381
0.0686144
0.453831
0.234411
0.00493644
0.202287
0.00145957
0.611996
0.00246283
0.327156
0.151708
0.0368126
0.0414366
0.000702893
0.0655756
0.508002
0.00582334
0.0291871
0.263036
0.0249573
0.429303
0.00338659
0.0019167
0.0919955
0.000678588
0.287405
0.000325018
0.0327727
0.141663
0.272792
0.0258499
0.0886677
0.0765761
0.522819
0.242302
0.000946391
0.000548419
0.0113857
0.0300559
0.181418
0.212228
0.159194
0.00223152
2.56278e-06
0.327925
0.466068
0.686304
0.000406323
0.00132548
0.365834
0.00816504
0.438452
0.000934828
0.353163
0.0311921
0.0109214
0.000104037
0.0779583
0.351393
0.126077
0.0257936
0.020041
0.393553
0.0280344
0.00288181
0.00226786
0.274598
0.260922
0.000747552
0.558873
0.0266649
0.190176
0.644772
0.174106
0.48892
0.0939536
0.421755
0.298591
6.49362e-05
0.615988
0.387004
0.0551904
0.0270154
0.0262074
0.0068734
0.00664602
0.00160926
0.130397
0.534555
0.19205
0.00721149
0.220497
0.00222459
6.96456e-06
0.0170348
0.00728978
0.0307708
0.000113955
0.217742
0.00196825
0.354784
0.105256
0.00251697
0.23157
0.484147
0.000169475
0.0274582
0.293355
0.0255836
0.325245
0.717933
0.312891
0.24119
0.178374
0.169014
0.256473
0.610611
0.0941469
0.176369
0.0878164
0.000183543
0.269546
0.021583
0.0780851
0.155731
0.630624
0.00111726
0.0245137
0.342886
0.00909537
0.00358903
0.310581
0.0393765
0.469116
0.00540509
0.0545067
0.0316041
0.0157984
9.67557e-07
0.306823
0.376363
0.0796596
0.0706501
0.00185126
0.210851
0.0822119
0.331222
0.146781
0.00380877
0.0842341
5.05025e-05
0.282902
0.00714778
0.141742
0.212664
0.461221
0.22962
0.227453
0.293614
0.0116691
0.163883
0.0502657
0.299524
0.356002
0.11938
0.0771543
0.171101
0.00870344
0.387779
0.176166
0.00261055
0.00345033
0.199136
0.325452
0.0299563
0.0578122
0.0875477
0.169139
2.29639e-05
0.0186416
0.360258
0.271099
0.399681
0.611178
0.340683
0.00748299
0.525356
0.0188142
0.528847
0.0178451
0.534391
0.0605464
0.457185
0.358336
0.0308374
0.00173577
0.244054
0.325301
0.58733
0.00593571
0.00442844
0.130699
0.575526
0.470148
0.283237
0.0114782
0.0774443
0.00387764
0.252757
0.00138422
0.00398226
0.230504
0.129707
0.00577838
1.36567e-06
0.318386
0.0662194
0.12738
0.387647
4.3022e-05
0.0354353
0.000498305
0.268758
0.173169
0.00160091
0.73649
0.492563
0.155173
0.0052745
0.016736
0.533486
0.00658079
0.0119861
0.128761
0.0257847
0.593312
0.023532
0.211216
2.86326e-06
0.236036
0.101517
0.162616
0.323044
0.26655
0.00153115
0.0358795
0.14396
0.760515
0.672982
0.016383
0.215215
0.0869914
0.676731
0.00537355
0.316507
0.000152249
0.272953
0.401827
0.0249063
0.0805774
0.0360339
0.00115035
0.0160483
0.000161247
0.171201
0.00100016
0.449026
0.232426
0.052286
0.0492559
5.90315e-05
0.293941
0.0147891
0.400391
0.325697
0.015446
0.00111782
0.0400947
0.0401003
2.1662e-06
0.00922966
0.227771
0.00456152
0.0933192
0.000587178
0.358992
0.227267
0.132405
0.262124
0.178784
1.15798e-05
0.396629
0.41714
0.259601
0.00763837
0.000157668
0.217959
0.00372976
0.137572
6.76334e-05
0.0381825
0.3204
0.179774
0.205057
0.000233333
0.306947
0.512875
0.445902
0.120346
0.276221
0.113669
0.0312694
0.00100215
0.0459131
0.445682
0.000180163
0.523809
0.0961365
0.139703
0.259299
0.455607
0.00273507
0.457538
0.0220662