0.187563
0.0178763
0.16192
0.0163991
0.0298077
0.00373524
0.145288
0.0162507
0.625343
0.00632306
0.26209
0.00164048
0.252124
0.0415563
0.0171214
0.390657
0.0379489
0.0347736
4.12952e-05
9.60912e-05
0.0214474
0.277776
0.540807
0.26628
0.00560424
0.401792
0.121209
0.505162
0.114656
0.00837142
0.0651704
0.225004
0.451434
0.230235
0.00794327
0.430855
0.135467
0.43483
0.0045079
0.000151975
0.433093
1.51274e-05
0.477821
0.00109807
0.0385117
0.0669062
0.552641
0.399619
0.0472502
0.0794104
0.0398002
0.0226759
0.380666
0.354488
0.0126493
0.000302898
0.443835
0.708833
0.314324
0.369564
1.20695e-05
0.0204925
0.00852648
0.457889
0.0458668
0.119988
0.0996104
0.0198122
0.296296
0.147579
0.617044
0.116698
0.00105762
7.34558e-05
0.651002
0.000858271
0.315187
0.363127
0.00623985
9.0693e-05
0.00263316
0.11209
0.000458279
0.0245316
0.0024429
0.0440097
0.392976
0.378909
0.0151385
0.00747062
0.00163345
0.231853
0.00228237
0.000692714
0.182818
0.00174809
0.0194675
0.374
0.282522
0.431882
0.0655132
0.0739641
0.000441748
0.0878667
3.33748e-05
0.0387176
0.494845
0.000133937
0.216149
0.0124134
0.359889
0.0505483
0.20053
0.00130253
0.00229263
0.392957
0.151727
0.149879
0.356137
0.0461134
0.106656
0.388386
0.00591022
0.00038029
0.00104059
0.00759937
0.0523985
0.336575
0.173006
0.256067
0.123654
0.00454513
0.0122067
0.0530559
0.0163289
0.177622
0.165613
0.0554446
0.390601
0.107573
0.177108
0.000267921
7.79372e-05
0.282965
0.000445642
0.17081
0.00158922
0.146572
0.329346
0.389443
0.208397
0.186977
0.27923
0.481229
0.351029
0.315739
0.223252
0.0162979
0.130629
0.135234
0.0893859
3.85651e-05
0.114591
0.00384041
0.230821
0.301018
0.00427923
0.135729
0.010155
0.321818
0.0943234
0.505446
0.294257
0.00172649
0.0297797
0.00721946
0.620829
0.00909559
0.00494778
0.107647
0.42205
0.0505186
0.00715826
0.311272
0.382509
1.30344e-06
0.00942304
0.399854
0.493563
0.227316
0.385395
0.0915497
0.35972
0.0998166
0.0357262
0.327287
0.000365029
0.127546
0.443056
0.0297182
0.175017
0.120692
0.0166787
0.0299872
0.000690188
0.446194
0.298534
0.001645
0.00110822
0.0258216
0.16091
0.260751
0.0503606
0.0946613
0.531448
0.566594
0.293826
0.232053
0.571405
0.168617
0.0130417
0.17427
6.5068e-05
0.584755
0.404989
0.170345
0.311811
0.341024
0.379249
0.518855
0.129867
0.0115929
0.376107
0.104191
8.76145e-05
9.32633e-06
0.10102
0.42832
0.176506
0.415634
2.18605e-05
0.0296
0.463519
0.0486078
0.109462
0.230048
0.0241019
0.00936938
0.000743479
0.483511
0.155443
0.0102475
0.00101631
0.307284
0.265854
0.549113
0.00115361
0.0591027
0.153701
0.013935
0.353167
0.0076581
0.350478
0.27318
0.354847
0.0116051
0.244472
0.00314683
0.0391143
0.591401
0.513091
0.477577
1.28983e-05
0.202463
2.93718e-06
0.180913
0.022262
0.205634
0.26413
0.338845
0.171527
0.0211735
0.00270583
0.00117729
0.319907
0.000155428
0.000560928
0.179933
0.00764344
0.0976765
0.000560187
0.000374559
0.000861948
0.115681
0.0221164
0.219687
8.3796e-06
0.0435709
0.280097
0.000333803
0.0609642
0.0205826
0.00149838
0.0751775
0.0836441
0.222033
0.148978
0.0021529
0.301677
0.24213
0.132917
3.09128e-05
0.219759
0.538438
0.130864
0.348342
0.327517
0.0012789
0.018265
0.000377806
0.142474
0.00367596
0.330291
0.184802
0.237981
0.157233
0.00115185
0.242976
0.533534
0.000676527
0.0110206
0.015816
0.0305179
0.000806438
0.000795501
0.300241
0.152164
0.000271309
0.332194
0.0973766
0.0443649
0.00102751
0.199346
0.327345
0.328462
0.000253154
0.249411
0.000613689
0.00109126
0.102671
0.286301
0.00164643
0.225123
0.000876838
0.00136469
0.0855346
0.132923
0.0433367
0.25276
0.00360088
0.00160232
0.00259088
4.78365e-06
0.130271
0.0139659
0.490446
0.576909
0.706853
0.530553
0.0144369
0.444946
2.67127e-05
0.00674522
0.030828
0.00020808
0.0301846
0.19409
0.0825964
0.385997
0.00620227
0.0287155
0.0809257
0.00129884
0.048662
0.516485
0.392708
0.00580727
0.403989
0.0188166
0.171701
0.000110781
0.144217
0.0477247
0.417572
0.290092
0.00127358
0.237695
0.442484
0.403807
0.227237
0.070596
0.201393
0.00652591
0.00885948
0.000698681
0.309004
0.00841253
0.0500991
0.00345353
0.0389381
0.0548184
0.0206393
0.456945
0.00396055
0.0738697
0.017688
0.400623
0.0680325
0.468045
0.0109581
0.0640362
0.474493
0.152371
0.492832
0.303212
0.122481
0.00651407
0.606838
0.00405438
0.00457513
0.129649
0.00247009
0.37903
0.112018
0.308123
0.0506013
0.0380434
0.289773
0.378184
0.0640454
0.000470787
0.343912
0.186345
0.377745
0.570537
0.264791
0.198328
0.00756813
0.0531893
0.0664598
0.218458
0.120954
0.08211
0.207954
0.074113
0.569732
0.360348
0.471952
0.0885461
0.543582
0.148222
0.00249353
0.00288609
0.498553
0.547347
0.0118177
0.227695
0.146667
0.169812
0.0428333
0.454451
0.000120766
0.00345952
0.367219
0.325357
0.00102072
0.202962
0.36695
0.134051
0.218923
0.468826
2.00573e-05
0.0043312
0.445165
0.357176
0.409043
0.0177152
0.0117766
0.165268
0.0157123
0.00709129
0.0383319
0.188467
0.000271074
0.0102887
0.000800646
0.000271334
0.0858373
0.142339
0.0765112
0.345364
0.010201
0.0239349
0.370511
0.0260071
1.96704e-05
0.336683
0.0738184
0.431636
0.0147176
0.0162152
8.53317e-06
2.41099e-06
0.0120622
0.00359234
0.0376577
0.000412786
0.0914297
0.140567
0.0114394
0.259429
0.000207535
0.109454
0.00516728
0.00048602
0.376936
0.499989
0.00262029
0.459419
0.0078659
0.184359
0.636477
0.0430399
0.00494645
0.000194335
0.000271805
0.000809587
0.178303
0.0769075
0.305148
0.000270466
0.173019
0.00560181
5.43635e-06
4.29269e-06
0.0817903
0.023578
0.00360568
0.140491
0.358254
0.145443
0.178312
0.000817496
0.0551717
0.000924929
0.160873
0.0114204
0.017448
0.475306
1.56074e-05
0.000152451
0.00332335
0.000366939
0.581622
0.28378
0.137965
0.340112
0.383755
0.338763
0.308308
0.001676
0.00253146
0.00536294
0.612189
0.0323945
0.00380923
0.0022975
0.637155
0.000301422
0.48053
0.179954
0.4645
0.00365932
0.68788
0.000870681
0.585004
0.133686
0.0432261
5.10195e-06
0.000489788
8.3639e-05
0.260202
0.000156383
0.0166431
0.0526632
0.250197
0.000140994
0.135068
0.495805
0.291399
0.545287
0.0148573
0.0757962
7.46529e-05
0.000104168
9.88412e-05
0.356021
0.336801
0.210103
0.00293189
0.00711688
0.33928
0.000172972
0.00010326
0.0176717
0.167544
0.0382783
0.0312122
0.422785
0.0468161
4.25236e-05
0.169756
0.000929931
0.591371
0.000232495
0.0460596
0.0234279
0.141369
0.243863
0.552963
0.219235
0.134897
0.000250305
0.391374
0.0122079
0.00477269
0.000274194
0.520855
0.257425
0.238555
0.236173
0.120331
0.235744
0.000111325
0.286344
0.068385
0.336169
0.486042
0.0173762
0.26309
0.32064
0.395796
0.0190001
0.408933
0.000303026
0.631441
0.00948399
0.269628
0.309876
0.309565
0.0104434
0.288306
2.14071e-05
0.0114637
0.144882
0.243107
0.11905
0.0589668
0.0180612
0.331529
3.04869e-07
0.286758
0.598804
1.85775e-06
0.48878
0.57793
0.0410709
0.218769
0.645193
0.433337
0.333196
4.41366e-06
0.537983
0.653015
0.0477813
0.287555
0.00769923
0.145635
0.00283076
0.551846
0.597479
0.00046258
0.143834
0.00330462
1.14225e-05
0.201828
0.00658521
0.274929
4.42805e-05
0.107469
0.0136424
0.234696
0.245749
0.0459017
0.103094
0.487137
0.0851858
0.123061
0.01102
8.95332e-06
0.0156218
0.117562
0.000175049
0.0232986
0.0619457
0.6096
0.341134
0.481263
0.27204
0.120782
0.299907
0.0595247
0.000119326
0.00264509
0.00699779
0.638745
0.00161833
0.370612
0.0290032
0.202793
0.180371
0.0901306
0.00225661
0.415647
0.0582377
0.445583
0.192121
0.388984
0.00116387
0.118381
0.0689823
0.0297377
0.0162931
0.000751351
0.435629
0.00181328
0.448846
1.28904e-06
0.0577541
0.230254
0.0911278
0.0382983
0.192151
0.00813362
0.0032503
0.465501
2.44642e-05
0.0365428
0.0573264
0.000207608
0.378778
0.190172
0.140536
0.00607936
0.00917029
0.00301408
0.45452
0.284481
0.05233
0.0858841
0.563856
0.329856
5.98812e-05
0.440173
0.301511
0.483437
0.404844
3.27446e-06
3.65425e-06
0.000170914
0.0511911
0.000449545
0.00359443
0.0198759
0.0582101
0.53074
0.0463161
0.162745
0.473736
0.000976813
0.199199
0.294835
0.782048
0.51426
0.29261
0.0424547
0.715128
0.251887
0.560067
0.385423
2.14366e-06
2.12702e-06
0.0467427
8.28957e-06
0.376044
0.48895
0.204526
0.351189
0.00281876
0.567544
0.296205
0.150752
0.269886
0.00357862
0.151324
0.00030123
0.207479
0.129927
0.241227
0.408636
0.0972181
0.117277
0.0121498
0.0115133
0.000742037
0.678672
0.491923
7.25242e-06
0.0996294
0.617669
0.246533
0.44264
0.000453444
0.1485
0.302856
0.133735
0.152286
0.0825679
0.243453
1.08357e-05
1.23861e-06
0.121349
3.11914e-06
0.0218345
0.00752715
0.446074
0.207892
0.0135512
0.303194
0.165513
0.234971
0.29932
0.00580968
0.000492834
0.0730472
0.710576
0.00450369
0.0605119
0.000133968
0.000506106
0.0305273
0.00873036
0.0647482
0.480618
0.00472418
0.00244309
0.16434
0.0316697
0.000545416
0.033439
0.305793
6.05895e-05
0.174789
0.00509879
0.0563401
0.00702878
0.0208795
0.157968
0.678777
0.0354089
0.00322622
0.252014
0.606916
0.376466
0.0991786
0.614134
0.270415
0.219582
0.386629
0.153825
0.0481201
0.200074
0.365188
0.359169
0.00511043
0.057923
0.164228
0.203335
0.0945732
0.0141111
0.181635
0.0590999
0.000145311
0.14716
0.312071
0.100782
0.120929
0.00887329
0.0060876
0.041836
0.688124
0.352631
0.488398
0.00427926
0.00329395
0.00018252
0.398436
0.00244866
0.00114399
0.522924
0.00114236
0.000999515
0.0318664
0.060681
0.535665
0.0843726
0.353071
0.0271789
0.288671
0.259543
0.160736
6.40448e-05
0.380546
0.180226
1.43393e-06
0.0503762
0.0203303
0.00243388
0.246015
0.0150809
0.286139
0.234424
0.00171168
0.159727
0.0019086
0.0628504
0.00946803
0.0803526
0.129682
0.000926699
0.215592
0.0134461
0.0376328
0.477195
0.0777015
2.60197e-05
0.304583
0.0509286
0.00437711
3.37618e-05
0.0326378
0.0125643
0.0165491
0.000691839
0.0101186
0.228382
0.260316
0.0653659
2.03399e-05
0.068662
0.135196
0.0440609
0.222929
0.00021326
0.426533
1.74882e-05
0.0667684
0.0078967
0.00167221
0.270701
0.00999437
0.0650206
0.319373
0.0170865
0.0002195
0.0382859
0.0565043
6.814e-05
0.555556
0.310236
0.000150911
0.378226
0.000253537
0.110538
0.131577
0.0311109
0.0723292
0.0488098
0.642214
2.4597e-05
0.00166597
0.0143017
0.317399
0.108559
0.0466143
0.00237928
0.0217765
0.265601
0.536651
0.297191
0.000241441
0.000182923
0.708675
0.0145954
0.0770284
0.119087
2.73562e-05
1.78419e-05
0.00290926
0.334633
0.000926128
0.243046
0.0588799
0.10304
0.335033
0.220505
0.00281539
0.0482623
0.0594423
5.27828e-05
0.0500958
0.0627995
0.385608
0.828294
0.00707954
0.0575241
0.581549
3.89517e-05
0.000719403
0.515554
0.293804
0.00704433
0.692139
0.299829
0.00156887
0.0169986
0.0364388
0.0922779
0.0598587
0.000959303
0.0306404
0.513589
0.0403626
0.00291967
0.000922594
0.0307133
0.0176088
0.62995
0.310608
0.150656
0.00732228
0.311389
0.168302
0.0775352
0.267679
0.321242
0.0321734
0.0729201
0.00499985
1.40984e-06
0.229359
6.88454e-06
0.000334175
1.54972e-05
0.0464414
0.00939105
0.317105
0.000838825
0.00546015
0.000554929
0.0131123
0.001231
0.0410207
0.0423504
0.423515
0.236057
0.222913
0.00156458
0.132932
0.000488443
0.23308
0.00250472
0.0192996
0.675984
0.0307361
0.113433
0.000286054
0.00425636
6.77297e-05
0.0737996
0.531716
0.000147733
1.12929e-05
0.0518862
0.309913
0.573736
0.234741
0.00423166
0.0146532
0.00225331
0.0488244
0.0014932
0.477602
0.298848
0.292185
0.000974639
0.112481
0.0996693
0.190944
0.000249137
0.247197
0.450779
0.0503317
0.0162519
0.101231
5.48371e-05
0.108363
0.00124581
0.124382
0.633202
0.202994
0.174347
0.123188
0.00183704
0.0753245
0.00292489
0.0597369
0.681538
0.426588
0.00191138
4.75589e-05
0.245543
3.04919e-05
0.000875307
0.113539
0.313331
0.420343
0.132088
0.0427714
0.185582
0.121239
0.0333658
0.00592628
0.0271826
0.00115694
0.391044
0.26439
0.12265
0.0379358
0.0605271
0.0242513
0.0027501
1.33707e-05
0.278309
0.000795952
0.206216
0.739781
0.380854
0.252062
0.131011
0.136985
0.0213651
0.491803
0.124343
0.0123758
0.0131065
0.00571316
0.03584
0.0147771
0.361727
0.69726
0.551363
0.000600325
0.342338
0.2303
0.354047
0.207202
0.00038922
0.00797486
0.139943
0.00477866
0.0682663
0.0528701
0.19446
0.157393
0.000271396
0.0021406
0.00188651
0.000573951
0.31688
0.00136844
0.447118
0.33408
0.156255
1.00011e-05
0.102477
0.00013291
0.379055
0.692528
0.247593
0.0277687
0.0989225
0.0240194
0.0180674
0.0003111
0.000240171
0.10304
0.383611
0.0275088
0.00851934
0.769548
0.111328
0.00257606
0.227482
0.419317
0.0310607
0.00122701
0.41879
0.754622
0.00100587
0.475287
0.0106202
0.0607294
0.523811
0.00197409
0.000371702
0.621608
0.19205
0.000342995
0.0223323
0.0774431
0.351668
0.0577615
4.98801e-05
0.00342879
0.296788
0.0458284
0.530768
0.708186
0.0838972
5.23363e-05
0.0746585
0.0152344
0.0778668
0.0847458
0.00591861
0.172492
0.00180372
0.316279
1.17371e-06
0.00565649
0.528056
0.187888
0.138897
0.0406371
0.02854
0.0677423
0.0917745
0.319052
0.122907
0.308796
0.000150324
0.207558
0.018272
0.398722
0.754219
0.218747
0.0759454
0.00515376
0.0717221
0.00867142
0.00117704
0.00127694
0.463693
0.133617
0.477265
0.0113125
0.183837
0.000491498
9.00435e-06
0.361528
0.0207845
0.221964
0.183332
0.359382
0.000401472
0.014948
0.220081
0.00150956
0.294113
0.236185
0.000618855
0.00124498
0.522977
0.372014
0.00238283
0.207389
0.281825
0.424633
0.00271476
0.256086
0.00569185
0.00125422
0.000110589
0.000151613
0.345979
0.00514419
0.000304651
0.362274
0.298716
0.00604814
0.155429
0.45459
0.424045
0.00607155
0.331162
0.034838
4.52715e-06
0.0691328
0.0392695
0.175384
0.135163
0.00167942
0.512152
0.00147336
0.234955
0.309449
0.0135127
2.30319e-05
0.353715
0.215735
0.579119
0.528208
0.037514
0.290419
0.214546
0.794346
0.232913
0.210007
8.41527e-07
0.284552
0.000327823
0.39562
0.516735
5.44936e-05
0.0861971
0.611361
0.00344954
0.00240174
0.00113132
0.0407302
0.310445
0.0663377
0.0176066
0.195536
0.12385
0.00515847
0.00182535
0.349438
0.00037357
0.305325
0.26317
0.278902
0.389728
0.0966647
0.0945893
0.0458435
0.469584
0.00492378
0.0135441
0.451067
0.00382804
0.0281082
0.0868526
0.237504
0.0148576
0.0640945
0.115373
0.32641
0.189279
2.4574e-05
0.312926
0.000700721
0.0837096
0.42818
0.0778063
0.0166199
0.0329817
0.668035
0.482466
0.34013
0.0138049
0.000458787
0.0168344
0.00079725
0.015616
0.163346
0.00293606
0.00440908
0.163929
0.00776657
0.68653
0.00865974
0.00875248
0.000750631
0.121903
0.0598653
0.014234
0.19446
3.32177e-05
0.056988
0.000627537
0.0519359
0.297852
0.180774
0.551281
0.00243003
0.212459
0.00651268
0.0213952
0.0165705
0.256522
0.00435081
0.17592
0.392123
0.156293
0.0353361
0.00679808
0.0410781
0.0841238
0.147076
0.326799
0.427528
0.15309
0.0667839
0.0223897
0.0899713
1.26283e-05
0.365098
0.00307451
0.069107
0.429671
0.000153085
0.443939
0.146005
0.173805
0.384462
3.43278e-05
0.157302
0.000629432
0.00187124
0.456659
0.122859
0.270674
0.128296
0.331996
0.0273825
0.00917392
0.00301549
0.279504
0.393457
0.389648
0.0404571
1.04312e-06
0.0388794
0.0074865
0.000943747
0.00789455
0.029313
0.723696
0.161115
0.0948932
0.0841258
7.56958e-06
0.560231
0.282014
0.000927483
0.23347
6.97548e-05
9.0664e-05
0.00283957
0.444219
0.311877
0.424064
0.412341
0.352843
0.242097
0.00056254
0.225685
0.171512
0.000101992
0.102787
0.115763
0.406041
0.00373381
0.157514
0.0239715
0.481749
0.0107458
0.211144
0.0195613
0.00821308
0.00126318
0.0562349
0.0297874
0.108907
0.0409256
0.000206742
0.00619689
3.3041e-05
0.0119584
0.0326128
0.501662
0.396823
0.229323
0.600301
0.492976
0.318802
0.00222262
0.44748
0.452828
0.00753365
0.0465864
0.0314444
4.13718e-05
0.0122723
0.251825
0.317428
0.452593
0.056709
0.000438429
0.177381
0.0245737
0.0498299
0.511733
0.31904
0.0317972
0.287265
0.230268
0.445498
0.00905849
0.0244695
0.0188265
0.458656
0.251329
0.099717
0.437036
0.000147546
0.0753495
0.0470937
0.0154278
0.0240307
3.30528e-05
0.00279954
0.00061056
0.0275489
0.250779
0.239014
0.45106
0.134775
0.0364561
0.316834
0.312536
0.0175998
0.660842
0.0269716
0.641884
0.224423
6.14506e-05
0.0122461
0.57029
0.0260026
0.0111183
0.429747
0.243305
0.0511512
3.90698e-05
0.308964
0.0437846
0.00132053
0.42141
0.0766735
0.089452
0.480212
0.431741
0.318876
0.319247
0.221105
0.0538987
0.24655
0.494594
0.0937258
0.195652
0.305221
0.00355764
0.0881688
0.0747854
0.376791
0.145132
0.152016
0.351743
0.0276778
0.427373
0.0430832
3.59743e-05
0.0158173
0.00352565
0.121871
0.426872
0.0580383
0.708123
0.0593942
0.28646
0.335058
0.00801758
0.276868
0.240402
0.00257484
0.0320095
0.340395
0.3244
0.000265307
0.144654
0.136672
0.00434705
0.00390552
0.219384
0.602216
0.240397
0.0031029
0.538385
0.0431086
0.0523576
0.00132491
0.0157663
0.071797
0.00270429
0.000538055
0.00255067
0.418392
3.76793e-06
0.126973
0.32492
0.225701
0.133137
2.13759e-06
0.315942
0.000293262
0.121253
0.0270706
0.394122
0.000491042
0.22602
0.243532
0.0395587
2.42073e-05
0.0268624
0.0115099
0.278876
0.0134786
0.315411
0.00231477
0.270401
0.187149
0.0107075
0.182019
0.0240988
0.000100476
6.95618e-05
0.000468066
0.00327068
0.267056
8.07362e-05
0.230798
0.0262398
0.316487
0.270783
0.254841
0.202572
0.55666
0.225003
0.0736562
0.299211
0.121444
0.00240946
0.00125561
0.600481
0.000104004
0.191585
0.0173688
0.0918888
0.268464
0.0496225
0.107764
0.632843
0.0751899
0.00103314
0.0495874
0.503145
0.359638
0.359519
0.00015062
0.00495966
0.0317028
0.240346
0.00763324
0.00209717
0.000247049
0.0136762
0.00131787
0.117086
0.636776
0.111368
0.178782
0.485077
0.00620841
0.0185546
0.206937
0.0640685
0.000400399
0.716458
0.0836672
0.0828223
0.132148
0.363352
0.0621916
0.0766427
0.36012
0.0253319
0.82746
0.076028
0.0895751
0.00011757
0.000886504
0.00628686
0.0309508
0.184875
0.00450704
0.113423
0.430948
0.136932
1.18153e-05
0.00214112
0.00155062
0.00712992
0.0957713
0.444368
0.0289252
0.00918732
0.351518
0.0617792
5.03894e-05
0.422428
0.0751098
0.419064
0.612224
0.0322872
0.210024
0.0667956
0.307505
0.0176201
0.284523
0.534086
0.00122891
0.215625
0.437475
0.000831981
0.486563
0.00125005
0.326657
0.103709
6.19478e-06
0.426471
0.000766893
0.000365435
0.139217
0.00788369
0.557352
0.00621175
0.382417
0.0625826
0.221509
0.000313701
0.230097
0.540396
0.0315389
0.143281
0.00325596
0.270128
0.306095
0.37944
0.209391
0.0287087
0.238549
0.312047
0.000139914
0.0321226
0.637243
0.26466
0.000164426
0.00242604
0.0190637
0.0618597
0.0515532
0.145035
0.0329276
0.219723
0.0713817
0.373
0.00172705
0.000807654
0.484362
0.486524
0.597926
0.0165499
8.00876e-05
0.00104349
0.152992
0.138667
0.516217
0.423757
0.124731
0.022632
3.13976e-06
0.145679
0.325741
0.277563
0.163646
0.521544
2.51355e-06
0.467705
0.422412
0.276749
0.00905563
0.00710811
0.04201
0.0779429
0.32683
0.0870708
3.44618e-06
0.656271
0.0225783
0.344695
0.114486
0.0306539
0.00956066
0.000699569
0.00922309
0.58335
0.000168531
0.0956026
0.357538
0.472155
0.408836
0.000447011
0.188626
4.0043e-05
0.308911
0.285779
0.00152151
0.155493
0.785686
0.238014
0.0191487
0.00385621
0.00272354
0.437131
0.365633
0.227976
0.00365107
0.0033953
0.00479904
0.00134923
0.436616
0.422674
0.00992947
0.386922
0.137435
0.184005
0.000766187
0.15002
5.98208e-05
0.0371208
0.000524225
0.0122271
0.12709
0.440144
0.129964
0.376318
0.000334394
3.17464e-06
0.0107123
0.30459
0.000311505
0.217052
0.532494
0.475419
0.00590752
0.00675794
0.389435
0.368975
0.101997
0.0260547
0.114677
0.0567857
0.000321354
0.33086
0.024049
0.119161
0.237734
0.00162922
0.124402
0.0559966
0.00465231
0.0911243
0.000880193
0.432912
0.486281
0.160924
0.272669
0.259271
0.000264867
0.607932
0.0154522
0.414308
0.237502
0.0667313
0.244464
0.209781
0.596824
0.599982
0.713861
0.316411
0.00666515
0.497488
0.00514947
0.00123297
0.379112
0.100268
0.44915
0.424025
0.016748
0.0385099
0.334645
0.479091
0.295399
0.00342962
0.379971
0.277292
0.121088
0.0511932
0.033434
0.030092
0.106678
0.0312799
0.309129
8.88667e-05
0.000530052
1.12657e-05
0.339287
0.00203701
0.0154031
0.373589
0.161721
0.000849842
0.120396
0.0182178
0.218223
2.59341e-06
0.00379486
0.298903
0.532879
4.41826e-05
0.32208
0.000218886
0.292356
0.359413
0.21799
0.000860078
0.0381156
0.0345263
1.31143e-06
0.00180044
0.337903
0.237616
0.0617726
0.345118
0.283214
0.482965
0.0463491
0.209823
0.292369
0.23291
0.0483862
0.000200209
0.0634167
1.2261e-06
0.0104839
0.00126423
0.0335294
0.49353
0.129123
0.00116164
0.373265
0.118882
0.286462
0.00903112
0.358616
0.0656663
0.289617
0.000926588
0.132515
0.207525
0.162357
0.019171
0.0395586
0.387105
0.612697
0.000186036
0.33304
0.344088
0.00616898
0.461191
0.502075
0.491407
0.00895005
0.50812
0.143236
0.415404
0.23021
0.000793019
0.0988867
0.000152753
0.118302
0.00239745
0.000239104
0.134744
0.03112
0.0227039
0.317891
0.00087745
0.00450356
4.15903e-08
0.142087
6.09855e-05
0.304684
0.143554
0.425229
0.287613
0.209377
0.0422762
0.417594
0.0182093
0.00097939
0.000192556
0.273527
0.271443
0.620724
0.0026205
0.167114
9.63486e-05
0.166126
0.28269
0.0666253
4.54196e-06
0.323317
0.286338
0.00690955
0.153279
0.0284336
0.455697
0.0612342
0.00104517
0.123386
6.82201e-05
0.0487574
0.0530579
0.0502045
0.00855909
0.000139934
0.00475083
0.348782
0.00887814
1.00137e-06
0.00992189
0.197889
0.303198
0.0813555
0.265609
0.000159369
0.158835
0.000322448
0.247305
0.00576635
0.00063428
0.0727704
0.00230174
0.176975
0.414818
0.00607936
0.295601
0.0813247
0.096808
0.00010533
0.0318125
0.0798945
0.00743564
0.00490838
0.000958144
7.22974e-05
0.40662
0.166916
0.00164024
0.112926
0.00124203
0.0196983
0.0230529
0.201216
0.0355252
0.055976
0.364527
0.2648
0.233159
0.137862
0.0003308
3.22082e-05
0.271989
0.00757554
0.000293225
0.00982543
0.121512
0.0638213
0.150661
0.233502
0.31926
0.0197908
0.0419381
0.295474
0.146401
1.27872e-05
0.292157
0.550699
0.0924221
0.0239712
0.611476
0.184358
8.16476e-06
0.0414869
0.286063
0.154766
0.105276
0.347848
0.0191154
0.0114706
6.43066e-05
0.153276
0.187518
0.142356
0.149796
0.00378071
1.3154e-06
0.284914
0.167904
0.292258
0.406454
0.233707
0.0174618
0.130565
0.218169
0.0233329
0.339018
0.583966
0.00100773
0.171267
0.162759
0.00140458
0.592843
0.0194258
0.000126596
1.43954e-05
0.253763
0.00829801
0.00571271
0.211053
1.38134e-05
0.565332
0.000169268
0.000394117
0.360224
0.030567
0.316405
0.000722746
0.198745
0.0162119
0.275967
0.00168311
0.0332742
0.3087
2.86091e-05
0.687367
0.374884
0.00457161
0.0227372
0.144195
0.644502
0.252446
0.42833
0.00675185
0.00370804
0.350333
3.89774e-05
0.0103728
0.505655
0.0326028
0.0449393
0.0113567
4.54825e-06
0.00398294
0.0103013
0.0508853
0.289189
0.448844
0.372851
0.672097
0.0310983
0.00277489
0.161821
0.000112145
0.00532502
0.00578495
0.175151
0.145675
0.349171
0.491992
0.341255
0.0520816
0.338783
0.00234353
0.0600684
0.000510633
0.180389
0.298412
0.432113
0.0998419
0.000132237
0.224168
0.100047
0.007185
0.000833215
0.136958
0.00982848
0.000935891
0.202703
2.44514e-05
0.623228
7.14201e-06
0.00172265
0.0169258
0.00842093
0.13364
0.443604
0.616636
0.00402736
0.29663
0.000142528
0.00574261
0.115509
0.024391
0.119265
0.0741837
0.544643
0.0013492
0.0440425
0.277773
0.103502
0.465067
0.228174
0.209036
0.377907
0.00593489
0.0224339
0.00905022
0.36522
0.0250248
0.682733
3.39115e-05
0.0240268
0.013743
0.00755237
0.0930439
0.112927
0.273616
0.00815786
0.153418
0.000172156
0.438574
0.479619
0.0150938
0.016928
0.0236667
0.140036
0.279196
0.323601
0.621404
0.242668
0.000372831
0.0167984
0.198932
0.0109758
0.0297884
0.00514113
0.550486
0.186848
0.326159
0.569152
0.520906
2.82802e-05
0.504899
0.000319672
0.24016
0.211011
0.211526
0.00135877
0.000120842
0.0106002
0.29261
0.0695665
3.53458e-05
0.0189876
0.0427722
0.00106134
0.001545
0.363208
0.00283663
0.00274163
3.54288e-05
0.0113251
0.00234595
0.000678043
0.00434682
0.364642
0.122652
0.505738
0.409168
0.00011412
0.0276072
0.089432
0.00797559
0.351648
0.365278
0.267317
0.0565322
0.0966794
0.0940727
0.000271918
0.339421
0.478809
0.0239251
0.220088
0.185464
0.000725845
0.196512
0.137343
1.70484e-05
0.000320824
0.114852
0.30017
0.0784444
0.00549931
0.0839742
0.00379751
0.00572694
0.00169256
0.288672
0.238987
0.451065
0.405316
0.293933
0.0453778
8.17074e-05
0.483768
0.265948
0.273155
0.0108887
0.0527926
0.220257
0.220794
0.343646
0.00225725
4.33206e-06
0.000822503
0.375853
0.000460416
0.124235
0.429917
2.59456e-05
0.128981
0.323654
0.0018836
0.0144963
0.70608
0.00253333
0.0209199
0.0939866
0.0988239
0.142644
0.455836
0.0305322
0.00616751
0.175293
0.358563
0.326186
0.4047
0.014442
0.0081597
0.104397
0.349346
0.0728187
0.00220757
0.0144363
0.00396903
0.00211325
0.0975624
0.123357
0.415476
0.415439
0.00406597
0.0348357
0.340573
0.000273055
0.158812
0.286909
0.447811
0.00642426
0.00245703
5.37554e-07
0.167475
0.39343
0.0134048
0.28539
0.00833371
0.000102346
0.242504
0.0141325
0.291502
0.382632
0.0116844
2.92275e-05
0.0224131
0.00162267
0.300628
0.0301802
0.0394349
0.156974
0.1443
0.199511
0.295675
0.00261077
0.106943
0.00165092
0.0288758
0.0156689
0.256804
0.321062
0.00538054
0.00229308
5.97999e-08
0.00341162
0.000176316
0.0906884
0.00245771
0.488241
0.0685024
0.0120124
8.6177e-05
0.000171339
0.209673
0.0807925
0.000414107
0.169394
0.26731
0.288196
0.0866861
0.254489
0.300026
0.113206
0.0640799
0.435701
0.0510261
0.237987
0.169886
0.477092
0.00376289
0.032628
0.344828
0.0100713
0.50988
0.304949
0.00354704
0.585072
0.395682
0.140444
0.376939
2.97431e-06
0.247541
0.0567149
0.162416
0.103873
0.000818103
0.149299
0.128558
0.202718
0.00690454
0.104659
0.364094
0.379183
0.254357
0.00367228
0.327087
0.359712
0.00411707
0.0770633
0.0483195
0.611302
0.135245
0.0303652
0.00080929
0.0024258
0.14475
0.337317
0.472228
1.3456e-06
0.00369522
0.271776
0.157289
0.1154
5.76041e-05
0.319666
0.57262
0.0119313
0.0530802
0.327257
0.0155214
0.000954587
0.268781
0.00149584
0.00068625
0.402305
0.0462623
0.0127689
0.0595934
3.76566e-05
0.248312
0.0205163
0.000259987
0.0137865
0.215001
0.442753
0.0567391
0.000701541
0.296914
0.177647
0.0322181
0.339035
2.59961e-05
0.4283
0.0254106
0.0483152
0.197365
0.060137
0.0670289
0.141452
0.00863195
0.000310517
0.000113379
0.00229306
0.386879
0.181281
0.108167
0.473248
0.442255
0.000297725
0.355212
0.00064003
0.0338672
0.323829
0.712135
0.346838
0.329063
0.0325093
0.010977
0.000676826
2.54878e-06
0.274687
0.00349427
0.156721
0.129048
0.00400174
0.172682
0.236955
5.65938e-06
0.158838
0.161545
0.00984888
0.00339915
0.0116422
0.00214538
0.722268
0.1376
0.290716
0.000125004
0.00461266
0.133371
0.125066
0.429173
0.0331715
0.0254831
0.0304279
0.267547
0.293292
0.527894
0.393904
0.628392
0.292319
0.25062
0.262664
0.00130669
0.133874
0.270299
8.72579e-06
0.0218907
0.415755
0.279486
0.0152985
0.000651881
5.07894e-06
0.442718
0.0594994
0.330733
0.000652614
0.388516
0.524949
0.00112614
0.105024
0.245914
0.385612
0.0143862
0.33609
0.00258575
0.0335246
0.0662476
0.0878893
0.0299166
0.0506309
0.192324
0.000329468
0.000307284
0.00155515
0.303999
0.0547077
0.307541
0.0274715
0.486243
0.412362
0.187303
0.293466
0.149905
0.000403192
0.485188
0.497058
0.000861498
0.580704
0.238258
0.000413582
0.541039
0.754583
0.00648603
1.15995e-05
0.0468447
0.269377
0.391055
0.00326377
0.000567111
0.0022724
0.00015283
0.380444
0.397953
0.132785
0.00450085
0.0487744
0.0474582
0.164754
0.354696
0.0485691
0.638882
0.322533
0.0904241
0.00024797
0.387818
0.0539555
0.00356512
0.0123545
0.00110438
3.25112e-05
0.602855
8.76258e-05
0.271306
0.41319
0.0305653
0.291309
0.019801
0.455053
0.0485183
0.0307244
0.152608
0.184805
0.0707324
0.023216
0.0956989
0.340549
0.0166066
0.319225
0.000741745
0.414179
3.59246e-05
0.0263741
0.21131
0.474806
0.345498
0.00413553
0.21044
0.00247282
0.0108235
0.0480527
0.110084
0.00416245
0.159815
0.60461
6.23611e-05
4.71396e-05
0.0726883
0.168252
0.388608
0.0165051
0.191879
0.00268039
0.415028
0.00815242
0.00428366
0.52207
0.0049871
0.00966199
0.00722612
0.0559287
0.00483594
0.305943
0.241566
0.459067
0.301078
0.520036
0.45244
0.0144646
0.00946921
0.352515
0.166844
0.0521321
0.0371443
0.0843446
0.0594542
0.346388
9.34589e-05
0.0301774
0.407456
0.447756
0.00300154
0.202375
0.0344128
0.856665
0.321856
0.0312579
0.000571514
0.0106101
0.000486643
0.0211565
0.353889
0.268776
0.00168142
0.401418
0.00358689
2.07378e-05
0.263673
0.121742
5.1278e-06
0.000197665
0.374385
0.296762
0.334051
0.0215652
0.393049
0.06256
0.150941
0.147362
0.0768293
0.0194368
0.270441
0.476811
0.0685921
0.0976904
0.450999
0.000397059
0.00793349
0.721136
0.109619
0.401848
0.0372826
0.233647
0.0860609
0.00287527
0.16864
0.00917858
2.54147e-06
0.82752
0.200937
0.000289048
0.372008
0.250386
0.495368
0.000517122
0.102593
0.00237331
0.0557675
0.107909
0.139144
0.382762
0.629245
0.352408
0.00019036
0.306412
0.0876009
0.000881836
0.0020717
0.0948613
0.263443
0.229352
0.033588
0.459218
0.00380483
0.00561125
0.15851
0.537864
0.140231
0.0202453
0.00616257
0.0299121
0.000343653
0.00473042
0.00389242
0.290775
0.516577
0.344924
0.00394774
0.216897
0.0326256
0.410216
0.0554372
0.0675447
0.084391
0.0331775
0.257554
0.214863
0.00902765
0.0245455
0.0139547
0.00062228
0.00288094
0.0016067
0.244349
0.305268
0.169038
0.0844456
0.0603975
0.0849375
0.00407484
8.24526e-08
0.0031447
0.139674
3.56887e-05
0.370239
0.0120648
0.582819
0.315065
0.00116888
0.175444
0.00135749
0.0170428
0.339889
0.0900623
0.0305627
0.0149259
0.0725784
0.510008
0.0221628
0.386741
0.00564826
0.359985
0.000617256
0.0729683
0.0138376
0.0642213
1.95431e-05
0.359367
8.37625e-05
0.323625
0.449161
1.86473e-05
0.462633
0.0375692
0.038025
8.5281e-05
0.0199156
0.206251
0.148633
0.195582
0.298617
0.0291838
0.334153
0.000497275
0.552302
0.10109
0.0374096
0.0610237
0.0329792
0.00511114
0.0438524
0.000799926
0.000400496
0.0353367
0.000512819
0.53615
0.336861
0.00399078
0.0370883
0.332048
2.8417e-05
0.0132376
0.370861
0.114279
0.300688
0.00783104
0.577003
0.381463
0.273309
0.0428648
0.368158
0.0979229
0.130166
0.0513399
0.000630028
0.0456334
0.0393917
0.29791
0.0116148
0.0393502
0.0577145
0.302915
0.38511
0.722508
0.0113053
0.219948
0.0067033
5.75923e-05
0.333816
0.0100181
0.00497843
0.0143969
0.497531
0.0933566
0.4714
0.445912
0.0503334
0.105459
0.422292
0.0736453
0.232575
0.0490234
0.306491
0.146793
0.0422194
0.0997508
0.202356
0.00105515
3.82539e-06
0.00185748
0.0776666
0.00218653
0.309101
0.00809437
0.0190226
0.0235888
0.000139713
0.000815117
0.452786
0.072744
0.646023
0.349369
0.00174226
0.415369
0.0117565
0.0210691
0.360808
0.28611
0.0017511
0.0126693
0.326386
0.000563955
0.205476
0.345289
0.000135748
8.76157e-05
0.0522322
0.279508
0.383037
0.406273
0.0934975
0.000191142
0.204624
0.431577
8.32782e-05
0.110495
0.0129154
4.38361e-05
0.305252
0.14479
0.0990684
0.000827677
0.00201928
0.00205747
0.0127666
0.103891
0.00732129
0.304973
0.406086
0.0278875
0.475829
0.191472
0.20401
0.365846
0.00332693
0.000304838
0.447458
0.00248808
0.225884
0.00376506
0.299768
0.0656681
0.671484
0.00843565
0.503005
0.207101
0.131133
0.208218
0.0329141
0.222534
0.00847873
0.000320168
0.661635
0.289598
7.04402e-05
0.00907971
0.29576
0.291555
0.00952701
0.104471
0.324682
0.293853
0.380385
0.010436
0.125836
0.0408369
0.0132064
0.320281
0.508427
0.429944
9.95426e-05
0.171932
0.164945
0.0122135
0.35777
0.0316105
0.00361433
0.0304329
2.04129e-05
0.160462
0.210775
9.80548e-05
0.240468
0.230652
0.0878772
0.65035
0.00961247
0.132686
0.206517
0.200976
0.200525
0.488096
0.0222879
0.0251027
0.225025
0.0140045
0.501311
0.557617
0.0131688
0.00323174
0.0652055
0.200826
0.0646462
0.00544718
0.25898
0.0267225
0.000548051
0.184798
0.261629
0.299694
0.225951
0.371958
0.30458
0.174281
0.312216
0.000129543
0.782337
0.00238863
0.0177046
0.0120078
0.00761205
4.56113e-05
0.0698921
0.191206
0.0352107
0.211106
0.0200131
0.274018
0.0204377
1.46744e-05
0.000295951
0.322784
0.00457095
0.00183934
0.00562372
0.143425
0.141784
0.254718
0.0686443
0.00220698
0.13673
0.393017
0.249965
0.243419
0.000413202
0.177537
0.0737633
0.323449
0.0122357
0.0123317
0.187485
0.685035
0.000709641
9.17561e-06
0.146767
0.255873
0.000108002
0.00403029
0.461232
0.000210646
0.246178
0.330506
0.000124946
0.481353
1.90147e-05
0.139258
0.000776967
0.298711
0.576963
0.360638
0.346494
0.00133817
0.480084
0.213699
0.00316814
0.195775
1.65666e-05
0.432421
0.0264432
0.435534
0.0276561
0.545361
3.61688e-05
0.115464
0.138128
0.469871
0.0827424
0.00372264
0.59363
0.0115632
0.0445255
0.0488361
0.00207524
0.316956
0.000155549
0.635941
0.29951
0.391408
0.00200924
0.292923
0.00970233
3.11205e-05
0.0853392
0.494801
0.290173
0.268511
0.102881
0.0377223
0.514135
0.160937
0.000323788
0.376804
0.308871
0.281845
0.0389776
0.00655747
0.000525281
0.454255
0.000171096
0.34492
0.0112845
0.00152729
0.00169132
0.329111
0.589424
0.00295615
0.147212
0.297319
0.440212
0.179317
0.666508
0.31569
0.135855
0.123121
0.00216606
0.664212
0.316143
0.00231149
0.00150915
0.271153
0.0164117
0.453618
0.000152631
0.00311823
0.00216147
0.0133111
0.00187497
0.00373492
0.0161127
0.00143447
5.36232e-05
0.384421
0.315295
0.122812
0.0015661
0.144401
0.0333657
0.0203468
0.00409875
0.163461
0.403691
0.307602
0.116846
0.00723043
0.0187522
0.298744
0.00354584
0.00686831
0.00728732
0.0229898
0.00620992
0.000186926
0.00720507
0.0199189
0.0167922
0.5579
0.473162
0.377706
0.443864
0.0220087
0.075198
0.0772909
0.00133271
0.373597
0.0187979
0.117239
0.146092
0.00314567
0.170211
0.452176
0.00249945
0.0149034
0.58772
0.000667487
0.00697467
0.0987662
0.0939345
0.402273
0.00354
0.00422029
0.0801633
0.180533
0.0120672
0.29899
0.518367
0.324264
0.202967
0.427842
0.00144883
0.00753394
0.0166175
0.136658
0.527433
0.658438
0.126095
0.578172
0.422614
0.000820125
0.00497275
0.528653
0.246702
0.46815
4.05101e-06
0.655367
0.0412664
0.0109272
0.247327
0.00377752
0.00690418
0.058026
0.182941
0.525109
0.6593
0.140047
0.472052
0.601794
0.452861
0.0205371
0.14751
0.00190389
0.588874
0.0398115
0.270929
0.316743
0.00391999
0.00955101
0.236054
0.000481906
0.267942
2.62769e-05
0.351592
0.000814023
0.150563
0.129079
0.00647039
0.125919
0.441135
4.00797e-05
0.0159572
0.506592
0.000170035
0.253288
2.92171e-05
0.00663558
0.055579
9.12178e-07
0.00284768
0.197283
0.128804
0.670892
2.37851e-05
0.000325348
5.6875e-05
0.00914469
0.45557
0.32705
0.330207
0.331268
0.00844316
0.27705
8.33831e-05
0.000830057
0.00282609
0.00183738
0.00170587
0.121762
0.015964
0.0208014
0.0946317
0.0551461
0.538696
0.324173
0.515674
0.578735
0.300297
0.00808949
0.418533
0.127201
0.428313
0.46274
1.18565e-05
0.00022023
0.211133
0.262623
0.00759529
0.678003
0.300118
0.296091
0.151778
0.174153
0.262125
0.0882526
2.41113e-06
0.513255
3.68887e-05
0.0210564
0.410737
0.294622
0.0264421
0.122195
0.000403542
0.392841
0.0727894
0.462062
0.0447745
0.0290459
0.237658
0.00383366
0.0175145
0.400113
0.000426315
0.001441
0.117471
0.106213
0.373318
0.00986322
0.175124
0.0154976
0.338826
0.00169372
0.550157
0.439016
0.0493066
0.00456501
0.0269275
0.00352388
0.265958
0.646041
1.37109e-05
0.0233791
0.00326512
0.336593
0.0950142
0.0720777
0.00280321
0.312058
0.391006
0.000300869
0.0685379
0.0290363
0.00899711
0.0630026
0.398124
1.64344e-05
0.0114738
0.0025529
0.202157
0.560162
0.393265
0.0642656
0.45941
0.6364
0.268169
0.496854
0.52601
0.435156
3.30258e-05
0.133116
0.000417223
0.479578
0.501437
0.00127024
0.0187231
0.238494
0.13613
0.135406
0.271987
0.326689
0.123151
0.453781
0.253918
0.180101
8.25902e-07
0.0845972
0.330443
0.171151
0.42296
0.0489379
0.121037
0.000641726
0.0389018
0.281393
0.149409
0.155482
0.1147
0.0399664
0.00113027
0.000563151
0.266281
0.11555
0.46699
0.57829
0.00733545
0.1496
0.230901
0.0404657
0.591884
0.000107065
0.0171464
0.00297327
0.00014205
0.28262
0.204905
0.00336797
0.00518762
0.00549395
0.0549729
0.081337
0.341306
0.00318528
0.0403499
0.0249393
0.0215589
0.0014825
0.274126
0.0345766
0.321095
0.187943
0.0657602
0.0078612
3.64998e-06
0.283661
0.0308165
0.0834625
7.39297e-05
3.13216e-05
0.261204
0.000249325
0.538274
0.0197376
0.307753
0.2106
0.469666
0.0373728
0.407725
0.0605443
0.000853337
0.571061
0.123923
0.108286
4.81311e-06
0.00233284
1.66175e-05
0.00204118
0.431338
5.72915e-07
0.0171992
0.00699376
0.0794942
0.000209114
0.075928
0.00950666
0.061738
0.379278
0.0012065
1.60769e-05
1.36176e-05
0.439176
0.418937
0.479322
0.00408905
2.72095e-05
0.0934679
0.270271
0.0503734
0.429052
0.000173608
0.263151
0.297587
0.00594736
0.000131943
0.0667721
0.532508
0.307278
0.322555
0.0561618
0.0174808
0.544599
0.260443
0.560119
0.00391108
0.154779
0.00638464
0.00425352
0.559662
0.227808
0.0295861
0.00183007
0.427974
0.00215559
0.437101
0.541662
0.0636949
0.178145
0.0921373
0.321906
0.0056234
0.302692
0.0941907
0.0185154
0.00011682
0.0677037
0.261124
0.436903
0.0032671
0.00145543
0.465937
0.156974
0.374135
0.0143416
0.474456
0.0709055
0.250368
0.0703455
0.329005
0.0322614
0.0219953
0.0754054
4.23791e-05
0.00882399
0.000320507
3.96483e-05
0.141608
0.0013331
0.00111754
0.275056
0.402801
0.20039
0.194831
0.00181228
0.598291
0.392135
0.0943382
0.129096
0.293678
0.000327389
0.00744313
0.322072
0.2605
0.502442
0.461739
0.250232
0.00773196
0.00146954
0.144992
0.127492
0.0860661
0.276455
1.68997e-05
0.281386
0.497703
0.43613
0.0133328
0.390165
0.395013
0.0864623
0.0540952
0.254021
0.000464849
0.0581666
0.00157818
0.620889
0.0370336
0.0762252
0.0549912
0.277441
0.290768
0.00947557
0.465761
0.215337
0.155432
0.371057
0.451647
0.0153518
1.45969e-05
0.0343659
0.00392242
4.71389e-05
0.048246
5.15594e-05
0.0659418
0.0735701
0.112462
0.4828
0.171718
0.664654
0.00162442
0.0177094
0.00670781
0.0537294
0.501346
0.29897
0.331449
0.0148899
0.0205189
0.0258644
0.000135934
0.000447517
0.253804
0.278505
0.0577599
0.169042
0.0944941
0.325574
0.0489539
0.105209
0.00240622
0.483616
0.00649721
0.216197
0.148657
0.298617
0.391391
0.103477
0.377251
0.116175
0.229511
2.09782e-05
0.335001
0.435667
0.311856
0.0972052
0.377775
0.446057
0.0043492
0.113171
0.00539734
0.345776
0.0169461
0.0718998
0.123415
0.471398
0.000173482
0.609464
0.000389811
0.104697
0.0855103
0.198406
0.00727386
0.0191695
0.105802
0.0381936
0.534939
0.0539234
0.590813
1.11033e-05
0.401553
0.380072
0.343695
0.205519
0.427148
0.00409368
0.106629
0.00057851
0.0144229
3.70191e-05
0.119861
0.109602
0.198538
0.0916923
0.0179727
0.468539
0.0477873
0.678224
0.105588
0.296009
0.288787
0.208494
0.000477177
0.106009
0.00103642
0.0155597
0.20049
0.246496
0.0853327
0.0201014
0.101809
0.0159378
0.24085
0.0375072
0.0329624
0.0281431
0.0422137
0.00413301
0.529907
0.160004
0.041202
1.15574e-05
0.282221
0.0220382
0.171645
0.00430615
0.0769473
0.000351696
0.00534895
0.012315
6.42121e-05
0.453111
0.00316487
0.00198264
0.197644
0.350326
0.0618353
0.00279142
0.318812
0.252642
0.428926
0.190293
0.468506
0.000313526
0.427237
0.0815252
3.12889e-05
0.143926
0.244229
0.00579908
0.24903
3.72817e-05
0.00953266
0.0995981
0.0498734
0.537337
0.0289691
0.260512
0.0303903
0.579104
5.79722e-05
0.083882
0.00811999
0.2446
0.0246456
0.017378
0.313015
0.000398929
0.0117026
0.188063
0.0155641
0.00796934
0.00553151
0.0543677
0.285217
0.522332
0.286444
0.00767525
0.0243006
5.02563e-05
4.02285e-06
0.0571348
0.243571
0.00987857
0.249825
0.0361957
0.161464
0.307489
0.343555
0.00329434
0.299073
0.0649834
0.453355
0.0248796
0.0300782
0.00362616
0.489229
0.653032
0.100448
0.000258231
0.080704
0.31798
0.0880709
0.116181
0.00121768
0.0705846
0.0241647
0.299687
0.361522
0.000653376
0.000116637
0.400676
0.184768
0.440638
0.409405
0.408142
0.00550415
4.74172e-05
0.0190917
0.0717905
0.490493
0.00278612
0.000366026
0.316604
0.327208
0.192104
0.131315
0.000153267
7.2604e-05
0.000455128
0.0570987
0.000979605
0.00112304
0.133881
0.00653709
0.00892723
0.141826
0.00201574
0.21496
0.0701502
0.049224
0.00019847
0.00526907
0.155174
0.459405
0.0256856
0.00539616
0.184832
0.50521
0.00717285
0.0219893
0.00033957
0.0727275
0.13279
0.611385
0.42581
0.0503661
0.195942
0.119997
0.377059
0.201549
0.685782
0.0490453
0.0188829
0.547005
5.4644e-05
0.000289216
0.181154
0.00278822
0.414894
0.285993
0.449444
0.24879
2.40621e-05
0.179331
0.0182986
0.00141896
0.0196314
0.00212733
0.469329
0.0906082
0.30692
0.230641
0.00428928
7.27995e-07
6.98969e-05
0.460239
0.618687
0.349379
0.016777
0.151375
0.459616
0.453518
0.0761629
0.117447
0.110659
0.274666
0.000508307
0.00174404
0.00118799
0.0314233
0.218685
0.00740866
0.515245
0.422685
9.08107e-06
0.000971353
0.00838378
0.0498391
0.00384522
0.000939601
0.10532
0.306172
1.36211e-05
0.331352
0.00140709
0.223941
0.246315
0.411817
0.00578389
0.429261
0.00133147
0.5082
0.0685714
0.00911995
0.00718226
0.00110341
0.0406224
0.00174611
0.515452
0.044444
0.0484633
0.0323206
0.111332
0.309091
0.0262867
0.00343336
0.000128774
0.297578
0.328374
0.609457
0.391736
0.754782
0.151362
0.230064
0.0311976
0.125845
0.000188909
0.0270296
0.0718179
0.00889503
0.000197061
0.00869439
0.415586
0.0340805
0.000189614
0.166425
0.267565
0.000382953
0.00602096
0.00264514
0.00749346
0.620848
0.0112654
0.000984934
0.0399471
0.0112823
0.134797
0.0924408
0.294087
0.000466907
0.000767022
0.392974
0.00120532
1.13475e-05
0.0136219
0.18531
0.00867935
0.000922201
0.00571912
0.590341
0.0753116
0.00962974
0.00753304
0.2817
0.325008
0.0146246
0.00447236
0.039768
0.479298
0.216229
6.47782e-07
0.563393
6.31123e-06
0.0664396
0.306228
0.0597597
0.0953197
0.280081
0.257429
0.000446406
0.0402776
0.686533
0.0992694
0.000296112
0.0299505
0.0215884
0.0443457
0.0353884
0.297533
0.270932
0.371092
0.198574
0.00034343
0.0224724
0.00466046
0.59487
0.176854
0.00550981
0.00167203
0.000159244
0.0125917
0.190211
0.0712017
0.169104
0.0811872
0.0791609
0.43669
0.476181
0.213239
0.124451
0.17248
0.017495
0.00308291
0.0293838
0.000358281
0.00439856
0.157046
0.172205
0.342005
0.284571
0.0299512
0.21235
0.398092
0.076603
4.35499e-05
0.412957
0.479477
0.511097
0.157932
0.222569
0.214593
0.00031474
0.189107
0.124024
0.292787
0.0933249
0.140897
0.001032
0.000345037
0.422412
0.343067
0.290272
0.000459038
0.0735583
0.0311557
0.460692
0.123371
0.114062
7.27992e-07
0.0242328
0.552565
0.198199
0.200479
0.000722868
0.31026
0.0808489
8.49124e-05
0.0140612
0.000690431
0.0888673
0.194602
0.00394212
0.13977
0.287224
0.0211975
0.374424
0.00434126
0.00772338
0.197423
0.00154336
0.0317351
0.00215743
0.404828
0.0384659
0.390224
0.283824
0.0151813
0.0293249
0.130734
0.0307621
0.576457
0.0352886
0.0034184
0.00338703
0.0151721
0.301598
0.0256552
0.468719
0.0632975
0.163072
0.397742
0.481656
0.000618133
0.30636
0.00499895
0.27379
0.0587358
0.0756582
0.0503936
0.00238022
0.312658
0.00553975
0.00190684
0.239076
0.000127189
0.00225633
0.0284692
0.0137791
0.031028
0.0196716
0.0152016
0.0876121
0.0313946
7.74896e-08
0.325662
0.0869772
0.162391
0.320945
0.113052
0.060107
0.0882437
0.279489
0.211096
0.0605736
2.25669e-05
0.586238
2.5908e-05
7.11449e-06
0.452622
0.00116774
2.92865e-05
0.320127
0.0512993
0.155558
0.276676
0.00552258
0.230112
0.0654529
0.284088
0.171383
0.484222
0.0385013
6.7759e-08
0.292852
0.0578502
0.287222
0.15724
0.615546
8.73922e-05
0.0293726
0.0521201
0.324768
0.195859
0.0134762
0.283859
0.237456
0.310818
0.492251
0.000826454
0.0250791
0.354646
0.501425
3.68842e-06
0.599707
0.497979
0.209341
0.269966
0.222843
0.191986
0.61598
0.00150967
0.30108
0.373787
0.350576
0.501136
0.0280967
0.0533312
0.495727
0.0313055
0.0788124
0.304268
0.00057993
0.196544
0.183268
0.00314148
0.488182
0.0193329
0.0041088
4.79729e-05
0.0967654
0.241701
0.00468866
0.297589
0.000370738
0.00565481
0.0014644
0.195538
0.00130922
3.7321e-05
0.106847
0.00451671
0.317079
0.065649
0.24064
0.347082
0.16965
0.192705
0.0431495
0.00176771
9.9663e-06
0.000863367
3.51307e-06
0.285435
0.00552651
0.12177
0.0455637
0.254654
0.0154188
0.00105505
0.0937753
0.145699
0.000721531
0.350757
0.181223
0.0228375
0.446242
1.22853e-06
0.575663
0.102764
0.00143795
0.00148392
0.000813993
0.0121637
0.0151494
0.172413
0.314522
0.182516
0.0252895
0.19656
0.00882962
0.000418063
7.77464e-05
6.19373e-05
0.180044
0.00282633
0.0987006
0.449853
0.121749
0.00468386
0.0050731
0.349043
0.0297129
0.00150905
0.203096
0.0954
0.0339442
0.0927499
0.0859521
0.0384705
0.00104573
0.00283184
0.707489
0.221323
0.493684
5.1397e-05
0.00103951
3.79623e-06
0.0632198
0.202821
0.077357
0.219863
0.00393328
0.282937
0.380214
0.304216
2.85323e-05
0.00796066
0.389371
0.206088
0.398236
0.10335
0.16326
0.00432401
0.000115514
0.134304
0.00323611
0.225766
0.00237737
0.0265031
0.275152
0.497913
0.207891
0.538557
0.0266677
0.00122128
0.000135461
0.00454935
0.0272732
0.245912
0.0894133
0.303936
0.0297177
0.303602
0.000995063
0.0133921
0.0964657
0.553712
0.0102438
0.0601344
0.265443
0.141803
0.121996
0.535461
0.235058
0.000286122
0.216274
0.190593
0.44323
0.394227
0.0801453
0.328928
0.0192173
0.0014369
0.253566
5.04238e-05
0.00015569
3.55535e-06
0.099512
0.0208154
0.00336722
0.00254315
0.235154
0.0106863
0.494775
0.00220909
0.34789
0.00258392
0.367026
0.116457
0.00253809
0.16058
0.0160984
0.595387
0.0663847
0.008134
0.461008
0.178184
0.496071
0.20042
0.244656
0.0961079
0.224078
0.0596459
0.213159
0.325028
0.00334992
0.185414
0.526924
1.89006e-05
8.08781e-06
0.641133
0.34748
4.03194e-05
0.463303
0.0599872
0.391169
0.0263459
6.42697e-05
0.014739
0.014854
0.340119
0.0040382
0.00116313
0.663359
0.666544
0.31371
0.0919183
0.199497
0.702698
0.0294599
0.0894279
5.56013e-05
0.299036
0.549844
0.00459352
0.000329224
0.154979
0.300776
0.000129363
0.295738
0.437573
0.478189
0.00437097
0.2344
0.0284643
0.399578
0.247263
0.0188206
0.442061
0.00250054
0.148695
3.35123e-05
0.0010238
0.186985
0.107201
0.104617
0.280312
0.0477187
0.199488
0.0262955
0.167661
0.0225178
0.279491
0.249803
0.00133498
0.449725
0.117721
0.142762
0.257629
0.238485
0.737191
0.470395
0.0260881
0.495346
0.273698
0.217123
0.436654
0.000512175
0.00577454
0.537769
0.0307532
0.000285874
0.500548
0.26123
0.0733027
0.539527
0.0221408
0.175388
0.0203017
0.00980264
0.668733
0.503991
0.122725
0.557035
0.410597
0.000117253
0.396452
0.06267
0.200152
0.00230123
0.000476105
0.316181
0.349363
0.000829611
0.273009
0.447301
0.145822
0.189547
0.364215
0.486119
0.0119898
0.000212838
0.000975859
0.184871
0.000124944
0.115086
0.340437
0.0719501
0.000268703
0.27264
0.0988498
0.00197922
0.00081247
0.145231
0.266449
0.141265
0.282921
0.0107165
0.120824
0.480818
0.326807
0.00155092
0.00193849
0.183504
0.0623934
0.229656
0.302752
0.379392
0.0375655
0.143872
0.029712
0.039736
0.351697
0.035376
0.161725
0.231871
0.0133216
0.636715
0.0865139
0.000320731
0.406941
8.88607e-06
0.475514
0.000172465
0.480504
0.00032423
0.00473209
0.324869
0.150128
0.191961
0.00104638
0.000201805
0.0320205
0.441204
0.19142
0.344806
0.310202
0.00328261
1.07074e-05
0.133289
0.0237995
0.012235
0.624396
0.00150917
0.101862
0.0884583
0.176065
1.62622e-07
0.0384083
0.078916
0.700811
0.42144
2.123e-06
8.08681e-05
0.0269943
0.239527
0.000551793
0.0132595
0.123196
0.305557
0.109623
1.77996e-06
0.0056736
0.0175436
0.341103
0.335895
0.0832062
0.00375764
0.135165
0.401563
0.00739229
0.194247
0.100771
0.0125582
0.0196498
0.103217
0.292034
0.0455307
0.00187584
0.00484799
0.243567
0.222209
0.00368372
0.46695
0.0168496
0.208634
0.0158226
0.244939
0.0335321
0.127617
0.292731
0.0837879
0.00222208
0.0477742
0.00336469
0.653808
0.00300661
0.0602162
0.34128
0.110799
0.470498
0.00253778
0.17432
0.000263131
7.70387e-07
0.222558
0.336076
0.229023
0.676642
0.0503042
0.232532
0.171345
0.110268
0.00609865
0.0647906
0.281069
0.00955432
0.0024753
0.000445787
0.0410465
0.547981
0.0199919
0.460585
0.0206718
0.270416
0.378214
0.00184138
0.00133389
0.71236
0.39043
0.355482
0.0970973
0.00891843
6.13588e-05
0.225622
0.403681
0.00147582
0.162124
0.393567
0.363448
0.60237
0.0141473
0.0520377
0.0817845
0.109326
0.000177167
0.0480273
0.206615
0.192804
0.00100999
0.73059
0.00845185
0.0577304
0.0799462
0.266042
0.201995
0.0801903
0.00145019
7.7146e-05
3.26538e-05
0.191903
0.00795958
0.00203655
2.04103e-06
0.0405078
0.281463
0.0799328
0.00435495
0.000944371
0.42143
0.284068
0.0041768
0.0361993
0.531268
0.0385234
0.337707
0.467065
7.7329e-07
0.355063
0.372294
0.000371853
0.681472
0.315203
0.39453
0.380984
0.238977
0.02532
0.0139852
0.278225
0.496194
0.176263
0.0679556
0.0863927
0.0045276
0.214636
0.310427
0.000417002
4.70979e-05
0.153655
0.0053096
7.03854e-05
0.0777706
0.252186
0.000580924
0.477123
0.405063
0.0281365
0.00479284
0.4102
0.0454082
0.345159
0.242833
0.000778983
0.666971
0.000490852
0.292465
0.558091
0.00256939
0.411789
0.238297
0.102173
0.000888313
0.373911
0.125011
0.0246429
0.00231407
0.173203
1.15865e-05
0.123415
0.000197423
0.00867109
8.96941e-05
0.29399
0.00325878
0.304144
0.0991202
0.124775
0.135324
2.12463e-05
0.413647
0.0694295
0.00311251
0.327122
0.00466225
0.00227572
0.000309187
0.00966034
1.42029e-07
0.0186711
0.00358632
0.0824014
0.490986
0.0169746
5.48694e-05
0.635688
0.372729
0.00151083
0.175496
0.588951
7.92077e-05
0.378799
0.665593
0.134249
0.0220689
0.00751816
0.0600556
0.287042
0.00200499
0.0121252
0.0328528
0.389191
0.000658194
5.73518e-05
0.0275389
0.294703
0.0568768
0.47589
0.33659
0.0531531
0.326573
0.000443393
0.00263163
0.128256
0.000665455
0.22653
5.35855e-05
0.00180424
0.352429
0.000391495
0.275411
0.109271
0.123231
0.584732
0.506113
0.124982
0.00395944
0.349156
0.306189
0.340015
0.0145923
0.25756
0.00698353
5.55463e-05
0.217757
0.217747
0.000823114
0.00568706
0.786539
0.285426
0.00291524
0.0501239
0.10559
0.253823
0.0182597
0.571028
0.0153221
0.603829
0.00106649
0.0440422
0.100794
0.00871551
0.105138
0.197489
0.448959
0.162152
0.00433518
0.406473
0.0220367
0.319671
0.017853
0.00401228
0.000998929
0.487061
0.287481
1.37529e-05
0.166051
0.176031
0.251754
1.94433e-05
0.000117305
6.56343e-05
0.0220539
0.173551
0.000102027
0.014195
0.244483
0.0298243
0.480996
0.0357567
0.0009049
0.345882
0.000116555
0.425378
0.200303
0.0210858
0.535323
0.293493
0.652062
2.96886e-05
0.00421825
0.0168088
0.0709576
0.351176
0.463665
0.0398593
0.305429
0.0212672
0.0107251
0.00313359
0.305943
0.0142873
0.513858
0.384471
0.30551
0.348764
0.497396
0.363569
0.134568
0.207662
0.00400178
0.0824594
0.116129
0.000303199
0.688152
5.93489e-06
0.0164129
0.417264
0.497914
0.032419
0.00103478
6.95456e-06
6.79269e-06
0.0870457
0.316913
0.0498021
0.30093
0.39187
0.411251
0.0930886
0.321428
0.0101001
0.59778
0.000184044
0.386962
0.00576163
5.21069e-05
0.0190835
0.0646863
0.207668
0.000321015
0.0924704
7.95033e-05
0.0376556
0.330712
0.0287391
0.160775
0.0670255
0.0849013
0.12736
0.302229
0.475152
0.613415
0.00124935
0.274178
0.255276
9.79031e-05
0.0215721
0.474617
0.0471207
0.000463982
0.671166
0.240537
0.029624
0.603946
0.298957
0.0195284
0.407307
0.000298606
0.0642793
0.000665028
0.198438
0.00895638
0.142614
0.482024
0.000125022
0.000150676
0.132875
0.531681
0.190279
0.0202224
0.0222458
0.00281677
0.000245543
0.146449
0.00443906
0.0481733
0.0170536
0.271528
0.0426895
0.418885
0.171669
0.466309
0.0793086
0.00525966
0.522936
0.244358
0.00107427
0.101314
3.22752e-05
0.206583
0.000522329
0.0631204
0.000724863
0.204786
0.060183
0.0746814
0.326804
0.00588638
0.28772
0.000225006
0.335338
0.207657
0.0434242
0.127623
0.232307
4.91225e-05
0.257052
0.00927557
0.618587
0.0707248
0.265054
0.00836201
0.298997
0.240028
0.0857384
0.000312645
0.499008
0.148252
0.00186157
0.373852
0.126109
0.0118924
0.38572
0.168612
0.000246046
0.309783
0.0336504
0.0710103
0.369913
0.367579
0.0134737
0.000583823
0.157753
0.129057
4.42541e-05
0.0120257
0.63161
0.134434
0.158254
0.0387188
0.557104
0.00382448
0.0025033
0.000906905
0.257085
0.000785459
0.161946
0.0221566
0.002407
7.07807e-05
1.91103e-05
0.23173
0.000299612
0.000489327
0.705597
0.265506
0.409312
0.373782
0.00384635
0.11454
0.259709
0.593208
0.385814
0.000692406
0.44225
0.0454169
0.179352
0.000102137
0.0576864
0.00485925
0.000248947
0.321071
0.386515
0.194376
0.00371295
0.0315485
0.358715
0.048894
0.00986411
0.00482964
0.0915888
0.194809
0.378027
0.00825371
0.0117685
0.000309801
0.567129
0.0975928
0.0349101
0.00147047
0.288151
0.00452087
0.292477
0.505611
0.311495
0.646846
0.112218
0.308173
0.0747597
0.0230753
0.285158
0.469335
0.190336
0.535678
0.604009
0.0350404
0.0115412
0.442642
0.719632
0.0733831
0.44869
0.183057
0.232887
0.303713
0.345416
0.00268603
0.574151
0.460408
0.515415
8.1871e-05
0.00226908
0.767508
0.00245725
0.641285
0.0862967
0.270898
0.000393249
0.00249796
0.410166
0.0345428
0.03812
0.000496845
0.183681
6.91843e-06
0.540551
0.135132
7.66311e-05
0.262043
0.52974
0.00413278
0.202472
0.0610693
0.524683
0.0505267
0.0492372
0.473298
0.258367
0.292956
0.0320179
0.261119
0.064474
0.0198663
0.0036059
0.00108085
0.0134383
0.00660435
0.153028
0.00646097
0.0212089
0.00199959
0.0438376
0.023906
0.298996
0.0544766
0.20378
0.00199825
0.0320338
0.35156
0.434517
0.000857792
0.00063267
0.465183
0.466193
0.000131102
0.000184062
0.0164421
0.0573448
0.0441084
0.0460481
0.290657
0.00027119
0.0636349
0.268312
0.0131173
0.178922
0.178589
0.00210128
0.20361
0.503067
0.459662
0.503354
0.0351292
0.0216664
0.549565
1.90088e-07
0.0636817
5.07215e-07
0.49784
0.0704683
0.201789
0.0230861
0.136575
0.230954
0.0360688
0.00161718
0.0177504
0.202779
0.0455147
0.0428251
5.76141e-05
0.00171753
0.0286266
0.239069
0.00115948
0.0743368
0.320385
0.466791
0.00257999
0.0806343
0.490984
0.359342
0.589558
0.000322003
0.690798
0.0319847
0.000425935
0.389026
0.0436575
0.136427
8.31591e-05
0.452237
1.95016e-05
0.320639
0.000250039
0.432264
0.00635113
0.00658022
0.735214
0.147913
0.0823088
0.599138
0.000153548
0.243727
0.00680201
0.0134833
0.00723113
0.0112771
0.426658
0.477096
0.378238
0.0480857
0.00954478
0.812521
0.212433
0.561967
0.233093
0.284269
0.00952244
0.0128068
0.298874
0.292889
0.249343
0.391468
0.000142239
0.50978
0.00139275
0.000125879
0.059346
0.268221
0.121524
0.153154
0.40442
0.278566
0.00176504
0.114624
0.201096
0.377522
0.0399619
0.110222
0.031773
0.0633987
0.0380801
0.0640496
0.156279
0.294268
0.120619
0.00213139
0.299581
0.321877
0.404212
0.00485199
0.146521
0.100402
0.000386534
0.0184671
0.357992
0.00568878
0.307867
0.390962
0.441725
0.00142488
0.0765798
0.130863
0.648447
0.113845
0.270257
0.0788001
0.00457113
0.400064
0.0283422
0.159595
0.310628
0.148415
0.0057162
0.116208
0.0922691
4.96713e-05
0.0341066
0.394934
0.0204047
0.382774
0.00558425
3.58279e-07
0.00250753
0.0458594
0.022394
0.000379321
0.573405
0.00197608
0.0761111
7.96963e-06
0.108287
0.412829
0.00108928
0.411291
0.0133966
0.100559
0.00432401
0.0512293
0.000554081
0.00131045
0.00283464
0.0238756
0.299486
0.0653536
0.431688
0.00915859
0.100368
0.269045
1.81369e-05
0.0115383
0.152562
0.51565
0.109798
0.0237566
0.00291436
0.668008
0.0354839
0.031688
0.00265654
0.31849
4.11036e-07
0.0463053
0.00533016
0.25849
0.0858731
0.389183
2.35904e-07
0.34439
0.392155
0.31889
0.527876
0.331338
0.187888
0.115138
7.55001e-05
0.233134
0.699571
0.630717
0.401462
0.00035536
0.0016972
0.00266796
0.0341613
0.00358817
0.29948
0.0969511
0.58689
0.418909
0.344662
8.88845e-05
0.5554
0.0310547
0.0245601
0.128207
0.0335111
0.354835
0.221621
0.154634
0.00449461
0.0326398
0.018249
0.450963
0.568141
0.00042896
0.115011
0.0384276
0.63762
0.215858
0.00209896
0.0267668
0.00326478
4.63707e-05
0.00639757
0.517826
0.305588
0.196555
0.00678921
0.417213
0.00837237
0.381167
0.000189495
0.393027
6.02147e-06
0.00521605
0.0796173
0.313322
0.0771124
0.674352
0.000517757
0.412243
0.01259
0.145109
0.00420505
0.0465107
0.0880261
6.127e-05
0.02164
0.0960298
0.0170885
0.233099
0.0244461
0.336887
0.0274892
0.230365
0.632634
0.0780074
0.0654233
0.0515994
0.560193
0.008848
0.00927745
0.00261529
9.91797e-05
0.267632
0.00178045
0.000139869
0.528561
0.280055
0.199844
0.113373
0.697918
0.524246
0.0107542
0.250884
0.676052
0.0239774
0.19438
0.321247
0.00147425
0.10483
0.00220278
0.124804
0.0247888
0.0220855
0.483371
0.0169331
0.00203435
0.000622875
0.00153777
0.0217971
0.101542
0.0941527
0.653129
1.35862e-06
0.119099
0.0358724
0.250903
0.300665
0.109185
0.117918
0.0103059
0.469319
0.00477142
0.00142046
0.465459
0.309493
7.40357e-05
0.104842
0.00853179
0.314259
0.177412
0.147708
0.00218006
0.20361
0.0157367
0.0414389
0.0032366
0.123814
0.06906
0.310887
0.0156528
0.0102117
0.415815
6.41552e-07
0.418708
0.237503
0.232313
0.0185564
0.708751
0.65965
0.0282677
0.000989337
0.313514
3.82388e-05
0.000755625
0.0184796
0.0489455
0.00714541
0.000616721
0.24416
0.147156
0.0104233
0.0033577
0.00362213
0.267165
0.621416
0.0361149
0.0120063
0.0162099
0.741702
0.11551
0.638803
0.14371
0.226848
7.91762e-06
0.0300923
0.00198536
0.21726
0.683201
0.147641
0.208612
0.148715
0.0164052
0.000254422
0.0420983
0.00349658
0.0152281
0.322859
0.255998
0.201362
0.43322
0.0257258
0.000111877
0.0432089
0.753058
0.421672
0.0496628
0.322911
0.508775
0.330658
0.0775722
0.248151
0.0130799
0.00331176
0.329075
0.000450844
0.0686713
1.24401e-05
0.292744
0.485639
0.520075
0.0115344
0.0186901
0.174897
0.108762
0.00431067
0.00188981
0.560122
0.403603
0.59254
0.25349
0.122246
0.294429
0.0106389
0.00692358
0.101049
0.023169
1.9219e-05
0.169814
0.00461472
0.00850116
0.00079039
0.00044735
0.00478558
0.00275407
0.00156476
0.000187535
0.160253
0.000779237
0.306042
0.00175256
0.00357363
0.290288
0.292335
0.00358252
1.5272e-05
0.0261188
0.465479
0.0496346
0.0262654
4.69458e-06
0.00249788
0.029276
0.117078
0.00134976
0.0187157
0.16645
0.0094066
0.331611
0.00163482
0.333678
0.234367
0.00107846
0.0166867
0.46706
1.12032e-05
0.108406
2.5456e-05
0.0401989
0.44558
0.00118176
0.249133
0.407319
0.0437556
0.00570395
0.15249
0.0840504
0.326241
0.0218948
0.0593542
0.311319
0.325304
0.000423761
0.0041677
0.0806381
0.000199568
0.280581
0.00430346
0.131146
0.000810533
0.3479
0.520514
0.0696611
0.00761102
0.465082
0.313113
0.117673
0.00111468
0.0819327
0.00435283
0.000116718
0.292367
0.440697
0.000246105
0.00309934
0.0394377
0.00047691
0.00252786
0.417353
2.80373e-05
0.320637
0.00145133
0.367565
0.446465
0.115039
0.336225
0.000565173
7.41085e-07
0.481749
0.000434936
0.311036
0.00873705
0.172708
0.00195395
6.6513e-05
0.226331
0.707692
0.0013132
0.0816995
0.534498
0.0660456
0.368416
0.0161464
0.739321
0.00970729
0.0593088
0.766833
0.00134593
0.0141196
0.0470342
0.163037
0.433531
0.00784999
0.0909357
0.0182029
0.0934037
1.47142e-05
0.0118124
0.425602
0.00375886
0.157552
0.255201
0.311566
0.0548702
0.272563
0.087336
0.703362
2.51043e-05
0.708564
0.250594
0.574754
0.55836
0.000796114
0.489361
0.0172773
0.11694
0.0706025
0.00894034
0.0493118
0.122479
0.189447
0.485079
0.0683363
0.015614
0.29956
0.0910321
0.139734
0.00840234
0.0808958
0.191179
0.00275235
0.0171287
5.16348e-06
0.0450167
0.000189256
0.0333838
0.0350012
0.147649
0.614724
0.253078
0.00264218
0.245647
0.0816306
0.278754
0.0158389
0.00027875
0.180054
0.000163773
0.00894909
0.0218711
0.0697823
0.105234
0.329551
0.0009136
0.000139674
0.161669
0.252476
0.40708
0.465874
0.00520211
0.40602
0.562819
0.60979
0.296566
0.00100339
0.00669907
9.07533e-05
0.130769
0.30359
0.00143854
0.108524
0.00810726
0.151637
0.471977
0.0651052
0.0666633
0.00427865
0.305148
0.436028
0.529825
0.205598
0.198736
0.480999
0.0511921
0.0028573
0.239974
0.081124
0.294689
0.00934768
0.31039
0.0285394
0.00575126
0.101183
0.417748
0.0359928
0.0322311
0.405372
0.0394436
0.493624
0.552441
0.0112001
0.508398
0.00109282
0.0383641
0.0741221
0.00696996
0.515334
0.0227732
0.273094
0.237943
0.0227552
0.0132251
0.100016
0.432617
0.0956266
0.25545
0.218705
0.0296452
0.000828394
0.0633672
0.190311
0.423818
0.311868
0.215982
6.56732e-05
2.57102e-06
0.00444543
0.444083
0.284053
0.37407
0.1099
0.00464175
0.696251
0.271165
0.182125
0.190446
0.000931621
0.00595823
0.00030251
0.326877
0.00132356
0.304918
0.289675
0.000666912
0.550263
0.441228
0.303258
0.0928149
0.0282103
0.0271175
0.27363
0.00273902
0.192179
0.0042918
0.0233912
0.00807242
0.0107923
0.173724
0.39657
3.13854e-05
8.88939e-05
0.087014
0.0129409
0.00239686
0.000228329
0.109857
0.0153221
0.0281073
0.296172
0.00180102
0.0295512
0.0568608
0.0114525
0.433079
0.0850378
0.649916
0.0537823
0.245418
5.26394e-06
0.00588196
0.292229
0.011679
3.12504e-07
0.398501
0.167776
0.38363
0.470219
0.00132394
0.190915
0.0463757
0.123995
8.32062e-06
0.000912675
0.00247144
0.146358
0.531337
0.00109479
0.0115074
0.47513
0.509604
0.430018
0.317492
0.0158996
0.329516
0.232686
0.147813
0.440282
0.293619
2.81549e-06
0.323951
0.282835
0.647966
0.126704
0.0713693
0.35273
0.224592
0.572985
0.543267
0.0640739
0.0243162
0.0313232
0.0439384
0.0763076
0.000553127
0.285895
0.0202356
0.00270923
0.167759
0.286429
0.239359
0.100346
0.00532289
0.222226
0.273064
0.000786845
0.01219
0.000193837
1.55002e-06
6.60734e-08
0.0879021
0.208137
1.59013e-06
0.0969571
0.409017
0.102624
0.397015
0.0437709
0.000147421
0.293162
0.701292
0.383463
0.332984
0.243379
0.0132376
0.505294
0.100001
0.00773009
0.350873
0.269946
0.223952
0.369184
0.263732
8.01574e-05
0.141526
0.0104678
0.0274171
0.150969
0.000207201
0.0792796
0.000439778
0.198907
0.0786977
0.855103
0.000282369
0.166855
0.0449295
0.307808
0.000684841
0.045825
0.00049263
0.00420578
0.0153219
0.319268
0.168961
0.068108
0.0516497
0.00189989
0.00174113
0.0121394
0.00136846
0.456079
0.0638004
0.108909
1.9641e-05
0.000502627
0.00579811
0.00284443
0.185048
0.00572133
0.0064306
0.438131
0.136956
0.247442
0.0310704
1.30187e-05
0.18222
0.00054201
0.300409
0.0136258
0.00129963
0.313646
0.00444415
0.0317837
0.554347
0.354115
0.128628
0.558726
0.0710995
0.00300678
0.275062
0.00222566
0.0365255
0.132515
0.773871
0.292992
0.680864
0.302489
0.643528
0.0287768
0.0194679
0.0310184
0.334403
0.11276
0.00516767
0.486071
0.550423
0.240304
0.232597
5.71557e-05
0.000492343
0.288112
0.0270808
0.160137
0.25461
0.0151894
0.00043318
0.64867
0.629081
7.19137e-06
0.65396
0.375849
0.65035
0.525035
0.369794
0.553173
0.0927539
0.470664
0.0204432
0.38413
0.381541
0.257494
0.00293035
0.000345728
0.485651
0.0104451
0.00175027
0.343488
0.300546
0.0135252
0.277837
0.209874
0.00125591
0.00224594
0.019703
0.295796
0.0477952
0.0309423
0.226574
0.188492
0.273298
0.580193
0.00016779
0.117486
0.543108
0.280817
0.523156
0.37404
0.000584561
0.0503724
0.382002
0.481106
0.247981
0.0170215
0.0122218
0.00789209
0.179556
0.0100475
0.00133953
0.000881375
0.381631
0.00418226
0.0300594
0.197863
0.342712
0.00519204
0.0314127
0.10847
0.392157
0.00103417
0.332824
0.134431
0.0488196
0.00018849
0.0647116
0.00610763
0.0135899
0.0431984
0.00349527
0.0149026
0.00827539
0.147558
0.0984626
1.51357e-05
0.475384
0.0173499
0.0122141
0.377942
0.00182514
0.00885681
0.012947
0.266962
0.145907
0.48112
5.14246e-05
0.459062
0.000105742
0.00304209
0.0140942
0.0846442
0.634755
0.510552
0.0428787
0.416876
0.304564
0.349057
0.00122238
0.0212739
0.0758634
0.000620961
0.00880204
0.136166
0.197238
0.00147767
0.152637
0.00581748
6.6832e-05
0.223363
0.0594916
0.0184807
0.237268
0.168444
0.365541
0.67544
0.000744358
0.01626
0.00636069
0.330615
0.135323
0.000197665
0.305697
0.174506
0.0340845
0.324246
0.0860133
0.292783
0.0796504
0.028403
0.00075079
0.31045
0.497036
0.00248767
0.0647517
0.405086
0.132492
0.000347424
0.000218159
0.000103916
0.722549
0.698739
0.0738862
6.53615e-05
0.320242
0.0297794
3.10884e-05
0.464926
0.116362
0.0106462
0.0354649
0.00680723
3.09321e-05
0.685222
0.00898016
0.000371199
0.00172631
0.0179222
0.0151443
0.345998
0.00278138
0.00105521
0.380991
0.0265998
0.298225
0.00023018
4.0525e-05
2.31684e-05
0.0833193
0.396036
0.0253434
0.0876949
0.00982923
0.0218288
0.132781
0.0919441
0.130306
0.0592767
0.163571
0.00383648
0.243145
0.532302
0.0951317
0.398059
0.0113915
0.000369445
0.610049
0.442201
0.00238335
0.00555416
1.27515e-05
0.32062
0.0805879
0.0291607
0.000575908
0.422536
0.446575
0.167452
0.000567638
0.313783
0.00135953
0.159329
0.324527
0.463871
0.00046348
0.0014803
0.239795
0.000112326
0.0275691
0.395206
0.00171183
0.4381
0.225555
0.0280718
0.0306401
0.0135082
0.0555904
0.0645892
0.123345
0.00392824
0.184778
0.00826389
0.349225
0.00162715
0.157874
0.0286068
0.289585
0.0552237
0.484012
0.479909
0.680894
0.262134
1.73566e-06
0.412381
0.0253683
0.249803
0.0393203
0.0991719
0.186106
0.184652
0.135589
0.199063
0.228846
0.474893
0.0782732
0.00899167
0.000523203
0.594074
0.0980251
0.00313264
0.014107
0.0390188
0.000758094
0.027189
0.191517
0.252872
0.27932
0.0102342
0.000123456
0.00287913
0.0230978
0.278107
0.112818
0.095311
0.468255
0.0658236
0.301319
0.27575
0.000169373
2.66437e-05
0.081837
0.402199
0.00668447
0.0364619
0.232005
0.15965
0.0438567
0.00715743
0.0623159
0.13304
0.17829
0.000904611
0.69231
0.172039
0.259688
0.0103241
0.476473
0.267123
0.262795
0.130888
0.00828442
0.000348206
0.09167
0.0228207
0.565923
0.073539
0.31732
4.36792e-06
0.194022
0.300842
0.00123076
0.000641328
0.401576
0.493146
0.240923
0.0108135
0.00350621
0.333489
0.157614
0.0406674
6.40003e-05
0.282668
0.0429019
0.0567757
0.0103051
0.293942
0.0600432
0.0204287
0.00832923
0.229142
0.0387269
0.0251461
0.324923
0.683517
0.00308963
0.00052721
0.0107924
0.14195
0.353986
0.0162127
0.540521
0.00147129
0.396441
0.154447
0.0353299
0.0596565
0.359492
0.00124952
0.153152
0.0147252
0.13744
0.0558811
0.292019
0.00417678
0.0525642
0.283654
0.0280759
0.559687
5.86469e-06
0.63132
0.000265024
0.0581622
0.433013
0.00268211
0.00452414
0.159442
0.745061
0.125149
0.0201375
0.149506
0.000372304
0.0780158
0.0068153
0.0864704
0.00281994
0.340836
0.00760649
0.309327
0.00186814
0.286399
0.390023
0.339362
0.278055
0.150799
0.481772
0.565164
4.19886e-08
0.366286
0.0727618
0.591774
0.325722
0.00038649
0.00996614
0.0320322
0.570059
0.198856
0.22863
0.122793
3.86793e-05
0.00470484
0.00268728
0.198867
0.00434009
0.510809
0.0679209
0.423667
0.00927988
4.86849e-05
0.0797486
0.00729666
0.0305913
0.320331
0.103328
0.100398
0.107018
0.0722584
0.0737462
0.0791463
0.134323
0.335304
0.0708626
0.0519825
0.0159045
0.107058
0.00365424
0.302462
0.437787
0.127284
0.0246201
0.158837
0.00180519
0.0330331
0.137556
0.220391
0.00146282
0.00550544
0.136009
1.32957e-06
0.0001938
0.264192
0.116283
0.107199
0.00650475
0.0684129
3.73052e-05
0.000550698
0.278649
0.00453231
0.00391864
0.285176
0.288581
0.359726
1.89875e-06
0.0346477
1.33598e-05
0.214302
0.436809
0.00192189
0.208814
0.00177936
0.23045
0.0670779
0.000937895
0.000124577
0.0943922
0.0243098
0.420265
0.00642776
0.408764
0.00925072
0.00112892
0.0162393
0.00653729
0.128966
0.00471662
0.199579
0.305761
0.394221
0.00744207
0.0404496
0.0641348
0.256075
0.00446801
0.286828
0.0894836
0.0246133
0.0109064
0.0221494
0.113168
0.73628
0.00206595
0.160129
0.667113
0.256072
0.551849
0.00365919
0.0299101
0.00712636
0.542176
0.442215
0.0636235
0.257
0.0192114
0.00351975
0.130464
0.276919
0.116646
0.0487965
0.383674
0.00589887
0.0587725
0.00154162
0.0147113
0.490175
0.24624
0.00595221
0.241571
0.352727
0.422088
0.0286535
0.0186973
0.342279
0.703277
0.399137
0.02138
0.303995
0.0425066
0.0540001
0.247022
0.174256
0.536408
0.206913
0.0139859
0.544217
0.139826
0.129642
0.0423548
0.00303388
0.408364
0.417983
0.354076
0.30509
0.0839986
0.000333399
0.00131964
0.0517566
0.170178
0.0720651
0.237519
0.460162
0.142302
0.0827907
0.355235
3.58027e-05
0.00483615
0.0601729
0.28795
0.406761
0.454327
0.000759365
0.000348716
0.499393
0.433327
0.000340096
0.272105
0.0252959
0.00293413
0.565366
0.0228517
0.00901248
0.00114141
0.139643
0.0094882
0.112026
0.336761
0.00349894
0.0237206
0.000122945
0.171889
0.00830531
0.00641323
0.608178
0.0834934
1.03405e-06
0.240774
0.0891693
0.0030304
0.0569918
0.148964
0.259444
0.00668577
0.137559
0.0451427
0.0668443
0.0333489
7.27782e-05
0.0977629
0.0316217
0.010914
0.0219743
0.0813141
0.0100778
0.312847
0.0508968
0.314866
0.00171478
0.0348296
0.452875
0.0650627
0.0323647
0.000769274
0.0376187
0.0016841
0.0117961
0.47555
0.113382
0.239283
0.238308
0.0055717
0.000810663
0.362274
0.513129
0.000555272
0.126898
0.335085
0.0697315
0.608369
0.000692131
0.0417633
0.214909
0.284013
0.343715
5.36954e-07
0.0435492
0.37615
0.156717
0.0173374
0.0370879
0.580898
0.00194089
0.00012604
0.0044544
0.0976975
6.42047e-05
0.672837
0.0945778
0.00522624
0.701561
0.0590986
0.0478926
0.467151
0.236366
0.212481
2.13611e-05
0.316788
7.58773e-05
0.354628
0.000382623
6.90732e-05
0.00016251
0.220326
0.156307
0.000783375
0.0279587
0.636023
0.302179
0.0321523
0.049902
0.000283439
0.0297721
0.000224443
0.766968
0.0140714
0.371294
0.523277
0.362134
0.214101
0.0385407
0.00570843
0.510732
0.198283
0.0112495
0.11013
6.23848e-05
0.0430297
0.30137
0.00572872
0.398642
0.113534
0.0535492
0.000820054
0.555037
0.300798
0.303298
0.464052
0.0770127
0.000794237
0.825253
0.00854878
0.03874
0.441596
0.211615
0.241722
0.493677
0.649143
0.282042
0.576016
0.152994
0.231066
0.38132
0.0349589
0.177169
0.152075
0.257017
0.0294964
0.000885594
0.205914
0.502256
0.221351
0.108823
0.462172
0.264186
0.0387793
0.389103
0.28309
0.389343
0.00899258
0.285258
0.699592
0.0633288
0.015537
0.219691
0.186821
0.360524
0.14707
0.102099
0.00153368
0.152597
0.00309652
0.44777
0.220813
0.0606301
0.111107
0.0845659
7.41169e-05
0.000398596
0.0392735
0.500159
0.0291663
0.0115612
0.260285
0.352068
0.703776
0.235594
0.130088
0.249304
0.570762
0.154749
0.00570144
0.000539143
0.397243
0.300337
0.0382464
0.000100824
0.43662
0.0337533
0.577118
0.286314
0.00510554
0.208219
0.274203
0.00353975
0.345282
0.0010241
0.00944983
0.000449279
0.192205
0.00239367
0.219852
0.31105
0.00764783
0.0167168
0.00260525
0.42948
0.251703
0.391366
0.0330641
0.000670955
0.725463
0.00129531
0.0434894
0.000710428
0.0482863
0.0232664
0.00718677
0.495528
0.00288052
0.00444712
0.150684
0.0103517
0.400644
0.34137
0.419202
0.553866
0.386491
0.383559
0.492067
0.00202313
1.19898e-06
0.0955513
0.60888
0.497363
0.0179287
0.293091
0.288537
0.498383
0.19667
0.516213
0.16851
0.0180484
0.306594
0.509663
0.605305
0.000235668
0.0111663
0.551699
0.262651
0.311859
0.110561
0.250595
0.0227202
0.127723
0.188758
0.0565003
0.201114
0.211063
0.0121072
0.0145004
0.491355
0.136132
0.571405
0.0300311
0.271779
0.0121357
0.3874
0.155084
0.248427
0.00392484
0.0100949
0.590058
0.0740537
0.0655572
0.367711
5.60727e-06
0.0271706
0.274061
0.209411
0.516354
0.0597401
0.163427
0.00373522
0.0268076
0.0018049
0.00940681
0.00159058
0.000258448
0.452552
0.3268
0.377835
0.622697
0.00948053
0.0284018
5.72789e-05
0.40653
0.00532378
0.244717
0.00340145
0.00361226
0.713656
0.290976
0.322012
0.0337442
0.472793
0.00190127
0.356954
0.284965
0.00185592
0.241932
0.354823
0.313948
0.0438893
0.152889
0.389902
0.184569
0.110025
3.23599e-05
0.613613
0.690542
0.692515
0.00533841
0.0802256
0.00394523
0.246016
0.225428
0.00124254
0.00433185
0.208533
0.446809
0.00167282
0.000590599
2.12114e-05
0.0621588
0.0200989
0.657802
0.0212504
0.0351009
0.000612456
0.150149
0.0674791
0.320424
0.496367
0.00403099
0.00249464
0.00055619
0.00476088
0.0484997
0.150041
0.0633495
0.14486
0.00537016
0.00070336
3.92998e-06
0.45384
0.562111
0.373649
0.136396
0.290548
0.0895115
0.000119996
0.410361
0.00635241
0.119936
0.41096
0.111717
0.0173208
0.489591
0.0119978
0.00850556
0.00367021
0.142937
0.000571935
0.148851
0.759894
0.0119064
0.320749
0.174736
0.430104
0.28012
0.017126
0.348124
0.314251
0.00200323
0.55288
0.0516748
0.00196666
0.133767
0.00576578
0.0157036
0.40655
0.681136
3.67708e-05
0.509942
0.00149907
0.000268864
0.00114373
6.54239e-07
0.0314954
0.47224
0.37405
0.355075
0.0848667
0.0128701
0.00186943
0.00111945
0.60773
0.491666
0.317026
0.0490135
0.00236728
0.0144777
0.0948564
0.00378911
0.695497
0.00532851
0.0302163
0.445998
0.000190488
0.0751391
0.13532
0.351675
0.339839
0.150622
0.390195
0.000579634
0.307299
0.139507
0.118824
0.227094
0.00033874
0.043813
2.4202e-08
0.000863814
0.114215
0.45899
0.40389
3.05664e-05
0.029944
0.209538
0.00087284
2.52616e-06
0.239174
0.0287875
0.414253
0.373169
0.307619
0.0667709
0.0078326
0.0141215
0.571078
0.486349
0.255887
0.299802
6.33464e-05
0.616843
0.22094
0.185302
0.32296
0.0424211
0.622704
0.000158038
0.225695
0.00662427
8.8814e-05
0.0319819
0.018052
0.000731891
0.000585285
0.0808855
0.0015422
0.432762
0.366709
0.0671216
0.171318
0.402566
0.111317
0.534628
0.300457
0.000194418
0.160977
0.411452
0.0298178
0.0127657
0.289095
0.413077
0.399303
0.475796
0.00177908
0.000756422
3.73264e-05
0.24899
0.439014
0.0958755
0.0509461
0.314878
0.255673
0.0478815
0.545732
0.0778459
0.00351066
0.250712
0.207217
0.124995
0.0702978
0.0265677
0.291218
0.222534
0.00087206
0.267984
0.27932
0.0138351
0.315589
0.0343492
0.0430437
0.360173
0.170732
0.0127744
0.0023378
0.0443266
0.108135
0.00178344
0.0527656
0.307652
0.306661
0.0908528
0.00971143
0.509551
0.00331264
0.343731
0.133917
0.0944399
0.28105
0.393081
0.00997538
0.450938
0.0698827
0.391599
0.270377
0.502619
0.0159814
0.479386
0.166559
0.0044881
0.188757
0.0750075
0.137006
0.00028477
0.248468
0.595422
0.000123672
0.222876
0.148547
0.00140013
0.0241395
0.00437875
0.000108147
0.171649
0.353603
0.451264
0.0180083
0.387251
0.000721921
0.308707
0.0159061
0.0459512
0.500968
3.84912e-06
0.59105
0.0023571
3.76731e-05
0.336549
0.10749
0.000632582
0.271332
0.0142434
6.74096e-07
0.0128147
0.158682
3.24356e-05
0.373428
8.96493e-05
0.173773
6.51861e-05
0.128228
0.303051
0.00481526
0.35701
0.284156
0.329405
0.251162
0.0011452
0.0976705
0.0207386
0.310463
0.397054
0.0511118
0.0816276
0.0739156
0.295671
0.0375567
0.432007
0.259623
0.0710114
0.217487
0.00577864
0.488297
0.0327165
0.00594661
0.0176988
0.0106001
0.0209084
0.0020241
0.0900805
0.033377
0.33675
0.216411
0.25556
0.206254
9.78743e-05
0.026126
0.0462636
0.41186
0.0114737
0.0869112
0.439304
0.0521848
0.00192769
0.0093144
0.000331393
0.0731703
0.188131
0.00822275
6.09438e-05
0.191119
0.00671367
0.193027
0.000107247
0.444479
0.161615
0.331449
0.00973501
0.00799286
0.191046
0.0131034
2.42575e-06
0.00988147
0.217226
0.297105
0.136936
0.0593153
0.313056
0.106822
0.0398432
0.00475901
0.0327087
0.490893
0.0215362
0.1341
0.0189992
0.523306
0.000344721
0.00249371
0.00321787
0.00511348
0.197465
0.0557994
0.379988
0.000381137
0.490777
0.104972
0.324275
0.211608
0.077998
0.0948512
0.0122129
0.318494
0.196795
0.0578359
0.00174912
0.266286
0.279246
0.0778428
0.000174292
0.715643
0.442253
0.437569
0.180927
0.514087
0.790533
0.490109
0.00514053
0.00461156
0.469054
0.170084
0.137235
0.0524384
0.00229571
0.0360866
0.328594
2.93338e-05
0.0669149
0.0253368
0.357811
0.432072
0.575964
3.13287e-05
1.45837e-06
0.0256148
0.016742
0.201639
0.621452
0.00175943
0.234925
0.493794
0.00530257
0.273172
0.433808
0.0141319
0.00363824
0.624997
0.187931
0.245351
0.431008
0.000383352
0.2559
0.00689549
0.0155944
0.0072911
0.242638
0.342124
0.399438
0.0261406
5.27461e-05
1.32543e-05
0.175258
0.177429
7.98488e-05
0.00221397
0.177339
1.57429e-05
0.00417482
0.000911594
0.0124779
0.0126872
0.389184
0.362443
0.146675
0.000708164
0.00658999
0.298752
0.172732
0.00924037
1.45189e-05
0.361484
0.0309399
0.0561675
6.54601e-05
4.19023e-06
0.000867174
0.15694
0.0198444
0.000202711
0.289006
0.327501
0.110498
0.221109
0.000695848
0.00918587
0.135392
0.158943
0.604187
0.0636387
0.00693635
0.000165201
0.00360283
0.419316
0.00134233
0.0106409
0.00135029
0.0153929
0.0236739
0.490635
0.365087
0.266941
0.247369
0.233242
0.347111
4.46927e-06
0.0122473
2.83916e-05
0.365881
0.489531
0.271219
0.629304
0.000815229
0.0859577
0.142656
0.538728
0.000108605
0.0157975
0.0347368
0.000477302
0.132371
0.501245
0.0908681
0.00696931
0.0123194
0.00503362
0.021097
0.202739
0.369739
0.0500056
0.421862
0.00267987
0.102042
0.35095
0.0293555
0.00533177
0.189152
0.0289959
0.00211589
0.0573646
0.000572479
0.0821978
0.0729711
0.311583
0.186526
0.0508764
0.00371471
0.0622288
0.179005
0.302834
0.184581
0.037085
0.402785
0.662963
0.0638353
0.00153311
0.0143448
0.136036
0.00456173
0.297209
0.444058
0.00245612
0.231309
0.032735
0.200783
0.660738
8.60619e-05
0.000736185
0.00383511
0.271711
0.0749279
0.299061
0.0304188
0.283742
0.00552292
0.00889667
1.92351e-07
0.478622
0.0279536
0.478242
0.0447572
0.149071
0.0654877
0.0869625
0.00300387
0.190842
0.0128598
0.045269
0.126956
0.0641126
0.124835
0.2559
0.518754
0.103656
0.274422
0.00378356
0.374274
0.128444
0.0135611
0.429061
0.661916
0.0239869
0.442043
0.00465948
0.0706319
0.0858355
0.0286107
0.119479
0.288349
0.297965
0.270783
0.67411
0.00339765
0.0643248
0.150657
0.250513
0.00171492
0.0110339
0.321392
0.647275
0.000237624
0.316486
0.02142
0.2089
0.0132059
0.021297
0.00138883
0.0603909
0.0464906
0.100484
0.348746
0.270305
0.236399
0.0321702
0.00314878
0.319604
0.678957
0.000320194
0.0010413
0.27846
0.00749961
0.0468079
0.336416
0.0185229
2.90319e-05
0.0716102
0.152181
0.000908913
0.291656
0.0011364
0.149025
0.104549
0.00282636
0.0838966
0.204394
0.486411
0.0164616
0.366713
0.255493
0.26604
0.096478
0.234005
0.00400929
6.34585e-05
0.332024
0.422892
0.357461
0.212792
0.068743
3.98468e-07
0.00189885
0.303763
0.00533283
0.0105052
0.0536813
0.00252281
0.346689
0.761556
0.152651
0.030341
0.263128
0.00131424
0.000112154
0.00130024
0.00547911
0.00106876
1.19183e-05
0.0323938
0.00984343
2.56738e-05
0.260282
7.63501e-05
1.26026e-05
0.4425
9.80796e-05
0.257461
0.33641
0.0233643
0.000453929
0.418098
0.520268
0.0100538
0.647922
0.00106974
0.532479
0.247088
4.99679e-06
0.139011
0.567357
0.267834
0.232204
0.0083212
0.324166
0.0491249
0.0961572
0.00192333
0.0198388
0.444325
0.00264584
0.0988022
0.269284
0.0131634
6.34464e-06
7.84589e-07
0.0012583
0.147324
0.262727
0.327601
0.0945718
0.0053075
0.00164777
0.105994
0.0731429
0.0550556
0.68922
0.535344
0.0506615
0.301079
0.524233
0.000111404
0.0769583
0.275959
0.225543
0.0432791
0.00133072
0.129758
0.000235979
0.0612272
0.00894438
0.00410767
0.00462629
0.118085
0.334776
6.5101e-05
0.0610953
0.0205583
0.0941068
0.00666723
0.152441
0.00028055
0.305932
0.0116348
0.341645
0.490587
0.390418
7.02822e-06
0.116215
0.0670947
0.000151531
0.51609
0.163692
0.425046
0.419396
1.33641e-05
0.124149
0.53743
0.41079
0.00486426
0.109574
0.000897048
0.435953
0.187911
0.165859
0.000186843
0.286597
0.254551
0.440007
6.18234e-07
0.0131851
0.294577
0.184323
0.446431
0.0203627
0.257754
0.309697
0.170534
0.29613
0.0147584
0.206432
0.00023414
0.257781
0.00020843
0.00692652
0.000148139
0.578984
0.0164218
0.165383
0.355914
0.000722141
0.295217
0.332955
0.0672428
0.0260923
0.404166
0.158729
0.0444167
0.000582247
0.0346706
0.266941
0.0250634
0.369465
0.208184
0.0321904
8.96108e-06
0.169806
0.452017
0.0125657
0.00945708
5.32639e-06
0.00265215
0.122713
1.20571e-05
0.0488959
0.233204
0.192839
0.000229895
0.00078819
0.0500663
0.159374
0.37533
0.0440935
0.147249
0.000814118
0.155058
0.282185
0.3138
0.246835
0.041603
0.467844
0.330568
0.341262
0.0120138
0.389146
0.0482897
0.0492644
0.0400571
0.222908
0.00175843
0.423048
0.0114823
0.0168277
0.018817
0.00721926
0.00223355
0.268678
0.00327502
0.576948
1.08526e-06
0.407906
0.490792
0.10341
0.226678
0.399608
0.000809421
0.0853492
0.0772828
0.146625
4.59282e-07
0.334734
2.77967e-06
0.00743002
0.000375124
3.916e-06
0.0809001
0.280258
0.12246
0.00490443
0.362208
0.544255
0.00037429
0.014802
0.172268
0.0279249
0.0570132
0.071016
0.247341
0.421583
0.441444
0.000266045
0.607022
0.233774
0.0292673
0.0193829
0.406754
0.309651
0.00462474
0.279021
0.279652
0.277074
0.223412
0.0551036
0.293919
0.636898
0.122723
0.153762
0.15135
0.0415472
0.00211455
0.4746
0.000542722
0.0252764
0.0990151
0.324478
0.169433
0.477885
6.65309e-06
0.3222
0.000508371
0.000799144
0.00915434
0.0351125
0.103911
0.537011
0.053902
0.00241483
0.00308268
0.0752904
0.00304876
0.00209461
0.000155881
0.0767748
0.0901601
6.0544e-05
0.24012
0.0667244
0.169891
0.00289422
0.451115
0.301863
0.533599
0.241547
0.377361
0.479733
0.329948
0.0106768
0.0007462
1.99438e-05
0.0494431
0.133323
0.0018572
0.0295233
0.0611831
0.0101972
0.205489
7.57202e-06
0.00457698
0.00400387
0.191104
0.000551397
0.634501
0.357802
0.369534
0.222818
0.0293843
0.171642
0.243665
0.364224
0.0121161
0.00104435
0.0124651
0.0112854
0.262176
0.0660226
2.0126e-05
0.283081
0.038653
0.000645759
0.00838052
0.00750055
0.425234
0.0470507
0.0227952
0.00163215
0.000287026
0.573659
0.0101598
0.000584896
0.501017
0.387455
0.116894
0.0669398
0.00705394
0.0193159
4.2806e-05
0.0251451
0.0230999
0.305622
0.51528
0.00517467
0.0585738
0.000312489
0.548311
4.91303e-05
0.461873
0.267414
0.157171
0.0332394
0.144871
0.447837
0.013662
0.0176898
0.105994
0.0113894
0.299483
0.135762
0.273281
0.27782
0.000672037
0.019658
0.00216625
0.0504648
0.00125738
0.311017
1.60432e-05
0.306339
0.60001
0.0146072
0.612176
0.133821
0.168539
0.0260296
0.525644
0.519502
0.000335476
0.00230162
0.013766
0.309524
0.018257
0.348581
0.419748
0.24964
2.21698e-07
0.00489525
0.142629
0.0357862
0.0478313
0.150456
0.259584
0.00480887
0.0722386
0.553096
0.306642
0.367505
0.101572
0.146469
0.0577336
0.0242236
1.43664e-06
0.0502253
0.484415
0.183622
0.331443
0.00338165
0.0120615
0.0171344
0.0710514
0.000574847
0.477038
0.0113548
0.00722005
0.0534384
0.00905104
0.0386699
0.596869
0.0247077
6.53469e-05
0.000246242
0.0804688
0.00011008
0.211898
0.202347
0.275636
0.0330726
0.128769
0.271083
0.203414
0.0113541
0.000251624
0.739206
2.65404e-05
0.0356532
0.0796595
0.10937
0.0484716
0.000685027
0.681393
0.393077
0.00442659
0.0745574
0.409339
0.0998872
0.246179
0.00192046
0.358696
0.144918
0.00721622
0.00147592
0.370036
0.368519
0.479037
0.39599
0.00553831
0.468139
3.44674e-05
0.00187307
0.0354177
0.651572
0.195776
0.179422
0.298374
0.0611127
0.16198
0.226687
0.00745697
0.132232
0.166098
0.557822
0.00778407
0.000813073
0.197848
0.281017
3.43592e-06
0.000572329
1.8193e-05
0.427376
0.674158
0.000930978
0.178937
0.000783376
3.29043e-06
0.00064582
0.00135122
0.0106371
0.179727
0.00199121
0.0001302
0.00391136
0.482798
0.000305525
0.0276433
0.00542932
0.209778
0.292326
0.0445846
0.466869
0.156941
0.254439
0.324396
0.62117
0.0213667
0.0588805
0.472681
0.410535
0.196778
0.00084219
0.0135262
0.00197856
0.00101903
0.0262166
0.0084335
0.0277924
0.269183
0.355907
0.112602
0.0492163
0.0013522
8.01024e-07
0.66471
0.283256
0.0760433
0.226938
0.366491
0.468067
0.510774
0.138898
0.00581384
0.0123646
0.0106644
0.000255668
0.44609
0.143086
3.74433e-05
0.0653997
0.0118118
1.20576e-05
0.00249618
0.000786413
0.440157
0.297535
0.374656
0.221044
0.676686
4.89692e-06
0.1853
0.000327803
0.364398
0.486557
0.530037
0.0253484
0.000296421
0.59682
0.00193987
0.512295
0.00282243
0.320262
0.227055
6.04296e-06
0.711792
0.000133034
0.00279336
0.0365627
0.00739103
0.276625
0.379614
0.0192665
0.114861
0.0045735
0.176415
8.60447e-07
0.0297438
0.16207
0.0252688
0.0247038
0.0235378
0.0036628
0.311722
0.0654877
0.00165673
0.371697
0.335505
0.116404
0.00186885
0.0650415
0.523539
0.0227794
0.00229598
0.309922
0.180379
0.554958
0.400842
0.648248
0.00195012
0.0255758
0.166495
0.00611676
0.282595
0.552641
0.243832
0.158272
0.0126332
0.317387
0.0117797
0.00162094
0.000363375
0.119212
0.107457
0.213622
0.457035
0.000699191
3.56314e-06
0.0842205
0.283201
0.0861264
0.599139
0.583067
1.94973e-05
0.0673839
0.141331
7.38734e-05
0.506078
0.000885186
0.53991
0.228065
0.0355621
0.0627083
0.524389
0.330781
0.299289
0.00123393
0.126433
0.424435
0.146155
0.000644165
0.548841
0.00313054
0.243477
0.12223
0.104165
0.222379
0.0936345
0.0114847
0.0830358
0.53895
0.335274
0.657638
0.309883
0.345934
0.361847
0.28306
0.00871905
0.00211344
0.000363413
0.448358
0.208237
0.467372
0.209499
0.182358
0.186798
0.540221
0.523194
0.000124599
0.0171314
0.114616
0.547806
0.337936
0.0438265
0.281265
0.0228619
0.00334659
0.0424269
0.278376
0.572343
0.0995847
0.172668
3.56802e-05
0.251657
0.000893725
0.0121122
0.122854
0.000135529
0.305152
0.0106084
0.337347
0.518703
0.419259
0.350922
0.134688
0.000584038
0.0833761
7.64199e-05
0.0930743
0.0904745
0.544348
0.716139
0.000509367
0.0270736
0.117248
0.0501925
2.8779e-05
0.00117496
6.80271e-07
0.073216
0.495494
0.0542323
0.505612
0.422599
0.0259447
0.508359
0.407575
0.00613948
0.0229623
0.0259437
0.000494124
0.000136008
0.00507723
0.132024
0.0286281
0.155491
0.49511
0.545637
0.0658009
0.478266
0.1852
0.160976
0.137051
0.499181
0.141758
0.0328891
0.000139034
0.306372
0.00301667
0.340123
0.000156498
0.43507
0.0417642
0.00353178
0.00870682
0.127871
0.0210848
0.000671092
0.280265
0.0578106
0.219165
0.496807
0.00305507
0.316581
0.385879
0.00372326
0.0360013
0.220029
0.00160443
0.0371258
0.00832488
0.100832
0.485456
0.0107753
0.716536
0.0591481
0.137641
0.0879068
0.000968817
0.00406939
2.21244e-05
0.011183
0.0178227
0.26881
0.0464846
0.331509
0.0931095
0.355172
0.308781
0.64236
0.125557
0.0984389
0.582708
0.385184
0.0136627
0.375125
0.0971587
0.0258344
0.0306252
0.000127338
0.415716
0.108655
0.452614
0.0410814
0.0429327
0.0595617
0.0948819
0.0467014
0.364147
0.0177178
0.152933
0.00276356
0.401339
0.0264836
0.492812
0.57232
0.00274842
0.0534109
0.283909
0.650117
0.355456
0.0310575
0.187337
0.489586
0.0358025
0.461784
0.0457529
0.0382282
0.0346004
0.13532
0.142123
0.00102093
0.00670146
0.75908
0.0155896
0.0527031
0.33922
0.00271366
0.11391
0.341477
0.0125152
0.0244369
0.392813
0.233972
0.0384126
0.0695487
0.369783
0.0185512
0.00445189
1.81301e-06
0.0508078
0.300103
0.258092
0.313192
9.90147e-05
0.321602
0.0425976
0.707801
0.0128771
0.0258921
0.0219472
6.71334e-06
0.000723066
0.000744243
0.0418213
0.362564
0.374856
0.146259
0.130087
0.0938664
0.00933826
0.553524
0.00692856
0.0012608
0.0542015
0.333679
0.0117117
0.0641548
0.0222416
0.108052
0.314185
0.059761
0.000513774
5.63666e-05
0.0114443
0.286352
0.000121728
0.274454
0.107228
0.0605597
0.188545
0.164892
0.226707
0.0286141
8.58831e-05
0.169302
0.272993
0.164173
0.00363344
0.0492216
0.00479699
0.332991
0.576199
0.207077
9.18127e-05
0.0549486
3.00934e-05
0.000481063
0.0125284
0.00329448
0.000717059
0.1903
0.421051
0.134187
0.00139538
0.638666
0.0419099
0.319063
0.00749461
0.526973
0.0664548
0.000642037
0.000463426
0.382632
0.301405
0.414011
8.22513e-05
0.00552561
0.276313
0.101603
0.000942023
0.0517373
0.00727754
0.0870885
0.0335119
0.446685
0.00791724
0.301034
0.0322323
0.230906
0.255021
0.211804
0.000755424
0.288472
0.0172715
0.376368
0.00110408
0.0346662
1.12466e-05
0.0939129
0.0479782
0.0488044
0.0545664
0.0447365
0.000625803
0.0638753
0.132683
0.443383
0.247011
0.476007
0.0386844
0.0843479
0.00016483
0.461716
0.00522934
0.475695
0.00148452
0.267436
0.523606
0.291257
0.566359
0.237597
0.0523918
0.0989402
0.000605968
0.24439
0.231041
0.0611342
0.00300089
0.000522511
0.0136588
0.0124503
0.0241317
0.865613
0.0629547
0.29431
0.0999326
0.00862036
0.0574358
0.0140964
0.0102025
0.0577695
0.0157583
0.272177
0.0032146
0.00271657
0.210164
0.243209
0.540318
0.130846
0.628157
0.256589
0.000766656
0.00673218
0.600635
0.0182182
0.0515174
0.0675512
0.186862
0.108601
0.56514
0.422247
0.49904
0.00133576
4.22153e-05
0.199186
0.147898
0.324115
0.338281
0.582489
0.420134
0.0193045
9.15271e-05
0.0164393
0.0022336
0.200091
0.0204927
0.0161573
0.0472466
0.000793005
0.139895
0.166472
0.0124554
0.224476
0.25148
0.00749753
0.000312305
0.250741
0.339702
0.323417
4.23722e-06
0.0875585
0.533674
0.00481073
0.00509624
0.0295774
0.000754759
0.73525
0.0349961
0.0011828
0.0723621
0.00122135
0.309774
0.0541627
0.0340766
0.306092
0.0237073
5.19097e-05
0.00393691
0.00786609
0.446597
0.298073
0.0766791
0.00855744
0.0010199
0.267265
0.344139
0.680332
0.327659
0.444083
0.301433
0.125195
0.0210678
0.374473
0.112786
0.125222
0.124981
0.182031
0.000741332
0.151405
0.0153186
0.321713
0.350879
0.00108386
0.00120897
0.178846
0.00462072
0.089619
0.250466
0.00786544
0.538491
0.0344557
0.00381449
0.000560691
0.136433
0.477547
0.374385
0.787197
0.157826
0.00964001
0.264319
0.00757841
0.300337
0.00054557
0.00169446
0.0581573
0.214678
0.0178546
0.00104925
0.180744
0.0223753
2.47405e-06
0.330336
0.423593
0.467573
0.045815
0.0608918
0.0768308
0.078286
0.462235
0.345214
0.0152227
0.142451
0.00987447
0.295733
0.471173
0.138195
0.128599
0.00193504
0.418842
0.184283
0.00350987
0.00248099
0.0041408
0.00816202
0.132713
0.0559323
2.91976e-05
0.00517768
0.00706717
0.0432419
3.79545e-08
0.327653
0.539492
0.0565354
0.336083
1.10601e-05
1.87712e-07
0.447447
0.266923
0.477529
0.00389157
0.309503
0.171383
0.240816
0.316732
0.445981
0.672697
0.000441424
0.0793687
0.00140575
0.0241434
0.190986
0.330001
0.475766
0.00104224
0.011335
0.461691
0.000126396
0.000623801
0.0638663
0.0811438
0.00588639
0.0791745
0.174235
0.177086
0.0378705
0.00340804
0.268984
0.150804
0.472088
0.100896
0.216422
0.506003
2.14453e-06
3.06621e-06
0.00913859
0.370663
0.571766
0.391168
0.0463736
0.00842778
0.0289019
0.222008
0.315563
0.0104868
0.379812
0.046355
0.311252
0.00449231
0.143511
0.365849
0.469388
0.000140249
0.000422047
0.31589
7.53315e-08
0.261882
0.295991
0.024355
0.136259
0.0972624
0.00261228
0.195272
0.437393
0.328052
0.0202183
0.192227
0.27
0.000897417
0.00758617
0.209209
0.0518974
0.164568
0.00102175
0.444584
0.336889
0.000860643
0.156179
0.000959495
0.125625
0.0257129
6.87609e-05
0.37443
0.160953
0.183496
0.283249
0.522746
0.284452
0.3126
0.00442638
0.0101236
0.0163474
0.00320768
0.000178207
0.478908
0.0762649
0.0616319
1.05925e-05
0.000260682
0.180056
0.0552732
0.000220855
0.109872
0.0502732
0.375841
0.357488
0.551341
0.236476
0.000305459
0.234547
0.0222252
0.328183
4.63959e-05
0.171792
0.00156261
0.224093
0.494326
0.266374
0.471193
5.32064e-05
0.000361029
0.133461
0.305089
0.00545013
0.388777
0.711006
0.567526
0.638701
0.340012
0.323543
0.00135351
0.565623
0.478705
2.19237e-05
0.0344165
0.0894716
0.00391472
0.000325375
0.0114059
0.000254373
0.00627557
0.00221341
0.131968
0.00804469
0.603381
0.418043
0.35902
0.0454458
0.521611
0.0509037
0.707949
0.0173186
0.215633
0.0481467
0.150031
0.147368
0.112659
1.70344e-05
0.00192705
4.14698e-05
0.36153
0.0202214
0.0189776
4.61627e-08
0.010266
0.391071
0.0284752
0.245296
0.0351252
0.468836
0.0971553
0.201411
5.10789e-05
0.199898
0.000836784
0.0392618
0.000288
0.0167247
0.000128245
0.257548
0.0020432
0.696983
6.06999e-07
0.257582
0.223336
0.11207
0.247618
0.50677
0.000128855
0.104606
0.00959095
0.00832911
0.00126363
0.0180166
0.0415793
0.17533
0.24196
0.180175
0.433306
0.0751764
0.348788
0.0086741
0.00181051
0.00543451
0.00018658
0.250332
0.368582
0.276336
0.127937
0.373091
0.30408
0.0213861
0.366106
0.188005
0.369261
0.310756
0.0630098
0.299412
0.322504
0.141724
0.435582
0.312855
0.247274
0.00120881
0.392496
0.0831672
0.396024
0.048841
0.222266
0.458161
0.000597837
0.413222
0.0364151
0.0452078
0.44417
0.240592
0.0722503
0.0303925
0.197743
0.000124619
0.26049
0.229896
0.00445982
0.021544
0.233421
0.267895
0.024655
0.00245686
0.0265081
0.00507631
0.00853437
9.14211e-07
0.233146
0.418873
0.0324331
0.0843253
0.00407216
0.235359
0.201251
0.185587
0.0211536
0.00189912
0.333332
0.00163607
0.00021619
0.43721
0.0363951
0.278666
0.0440777
0.00796651
0.281727
0.0395322
0.0522355
0.278752
0.000533093
0.114835
0.485463
0.579177
0.175643
9.54336e-06
0.218519
0.21117
0.0555159
0.15829
0.319241
0.0322587
0.243726
0.231157
0.177601
7.40529e-05
0.0228781
0.49977
0.00163873
0.137367
0.0013845
0.299351
0.0158818
0.029278
0.00215071
2.75791e-05
0.0543487
0.4308
0.0991932
5.9279e-05
0.127649
0.114298
0.00591113
0.530531
0.441078
0.111506
0.716369
0.296928
3.79563e-05
0.109441
0.716089
0.29305
0.226558
0.301838
0.0225976
0.298045
0.42285
0.299459
0.0585892
0.00190814
3.6815e-05
0.0129574
0.000388551
0.43313
0.0604163
0.122605
0.526378
0.734273
0.176715
0.0773053
0.000176871
0.761794
0.192419
0.257959
0.000115626
0.162744
0.19955
0.239722
0.0199154
0.0567277
0.00054322
0.341946
0.462436
0.0423428
0.15723
0.013143
0.103549
0.324933
0.00362521
0.141689
0.0141742
0.0217719
1.46123e-05
0.0282715
0.31078
0.00696816
0.235664
0.00333318
0.218097
0.128866
0.601298
0.213715
0.267619
1.52748e-06
0.00171498
0.000148352
0.00018273
0.00052134
0.488107
0.00976447
0.00595313
0.363221
0.0673622
0.605259
0.00226389
0.274964
0.112833
0.00671043
0.00373897
0.000634176
0.0987929
5.51295e-05
0.369961
0.00215012
0.00786279
0.392384
1.15209e-06
0.00319917
0.000430087
0.374042
0.299491
0.130726
0.117848
0.0011977
0.104512
0.00371177
0.000313569
0.225165
0.2756
0.0632198
0.654871
0.458477
0.549498
0.0306695
0.0686133
0.321731
0.0038211
0.11031
0.00429112
0.0955575
0.191978
0.255394
0.425813
0.655144
0.209509
0.40942
0.0168788
0.000950408
0.337554
0.379411
0.000891403
0.310762
0.0702113
1.09356e-05
0.00449386
0.0775841
0.0110057
0.100133
0.000123382
0.00381879
0.189265
0.000939411
0.206841
0.027962
0.148713
0.018566
0.201886
0.27928
0.0864927
0.036235
0.00036107
0.00675177
0.147333
0.0226539
0.00894402
4.63869e-06
0.778501
0.00025429
0.000536054
0.000685484
0.00069305
0.29979
0.00529398
0.458288
0.00453727
0.293584
0.00285919
0.397528
0.113314
0.0023857
0.243673
0.35957
0.177451
0.00206356
0.500235
0.437781
0.581571
0.0923794
0.00123823
4.81302e-05
9.05492e-05
0.229534
0.115571
0.0991589
0.211055
0.562531
0.133153
0.00115137
0.0765723
0.0870926
0.0753231
0.0101002
0.212789
0.0196838
0.388617
0.419761
0.564457
0.317059
0.00845182
0.203437
0.107737
1.09154e-05
0.339236
0.0877487
0.0988488
0.362843
0.00329774
0.11746
0.0494193
0.00114698
0.541065
0.330952
0.158141
0.262538
0.0498235
0.293433
0.232965
6.84614e-05
0.0684933
0.00780767
0.123081
0.0119909
1.50295e-06
0.0212996
0.582753
0.0638599
0.000168599
0.0121875
0.000433246
0.0959924
0.000261649
0.638534
0.306009
0.00802638
0.000494407
0.401536
0.0139473
0.0123306
0.087054
0.211487
0.0535367
0.0161914
0.346121
0.145724
0.0636809
0.000477709
0.346101
0.343627
0.00347331
0.587923
0.0197512
0.0416797
0.0138822
0.187813
0.395497
0.364327
0.168698
0.227827
0.00543826
0.00104493
0.401544
0.185479
0.419904
0.338119
0.524226
0.120379
0.0119406
0.000114856
0.00116916
0.31197
0.423429
0.0727737
0.54469
0.000209433
0.00559128
0.524673
0.256231
0.287248
0.537866
0.215389
0.000900352
0.0239931
0.206478
0.0102042
0.136322
0.04132
0.138978
0.260414
0.0746524
1.03688e-05
0.0262856
0.227392
0.00953097
1.62993e-05
2.93869e-05
0.466803
0.271246
0.0455421
0.465842
6.91768e-06
0.0262939
0.00875642
0.0134904
0.00788287
0.00012103
0.0102357
6.72142e-06
0.0197197
0.507402
0.551354
0.0090001
0.464216
0.0161091
0.0220033
0.0776885
0.197989
0.0389351
0.0947152
3.90926e-05
0.000614818
0.0546243
2.23791e-05
0.581448
0.67533
0.0131228
0.00923559
0.108466
0.638502
0.0177171
0.419798
0.0923509
0.377331
0.0731658
0.233525
0.0557126
0.198044
0.0391823
0.0344276
9.31562e-05
0.0683434
0.0160752
0.0715291
0.231968
0.0465997
0.238437
0.024696
0.514224
0.0622084
0.0908633
0.00800886
5.73546e-05
0.0148577
2.0528e-05
0.178374
0.373001
0.0733333
0.411838
0.376583
0.0821209
0.239571
0.0327771
0.184593
0.0280937
0.00948867
0.00188663
0.0337873
0.0231836
0.0179808
7.83506e-06
0.295247
0.0751126
0.00217194
0.0100653
0.000852882
0.167309
0.101572
0.483534
0.0431405
0.239886
0.0280267
0.239362
0.000109911
0.00261475
0.00141859
0.118573
0.0363235
0.153232
0.233856
0.361368
0.00271892
0.027281
0.233769
0.00709312
0.016736
0.208701
0.532491
0.00297253
0.189383
2.47733e-05
0.420488
0.440251
0.0986766
0.0931721
0.51399
0.000351014
0.181109
0.0288262
0.246967
0.456177
0.507591
0.00378578
0.451802
0.0792979
0.00290417
0.0576109
0.367404
0.288766
0.0156941
0.000792851
0.000116535
0.270847
0.178813
0.502788
0.653004
0.000239108
5.35889e-06
0.000998953
0.104432
0.0865357
0.254232
0.0235532
0.000128786
0.299526
0.0366502
0.00219004
0.00629276
0.120501
0.112851
0.104979
4.69918e-05
0.000110348
0.0244247
0.164532
0.0109038
0.000822464
0.454725
0.00106392
0.00810381
1.31252e-05
0.259831
0.0644252
0.295755
0.00569071
0.260074
0.869648
0.211266
0.198814
0.219155
0.0112786
0.000102549
0.0367367
0.302151
8.87252e-05
0.00801615
0.271527
0.00105415
5.3343e-06
0.209859
0.0437723
0.0427726
0.658273
0.0010659
0.237564
0.289001
0.00462918
5.45475e-05
0.00564591
0.504539
0.1582
0.000944637
0.280127
0.611163
0.0051481
0.0141134
0.229381
0.0500833
0.00030967
0.415913
0.747724
0.0819537
0.0254632
0.18172
0.286892
0.0014626
0.00099522
0.434895
0.0806979
0.243004
0.272912
0.608063
0.864213
0.0499142
0.0590424
0.324664
0.00152807
0.000301597
0.405798
0.00905487
9.64779e-07
0.000886162
0.0573703
0.00192702
0.000419375
0.000403789
0.166472
0.000442741
0.615107
0.0227232
0.415586
0.0271029
0.00675284
0.233878
0.000226118
0.0150914
0.175758
0.0125371
0.00425372
0.627725
0.000890667
0.303837
0.026862
0.230657
0.00963432
0.00220652
0.441802
0.434769
0.00195588
0.228605
0.0389729
0.000217284
0.0304796
0.326407
0.630808
0.00849796
0.000773357
0.000118799
0.561589
0.217254
0.455896
7.23221e-05
0.257443
0.260814
0.265511
0.0794875
0.0100911
0.0158837
8.27365e-05
0.0149099
0.166063
0.438681
0.528409
0.0104623
0.0297364
0.00407677
0.0121853
0.00113373
0.000729562
0.173244
0.00302329
0.251745
0.371221
0.01282
0.447861
0.103784
0.00442988
0.0695376
0.000190052
0.118788
0.000174869
0.217638
0.0507055
0.214871
0.0669585
0.0277887
0.374944
0.164587
0.282231
0.00800383
0.638095
0.047183
0.0884016
0.0199198
0.000469663
0.35586
0.0405051
0.0713407
0.000204074
0.466301
0.253403
0.391709
0.308688
0.0188726
0.241033
0.389035
0.167712
0.139189
0.0537757
0.000130168
0.00177834
0.482177
0.366276
0.352867
0.304267
0.000697544
0.254134
0.135958
0.626145
0.0032691
0.00724775
0.0754515
0.0314462
0.265382
1.05576e-05
0.0206717
0.0850791
0.0916795
0.00899901
0.0923454
0.3243
0.294491
0.0167948
0.306092
0.211275
0.0018085
0.00161398
0.00730224
0.119864
0.00630974
0.0302277
0.543168
0.162851
0.235197
0.227486
0.225781
0.107958
0.280905
0.523907
0.0383632
0.256849
0.150166
0.236581
0.133467
0.0160185
0.124493
0.380229
0.301657
0.000801068
0.00103824
0.19223
0.160806
0.0184849
0.468261
0.000419046
7.42283e-05
0.0884199
0.0120298
0.13559
0.00261792
0.583168
0.00303895
0.416495
0.381657
0.000328732
0.442048
0.465043
0.00194919
0.0335665
0.209015
0.188417
0.266649
0.45484
0.311518
0.011886
0.0475696
0.605667
0.258546
0.694899
0.127674
0.29397
0.510109
0.0236639
0.0135324
0.216966
0.288643
0.0032517
0.714531
0.00458909
2.17936e-05
0.659302
0.0116417
0.00118665
0.342436
0.0488945
0.320517
0.0482529
0.00250117
0.0876964
0.00016519
1.4045e-06
0.293381
0.156847
0.284264
0.410153
0.00291621
0.126103
0.172997
0.511648
0.148982
0.13012
0.15885
0.00202906
0.199058
0.0576804
0.344271
0.0383114
0.291567
0.149926
0.000404279
0.202123
0.124909
0.00610701
0.116218
0.0950681
0.325265
0.242074
0.303107
0.382959
0.000270625
0.317626
0.0816456
0.000513669
0.0106761
0.13578
0.00137382
0.10564
0.018484
0.116131
0.136997
0.0665364
0.000764257
0.349265
0.550037
0.486613
0.461192
0.373938
0.000391451
0.386666
0.0149069
0.49087
0.00209853
0.544657
0.040416
0.374143
0.135799
0.0019061
0.0397837
0.029773
0.0906183
0.504699
0.0411182
0.0144102
0.281637
0.375065
0.454464
0.245938
0.318751
0.000219301
0.038491
0.00148566
0.0306067
0.00417828
0.325861
0.407544
0.0166607
0.000267353
0.435348
0.205332
0.324239
0.494599
0.00670171
0.304289
0.000407012
0.398442
0.0111979
0.000796769
0.53648
0.448146
0.2542
0.189181
0.0598588
0.229358
0.000729323
0.00503272
0.000304149
0.00122282
0.569462
0.391023
0.0128263
3.51023e-05
0.0403595
0.00194887
0.224515
0.57655
0.369578
0.00569823
0.0382421
0.0378793
0.561374
0.0615552
0.154074
0.278161
0.262837
0.71216
0.00411431
0.412416
0.0016474
0.225696
0.440202
0.230936
0.000196731
0.0721727
0.00723986
0.0158077
0.000718496
0.31638
0.000380225
0.0892468
0.591365
0.0153342
0.000600041
0.00130918
0.382606
0.0279723
0.789629
0.439446
0.0405143
0.0260403
0.0318419
0.0066369
1.70196e-06
0.0849759
0.574332
0.0664081
0.00451186
0.0001302
0.61822
0.317434
0.0275053
0.214053
0.149174
1.06977e-05
0.386432
0.386099
0.0664655
0.0210857
0.000624424
0.360421
0.0130242
0.069962
2.87782e-05
0.109523
0.401944
0.0756723
0.147886
0.0318137
0.159831
0.133385
0.24676
0.19275
0.0430298
0.0648466
0.100407
0.000107518
0.256775
0.054918
0.00410889
0.122571
0.226689
0.494074
0.533304
0.287414
0.0156513
0.318659
0.000447196