0.00157742
0.0148401
0.285621
0.279267
0.376545
0.216607
0.247973
0.403871
0.522476
0.111897
0.204369
0.175436
0.51041
0.279214
0.29456
0.126033
0.37647
0.437322
0.00011923
0.0293261
0.625265
0.00194949
0.40534
0.0444849
0.00995107
0.254061
0.367984
0.0143913
0.241138
0.299908
0.480698
0.337252
0.518069
0.342481
0.0383502
0.462607
0.04624
0.392505
0.145883
0.0200929
0.139958
0.000783857
0.312771
0.0220697
0.0208096
0.306816
0.0292994
0.666413
0.0309919
0.308119
0.0712473
0.118275
0.499487
0.0372641
0.0726215
0.0277685
0.480858
0.201394
0.303551
0.237526
0.251872
0.345342
0.366421
0.497458
0.0785477
0.0569531
0.128815
0.292096
0.0402817
0.452732
0.594494
0.285654
0.000558842
0.0321749
0.509565
0.00206481
0.232896
0.0310726
0.00575342
0.000546536
0.0304843
0.0624014
0.00733071
0.515515
0.203953
0.60792
0.888903
0.242586
0.0705977
0.307067
0.0219316
0.060014
0.00661146
0.0540475
0.129562
0.265812
0.370612
0.0218111
0.0499678
0.336365
0.338721
0.321977
0.0533818
0.0164442
0.00117497
0.0342228
0.475979
0.0117782
0.00383952
0.208789
0.471109
0.0253809
0.53255
0.00496751
0.0475866
0.0681023
0.00239215
0.197091
0.664054
0.675184
0.0404522
0.0628188
0.0108974
0.0199673
0.0552466
0.164152
0.0824446
0.0220525
0.424738
0.153479
0.11184
0.0498082
0.00302703
0.00843448
0.424378
0.302837
0.401845
0.23221
0.49195
0.311015
0.286767
0.0692228
0.221138
0.558152
0.0210759
0.584438
0.148944
0.159661
0.401617
0.138953
0.35945
0.355637
0.493589
0.0488849
0.0951573
0.308972
0.345799
0.0329979
0.33643
0.0672105
0.212081
0.00169034
0.545584
0.143923
0.237949
0.363378
0.00821297
0.504247
0.182362
0.186965
0.508028
0.645645
0.689447
0.0115156
0.14736
0.125863
0.482419
0.13843
0.0567109
0.00683962
0.250797
0.315575
0.00156561
0.629344
0.667483
0.000423099
0.34953
0.224172
0.0338197
0.307489
0.73041
0.237661
0.726982
0.517912
0.157792
0.817642
0.096464
0.0504815
0.0927893
0.203821
0.382303
0.527917
0.245545
0.25382
0.00366191
8.84733e-05
0.169986
0.109259
0.180284
0.207294
0.373167
0.547028
0.609729
0.474897
0.383663
0.140008
0.407231
0.124989
0.314136
0.42649
0.265269
0.0806425
0.0189408
0.729183
0.307107
0.254741
0.639338
0.46504
0.229262
0.739726
0.0932665
0.0250759
0.492279
0.138631
0.00110507
9.63514e-06
0.0408553
0.393759
0.300434
0.329703
0.000568451
0.0213632
0.284302
0.304671
0.0237894
0.498119
0.298788
0.0583158
0.0295712
0.745336
0.241174
0.00560781
0.377625
0.0821845
0.593126
0.221542
0.296748
0.0544672
0.313503
0.0500409
0.336622
0.0336179
0.274492
0.0321855
0.142541
0.0463492
0.760407
0.00630367
0.421031
0.256561
0.527456
0.163629
0.00226647
0.0416053
3.49308e-05
0.511748
0.00923968
0.594188
0.334749
0.0549755
0.370996
0.0448316
0.282065
0.00069088
0.326922
0.00368613
0.0719668
0.301298
0.220371
0.39283
0.00296213
0.00131814
0.14806
0.0770506
0.0460326
0.142084
0.00479561
0.020485
0.00341479
0.018579
0.0254299
0.105628
0.410949
0.546801
0.380145
0.358313
0.568448
0.0872322
0.0367864
0.142987
0.0527504
0.00101462
0.0518917
0.34578
0.446713
0.109458
0.188629
0.27702
0.00344949
0.334422
0.0430678
0.0693207
0.0389562
0.618082
0.596749
0.183231
0.269365
0.0893013
0.629855
0.0132903
0.0334437
0.405668
0.640948
0.00522476
0.0215062
0.373671
0.00109466
0.000497268
0.0404296
0.296863
0.377945
0.287911
0.10732
0.541622
0.0862258
0.558237
0.0690685
0.315459
0.0327317
0.077136
0.137465
0.00145186
0.217356
0.0793753
0.49204
0.625864
0.830942
0.571684
0.226554
0.0059979
0.0283827
0.339111
0.00349297
0.163023
0.243704
0.376701
0.494955
0.858564
0.274826
0.00246795
0.44904
0.165454
0.273467
0.600618
0.00769282
0.1473
0.617689
0.741897
0.613648
0.053859
0.0141041
0.469387
0.000799755
0.457448
0.315616
0.00878428
0.0628754
0.344951
0.395493
0.156579
0.0027477
0.188842
0.377805
0.350751
0.507348
0.0347792
0.0684694
0.444192
0.324888
0.741495
0.196107
0.269803
0.440868
0.268278
0.00712263
0.39222
0.00043759
0.0593394
0.00326348
0.245732
0.303097
0.257634
0.449189
0.0319388
0.0278603
0.035272
0.0710758
0.538046
0.297028
0.470514
0.261407
0.452419
0.0973816
0.456827
0.0368465
0.435058
0.730685
0.494831
0.656605
0.0125002
0.537869
0.126232
0.00103788
0.590047
0.681836
0.463567
0.712489
0.338286
0.0112217
0.20464
0.00413466
0.542213
0.0567023
0.471681
0.199028
0.475112
0.423476
0.00233241
0.0370211
0.0113532
0.470384
0.475173
0.231888
0.725163
0.53214
0.683197
0.239431
0.305097
0.388724
0.829893
0.288992
0.251099
0.0418296
0.274096
0.150454
0.00771859
0.0732251
0.0206384
0.612602
0.0100953
0.426748
0.0540746
0.0567231
0.237688
0.265849
0.125672
0.228024
0.330846
0.085356
0.236785
0.0928886
0.0520265
0.27656
0.664299
0.330399
0.30914
0.0577967
0.213903
0.267959
0.0139106
0.00664771
0.0924463
0.376078
0.00411873
0.142844
0.0212545
0.0310769
0.0645359
0.158207
0.00125153
0.15703
0.102619
0.308176
0.452192
0.250135
0.000665903
0.248837
0.210566
0.546329
0.0220407
0.48887
0.0154368
0.00050572
0.0426028
0.394477
0.0337698
0.0863229
0.316838
0.181248
0.00164053
0.296105
0.131904
0.034191
0.0643851
0.0117208
0.705477
0.581361
0.000198695
0.249223
0.313764
0.144533
0.705322
0.0740389
0.368728
0.00606625
0.0253876
0.0199488
0.276741
0.389049
0.173816
4.29258e-06
0.354828
0.0380096
0.0606642
0.0262018
0.282994
0.0383032
0.0970579
0.195639
0.262266
0.311131
0.459642
0.00169551
0.0647009
0.107891
0.58682
0.347947
0.182727
0.00967423
0.010901
0.00404555
0.253098
0.109616
0.691643
0.345801
0.226524
0.300345
0.477962
0.574199
0.433195
0.507979
0.285628
0.00424803
0.0802992
0.194992
0.263243
0.0137903
0.267566
0.0965382
0.298429
0.0450456
0.196555
0.237656
0.827264
0.000594804
0.516367
0.0271193
0.309478
0.0240912
0.050263
0.105569
0.519133
0.00387065
0.134772
0.0667531
0.236703
0.17805
0.352406
0.544465
0.00885549
0.354374
0.329444
0.00848491
0.0039685
0.000124697
0.00274429
0.692941
0.724448
0.00565363
0.0313847
0.0816055
0.469512
0.0374881
0.0242141
0.191867
0.192961
0.204325
0.0280293
0.476411
0.0195037
0.125282
0.502287
0.00073399
0.707115
0.171939
0.288371
0.0143053
0.0600757
0.00603471
0.74156
0.107554
0.367533
0.153216
0.0309532
0.285086
0.274858
0.00359654
0.53988
0.0335569
0.739049
0.425959
0.331728
0.446038
0.131501
0.582718
0.322919
0.183944
0.678109
0.243651
0.289057
0.000281121
0.731519
0.140721
0.580041
0.121368
0.481278
0.0106152
0.240878
0.154123
0.0872581
0.266597
0.176242
0.126001
0.50176
0.000246293
0.258462
0.300177
0.0118359
0.00672397
0.204728
0.0262114
0.607795
0.784983
0.145629
0.751547
0.441505
0.309525
0.228467
0.75597
0.35001
0.459777
0.002454
0.557675
0.415298
0.13835
0.249764
0.405141
0.120597
0.290096
0.563474
0.165516
0.466987
0.0225855
0.24225
0.0284936
0.002509
0.150703
0.294967
0.271045
0.200223
0.135841
0.277374
0.0122553
0.346802
0.499711
0.124241
0.0276322
0.788833
0.251796
6.43568e-05
0.552796
0.0449955
0.00329916
0.215684
0.0205724
0.173299
0.0235115
0.431625
0.176887
0.398963
0.113243
0.201989
0.000846981
0.0157084
0.023365
0.432045
0.0033384
0.803042
0.16689
0.498269
0.66943
0.00844929
0.192196
0.394157
0.356247
0.446101
0.515564
0.378571
0.0139903
0.375202
0.409236
0.206638
0.0377896
0.067521
0.647001
0.266225
0.707498
0.015527
0.102163
0.015997
0.113246
0.0353922
0.5211
0.00302603
0.0097436
0.60872
0.0161173
0.133183
0.0576383
0.00106404
0.545464
0.604932
0.318898
0.0048225
0.254193
0.128008
0.664717
0.653766
0.328334
0.168506
0.836158
0.215364
0.124492
0.563938
0.00174593
0.47384
0.733813
0.00469077
1.10215e-05
0.0816224
0.235889
0.0186204
0.0832171
0.394154
0.311028
0.0790586
0.071055
0.318758
0.591885
0.285374
0.0118665
0.000876253
0.773788
0.502846
0.334462
0.522078
0.889143
0.32922
0.48479
0.740353
0.0301325
0.000346863
0.428749
0.195615
0.520721
0.435047
0.199433
0.457916
0.561577
0.640582
0.141598
0.385768
0.0415419
0.0143387
0.384278
0.0231748
0.213267
0.0158024
0.69398
0.52771
0.575713
0.288231
0.00155042
0.179372
0.160769
0.83898
0.542967
0.00179038
0.593205
0.470571
0.355279
0.568426
0.027499
0.426029
0.372066
0.116263
0.341072
0.345706
0.144362
0.0366149
0.0084286
0.0326574
0.0682213
0.0554019
0.167721
0.413503
0.161223
0.001486
0.0192591
0.0997793
0.483374
0.15652
0.132266
0.0508362
0.0654742
0.366039
0.283537
0.0071701
0.174006
0.0254802
0.0548438
0.31857
0.280336
0.563099
0.00538143
0.0539999
0.725642
0.531384
0.00281374
0.0740829
0.125982
0.000160851
0.262262
0.311789
0.00582534
0.0201278
0.0514962
0.18051
0.790815
0.330831
0.0172644
0.717439
0.67047
0.124931
0.493914
0.217473
0.384776
0.12758
0.292655
0.40475
0.377735
0.0758739
0.497004
0.315214
0.00597153
0.145996
0.016962
0.04908
0.490673
0.310869
0.655008
0.0597736
0.000506786
0.264991
0.33227
0.630294
0.119294
0.289287
0.260144
0.0221795
0.444264
0.000176053
0.770601
0.302654
0.0301041
0.00897385
0.536324
0.0144085
0.00342634
0.0524353
0.137181
0.0563985
0.626511
0.643731
0.334887
0.00252856
0.0414831
0.370917
0.00673667
0.191364
0.361767
0.0199914
0.12226
0.612521
0.00808905
0.691807
0.326935
0.18601
0.0628993
0.211379
0.00423004
0.338437
0.42354
0.400719
0.0250936
0.531045
0.00142115
0.0691959
0.145205
0.0109116
0.208577
0.289366
0.369848
0.557076
0.0422572
0.168695
0.338384
0.0225283
0.0327152
0.00305196
0.201769
0.426235
0.0240106
0.155242
0.351551
0.228305
0.567014
0.339314
0.00494494
0.102585
0.317573
0.021115
0.503182
2.55475e-05
0.19426
1.80123e-05
0.423722
0.262606
0.0509519
0.205896
0.115763
0.528736
0.631342
0.117096
0.0249404
0.294172
0.111068
0.0295931
0.560323
0.00738268
7.4974e-05
0.295169
0.000920613
0.630512
0.479523
0.40081
0.306026
0.00763114
0.0100608
0.00422757
0.260164
0.0583515
0.513607
0.010981
0.275271
0.00156065
0.00196968
0.287623
0.633564
0.0195149
0.000951982
0.015537
0.590644
0.0467317
0.0416027
0.114173
1.9085e-05
0.0127077
0.0092505
0.674434
0.0181857
0.508844
0.13427
0.0754005
0.0412828
0.645293
0.0444652
0.0558381
0.0579208
0.0247271
0.000391933
0.156135
0.512482
0.067808
0.0555356
0.604198
0.332026
0.113313
0.0324059
0.374956
0.521681
0.118877
0.559704
0.381019
0.077931
0.316746
0.0109663
0.0653815
0.00674925
0.342985
0.418575
0.586305
0.0282201
0.171124
0.0808283
0.315316
0.296871
0.931988
0.327021
0.260847
0.00608216
0.592768
0.431982
0.00550455
0.681662
0.434077
0.200331
0.00699042
0.0672461
0.00486101
0.00381199
0.000625051
0.0869697
0.0322676
0.0870943
0.0696065
0.325407
0.000494268
0.00359824
0.254271
0.00389655
0.193601
0.437481
0.297849
0.237127
0.160499
0.00936385
0.207083
0.33336
0.00630698
0.0325918
0.0463766
0.277046
0.404103
0.421317
0.294594
0.299986
0.112349
0.000814204
0.00259323
0.363212
0.00377027
0.00142859
0.13743
0.452833
0.618908
0.257982
0.111447
0.053225
0.013809
0.121854
0.0681497
0.567434
0.0428211
0.407079
0.00149829
0.0994837
0.262374
0.487963
0.288697
0.113442
0.426164
0.0318131
0.184912
0.337573
0.248229
0.0262097
0.00973751
0.144426
0.192817
0.193811
0.00731815
0.492326
0.408916
0.0412381
0.276641
0.40139
0.734435
0.7484
0.0131734
0.00966727
0.0229708
0.000619387
0.130754
0.350048
0.648526
0.319595
0.623294
0.00276449
0.543347
0.0489924
0.26544
0.0202002
0.0667832
0.217946
0.715528
0.171287
0.285431
0.00536334
0.0244046
0.023269
0.022082
0.2078
0.472228
0.0264415
0.460412
0.651216
0.577654
0.120547
0.509479
0.136968
0.30843
0.287666
0.00574309
0.236145
0.216761
0.00107874
0.00289144
0.156501
0.00389819
0.128761
0.509729
0.0302418
0.0324652
0.349077
0.286908
0.373621
0.00147783
0.00462259
0.261934
0.000283927
0.0706899
0.314876
0.526486
0.324395
0.0330778
0.0681174
0.000243778
0.164762
0.523259
0.0538046
0.309622
0.466323
0.00999601
0.00931559
0.242765
0.000695172
0.348522
0.742162
0.468948
0.0095487
0.232885
0.0671242
0.154437
0.0387016
0.0470275
0.264228
0.418296
0.211308
0.136741
0.602898
0.289281
0.352347
0.157587
0.093817
0.39529
0.0220199
0.148967
0.708587
0.00108852
0.0639112
0.719172
0.032978
0.503397
0.0015254
0.0131587
0.84444
0.0679813
0.000872066
0.0832926
0.315855
0.302825
0.331531
8.16734e-05
0.147202
0.615374
0.341021
0.479053
0.477444
0.0214289
0.0875743
0.573479
0.145559
0.0238531
0.10327
0.073505
0.134241
0.00278018
0.475961
0.0382458
0.127184
0.207671
0.0415165
0.237431
0.289508
0.0396071
0.189029
0.00329136
0.504293
0.0684929
0.0462668
0.00201995
0.0473422
0.0301477
0.0391792
0.391831
0.516993
0.389598
0.30471
0.388899
0.361263
0.00455374
0.360918
0.596135
0.0960154
0.724823
0.052365
0.179302
0.000725417
0.00324142
0.500452
0.553953
0.653815
0.193492
0.122513
0.00041245
0.102985
0.0472449
0.228322
0.581126
0.1654
0.000132705
0.257682
0.49002
0.744033
0.463773
0.52366
0.170788
0.590482
0.284621
0.00937084
0.00613597
0.29289
0.000127917
0.104013
0.453505
0.294557
0.0507685
0.189869
0.00622996
0.424573
0.482234
0.461978
0.310078
0.331335
0.284395
0.437699
0.00941507
0.400832
0.245624
0.352027
0.132409
0.112179
0.712381
0.366837
0.0684677
0.150884
0.37237
0.109946
0.430682
0.333542
0.5279
0.35877
0.0285566
0.412761
0.431708
0.803816
0.291589
0.495187
0.000424785
0.411574
0.0730387
0.202446
0.56487
0.0460865
0.485385
0.719229
0.301912
0.0391522
0.0681923
0.0745734
0.326803
0.0373918
0.0953274
0.0807033
0.000755425
0.0618577
0.00331545
0.354873
0.292232
0.313658
0.0379523
0.020347
0.344409
0.0650989
0.00982774
0.035341
0.655331
0.158949
0.60998
0.694947
0.0955702
0.0453234
0.0897374
0.12825
0.267787
0.357995
0.157883
0.346196
0.327993
0.0303354
0.638
0.00527704
0.135196
0.582418
0.132547
0.00593696
0.00193149
0.766119
0.0754282
0.10503
0.0596
0.173295
0.268686
0.00130602
0.126151
0.385782
0.0252635
0.0024282
0.0415308
0.00266025
0.240729
0.00013494
0.0638801
0.0182027
0.18057
0.101353
0.400242
0.386025
2.33478e-05
0.140208
0.060893
0.323146
0.152384
0.449842
0.541883
0.134682
0.580279
0.0313745
0.584547
0.289966
0.374844
0.135593
0.335528
0.106505
0.323158
0.317611
0.0930974
0.537646
0.129305
0.320897
0.52018
0.0624787
0.62015
0.336676
0.333249
0.00150732
0.00517526
0.251501
0.00501504
0.259048
0.52936
0.0811523
0.625067
0.268991
0.173197
0.544282
0.00174224
0.345751
0.00440058
0.00750601
0.174436
0.190509
0.138134
0.205485
0.527001
0.168521
0.0563985
0.0180699
0.473544
0.587166
0.393823
0.51689
0.0148721
0.403536
0.254184
0.188085
0.114425
0.230223
0.725113
0.308006
0.13064
0.206299
0.0999457
0.0217342
0.479122
0.0489931
0.116546
0.0231003
0.345316
0.0429875
0.71805
0.384258
0.423849
0.761208
0.274518
0.154304
0.0117436
0.00399865
0.00304796
0.0162529
0.363484
0.0262845
0.198844
0.10678
0.250253
0.103467
0.607145
0.0237375
0.451543
0.324026
0.0565109
0.077788
0.577101
0.0722083
0.316145
0.265434
0.00299032
0.000691055
0.0213805
0.387325
0.376001
0.317388
0.298748
0.00180815
0.586523
0.38696
0.573178
0.30089
0.65904
0.657917
0.273659
0.291233
0.0521952
0.0312602
0.00443005
0.622832
0.097417
0.60396
0.049604
0.0101584
0.272986
0.0577191
0.23912
0.680428
0.230973
0.200966
0.0224416
0.575622
0.599448
0.0316971
0.235957
0.0549233
0.313675
0.463501
0.0165828
0.0462455
0.0962501
0.240048
0.256366
0.0210923
0.419634
0.000410788
0.146344
0.00491382
0.101469
0.444172
0.551752
0.20325
0.425893
0.100782
0.140257
0.196967
0.00255641
0.680922
0.0374552
0.343381
0.52011
0.061081
0.0120732
0.606466
0.663643
0.119485
0.239942
0.267514
0.282765
0.00449835
0.127686
0.260442
0.0858294
0.137348
0.0748871
0.144916
0.237404
0.0466309
0.417955
0.361925
0.000540466
0.195619
0.459484
0.758565
0.0646556
0.177359
0.243124
0.00215717
0.728014
0.679859
0.653293
0.144118
0.174855
0.735488
0.000913204
0.434715
0.32954
0.000121434
0.289323
0.0566914
0.0364346
0.726945
0.0304893
0.682783
0.29903
0.709796
0.0548114
0.477856
0.371819
0.515426
0.177912
0.342167
0.3664
0.203915
0.0115612
0.260212
0.335425
0.0109293
0.0412292
0.564941
0.645989
0.589521
0.213261
0.510339
0.216557
0.270219
0.28697
0.60612
0.193779
0.000684112
0.298784
0.0251288
0.262283
0.0966015
0.055997
0.0556501
0.482819
0.360311
0.000257338
0.513561
0.0618684
0.336529
0.169973
0.00442431
0.0086208
0.677544
0.510358
0.0162768
0.00748071
0.275694
0.160255
0.117643
0.342893
0.60451
0.031456
0.0669663
0.349422
0.0299386
0.369844
0.0985139
0.000336034
0.000123775
0.0529833
0.0391171
0.594832
0.281012
0.228833
0.242902
0.8444
0.0358068
0.186506
0.472664
0.629672
0.608316
0.0544783
0.00993729
0.456817
0.000528956
0.393132
0.472779
0.0894496
0.30634
0.144548
0.396426
0.293137
0.387097
0.157911
0.536906
0.128992
0.0201048
0.28801
0.57965
0.295
0.519803
0.00333595
0.000678826
0.275344
0.0914396
0.299044
0.000998321
0.0493335
0.241637
0.219433
0.524117
0.659177
0.323662
0.606286
0.479503
0.00561387
0.0048661
0.601056
0.0630309
0.0111953
0.740565
0.0242308
0.0161998
0.00106621
0.500712
0.000872916
0.670443
0.150877
0.0700997
0.545865
0.197825
0.575648
0.000993078
0.00198023
0.0176186
0.0429967
0.178301
0.523164
0.00896449
0.110785
0.23249
3.27392e-05
0.610486
0.302045
0.208137
0.429824
0.817474
0.294849
0.00214783
0.425221
0.0284112
0.000836889
0.0135708
0.569546
0.7573
0.682281
0.324319
0.657738
0.331248
0.0908894
0.433356
0.441783
0.503007
0.38612
0.115491
0.0431853
0.0169989
0.160178
0.0429671
0.430965
0.287535
0.000930381
0.515542
0.247545
0.00109076
0.0173191
0.0180137
0.589858
0.102511
0.27833
0.308885
0.176228
0.0201182
0.366599
0.628997
0.229341
0.2884
0.0457604
0.0954969
0.242933
0.661393
0.00862689
0.204925
0.704697
0.771525
0.0106325
0.00260726
0.301927
0.300026
0.019061
0.149879
0.0267223
0.269677
0.369746
0.045381
0.206135
0.294651
0.415558
0.0483216
0.00189484
0.0207205
0.369659
0.256465
0.881466
0.039964
0.0114927
0.017383
0.173815
0.634017
0.436448
0.0460111
0.358116
0.068956
2.01321e-05
0.322331
0.446442
0.139425
0.244208
0.889562
0.0154928
0.209446
0.268842
0.00669287
0.00953512
0.157787
0.353384
0.0286842
0.216389
0.0136199
0.101441
0.579494
0.0003224
0.520203
0.105443
0.0367281
0.0200995
0.0216196
0.00353772
0.722201
0.0062934
0.373045
0.0743292
0.399318
0.740923
0.0915023
0.315408
0.00337504
0.270941
0.303553
0.0115647
0.078276
0.133932
0.358164
0.0497335
0.1006
0.00376895
0.215945
0.00488382
0.348212
0.000524423
0.0709666
0.333325
0.310809
0.507626
0.536015
0.611812
0.651842
0.100692
0.366018
0.151151
0.426448
0.0196511
0.509115
0.0797067
0.00500731
0.319194
0.452096
0.0811969
0.694315
0.267123
0.00400696
0.0869124
0.00871293
0.00446175
0.144131
0.20518
0.616781
0.0475932
0.37103
0.677374
0.215267
0.17889
0.0303239
0.506854
0.185345
0.0142577
0.738082
0.0471444
0.0420295
0.314211
0.0518386
0.109684
0.26528
0.0696066
0.816688
0.0300469
0.0533958
0.502721
0.127983
0.454923
0.21116
0.00998423
0.0670214
0.0937786
0.318162
0.516749
0.48783
0.505178
0.224788
0.793942
0.522809
0.148007
0.445786
0.00318674
0.420597
0.324776
0.28619
0.606461
0.411525
0.0739513
0.547687
0.267357
0.034672
0.608738
0.378465
0.675106
0.201142
0.806811
0.362067
0.0464588
0.124414
0.456687
0.0129016
0.248805
1.98786e-05
0.172774
0.0768783
0.124568
0.000369865
0.69869
0.000945943
0.450309
0.326883
0.014261
0.0085494
0.357715
0.315391
0.212606
0.0106808
0.179878
0.00102281
0.481333
0.00945826
0.474174
0.0808382
0.262754
0.615177
0.451412
0.275615
0.494999
0.337843
0.000329734
0.0107269
0.49722
0.411813
0.282729
0.431949
0.399451
0.42678
0.074245
0.0327738
0.536431
0.575498
0.49436
0.0107231
0.334304
0.175144
0.193536
0.387057
0.115526
0.623453
0.512357
0.129861
0.674283
0.29552
0.16578
0.33822
0.555003
0.443112
0.486351
0.19396
0.281137
0.0881885
0.346347
0.129135
0.0846108
0.0282862
0.534492
0.0280923
0.139404
0.0332747
0.00468941
0.797723
0.166283
0.463726
0.0741927
0.154723
0.467403
0.689619
0.280386
0.00973267
0.0439307
7.94992e-05
0.311602
0.0667189
0.0103511
0.47738
0.0446763
0.00919496
0.379215
0.0151029
0.283928
3.23119e-06
0.0586914
0.0764393
0.200597
0.121459
0.237285
0.248024
0.310012
0.0996478
0.560023
0.277652
0.00408903
0.00220563
0.49023
0.362122
0.424488
0.0523988
0.425072
9.75639e-05
0.247578
0.780085
0.240019
0.00132364
0.0871244
0.00634599
0.00558501
0.556069
0.234148
0.390886
0.212245
0.300989
0.421796
0.264608
0.145047
0.0845863
0.0641039
0.241851
0.247097
0.432651
0.440833
0.00831699
0.00182008
0.0590326
0.201147
0.418289
0.0706931
0.237498
0.0217196
0.146448
0.124211
0.23216
0.0272164
0.0631748
0.268268
0.00827406
0.00148141
0.559538
0.00252786
0.216534
0.093574
0.0368812
0.00140205
0.450751
0.119265
0.133347
0.498685
0.256649
0.0835479
0.0940082
0.0653625
4.98124e-05
0.0254973
0.00396917
0.209394
0.356587
0.225345
0.126284
0.284715
0.0715504
0.412939
0.162823
0.0294421
0.046937
0.000102741
0.578724
0.0343228
0.0732173
0.113187
0.183614
0.290321
0.202874
0.305565
0.519994
0.014138
0.00114073
0.830226
0.344308
0.138419
0.328206
0.87182
0.776263
0.255165
0.560984
0.0720815
0.000535188
0.0172845
0.286194
0.617768
0.0463632
0.249346
0.45718
0.584231
0.0021005
0.0921073
0.0312829
0.712365
0.547216
0.0320734
5.91577e-05
0.174776
0.0821585
0.0698824
0.428552
0.406414
0.211608
0.309637
0.239026
0.441882
0.283133
0.691255
0.0755363
0.251096
0.127512
0.000593441
0.653498
0.212635
0.106899
0.00589914
0.0101487
0.53952
0.498608
0.0307354
0.000303838
0.598624
0.00567233
0.150859
0.27523
0.590913
0.0304844
0.0349658
0.259582
0.175837
0.43696
0.475227
0.0132641
0.0153775
0.00046072
0.620265
0.0934838
0.176495
0.00787312
0.489395
0.505764
0.0134849
0.633504
0.18122
0.00494077
0.425157
0.00509231
0.178296
0.177929
0.301533
0.0238272
0.16869
0.000901908
0.0131049
0.305139
0.0156292
0.027066
0.43897
0.55927
0.478915
0.254748
0.0461325
0.609123
0.369009
0.00195993
0.16307
0.136064
0.0119674
0.0855073
0.6961
0.448963
0.153696
0.528622
0.0823836
0.245218
0.00179626
0.832968
0.0640683
0.00662808
0.200465
0.00970267
0.294428
0.311869
0.00844407
0.0012751
0.400539
0.00309511
0.10666
0.616858
0.0205918
0.355608
0.00337534
0.00403174
0.383595
0.00833864
0.00120779
0.661606
0.307182
0.0389134
0.131798
0.00226346
0.348778
0.283983
0.218827
0.254514
0.0175311
0.543483
0.340438
0.263305
0.500992
0.214921
0.581678
0.383998
0.661314
0.275286
0.01268
0.159417
0.138429
0.0681834
0.177761
0.662507
7.11714e-05
0.12825
0.0857641
0.000391439
0.028573
0.474107
0.265002
0.000138029
0.0422767
0.137277
0.473811
0.0108366
0.0898885
0.0332614
0.300602
0.610706
0.249853
0.0439721
0.624593
0.0316189
0.0430976
0.534335
0.428765
0.00272219
0.517222
0.408146
0.464688
0.00145715
0.377191
0.245344
0.189586
0.113016
0.75696
0.295758
0.374188
0.0105713
0.0944707
0.23895
0.119823
0.0267912
0.402807
0.304672
0.110696
0.28172
0.166045
0.170631
0.00153362
0.167485
0.324465
0.0072542
1.90335e-05
0.0711363
0.0240324
0.133591
0.506983
0.434519
0.150243
0.599095
0.493072
0.00119581
0.0523967
0.0638273
0.0625666
0.50946
0.596545
0.42132
0.0858404
0.132943
0.158188
0.14856
0.243321
0.344534
0.0144248
0.00548456
0.00894561
0.00298188
0.435431
0.549817
5.76024e-06
0.00653494
0.0434367
0.4684
0.131496
0.0248612
0.0269415
0.0543521
0.150806
0.192729
0.543177
0.288369
0.779635
0.627938
0.598666
0.146433
0.0507708
0.895664
0.237966
0.346816
0.0401276
0.305104
0.497266
0.569013
0.421738
0.0379683
0.0852647
0.00107639
0.329667
0.013036
0.542403
0.0818744
0.0102266
0.138958
0.338614
0.0411965
0.384874
0.0289425
0.0085337
0.08203
0.302556
0.558807
0.315682
0.636683
0.338875
0.068422
0.414275
0.537521
0.404787
0.810601
0.236784
0.0157768
0.0123576
0.0727552
0.00339338
0.0214321
0.0256525
0.326988
0.0617055
0.0131737
0.291012
0.301174
0.504148
0.392622
0.00188274
0.212627
3.70691e-06
0.514507
0.515503
0.150045
0.531553
0.138458
0.000209809
0.300592
0.227276
0.00190748
0.415829
0.00201213
0.00046571
0.522249
0.0781867
0.0551085
0.117181
0.0536739
0.000839814
0.212409
0.212336
0.575618
0.00655473
0.021826
0.319272
0.628235
0.275563
0.00696506
0.11716
0.0157256
0.455327
0.0276375
0.0659883
0.583698
0.327198
0.171889
0.111506
0.000671544
0.0423957
0.0366224
0.539796
0.0826596
0.693655
0.0276379
0.422947
0.00214837
0.00086121
0.765566
0.653726
0.0361028
0.567743
0.0519759
0.153338
0.136554
0.117129
0.368194
0.117623
0.37962
0.261831
0.387742
0.407604
0.332387
0.0852255
0.0411522
0.181562
0.0128876
0.24154
0.749303
0.0131096
0.0421348
0.754049
0.183852
0.267007
0.0337259
0.00235205
0.674945
0.559729
0.417746
0.451148
0.176184
0.296486
0.183119
0.593761
0.143667
0.527009
0.710358
0.252755
0.593895
0.00592266
0.388921
0.029932
0.361274
0.298766
0.0298174
0.891604
0.447927
0.573269
0.035136
0.0194297
0.458177
0.10104
0.169791
9.09164e-05
0.117673
0.332966
0.0349234
0.0441168
0.00537627
0.251231
0.0776098
0.198544
0.259034
0.49775
0.365468
0.000874779
0.460956
0.368264
0.26389
0.511422
0.266187
0.212984
0.316865
0.00617805
0.526267
0.0178919
0.00422133
0.0938436
0.229658
0.622122
0.595098
0.000281342
0.580793
0.359451
0.484854
0.459792
0.000550918
0.512529
0.022027
0.511626
0.0179325
0.0302974
0.35445
0.436539
0.142542
0.202893
0.00784164
0.36494
0.76652
0.15368
0.435314
0.0525513
0.313914
0.0312515
0.240733
0.00169381
0.0047947
0.134967
0.419689
0.458571
0.0213086
0.326062
0.00161554
0.000349691
0.000755291
0.373558
0.00549172
0.16096
0.462051
0.145339
0.324983
0.678534
0.00187032
0.711984
0.675029
0.186405
0.000694339
0.300455
0.0435044
0.600701
0.256319
0.623929
0.000366857
0.139901
0.00353845
0.582067
0.275786
0.0723805
0.611974
0.301299
0.0342748
0.168203
0.482518
0.0761316
0.395082
0.592613
0.375494
0.455665
0.0520614
0.103244
0.18727
0.00131117
0.305997
0.366134
0.212498
0.318476
0.0808426
0.000122623
0.0672003
0.109287
0.152814
0.0708685
0.642301
0.430254
0.0827545
0.460223
0.356503
0.53866
0.0217655
0.715183
0.284439
0.340353
0.346799
0.104229
0.443276
0.323631
0.34774
0.00387151
0.0841673
0.000352838
0.0415167
0.228421
0.372141
0.824897
0.211303
0.703039
0.0377804
0.613487
0.447153
0.276599
0.0603974
0.510011
0.00259204
0.155886
0.469766
0.142834
0.277238
0.685157
0.314467
3.31252e-06
0.135461
0.0321941
0.672318
3.68223e-05
0.00225993
0.30203
0.000249779
0.422802
0.609515
0.150798
0.000379817
0.224908
0.396331
0.339526
0.549662
0.261193
0.69566
0.272491
0.053869
0.0244428
0.438592
0.398782
0.0331607
0.317907
0.145711
2.32533e-05
0.579662
2.08222e-05
0.286746
0.0130632
0.449869
0.0458567
0.14734
0.427946
0.275825
0.581742
0.041088
0.273486
0.259461
0.212097
0.138547
0.23158
0.260507
0.439332
0.0432894
0.624455
0.164186
0.382238
0.418784
0.329484
0.412888
0.00463876
0.829708
0.0831403
0.402836
0.428537
0.234253
0.00453881
0.733348
0.772618
0.00142522
0.00126097
0.0365238
0.0543027
0.396762
0.285664
0.32172
0.217087
0.617251
0.0810057
0.00868523
0.13304
0.124519
0.361008
0.124972
0.175453
0.0201838
0.471054
0.092292
0.703349
0.328479
0.728352
0.863297
0.517156
0.368156
0.439915
0.151765
0.0642255
0.398273
0.119345
0.0118101
0.281265
0.154182
0.28375
0.285318
0.313204
0.288991
0.624951
0.081959
0.23156
0.478623
0.275692
0.28367
0.309995
0.000633994
0.351189
0.185815
0.0189276
0.0866379
0.657094
0.174065
0.0257392
0.374666
0.6519
0.000272996
0.252792
0.811373
0.0208965
0.315419
0.626078
0.424077
0.0789583
0.487517
0.462973
0.0155181
0.0308002
0.255529
0.529657
0.367191
0.143865
0.531699
0.000104121
0.0974832
0.461334
0.130932
0.436909
0.267621
0.317233
0.100558
0.26079
0.502646
0.490636
0.00183006
0.606151
0.0173533
0.00016965
0.476314
0.617288
0.499751
0.0197892
0.0639013
0.00658891
0.152167
0.484179
0.35547
0.488607
0.411626
0.458407
0.00332758
0.130462
0.301778
0.205728
0.265619
0.280461
0.396856
0.051717
0.551246
0.246031
0.0293372
0.00107962
0.0214028
0.648291
0.239417
0.176746
0.441613
0.118564
0.306688
0.0854433
0.220636
0.635265
0.822298
0.336913
0.00748976
0.260548
0.0815203
0.695842
0.27128
0.490322
0.546612
0.000385804
0.614617
0.0187604
0.117874
0.698398
0.281066
0.00453099
0.237579
0.0813173
0.453156
0.534698
0.539742
0.356201
0.386655
0.539208
0.00433214
8.8859e-06
0.0270251
0.297595
0.00217863
0.000853129
0.682791
0.64597
0.380611
0.227736
0.354342
0.671257
0.42344
0.16494
0.56601
0.354044
0.529263
0.0712223
0.364769
0.00100848
0.510447
0.010729
0.571847
0.00732231
0.23503
0.0189366
0.217752
0.0448724
0.246029
0.0508331
0.000266732
0.0671955
0.00157045
0.431654
0.286717
0.299044
9.37598e-05
0.000293731
0.740278
0.709139
0.00555164
0.382855
0.304823
0.292412
0.209164
0.0234919
0.677759
0.237975
0.061062
0.441744
0.322734
0.378022
0.0463392
0.194319
0.389186
0.00415533
0.540254
0.0515756
0.00807924
0.0791731
0.14312
0.0046042
0.300348
0.408795
0.0461062
0.630716
0.325021
0.452085
0.217585
0.0639034
0.186966
0.636291
0.245118
0.528781
0.0279783
0.307628
0.0073736
0.361191
0.507564
0.00587446
0.0479073
0.0201016
0.429611
0.827303
0.0956417
0.335701
0.753568
0.00738208
0.000423321
0.434234
0.0107014
0.0788052
0.00679384
0.387312
0.00626717
0.756821
0.316283
0.344309
0.0414127
0.000873224
0.498628
0.16018
0.00582623
0.678168
0.129517
0.350842
0.0753782
0.0958221
0.166026
0.000142424
0.0477762
0.453464
0.103868
0.0166733
0.214337
0.0249688
0.0351572
0.469447
0.00639821
0.0406819
0.441406
0.359041
0.688996
0.0191867
0.370597
0.16666
0.280931
0.24418
0.228632
0.0794482
0.0745727
0.623894
0.000298339
0.593685
0.129585
0.0204405
0.0227334
0.170427
0.417858
0.37439
0.62399
0.0343387
0.0303199
0.00505111
0.478176
0.00798731
0.74631
0.0331758
0.0437519
0.252188
0.109945
0.331759
0.301188
0.17239
0.0144889
0.341897
0.201413
0.0766399
0.030872
0.39814
0.21121
0.136543
0.346304
0.349052
0.212073
0.00264665
0.000165085
0.599072
0.127235
0.536306
0.199839
0.0275539
0.00780143
0.287809
0.360765
0.409438
0.00915831
0.465389
0.0297305
0.143598
0.331558
0.014781
0.00014337
0.499758
0.00484369
0.0448746
0.249478
0.238014
0.0238353
0.00272607
0.660373
0.602176
0.0498043
0.0838281
0.0561736
0.0213955
0.449433
0.0486996
0.131614
0.2709
0.425725
0.174606
0.0286343
0.538149
0.303884
0.677521
0.0260763
0.290157
0.0143216
0.216796
0.208156
0.333409
0.144617
0.429081
0.299418
0.366631
0.646796
0.0701006
0.50966
0.118759
0.0414631
0.390847
0.28023
0.481095
0.246494
0.229403
0.108561
0.413954
0.521514
0.230933
0.00782928
0.0646912
0.2513
0.00182104
0.290154
0.492894
0.0587491
0.00972961
0.0717469
0.422118
0.332548
0.472094
0.129913
0.453468
0.0833182
0.551007
0.025952
0.590726
0.00690195
0.0526229
0.449234
0.00444995
0.0012576
0.559686
0.706052
0.0140843
0.027381
0.0110531
0.120439
0.0893006
0.000296208
0.00555464
0.0467642
0.193675
0.29959
0.027587
0.356983
0.468729
0.396973
0.467396
0.00029361
0.397145
0.335706
0.461709
0.0577057
0.465498
0.907179
0.433156
0.357053
0.35296
0.241693
0.176275
0.308424
0.000331058
0.305487
0.0166311
0.613261
0.101517
0.220215
0.37136
0.0625899
0.107557
0.0803525
0.392834
0.388878
0.211357
0.47438
0.00423986
0.317457
0.494181
0.456162
0.105021
0.0363933
0.343379
0.496447
0.120272
0.00492125
0.0116921
0.550366
0.220253
0.0176516
0.00157472
0.365514
0.000817397
0.220414
0.201824
0.483735
0.693346
0.342166
0.722572
0.437144
0.189741
0.343538
0.0102125
0.15867
0.0412058
0.56928
0.113143
0.682092
0.09821
0.319096
0.183643
0.0044385
0.293128
0.390837
0.353112
0.0918207
0.64709
0.391653
0.519774
0.476925
0.00859928
0.0149748
0.25403
0.160544
0.140635
0.291356
0.0011146
0.638461
0.0247868
0.554201
0.0195304
0.431304
0.109162
0.355291
0.0376199
0.000130091
0.0154818
0.588477
0.285678
0.235113
0.185767
0.725086
0.434138
0.174204
0.323483
0.159019
0.0408959
0.030827
0.000802984
0.444574
0.0173652
0.1321
0.209449
0.393598
0.0166729
0.0759664
0.277871
0.0719919
0.144214
0.257046
0.00402009
0.140133
0.259531
0.0297255
0.0252435
0.400472
0.284998
0.119048
0.260369
0.397338
0.328713
0.496951
0.0152309
0.00189009
0.325093
0.195567
0.00550895
0.37282
0.194677
0.100894
0.0133051
0.000202707
0.105312
0.0710584
0.455644
0.0105706
0.484407
0.153916
0.397271
0.0156103
0.278692
0.0299189
0.15818
0.668609
0.134365
0.525857
0.184969
0.330135
0.71907
0.762603
0.0821631
0.053506
0.0183662
0.29322
0.0262445
0.280343
0.552017
0.743157
0.12565
0.100215
0.379867
0.317693
0.313656
0.0762724
0.313048
0.840248
0.759134
0.428745
0.136272
0.52954
0.0659405
0.325978
0.524515
0.0856095
0.0668902
0.144172
0.427232
0.0522094
0.002144
0.138531
0.550004
0.421166
0.0444476
0.683949
0.576426
0.0122784
0.379364
0.0304045
0.0930638
0.487066
0.108316
0.463453
0.788181
0.533347
0.556394
0.629975
0.373336
0.321133
0.166114
0.00444143
0.817642
0.19334
0.403077
0.319411
0.173155
0.116546
0.387994
0.00982486
0.178961
0.00315388
0.728866
0.0152551
0.187023
0.270002
0.0183554
0.0339209
0.393654
0.000173523
0.201149
0.498844
0.0120035
0.375543
0.00643207
0.0214684
0.0477561
0.0666795
0.00020792
0.0532619
0.557688
0.466821
0.274911
0.0416884
0.00182439
0.206529
0.523503
0.0291587
0.301916
0.646483
0.549445
0.100635
0.000104208
0.142189
0.32527
0.019787
0.00283807
0.544272
0.300723
0.00235926
0.601898
0.00456458
0.605021
0.444971
0.541121
0.599209
0.713979
0.00365141
0.390255
0.337166
0.540586
0.775256
0.00793888
0.161426
0.282111
0.000365918
0.184261
0.568746
0.0716455
0.0437969
0.00854746
0.403895
0.655192
0.366234
0.28587
0.638132
0.0689453
0.175309
0.555324
0.579547
0.00226524
0.407174
0.00586466
0.186666
0.000251421
0.518166
0.16738
0.350767
0.187827
0.0447443
0.00882542
0.232894
0.0138487
0.259188
0.0896521
0.127171
0.630581
0.18676
0.615173
0.00761233
0.325047
0.465832
0.589418
0.506479
0.432758
0.273938
0.0230624
0.0209988
0.132263
0.536515
0.00184731
0.245566
0.000112382
0.423336
0.00702553
0.261595
0.179002
0.112125
0.0839006
0.00532265
0.356768
0.299329
0.00170031
0.181109
0.362541
0.00119708
0.0921988
0.0285874
0.709039
0.0704889
0.136054
0.292097
0.0494394
0.639874
0.353928
0.410711
0.804271
0.802965
0.000973488
0.0810686
0.0489782
0.525164
0.763758
0.0327678
0.340014
0.468847
0.301037
0.00259791
0.172078
0.33045
0.271548
0.427585
0.55242
0.607363
0.00303492
0.0586682
0.494885
0.488227
0.110339
0.0057755
0.142098
0.0510858
0.523538
0.16617
0.683084
0.0199721
0.0779324
0.0928406
0.27231
0.00749902
0.390485
0.360261
0.173949
0.573729
0.310902
0.0331602
0.300886
0.587909
0.457704
0.24503
0.0152511
0.129342
0.125398
0.0410265
0.0221416
0.324946
0.104263
0.0211008
0.00194604
0.291685
0.0494778
0.0108911
0.481784
0.0198814
0.375772
0.0395368
0.583343
0.0512576
0.225756
0.314893
0.502964
0.191772
0.00209385
0.251951
0.115746
0.114496
0.000330951
2.78283e-05
0.524897
0.165977
0.650418
0.0304897
0.327333
0.599236
0.0704455
0.259617
0.477048
0.438461
0.0647496
0.477017
0.104854
0.0370152
0.000229874
0.0296584
0.00254022
0.0360097
0.764624
0.00032803
0.148229
0.0447364
0.188725
0.24884
0.275665
0.457626
0.0974515
0.193748
0.0367919
0.305964
0.122103
0.426147
0.635243
0.118397
0.253897
0.369314
0.279076
0.0189137
0.167298
0.113018
0.29708
0.159038
0.0736901
0.174126
0.119781
0.260003
0.351068
0.0171163
0.00167955
0.510337
0.0132027
0.193751
0.282786
0.290324
0.216815
0.22176
0.287063
0.133746
0.314263
0.0183645
0.334455
0.163454
0.596386
0.3146
0.00555965
0.579929
0.0932129
0.121473
0.495982
0.42338
0.181346
0.146181
0.243372
0.16147
0.0276661
0.445008
0.30896
0.0285372
0.0965253
0.317987
0.00224301
0.113987
0.00285582
0.303452
0.250798
0.355036
0.324666
0.518341
0.141997
0.397981
0.0441782
0.0019419
4.50966e-05
0.355107
0.000225738
0.0110328
0.420577
0.178242
0.0863422
0.0643688
0.315472
0.380141
0.0709576
0.0368663
0.78857
0.374296
0.0429384
0.156971
0.484677
0.000521416
0.00700691
0.286818
0.29357
0.562561
0.746776
0.333305
0.038112
0.00492126
0.251621
0.340861
0.427656
0.365305
0.000283846
0.132641
0.596512
0.646237
0.16442
0.561302
0.708083
0.303357
0.323008
0.00967675
0.0349617
0.359052
0.185773
0.75842
0.089698
0.0139755
0.169801
0.259978
0.520967
0.0647077
0.426933
0.525871
0.766248
0.214482
0.674375
0.384863
0.000459417
0.237339
0.285762
0.160766
0.241365
0.0956964
0.0211479
0.683047
0.712088
0.297235
0.295184
0.765956
0.000813426
0.0237497
0.114633
0.453909
0.253786
0.442573
0.573316
0.391836
0.156649
0.323439
0.0328872
0.00916865
0.604586
0.313715
0.149557
0.0830322
0.00142755
0.322374
0.310568
0.0878432
0.0044233
0.528822
0.187956
0.436033
0.341558
0.0267745
0.550397
0.426786
0.504353
0.520143
0.320501
0.218538
0.233803
0.735272
0.0334455
0.307708
0.0505548
0.521724
0.347708
0.354663
0.363671
0.540733
0.00180139
0.542602
0.055879
0.58209
0.0277461
0.582714
0.306695
0.323148
0.581498
0.180972
0.185397
0.000973187
0.668864
0.448389
0.82029
0.560028
0.581215
0.173773
0.393372
0.330946
0.298628
0.117999
0.574858
0.231908
0.209463
0.313919
0.410037
0.251319
0.688885
0.391812
0.0250591
0.570891
0.0176346
0.432482
0.112808
0.559553
0.0988334
0.720638
0.124196
0.00633241
0.297938
0.061596
0.0101433
0.172645
0.400344
0.25076
0.37396
0.312489
0.304343
0.00181821
0.350271
0.0712075
0.0681055
0.0246904
0.0777539
0.035563
0.386674
0.359207
0.105823
0.0259775
0.263399
0.307535
0.60584
0.113892
0.515327
0.0802577
0.233547
0.385534
0.160409
0.717513
0.0966106
0.00023231
0.218764
0.272291
0.0122842
0.0847383
0.193839
0.223097
0.568906
0.0369419
0.632845
0.196448
0.580941
0.0207534
0.000896838
0.309237
0.327052
0.0267423
0.139008
0.00180296
0.0413538
0.367129
0.172768
0.894102
0.21523
0.0297459
0.27857
0.723729
0.179821
0.266326
0.0113105
0.524161
0.35692
0.107214
0.865175
0.142316
0.00557358
0.784064
0.290183
0.24517
0.485849
0.00826062
0.389943
0.402925
0.460208
0.267805
0.398994
0.0032151
0.0030544
0.5267
0.321629
0.203501
0.261368
0.190995
0.166136
0.331342
0.153342
0.00667589
0.141391
0.394525
0.67659
0.132833
0.0499559
0.000418314
0.724539
0.445717
0.5916
0.0111068
0.261563
0.789039
0.286763
0.201644
0.155019
0.203843
0.186975
0.296257
0.207872
0.0212736
0.048647
0.746331
0.061717
0.580003
0.18455
0.65557
0.216181
0.00309177
0.146491
0.587072
0.062734
0.00531253
0.00173902
0.303154
0.71805
0.509484
0.0544192
0.00304726
0.000531658
1.20484e-05
0.4839
0.145127
0.0377788
0.392106
0.0595935
0.251275
0.148336
0.066241
0.357929
0.711806
0.103827
0.0144611
0.0401194
0.509945
0.752342
0.313825
0.0686287
0.65579
0.340734
0.0190769
0.582252
0.175902
0.0324433
0.261532
0.701277
0.383111
0.0167192
0.36429
0.292616
0.116668
0.0871524
0.647478
0.0165685
0.167756
0.430833
0.00258548
0.0303604
0.366227
0.156896
0.0800542
0.0971235
0.731293
0.65062
0.0107432
0.601558
0.0827781
0.053897
0.275715
0.0147336
0.336979
0.0246495
0.274173
0.452169
0.00198929
0.0092209
0.00605101
0.660027
0.854755
0.477142
0.656299
0.462913
0.758487
0.666006
0.599072
0.0581135
0.113126
0.279319
0.00996602
0.10098
0.137567
0.0450903
0.573976
0.611384
0.612966
0.406903
0.00102654
0.00187686
0.41217
0.28594
0.343657
0.185775
0.138535
0.137797
0.30368
0.327202
0.00592898
0.300396
0.301165
0.263104
0.0118651
0.673817
0.00415126
0.333681
0.00743225
0.392864
0.30992
0.0376871
0.0820879
0.000390064
0.438985
0.419687
0.186013
0.269946
0.481522
0.0373709
0.429337
0.069943
0.145387
0.155151
0.485566
0.423514
0.391094
0.734954
0.0360448
0.201831
0.0215216
0.260513
0.00543205
0.20699
0.357616
0.00771429
0.0514214
0.127486
0.309305
0.215085
0.119987
0.393843
0.139993
0.0216339
0.0167215
0.0256914
0.0498513
0.793649
0.315457
0.272553
0.377583
0.0790516
0.203105
0.283979
0.00777738
0.185204
0.000405012
0.130003
0.130054
0.000687908
0.534224
0.628286
0.116335
0.312216
0.0158753
0.400961
0.395875
0.0688588
0.281196
0.477385
0.395021
0.38802
0.267039
0.695268
0.450168
0.556935
0.0125834
0.040954
8.82255e-05
0.252185
0.035595
0.27129
0.0702901
0.588488
0.0848418
0.298134
0.0515409
0.6473
0.153316
0.0133507
0.664352
0.206264
0.36915
0.0917221
0.60418
0.215818
0.323751
0.552716
0.0129981
0.00301704
0.0902127
0.511321
0.0493099
0.232286
0.0040974
0.00837105
0.30808
0.00673686
0.142123
0.684903
0.166509
0.186082
0.271342
0.620271
0.228628
0.449328
0.488752
0.0221325
0.0661656
0.014274
0.0106431
0.223814
0.00588316
0.383664
0.204912
0.482071
0.137816
0.543318
0.323354
0.02373
0.0631244
0.480328
0.0018347
0.592488
0.58999
0.283612
0.578551
0.0396192
0.0810326
0.311012
0.595034
0.138264
0.556814
0.00212411
0.00363429
0.0169029
0.42148
0.100722
0.00977924
0.403687
0.664971
0.0530703
6.57003e-05
0.299891
0.00850473
0.137504
0.265055
0.00488855
0.265532
0.29518
0.509559
0.343693
0.313862
0.0242998
0.0424354
0.224066
0.563682
0.293503
0.0524361
0.465236
0.000524598
0.0205913
0.201509
0.567638
0.271378
0.0508715
0.366473
0.00468881
0.0371753
0.115196
0.648845
0.00835629
0.0536573
0.0227744
0.586153
0.213019
0.866741
0.0796867
0.0144958
5.33918e-05
0.0887916
0.2908
0.0043275
0.370336
0.00530077
0.00232627
0.438169
0.634973
0.00604639
0.100052
0.554885
0.35534
0.0675982
0.366486
0.102623
0.00564906
0.321731
0.312203
0.0431562
0.124483
0.00425422
0.230248
0.00276568
0.0685503
0.550958
0.339196
0.415842
0.271067
0.0718489
0.0851718
0.541851
0.0842243
0.0583521
0.530392
0.0577412
0.0957259
0.397107
0.241301
0.320054
0.301052
0.00178029
0.54195
0.0089114
0.00776869
0.232314
0.162849
0.0090516
0.509064
0.181046
0.00389666
0.275667
0.160567
0.449164
0.628302
0.176976
0.0273762
0.337016
0.329064
0.0082322
0.736925
0.242344
0.363
0.437041
0.679047
3.7055e-06
0.2512
0.305051
0.448923
0.294799
0.210193
0.0272607
0.322229
0.0366573
0.68141
0.000163403
0.411603
0.63858
0.582357
2.31849e-05
0.464
0.17551
0.0448483
0.304081
0.210832
0.24725
0.485589
0.306198
0.517546
0.204802
0.233665
0.473315
0.00701469
0.152229
0.869142
0.0121514
0.597206
0.043398
0.0826864
0.441291
0.481378
0.011833
0.608644
0.0724481
0.257043
0.00224323
0.219494
0.297109
0.395615
0.0775555
0.0885618
0.105866
0.303281
0.480533
0.0219378
5.06467e-05
0.619974
0.348381
0.445603
0.4281
0.463315
0.542342
0.0679771
0.347986
0.0211715
0.208183
0.0915823
2.38585e-05
0.00070754
0.00866467
0.437864
0.0535722
0.148241
0.0370556
0.299926
0.133404
0.0140515
0.000765267
0.054884
0.477884
0.462283
0.192983
0.0213751
0.000536174
0.884132
0.339934
0.242819
0.0947507
0.01117
0.0369331
0.385531
0.175333
0.247259
0.447588
0.030395
0.298933
0.0479453
0.00946222
9.9911e-05
0.00105894
0.0608528
0.00392959
0.538892
0.692492
0.024808
0.108018
4.44096e-05
0.495022
0.334491
0.116315
0.419385
0.487342
0.0326941
0.461659
0.251447
0.259511
0.0117126
0.00911873
0.313517
0.427997
0.00077852
0.186847
0.17774
0.0722979
0.151262
0.717504
0.00892952
0.217156
0.0149116
0.0819152
0.616612
0.155493
0.0106861
0.103112
7.68389e-05
0.537668
0.497338
0.735664
0.350689
0.303959
0.00806261
0.183595
0.00439935
0.311283
0.0536992
0.20095
0.000833356
0.580245
0.209267
0.0644706
0.511631
0.00100824
5.61688e-05
0.00283303
0.215798
0.137775
0.00696943
0.453432
0.0354619
0.27223
0.00604368
0.254928
0.0252917
0.530216
0.076875
0.163003
0.510738
0.0894177
0.241896
0.637745
0.281733
0.00752701
0.106903
0.490712
0.531462
0.53084
0.263668
0.29792
0.354105
0.330383
0.0666086
0.0198241
0.000220686
0.0553995
0.0264363
0.0077524
0.249346
0.188677
0.00916533
0.244341
0.630019
0.0115856
0.393401
0.000632226
0.0448809
0.0568571
0.297661
0.267088
0.361548
0.352996
0.121935
0.033083
0.601476
0.427394
0.76561
0.280239
0.106812
0.26923
0.462519
0.0508153
0.129172
0.643741
0.11155
0.359992
0.0510362
0.00503341
0.0282798
0.667188
0.0757743
0.00534532
0.471294
0.0937903
0.529876
0.0369979
0.0551915
0.13482
0.383168
0.0839106
0.116462
0.220188
0.613729
0.349863
0.501975
0.0180496
0.177421
0.615008
0.249577
0.0117746
5.93144e-05
0.288438
0.0120147
0.369016
0.00011384
0.323992
0.270254
0.0184955
0.566299
0.148711
0.616713
0.0139374
0.148152
0.119986
0.0688865
0.00877978
0.0316532
0.521653
0.0380766
0.689296
0.00199911
4.05455e-05
0.461626
0.00344892
0.00442272
0.58775
0.0399067
0.37759
0.0324233
0.179189
0.0369275
0.616768
0.174114
0.320738
0.286902
0.121664
0.751993
0.635557
0.324856
0.631238
0.696791
0.0301184
0.0151256
0.00069566
0.276821
0.398498
0.00498366
0.00135516
0.444961
0.00436614
0.0274226
0.590469
0.585076
0.0864358
0.694947
0.290034
0.119316
0.00478175
0.127369
0.403463
0.331066
0.62212
0.232541
0.750351
0.239505
0.134199
0.416066
0.398062
0.0910527
0.0905666
0.118739
0.368942
0.335991
0.523502
0.200663
0.137307
0.279748
0.687111
0.346323
0.00391195
3.07606e-05
0.0832029
0.346404
0.01386
0.49019
0.388839
0.0998746
0.00174728
0.140295
0.512944
0.0550384
0.00064549
0.343261
0.00700752
0.31964
0.757051
0.22658
0.353115
0.38354
0.851563
0.000825918
0.636784
0.027758
0.416844
0.419181
0.0824133
0.175048
0.344912
0.357431
0.113255
0.286576
0.528937
0.240037
0.45814
0.0839669
0.262756
0.276692
0.22988
0.116991
0.486795
0.228869
0.668258
0.000858179
0.351528
0.20787
0.10172
0.0140914
0.255085
0.0114734
0.00245449
0.0151864
0.221973
0.0757347
0.377725
0.0320868
0.377023
0.048108
0.00596348
0.157228
0.185006
0.259644
0.0625356
0.00303397
0.535973
0.589149
0.474248
0.00446004
0.0484065
0.24253
0.729235
0.34058
0.0407806
8.48597e-05
0.383033
0.00727078
0.00186477
0.00720959
0.0621442
0.297463
0.0144496
0.0118018
0.0351079
0.0101456
0.00136036
0.0783535
0.398163
0.00815223
0.0152753
0.820544
0.234484
0.349243
0.240812
0.320369
0.167947
0.0714904
0.199237
0.598625
0.167004
0.0419537
0.304791
0.0170563
0.303692
0.365023
0.466119
0.0174853
0.328342
0.538184
0.231177
0.432604
0.576109
0.00232792
0.0398778
0.108905
0.0659441
0.424909
0.0386294
0.439313
0.00993885
0.26808
0.585938
0.0126175
0.123513
0.000665284
0.00517183
0.1382
0.387908
0.451568
0.425476
0.293924
0.134106
0.114526
0.68901
0.0131232
0.377216
0.285804
0.0109663
0.189175
0.0148515
0.443934
0.560105
0.0107147
0.421003
0.176379
0.106415
0.306222
0.0789427
0.242176
0.583144
0.103333
0.310594
0.132445
0.0104257
0.0702919
0.0426343
0.571718
0.116017
0.649335
0.756816
0.288134
0.879522
0.303472
0.146536
0.620063
0.24764
0.00420193
0.0875299
0.0122201
0.716346
0.00293487
0.858871
0.0268127
0.234097
0.0319587
0.174694
0.392715
0.00487691
0.219459
0.0230032
0.00133113
0.67614
0.00125303
0.057727
7.35362e-06
0.137625
0.334582
0.415799
0.0953043
0.308487
0.188144
0.225209
0.0069042
0.00115576
0.361937
0.276897
0.020621
0.590543
3.77779e-05
0.256278
0.489745
0.000117273
0.746071
0.259828
0.331456
0.0755534
0.157706
0.431332
0.0913982
0.227307
0.317119
0.121359
0.504542
0.0154842
0.251496
0.000248216
0.158726
0.0420797
0.000661718
0.42412
0.00632961
0.241471
0.0157024
0.0447953
0.191358
0.189955
0.567172
0.365771
0.0807421
0.642795
0.186914
0.040306
0.679342
0.0873762
0.649398
0.0031434
0.226452
0.0285395
0.0869206
0.256881
0.313235
0.196995
0.0475134
0.66795
0.621568
0.74843
0.029753
0.488525
0.291948
0.344285
0.249583
0.00448347
0.00311007
0.205422
0.0782161
0.0543963
0.181673
0.0603152
0.389185
0.00330871
0.0483124
0.0472477
0.171591
0.431708
0.239306
0.000409978
0.000336927
0.205469
0.00259503
0.0722252
0.0249498
0.0329547
0.499038
0.42426
0.00162573
0.187478
0.782059
0.310201
0.314584
0.115886
0.000174226
0.270373
0.494137
0.270351
0.0853699
0.249385
0.0428089
0.00928216
0.18969
0.386835
0.0765713
0.448904
0.00609248
0.00141399
0.299286
0.389858
0.099266
9.76812e-06
0.342757
0.239858
0.215976
9.75315e-06
0.139484
0.0505824
0.00199667
0.459575
0.0211605
0.314451
0.603583
0.115445
0.478806
0.0921373
0.020443
0.262985
0.543068
0.595166
0.227778
0.530392
0.186434
0.712184
0.000884622
0.113145
0.0343937
1.31304e-05
0.109289
0.0268353
0.231198
0.317595
0.867891
0.00100461
0.072848
0.340113
0.736401
0.0539986
0.205218
0.457071
0.0748921
0.819982
0.043732
0.324775
0.428595
0.286213
0.386942
0.702928
0.259508
0.0265163
0.460942
0.473066
0.0208925
0.682637
0.0166357
0.0818954
0.196961
0.0439997
0.2905
0.0801221
0.182377
0.448838
0.363492
0.00338111
0.00314921
0.0379203
0.212662
0.0550634
0.000147771
0.159185
0.183388
0.294024
0.284373
0.0598313
0.134027
0.103011
0.0020093
0.373354
0.137646
0.514944
0.613013
0.385933
0.830643
0.000150197
0.253091
0.601682
0.298579
0.593453
0.509629
0.612839
0.0595633
0.190763
0.256329
0.12459
0.477931
0.456199
0.266678
0.252553
0.661162
0.470066
0.770785
0.552794
0.200761
0.305258
0.0452916
0.275632
0.0537207
0.00138475
0.634951
0.0444334
0.0391637
0.713389
0.0860881
0.345687
0.00402725
0.0142174
0.0623069
0.295018
0.317661
0.201114
0.362946
0.772865
0.0182897
0.28071
0.374683
0.100355
0.69976
0.0529505
0.46404
0.264014
0.0122577
0.51682
0.557199
0.0624116
0.000504164
0.0281297
5.3809e-05
0.0915893
0.613948
0.102695
0.187015
0.194708
0.142019
0.163919
0.164208
0.172954
0.410608
0.426345
0.119904
0.0649548
0.0239662
0.0453594
0.304638
0.324475
0.0461309
0.514762
0.155073
0.115025
0.192956
0.0406899
0.265439
0.397286
0.344261
0.389152
0.217473
0.401675
0.00320347
0.751033
0.550922
0.0591027
2.43402e-05
0.572005
0.424088
0.17227
0.456352
0.180807
0.270841
0.16356
0.115476
0.228408
0.0124932
0.0287261
0.0028062
0.530188
0.403508
0.268952
0.577801
0.463281
0.0346961
0.493234
0.485622
0.221332
0.107952
0.000393729
0.00292705
0.0102948
0.528786
0.0624402
0.0569188
0.075655
0.569407
0.575815
0.474666
0.593453
0.459146
0.227296
0.00332327
0.314173
0.0762089
0.462972
0.00324293
0.374318
0.533533
0.861398
0.618571
0.0229416
0.249997
0.666363
0.0960068
0.154573
0.136807
0.51803
0.300595
0.000181409
0.357543
0.284622
0.0936349
0.333299
0.398761
0.0286949
0.810948
0.329743
0.55889
0.582332
0.356397
0.337462
0.00743015
0.0831244
0.34394
0.00144675
0.0241446
0.0438651
0.304862
0.373025
0.142423
0.774879
0.347639
0.238222
0.0164895
0.667169
0.00205026
0.429315
0.142031
0.291709
0.186648
0.00198724
0.650266
0.0309016
0.000485843
0.677085
0.281196
0.282679
0.0781952
0.117558
0.19525
0.221216
0.704338
0.160334
0.372129
0.595203
0.350909
0.0636764
0.0173734
0.358431
0.429875
0.0001194
0.116591
0.584776
0.372812
0.00463747
0.409083
0.414041
0.0425874
0.0867953
0.276283
0.169598
0.268969
0.458531
0.00469273
0.160812
0.0712165
0.519124
0.304899
0.168618
0.00998944
0.653434
0.136697
0.286531
0.638713
0.396896
0.232191
0.040697
0.476968
0.302395
0.00570478
0.0190605
0.218082
0.203381
0.489936
0.378851
0.00262593
0.239578
0.574099
0.738204
0.346536
0.0143231
0.385287
0.0859532
0.385809
0.0423013
0.0518005
0.750874
0.691682
0.348999
0.251196
0.0200724
0.758754
0.528011
0.894612
0.274734
0.606164
0.220315
0.000920038
0.612185
0.515021
0.124509
0.390414
0.392068
6.57699e-05
0.22416
0.0228175
0.00324496
0.548404
0.0260562
0.0569418
0.510056
0.124652
0.288517
0.135709
0.544049
0.408287
0.00329752
0.430391
0.0036837
0.38742
0.386133
0.450729
0.00700614
0.00311422
0.0298654
0.0366089
0.29583
0.369945
0.0434215
0.0558637
0.0877956
0.409005
0.278786
0.0144156
0.211164
0.000163429
0.00487901
0.219922
0.406984
0.051542
0.000312264
0.797505
0.36082
0.000225667
0.0145761
0.073374
0.196933
0.234666
0.609478
0.141878
0.000324576
0.448122
0.663668
0.622532
0.339315
0.2958
0.092793
0.474911
0.28947
0.226091
0.194043
0.2238
0.0191109
0.545737
0.0302698
0.00354856
0.252561
0.336793
0.0775232
0.200563
0.159801
0.372342
0.187354
0.0110936
0.0692986
0.115858
0.195263
0.476582
0.31698
0.17395
0.0823312
0.444298
0.0111735
0.2668
0.4152
0.428722
0.315735
0.0736342
0.527989
0.0314381
0.039307
0.587632
0.271335
0.620556
0.426963
0.0138658
0.071808
0.0116146
0.0586855
0.0894055
0.399887
1.23982e-05
0.063785
0.000164413
0.368624
0.00488727
0.259507
0.460653
0.202914
0.366214
0.671354
0.0230306
0.517382
0.413999
0.433074
0.410249
0.0226021
0.325236
0.405532
0.50495
0.345414
0.261077
0.229196
0.157553
0.810336
0.822257
0.422222
0.311889
0.00588224
0.0319022
0.251406
0.186535
0.462937
0.026992
0.426284
0.0755725
0.119142
0.0595411
0.316447
0.0763144
0.4925
0.505416
0.342801
0.301184
0.178407
0.446211
0.901241
0.0997518
0.10729
0.0705727
0.0089767
0.667696
0.419842
0.358813
0.173765
0.291062
0.135581
0.514361
0.106251
0.564152
0.00153245
0.0203588
0.00308749
0.0243463
0.033488
0.398247
0.000565342
0.165881
0.450727
0.52233
0.00101691
0.303802
0.428928
0.682348
0.0104721
0.273012
0.630092
0.327983
0.231438
0.299561
0.380144
0.0524995
0.169583
0.238694
0.508506
0.0091658
0.335823
0.117858
0.348982
0.188492
0.404615
0.0494932
0.014463
0.0193444
0.0553929
0.024765
0.000769298
0.606681
0.0365706
0.107251
0.00766947
0.135227
0.07427
0.0140819
0.322997
0.367497
0.0181404
0.0323053
0.50981
0.00180268
0.415973
0.00232263
0.721946
0.267966
0.408283
0.338083
0.040115
0.0475059
0.185973
0.000428936
0.159178
0.0226526
0.8483
0.341396
0.137548
0.327941
0.741234
0.529475
0.200222
0.00833618
0.00725289
0.000943296
0.0446548
0.731391
0.00198948
0.871454
0.609419
7.23792e-06
0.347143
0.665173
0.365881
0.757423
0.0635374
0.274411
0.207275
0.00351495
0.247882
0.636954
0.732691
0.0999467
0.000375623
0.0659869
0.000114325
0.0972247
0.0137632
0.004323
0.201653
0.419431
0.1101
0.673252
0.00702221
0.780344
0.385534
0.00594261
0.216576
0.22477
0.414412
0.733743
0.717628
0.396294
0.0197056
0.0333868
0.419398
0.437931
0.0460071
0.0878386
0.624446
0.198176
0.070023
0.335689
0.268036
0.0910957
0.0148075
0.061635
0.172794
0.0119488
0.198902
0.467782
0.188818
0.0509888
0.10765
0.0211786
0.152422
0.00885278
0.363135
0.532095
0.0909688
0.225608
0.157792
0.133533
0.486662
0.514766
0.0516324
0.0827326
0.00403987
0.501771
0.00112845
0.162618
0.247712
0.273599
0.537713
0.29961
0.188483
0.239158
0.474093
0.275047
0.0503696
0.485715
0.32385
0.40111
0.2514
0.21689
0.142453
0.000224939
0.539744
0.0972095
0.272593
0.644546
0.312035
0.236679
0.117915
0.665388
0.352735
0.328784
0.319554
0.701239
0.266168
0.266218
0.434358
0.114536
0.43996
0.0384037
0.503297
0.197976
0.160934
0.691032
0.000120124
0.316527
0.0219865
0.118299
0.200794
0.658341
0.115122
0.471591
0.182314
0.0032752
0.20537
0.560374
0.000344729
0.359094
0.0335481
0.302491
0.642036
0.0149522
0.00022622
0.336904
0.196852
0.00835238
0.0226898
0.0488731
0.0775559
0.303808
0.180289
0.329391
0.354946
0.253014
0.0598131
0.0369011
0.0320399
0.502921
0.437155
0.265747
0.0360769
0.399765
0.000438529
0.133301
0.315732
0.492644
0.192029
0.721058
0.486101
0.56458
0.0719065
0.501136
0.00133246
0.196261
0.270365
0.378275
0.0136086
0.0006849
0.435632
0.218358
0.00214311
0.00183272
4.90141e-05
0.369156
0.528819
0.357468
0.00680097
0.150775
0.753824
0.515602
0.488178
0.241444
0.643346
0.302592
0.145977
0.306369
0.474416
0.209187
0.328018
0.0357048
0.0485166
0.326772
0.323452
0.0251186
0.276527
0.223811
0.281155
0.126927
0.131671
0.417641
0.00596049
0.048562
0.165852
0.0571912
0.891525
0.536432
0.48309
0.73939
0.346289
0.205726
0.689429
0.0400463
0.125195
0.00266791
0.159157
0.0179724
0.019678
0.579682
0.643346
0.185385
0.228926
0.223036
0.419267
0.194164
0.299242
0.306319
0.88007
0.0648299
0.780344
0.202989
0.298545
0.338058
0.329595
0.0663175
0.214939
0.342563
0.00381837
0.000219626
0.267633
0.000765271
0.275184
0.0429878
0.643446
0.246978
0.309358
0.000176615
0.461993
0.00404586
0.300983
0.00513268
0.0149695
0.299515
0.00742999
0.00402506
0.0449727
0.00676971
0.260389
0.491583
0.30839
0.0436391
0.173291
0.128005
0.62403
0.189288
0.00425831
0.453895
0.176258
0.375924
0.0276307
0.0326094
0.0182276
0.000387217
0.487797
0.136616
0.00101968
0.334376
0.0975489
0.0681839
0.193894
0.311848
0.193499
0.00144886
0.23987
0.00113471
0.714167
0.487775
0.416289
0.00317878
0.174678
0.282301
0.346884
0.084963
0.338423
0.308376
0.0196075
0.0418129
0.0189904
0.168543
0.184463
0.768797
0.272868
0.202985
0.012493
0.663151
0.177781
0.18197
0.00130496
0.206422
0.0565638
0.0198368
0.0363776
0.468839
0.198514
0.0227517
0.0323505
0.143565
0.0201513
0.0851234
0.000674152
0.146794
0.00369042
0.0403316
0.278896
0.340154
0.441263
0.00237121
0.0293129
0.108991
0.210616
0.249044
0.205084
0.147116
0.0115227
0.111973
0.419617
0.564561
0.0105083
0.192095
0.483556
0.0236839
0.532844
0.0176055
0.524316
0.0739294
0.226959
0.34928
0.00186635
0.203681
0.180536
0.186955
0.181803
0.00460473
0.0185905
0.0868388
0.0979912
0.00122373
0.395844
0.503318
0.163677
0.390116
0.262335
0.370544
0.420663
0.385588
0.311669
0.475722
0.0357095
0.357816
0.255283
0.503432
0.553502
0.28727
0.469816
0.524579
0.278185
0.0554415
0.291163
0.228674
0.518225
0.81053
0.663863
0.797411
0.166675
0.804335
0.451184
0.480191
0.381409
0.497125
0.541531
0.538198
0.364929
0.0480795
0.0322568
0.0829824
0.167562
0.0594314
0.320714
0.190962
0.403099
0.00148338
0.0653593
0.125802
0.442147
0.511974
0.365122
0.0327087
0.184175
0.0810911
0.00781301
0.345323
0.597331
0.122585
0.224423
0.296792
0.00248289
0.209738
0.477854
0.708637
0.73425
0.513769
0.697849
0.462532
0.38439
0.00542586
0.161663
0.0753754
0.405479
0.255184
0.0257785
0.0653369
0.0829917
0.572799
0.568336
0.054222
0.554136
0.00609114
0.112262
0.428353
0.309326
0.00411166
0.241153
0.121164
0.225257
0.00450911
0.486708
0.282969
0.000155342
0.0152674
0.67649
0.456907
0.215766
0.0518942
0.522424
0.531855
0.0132365
0.519252
0.789356
0.206145
0.584796
0.181343
0.768213
0.13151
0.131469
0.387412
0.312181
0.699363
0.000737992
0.660259
0.128594
0.2679
0.451361
0.015266
0.21201
0.556084
0.0801679
0.405489
0.244149
0.132979
0.382651
0.0312986
0.562883
0.695435
0.506109
0.00789104
0.0650611
0.0249809
0.272095
0.426569
0.633063
0.351597
0.0256732
0.4623
0.433235
0.395115
0.662908
0.294027
0.00674508
0.0320868
0.508251
0.00182743
0.239392
0.504201
0.0154024
0.71926
0.151099
0.430361
0.0435028
0.339833
0.446252
0.558291
0.0229515
0.694169
0.315476
0.173475
0.290213
0.26215
0.0213126
0.674686
0.00582997
0.000887383
0.284029
0.31913
0.0541161
0.319016
0.4736
0.165202
0.275639
0.532077
0.220534
0.485623
0.354936
0.0156693
0.340656
0.230175
0.415534
0.199637
0.212742
0.0435815
0.284092
0.444901
0.22945
7.10434e-05
0.582485
0.0161944
0.453713
0.0852538
0.0640818
0.220655
0.6071
0.0944014
0.078384
8.98931e-05
0.267986
0.38906
0.399513
0.00464367
0.272638
0.659416
0.497003
0.546467
0.428859
0.0729642
0.539459
0.325387
0.266953
0.12864
0.18616
0.00179744
0.153243
0.0590755
0.27268
0.111247
0.594256
0.344482
0.0879149
0.173345
0.280594
0.0440057
0.113022
0.499514
0.038559
0.00134501
0.151885
0.576488
0.0867173
0.0429732
0.65525
0.0402923
0.198007
0.663612
0.246117
0.407461
0.0695854
0.00029976
0.0351282
0.00154879
0.00386649
0.000227292
0.788919
0.303268
0.00077179
0.218957
0.578668
0.0197024
0.52154
0.211365
0.000154602
0.0669373
0.6711
0.204276
0.489615
0.596121
0.403171
0.627195
0.032938
0.139294
0.341195
0.0149807
0.252672
0.316722
0.304916
0.268583
0.0786574
0.367244
0.136076
0.248425
0.0251449
0.106118
0.00106372
0.0284214
0.0166735
0.852219
0.000222066
0.692917
0.0113687
0.0831407
0.0925226
0.253109
0.0168688
0.0824932
0.336279
0.210234
0.20921
0.347269
0.265836
0.01121
0.310404
0.209798
0.0515492
0.492698
0.653828
0.0242616
0.00158125
0.000205224
0.0967786
0.0645159
0.27788
0.0156583
0.291862
0.114425
0.316057
0.226126
0.213397
0.0107998
0.622201
0.000900888
0.0986144
0.00222174
0.301139
0.671135
0.0340726
0.1879
0.502484
0.375205
0.0468538
0.425834
0.0595888
0.475664
0.349169
0.277939
0.266525
0.127905
0.731487
0.111092
0.752063
0.0668258
0.247274
0.2831
0.29646
0.256797
0.444559
0.252969
0.367746
0.228773
0.565229
0.227213
0.351469
0.0188342
0.00915907
0.358079
0.110377
0.289481
0.364294
0.0585335
0.204075
0.522153
0.390666
3.70539e-06
0.436739
0.559266
0.345884
0.311605
0.626994
0.261658
0.301334
0.579575
0.148787
0.582929
0.299635
0.0636917
0.00406789
0.0352294
0.391437
0.082641
0.0451387
0.248719
0.444263
0.142774
0.429283
0.0237581
0.0090455
0.154894
0.164682
0.0475986
0.164717
0.0175585
0.491633
0.0436872
0.55334
0.136588
0.00734106
0.198782
0.619593
0.41527
0.491219
0.42451
0.00470052
0.0813535
0.303865
0.235857
0.68859
0.00353776
0.303539
0.019566
0.198539
0.0245831
0.00135789
0.314828
0.022727
5.98155e-05
0.161921
0.55618
0.265969
0.159745
0.492874
0.00162428
0.450723
0.241518
0.311055
0.0719996
0.00117185
0.0609749
0.650656
0.276171
0.263839
0.612574
0.297024
0.0774773
0.00620815
0.373052
0.0656004
0.300896
0.626348
0.0743333
0.119035
0.651142
0.0294318
0.282895
0.23919
0.0336688
0.282421
0.21994
0.00419533
0.509866
0.00248989
0.026964
0.341798
0.193976
0.298349
0.569615
0.368433
0.543989
0.018026
0.290704
0.177553
0.306986
0.029068
0.242747
0.152305
0.0464747
0.172326
0.318895
0.372737
0.0346206
0.013439
0.306695
0.328634
0.0743938
0.34036
0.39943
0.376903
0.807545
0.0551813
0.240683
0.339516
0.420627
0.303134
0.000225185
0.283757
0.266873
0.375367
0.000958775
0.0219554
0.0139569
0.00310335
0.114691
0.121574
0.227085
0.486673
0.0222696
0.483656
0.437868
0.0190961
0.0359634
0.0074124
0.301763
0.687351
0.788267
0.212244
0.00932598
0.0743998
0.259342
0.00130937
0.630799
0.0107962
0.153195
0.0203719
0.000528381
0.227475
0.335152
0.00712845
0.186364
0.297671
0.31434
0.195048
0.333987
0.214271
0.168577
0.389692
0.0872704
0.0462181
0.0183294
0.271502
0.294736
0.747892
0.086863
0.322816
0.45239
0.00820408
0.00289188
0.642906
0.000427757
0.318107
0.105743
0.0789881
0.0741892
0.322
0.289885
0.619891
0.575909
0.16
0.000844016
0.401229
0.506754
0.167927
0.00404945
4.25138e-05
0.187597
0.134017
0.0124521
0.0772386
0.253269
0.433652
0.0475882
0.148529
0.12081
0.0237773
0.336524
0.0817643
0.342509
0.00714954
0.000108948
0.296795
0.336463
0.251534
0.322758
0.38707
0.5074
0.0726333
0.569628
0.0637539
0.32923
0.108877
0.464277
0.292905
0.117927
0.472816
0.0117857
0.399909
0.00649152
0.35914
0.45408
0.605447
0.171099
0.629566
0.612109
0.427034
0.405118
0.20689
0.0895364
0.294914
0.343771
0.109714
0.0294022
0.271865
0.337461
0.596326
0.0493752
0.359814
0.495374
0.19713
0.0241624
0.112973
0.690107
0.623982
0.0780402
0.0582621
0.167588
0.00210916
0.351583
0.114025
0.18872
0.0238512
0.0874163
0.227584
0.00192872
0.0048378
0.179284
0.162779
0.35887
0.63222
0.390056
0.122911
0.353149
0.00585534
0.00583212
0.336584
0.664436
0.148143
0.305385
0.442789
0.164852
0.204093
0.0450449
0.235255
0.144064
0.287265
5.58289e-05
0.826649
0.455976
0.673195
0.243522
0.206375
0.131075
0.683468
0.0474777
0.225071
0.00166244
0.00982188
0.367164
0.509277
0.164218
0.618029
0.00732928
0.0139264
0.565712
0.00272409
0.0088505
0.246744
0.777926
0.0194512
0.0559648
0.495463
0.153983
0.851759
0.4217
0.00743467
0.341446
0.299366
0.0526046
0.156569
0.347976
0.0345464
0.689696
0.00232224
0.592061
0.327078
0.00317355
0.092826
0.217755
0.0529722
0.0200164
0.0866946
0.622082
0.638033
0.120947
0.649217
0.0111074
0.342469
0.279902
0.131327
0.294214
0.363578
0.0855263
0.543939
0.553428
0.354383
0.326542
0.363321
0.132709
0.309435
0.189772
0.0447749
0.334768
0.0649144
0.603024
3.41598e-05
0.278164
0.672769
0.113274
0.0186469
0.150287
0.713958
0.685541
0.142749
0.445761
0.206747
0.317103
0.398413
0.0963495
0.0276429
0.408437
0.11718
0.127976
0.00959165
0.456664
0.281059
0.173447
0.0289956
0.345115
0.607327
0.596582
0.129769
0.462125
0.178939
0.803836
0.321393
0.145592
0.104195
0.237248
0.590292
0.518572
0.0484887
0.30378
0.116527
0.231331
0.000273195
0.278085
0.0177556
0.110487
0.060365
0.0440387
0.257678
0.00104558
0.0597533
0.19321
0.0397165
0.334048
0.175077
0.583741
0.521933
0.0619891
0.129316
0.473016
0.54601
0.159777
0.208654
0.220395
0.466178
0.287733
0.0117201
0.362016
0.345501
0.0520945
0.432252
0.582934
0.232437
0.303832
0.734748
0.416167
0.0239281
0.00100535
0.379591
0.000377967
0.0218278
0.00315972
0.203539
0.0623006
0.169481
0.0279019
0.0106713
0.582559
0.378146
0.384519
0.0231884
0.33703
0.492619
0.327067
0.0286567
0.0118433
0.00132556
0.312238
0.617916
0.193059
0.386162
0.353592
0.523567
0.16253
0.00596772
0.00146138
0.353659
0.160877
0.183825
0.065596
0.394408
0.0218412
0.00242866
0.0120845
0.172635
0.033158
0.000820566
0.111471
0.265804
0.631441
0.427366
0.339071
0.868248
0.0437469
0.536279
0.614559
0.438052
0.00213564
0.559112
0.00291953
0.140781
0.848438
0.0507858
0.262613
0.606003
0.233871
0.300174
0.00894522
0.0102636
0.247994
0.412131
0.543352
0.000471138
0.387223
0.115649
0.0541665
0.0944453
0.123956
0.340779
0.337793
0.626254
0.0789789
0.132943
0.0119307
0.0669628
0.443775
0.425041
0.00737225
0.0219623
0.0605085
0.310925
0.411008
0.0112275
0.334726
0.499265
0.475544
0.214625
0.692534
0.433542
0.304117
0.22504
0.361221
0.708038
0.165122
0.223538
0.764111
0.14247
0.140151
0.061303
0.0506529
0.500354
0.397437
0.620938
0.208927
0.228615
0.000866714
0.0596287
0.54389
0.109758
0.0953719
0.00725614
0.510596
0.423936
0.00645877
0.375741
0.000606433
0.0176114
0.3823
0.10527
0.553404
0.111227
0.015658
0.00120274
0.0594592
0.363531
0.221798
0.0160351
0.0815647
0.00665549
0.328311
0.118274
0.00235392
0.000312182
0.616022
0.0368015
0.553272
0.327435
0.340586
0.241248
0.00129319
0.565709
0.0324213
0.00392255
0.914615
0.0477786
0.00181151
0.163772
0.209854
0.0586874
0.424737
0.290311
0.383594
0.00144762
0.397332
0.0645579
0.151445
0.013629
0.000147985
0.0645701
0.159349
0.0928994
0.000941902
0.310996
0.274216
0.393467
0.120243
0.223913
0.395018
0.251642
0.678819
0.772723
0.053599
0.0191769
0.474389
0.0572846
0.527284
0.632763
0.542645
0.312794
0.376549
0.0664639
0.0438812
0.245941
0.147766
0.00195799
0.480896
0.339637
0.00548511
0.901421
3.80767e-05
0.0782624
0.420664
0.579236
0.348991
0.00422648
0.697367
0.729814
0.285238
0.392662
0.112762
0.810961
0.299171
6.40161e-05
0.318112
0.709587
0.126533
0.822267
0.0574799
0.109211
0.742369
0.287828
0.00112325
0.142302
0.555041
0.430899
0.00411846
0.0566686
0.0535285
0.81928
0.0204847
0.000975455
0.00901033
0.169209
0.125974
0.00533392
0.585568
0.208002
0.160769
0.350813
0.0209445
0.00458452
0.052798
0.139706
0.814959
0.078866
0.521107
0.267646
0.109684
0.0295106
0.0194999
0.262967
0.424071
0.00606285
0.00531357
0.509977
0.00206537
0.135353
0.369894
0.00500357
0.237458
0.186238
0.426112
0.00279045
0.817224
0.162683
0.0697313
0.582809
0.192746
0.284018
0.628337
0.28744
0.171935
0.114435
0.259235
0.391174
0.296709
0.673032
0.694861
0.427902
0.652404
0.631938
0.804868
0.202028
0.27571
0.031697
0.464787
0.52753
0.179444
0.184044
0.730885
0.414079
0.288942
0.260153
0.718705
0.115535
0.523153
0.66099
0.0522543
0.331678
0.350827
0.406909
0.189446
0.223688
0.403784
0.0431217
0.689332
0.439623
0.0211039
0.00960864
0.593351
0.000508671
0.538341
0.283559
0.380379
0.168656
0.20195
0.0677804
0.0699102
0.163183
0.34868
0.430899
0.1347
0.299295
0.738276
0.652354
0.454895
0.063314
0.451395
0.509644
0.0511529
0.505259
0.169068
0.465604
0.311022
0.21197
0.00462117
0.536065
0.313839
0.49865
0.200321
0.380347
0.449914
0.206186
0.319011
0.1411
0.00297874
0.371334
0.000155562
0.129921
0.171323
0.25657
0.679446
0.0442204
0.197419
0.00918466
0.456272
0.116021
0.666627
0.417259
0.174948
0.492063
0.223878
0.516957
0.0811434
0.0104577
0.406744
0.172183
0.242725
0.458695
0.250678
0.406919
0.239733
0.388199
0.217946
0.0895827
0.373808
0.20676
0.341938
0.454955
0.107596
0.000613091
0.143788
0.744828
0.668593
0.175638
0.0472008
0.469005
0.449035
0.17174
0.303614
0.0204918
0.010262
0.323724
0.718805
0.550422
0.00576412
0.033803
0.527508
0.436613
0.183056
0.0780757
0.314318
0.279793
0.0229323
0.0653324
0.00629903
0.0342544
0.230027
0.289848
0.0998851
0.63829
0.138493
0.640308
0.472533
0.00982271
0.165336
0.38977
0.308273
0.641363
0.0581303
0.00127984
0.388132
0.289938
0.0579838
0.240548
2.88297e-05
0.229336
0.465877
0.0509456
0.690167
0.0947298
0.0607545
0.0722126
0.469646
0.0161583
0.197796
0.180288
0.00107159
0.357346
0.361284
0.244713
0.545559
0.0040844
0.0933169
0.0397522
0.49085
0.382994
0.34605
0.3058
0.117594
0.467156
0.145911
0.39674
0.0751838
0.554501
0.0279025
0.304835
0.154826
0.128157
0.268139
0.657556
0.636559
0.0392265
0.0665119
0.541371
0.146935
0.0323843
0.0138384
0.759861
0.0273939
0.513595
0.0105722
0.210421
0.126584
0.263487
0.0642575
0.0110228
0.0361446
0.0126953
0.045348
0.640453
0.0429995
0.0171813
0.56339
0.0649135
0.630253
0.175293
0.392315
0.322166
0.242073
0.335609
0.0717189
0.283191
0.0161548
0.306538
0.0216697
0.0309167
0.218369
0.070887
0.00375194
0.126104
0.00419885
0.236178
0.00145704
0.658177
0.608621
0.241925
0.432347
0.648144
0.289563
0.269502
0.597734
0.248584
0.169735
0.65296
0.0306118
0.0175844
0.0802426
0.0233412
0.0997576
0.021709
0.499017
0.00250028
0.308729
0.187329
0.0526511
0.0285411
0.0637508
0.564829
0.28696
0.17322
0.648789
0.432581
0.0374829
0.0569622
0.00303477
0.000180248
0.11751
0.00100008
0.0374957
0.0852882
0.251087
0.0484581
0.552384
0.265933
0.035964
0.290648
0.0189044
0.603525
0.132051
0.779069
0.426338
0.0248063
0.0863875
0.010955
0.252758
0.662676
0.40786
0.509026
0.431864
0.0202385
0.0913295
0.0587176
0.0220987
0.278919
0.176617
0.0215082
0.251683
0.00121838
0.2091
0.223857
0.286985
0.16194
0.49003
0.679666
0.00237321
0.472453
0.333456
0.224602
0.559506
0.00186027
0.280608
0.00485819
0.362835
0.0852944
0.554874
0.302479
0.0596849
0.00975203
0.0120579
0.000651815
0.221004
0.0804304
0.673363
0.489956
0.431389
0.0554288
0.33689
0.336763
0.19146
0.267581
0.391277
0.137625
0.131489
0.0663997
0.770968
0.085415
0.792327
0.34231
0.0118671
0.785404
0.204454
0.412322
0.158215
0.000349808
0.33618
0.37621
0.0784395
0.12381
0.720074
0.00062218
0.71376
0.47149
0.0106855
0.334405
0.724316
0.144728
0.751116
0.000628436
0.156147
0.0346814
0.127496
0.0657945
0.00203548
0.0525696
0.0404025
0.0316196
0.730049
0.138396
0.00273154
4.62135e-05
0.258477
0.212378
0.225741
0.419368
0.017308
0.20814
0.331949
0.634096
0.0703763
0.359799
0.331049
0.71018
0.368182
0.170867
0.331249
0.0473126
0.421508
0.202973
0.429029
0.345254
0.0410016
0.325024
0.0187262
0.0272303
0.443924
0.631116
0.151663
0.34052
0.317854
0.0178732
0.017276
0.909448
0.287936
0.0769278
0.194436
0.0241612
0.470448
0.0238501
0.060166
0.194837
0.0636807
0.306748
0.548253
0.0476933
0.211317
0.149187
0.268756
0.361566
0.442336
0.28856
0.445001
0.0667759
0.421741
0.299929
0.24773
0.123812
0.0135723
0.585355
0.00218932
0.0199659
0.0877686
0.504845
0.274424
0.302265
0.109941
0.000689383
0.515116
0.129473
0.371666
0.0203637
0.557407
0.270104
0.0177571
0.0162411
0.000515424
0.207571
0.0273954
0.804567
0.136201
0.00305916
0.582023
0.318294
0.188043
0.465196
0.300075
0.128765
0.29658
0.6584
0.00152306
0.38649
2.66803e-06
0.262281
0.00580846
0.40974
0.343324
0.181406
0.0535953
0.524477
0.0588486
0.0586712
0.0775891
0.241792
0.116043
0.119147
0.202651
0.00251216
0.541451
0.0511698
0.202344
0.0488533
0.0597106
0.091265
0.620122
0.299335
0.230939
0.545916
0.166633
0.0476795
0.0111127
0.196417
0.258641
0.0129929
0.510789
0.0796333
0.246815
0.282796
0.231454
0.227845
0.0478401
0.256636
0.00681141
0.059547
0.00538571
0.33894
0.600613
0.00168964
0.00450023
0.000594074
0.0966628
0.443735
0.504386
0.146866
0.00165918
0.435749
0.0287373
0.361626
9.11645e-05
0.200531
0.347266
0.309868
0.368513
0.261197
0.0767341
0.172748
0.000413653
0.393561
0.0242971
0.031208
0.734211
0.013742
0.0767955
0.349027
0.166988
0.291067
0.030248
0.236463
0.307825
0.406781
0.0330784
0.356014
0.00548228
0.307458
0.311609
0.23114
0.675775
0.0749066
0.215772
0.00140877
0.567735
0.231076
0.548936
0.0478576
0.153237
0.36589
0.00585763
0.0337056
0.482198
0.305538
0.189366
0.522095
0.651257
0.190145
0.000214528
0.568962
0.420799
0.377424
0.380411
0.278757
0.00510623
0.290597
0.408159
0.0422248
0.369103
0.566646
0.0898963
0.588389
0.0863684
0.23453
0.104377
0.0770495
0.061693
0.000928637
0.738669
0.0952515
0.524894
0.0159722
0.19985
0.00187552
0.405107
0.297362
0.39104
0.706725
0.56645
0.0215284
0.022361
0.469783
0.346475
0.12116
0.42417
0.852358
0.293083
0.0198538
0.873332
0.0113788
0.380708
0.0218469
0.601881
0.0028715
0.0855555
0.598365
0.542233
0.210143
0.000386664
0.260378
0.239447
0.251155
0.471516
0.000328902
0.0772228
0.00267437
0.0558662
0.297706
0.0892526
0.394058
0.566773
0.411232
0.0986087
0.188787
0.002905
0.047865
0.00180345
0.381587
0.00330384
0.14684
0.00774309
0.225298
0.000815055
0.00343831
0.300652
0.195833
0.0524118
0.118944
0.540018
0.227142
0.511035
0.0819689
0.0279758
0.00753337
0.331556
0.420808
0.676846
0.0305804
0.0949065
0.062764
0.300879
0.355799
0.0282051
0.391151
0.356005
0.0269798
0.254853
0.198758
0.479434
0.186059
0.296749
0.302098
0.297988
0.183439
0.375846
6.38075e-05
0.322015
0.67125
0.401079
0.549332
0.00467614
0.250172
0.00868771
0.754995
0.284311
0.308864
0.8444
0.0737658
0.269673
0.191717
0.136335
0.00842188
0.00777074
0.110439
0.00360868
0.598649
0.82248
0.356642
0.5519
0.0620949
0.0809377
0.432152
0.192834
0.013637
0.396232
0.0415392
0.00995229
0.250578
0.107772
0.0479419
0.438888
0.33809
0.421571
0.463825
0.00156683
0.610839
0.418215
0.36446
0.380195
0.0953593
0.729242
0.765999
0.0527217
0.00477524
0.0632398
0.135968
0.476161
0.261324
0.33726
0.000650832
0.516704
0.0903246
0.445577
0.10229
0.0141832
8.56478e-05
0.0970732
0.525282
0.0501221
0.299195
0.316952
0.0706556
0.0367743
0.00612295
0.00328671
0.883215
0.657435
0.391842
0.181439
0.162016
0.40932
0.306292
0.240932
0.0172666
0.133819
0.191433
0.310176
0.443504
0.230333
0.262188
0.0759372
0.35202
0.164464
0.0546547
0.643097
0.413406
0.122646
0.393522
0.66827
0.623485
0.719349
0.102316
0.177062
0.0195866
0.256313
0.0244284
0.408145
1.20446e-05
0.0654261
0.853132
0.0033734
0.242574
0.192804
0.267378
0.277231
0.106726
0.155663
0.668887
0.0876276
0.37932
0.0175685
0.787413
0.412728
0.039175
0.247982
0.0253934
0.11094
0.0149734
0.293668
0.31205
0.217228
0.194035
0.0849356
0.437505
0.0288147
0.0018267
0.0122037
0.287814
0.000386261
0.00320158
0.34081
0.013237
0.00240863
0.283764
0.238363
0.00400333
0.380911
0.213477
0.111465
0.254556
0.240315
0.311092
0.0086795
0.14218
0.68478
0.0323742
0.255905
0.126482
0.0781727
0.435769
0.193368
0.00603485
0.197542
0.555679
0.279972
0.157804
0.244067
0.00121448
0.0239346
0.510942
0.0443762
0.0107921
0.00359469
0.0184759
0.409518
0.165697
0.236451
0.349642
0.0141097
0.0845346
0.0220724
0.000277548
0.219505
0.0387697
0.000465043
0.00728359
0.194457
0.00012059
0.402576
0.00497115
0.000124132
0.09105
0.076638
0.0383903
0.52657
0.247004
0.112381
0.0530149
0.847258
0.229402
0.453778
0.35489
0.659306
0.0202367
6.582e-05
0.330975
0.46076
0.0623622
0.267505
0.136849
0.00651984
0.608429
0.607573
0.0613521
0.00070658
0.36069
0.0601003
0.238375
0.319286
0.209066
7.57521e-05
0.230503
0.0011223
0.24554
0.121197
0.00379023
0.00234862
0.00954842
0.168018
0.124195
0.250918
0.29134
0.0399322
0.335454
0.0480621
0.0218136
0.627236
0.000441343
0.395164
0.509798
0.193989
0.284355
0.200409
0.169434
0.270627
0.356461
0.47731
0.186077
0.00825085
0.441431
0.0806882
0.123954
0.460473
0.083488
0.281904
0.197274
0.262182
0.00025122
0.0806143
0.212077
0.304154
0.00893757
0.254577
4.42068e-05
0.00698287
0.0103246
0.0215512
0.36743
0.370921
0.733756
0.32552
8.36132e-07
0.468564
0.875919
0.507098
0.468196
0.206548
0.125323
0.0587522
0.151534
0.461532
0.00357207
0.0720545
0.619032
0.31796
1.99864e-05
0.384451
0.371966
0.369769
0.00752762
0.381525
0.742379
0.290557
0.564985
0.305013
0.265133
0.28166
0.000726851
0.102766
0.0703442
0.0025803
0.323107
0.346947
0.173079
0.539066
0.623342
0.155729
0.343828
0.0163632
0.585241
0.107413
0.247818
0.0646175
0.181592
0.0291912
0.0894396
0.275296
0.278908
0.0519562
0.780495
0.183766
0.00373084
0.178381
0.255766
0.0144644
0.00378738
0.0461472
0.000126223
0.0784442
0.00169976
0.648613
0.767734
0.0797303
0.0333899
0.130068
0.0706606
0.0337199
0.350747
0.000181545
0.0585211
0.00298878
0.345936
0.750259
0.0288967
0.138223
0.123477
0.683306
0.577163
0.160281
0.188667
0.672263
0.415348
0.00652448
0.00888188
0.0673463
0.205089
0.264104
0.249541
0.0309941
0.257183
0.0865342
0.0381911
0.308078
0.0732147
0.584892
7.82413e-07
0.473716
0.363509
0.014506
0.004225
0.269685
0.408346
0.103649
0.122014
0.125167
0.0675872
0.371991
0.131893
0.199315
0.153066
0.00255815
0.30344
0.357872
0.0168768
0.172199
0.577726
0.161664
0.00230325
0.61357
0.165605
0.0929961
0.100732
0.346628
0.30364
0.264256
0.333007
0.0528972
0.655025
0.176957
0.0514686
0.13618
0.265583
0.319562
0.470158
0.28443
0.365792
0.619995
0.393141
0.432578
0.322058
0.562476
0.00320454
0.422543
0.37268
0.0866368
0.201554
0.595375
0.213018
0.00278427
0.00673193
0.524078
0.626164
0.507728
0.00227716
0.472182
0.00275065
0.00271002
0.0254841
0.164701
0.337934
0.507682
0.333653
0.0565545
0.401191
0.273192
0.0141993
0.252931
0.000542306
0.0779172
0.154207
0.00681758
0.240241
0.333781
0.343975
0.177224
0.0561574
0.077099
0.143317
0.511647
0.0406103
0.142285
0.589441
0.311366
0.00449407
0.0657165
0.276767
0.498829
0.0205399
0.0374572
0.721845
0.361417
0.266126
0.000710663
0.527204
0.269018
0.209219
0.279753
0.841314
0.30053
0.225545
0.164711
0.0778272
0.304256
0.0368971
0.472579
0.026094
0.000686826
0.179718
0.301335
0.0222981
0.278471
0.00273703
0.364941
0.00682081
0.0128101
0.235167
0.0468364
0.42352
0.0704166
0.182876
0.00705472
0.0584369
0.760075
0.247263
0.0131356
0.739071
0.660492
0.0116845
0.41531
0.0086939
0.293639
0.0259013
0.111014
0.271832
0.103747
0.155996
0.00189128
0.282288
0.0378888
0.161381
0.000109849
0.546683
0.000487407
0.0282763
0.0267271
0.177364
0.24271
0.00131304
0.226302
0.362942
0.240108
0.0387202
0.0118474
0.51537
0.550539
0.2006
0.0282766
0.395037
0.0465144
0.00121005
0.766433
0.0122725
0.0254038
0.603917
0.248236
0.394617
0.341852
0.124927
0.0202008
0.441927
0.472352
0.253762
0.0415392
0.0931785
0.141978
0.0525161
0.236351
0.321063
0.00206792
0.00907972
0.000454372
0.204846
0.00569323
0.0834219
0.255966
0.666704
0.0216356
0.169141
0.214074
0.0413992
0.0956116
0.205066
0.0663132
0.339922
0.22507
0.031043
0.852529
0.568141
0.748915
0.389709
0.102659
0.320483
0.27667
0.267699
0.0319994
0.792448
0.397371
0.136883
0.302932
0.129577
0.133183
0.652633
0.339412
0.000588287
0.0443514
0.000486819
0.0036607
0.288191
0.00155356
0.420527
0.0121747
0.639964
0.724139
0.456047
0.0247559
0.0132017
0.382245
0.289588
0.0627168
0.286198
0.51451
0.598521
0.169494
0.199249
0.85014
0.0326042
0.234058
0.369746
0.0922936
0.190985
0.0368824
0.777181
0.570177
0.365895
0.00886545
0.768324
0.518367
0.510029
0.254386
0.0309136
0.585782
0.00491466
0.0120316
0.294218
0.64747
0.857653
0.295711
0.29809
0.133357
0.205575
0.0432435
0.480792
0.619378
0.305131
0.366451
0.185969
0.317169
0.630519
0.338788
0.00566242
0.060532
0.00170629
0.621479
0.118985
0.214119
0.618609
0.00015483
0.000201341
0.000872342
0.111215
0.324998
0.241064
0.00468852
0.00975705
0.0560211
0.356604
0.0279644
0.06491
0.342118
0.330633
0.337402
0.170985
0.28029
0.124034
0.0726847
0.424296
0.592432
0.0727984
0.00951404
0.320878
0.0101767
0.145632
0.0541952
0.069313
0.00306792
0.0517484
0.123998
0.210729
0.272367
0.55309
0.379794
0.143035
0.0608987
0.0113331
0.000268035
0.777196
0.271595
0.0537832
0.538568
0.528395
0.0102243
0.730799
0.00690961
0.186977
0.12394
0.127838
0.162649
0.130449
0.149319
4.24875e-05
0.320283
0.260656
0.00128895
0.00173051
2.26991e-05
0.481641
0.319995
0.576099
0.330557
0.654914
0.0151125
0.159978
0.140766
0.0886266
0.127856
0.398946
0.350403
0.0360067
0.3364
0.000651503
0.185436
0.184665
0.282013
0.170899
0.0498229
0.888137
0.047391
0.0581094
0.0171652
0.106534
0.2726
0.808004
0.0254728
0.413253
0.0462411
0.148064
0.00281958
0.311857
0.179659
0.0409898
0.0017792
0.455264
0.30072
0.438906
0.295797
0.0308682
0.04068
0.176014
0.282103
0.00981297
0.704241
0.304946
0.198695
0.0165101
0.135408
0.25806
0.332051
0.566723
0.0252776
0.064716
0.00108499
0.549589
0.201981
0.435256
0.322832
0.155966
0.431238
0.0553652
0.161111
0.191444
0.114221
0.0143248
0.251266
0.16152
0.420494
0.786277
0.00229236
0.0448649
0.27945
0.291615
0.586712
0.7876
0.0712585
0.00232343
0.0467056
0.241895
0.000384407
0.615872
0.0178146
0.649466
0.402602
0.0261644
0.105417
0.74971
0.327812
0.467775
1.27952e-05
0.489896
0.599156
0.0222744
0.00300019
0.372322
0.0486188
0.80548
0.316269
0.491436
0.705678
0.509077
0.509232
0.422107
0.49948
0.331911
0.324905
0.550937
0.445522
0.176099
0.284514
0.245474
0.27136
0.0107169
0.0205978
0.491296
0.575
0.130647
0.542667
0.153203
0.0604038
0.528412
0.194719
0.472446
0.368176
0.462808
0.00442117
0.553069
0.570004
0.407542
0.0605885
0.244067
0.390633
0.604456
0.184501
0.616093
0.308852
0.107564
0.0406587
0.00159549
0.565985
4.35139e-05
0.529601
0.0327057
0.34785
0.658181
0.159355
0.664689
0.110075
0.000687041
0.108849
0.0212108
0.376639
0.280123
0.525196
0.763817
0.000784468
0.0374135
0.348856
0.414776
0.000147997
0.151361
1.15275e-05
0.346794
0.0575205
5.65816e-05
0.365279
0.148293
0.0224264
0.884893
0.181901
0.284681
0.318589
0.0704802
0.0102712
0.182023
0.0646991
0.654295
0.00838304
0.0927772
0.15078
0.52481
0.61937
0.0677369
0.49154
0.171963
0.100662
0.321501
0.438308
0.366551
0.00170818
0.403219
0.0115562
0.0447008
0.000560712
0.463266
0.581441
0.00644151
0.00742336
0.334874
0.02441
0.00353573
0.606529
0.350245
0.291985
0.582317
0.141294
0.419808
0.356912
0.0528574
0.580195
0.19045
0.156402
0.209604
0.216162
0.0668795
0.733483
0.295556
0.76469
0.208596
0.205628
0.298815
0.0652527
0.170103
2.98793e-06
0.0326311
0.204571
0.62789
0.229168
0.0742688
0.0253914
0.339377
0.289141
0.762328
0.804116
0.045409
0.630064
0.420378
0.110005
0.631775
0.544842
0.275641
0.311777
0.0342613
0.458636
0.710705
0.530798
0.227367
0.049915
0.43818
0.0197469
0.0969714
0.438982
0.0588118
0.0876858
0.0113466
0.0751575
0.179631
0.216772
0.885819
0.0242263
0.178744
0.0920283
0.825474
0.0831653
0.164327
0.010428
0.812967
0.00481135
0.346393
0.393459
0.692047
0.325623
0.0942357
0.312515
0.317338
0.419159
0.73861
0.00285372
0.0265995
0.116154
0.075502
0.16721
0.369701
0.0643016
0.0261177
0.357268
0.226233
0.327107
0.29128
0.0581947
0.041086
0.0461678
0.0193165
0.0480295
0.107763
0.0655547
0.494436
0.0049814
0.49173
0.0485244
0.65793
0.357651
0.142468
0.0240794
0.000147874
0.292729
0.122893
0.403716
0.201673
0.188044
0.0714211
0.136923
0.0282776
0.0139719
0.621678
0.315227
0.0174895
0.42717
0.171837
0.000808148
0.249285
0.797119
0.150659
0.101735
0.504661
0.00285085
0.0207358
0.363923
0.15964
0.27343
0.652795
0.0244977
0.113793
0.21995
0.267229
0.687796
0.022281
0.184746
0.240976
0.0318906
0.447515
0.0369017
0.337709
0.0428751
0.671778
0.567917
0.117047
0.217814
0.541924
0.00420786
0.202956
0.365264
0.0958236
0.143665
0.00273423
0.25943
0.0551663
0.181926
0.30397
0.443105
0.526345
0.0020353
0.202766
0.193306
0.166706
0.00342219
0.453784
0.0596373
0.602545
0.0163742
0.0344151
0.154105
0.0229381
0.29065
0.040559
0.0113399
0.0510591
0.223031
0.38082
0.483647
0.0323049
0.0580118
0.599997
0.169754
0.135822
0.0160628
0.694969
0.805338
0.727053
0.000493198
0.0529613
0.0114224
0.322899
0.289166
0.0227391
0.334832
0.191477
0.0736815
0.458733
0.17891
0.307781
0.29769
0.543757
0.218186
0.135297
0.00249787
0.302876
0.255152
0.729192
0.105831
0.478517
0.790276
0.298053
0.43088
0.479749
0.202244
0.255691
0.164827
0.399588
0.313921
0.0032539
0.325932
0.000478102
0.0776865
0.510942
0.00833809
0.7845
0.191182
0.502797
0.0134206
0.0332347
0.0771633
0.314716
0.613517
0.333149
0.0626732
0.496005
0.00325965
0.452755
0.430946
0.202698
0.525728
0.305828
0.392331
0.0484414
0.00013304
0.29362
0.302437
0.307102
0.153729
0.902417
0.0999338
0.419875
0.225852
0.348545
0.474844
0.178488
0.206264
0.225873
0.057877
0.115902
0.315067
0.621845
0.687298
0.283373
0.0090586
0.737191
0.237843
0.308124
0.176162
0.00222493
0.200988
0.0744007
0.641031
0.511854
0.293345
0.0164413
0.00884532
0.000729802
0.305624
0.451712
0.62867
0.154234
0.000395748
0.0141373
0.0790248
0.12332
0.13243
0.210867
0.477567
0.454573
0.0460287
0.328282
0.247394
0.00432753
0.617341
0.0247345
0.564093
0.556799
0.100238
0.239978
0.451281
0.00309891
0.577583
0.64156
0.473672
0.229871
0.0156864
0.237244
0.474109
0.356889
0.702882
0.495146
0.0326896
0.16919
0.105067
0.809854
0.378743
0.0466131
0.605708
0.0212335
0.303011
0.139015
0.105775
0.426593
0.207391
0.000526712
0.0482862
0.0786992
0.0520083
0.310684
0.732261
0.10333
0.636168
0.282347
0.491805
0.00115535
0.273166
0.335265
0.508045
0.580761
0.291242
0.101928
0.219527
0.00266302
0.077834
0.00805681
0.0368392
0.0696745
0.330765
0.0984933
0.00691925
0.595331
0.264716
7.38999e-05
0.352029
0.183615
0.52375
0.0929531
0.0340263
0.542529
0.314964
0.595867
0.266915
0.0985462
0.408555
0.0386375
0.18019
0.0463217
0.42992
0.0123349
0.030525
0.437989
0.412643
0.14913
0.0435988
0.212774
0.00278834
0.182309
0.226838
0.049608
0.177154
0.00180078
0.237654
0.00620404
0.40658
0.646288
0.265981
0.483449
0.0209869
0.298697
0.148035
0.540106
0.844852
0.00118716
0.382825
0.255805
0.78173
0.418962
0.750971
0.317651
0.000474319
0.0374424
0.32426
0.252878
0.0322669
0.267483
0.45871
0.150148
0.0464662
0.914868
0.000348687
0.0214214
0.488193
0.195931
0.119608
0.177755
0.458418
0.473454
0.0435472
0.0764524
0.0041904
0.759779
0.0786772
0.17613
0.0751088
0.14114
0.000433078
0.0226382
0.401049
0.451162
0.424094
0.488699
0.00193799
0.172891
0.26241
0.365322
0.496281
0.000813736
0.230622
0.558875
0.0604816
0.371102
0.408814
0.0425865
0.316179
0.0635562
0.0831756
0.1965
0.000103002
0.677001
0.634987
0.185953
0.135642
0.592316
0.269735
0.449968
0.427911
0.173424
0.35574
0.374571
0.329852
0.000306504
0.20147
0.14859
0.322881
0.276659
0.000244007
0.554668
0.507447
0.00967189
0.0849177
0.00703297
0.104097
0.116993
0.155492
0.168618
0.205805
0.00941817
0.271495
0.703132
0.261458
0.0593278
0.18942
0.0142123
0.00510966
0.0838141
0.00389175
0.408155
0.0293725
0.100664
0.00294944
0.00363685
0.127229
0.587636
0.0171186
0.0281646
0.14354
0.444508
0.103605
0.483738
0.489528
0.169798
0.206343
0.42886
0.303818
0.00671833
0.0460397
0.0108342
0.268237
0.658123
0.267605
0.382741
0.0121942
0.227687
0.45454
0.404629
0.00802732
0.732727
0.470346
0.383079
0.711279
0.569465
0.255187
0.0477377
0.377809
0.494176
0.000881341
0.286972
0.305682
0.2264
0.0524288
0.25406
0.0110345
0.52345
0.345758
0.43854
0.0815357
0.737872
0.556907
0.529224
0.0173006
0.0456909
0.0451331
0.600073
0.0676507
0.163666
0.0862103
0.0289777
0.756675
0.377005
0.0112595
0.001964
0.0380793
0.500154
0.137649
0.00542606
0.000152824
0.122868
0.396813
0.0534192
0.38993
0.296075
0.172104
0.287106
0.127634
0.156866
0.333388
0.0057208
0.143443
0.00941577
0.105203
0.000543221
0.172415
0.290772
0.576675
0.000130152
0.307054
0.48795
0.517502
0.287118
0.702643
0.000839168
0.123543
0.555721
0.143198
0.00734823
0.367728
0.216651
0.657304
0.00704989
0.525436
0.252838
0.267483
0.433954
0.0978918
0.479111
0.277434
0.116715
0.00395662
0.0737026
0.31258
0.399532
0.0250801
0.00239274
0.136749
0.0622624
0.544752
0.338475
0.153965
0.0138204
0.194491
0.27045
0.301877
0.393541
0.0837693
0.552054
0.450043
0.18092
0.464259
0.308367
0.536437
0.322429
0.297038
0.00738746
0.555845
0.0246317
0.00249072
0.141429
0.297703
0.39782
0.343429
0.119771
0.175101
0.00944086
0.339637
0.300956
0.0182715
0.107565
0.185381
0.424933
0.0379427
0.200807
0.315964
0.355029
0.00431273
0.368725
0.429294
0.17126
0.0758377
0.243545
0.435497
0.30811
0.768025
0.0991586
0.303371
0.122613
0.000599112
0.0451795
0.0516307
0.0210081
0.199021
0.508038
0.0218724
0.379625
0.0313187
0.000337789
0.453167
0.00211661
0.312627
0.458201
9.97031e-05
0.313082
0.00871148
0.263117
0.349001
0.445617
0.441579
0.191845
0.0668993
0.438124
0.426574
0.119564
0.0702209
0.292661
0.532503
0.0533067
0.101443
0.24393
0.785597
0.00153512
0.00168738
0.00796886
5.80313e-06
3.78494e-05
0.376948
0.219024
0.000957225
0.596242
0.31429
0.285962
0.310498
0.619578
0.000480261
0.801367
0.281337
5.26108e-06
0.00670662
0.681645
0.186566
0.124846
0.0272627
0.0712787
0.476839
0.647696
0.43302
0.104983
0.435352
0.0001548
0.640021
0.0181048
0.30043
0.654526
0.00063856
0.0206048
0.544978
0.150688
0.359545
0.237567
0.663877
0.282442
0.582225
0.00294174
0.0856764
0.388821
0.322735
0.245061
0.296119
0.2692
0.00300707
0.566198
0.146397
0.286001
0.0534804
0.361314
0.0950758
0.221467
0.203037
0.0831654
0.0247337
0.183634
0.169526
0.204376
0.0325545
0.00854795
0.00241484
0.458673
0.128966
0.246291
0.370663
0.187708
3.82159e-06
0.150137
0.000449905
1.79738e-05
0.139935
0.275254
0.303365
0.214877
0.102733
0.36685
0.515419
0.443787
0.00289019
0.485903
0.194202
0.0725597
0.00721339
0.130792
0.000677783
0.000826565
0.0126128
0.301077
0.0289195
0.211917
0.0183052
0.0387478
0.276673
0.0479968
0.32923
0.25023
0.0110189
0.0254943
0.023375
0.168911
0.356513
0.445775
0.0146104
0.65805
0.00784828
0.435191
0.58428
0.299756
0.627953
0.110304
0.588314
0.019759
0.748032
0.290021
0.506628
0.0145382
0.623033
0.401492
0.570677
0.0321315
0.00269872
0.0371426
0.0256772
0.232407
0.597502
0.539229
0.000646013
0.0714151
0.294143
0.258913
0.0145982
0.293469
0.0384803
0.0442333
0.160704
0.18082
0.411508
0.571296
0.29256
0.564266
0.287419
0.509454
0.0735122
8.30502e-05
0.372209
0.344221
0.320523
0.375815
0.183522
0.764922
0.0125275
0.123681
0.0275899
0.142729
0.564243
0.49644
0.0243651
0.376538
0.121297
0.000333084
0.372241
0.0689842
0.0430336
0.381617
0.249963
0.124047
0.00990779
0.225359
0.64619
0.604205
0.381278
0.148099
0.000306985
0.138334
0.327459
0.0838632
0.263659
0.138432
0.315437
0.309013
0.302337
0.363232
0.0205903
0.647689
0.167515
0.172149
0.138463
0.651456
0.53212
0.369682
0.0893517
0.0604367
0.774161
0.0395555
0.301152
0.00858735
0.146809
0.312702
0.260498
0.294565
0.368126
0.0850111
0.369475
0.367104
0.563414
0.293859
0.33182
0.144579
0.0542943
0.641798
0.00775066
0.587306
0.160435
0.0104188
0.126879
0.153945
0.00854301
0.210032
0.176028
0.165665
0.0525774
0.45121
0.0586499
0.0762947
0.37355
0.359355
0.137688
0.00149028
0.521148
0.0850669
0.0677999
0.43752
0.192458
0.328141
0.167691
0.452365
0.330005
0.3923
0.000106873
0.307213
0.58568
0.007408
0.325887
0.0267317
0.222176
0.273579
0.507477
0.296371
0.281247
0.670635
0.322186
0.176989
0.0741526
0.6946
0.290283
0.45954
0.705835
0.395824
0.0641196
0.163429
0.0147209
0.225225
0.347595
0.415774
0.0950278
0.729695
0.0341865
0.189641
0.655406
0.292136
0.36426
0.599521
0.398064
0.00277189
0.0155066
0.000504132
0.0143215
0.265105
0.345704
0.520627
0.294272
0.407495
0.00988242
0.10951
0.548136
0.2398
0.264
0.0106586
0.224163
0.113749
0.466503
0.313462
6.77587e-05
0.120885
0.0217812
0.016073
0.0656257
0.0914349
0.325877
0.000814578
0.00734407
0.141575
0.599044
0.105776
0.509431
0.0928423
0.00771139
0.180864
0.0394527
0.0244669
0.318813
0.105134
0.232182
0.0899607
0.00296031
0.447611
0.68465
0.467106
0.344236
0.0353723
0.272994
0.445399
0.767431
0.456162
0.341184
0.312592
0.351483
0.159134
0.299954
0.0656696
0.153705
0.0835102
0.446515
0.217597
0.0868348
0.693893
0.20776
0.226899
0.0298454
0.71776
0.019888
0.537675
0.0231507
0.000433858
0.103904
0.179686
0.226404
0.260087
0.390671
0.0358428
0.275913
0.428467
0.482944
0.0055308
0.792533
0.3275
0.0133783
0.0861478
0.477974
0.184068
0.0044652
0.000809323
0.0163795
0.0654551
0.146942
0.150404
0.283285
0.250176
0.0119279
0.0127353
0.289993
0.45316
0.440915
0.377396
0.0269736
0.169484
0.146318
0.101688
0.332584
0.64156
0.0924273
0.443142
0.0520706
0.00196063
0.414451
0.0777861
0.0162363
0.299464
0.192079
0.0010278
0.201131
0.00673686
0.630458
0.76347
0.103133
0.0052439
0.570909
0.0306347
0.0644199
0.0654216
0.614808
0.369193
0.555167
0.0600773
0.608944
0.413059
0.245001
0.479118
0.490131
0.687913
0.30524
0.0390322
0.00282524
0.429156
0.428681
0.296359
0.810953
0.109632
0.0743702
0.00148348
0.327369
0.136553
0.233903
0.163439
0.000477906
0.00796559
0.00465839
0.453125
0.254746
0.283566
0.0979406
0.0672298
0.118618
0.0421045
0.00664222
0.168716
0.0928199
0.00931741
0.778293
0.114418
0.258514
0.19468
0.673663
0.430108
0.263424
0.000515944
0.203572
0.826142
0.0752574
0.00223276
0.535009
0.0788922
0.000553254
0.0800106
0.344393
0.00309089
0.206448
0.226502
0.133697
1.41842e-05
0.739847
0.0161871
0.159472
0.0146466
0.00782176
0.126998
0.348575
0.00590098
0.000484907
0.0132606
0.140332
0.000502043
0.00203498
0.0243825
0.730495
0.249255
0.371978
0.496244
0.191131
2.79249e-06
0.814596
0.511211
0.543891
0.0073048
0.0573541
0.0340824
0.00575466
0.282988
0.567097
0.0427878
0.433856
0.306072
0.764274
0.652399
0.611404
0.00784526
0.395403
0.0158543
0.00242254
0.46098
0.267373
0.000338388
0.0158381
0.225316
0.0404265
0.000641678
0.000637959
0.137455
0.123015
0.800542
0.248165
0.14578
0.19558
0.146903
0.255309
0.0913087
0.00122095
0.359885
0.228847
0.0195947
0.33303
0.00934321
0.240724
0.0715764
0.809748
0.301882
0.0563442
0.68363
0.0138667
0.000552425
0.25258
0.200556
0.00112476
0.770016
0.29257
0.561581
0.040682
0.00840526
0.0769943
0.648618
0.285829
0.309439
0.152654
0.282846
0.0376944
0.523819
0.139592
0.0280993
0.0842251
0.00351798
0.0487508
0.118631
0.412069
0.38044
0.351482
0.0725268
0.0353531
0.0368161
0.102045
0.143677
0.440071
0.143866
0.273988
0.458375
0.0065494
0.518268
0.270321
0.286366
0.390059
0.0353167
0.212734
0.202487
0.0136219
0.020234
0.031057
0.343598
0.495979
0.286756
0.188922
0.405846
0.408579
0.314861
0.0320723
0.0940947
0.297048
0.0719827
0.525159
0.00244629
0.170106
0.276386
0.0859438
0.308841
0.364854
0.574978
0.384053
0.372924
0.771106
0.496228
0.0481848
0.09619
0.0920106
0.00534808
0.512863
0.408507
0.439593
0.379509
0.00859919
0.175406
0.647477
0.0933892
0.204816
0.000170228
0.611393
0.400102
0.462202
0.000218015
0.345421
0.420402
0.112149
0.175958
0.443371
0.400819
0.200032
0.302679
0.625107
0.255097
0.00261127
0.0561566
0.344795
0.516832
0.0743119
0.294004
0.0488319
0.0379018
0.0142674
0.0755829
0.306279
0.551247
0.381296
0.813483
0.516133
0.30172
0.570863
0.663692
0.427621
0.320722
0.0552194
0.517271
0.194415
0.00809484
0.000230372
0.472817
0.445434
0.165994
0.38849
0.236935
1.08832e-05
0.273279
0.000628861
0.123088
0.146481
0.595422
0.259633
0.690385
0.519198
0.00420635
0.377041
0.525365
0.0402569
0.116499
0.340285
0.210345
0.412685
0.531601
0.299217
0.000361745
0.324207
0.153581
0.373882
0.655453
0.349752
0.619886
0.409748
0.466225
0.00884177
0.333417
0.172346
0.00284166
0.268919
0.00348352
0.0172995
0.555109
0.00302345
0.00198822
0.123454
0.0485549
0.0338134
0.458633
0.0350516
0.333276
7.92051e-05
0.00041219
0.40443
0.164239
0.045517
0.335121
0.235023
0.299194
0.233636
0.390689
0.356008
0.00675337
0.115784
0.000135732
0.604362
0.416032
0.380445
0.022712
0.494065
0.353131
0.114172
0.0748512
0.0697719
0.38205
0.0265812
0.305444
0.714678
0.472321
0.146162
0.284029
0.0049508
0.461434
0.208881
0.217767
0.0604133
0.0511403
0.122799
0.00831183
0.260307
0.213617
0.607264
0.125108
0.284198
0.470811
0.496707
0.565893
0.458106
0.241463
0.226459
0.79306
0.0924771
0.380892
0.00588048
0.443696
0.237355
0.279406
0.34306
0.408313
0.277981
0.0777933
0.466798
0.575797
0.47037
0.0152772
0.0844879
0.571623
0.842394
0.495183
0.374357
0.00206812
0.317532
0.176373
0.283828
0.142715
0.344127
0.374495
0.120221
0.000232341
0.675685
0.174852
0.491114
0.29196
0.00130708
0.178749
0.0535556
0.248641
0.435308
0.00459929
0.388272
0.530538
0.427753
0.051918
0.170162
0.435372
0.0730832
0.100221
0.000934247
0.303677
0.588197
0.0454612
0.188098
0.00136447
0.0929314
0.0385338
0.0802399
0.642575
0.509106
0.0174261
0.0213115
0.374057
0.731925
0.308464
0.386259
0.538149
0.452968
0.733454
0.253773
0.00730269
0.000690222
0.144546
0.371033
0.0431809
5.75619e-05
0.386517
0.00692746
0.330814
0.284227
0.218196
0.00597377
0.582183
0.765701
0.270525
0.308792
0.000498414
0.102913
0.0561815
0.745399
0.0970676
0.0131684
0.00101108
0.458045
0.0107898
3.60189e-05
0.00524308
0.300363
0.372492
0.0543208
0.000157685
0.0240082
0.566756
0.249141
0.688344
0.54383
0.00433449
0.682702
0.448662
0.368778
0.146699
0.313385
0.667621
0.0174099
0.00573244
0.0196185
0.393385
0.186173
0.439722
0.0532353
0.00117777
0.0588532
0.622547
0.397662
0.395456
0.0485463
0.300672
0.00835005
0.000444247
0.365089
0.107527
0.00611989
0.00113918
0.0858773
0.0018334
0.527262
0.0977155
0.227341
0.562772
0.269152