0.00175463
0.30793
0.437474
0.0256662
0.146645
0.27477
0.217024
0.481815
0.299814
0.268275
0.512453
0.021203
0.465939
0.0757793
0.160478
0.188873
0.148014
0.388053
0.0123558
0.00438805
0.297816
0.000995413
0.512251
0.236193
0.0393171
0.174495
0.167728
0.0351687
0.0770995
0.110066
0.150652
0.351592
0.652985
0.227264
0.0159917
0.272932
0.273625
0.298547
0.0045635
0.0412309
0.214645
8.31386e-05
0.432366
0.00970838
0.0153585
0.00742745
0.0578519
0.462806
0.14178
0.303788
0.0174138
0.446311
0.47245
0.0551207
0.292705
0.268815
0.340286
0.231241
0.650748
0.134591
0.0434867
0.367705
0.104284
0.68459
0.0316978
0.33738
0.108162
0.0751199
0.0766961
0.133324
0.315109
0.342037
0.0265845
0.13307
0.496124
0.0009108
0.381301
0.141331
0.0386353
0.00652278
0.221859
0.183328
0.00125092
0.259588
0.142598
0.532813
0.877987
0.693023
0.193416
0.0173224
0.000380666
0.291519
0.0381352
0.0240622
0.133544
0.0513113
0.283706
0.0406735
0.0392129
0.346979
0.47043
0.461116
0.0280029
0.056463
0.0142234
0.00607852
0.662993
0.00988881
0.0571004
0.052988
0.0940561
0.0105491
0.245092
0.0216178
0.0564971
0.218496
0.0171664
0.17115
0.494646
0.554219
0.318172
0.255151
0.0291565
0.0289141
0.492224
0.264893
0.344006
0.0219733
0.499844
0.213526
0.314464
0.130228
0.268033
0.0142482
0.360276
0.352787
0.222297
0.286103
0.354871
0.370129
0.212329
0.0156168
0.225288
0.603171
0.132779
0.57078
0.0282598
0.102281
0.323589
0.556068
0.556226
0.23797
0.408573
0.3224
0.185893
0.298949
0.424403
0.0139908
0.404226
0.147081
0.297761
0.00628777
0.558596
0.160501
0.144435
0.585122
0.147206
0.365958
0.140501
0.541595
0.189509
0.633787
0.384417
0.0276834
0.0209319
0.0236762
0.530837
0.12941
0.317853
0.275551
0.202757
0.131579
0.00983514
0.64224
0.551236
0.00727767
0.241822
0.373865
0.0648572
0.210403
0.708669
0.268089
0.777351
0.455231
0.129262
0.469538
0.147853
0.0274922
0.150491
0.263358
0.513051
0.463542
0.199151
0.0646078
0.00926439
0.00143806
0.125045
0.0938012
0.0130605
0.0155557
0.54877
0.596127
0.402715
0.348996
0.383743
0.0622574
0.369199
0.0713822
0.375001
0.393544
0.211665
0.0422673
0.00269118
0.578256
0.399854
0.296355
0.473252
0.435306
0.219766
0.607126
0.0606457
0.113482
0.27631
0.43509
0.0703345
1.05934e-05
0.0107773
0.725428
0.183895
0.32208
5.42868e-05
0.0107551
0.556066
0.0920354
0.0570337
0.505808
0.497906
0.291781
0.00814169
0.424102
0.424548
0.0615997
0.160367
0.158012
0.422439
0.224465
0.147663
0.0224729
0.331675
0.271379
0.385382
0.230318
0.333449
0.0573171
0.016524
0.300906
0.785769
0.00376549
0.219444
0.294526
0.554984
0.206805
0.000458185
0.0918628
0.00194336
0.279505
0.042862
0.756286
0.272704
0.467456
0.298621
0.286553
0.307531
0.00523705
0.0369994
0.000512741
0.2053
0.0443407
0.0232602
0.154366
0.0105366
0.00680928
0.0789434
0.331939
0.0462607
0.07738
0.000122281
8.91388e-05
0.00126472
0.00476452
0.0100544
0.126403
0.418051
0.719161
0.186388
0.194962
0.18168
0.0545722
0.152716
0.189281
0.472701
0.00084058
0.0100683
0.26784
0.452198
0.27353
0.173214
0.215509
0.00372965
0.224252
0.0510087
0.0934925
0.279644
0.401591
0.496707
0.394073
0.134569
0.131702
0.789303
0.00588238
0.0239783
0.205577
0.409726
0.000559875
0.00607323
0.137077
0.0710062
0.0175343
0.0425221
0.108564
0.583816
0.316312
0.235207
0.583446
0.0186473
0.2302
0.0940351
0.100471
0.119199
0.237556
0.27554
0.0433511
0.0431784
0.143365
0.285059
0.372899
0.825319
0.577022
0.382482
0.0132338
0.00577386
0.305486
0.0889265
0.338464
0.00436247
0.523789
0.608533
0.855757
0.183625
0.0217129
0.387241
0.0487275
0.269733
0.634366
0.0176033
0.147442
0.711682
0.618349
0.344353
0.205955
0.0416202
0.0702773
0.000303874
0.518151
0.461096
0.000543687
0.0069153
0.165228
0.231362
0.046461
0.00931365
0.177434
0.213155
0.47013
0.311458
0.00588609
0.0490497
0.274034
0.401369
0.322663
0.0985598
0.129074
0.23412
0.166237
0.00855809
0.274817
0.000192735
0.0643336
0.0432729
0.57648
0.289142
0.0503693
0.571866
0.0301665
0.0218375
0.00393899
0.0786465
0.215422
0.517201
0.306777
0.182733
0.391147
0.0237347
0.304636
0.05066
0.155462
0.619966
0.596561
0.663166
0.0352545
0.50456
0.318967
0.0267089
0.412338
0.598403
0.147946
0.720603
0.389252
0.0706907
0.3146
0.00771191
0.34098
0.0258752
0.633625
0.359564
0.491419
0.287884
0.000518486
0.0506656
0.0578843
0.442282
0.137443
0.204383
0.678497
0.12438
0.694827
0.320742
0.447841
0.406948
0.773761
0.390867
0.0462277
0.0794029
0.530056
0.511657
0.132899
0.358665
0.0182332
0.365344
0.0101019
0.526693
0.013638
0.224079
0.087742
0.28177
0.0946016
0.0916238
0.369021
0.0305088
0.393233
0.499527
0.0448239
0.142296
0.767908
0.324739
0.422657
0.0380867
0.244364
0.284658
0.0102873
0.00232312
0.237034
0.422871
0.000917622
0.114089
0.25601
0.00090762
0.257734
0.144908
0.00115474
0.0650191
0.0103315
0.287673
0.290139
0.154523
0.00387104
0.397383
0.0276544
0.551897
0.0733737
0.256938
0.00352395
0.000216784
0.149415
0.137226
0.103048
0.131401
0.286776
0.288902
0.488382
0.354641
0.00985992
0.0492341
0.105387
0.00508121
0.703409
0.573714
9.43879e-05
0.267813
0.243083
0.193191
0.686638
0.317465
0.261529
0.00372331
0.0226671
0.00618352
0.365873
0.409399
0.212885
0.00198701
0.318885
0.108049
0.00562059
0.0165974
0.0797017
0.016255
0.0636907
0.349
0.309193
0.505225
0.602822
0.181377
0.102789
0.0426232
0.331718
0.230105
0.16062
0.00878741
0.00257653
0.000599832
0.277677
0.0410227
0.693873
0.153113
0.621069
0.0565419
0.421813
0.18135
0.537419
0.446679
0.0500598
0.046326
0.0516144
0.321535
0.264336
0.0807011
0.639183
0.00448272
0.550238
0.0273248
0.30841
0.223559
0.446301
0.00508622
0.391332
0.165299
0.0784548
0.0085797
0.00806976
0.108181
0.229582
0.00141168
0.0310548
0.25043
0.0968146
0.0927665
0.590496
0.569259
0.0920072
0.484423
0.223123
0.0836385
0.0571653
0.00859126
0.00134862
0.4846
0.749114
0.0157714
0.00473575
0.0241823
0.216646
0.0543659
0.232103
0.308124
0.30739
0.0241528
0.302485
0.550237
0.0895729
0.0222761
0.639684
0.00053234
0.751061
0.249848
0.0416038
0.262577
0.0353474
0.177693
0.82381
0.0608343
0.477857
0.0391936
0.0603068
0.356578
0.328972
0.0419327
0.783575
0.371387
0.460477
0.508187
0.422944
0.282325
0.00706512
0.380391
0.343211
0.294801
0.56426
0.403594
0.186541
0.00345229
0.576295
0.108224
0.404431
0.0264639
0.538648
0.0703492
0.146628
0.0750118
0.284804
0.0195193
0.341404
0.00853632
0.310826
0.0121812
0.13532
0.180025
0.00206862
0.0431448
0.315473
0.00151133
0.515884
0.769771
0.303323
0.588688
0.398779
0.0177148
0.517039
0.760762
0.363319
0.302429
6.50733e-05
0.814389
0.512549
0.102996
0.200391
0.193375
0.209201
0.220416
0.631871
0.550536
0.446872
0.120859
0.031874
0.354113
0.0138201
0.373016
0.176025
0.120874
0.0435878
0.0622236
0.402405
0.194436
0.62621
0.334369
0.233841
0.128889
0.75624
0.387852
0.00598472
0.382015
0.0105944
0.014015
0.336535
0.0416335
0.391775
0.174671
0.523186
0.302076
0.26487
0.316237
0.320808
0.0237021
0.0136764
0.411272
0.705099
0.113426
0.79208
0.199833
0.46542
0.696272
0.0105156
0.0520365
0.216539
0.343761
0.370959
0.0478431
0.403519
0.0252743
0.353266
0.317538
0.0578084
0.259592
0.00565954
0.530126
0.0418222
0.62027
0.00404005
0.0781766
0.0104004
0.0312371
0.0328251
0.477544
0.00550165
0.00898817
0.578955
0.00563171
0.00955461
0.0750919
0.00325831
0.590857
0.542809
0.218526
0.0210569
0.229665
0.0301449
0.610291
0.78561
0.374297
0.378684
0.670016
0.292889
0.00223147
0.456362
0.0115113
0.478862
0.538942
0.00530967
4.52754e-05
0.0446165
0.0508422
0.0601795
0.00242308
0.349245
0.165545
0.149491
0.0896853
0.20667
0.602101
0.297877
0.011418
0.007066
0.804053
0.600456
0.249107
0.189709
0.75997
0.619111
0.46827
0.728294
0.0040392
0.000530779
0.340968
0.0200811
0.227562
0.497358
0.220664
0.473375
0.144248
0.434422
0.37666
0.423398
0.0919419
0.0087291
0.454184
0.197566
0.0478163
0.300471
0.823021
0.559993
0.690857
0.225685
0.00129375
0.278466
0.0261785
0.723171
0.514734
0.00106329
0.631658
0.648446
0.46162
0.54417
0.0659039
0.411664
0.133588
0.228977
0.293202
0.170613
0.234642
0.0946567
0.000480088
0.0186396
0.000813015
0.133915
0.425752
0.2956
0.329302
0.0308497
0.0219548
0.146577
0.206509
0.280838
0.15401
0.0554094
0.0392731
0.52539
0.222614
0.00547073
0.0427775
0.0156037
0.0702103
0.278695
0.123131
0.490319
0.000772368
0.0209482
0.590075
0.466321
0.000325787
0.269198
0.334727
0.000234846
0.41093
0.399749
0.00937428
0.316598
0.1755
0.169182
0.579438
0.232117
0.312094
0.570343
0.66161
0.0903737
0.324048
0.489439
0.290134
0.0910783
0.401251
0.351252
0.37119
0.183841
0.492129
0.27429
0.0749644
0.267309
0.0787282
0.0645764
0.573321
0.386695
0.326193
0.237115
0.000788078
0.216921
0.158413
0.487626
0.403609
0.0505526
0.293561
0.020083
0.457447
5.55027e-05
0.709227
0.237021
0.026148
0.0120829
0.816973
0.280105
0.0131146
0.0128858
0.0279681
0.0198593
0.353829
0.455133
0.691524
0.0519467
0.107979
0.42201
0.00949205
0.00107766
0.337487
0.0168096
0.181419
0.523749
0.000535578
0.41043
0.114098
0.233488
0.138795
0.0337191
0.218173
0.398128
0.163715
0.415845
0.000808011
0.522628
0.0012651
0.0731077
0.388287
0.0391174
0.312864
0.159883
0.134338
0.474751
0.0769455
0.0709769
0.269571
0.132373
0.0564005
0.0124811
0.126416
0.516028
0.0748258
0.0346709
0.318504
0.659945
0.607583
0.286148
0.0258187
0.00871053
0.302147
0.0164277
0.366146
0.00152528
0.162515
2.3328e-06
0.293298
0.127599
0.306664
0.299016
0.23889
0.341693
0.402631
0.0852609
0.0107486
0.291412
0.190699
0.0348559
0.735807
0.0080876
0.00562257
0.298048
0.00766952
0.468197
0.545709
0.41736
0.300566
0.00911826
0.0204275
0.028628
0.163709
0.0287597
0.467787
0.058527
0.0682135
0.0198885
0.000869938
0.209192
0.63697
0.061362
0.000112245
0.218466
0.350041
0.0389713
0.113196
0.31957
0.000748984
0.00202299
0.0012544
0.703203
0.0124342
0.342722
0.0680836
0.229907
0.154175
0.514705
0.0336999
0.0918846
0.138693
0.00347359
0.000764255
0.0420977
0.592778
0.0329807
0.284112
0.518856
0.60121
0.0847318
0.0757178
0.292847
0.477416
0.145796
0.815275
0.590427
0.232682
0.399484
0.00992768
0.412466
0.0403724
0.139782
0.251611
0.461578
0.00871398
0.154742
0.138521
0.0681248
0.048051
0.854248
0.498449
0.447915
0.0127601
0.264128
0.186252
0.0256197
0.582642
0.701376
0.241938
0.0420156
0.0117145
0.00883573
0.0179351
0.00126428
0.22061
0.00199788
0.151666
0.143721
0.374548
0.00173529
0.000395031
0.333184
0.00705376
0.0483894
0.0381676
0.379752
0.170002
0.157783
0.224884
0.0887358
0.412385
0.00605951
0.0124917
0.195487
0.316016
0.168743
0.415228
0.0827613
0.0510463
0.0837287
0.0070081
0.00560992
0.789911
0.108355
0.00936436
0.13297
0.0875211
0.356066
0.172398
0.00481313
0.0264561
0.292571
0.0359342
0.298088
0.236283
0.340944
0.245833
0.0171875
0.119533
0.320724
0.449726
0.133862
0.0472532
0.446305
0.136295
0.227782
0.237372
0.0432919
0.0335093
0.151076
0.464483
0.44093
0.164819
0.0619337
0.337392
0.0821854
0.047293
0.295393
0.162776
0.613998
0.66686
0.0546606
0.0069489
0.0192958
0.0144876
0.101202
0.453444
0.61241
0.287526
0.435685
0.0836038
0.602955
0.286666
0.241097
0.0512096
0.47895
0.342596
0.728092
0.317734
0.271424
0.0401878
0.407619
0.0725177
0.00720198
0.00539277
0.18059
0.145123
0.520917
0.675395
0.737414
0.323583
0.422796
0.076546
0.228995
0.446206
0.00714481
0.0299783
0.0542491
0.0134913
0.00891157
0.126333
0.0122331
0.490752
0.505372
0.0066178
0.0217849
0.0893415
0.329474
0.306981
0.0172248
0.00371617
0.20296
0.0177956
0.383829
0.355321
0.474732
0.451637
0.0167522
0.0625905
0.000228944
0.00512731
0.308183
0.344253
0.362478
0.504163
0.00131924
0.00276867
0.0203774
0.0010628
0.47707
0.736719
0.251383
0.00251753
0.26864
0.168306
0.149076
0.0165417
0.0190674
0.301895
0.243838
0.0989063
0.208908
0.43009
0.203101
0.30524
0.040478
0.297273
0.338078
0.0063804
0.223306
0.695463
0.000961051
0.219508
0.246548
0.0261195
0.725192
0.0336135
0.00112194
0.731595
0.0200735
0.000434634
0.140186
0.0673583
0.531058
0.362229
0.000490654
0.364637
0.412856
0.145815
0.383956
0.639647
0.019808
0.0815565
0.2455
0.30372
0.277967
0.219046
0.036723
0.411369
0.0228151
0.465454
0.297941
0.120842
0.365719
0.299284
0.0471322
0.223319
0.223329
0.220312
0.0418998
0.701603
0.144332
0.0799311
0.0802664
0.164944
0.0929739
0.0653881
0.148184
0.701276
0.183634
0.374451
0.53481
0.225848
0.115187
0.0576418
0.564832
0.202262
0.526501
0.0654484
0.193749
0.000128101
0.000676802
0.446507
0.15126
0.381143
0.313784
0.0252612
0.000287393
0.0566363
0.0923414
0.112382
0.628905
0.534488
0.00285747
0.105145
0.190575
0.613815
0.095548
0.512146
0.0830128
0.618895
0.259312
0.00585674
0.272917
0.0720925
0.00235677
0.0167814
0.391053
0.247299
0.00402109
0.176911
0.0122903
0.127887
0.506723
0.421757
0.334204
0.518561
0.402037
0.299776
0.00271333
0.522679
0.227621
0.283602
0.377194
0.189676
0.80489
0.181451
0.232265
0.327412
0.362203
0.00775175
0.358991
0.258585
0.503622
0.682188
0.0120606
0.30963
0.33302
0.76498
0.2396
0.299302
0.0379537
0.203542
0.00732975
0.0372132
0.896025
0.0183861
0.424427
0.645146
0.0545711
0.0632078
0.00306065
0.0531983
0.271245
0.0583848
0.0181783
0.435498
0.00037179
0.254972
0.00663698
0.359819
0.238834
0.175413
0.0501772
0.177055
0.457954
0.0547897
0.15711
0.0706011
0.801545
0.0392862
0.580812
0.778718
0.0202518
0.017347
0.281718
0.242576
0.187562
0.387353
0.00542812
0.390852
0.326897
0.0926068
0.287025
0.00172731
0.393396
0.517446
0.46461
0.00701516
0.00259803
0.573481
0.0651691
0.364987
0.426346
0.0230666
0.382711
0.000447029
0.314647
0.0980412
0.094579
0.0347326
0.0114797
0.0072361
0.43318
0.00028827
0.122866
0.00477408
0.095996
0.169284
0.229587
0.113472
0.0175107
0.273724
0.0113639
0.258983
0.152913
0.263805
0.559266
0.0453423
0.263669
0.114115
0.566435
0.480671
0.467878
0.0685067
0.441426
0.0912001
0.382057
0.38196
0.00285096
0.614686
0.274101
0.328689
0.421844
0.0481958
0.524467
0.139195
0.278157
0.00650087
0.132649
0.616727
0.0216102
0.0956339
0.494255
0.132987
0.563949
0.302266
0.151932
0.472365
0.00304222
0.272799
0.200077
0.00483263
0.23343
0.126831
0.253204
0.00818459
0.447513
0.21417
0.0473509
0.023856
0.507535
0.282232
0.46285
0.497194
0.00122781
0.499717
0.0739524
0.0902018
0.282104
0.0422869
0.650724
0.320904
0.148005
0.297763
0.028145
0.227407
0.454084
0.00875226
0.288054
0.199824
0.0658008
0.0408105
0.715896
0.352949
0.261375
0.566857
0.0886091
0.0348117
0.0104738
0.0521739
0.111082
0.00125382
0.254207
0.0334236
0.695854
0.100684
0.305927
0.2984
0.601308
0.233823
0.219801
0.3987
0.0409078
0.294394
0.585136
0.0733763
0.154861
0.200276
0.000797913
0.00317767
0.0260075
0.205178
0.480752
0.109986
0.350209
0.0149948
0.677346
0.261176
0.651837
0.306315
0.486178
0.289417
0.364896
0.109661
0.20499
0.0214495
0.191342
0.549688
0.446623
0.692971
0.0279591
0.102676
0.157507
0.101864
0.40581
0.722311
0.337576
0.141053
0.00882331
0.506803
0.394418
0.00986861
0.349347
0.232698
0.332043
0.364838
0.0360698
0.0282981
0.305255
0.310478
0.337163
0.0419146
0.448425
0.00162125
0.125023
0.00985443
0.0448802
0.256259
0.587358
0.370288
0.278329
0.316515
0.374071
0.534376
0.0384839
0.541802
0.022807
0.462273
0.459001
0.00878859
0.00574401
0.4613
0.677772
0.0579274
0.267042
0.15157
0.390568
0.0168687
0.246776
0.270101
0.0716561
0.123693
0.0829724
0.156948
0.400422
0.214844
0.180502
0.519819
0.00402146
0.227565
0.664791
0.639607
0.0096203
0.0294608
0.124391
0.040703
0.476673
0.636156
0.33423
0.178876
0.15277
0.683982
0.0200673
0.61356
0.297091
0.000485883
0.266014
0.0057176
0.0334314
0.555966
0.111418
0.470181
0.288418
0.508185
0.0509029
0.275674
0.204491
0.768528
0.0304906
0.25032
0.0825576
0.0703616
0.107722
0.30262
0.374349
0.00530216
0.011039
0.225611
0.353739
0.480137
0.010542
0.499793
0.0747069
0.45718
0.00695548
0.538708
0.035747
8.99609e-05
0.0488783
0.0610135
0.116228
0.175155
0.0515771
0.0435404
0.167228
0.101207
0.00799371
0.531521
0.0177804
0.362808
0.233729
0.0752968
0.00454087
0.54235
0.291186
0.0193079
0.0065848
0.0946522
0.0419085
0.102857
0.103659
0.458058
0.264157
0.0627822
0.484527
0.0188416
0.515327
0.108636
0.00413675
0.000960737
0.0178767
0.0126615
0.580282
0.121487
0.0457668
0.294554
0.502618
0.0375519
0.519965
0.39177
0.128954
0.5796
0.299635
0.0511394
0.167714
0.000192095
0.125979
0.805144
0.0125986
0.152692
0.116438
0.41528
0.238275
0.345517
0.315476
0.645064
0.0773315
0.00370923
0.044327
0.639916
0.303808
0.515308
0.00959631
0.0028267
0.418415
0.15127
0.527276
0.00534849
0.00641789
0.274934
0.027018
0.594031
0.680887
0.114569
0.348551
0.346453
0.000929211
0.0035837
0.296518
0.122882
0.0308927
0.85583
0.165564
0.124782
0.00280648
0.347772
0.000835246
0.705311
0.259612
0.220638
0.676628
0.247936
0.550641
0.00325667
0.00493553
0.0471327
0.0574517
0.155661
0.51486
0.0109314
0.211275
0.0520415
0.00483085
0.72348
0.0676253
0.0919245
0.169803
0.823533
0.213431
0.00350956
0.466923
0.0172134
0.000288115
0.0175106
0.63371
0.696289
0.703808
0.10665
0.597279
0.306757
0.27049
0.155078
0.448381
0.617771
0.370947
0.310712
0.0602645
0.00894688
0.30458
0.183445
0.399275
0.204006
2.91605e-05
0.611734
0.297968
0.000177845
0.0102758
0.246425
0.51118
0.0214241
0.395142
0.358977
0.215854
0.00102694
0.241087
0.44944
0.112018
0.187277
0.0340483
0.180784
0.387574
0.579527
0.0643406
0.159741
0.688228
0.872102
0.236152
0.113033
0.751639
0.174489
0.00534847
0.0274483
0.0067151
0.305918
0.710418
0.141545
0.293999
0.196929
0.231964
0.100409
0.00994991
0.120453
0.516987
0.186989
0.864945
0.00528925
0.0291514
0.146756
0.243802
0.111819
0.561693
0.176777
0.103195
0.0434154
0.0102926
0.208815
0.420111
0.156262
0.177974
0.784058
0.00141206
0.563896
0.344886
0.0772334
0.282097
0.242382
0.0996882
0.0185804
0.379034
0.00853075
0.00646921
0.511307
0.00128399
0.45258
0.00987079
0.0481796
0.00643726
0.292571
0.00976589
0.691005
0.0101782
0.576671
0.168126
0.200179
0.665505
0.00601165
0.231589
0.183613
0.332727
0.209973
0.302282
0.272075
0.0249453
0.417025
0.0105046
0.290238
0.00320846
0.335128
0.0303497
0.236969
0.00154635
0.0396734
0.0184638
0.0385303
0.496302
0.665475
0.508655
0.713391
0.0983969
0.451297
0.000861642
0.200934
0.162996
0.505337
0.0157325
0.0486134
0.106455
0.316806
0.112756
0.547818
0.0496331
0.0517424
0.101257
0.00285859
0.000725464
0.0600612
0.166739
0.279476
0.214764
0.310275
0.694857
0.467466
0.318649
0.00438888
0.393643
0.0381221
0.00050596
0.289076
0.0239409
0.217063
0.381341
0.00258675
0.175655
0.124498
0.0133167
0.532041
0.0201637
0.0872832
0.292757
0.222643
0.293976
0.43689
0.0215641
0.249181
0.226482
0.46291
0.261547
0.370078
0.366876
0.254041
0.650864
0.654418
0.495312
0.318186
0.0237951
0.354645
0.300015
0.238096
0.380785
0.268484
0.03881
0.607455
0.120488
0.0329646
0.486264
0.349029
0.527477
0.231234
0.850712
0.562293
0.0690325
0.0237698
0.278882
0.00862904
0.297611
0.000192996
0.549788
0.00394712
0.00317397
0.00538981
0.551994
0.0182733
0.33022
0.296701
0.117999
0.00291234
0.139631
0.249669
0.293586
0.00465099
0.144807
0.108814
0.457096
0.000244888
0.422257
0.0413116
0.276733
0.466679
0.0486725
0.300602
0.4588
0.22764
0.000681056
0.0115091
0.45528
0.634911
0.202211
0.495037
0.255458
0.595533
0.367455
0.302814
0.323423
0.524322
0.575121
0.00492156
0.214383
0.00601427
0.315232
0.0402496
0.0586494
0.681132
0.330081
0.138084
0.490915
0.020233
0.254826
0.123564
0.405589
0.503659
0.532356
0.0150349
0.0619074
0.0719542
0.165323
0.0896136
0.198518
0.0547219
0.630697
0.00229227
0.333879
0.017958
0.00160376
0.624261
0.061998
0.428788
0.348446
0.112836
0.289817
0.656346
0.194905
0.00330439
0.00409756
0.00703485
0.232916
0.146017
0.0372459
0.20013
0.121015
0.0296482
0.363091
0.178746
0.244852
0.000289777
0.0518829
0.183027
0.15894
0.106147
0.303983
0.334626
0.206764
0.111216
0.500513
0.27876
0.057638
0.151711
0.565113
0.41545
0.561533
0.195207
0.324292
6.3279e-05
0.186092
0.541027
0.325819
0.00538568
0.270374
0.124466
0.00504212
0.333782
0.335321
0.284872
0.139589
0.302944
0.527288
0.0235228
0.183215
0.229973
0.182384
0.298062
0.079124
0.546586
0.398675
0.082159
0.00120423
0.0573852
0.27379
0.603639
0.168362
0.335025
0.00260349
0.044557
0.0303276
0.0360873
0.381408
0.0142096
0.215441
0.0775549
0.0744588
0.54713
0.000386565
0.196458
0.143584
0.00438962
9.6109e-05
0.647966
0.0997843
0.0230051
0.344469
0.296668
0.00684614
0.276996
0.265888
8.00461e-05
0.0182024
0.0025839
0.336643
0.297012
0.196871
0.0871597
0.148057
0.037353
0.146557
0.0635535
0.111762
0.207596
0.00519847
0.388796
0.125194
0.00459974
0.170376
0.0248686
0.211752
0.342493
0.211318
0.420822
0.0178166
0.000521037
0.518749
0.130341
0.127805
0.184153
0.873007
0.463172
0.0464775
0.533224
0.446999
0.0103728
0.0301884
0.198911
0.725968
0.000719605
0.593464
0.688026
0.621315
0.0173776
0.0733102
0.00756709
0.671716
0.509244
0.272347
1.1124e-05
0.120492
0.255612
0.306627
0.232828
0.529683
0.255578
0.191723
0.235234
0.0888596
0.232406
0.623256
0.290937
0.385556
0.0180124
0.00582146
0.661306
0.251235
0.0178298
0.0804717
0.107732
0.525502
0.548454
0.0541413
0.00563326
0.609818
0.0839414
0.0323506
0.132364
0.523804
0.0576719
0.0179523
0.054461
0.0776593
0.27792
0.558553
0.202517
0.200569
0.0111727
0.603596
0.00709433
0.0718335
0.0161596
0.195407
0.554798
0.0321583
0.266405
0.296846
0.019447
0.387706
0.0302776
0.0921901
0.115505
0.0804543
0.0545239
0.192772
0.00197304
0.0736152
0.175107
0.0210672
0.0108437
0.402405
0.704142
0.462266
0.0967313
0.0375525
0.530764
0.296931
0.000771916
0.30424
0.351406
0.0148388
0.421489
0.408885
0.210467
0.200886
0.566408
0.133927
0.223505
0.000378855
0.607439
0.232973
0.00336117
0.522318
0.119101
0.343767
0.181854
0.00309959
0.00412433
0.225286
0.0101616
0.20995
0.593712
0.029431
0.387832
0.298651
0.150327
0.191571
0.0115691
0.384251
0.729703
0.471454
0.0145213
0.149314
0.00958081
0.125997
0.0524419
0.107824
0.117516
0.00856281
0.566066
0.334239
0.0245826
0.405317
0.29716
0.549083
0.609854
0.400701
0.611044
0.0100548
0.0827217
0.218074
0.298209
0.220215
0.393359
0.170632
0.0517403
0.0741169
0.000530683
0.209343
0.293102
0.0762789
0.000474579
0.00777902
0.0833458
0.450248
0.0243997
0.017442
0.025187
0.298133
0.431938
0.264751
0.100407
0.523794
0.14487
0.0695156
0.501895
0.105908
0.00279729
0.134203
0.230531
0.645945
0.000724593
0.29909
0.570178
0.364252
0.0310559
0.568397
0.104795
0.329054
0.00190032
0.263999
0.113245
0.00836758
0.0924155
0.212993
0.251548
0.147565
0.011815
0.033243
0.0851675
0.00665855
0.180948
0.33342
0.000999937
0.00162782
0.133025
0.446782
0.167037
0.274494
0.441119
0.256513
0.620737
0.46211
0.0502843
0.21608
0.102987
0.028261
0.244957
0.632105
0.367311
0.0946357
0.081954
0.0286241
0.073764
0.0952268
0.504512
0.0074747
0.0366615
0.125122
0.000294321
0.201157
0.378592
9.40923e-06
0.111264
0.0462948
0.668955
0.329591
0.0829896
0.182963
0.375674
0.0749177
0.050552
0.505396
0.274342
0.886885
0.538352
0.53269
0.114716
0.0083187
0.910013
0.416147
0.25926
0.239988
0.114438
0.181829
0.618773
0.613683
0.148885
0.24283
0.000331049
0.270188
0.000550531
0.369463
0.206767
0.00217996
0.1592
0.0856046
0.0447478
0.292018
0.0161998
0.0101164
0.0934577
0.283542
0.644087
0.140206
0.434388
0.217377
0.047635
0.261003
0.630391
0.516008
0.731959
0.152285
0.115085
0.351627
0.0749322
0.0024489
0.00389329
0.297356
0.308551
0.354131
0.0421219
0.259691
0.345701
0.382756
0.123385
0.0150333
0.379473
0.000150739
0.664592
0.515152
0.359672
0.364774
0.440186
0.00060537
0.0636978
0.51344
0.00244669
0.493081
0.0184548
0.00157767
0.474661
0.165045
0.101318
0.325319
0.450772
0.000306568
0.00533408
0.280781
0.271607
0.00855392
0.0396454
0.281814
0.677862
0.0650162
0.00112422
0.0169784
0.00618917
0.0584272
0.00268538
0.104819
0.477646
0.206746
0.0403272
0.0235301
0.0116315
0.0506417
0.0143479
0.631044
0.128827
0.548833
0.173835
0.341107
0.000686592
0.000655092
0.658891
0.529577
0.00441315
0.311454
0.203125
0.144527
0.261395
0.258897
0.537581
0.315007
0.124903
0.410733
0.236861
0.487207
0.227427
0.210879
0.0747719
0.386579
0.0600839
0.0340809
0.711067
0.0509287
0.0905122
0.734177
0.335683
0.0906942
0.0420717
0.00279151
0.749188
0.107366
0.396164
0.43237
0.0410794
0.231583
0.0716844
0.555181
0.0139167
0.649917
0.749133
0.300926
0.564372
0.123943
0.116137
0.181925
0.415764
0.579533
0.151061
0.876961
0.136148
0.553874
0.0120878
0.011152
0.306599
0.30076
0.255023
0.000717234
0.312076
0.569793
0.169748
0.115732
0.0532181
0.253867
0.0937385
0.264376
0.338494
0.535133
0.0917462
0.0507349
0.390078
0.124725
0.250319
0.759366
0.303334
0.0760159
0.0885366
0.00162835
0.189043
0.0475331
0.00221677
0.020806
0.395907
0.382073
0.422318
0.000100395
0.690257
0.319824
0.268389
0.522219
0.00251558
0.706975
0.0720323
0.47418
0.0278049
0.312966
0.338401
0.488637
0.0727839
0.0597988
0.00862247
0.278974
0.725346
0.379859
0.213729
0.291228
0.263987
0.0526765
0.511284
0.181915
0.107759
0.248759
0.33032
0.588284
0.393165
0.15809
0.0778885
0.00014648
0.000193686
0.294249
0.0900332
0.296362
0.302116
0.0920497
0.0846518
0.717109
0.00218727
0.522752
0.399233
0.0946775
0.000629138
0.0851837
0.0260979
0.389888
0.403389
0.424432
0.000757516
0.101748
0.02142
0.623541
0.377925
0.0159623
0.50611
0.156392
0.00686979
0.120129
0.327863
0.437736
0.528254
0.485025
0.510455
0.243834
0.0445301
0.149637
0.133661
0.00101195
0.148369
0.275087
0.596076
0.670868
0.0277361
0.00022794
0.36244
0.226397
0.274617
0.0196953
0.833821
0.723757
0.0166631
0.391728
0.393491
0.257304
0.0159897
0.650615
0.0409213
0.295034
0.54582
0.10464
0.508462
0.220801
0.290502
0.0118717
0.0632993
0.000299795
0.0505704
0.0770805
0.16703
0.764698
0.442169
0.499234
0.0773308
0.24147
0.451625
0.0911599
0.353999
0.415207
0.00710142
0.339393
0.355672
0.201308
0.282318
0.641021
0.327576
0.00152814
0.319144
0.232209
0.454783
0.000971472
0.31209
0.0348812
0.000546845
0.458946
0.595244
0.262572
0.000231894
0.452763
0.231136
0.0755051
0.418741
0.440246
0.729069
0.0394021
0.0843463
0.0259664
0.383668
0.437671
0.0109197
0.315322
0.161955
0.00727785
0.558537
2.42888e-05
0.335825
0.0130586
0.756108
0.188397
0.235605
0.678795
0.425741
0.745855
0.00546646
0.399049
0.32097
0.0273861
0.253308
0.474474
0.0417347
0.445226
0.00476532
0.575274
0.0153944
0.294769
0.493797
0.402189
0.372909
0.000886252
0.845304
0.00227221
0.375892
0.160963
0.073245
0.0320575
0.663237
0.708161
0.00245286
0.00129682
0.108422
0.138516
0.302086
0.100574
0.0506218
0.176775
0.117454
0.413011
0.0929134
0.301206
0.111912
0.208204
0.0481331
0.35938
0.00442931
0.390828
0.257
0.597856
0.310958
0.617289
0.858832
0.520142
0.28411
0.140595
0.294912
0.19282
0.247076
0.196389
0.0464163
0.524014
0.01464
0.103391
0.443114
0.358634
0.231271
0.590271
0.0540928
0.127698
0.448594
0.0518173
0.146365
0.256604
6.90334e-05
0.0675526
0.122818
0.0764089
0.015206
0.64053
0.163062
0.00384023
0.341112
0.444954
0.000413995
0.0457831
0.785861
0.154826
0.642966
0.582222
0.576959
0.274194
0.518618
0.382173
0.00231233
0.0391196
0.124589
0.47718
0.18596
0.131802
0.356725
0.00344574
0.17187
0.360336
0.357292
0.445592
0.163408
0.306136
0.12646
0.137261
0.433546
0.0592278
0.00168228
0.659642
0.0974075
0.000138039
0.240845
0.237279
0.449253
0.190048
0.314184
0.00471837
0.229597
0.375599
0.369907
0.523777
0.0774134
0.491939
0.00213956
0.0639047
0.469462
0.115791
0.261207
0.167669
0.494093
0.0069335
0.270612
0.318598
0.123168
0.000854182
0.0631988
0.660264
0.346729
0.207742
0.192171
0.0094532
0.184367
0.0204319
0.0450526
0.63641
0.661617
0.379209
0.31076
0.165446
0.181625
0.568626
0.508264
0.39337
0.210811
0.00580428
0.501157
0.0191002
0.195512
0.34827
0.0526913
0.0224237
0.251857
0.0204196
0.205091
0.294962
0.550348
0.418951
0.42305
0.441445
0.00929925
0.0010048
0.0423926
0.367485
0.0307663
0.0126811
0.42535
0.581203
0.260868
0.118432
0.305515
0.239613
0.169724
0.229159
0.494058
0.0532809
0.212374
0.0240998
0.58759
0.0150522
0.453932
0.0012314
0.241507
0.00203337
0.322164
0.0454483
0.0889235
0.227713
0.427367
0.249142
0.00333464
0.409859
0.0107611
0.422886
0.0836148
0.13121
0.000757832
0.013056
0.781981
0.339573
0.236698
0.413722
0.282345
0.326404
0.0614373
0.163715
0.690334
0.0312076
0.095182
0.498004
0.262567
0.295433
0.00132776
0.0260296
0.0924143
0.0027172
0.602919
0.209546
0.0187289
0.0209489
0.0272409
0.291789
0.305016
0.308768
0.0204249
0.593729
0.443514
0.310028
0.349709
0.140308
0.325881
0.464736
0.0175143
0.507972
0.0347604
0.0555798
0.0170899
0.404525
0.531578
0.0207461
0.279683
0.0171445
0.0655135
0.592885
0.290713
0.456736
0.614915
0.000225461
0.00553752
0.292356
0.0246346
0.065941
0.0348789
0.540144
0.226147
0.71579
0.387461
0.0771589
0.221718
0.000272964
0.581033
0.0399124
0.0156151
0.560444
0.549444
0.250363
0.183364
0.113141
0.14799
0.00194335
0.00302432
0.592963
0.181012
0.0537174
0.131657
0.00972081
0.16514
0.0502846
0.00024161
0.0703681
0.648999
0.574468
0.764246
0.00528606
0.141721
0.0961966
0.308445
0.386238
0.272093
0.0300768
0.0352992
0.628406
0.00115278
0.409984
0.335005
0.00265972
0.0149018
0.234881
0.457206
0.471574
0.489241
0.0076253
0.0790589
0.00649207
0.18816
0.159164
0.703292
0.029697
0.00907288
0.380504
0.0869209
0.466986
0.0874196
0.0345686
0.234931
0.416469
0.0119969
0.0462837
0.00646359
0.573861
0.228181
0.21392
0.486753
0.0357034
0.126795
0.0307034
0.00965097
0.538655
0.107567
0.143323
0.0442824
0.0171318
0.00117
0.411802
0.358886
0.54552
0.0129553
0.372775
0.0191424
0.0419216
0.254531
0.0909204
0.000993471
0.643458
0.00845424
0.00369308
0.0586351
0.567321
0.16012
0.00478977
0.213639
0.601388
0.308403
0.248854
0.0233934
0.0425023
0.412872
0.253868
0.297335
0.354906
0.307489
0.0276895
0.0257599
0.519339
0.161168
0.621108
0.329016
0.100113
0.0342253
0.0926532
0.388451
0.543078
0.0597297
0.458969
0.173198
0.569439
0.654585
0.132403
0.381681
0.0059365
0.0143837
0.505141
0.181699
0.453327
0.242142
0.312883
0.0282064
0.320081
0.463595
0.0232794
0.00860133
0.254348
0.343757
0.0272448
0.0423745
0.435431
0.0776935
0.0928505
0.0629071
0.313984
0.319765
0.127438
0.0721802
0.337566
0.139904
0.612504
0.188391
0.178965
0.0268698
0.0082402
0.255306
0.00337966
0.00708498
0.319064
0.842863
0.00576612
0.0423991
0.033868
0.265166
0.337991
0.0174792
0.00316014
0.321318
0.0304805
0.0377393
0.0010526
0.364303
0.371824
0.299762
0.130053
0.00134044
0.15599
0.0728013
0.526576
0.215494
0.328475
0.837676
0.345255
0.329891
0.569967
0.0742691
0.253201
0.0785265
0.00834004
0.0200795
0.00601917
0.318229
0.0434204
0.0648324
0.508903
0.0912402
0.113264
0.0423237
0.161864
0.777231
0.0295857
0.558873
0.157165
0.268436
0.532728
0.335149
0.289201
0.142126
0.573366
0.50497
0.0452188
0.00910902
0.00267944
0.517704
0.234726
0.0394067
0.00383291
0.316238
0.0197121
0.127205
0.167055
0.579704
0.841344
0.0978386
0.615183
0.410653
0.0286274
0.372175
0.12642
0.292084
0.0120602
0.770459
0.0308032
0.520424
0.0786854
0.372237
0.0419781
0.00031871
0.136675
0.122392
0.113289
0.066802
0.44522
0.439669
0.192124
0.328949
0.271973
0.0112291
0.273617
0.362138
0.0591721
0.255969
0.00139273
0.640295
0.00549668
0.585219
0.247651
0.262195
0.0338048
0.344745
0.0524759
0.000435478
0.121667
0.482289
0.134991
0.358291
0.576241
0.54829
0.124919
0.142176
0.0174152
0.295969
0.00765455
0.0877327
0.00158224
0.268625
0.0781178
0.186933
0.214202
0.128546
0.0919077
0.0101936
0.0364717
0.0777035
0.196213
0.0210454
0.0218841
0.338724
0.498741
0.0781202
0.00362755
0.117815
0.219341
0.0620731
0.318856
0.0410717
0.412172
0.545397
0.0213632
0.00123419
0.279217
0.347278
0.0803502
0.0954546
0.147767
0.0724619
0.00701993
1.46533e-05
0.0257109
0.0574271
0.549929
0.0314491
0.453292
0.389458
0.451898
0.0442295
0.334197
0.376374
0.00290816
0.528671
0.0234769
0.29558
0.29144
0.296369
0.7117
0.719199
0.019901
0.30217
0.0392219
0.176251
0.0157569
0.537607
0.745482
0.522977
0.53039
0.0528853
0.203946
0.267408
0.557286
0.140233
0.571297
0.702729
0.726991
0.383743
0.0874328
0.277913
0.0670199
0.328085
0.794867
0.274332
0.0508717
0.122059
0.48642
0.077539
0.00574787
0.130294
0.450704
0.115368
0.00387281
0.47596
0.176776
0.0311192
0.297985
0.0893377
0.0633015
0.391038
0.0455418
0.510286
0.867231
0.392791
0.456464
0.410898
0.28896
0.0894306
0.329746
0.0012679
0.663258
0.387043
0.310856
0.146335
0.0522228
0.0120976
0.189922
0.00101333
0.190951
0.000793606
0.735807
0.0711375
0.217776
0.321881
0.00444656
0.162633
0.612641
0.00120368
0.280203
0.49212
0.248545
0.426046
0.121818
0.00368851
0.301809
0.0355573
0.00769565
0.350504
0.474113
0.327853
0.222234
0.0218275
0.000450574
0.491926
0.438003
0.0622059
0.22485
0.324253
0.448666
0.265275
0.00878333
0.289722
0.184091
0.00456919
0.000617827
0.519052
0.260613
0.00417008
0.46178
0.00723685
0.809929
0.373134
0.544374
0.666041
0.637647
0.100909
0.393109
0.524215
0.631079
0.722848
0.299134
0.0768388
0.221813
0.000185315
0.0456036
0.511216
0.0576298
0.0457823
0.0283694
0.421809
0.559346
0.293571
0.214937
0.727796
0.0227074
0.0957601
0.20333
0.613183
0.00451542
0.387697
0.00120393
0.107106
0.00537755
0.640749
0.0969564
0.289256
0.174274
0.0772769
0.0394985
0.226383
0.00301812
0.237146
0.0106857
0.136191
0.633144
0.320521
0.354562
0.00465769
0.0689647
0.344794
0.249456
0.295579
0.248163
0.312308
0.154736
0.0481774
0.0885369
0.394091
0.023574
0.0973624
0.00857761
0.095167
0.0311305
0.364088
0.142107
0.328175
0.114307
0.00197692
0.236152
0.0661482
0.00195559
0.137086
0.223685
0.000279087
0.0598428
0.0261946
0.660146
0.0583625
0.325574
0.156348
0.0951306
0.571577
0.429679
0.449932
0.784484
0.735461
3.72241e-05
0.224006
0.0738844
0.480096
0.763983
0.0854701
0.398409
0.513707
0.245525
0.0049827
0.3357
0.110115
0.362567
0.320862
0.41824
0.600704
0.0123187
0.211869
0.362071
0.333856
0.30367
0.0552533
0.0442001
0.00296255
0.371485
0.316409
0.751873
0.0458952
0.0939185
0.108426
0.294348
0.00476587
0.362273
0.34693
0.154331
0.628514
0.236884
0.00907351
0.0696857
0.364534
0.236534
0.0111963
0.0265181
0.252745
0.0178341
0.130571
0.0750071
0.215218
0.00753754
0.00229262
0.0465744
0.170494
0.114164
0.214968
0.564121
0.182247
0.409858
0.00738015
0.27076
0.172004
0.30855
0.30178
0.368646
0.541806
0.0042317
0.492452
0.0996664
0.0284532
0.000110723
5.16019e-05
0.405309
0.273782
0.678702
0.210655
0.24494
0.501741
0.0558933
0.244715
0.461128
0.365461
0.0581011
0.378864
0.116735
0.078983
0.00101476
0.0280263
0.263898
0.21244
0.640977
0.00045714
0.0822605
0.0101422
0.0807344
0.120175
0.247661
0.461172
0.0979559
0.210884
0.006653
0.287795
0.00511218
0.235264
0.835271
0.0732489
0.0809456
0.16725
0.199948
0.0724005
0.324815
0.0874421
0.199765
0.235705
0.131508
0.277173
0.0734111
0.477778
0.529418
0.316164
0.00368486
0.587323
0.175977
0.210485
0.379157
0.37757
0.226928
0.267843
0.355887
0.0283743
0.328599
0.00928146
0.349329
0.305732
0.71513
0.35541
0.00196942
0.62958
0.189599
0.181454
0.235424
0.319854
0.0554398
0.077992
0.168602
0.0233224
0.00366088
0.241681
0.103861
0.117629
0.250154
0.252519
0.0055679
0.0730332
0.205746
0.297959
0.583565
0.305654
0.0909204
0.460389
0.176325
0.341884
0.00632753
0.00160847
0.00797293
0.304077
0.000599057
0.00300501
0.332456
0.272505
0.0602233
0.114644
0.311465
0.0916642
0.084553
0.0080984
0.868679
0.444529
0.292942
0.089583
0.346134
0.0338503
0.000116209
0.707634
0.148516
0.401536
0.69804
0.153679
0.0156964
0.0735933
0.22137
0.32282
0.325609
0.246439
0.000499803
0.163276
0.505125
0.638452
0.148682
0.23108
0.776308
0.178651
0.0384107
0.00885697
0.0163713
0.518753
0.0837549
0.630016
0.2777
0.00610428
0.415364
0.17465
0.367249
0.0203468
0.426272
0.342637
0.598137
0.278986
0.63438
0.387155
0.000133697
0.356171
0.316522
0.160142
0.16415
0.0149451
0.184599
0.350272
0.605763
0.526192
0.0229784
0.656249
0.000885352
0.0227942
0.0934407
0.322198
0.540389
0.254395
0.59981
0.170322
0.332264
0.0912037
0.0034628
0.00228846
0.597536
0.10618
0.359217
0.0194767
0.0435705
0.124643
0.063222
0.0384352
0.0418586
0.217288
0.0524007
0.565734
0.213152
0.119731
0.540468
0.604701
0.585607
0.40619
0.272499
0.00748128
0.227888
0.591608
0.0759567
0.208212
0.0589637
0.572791
0.24747
0.600564
0.113781
0.284958
0.00313164
0.600941
0.285405
0.38958
0.00791357
0.535996
0.120804
0.386147
0.730021
0.0977828
0.0668339
0.000539178
0.552704
0.148814
0.783934
0.419
0.59418
0.00818503
0.484916
0.395704
0.270338
0.416154
0.564783
0.0691427
0.201286
0.186992
0.574688
0.0336219
0.574346
0.102934
0.00396636
0.332707
0.106395
0.540285
0.026019
0.72905
0.438806
0.606849
0.108723
0.00771903
0.211419
0.286132
0.0346685
0.00493298
0.613255
0.233464
0.39583
0.0151779
0.233045
0.00130265
0.13546
0.054772
0.00185032
0.0646953
0.0776853
0.0130343
0.162347
0.325033
0.27637
0.0790339
0.542071
0.185807
0.353987
0.154183
0.593913
0.0339665
0.160117
0.498889
0.0698559
0.578335
0.00118801
0.0604116
0.3176
0.557714
0.00405884
0.279138
0.25422
0.0635066
0.417341
0.286103
0.516184
0.196653
0.413017
0.0463921
0.00128944
0.318142
0.503449
0.0462281
0.0729086
0.00135793
0.0240768
0.352489
0.161595
0.77435
0.171418
0.00577072
0.2554
0.504464
0.210349
0.270975
0.0528799
0.361589
0.0516202
0.173796
0.833147
0.133697
0.184164
0.617158
0.0879271
0.040189
0.0927114
0.120796
0.31739
0.617784
0.207508
0.178918
0.454103
0.000880842
0.000376599
0.53127
0.272996
0.405525
0.0337686
0.224651
0.221166
0.272516
0.059181
0.038715
0.287924
0.313257
0.69265
0.282915
0.00428811
0.00801185
0.651482
0.437979
0.348862
0.0503569
0.381656
0.66217
0.021184
0.088189
0.14005
0.229843
0.0937825
0.0268591
0.481204
0.0404507
0.0123118
0.373635
0.0873539
0.860095
0.273665
0.713512
0.07997
0.00095478
0.081284
0.563453
0.0240272
0.00987145
0.00370225
0.375468
0.603495
0.67709
0.112234
0.000385506
0.0117653
0.000139871
0.0531104
0.0804356
0.00153848
0.288162
0.0627394
0.128586
0.325797
0.301443
0.146416
0.592609
0.230865
0.279125
0.015371
0.402711
0.641418
0.297123
0.0057774
0.542628
0.453169
0.00481882
0.489921
0.302304
0.0769648
0.138509
0.525535
0.176983
0.0308323
0.414648
0.0601098
0.471056
0.0354737
0.637987
0.000248864
0.0133043
0.305784
0.0118636
0.00364823
0.32742
0.136388
0.0152514
0.3017
0.475876
0.427425
0.00421717
0.299673
0.00616786
0.0138046
0.0250949
0.0979884
0.444646
0.144755
0.0649465
0.578797
0.00553506
0.0468471
0.0431292
0.277104
0.655359
0.559493
0.513526
0.262795
0.809938
0.484352
0.272365
0.035931
0.0533894
0.406474
0.00929747
0.000857535
0.305633
0.0398208
0.347126
0.220314
0.687476
0.722606
0.121031
0.012876
0.336534
0.0976543
0.073479
0.207293
0.355927
0.0297781
0.210176
0.368117
0.00827523
0.209956
0.223318
0.442208
0.00157355
0.639052
0.018809
0.289634
0.0531996
0.230851
0.236174
0.0181914
0.030092
0.000170493
0.312835
0.312053
0.0104733
0.264779
0.617942
0.310113
0.404161
0.0154705
0.00563737
0.21881
0.160043
0.668285
0.506053
0.577482
0.314717
0.221009
0.0686842
0.52009
0.00594314
0.0822038
0.416409
0.0126036
0.00157152
0.0654992
0.0196245
0.348701
0.0366496
0.27245
0.288247
0.0554463
0.0324102
0.0395444
0.0111896
0.766061
0.139427
0.0524217
0.50945
0.0680828
0.0492268
0.390948
0.117568
0.256609
0.000292213
0.193416
0.0593851
0.0136334
0.166551
0.583599
0.297839
0.263513
0.00848004
0.667201
0.413953
0.0299493
0.19619
0.513656
0.463154
0.555763
0.330752
0.363113
0.446993
0.475791
0.00023389
0.192182
0.000412669
0.109481
0.0139153
0.0223301
0.0185366
0.659884
0.0308476
0.305844
0.058394
0.771549
0.147547
0.163993
0.578458
0.429245
0.412223
0.116896
0.478701
0.358045
0.370852
0.264152
0.0184074
0.00576328
0.494336
0.359812
0.17951
0.136991
0.021762
0.0258605
0.18018
0.0249206
0.281566
0.478063
0.0962411
0.142465
0.329092
0.561744
0.40843
0.245965
0.2974
0.0235115
0.13337
0.0294189
0.00351431
0.0723688
0.0203566
0.273432
0.211533
0.0556772
0.140208
0.505949
0.555241
0.242828
0.00966659
0.40162
0.00781172
0.599598
0.609124
0.169123
0.18572
0.0085385
0.0470039
0.421948
0.583742
0.726476
0.469328
0.000974104
0.000184027
0.0364218
0.522962
0.0419601
0.182088
0.361415
0.621688
0.136468
6.36831e-05
0.3466
0.0017995
0.323546
0.0610966
0.013172
0.381906
0.0230586
0.485843
0.254237
0.050042
0.0893015
0.0613927
0.0340717
0.480049
0.303045
0.0771792
0.409836
0.000502894
0.171254
0.227343
0.300845
0.322473
0.100786
0.509705
0.0158799
0.0218765
0.235055
0.621057
0.150878
0.0493376
0.0360882
0.586033
0.169062
0.837497
0.301003
0.019087
0.000111456
0.0143815
0.264409
0.00142414
0.249903
0.0020915
0.00381496
0.411355
0.424794
0.035199
0.0744997
0.568143
0.484596
0.0067909
0.439212
0.0963478
0.267069
0.46288
0.129173
0.0090657
0.174727
0.00709543
0.00907308
0.0112926
0.102208
0.294069
0.24335
0.0411293
0.313407
0.0822238
0.0115728
0.593538
0.231361
0.082515
0.464084
0.0960924
0.0807609
0.319974
0.437919
0.118231
0.042765
0.00788453
0.420087
0.302352
0.0234434
0.0643853
0.0352622
0.0413871
0.16788
0.226207
0.00653036
0.611215
0.0795133
0.343633
0.493187
0.410696
0.195026
0.260107
0.299526
0.000328962
0.379128
0.0309023
0.316275
0.419801
0.514316
4.08048e-05
0.0606895
0.20253
0.2964
0.428724
0.201128
0.240374
0.56316
0.0257853
0.687119
0.00266633
0.310989
0.522494
0.6633
6.04639e-06
0.509299
0.225098
0.00993377
0.317648
0.102366
0.278358
0.528088
0.290487
0.463748
0.243022
0.375234
0.417064
0.00822853
0.251423
0.752231
0.0244721
0.312536
0.239713
0.010535
0.52471
0.541336
0.00833981
0.768414
0.441636
0.00933334
0.0506101
0.319015
0.12098
0.316934
0.23773
0.0367639
0.000714272
0.215791
0.359719
0.0395227
0.00021473
0.508558
0.0855533
0.522499
0.335591
0.410808
0.297466
0.191741
0.125898
0.0262078
0.0277822
0.0150182
4.69969e-05
0.00157273
0.0447773
0.365536
0.139254
0.252684
0.0271505
0.196659
0.220194
0.00277059
0.00870708
0.148694
0.574012
0.278709
0.313475
0.179262
0.000140016
0.823129
0.251108
0.326266
0.0133695
0.0124029
0.00488519
0.120424
0.192158
0.122887
0.156769
0.194671
0.51164
0.0334962
0.0244876
0.000455744
0.00434165
0.0281626
0.000422084
0.460342
0.445486
0.0889984
0.0175005
0.00659949
0.129136
0.417887
0.0398532
0.346422
0.281919
0.259118
0.105268
0.29166
0.284756
0.258076
0.00234107
0.523806
0.332419
0.170285
0.206272
0.0128093
0.0149972
0.446917
0.233445
0.0270859
0.258309
0.00925791
0.387422
0.443768
0.351383
0.0156993
0.261954
0.000303604
0.521776
0.516727
0.380835
0.305093
0.0323676
0.00607249
0.204605
0.000557598
0.182676
0.00372815
0.255611
0.00726409
0.450202
0.0869289
0.163644
0.317261
0.014972
0.00219434
0.000279409
0.0474868
0.350233
0.00287553
0.253174
0.0394603
0.0590403
0.00351958
0.296367
0.0121972
0.394588
0.028857
0.258335
0.495844
0.0985722
0.427075
0.643773
0.286609
0.0754234
0.17636
0.583741
0.532952
0.511117
0.33608
0.27643
0.348218
0.316522
0.352776
0.0109508
0.00336065
0.00113191
0.0210515
0.0906884
0.323512
0.0873387
0.00360125
0.120801
0.546594
0.0472614
0.309179
0.00125479
0.0871226
0.307306
0.30412
0.255101
0.417764
0.262432
0.242717
0.178616
0.423253
0.630793
0.744462
0.28973
0.295994
0.108326
0.349571
0.0841086
0.0692758
0.675961
0.11874
0.260485
0.155719
0.00517821
0.00125316
0.666195
0.0473186
0.0406533
0.584254
0.512331
0.508606
0.146004
0.0999731
0.160319
0.260778
0.169098
0.0907028
0.0173135
0.59469
0.271188
0.424957
0.0258614
0.348301
0.698682
0.0501945
0.0200144
3.46844e-05
0.102948
0.0359842
0.163498
0.000499833
0.0958797
0.0276227
0.00369193
0.311917
0.362966
0.610151
0.00384789
0.237088
0.163875
0.0661483
0.0319979
0.0253911
0.55128
0.00811752
0.616261
0.00381287
0.00440913
0.672567
0.00988812
0.0101835
0.395996
0.0303263
0.114689
0.137204
0.0603087
0.00455068
0.552901
0.0661933
0.0396048
0.454712
0.0911808
0.759084
0.586679
0.0543934
0.792323
0.660866
0.0276331
0.0573709
0.00523906
0.348747
0.202111
0.00392255
0.000569853
0.545532
0.00337048
0.161031
0.406736
0.595842
0.122758
0.627658
0.280133
0.45473
0.0327521
0.00643026
0.152508
0.218622
0.628698
0.428911
0.672763
0.0579335
0.258736
0.0553196
0.367186
0.145402
0.0571843
0.313712
0.41414
0.0210368
0.426913
0.24453
0.169871
0.0788041
0.368858
0.281576
0.123408
5.67414e-06
0.0170497
0.437872
0.0145915
0.134916
0.582467
0.0200672
0.0148291
0.267282
0.412386
0.0973769
0.000702452
0.350332
0.0255702
0.224031
0.749882
0.167417
0.364208
0.165502
0.772534
0.00112588
0.270307
0.0137507
0.291013
0.494553
0.122844
0.182317
0.193373
0.0400719
0.0851887
0.0566275
0.145383
0.315298
0.670269
0.0960481
0.42374
0.144058
0.298862
0.0284733
0.565996
0.188893
0.735102
0.000113452
0.222285
0.0668877
0.297985
0.0231332
0.137308
0.0280855
0.0091503
0.0508402
0.198953
0.297051
0.343599
0.0209228
0.317081
0.000991714
0.00216823
0.0136688
0.111528
0.0946683
0.181287
0.00358059
0.113891
0.557003
0.0958336
0.00051697
0.0453853
0.190083
0.812424
0.134955
0.00186491
0.000709724
0.152646
0.149956
0.00600017
0.00209019
0.0422592
0.222696
0.012618
0.00219892
0.00687434
0.0024279
0.00241344
0.251531
0.0726108
0.00861933
0.258864
0.768158
0.0478424
0.30826
0.166776
0.371849
0.14733
0.142183
0.03871
0.310501
0.0234423
0.0925572
0.395207
0.104354
0.232234
0.446116
0.259942
0.179863
0.461318
0.61659
0.0668761
0.388684
0.459663
0.00295344
0.0345855
0.259451
0.000578107
0.718039
0.041558
0.202223
0.010017
0.424456
0.419051
0.0013891
0.267665
0.00648747
0.000363814
0.218511
0.277845
0.439987
0.421773
0.169191
0.0492266
0.00907303
0.641456
0.0001576
0.448911
0.300843
0.00671825
0.013153
0.0128389
0.433248
0.206014
0.0261434
0.583235
0.0254781
0.0507651
0.355062
0.0129368
0.018471
0.562293
0.0311743
0.697075
0.196901
0.155346
0.0668297
0.0318498
0.283541
0.133223
0.279917
0.558262
0.266717
0.71488
0.323658
0.200094
0.606767
0.250279
0.0075701
0.423331
0.125056
0.4496
0.000251143
0.722051
0.0025162
0.0555534
0.0376951
0.0382622
0.516654
0.122585
0.371272
0.0040043
0.00435273
0.365408
0.00173344
0.0986106
0.00357362
0.0208949
0.258153
0.358961
0.024846
0.111132
0.137503
0.137904
0.0123119
0.0563281
0.0695519
0.158796
0.0197954
0.676498
0.000627687
0.238757
0.150965
0.00733271
0.551631
0.213618
0.281248
0.0536398
0.297285
0.10755
0.0647879
0.55582
0.351063
0.0479467
0.501134
0.0335422
0.0572808
0.00156067
0.160832
0.132385
0.0277273
0.416133
0.00564679
0.270588
0.0121758
0.496094
0.0740537
0.418123
0.45753
0.42363
0.154967
0.603629
0.0770678
0.0124495
0.636656
0.0234422
0.68326
0.0131485
0.280518
0.412462
0.04835
0.263404
0.182406
0.368428
0.0436113
0.787138
0.299552
0.69066
0.00283003
0.491999
0.0826953
0.26651
0.123089
0.0701667
0.000718671
0.218701
0.0679675
0.0444572
0.390658
0.204011
0.228806
0.000896337
0.10897
0.0552895
0.0101284
0.389693
0.142501
0.000586482
0.025728
0.0333499
0.000404977
0.11298
0.029831
0.00783589
0.629185
0.416893
0.0138156
0.321929
0.687944
0.0363884
0.308055
0.126785
0.0737549
0.52007
0.544366
0.114746
0.0481746
0.114797
0.00232359
0.0274587
0.0720364
0.300809
0.0592701
0.15243
0.0680439
0.000431309
0.196301
0.380178
0.266142
5.09765e-05
0.591724
0.368753
0.261125
0.000378759
0.250269
0.369735
0.00100369
0.451337
0.0465451
0.0604118
0.571011
0.124249
0.374013
0.107515
0.0378126
0.490475
0.622239
0.517989
0.0474504
0.725732
0.350147
0.450923
0.00423093
0.298539
0.508905
0.000127649
0.0552126
0.0139633
0.0467871
0.0318125
0.872287
0.0135092
0.224123
0.100479
0.617397
0.0279419
0.0156285
0.533764
0.222934
0.72287
0.00665502
0.0775862
0.285676
0.050465
0.513971
0.341446
0.508543
0.0106894
0.19118
0.284987
0.0687709
0.154198
0.00690115
0.0113789
0.309151
0.13274
0.359397
0.297808
0.287141
0.269651
0.370081
0.0261633
0.0121631
0.0446178
0.0173504
0.0862906
0.000311641
0.0547679
0.0644251
0.28163
0.309698
0.0319913
0.0298978
0.186495
0.0482277
0.300454
0.0617385
0.379707
0.430573
0.397399
0.799235
0.000109942
0.435375
0.624995
0.0817194
0.548898
0.325189
0.428009
0.0586994
0.318906
0.0368002
0.105725
0.468141
0.498165
0.660662
0.343164
0.381652
0.418967
0.577905
0.69258
0.276533
0.347216
0.0352484
0.382833
0.00288158
0.00167977
0.377123
0.00347787
0.140322
0.643966
0.0298205
0.277923
0.0175258
0.0018375
0.224086
0.217749
0.254175
0.295298
0.356671
0.824667
0.0513167
0.377368
0.371917
0.0415878
0.734271
0.0314681
0.34932
0.194841
0.00300935
0.252403
0.395414
0.0641659
0.00084999
0.266615
0.000194277
0.0350682
0.655429
0.238081
0.195958
0.471906
0.29005
0.302563
0.385113
0.415742
0.568279
0.337664
0.0782462
0.0953143
0.0415866
0.0198856
0.511006
0.351643
0.0161403
0.432934
0.202752
0.0663316
0.663944
0.187307
0.184603
0.351111
0.321521
0.363041
0.210713
0.155491
0.0115896
0.825806
0.221313
0.0103783
4.10361e-05
0.395352
0.326993
0.311815
0.340529
0.297657
0.128839
0.166295
0.0919496
0.112527
0.000511483
0.0780255
0.0190805
0.683718
0.178033
0.408586
0.583242
0.451696
0.288409
0.686085
0.510149
0.186734
0.078611
0.0791937
0.019325
0.0279516
0.362926
0.0281889
0.283883
0.113268
0.722028
0.229444
0.0591482
0.39019
0.184225
0.349222
0.00184078
0.123571
0.101181
0.223005
0.215442
0.391623
0.196011
0.877621
0.565244
0.0804446
0.31209
0.519591
0.103751
0.277269
0.124104
0.490408
0.289492
0.00412745
0.306013
0.0495314
0.148762
0.695791
0.217333
0.00407428
0.706029
0.205477
0.313546
0.428643
0.412803
0.119347
0.0143338
0.0283238
0.511174
0.00182728
0.0399817
0.0568984
0.254983
0.239011
0.0202295
0.811764
0.233398
0.0147698
0.0309553
0.393419
0.0298233
0.15428
0.0235768
0.263087
0.0198851
0.159228
0.646065
0.0905778
0.00018092
0.431442
0.210792
0.315277
0.111089
0.0762638
0.0921543
0.256349
0.637966
0.33035
0.106803
0.66159
0.361185
0.382961
0.0215097
0.60116
0.349077
0.00496872
0.0470649
0.608471
0.373532
0.005252
0.18549
0.268116
0.015597
0.29966
0.237802
0.0172824
0.12312
0.541727
0.00183646
0.00664758
0.0246057
0.677089
0.498026
0.260427
0.0455489
0.490813
0.0375902
0.217378
0.471844
0.505678
0.62531
0.062424
0.528461
0.386856
0.00804121
0.0646518
0.378299
0.218247
0.0912021
0.510715
0.015764
0.0462562
0.387523
0.613084
0.307182
0.0646888
0.256283
0.284595
0.325264
0.161015
0.118314
0.76308
0.818853
0.397702
0.0395261
0.0667437
0.500027
0.268789
0.765762
0.143548
0.548642
0.066832
0.00273532
0.593246
0.369607
0.10116
0.198777
0.230263
3.61085e-05
0.232043
0.00183397
0.014528
0.295782
0.0110012
0.321356
0.592875
0.215676
0.30417
0.304961
0.266223
0.554856
0.000154795
0.453188
0.00346003
0.115292
0.335326
0.180501
0.00833941
0.00858883
0.0242253
0.0363763
0.25352
0.303816
0.00402108
0.0874938
0.0193051
0.363524
0.320783
0.0991865
0.0491122
0.000644531
9.20921e-05
0.533534
0.440698
0.100253
0.0012577
0.299233
0.436558
0.00609162
0.0432502
0.221901
0.151064
0.250922
0.610553
0.158824
0.00125231
0.37819
0.527581
0.593273
0.345724
0.094939
0.0398205
0.374677
0.516216
0.486635
0.368687
0.446572
0.0713598
0.740523
0.00318791
0.0140851
0.0404112
0.366365
0.0772576
0.0798488
0.155324
0.255062
0.224413
0.0179334
0.305515
0.0256916
0.0645416
0.468429
0.276346
0.0263353
0.0122989
0.171996
0.0142739
0.328475
0.454406
0.0740251
0.0748653
0.0362179
0.338385
0.0067045
0.146202
0.548659
0.207191
0.646373
0.381122
0.0064625
0.0197164
0.025276
0.30052
0.0461938
0.531586
0.00537116
0.10835
0.00117513
0.638997
0.133213
0.115418
0.363013
0.440554
0.362872
0.411999
0.020523
0.133071
0.111936
0.28563
0.567158
0.0341994
0.25335
0.353632
0.452414
0.46766
0.127133
0.668469
0.367206
0.774605
0.347361
0.552625
0.0769344
0.000532616
0.107668
0.119929
0.35264
0.740016
0.00136257
0.395709
0.300481
0.0374052
0.00188631
0.533411
0.0802936
0.0588958
0.547185
0.418909
0.120195
0.380709
0.416572
0.735808
0.259971
0.328767
0.0493545
0.0258689
0.356238
0.414716
0.182185
0.052779
0.112123
0.279287
0.482531
0.307637
0.214536
0.212452
0.042326
0.00605927
0.0474611
0.019247
0.514625
0.00635877
0.112186
0.664765
0.158137
0.00387358
0.183946
0.388644
0.648893
0.0915237
0.034731
0.642336
0.281077
0.300653
0.312394
0.134536
0.0213707
0.387926
0.111033
0.210453
0.012963
0.140025
0.293482
0.133562
0.174975
0.367818
0.267861
0.0061949
0.0117851
0.029261
0.0480318
0.00116474
0.51959
0.182941
0.316367
0.0018044
0.124202
0.124491
0.00167771
0.423024
0.386387
0.109657
0.293516
0.338208
0.00222197
0.239605
0.0627178
0.377135
0.102496
0.255868
0.470922
0.0211256
0.0438619
0.211198
0.00994541
0.0186192
0.00907624
0.854859
0.306647
0.124727
0.300968
0.747029
0.403324
0.0293504
0.0106126
0.0258681
0.00170559
0.0610522
0.645842
0.000279673
0.814713
0.448558
0.000884992
0.43232
0.51256
0.382522
0.713581
0.0331914
0.381045
0.254881
0.000853569
0.591286
0.644536
0.60965
0.288335
0.00316177
0.0126846
0.0357015
0.108053
0.0123401
0.0206979
0.125488
0.332527
0.00974809
0.724645
0.124854
0.520713
0.4767
0.213784
0.0952085
0.226796
0.544343
0.443821
0.16724
0.140304
0.18113
0.0550802
0.271756
0.807417
0.0179909
0.329522
0.324616
0.687483
0.248698
0.129552
0.472239
0.0443839
0.0141168
0.283034
0.302058
0.0258092
0.211073
0.155237
0.217904
0.00200394
0.120838
0.00606554
0.470565
0.00227278
0.405823
0.512182
0.091532
0.389691
0.575525
0.0732333
0.414145
0.270912
0.125675
0.0882987
0.000794413
0.499637
0.00356503
0.0483229
0.328032
0.411351
0.320303
0.0774237
0.184814
0.262311
0.458349
0.304458
0.0159201
0.253298
0.308531
0.423604
0.0825102
0.0547902
0.0274385
1.5038e-05
0.54264
0.0628511
0.0412
0.637514
0.420493
0.266942
0.3049
0.163017
0.474162
0.394405
0.848675
0.681881
0.209592
0.407188
0.516204
0.0509192
0.397384
0.03511
0.350803
0.447967
0.0347063
0.526017
0.0208738
0.299958
0.0253375
0.0710158
0.145367
0.415241
0.289819
0.32266
0.0103417
0.00643546
0.301597
0.29695
0.00547489
0.363617
0.10819
0.334117
0.696067
0.00941591
0.000579788
0.506816
0.0781853
0.000229098
0.0113053
0.0580958
0.309313
0.26448
0.0707423
0.185927
0.0419233
0.385986
0.0112458
0.0210648
0.108933
0.242526
0.321815
0.303849
0.0730098
0.439078
0.000301453
0.0795963
0.369489
0.610046
0.0126423
0.511468
0.62654
0.633715
0.200719
0.390259
0.185201
0.0258937
0.234536
0.421567
0.0214186
0.00719568
0.314409
0.219756
0.01524
0.00192889
0.00105673
0.331289
0.556112
0.30619
0.1514
0.340383
0.814076
0.359653
0.640187
0.478963
0.650682
0.0268983
0.0529059
0.0519595
0.408809
0.304827
0.393384
0.258742
0.306865
0.229667
0.0476595
0.238543
0.165017
0.558316
0.393912
0.14587
0.236583
0.326902
0.000911233
0.0265522
0.504227
0.029597
0.702575
0.585656
0.398322
0.577568
0.287158
0.446361
0.775246
0.0536927
0.0891596
0.0122819
0.065798
0.012654
0.00212718
0.514168
0.330146
0.16597
0.260004
0.209225
0.315137
0.0770292
0.119176
0.0247445
0.761661
0.14505
0.515436
0.212649
0.314633
0.392081
0.217215
0.0425543
0.0275657
0.273264
0.0445923
0.00207387
0.0517689
0.000661796
0.154149
0.2982
0.396929
0.201173
0.072698
0.00598739
0.397593
0.00222982
0.303235
0.0373945
0.0912383
0.303106
0.121964
0.0045321
0.0305987
0.0417903
0.18982
0.254537
0.0611718
0.0381766
0.0625473
0.0449746
0.523092
0.106304
0.00263668
0.523436
0.219235
0.12009
0.0050711
0.0327602
0.00650746
0.00469878
0.261506
0.375589
0.00181152
0.210502
0.0019738
0.225654
0.403217
0.29841
0.16174
0.0387446
0.121194
0.00150597
0.512556
0.175841
0.607278
0.0780384
0.389474
0.252317
0.348607
0.101927
0.3687
0.325176
0.00503458
0.0125047
0.0179741
0.0808007
0.110666
0.477086
0.320289
0.254476
0.0549443
0.727418
0.431858
0.325091
0.0127676
0.274153
0.134164
0.00347719
0.00623183
0.326593
0.0205972
0.000909679
0.285471
0.151183
0.120551
0.390188
0.00869133
0.192716
0.00153688
0.216488
0.5681
0.0812408
0.452093
0.0104156
0.00150582
0.166108
0.024248
0.280699
0.255816
0.400544
0.0215426
0.102329
0.390978
0.573931
0.000884383
0.306054
0.512203
0.374872
0.22837
0.362978
0.577422
0.152191
0.193432
0.763632
0.0119022
0.0199012
0.0761501
0.187309
0.373839
0.102572
0.168828
0.150066
0.134368
0.000340126
0.31916
0.616599
0.0390716
0.078062
0.466088
0.445982
0.41197
0.446977
0.31728
0.467564
0.00323042
0.436154
0.400006
0.708462
0.361636
0.146736
0.449218
0.43815
0.0877902
0.016259
0.224045
0.181963
0.404511
0.791179
0.547349
0.702404
0.0549624
0.705534
0.450849
0.51442
0.494481
0.336609
0.150005
0.273417
0.231053
0.00355962
0.00812459
0.0061529
0.271064
0.0967591
0.385146
0.436993
0.202691
0.00974433
0.140451
0.336807
0.586181
0.388531
0.208913
0.00148961
0.0186187
0.0310217
0.00488404
0.452396
0.467701
0.12985
0.222951
0.214463
0.00975284
0.3133
0.522011
0.690365
0.382572
0.639907
0.51475
0.39564
0.55025
0.0905196
0.296151
0.0131964
0.466139
0.277675
0.0131471
0.0591447
0.308474
0.408055
0.663642
0.150324
0.39904
0.0444347
0.0984357
0.496266
0.503215
0.00381235
0.0497114
0.356299
0.0849314
0.0019134
0.22684
0.179336
0.00101575
0.023236
0.815224
0.508497
0.0113157
0.0599133
0.249578
0.405417
0.0196069
0.484622
0.218525
0.291177
0.254669
0.0423695
0.220664
0.0272997
0.227001
0.12663
0.156505
0.814346
0.176888
0.553285
0.130057
0.301991
0.162284
0.0652291
0.193803
0.528354
0.263896
0.325284
0.149271
0.03671
0.26061
0.0827423
0.451913
0.412224
0.167986
0.00797311
0.00834204
0.0448925
0.216445
0.356267
0.584101
0.0690324
0.0897942
0.452094
0.193914
0.0909515
0.714721
0.303018
0.000193964
0.00408384
0.256746
0.000270024
0.103801
0.177281
0.203933
0.767486
0.545923
0.358616
0.0397784
0.531613
0.311864
0.342944
0.0086862
0.396401
0.0603676
0.296251
0.0499187
0.024879
0.039072
0.593107
0.00450978
0.00100068
0.0256111
0.146235
0.00607599
0.111146
0.452224
0.0159644
0.267636
0.304602
0.0108905
0.454238
0.0351618
0.0263422
0.371193
0.39495
0.445019
0.372489
0.0301461
0.149418
0.152474
0.431643
0.170736
4.98926e-05
0.499294
0.00376944
0.194501
0.0341957
0.00763142
0.178112
0.54955
0.298218
0.265495
0.000390635
0.0526857
0.595481
0.373363
0.00714629
0.258752
0.558282
0.39159
0.457378
0.454586
0.158292
0.487607
0.307098
0.333827
0.412279
0.408364
0.00398459
0.0318644
0.0487405
0.271918
0.0417182
0.424534
0.362247
0.14197
0.459015
0.621915
0.037736
0.205819
0.395038
0.0985654
0.0053863
0.00994679
0.358867
0.0260962
0.198329
0.506841
0.410501
0.0526949
0.656497
0.102291
0.505786
0.290323
0.0168032
0.0237382
0.00345217
0.000910999
0.0162204
0.727315
0.228763
0.0506064
0.250064
0.561374
0.00565944
0.58646
0.158424
0.000139567
0.270267
0.599215
0.350227
0.502895
0.551086
0.330221
0.551458
0.269813
0.297482
0.545337
0.0468227
0.46677
0.373144
0.287246
0.175337
0.122843
0.362136
0.321294
0.144525
0.154846
0.510788
0.00394111
0.03856
0.0549763
0.898508
0.00124089
0.728446
0.0119293
0.151662
0.128544
0.384033
0.0419098
0.0188186
0.238208
0.106216
0.0574298
0.261822
0.200132
0.00492693
0.138533
0.168849
0.0194763
0.262226
0.452387
0.0409012
0.000350141
0.000365317
0.100741
0.0061242
0.49004
0.00543899
0.0867398
0.112161
0.292404
0.290609
0.0460308
0.0911873
0.543244
0.00210197
0.0777637
0.0124438
0.318672
0.549813
0.180197
0.134587
0.48169
0.554826
0.0956025
0.341541
0.00604871
0.399924
0.585182
0.328529
0.215029
0.0451916
0.676567
0.0835502
0.728469
0.0403677
0.259087
0.055953
0.0296038
0.0459168
0.55866
0.193429
0.162143
0.17993
0.500394
0.105685
0.277312
0.00203614
0.0258113
0.497061
0.0326238
0.314026
0.522056
0.278675
0.0631349
0.53863
0.544975
0.000130841
0.561361
0.457593
0.576585
0.423126
0.698595
0.429412
0.353462
0.298339
0.0930771
0.564584
0.164811
0.288421
0.00302441
0.00657169
0.584685
0.149219
0.00293545
0.289628
0.502743
0.143389
0.236821
0.288174
0.00218325
0.317362
0.0278733
0.169656
0.0127499
0.0860657
0.147529
0.0162086
0.613523
0.386599
0.00728574
0.0373908
0.613977
0.245569
0.465859
0.496389
0.000748564
0.0229595
0.503305
0.166815
0.674164
0.0950272
0.304187
0.0969047
0.244846
0.00240869
0.0277633
0.149405
0.0121626
0.0647129
0.0244694
0.0959529
0.365972
0.317736
0.352187
0.00485592
0.599306
0.03445
0.219435
0.00299492
0.00185003
0.0140195
0.595487
0.373761
0.192411
0.54532
0.0943842
0.0767116
0.00172232
0.589729
0.408104
0.029837
0.515002
0.12161
0.10889
0.394353
0.278698
0.104222
0.259262
0.187697
0.104382
0.254685
0.043635
0.446227
0.00165863
0.014935
0.483672
0.276715
0.694452
0.472569
0.379477
0.451801
0.066022
0.115385
0.001142
0.356913
0.00925911
0.105324
0.228888
0.0170468
0.0171187
0.0472276
0.353806
0.0514779
0.00194199
0.13855
0.39923
0.0385235
0.232574
0.261214
0.403853
0.754315
0.0150024
0.0307203
0.046182
0.510695
0.315716
0.00118912
0.419948
0.171699
0.148999
0.00060455
0.0524253
0.00833154
0.261111
0.224137
0.101793
0.273081
0.469032
0.0058924
0.566988
0.391917
0.000113891
0.423525
0.00922126
0.295956
0.741629
0.757182
0.351516
0.134564
0.452814
0.092345
0.000459752
0.668673
0.0397351
0.283358
0.0384086
0.00455861
0.023354
0.502644
0.0467603
0.01803
0.0383165
0.652056
0.0447106
0.598332
0.142955
0.196338
0.250616
0.178272
0.298836
0.00786129
0.0196797
0.00289429
0.580002
0.14721
0.377553
0.318367
0.0230806
0.00217393
0.488891
0.000265131
0.130361
0.175751
0.428258
0.0119127
0.162646
0.408596
0.371239
0.366287
0.00646083
0.0222576
0.473044
0.554208
0.260195
0.000442589
0.0026203
0.236399
0.184132
0.00847833
0.110018
0.518601
0.288092
0.14772
0.0110013
0.267934
0.00569028
0.346447
0.155149
0.0881349
0.01062
0.00341166
0.25524
0.0933095
0.136671
0.511947
0.366804
0.158933
0.0736199
0.56742
0.230279
0.290942
0.0366778
0.468204
0.156496
0.00860564
0.454213
0.306807
0.743639
0.0348675
0.0918845
0.570706
0.235958
0.454717
0.784613
0.613368
0.19296
0.229739
0.0552448
0.0389659
0.266662
0.635562
0.0304609
0.302229
0.0746199
0.246064
0.449909
0.198773
0.106581
0.397556
0.209412
0.0261065
0.0391024
0.431141
0.670248
0.0780394
0.00551452
0.0512049
0.00953969
0.38431
0.395292
0.119678
0.0962852
0.0760587
0.128067
0.0224533
0.00450627
0.373115
0.304686
0.357556
0.574887
0.526933
0.0126791
0.433016
0.00946843
0.0555273
0.625664
0.549082
0.124348
0.248454
0.396123
0.327701
0.106312
0.00168416
0.0342051
0.047233
0.237781
0.000715346
0.785266
0.573885
0.489805
0.068377
0.149601
0.111999
0.503183
0.164087
0.2849
0.0181673
0.00233742
0.252163
0.482641
0.42836
0.524827
0.00117258
0.00885245
0.608165
0.002867
0.0155793
0.439164
0.661556
0.00575561
0.31897
0.495207
0.290942
0.755218
0.325635
0.198002
0.150641
0.135126
0.00987623
0.256313
0.164598
0.0838136
0.691603
0.00116158
0.220199
0.110131
0.0275044
0.0695639
0.593396
0.28969
0.00747979
0.306936
0.165685
0.731262
0.0263903
0.68404
0.0261238
0.621072
0.366295
0.311258
0.0988448
0.314102
0.00348664
0.551799
0.494413
0.562921
0.0492261
0.568015
0.227939
0.00807834
0.077776
0.300738
0.312022
0.0811346
0.815432
3.05319e-05
0.237838
0.629135
0.0283694
0.0241289
0.192599
0.818473
0.438134
0.0365118
0.442752
0.163776
0.168269
0.312009
0.481783
0.124389
0.349016
0.315956
0.141101
0.0129396
0.312859
0.174168
0.285662
0.301828
0.395319
0.473651
0.802943
0.00648054
0.274049
0.226237
0.78661
0.465183
0.301135
0.234914
0.372476
0.226218
0.447365
0.0311341
0.0490749
0.225225
0.0449488
0.00105076
0.585193
0.0172243
0.346898
0.0917581
0.19483
0.438586
0.0028676
0.202408
0.104521
0.0525579
0.263292
0.148918
0.284935
0.439042
0.120533
0.107155
0.35237
0.361605
0.268953
0.37592
0.450604
0.236001
0.308192
0.00955982
0.365706
0.28463
0.157398
0.367768
0.796299
0.111335
0.164826
0.626186
0.165295
0.0139344
0.00610159
0.154296
0.00521547
0.0314208
0.0294628
0.321033
0.0153437
0.283451
0.280922
0.00134733
0.256983
0.529193
0.434089
0.137708
0.264036
0.51183
0.120612
0.00821611
0.0143994
0.0249095
0.247928
0.477251
0.199274
0.349643
0.226099
0.547834
0.0161052
0.0794192
0.0258759
0.252784
0.199927
0.229155
0.00991832
0.399961
0.242204
0.00010432
0.0541331
0.0407396
0.108221
0.000970034
0.0180274
0.370421
0.633733
0.244778
0.351254
0.862622
0.143891
0.249984
0.300997
0.144322
0.00800965
0.528843
0.0018068
0.174319
0.585485
0.123899
0.315326
0.617548
0.448404
0.0557271
0.00423071
0.00226501
0.295978
0.439528
0.637797
0.000517623
0.0265243
0.0125093
0.0167382
0.103971
0.266937
0.186631
0.205425
0.625194
0.0213524
0.309723
0.118634
0.00964586
0.117086
0.226973
0.00409916
0.268161
0.454096
0.0894454
0.37643
0.127261
0.104241
0.645064
0.347972
0.237543
0.460631
0.228585
0.686461
0.305108
0.450377
0.730927
0.21113
0.188147
0.830288
0.102112
0.1012
0.291738
0.0414514
0.282164
0.572622
0.70639
0.508643
0.210635
0.054667
0.00411891
0.303175
0.123203
0.0683222
0.00640062
0.580005
0.259765
0.00964387
0.382044
0.00737983
0.0211157
0.308758
0.299933
0.705947
0.263529
0.0236956
0.000589207
0.106645
0.18954
0.231493
0.00873555
0.113904
0.0243424
0.810524
0.340093
0.019308
0.0310767
0.801375
0.00737086
0.46784
0.44643
0.0905868
0.0138557
0.00287575
0.675128
0.00259328
0.017978
0.781594
0.382446
0.000156827
0.314081
0.227766
0.325528
0.0869343
0.151053
0.432939
0.00367844
0.610421
0.0219891
0.155591
0.0107265
0.0195105
0.420723
0.117084
0.049568
0.0278563
0.36703
0.00885639
0.344353
0.00884506
0.26143
0.169082
0.231175
0.539659
0.687403
0.136832
0.205044
0.329007
0.0607286
0.447041
0.48796
0.502751
0.418381
0.139393
0.424775
0.0375836
0.0978987
0.326707
0.00572957
0.0866595
0.408392
0.0211035
0.805179
0.000326604
0.221989
0.361289
0.462008
0.448166
0.00017028
0.659228
0.616819
0.0919854
0.133303
0.0669915
0.745173
0.223051
0.000191677
0.0584275
0.516319
0.0113588
0.825678
0.0318871
0.166792
0.650958
0.182351
0.000864365
0.0177564
0.520581
0.354403
0.0172069
0.353286
0.0108956
0.699421
0.00803601
0.000286183
0.00181656
0.0453782
0.00612834
0.158828
0.164095
0.524244
0.301018
0.0979075
0.0211253
0.0056301
0.101479
0.0117002
0.68577
0.158948
0.47191
0.185059
0.0921528
0.0426824
0.0401948
0.192468
0.605133
0.0103273
0.0277906
0.471512
0.0752436
0.0409813
0.335958
0.0421585
0.558193
0.306398
0.365502
0.00081621
0.7481
0.154065
0.225268
0.608463
0.0371883
0.17188
0.768957
0.0119994
0.23936
0.377757
0.375288
0.226423
0.313378
0.275421
0.720663
0.457253
0.232485
0.522378
0.62166
0.247963
0.0631866
0.0161738
0.540671
0.441637
0.0629331
0.120182
0.645725
0.234963
0.188411
0.366732
0.783604
0.0438576
0.547189
0.57106
0.0459141
0.368666
0.340201
0.513678
0.355517
0.214224
0.341358
0.151131
0.29452
0.308255
0.101733
0.000232205
0.65949
0.00259578
0.530741
0.028064
0.202433
0.395786
0.00904669
0.0406055
0.208962
0.0480497
0.496144
0.174511
0.267474
0.297624
0.755144
0.704652
0.414602
0.0892091
0.433975
0.441695
0.230939
0.62752
0.0336517
0.499048
0.221313
0.246661
0.000782167
0.347107
0.207148
0.50987
0.503714
0.499933
0.397647
0.275843
0.34445
0.0309099
0.00715591
0.0290211
0.000251951
0.2295
0.30952
0.0620038
0.658653
0.0269114
0.0476562
0.0206359
0.577453
0.155026
0.436071
0.176903
0.16041
0.155801
0.0969828
0.261125
0.0591712
0.00883102
0.612192
0.152438
0.486161
0.357419
0.320459
0.361652
0.108675
0.135658
0.165193
0.0313765
0.717838
0.502145
0.505067
0.661562
0.0364975
3.05762e-05
0.11889
0.757336
0.581787
0.0139928
0.280941
0.393584
0.41042
0.0267716
0.40856
0.0112971
0.0800393
0.347598
0.469027
0.401858
0.0378317
0.0924121
0.679907
0.377265
0.153873
0.182954
0.343039
0.373416
0.0130087
0.033688
0.0269852
0.00901757
0.267016
0.173239
0.174144
0.279632
0.31677
0.689675
0.188841
0.00601447
0.150762
0.139038
0.297787
0.514269
0.275626
0.00123383
0.45325
0.0322645
0.431466
0.392093
0.000738615
0.347052
0.287445
0.0263882
0.793401
0.0270614
0.284757
0.198623
0.458062
0.0149443
0.0857744
0.0505056
0.0134441
0.450857
0.39153
0.22563
0.364633
0.00112303
0.0852258
0.0044615
0.311471
0.0612316
0.486717
0.0426578
0.0427019
0.663241
0.125189
0.301208
0.0966415
0.488206
0.0116644
0.172859
0.0370631
0.0405777
0.0215276
0.600772
0.705219
0.0372747
0.105145
0.882681
0.170754
0.44286
0.00192449
0.661422
0.108296
0.477577
0.142615
0.216664
0.318215
0.335595
0.120857
0.0378206
0.0182192
0.0456928
0.0610539
0.334683
0.00314306
0.0028693
0.33441
0.135907
0.618603
0.0477182
0.169287
0.210006
0.245248
0.174803
0.02508
0.164653
0.00330407
0.0411222
0.0205626
0.3082
0.0351462
0.165861
0.202374
0.0391363
0.00120506
0.187035
6.09212e-05
0.768356
0.599173
0.334808
0.19481
0.340472
0.208699
0.0844842
0.6324
0.290687
0.0158114
0.508809
0.21459
0.00229589
0.215786
0.122494
0.185779
0.0690781
0.516063
0.0205647
0.298837
0.484751
0.191892
0.0194001
0.0211014
0.802704
0.509518
0.355662
0.603527
0.481175
0.0218927
0.0760602
0.0137009
9.96182e-05
0.303781
0.00200678
0.00144311
0.228128
0.212638
0.0294883
0.220313
0.188085
0.00538665
0.00749037
0.0279977
0.51953
0.43653
0.52385
0.476422
0.0705966
0.0911078
0.00346873
0.0765651
0.663259
0.300722
0.292475
0.196234
0.0440501
0.0729733
0.0624915
0.000446945
0.407956
0.16254
0.281992
0.247406
0.0391806
0.251531
0.483499
0.247228
0.31112
0.480662
0.597873
0.0089401
0.445309
0.50875
0.0647487
0.316394
0.0454223
0.322398
0.000166429
0.112495
0.16004
0.744703
0.266299
0.0094073
0.0043617
0.0154577
0.00615707
0.00575383
0.0996177
0.415076
0.374956
0.371156
0.031013
0.133695
0.240001
0.0669908
0.185748
0.189506
0.0123055
0.299816
0.0072861
0.549993
0.311706
0.583478
0.101123
0.242494
0.545308
0.0975532
0.497117
0.0901612
0.00158615
0.0363029
0.154421
0.208563
0.246234
0.621398
9.18883e-05
0.680879
0.0937069
0.183593
0.165773
0.584252
0.197921
0.640225
0.0248167
0.00559615
0.0315997
0.445967
0.0911903
0.00270292
0.249423
0.458795
0.353933
0.532089
0.223996
0.00393395
0.00017264
0.393316
0.461197
0.102291
0.0419773
0.0798774
0.221859
0.0466746
0.547511
0.0227022
0.101751
0.607611
0.629486
0.453331
0.0579895
0.448945
0.30095
0.381906
0.25779
0.360927
0.14077
0.157485
0.380316
0.017992
0.126451
0.60888
0.597612
0.113809
0.341727
0.133232
0.0240238
0.142919
0.832542
0.0445784
0.413193
0.0433664
0.0336963
0.423757
0.0206351
0.0683942
0.307095
0.435415
0.360297
0.44806
0.214289
0.507614
0.275367
0.296828
0.315369
0.460894
0.333207
0.673988
0.0946651
0.336195
0.217793
0.360482
0.107271
0.0256899
0.262446
0.161002
0.106745
0.0920869
0.460652
0.30569
0.383642
0.0342267
0.00729609
0.518546
0.450556
0.366269
0.0953567
0.508105
0.070519
0.0129696
0.0269946
7.36614e-05
0.5542
0.00121564
0.864493
0.0637395
0.0950166
0.284677
0.277678
0.120538
0.396652
0.0270569
0.0261562
0.0935103
0.571105
0.00744108
0.587485
0.0147542
0.264047
0.00588595
0.383767
0.181296
0.0438445
0.0151222
0.344738
0.0989789
0.0220528
0.00344241
0.400445
0.111862
0.101893
0.260948
0.0333689
0.458266
0.115783
0.320801
0.0537165
0.103507
0.191248
0.687362
0.245306
0.0804703
0.3469
0.145539
0.0712093
0.14893
0.15355
0.0996717
0.00340393
0.577559
0.175137
0.177877
0.0852409
0.341544
0.418534
0.0235695
0.171476
0.00286309
0.273558
0.0226255
0.112105
0.325869
0.00806453
0.0115461
0.00152542
0.0397961
0.659846
0.43012
0.180401
0.00581912
0.372312
0.0591073
0.327048
0.0253965
0.336575
0.38064
0.372641
0.418331
0.19855
0.0681689
0.55072
7.67063e-05
0.120328
0.00799138
0.0528911
0.434796
0.189788
0.127922
0.280035
0.0509857
0.10883
0.0489472
0.365421
0.0684868
0.472733
0.000612465
0.510973
0.0238883
0.0863073
0.196515
0.113045
0.388109
0.173983
0.264568
0.0156272
0.545833
0.475881
0.4432
0.329258
0.522529
0.36311
0.0319235
0.0338059
0.409314
0.170544
0.0157907
0.3129
0.410143
0.182136
0.0242937
0.614753
0.255811
0.430914
0.127401
0.194631
0.138659
0.577639
0.278238
0.140645
0.515822
0.652858
0.173749
0.709481
0.0589947
0.10947
0.0739262
0.0187065
0.0349219
0.00152428
0.817056
0.523632
0.325296
0.00233816
0.296486
0.00135248
0.443041
0.0344755
0.257453
0.53207
0.397766
0.112085
0.29512
0.503555
0.469246
0.25154
0.312733
0.495113
0.27646
0.194649
0.764151
0.00756565
0.268396
0.0596629
0.441435
0.000896905
0.293923
0.593433
0.371395
0.193306
0.0168981
0.203276
0.113415
0.059068
0.364846
0.0125112
0.486863
0.0018353
0.0489237
0.0683385
0.2467
0.0884753
0.380449
0.316205
0.146004
0.139498
0.00882692
0.306093
0.00294381
0.447609
0.00644792
0.0497635
0.0318039
0.327809
0.00863154
0.00359652
0.0405924
0.0942394
0.0378745
0.252385
0.538504
0.21376
0.129254
0.25296
0.0515431
0.0124437
0.118612
0.417733
0.553528
0.0464577
0.160198
0.110042
0.170021
0.514116
0.280934
0.289903
0.301278
0.25481
0.319902
0.178177
0.438632
0.16692
0.245587
0.134003
0.412562
0.0236373
0.491218
0.00228819
0.480491
0.448575
0.620406
0.260393
0.000938076
0.0627381
0.000918083
0.839945
0.235658
0.166676
0.727025
0.134431
0.165105
0.298704
0.18099
0.00534107
0.0380596
0.0184075
0.0181779
0.737888
0.549616
0.302717
0.657012
0.0134067
0.0407848
0.597704
0.00307192
0.0278253
0.385049
0.0169334
0.00719939
0.149105
0.305558
0.186725
0.515309
0.324863
0.238481
0.523921
0.0248087
0.448365
0.445399
0.45975
0.332915
0.100414
0.88088
0.552703
0.000953952
0.0317164
0.0241965
0.0301799
0.324789
0.12575
0.567262
0.026871
0.322344
0.076216
0.123701
0.105057
0.00645391
0.0148571
0.0787025
0.432076
0.0227744
0.10457
0.19727
0.0392981
0.0682185
0.162727
0.00248809
0.572072
0.695148
0.314541
0.105281
0.19201
0.337221
0.0818894
0.058964
0.0694884
0.116036
0.120044
0.269196
0.500037
0.328239
0.172093
0.210314
0.257393
0.120585
0.212664
0.373683
0.512491
0.0431668
0.333201
0.267737
0.193374
0.513594
0.0481762
0.0498376
0.0215326
0.350419
0.00744488
0.219714
0.000350948
0.0260168
0.661942
0.0788588
0.0195811
0.212074
0.551856
0.0156856
0.103628
0.292053
0.660044
0.0328198
0.455503
0.0228163
0.460002
0.195465
0.0747258
0.00211506
0.0638322
0.234746
0.272914
0.206864
0.4381
0.0760834
0.0229935
0.403308
0.438276
0.0554591
0.000664322
0.00162785
0.16533
0.00473708
0.00661191
0.258345
0.00466284
0.0676895
0.383099
0.100573
0.0773064
0.328183
0.0297971
0.316558
0.339692
0.203056
0.582451
0.016468
0.0385198
0.12536
0.326377
0.074165
0.0394802
0.219999
0.570626
0.160519
0.000935514
0.307743
0.358753
0.65
0.206982
0.714956
0.126795
0.0301729
0.569482
0.0147775
0.247897
0.0148601
0.0842976
0.216058
0.772875
0.303514
0.282967
0.00708976
0.218979
0.00400962
0.00831698
0.114563
0.0101289
0.151913
0.00286998
0.0254882
0.000404352
0.0591937
0.0068518
4.32468e-05
0.460886
0.00617615
0.0524028
0.536143
0.654086
0.073987
0.0200781
0.682223
0.0544703
0.391307
0.397338
0.611683
0.00889796
0.000406471
0.185429
0.771718
0.00622891
0.804223
0.0888478
0.0192284
0.629947
0.538738
0.300065
0.014038
0.333168
0.00784293
0.402938
0.203259
0.12966
0.00143085
0.0223574
0.000890133
0.412761
0.269019
0.0573803
0.00271685
0.0120251
0.00623389
0.200301
0.381399
0.0956827
0.0945644
0.331156
0.0346217
0.00174148
0.633177
9.04551e-05
0.314776
0.39646
0.187486
0.0181275
0.204951
0.105895
0.0370506
0.318158
0.13103
0.278572
0.0269798
0.14425
0.0292523
0.00988289
0.358524
0.0501437
0.248743
0.241302
0.193931
0.0805276
0.388244
0.0701406
0.567938
0.0321496
0.185729
1.25114e-05
0.0184159
0.00698334
0.0883061
0.409886
0.260616
0.72921
0.296299
0.00166131
0.358456
0.684345
0.470671
0.0556396
0.224978
0.0985228
0.198846
0.0638257
0.136886
0.0475813
0.21178
0.661112
0.25206
0.00109732
0.193214
0.325412
0.234243
0.012185
0.360254
0.595398
0.116087
0.55999
0.214337
0.0391886
0.248323
0.0138608
0.166539
0.0462731
0.00592339
0.367528
0.455479
0.0375982
0.618307
0.493026
0.0294305
0.104824
0.0457412
0.608037
0.199753
0.182924
0.0700669
0.253381
0.0522123
0.060688
0.243179
0.608104
0.184001
0.440842
0.0992371
0.0197131
0.0421495
0.38381
0.00569107
0.00200544
0.00232414
0.000465534
0.0862685
0.00319963
0.268042
0.754003
0.369057
0.00207575
0.0893366
0.212969
0.0240054
0.197664
0.00124164
0.0178222
0.00277156
0.0848978
0.763769
0.0112412
0.363739
0.222026
0.487736
0.503567
0.14324
0.328158
0.60818
0.378874
0.013313
0.00774032
0.0519931
0.038991
0.448741
0.415009
0.0817485
0.17944
0.101919
0.00370023
0.507154
0.0260727
0.555318
5.71749e-05
0.598559
0.258744
0.2032
0.00863436
0.203209
0.118045
0.00360052
0.116288
0.34921
0.00162285
0.249163
0.0112468
0.0728203
0.108502
0.00181394
0.0779725
0.39164
0.176359
0.150544
0.597771
0.370835
0.042374
0.474841
0.188774
0.209311
0.0746472
0.264238
0.202786
0.236284
0.463892
0.0449381
0.332759
0.467793
0.0772344
0.155865
0.115626
0.497113
0.376212
0.339185
0.274474
0.296177
0.577002
0.53976
0.326671
0.57942
0.0090399
0.343493
0.194067
0.0132918
0.308586
0.39672
0.0506844
0.00338898
0.0143375
0.29785
0.543022
0.675603
0.106747
0.507885
0.00258782
0.0451988
0.273796
0.0962444
0.220895
0.611296
0.237
0.0526737
0.412808
0.111386
0.00295243
0.21201
0.000124403
0.208749
0.0164674
0.00732517
0.60098
0.276743
0.318221
0.0186143
0.178865
0.100419
0.339402
0.51851
0.0063377
0.483976
0.505416
0.0650099
0.00708702
0.00648077
0.165293
0.371677
0.239868
0.235372
0.38806
0.346026
0.562505
0.00334256
0.61775
0.354376
0.267141
0.317816
0.745013
0.388482
0.169392
0.090368
0.0298392
0.606741
0.317085
0.424966
0.127289
0.000617949
0.0522442
0.327047
0.0479289
0.297777
0.000534248
0.452885
0.0324721
0.330209
0.0876733
0.0930177
0.0662737
0.0640909
0.0150228
0.0144283
0.0294286
0.746641
0.153999
0.00369019
0.721631
0.69061
0.0133694
0.252362
0.0549743
0.447988
0.0441302
0.294109
0.0150055
0.0907637
0.236738
0.00707788
0.290438
0.29738
0.192788
0.0153092
0.519074
0.00316907
0.0264151
0.0791511
0.37698
0.411144
0.0178894
0.0961692
0.292499
0.349849
0.166592
0.0577202
0.324551
0.693689
0.179086
0.0166344
0.388496
0.0667401
0.000190835
0.848939
0.00124898
0.0929374
0.525632
0.0490294
0.267025
0.415448
0.0779787
0.0134659
0.419225
0.289434
0.0876743
0.0476681
0.0108829
0.184097
0.0146659
0.363949
0.615613
0.00381597
0.00109162
0.000226681
0.109037
0.0493101
0.047273
0.276502
0.583873
0.150092
0.0378015
0.0406395
0.00787232
0.205691
0.147081
0.12374
0.267765
0.0622073
0.000484489
0.818418
0.751663
0.84817
0.514095
0.0558117
0.185587
0.0617029
0.319646
0.0274605
0.848492
0.150734
0.0797874
0.160901
0.121332
0.186269
0.514403
0.190056
0.0326838
0.0897828
0.00912917
0.00406332
0.131813
0.00545112
0.350957
0.176109
0.568084
0.468989
0.105327
0.0912284
0.0566237
0.299223
0.175389
0.266647
0.17656
0.429006
0.514868
0.0750827
0.173981
0.679404
0.0537831
0.14438
0.563791
0.493302
0.4595
0.0264492
0.755027
0.528851
0.314571
0.0392017
0.57048
0.320843
0.619561
0.307141
0.0303248
0.336248
0.020971
0.0150658
0.260871
0.63236
0.751532
0.319568
0.273475
0.131334
0.324145
0.102762
0.07642
0.152313
0.287013
0.605808
0.205374
0.299341
0.182483
0.176061
0.00316919
0.283303
0.0100113
0.722768
0.371345
0.077502
0.25681
0.0110422
0.00229749
0.00787518
0.0532386
0.0398763
0.107029
0.00470117
0.01657
0.096865
0.453252
0.0182858
0.0975916
0.273168
0.471182
0.371719
0.399252
0.401909
0.321766
0.0249072
0.331329
0.333566
0.0157089
0.0135612
0.321348
0.0109962
0.254935
0.126228
0.119912
0.00024065
0.309489
0.147732
0.011216
0.533943
0.357891
0.25309
0.355759
0.0703423
0.147126
0.00273205
0.677981
0.10925
0.0420157
0.486791
0.335923
0.13326
0.707782
0.00583764
0.267321
0.0713134
0.0221529
0.0192113
0.517435
0.151059
1.04514e-05
0.292353
0.263183
9.48781e-05
0.0957993
0.0221612
0.249805
0.121046
0.274768
0.336342
0.500118
0.00609496
0.501998
0.234065
0.21971
0.320077
0.843215
0.30543
0.259241
0.412555
0.00197328
0.340183
0.259964
0.279539
0.540343
0.000180181
0.904764
0.0314956
0.0217511
0.153279
0.170802
0.287538
0.811138
0.150259
0.514097
0.0956362
0.0161305
0.00637667
0.356938
0.166737
0.0161888
0.0092577
0.204426
0.30968
0.572087
0.0611727
0.305502
0.0684201
0.150338
0.498846
0.107959
0.366137
0.304621
0.300385
0.081043
0.0145776
0.403387
0.806204
0.451143
0.0824785
0.0138201
0.0106417
0.415468
0.0729609
0.632615
0.532843
0.112426
0.401318
0.0748819
0.111439
0.2918
0.261332
0.214666
0.26855
0.0983741
0.0387115
0.724898
0.1625
0.136713
0.30803
0.27609
0.617162
0.698904
0.0677772
0.0367352
0.0621745
0.373841
0.00527398
0.552449
0.106567
0.74729
0.53266
0.224798
0.266465
0.65358
0.396532
0.425769
4.86608e-05
0.238731
0.416366
0.0450803
0.009484
0.254306
0.00800515
0.721475
0.0590719
0.157741
0.654033
0.205113
0.33222
0.284899
0.441522
0.393016
0.441696
0.367779
0.375492
0.0951113
0.239208
0.101719
0.298168
0.00538305
0.0191627
0.480547
0.724068
0.181287
0.54004
0.0831312
0.163606
0.391279
0.301433
0.334022
0.138769
0.63572
0.00799599
0.345028
0.601954
0.326661
0.0192833
0.0771614
0.283362
0.267525
0.414468
0.639547
0.0314831
0.0459889
0.00900083
0.0329824
0.449413
2.4895e-05
0.342973
0.0383857
0.353524
0.436992
0.190799
0.560785
0.0943106
0.00033016
0.131775
0.00155578
0.332969
0.316311
0.508464
0.681697
0.0440881
0.014379
0.236078
0.182728
0.00438264
0.370807
0.00741698
0.132595
0.428411
0.00217637
0.301814
0.368334
0.00413321
0.881082
0.249991
0.0572922
0.347946
0.0659545
0.0186113
0.0112488
0.0219731
0.550583
0.0738189
0.164411
0.209068
0.429008
0.5778
0.358778
0.620744
0.0330471
0.0922274
0.200449
0.249397
0.173829
0.0884423
0.384622
0.0264575
0.0708579
0.137498
0.603719
0.521643
0.0132901
0.0019908
0.273175
0.0284416
0.0548925
0.622641
0.424438
0.633615
0.178183
0.0525169
0.476751
0.171251
0.0175814
0.435346
0.187168
0.197618
0.104355
0.305701
0.358046
0.761454
0.233393
0.782337
0.159161
0.294173
0.113757
0.234039
0.148702
0.0086547
0.0492179
0.349054
0.499179
0.107251
0.419108
0.0397576
0.453928
0.579675
0.720067
0.782762
0.093078
0.49114
0.430367
0.0301586
0.225506
0.532222
0.27629
0.0606773
0.173917
0.409136
0.550402
0.84092
0.301759
0.0569123
0.540315
0.00834612
0.0642499
0.588357
0.316068
0.40862
0.0159941
0.207753
0.329555
0.0477716
0.393093
0.00508968
0.196441
0.347715
0.78879
0.0801203
0.0182156
0.00430915
0.818586
0.000345264
0.175278
0.271844
0.460138
0.386217
0.106283
0.250891
0.0878982
0.316247
0.873209
0.0049223
0.00522276
0.0451237
0.21807
0.250851
0.497766
0.208628
0.0344825
0.501507
0.0725311
0.197449
0.275336
0.0075876
0.206158
0.0897617
0.00167119
0.0187992
0.295865
0.0263666
0.521278
0.066675
0.640836
0.0109376
0.698953
0.0989814
0.303889
0.534881
0.000558267
0.00459401
0.343674
0.213218
0.475389
0.209669
0.220124
0.52439
0.216168
0.0311064
0.744232
0.0207502
0.00712281
0.341082
0.248755
0.00332859
0.0626581
0.338539
0.425497
0.344429
0.172198
0.00478042
0.00486807
0.298706
0.351276
0.185922
0.812936
0.13679
0.0190042
0.269801
0.232732
0.456622
0.0395821
0.09106
0.1644
0.140692
0.361943
0.0471917
0.188385
0.135065
0.633218
0.431122
0.313154
0.0104998
0.65463
0.0490406
0.0255561
0.425427
0.081975
0.0387446
0.000484903
0.307574
0.335293
0.00516381
0.192604
0.594471
0.402307
0.15662
0.215845
0.159583
0.089309
0.00521784
0.100645
0.273678
0.611529
0.000786047
0.0481915
0.500705
0.179935
0.185708
0.167215
0.0214883
0.153517
0.539516
0.111063
0.345605
0.201007
0.393042
0.667132
0.269758
0.0455081
0.0154939
0.709324
0.563449
0.637592
0.022415
0.226545
0.00421307
0.453115
0.0873467
0.106908
0.298288
0.356959
0.0057131
0.291256
0.143298
0.469807
0.19955
0.516461
0.287106
0.223605
0.0159379
0.238379
0.192662
0.619338
0.0142792
0.452262
0.744816
0.17223
0.532038
0.526522
0.0607535
0.35682
0.0409836
0.273671
0.583379
0.000350482
0.126106
0.00170355
0.228948
0.419786
0.00296843
0.860881
0.255198
0.595509
0.0273624
0.0041167
0.161292
0.194066
0.412912
0.00994589
0.266574
0.343606
0.0405317
0.155999
0.43339
0.225127
0.441747
0.139662
0.363254
0.125748
0.0165975
0.203573
0.236184
0.127113
0.106964
0.870504
0.253801
0.295264
0.404899
0.438243
0.154133
0.127146
0.285015
0.0529573
0.123986
0.249887
0.355932
0.744987
0.776629
0.321013
0.0126248
0.729145
0.0610084
0.315648
0.13766
0.294241
0.0934565
0.170049
0.595945
0.403323
0.0512183
0.00446921
0.153142
0.0612733
0.284671
0.392912
0.59781
0.249592
0.00190353
0.0160304
0.153668
0.233097
0.0584664
0.272118
0.112587
0.298633
0.0394438
0.0990521
0.297979
0.0763347
0.868898
0.0296266
0.568439
0.619262
0.200605
0.108803
0.335132
0.00249724
0.31745
0.488629
0.44954
0.295594
0.0946153
0.128888
0.425797
0.46852
0.601609
0.476588
0.161599
0.273388
0.0362354
0.601001
0.56687
0.0688395
0.213272
0.197692
0.313657
0.392577
0.16688
0.400101
0.316935
0.0296215
0.369427
0.404509
0.0841877
0.360346
0.859365
0.0149355
0.78658
0.423201
0.138818
0.00756516
0.346097
0.379456
0.288252
0.486722
0.210388
0.123126
0.0497712
0.0962015
0.157026
0.0038541
0.0308827
0.0787188
0.234541
0.208821
0.000224601
0.592585
0.108651
0.000234191
0.255506
0.482108
0.60984
0.122427
0.00130443
0.319508
0.145939
0.561993
0.213656
0.00637433
0.175913
0.0222803
0.0436636
0.378633
0.534716
0.183673
0.0133738
0.478895
0.220717
0.0373233
0.0186115
0.185612
0.00331623
0.0198047
0.0386593
0.052125
0.132874
0.00065032
0.376628
0.000542052
0.488393
0.797403
0.117749
0.587153
0.00410349
0.170623
0.485391
0.652489
0.864374
0.00182032
0.308118
0.26955
0.635726
0.324703
0.693528
0.372234
0.000828614
0.0625479
0.0373208
0.138017
0.3293
0.627794
0.606657
0.054821
0.0379624
0.726284
8.43816e-05
0.00955449
0.395052
0.167527
0.259673
0.0448839
0.164296
0.180222
0.0356816
0.299917
0.0271653
0.730675
0.137877
0.166968
0.340908
0.249567
0.000895888
0.00535481
0.427736
0.50172
0.0399529
0.550953
0.00248389
0.100805
0.00975277
0.580914
0.59748
0.00207389
0.332752
0.468767
0.0170975
0.277184
0.548479
0.043631
0.471155
0.00802576
0.42386
0.0576356
0.290408
0.430008
0.502853
0.122068
0.00345278
0.45261
0.263745
0.495001
0.488269
0.460579
0.326398
0.599945
0.137894
0.00745502
0.31113
0.163117
0.22436
0.441076
0.000452273
0.565165
0.426571
0.0859324
0.0622609
0.144164
0.290783
0.156649
0.122045
0.243874
0.175512
0.229987
0.288394
0.759319
0.537046
0.0201918
0.0192977
0.015697
0.0019509
0.047085
0.0101833
0.500197
0.045768
0.0610148
0.000451679
0.0593681
0.0990379
0.682623
0.15729
0.0964674
0.0438191
0.52569
0.0640094
0.667338
0.480827
0.0152201
0.0261969
0.189379
0.258857
0.000998596
0.015772
0.0190774
0.184626
0.76162
0.199471
0.370311
0.000355695
0.103566
0.17373
0.296269
0.00283465
0.591592
0.438924
0.4406
0.730251
0.599587
0.535773
0.0114596
0.573406
0.221461
0.000782469
0.188624
0.316751
0.252343
0.0523788
0.0974486
0.0861123
0.219139
0.00808851
0.439144
0.299867
0.407393
0.61658
0.408142
0.101165
0.084893
0.198677
0.483437
0.0314598
0.0991812
0.471611
0.095346
0.410363
0.26044
0.189059
0.0124053
0.0450396
0.716091
0.102071
0.00346477
0.000963756
0.0106123
0.459886
0.0123403
0.309915
0.0254118
0.365409
0.429782
0.21798
0.0969409
0.3433
0.0146778
0.0570363
0.0798396
0.185086
0.00512791
0.0737137
0.264164
0.106708
0.0120745
0.234201
0.107037
0.21765
0.0158855
0.40821
0.0035187
0.0307578
0.547111
0.102421
0.00482834
0.392991
0.122596
0.586631
0.0150188
0.36008
0.245691
0.290952
0.479645
0.117596
0.210276
0.168723
0.0470407
0.00696032
0.188994
0.184948
0.333537
0.0231773
0.00338081
0.481258
0.0358492
0.653217
0.352436
0.117911
0.31177
0.430826
0.466961
0.183077
0.181954
0.189083
0.532116
0.102309
0.213851
0.334493
0.336528
0.456904
0.276355
0.418735
0.00119086
0.352008
0.132102
0.0393711
0.34389
0.210395
0.262504
0.181477
0.205441
0.260459
0.0270094
0.377344
0.204715
0.10487
0.143955
0.483397
0.517016
0.422504
0.180055
0.151414
0.022208
0.000254149
0.471936
0.412372
0.155947
0.250029
0.0838413
0.150136
0.258393
0.436999
0.262999
0.0565216
0.194226
0.000186227
0.0241879
0.131619
0.0656028
0.492765
0.369422
0.00609687
0.221725
0.275522
0.00343127
0.291656
0.00129553
0.370275
0.379895
0.000574546
0.260848
0.00545396
0.22514
0.20222
0.542942
0.60259
0.23332
0.0755276
0.72527
0.255919
0.357222
0.30007
0.160152
0.537736
0.0398686
0.496738
0.109777
0.7428
0.00173024
0.0036593
0.0143704
1.03048e-05
0.000234824
0.071613
0.435092
0.0148475
0.620347
0.255086
0.329367
0.553126
0.416266
0.00628695
0.656666
0.308886
2.46963e-05
0.00138699
0.67071
0.454217
0.441659
0.0638892
0.06244
0.490967
0.669796
0.431656
0.134469
0.255393
0.000156337
0.339264
0.00060132
0.412156
0.493944
0.0138128
0.12522
0.684553
0.0570894
0.308502
0.296799
0.546633
0.312754
0.25944
0.00700682
0.0835389
0.642007
0.41932
0.358337
0.304969
0.079617
0.0299628
0.745312
0.079169
0.224975
0.118042
0.32203
0.158445
0.273229
0.553754
0.110426
0.00968907
0.331161
0.651202
0.314346
0.0241564
0.0241335
0.0177475
0.18597
0.285707
0.533958
0.23225
0.297477
0.000283151
0.0607839
0.0023204
9.05187e-05
0.121289
0.209374
0.154854
0.021795
0.301276
0.463042
0.408066
0.402464
0.0130702
0.402628
0.305617
0.0461953
0.0148045
0.0148168
0.043452
0.0254834
0.00319961
0.191404
0.107673
0.0416316
0.0738465
0.325462
0.346828
0.0187007
0.272004
0.0936164
0.0227442
0.0407681
0.0421468
0.0124661
0.386546
0.275893
0.0714231
0.669849
0.0432632
0.465047
0.311362
0.163319
0.628294
0.0667883
0.408745
0.0826508
0.495357
0.352967
0.338339
0.0400666
0.599172
0.347492
0.615478
0.163199
0.0168996
0.036007
0.0385471
0.0127528
0.470346
0.109322
0.0129973
0.125783
0.332415
0.105108
0.0110114
0.0607097
0.0203097
0.14071
0.0785455
0.372671
0.0484561
0.340498
0.240847
0.558286
0.355726
0.529427
0.201045
0.000230337
0.479205
0.216933
0.172412
0.384463
0.00409053
0.787428
0.0107305
0.157535
0.227413
0.315147
0.394917
0.520479
0.28203
0.11109
0.0687167
0.00166157
0.44057
0.0802169
0.130971
0.312721
0.371593
0.027134
0.0547833
0.356652
0.608731
0.552779
0.0989763
0.00664775
0.00460039
0.00604425
0.282845
0.164713
0.116703
0.335592
0.362805
0.154201
0.0925773
0.685335
0.0864964
0.679314
0.247709
0.414598
0.0434198
0.52768
0.541073
0.451814
0.323003
0.167828
0.772694
0.263135
0.028452
0.0542251
0.316175
0.213722
0.150015
0.0149957
0.233098
0.108709
0.232039
0.38052
0.53979
0.345187
0.266748
0.0073207
0.330701
0.637783
0.0220156
0.353831
0.00909951
0.00160169
0.391922
0.0754983
0.10079
0.0664244
0.13056
0.103934
0.0251114
0.288449
0.0285969
0.267094
0.490934
0.57125
0.00908126
0.00165344
0.627431
0.0683222
0.367462
0.524436
0.289952
0.393297
0.0438984
0.466668
0.175662
0.178767
0.0452283
0.430591
0.523119
0.00099851
0.509924
0.00222767
0.0953506
0.234929
0.666717
0.380543
0.372007
0.312698
0.446777
0.105142
0.0283569
0.746323
0.0110265
0.488739
0.374725
0.741944
0.294874
0.0624013
0.0164916
0.00647078
0.424701
0.218794
0.0864239
0.218242
0.0019074
0.168203
0.776681
0.0394716
0.579994
0.801292
0.523893
0.00212307
0.011675
0.000530406
0.123683
0.0342755
0.0561031
0.781855
0.257233
0.291536
0.00530615
0.322556
0.251735
0.324821
0.016018
0.00504928
0.215649
0.0145961
0.159016
0.381123
0.00831516
0.23153
0.0122181
0.018949
0.0157755
0.069804
0.346459
0.00940031
0.0290525
0.163895
0.417367
0.0308233
0.411578
0.15343
0.0917596
0.0390551
0.142841
0.0268531
0.319226
0.0544917
0.0830045
0.0688577
0.00286555
0.525157
0.688625
0.133115
0.496297
0.159328
0.674129
0.428403
0.800905
0.3504
0.446017
0.0360174
0.284583
0.189458
0.343954
0.0355008
0.0579128
0.0193131
0.308723
0.460655
0.0557998
0.684977
0.285067
0.286901
0.238296
0.499483
0.122104
0.107169
0.0120016
0.000872114
0.060765
0.0142075
0.205271
0.554183
0.354994
0.170526
0.436107
0.447716
0.323282
0.0390795
0.638472
0.421243
0.0120332
0.0266499
0.496468
0.503411
0.0175329
0.0218325
0.0393946
0.37872
0.127505
0.0479849
0.0760355
0.098152
0.159332
0.0280128
0.100891
0.311608
0.120572
0.339118
0.058676
0.0179372
0.0477182
0.341838
0.426081
0.40426
0.0166655
0.172059
0.0600645
0.0380684
0.215516
0.00415024
0.00502416
0.0981647
0.297981
0.012472
0.124185
0.00054868
0.520671
0.356268
0.227701
0.235313
0.656888
0.259053
0.0431336
0.0340141
0.632442
0.513637
0.479002
0.0088192
0.319153
0.527062
0.0376741
0.345752
0.47087
0.688868
0.344518
0.0463769
0.00134555
0.0329477
0.374173
0.423941
0.551047
0.0297174
0.0187888
0.0391861
0.323412
0.281784
0.0846205
0.24175
0.000400159
0.176622
0.00154242
0.316707
0.0451418
0.258375
0.163554
0.0263893
0.00569309
0.0485463
0.157994
0.293231
0.0557105
0.0399437
0.736105
0.149514
0.132705
0.0169902
0.626479
0.137882
0.32032
0.00220642
0.213153
0.757852
0.0300469
0.197288
0.178197
0.033549
0.000184917
0.0245819
0.0933293
0.295989
0.128515
0.298216
0.0269271
0.00240134
0.607696
0.0544583
0.256602
0.0656507
0.0047887
0.352553
0.315377
0.00224336
0.000119739
0.0216458
0.455932
0.0383653
0.0326416
0.113901
0.665487
0.044823
0.284076
0.5321
0.333913
0.000912925
0.6284
0.573641
0.274457
0.101103
0.0952223
0.263977
0.00729076
0.0497812
0.528862
0.0177055
0.154786
0.532643
0.62701
0.745824
0.455074
0.00500629
0.276479
0.00495438
0.00592753
0.480105
0.288046
0.000210133
0.0123914
0.254048
0.381642
0.000490836
0.0127209
0.295611
0.130612
0.568506
0.0429807
0.131883
0.179324
0.0364992
0.362647
0.00413847
0.0258704
0.0262027
0.11435
0.0421253
0.233228
0.0155468
0.326196
0.144979
0.646564
0.303947
0.0728148
0.646972
0.070931
0.00621839
0.478697
0.0493997
0.0297044
0.609288
0.532574
0.803322
0.0272713
0.0201931
0.0161093
0.596225
0.348182
0.371978
0.273666
0.137239
0.00336813
0.294119
0.0522437
0.0708325
0.102021
0.030022
0.130478
0.00660408
0.332956
0.300056
0.0387225
0.310434
0.366982
0.0142041
0.0352525
0.0182614
0.30714
0.0162323
0.266312
0.64077
0.00138493
0.607665
0.262296
0.349623
0.206338
0.0397712
0.0386501
0.0327248
0.0214094
0.105402
0.115652
0.354215
0.13479
0.125796
0.0647374
0.32234
0.289539
0.168678
0.0291443
0.255845
0.0832351
0.0057038
0.0569422
0.0109979
0.291501
0.0209264
0.169204
0.470386
0.400432
0.226514
0.541053
0.248098
0.5715
0.423247
0.0811848
0.0806406
0.305323
0.0307411
0.62379
0.487386
0.472521
0.136158
0.205761
0.205938
0.464041
0.270803
0.0127336
0.000334901
0.619187
0.266309
0.345868
0.000871012
0.303173
0.358792
0.203219
0.0462567
0.306467
0.237824
0.23528
0.18508
0.396997
0.248832
0.0160426
0.00283392
0.245806
0.499513
0.143528
0.177202
0.203817
0.156387
0.0138317
0.0583001
0.0832571
0.651924
0.370178
0.610163
0.575399
0.0915147
0.627006
0.713632
0.266056
0.169032
0.150891
0.0344535
0.21509
0.00949078
0.00258745
0.609055
0.456723
0.114368
0.292653
0.0271119
0.00233543
0.342004
0.00181008
0.0748655
0.0155492
0.622969
0.078618
0.451285
0.362142
0.0203403
0.456806
0.401396
0.113263
0.1041
0.442457
0.0462865
0.394278
0.611554
0.286982
0.00652164
0.314088
0.112099
0.25839
0.743146
0.203106
0.621892
0.543663
0.0474448
0.0620655
0.316347
0.168443
0.0088294
0.359355
0.000536092
0.00222213
0.694339
0.00892047
0.0309673
0.222678
0.0655838
0.0481091
0.576274
0.00754547
0.21873
0.0084142
0.00256141
0.588031
0.356016
0.199721
0.155103
0.292654
0.64229
0.593794
0.303274
0.436127
0.0793116
0.0422384
0.000429889
0.378974
0.241753
0.533379
0.0513878
0.422593
0.434809
0.301206
0.00906218
0.3918
0.329956
0.142366
0.0880441
0.604004
0.206118
0.00363045
0.176721
0.00252887
0.44156
0.00530497
0.273638
0.0717619
0.131161
0.0519606
0.0599809
0.0550559
0.157949
0.473354
0.0823138
0.110163
0.460507
0.457143
0.393185
0.632499
0.211023
0.00658759
0.735877
0.0512919
0.567232
0.00781386
0.794276
0.363885
0.323783
0.153187
0.447825
0.294814
0.0241115
0.308537
0.607493
0.318854
0.0131197
0.192099
0.589937
0.653008
0.54789
0.0670627
0.0274225
0.283058
0.230208
0.0477621
0.114087
0.251614
0.199181
0.504116
0.000116496
0.608936
0.347933
0.463925
0.288804
0.113291
0.497134
0.261206
0.344327
0.411917
0.0618625
0.357549
0.615764
0.236524
0.00493129
0.101188
0.163746
0.456261
0.214106
0.00858631
0.0300526
0.578235
0.333074
0.13298
0.00966248
0.0238573
0.0615738
0.241142
0.529063
0.463236
0.00435726
0.011471
0.482113
0.763815
0.306667
0.282284
0.603629
0.159788
0.79043
0.212012
0.423712
0.00021474
0.324402
0.390125
0.236302
0.00617493
0.454983
0.0777788
0.0153059
0.102573
0.389285
0.0107676
0.194863
0.758943
0.256122
0.218891
0.000168184
0.360379
0.430534
0.893022
0.210317
0.00473552
0.00240955
0.231672
0.00497967
0.00312884
0.0109951
0.624609
0.180794
0.089224
1.53495e-05
0.100227
0.510338
0.152089
0.809162
0.435834
0.00338541
0.678123
0.269811
0.202924
0.0216664
0.307536
0.534189
0.017129
0.127876
0.0067296
0.571203
0.16537
0.264352
0.186129
0.000540868
0.394761
0.469232
0.280568
0.158919
0.1237
0.0918114
0.00343054
0.0578179
0.642257
0.0169562
0.0231163
0.00261029
0.130756
0.00810946
0.38575
0.273441
0.0737517
0.52151
0.180646